2625192
1
	-15.7001505	65.5477901
	-15.6223912	65.5238451
	-15.5766609	65.5067348
	-15.5234434	65.4896617
	-15.4877409	65.4685253
	-15.484619	65.466635
	-15.4414658	65.4404914
	-15.3103018	65.4745422
	-15.2552787	65.4608766
	-15.1864246	65.4427628
	-15.1026253	65.4412485
	-14.9860351	65.454117
	-14.9113444	65.4662228
	-14.8760985	65.4906673
	-14.8512276	65.5085487
	-14.7783586	65.5115694
	-14.7776514	65.5317384
	-14.7744757	65.5661777
	-14.7728935	65.6035318
	-14.7198534	65.6045068
	-14.6362642	65.6042842
	-14.5807571	65.6197177
	-14.5342477	65.6336127
	-14.5059027	65.6796807
	-14.486756	65.6877954
	-14.4435663	65.7060935
	-14.4016469	65.7241175
	-14.3855973	65.7304205
	-14.3831701	65.7309299
	-14.3817647	65.7312773
	-14.3803928	65.7318638
	-14.3801747	65.7335393
	-14.37811	65.7346099
	-14.3760784	65.734751
	-14.375148	65.7366174
	-14.3707382	65.7372699
	-14.3704906	65.7387888
	-14.3695042	65.7395275
	-14.36679	65.7396801
	-14.3658499	65.7400599
	-14.3642899	65.7405701
	-14.3620801	65.7409887
	-14.3614102	65.74209
	-14.3632271	65.7433307
	-14.3629301	65.7450401
	-14.3612282	65.7451599
	-14.3607561	65.7465163
	-14.3596381	65.7469345
	-14.3580084	65.748486
	-14.3537401	65.7513574
	-14.3516461	65.7512832
	-14.3501388	65.7506478
	-14.3499542	65.7527448
	-14.3518155	65.7529764
	-14.3519981	65.7539678
	-14.3496762	65.7541629
	-14.3479645	65.755703
	-14.3492239	65.7567709
	-14.3488665	65.7605747
	-14.3469201	65.7633801
	-14.344202	65.7640714
	-14.3431401	65.7652799
	-14.3431301	65.76579
	-14.3422887	65.76631
	-14.3417277	65.7678256
	-14.3399301	65.76923
	-14.33868	65.76935
	-14.33743	65.76986
	-14.3354537	65.7713065
	-14.3352056	65.7718476
	-14.3350554	65.772015
	-14.334932	65.7722329
	-14.3345779	65.772464
	-14.3343687	65.7725477
	-14.3340683	65.7725851
	-14.3338805	65.7725411
	-14.3338645	65.7726203
	-14.3336445	65.7726379
	-14.3333387	65.7726049
	-14.3331671	65.7725521
	-14.3330491	65.7724904
	-14.3327969	65.7724288
	-14.3326199	65.772387
	-14.3324	65.7723077
	-14.3320835	65.7723452
	-14.3318796	65.7724134
	-14.3320566	65.7725015
	-14.3320245	65.7725829
	-14.3319869	65.77266
	-14.3320727	65.7727898
	-14.3321854	65.7728867
	-14.3324161	65.7729461
	-14.3326199	65.7729901
	-14.3328345	65.773109
	-14.3330705	65.7732455
	-14.3331778	65.7733842
	-14.3331832	65.7735317
	-14.3331188	65.7736329
	-14.3329954	65.7737826
	-14.3327808	65.7741018
	-14.3324375	65.7743857
	-14.3322069	65.7746807
	-14.3318582	65.7749184
	-14.3315899	65.7749845
	-14.3312573	65.7752222
	-14.3311286	65.7753498
	-14.3309087	65.7754533
	-14.3308121	65.7755391
	-14.3305653	65.7757042
	-14.3304312	65.7758495
	-14.330222	65.7759485
	-14.3300557	65.7761466
	-14.3299753	65.7762303
	-14.329927	65.7762941
	-14.3297929	65.7763425
	-14.3296588	65.7763865
	-14.3295515	65.776457
	-14.3293798	65.7765428
	-14.329176	65.7766859
	-14.3290472	65.7768003
	-14.3289506	65.7769236
	-14.3287522	65.7772141
	-14.3286341	65.777366
	-14.3285805	65.777454
	-14.3284893	65.7775398
	-14.3284249	65.7777401
	-14.328543	65.7778722
	-14.3286341	65.7779074
	-14.3287951	65.7779382
	-14.3289185	65.7780174
	-14.3289346	65.7781253
	-14.3289346	65.7782749
	-14.3291116	65.7784554
	-14.3292671	65.7784928
	-14.3294066	65.7785588
	-14.3293208	65.7785963
	-14.3292081	65.7786513
	-14.3292725	65.7787305
	-14.3292135	65.7788692
	-14.3291223	65.778999
	-14.3289453	65.7790386
	-14.3286181	65.7791575
	-14.3284142	65.7793225
	-14.3282747	65.7794678
	-14.3283016	65.7796768
	-14.3283606	65.7798375
	-14.3284947	65.7800334
	-14.3286234	65.7801082
	-14.3288434	65.7802072
	-14.3292135	65.7802864
	-14.3295193	65.7804405
	-14.3296427	65.7805703
	-14.3296105	65.7806518
	-14.3294549	65.7807728
	-14.3294978	65.7808432
	-14.3294925	65.7809092
	-14.3294066	65.7810017
	-14.329412	65.7812327
	-14.3293959	65.7813317
	-14.3294442	65.7814506
	-14.3296963	65.781488
	-14.3299645	65.781543
	-14.3300021	65.7816222
	-14.3300933	65.781719
	-14.3302596	65.7817785
	-14.3304205	65.7819897
	-14.3304098	65.7821592
	-14.3301523	65.7823572
	-14.3300021	65.7824254
	-14.3297339	65.7824364
	-14.3294978	65.7824078
	-14.329235	65.7824628
	-14.3291384	65.7825178
	-14.3290848	65.7826169
	-14.329192	65.7827027
	-14.3294174	65.7827071
	-14.3297768	65.7827071
	-14.3299753	65.7827709
	-14.3301308	65.7828787
	-14.3301952	65.7830878
	-14.3301684	65.783464
	-14.330281	65.7838997
	-14.3302327	65.7840427
	-14.3301201	65.7841836
	-14.3299055	65.784276
	-14.329589	65.7844828
	-14.3295729	65.7847204
	-14.3292993	65.7848811
	-14.3292189	65.7847622
	-14.3289346	65.7847226
	-14.3288541	65.7849097
	-14.3285859	65.7849339
	-14.3284839	65.7853519
	-14.3286663	65.7854443
	-14.3288863	65.7852947
	-14.3290258	65.7853607
	-14.329235	65.7854773
	-14.3295515	65.7854245
	-14.3298036	65.7854993
	-14.3303186	65.7855499
	-14.3306834	65.7855895
	-14.3307102	65.785869
	-14.3306619	65.786045
	-14.3305385	65.7862122
	-14.3303347	65.7863002
	-14.3303561	65.786375
	-14.3303937	65.7863684
	-14.3306565	65.7863024
	-14.3308175	65.7861946
	-14.3309623	65.7860714
	-14.3310696	65.7859262
	-14.3311018	65.7857678
	-14.3311018	65.7856225
	-14.331311	65.7854685
	-14.3316543	65.7853145
	-14.3317026	65.7853849
	-14.3316865	65.7855653
	-14.3317884	65.7857788
	-14.3321317	65.7859614
	-14.3323088	65.786034
	-14.3324697	65.786166
	-14.3326145	65.7863222
	-14.3326521	65.7864498
	-14.3325341	65.7865422
	-14.3324161	65.7866852
	-14.3323785	65.7868414
	-14.3323356	65.7870086
	-14.3324375	65.7871605
	-14.332518	65.7873519
	-14.3325609	65.7875433
	-14.332872	65.7879283
	-14.3333012	65.7883045
	-14.3335211	65.7889953
	-14.3336606	65.7889865
	-14.3339074	65.7889205
	-14.3341059	65.7888215
	-14.3341756	65.7887027
	-14.3341434	65.7885091
	-14.3341702	65.7883661
	-14.3344277	65.7882803
	-14.3344277	65.7880603
	-14.3344599	65.7879459
	-14.3345404	65.7878975
	-14.3346262	65.7878931
	-14.3347603	65.7878535
	-14.3348676	65.7877149
	-14.3349052	65.7875213
	-14.3350285	65.7873783
	-14.3351734	65.7873365
	-14.3355006	65.7873651
	-14.3356347	65.7874443
	-14.3355703	65.7875939
	-14.3354523	65.7877765
	-14.3353719	65.7880625
	-14.3356937	65.7881835
	-14.3360853	65.7883265
	-14.3364716	65.7884255
	-14.3367237	65.7884035
	-14.3369275	65.7883441
	-14.3371636	65.7882363
	-14.3372119	65.7880603
	-14.337287	65.7878931
	-14.3378341	65.7878601
	-14.3380112	65.7877875
	-14.3382204	65.7876907
	-14.3385583	65.7876621
	-14.3387675	65.7877589
	-14.3389285	65.7879085
	-14.3390572	65.7880339
	-14.3393362	65.7880713
	-14.3395668	65.7879877
	-14.3396473	65.7878821
	-14.3396634	65.7877435
	-14.3399209	65.7876555
	-14.340114	65.7874817
	-14.3400818	65.7872529
	-14.3403661	65.7871847
	-14.3409133	65.7872595
	-14.3411493	65.7873453
	-14.3413639	65.7873937
	-14.3416697	65.7874091
	-14.341836	65.7873541
	-14.3423832	65.7873299
	-14.3429732	65.7872749
	-14.3436492	65.7872133
	-14.3437511	65.7871759
	-14.3438906	65.7871011
	-14.344132	65.7870615
	-14.3444485	65.7870879
	-14.344722	65.7871187
	-14.3450922	65.7870791
	-14.3455106	65.7870791
	-14.346031	65.7871473
	-14.3463904	65.7872485
	-14.3468195	65.7873783
	-14.347415	65.7874971
	-14.3476617	65.7874069
	-14.3479407	65.7873893
	-14.3480426	65.7874003
	-14.3482465	65.7873981
	-14.3487293	65.7873079
	-14.349153	65.7872683
	-14.3498558	65.7872485
	-14.3502474	65.7872243
	-14.3506497	65.7871891
	-14.3510306	65.7871297
	-14.3514168	65.7870483
	-14.3521518	65.786903
	-14.3526238	65.7868524
	-14.3532407	65.7868744
	-14.353525	65.7869272
	-14.3537611	65.7870174
	-14.3540669	65.7870967
	-14.3546033	65.7871143
	-14.3548554	65.7870703
	-14.3549144	65.7870218
	-14.3549359	65.786936
	-14.3549895	65.786859
	-14.355247	65.7867754
	-14.3553329	65.7867446
	-14.3556494	65.7866962
	-14.3559927	65.7866588
	-14.3563414	65.7866214
	-14.3565828	65.7866412
	-14.356792	65.786628
	-14.3570709	65.786584
	-14.3571192	65.786507
	-14.3571729	65.7863992
	-14.3574303	65.786353
	-14.3579668	65.7863134
	-14.358294	65.7863442
	-14.358514	65.7863596
	-14.3587607	65.7863464
	-14.3589538	65.7862936
	-14.3592328	65.786243
	-14.3595922	65.7861968
	-14.3599141	65.7861506
	-14.3604344	65.7861506
	-14.3606436	65.7861154
	-14.3608743	65.7860934
	-14.3613142	65.7861154
	-14.3617541	65.7861572
	-14.3621296	65.7862408
	-14.362725	65.7864058
	-14.3629503	65.786507
	-14.3632561	65.7865642
	-14.3634492	65.7865598
	-14.3635404	65.7864872
	-14.3637228	65.786441
	-14.3640554	65.7863926
	-14.3644416	65.7864014
	-14.3647313	65.7863728
	-14.3650049	65.7863266
	-14.3652624	65.7862936
	-14.3656969	65.7862892
	-14.3660671	65.7863288
	-14.3663943	65.786276
	-14.3665606	65.7861792
	-14.3669576	65.7861132
	-14.367494	65.7860648
	-14.3678266	65.7860274
	-14.3680733	65.7860648
	-14.3682021	65.7861044
	-14.3684542	65.786133
	-14.3686849	65.7861792
	-14.3688887	65.7862848
	-14.3690175	65.7864784
	-14.3690658	65.7866214
	-14.3691891	65.786716
	-14.3692964	65.7867314
	-14.3693125	65.7866698
	-14.3692803	65.786562
	-14.3692857	65.7864454
	-14.3692589	65.786342
	-14.3692267	65.7862672
	-14.3692052	65.7861748
	-14.3692911	65.7861374
	-14.3694198	65.7860956
	-14.3695593	65.7859438
	-14.36979	65.7859856
	-14.3699026	65.786067
	-14.3699724	65.7861572
	-14.3699294	65.7862826
	-14.3698597	65.7865026
	-14.3698436	65.7866874
	-14.3701333	65.7867292
	-14.3704176	65.7867006
	-14.3706214	65.786584
	-14.3706161	65.7864784
	-14.3705839	65.786353
	-14.3705249	65.7861946
	-14.3701601	65.7859306
	-14.3701708	65.78588
	-14.3702245	65.7858492
	-14.370364	65.7858536
	-14.370482	65.7859108
	-14.3705088	65.785902
	-14.3706322	65.7858316
	-14.3707126	65.7857612
	-14.3708521	65.7857876
	-14.3709379	65.7858316
	-14.3709433	65.7858866
	-14.3709648	65.7859812
	-14.3710882	65.7860032
	-14.3712598	65.7859548
	-14.3716675	65.7858778
	-14.3720967	65.7859328
	-14.3723434	65.7860098
	-14.3725205	65.7860736
	-14.3724507	65.7861506
	-14.3723273	65.7862078
	-14.3721879	65.7863024
	-14.3720377	65.7864388
	-14.3720859	65.7865004
	-14.372263	65.7865576
	-14.3723005	65.7865576
	-14.3724561	65.7864652
	-14.372794	65.7864542
	-14.3730891	65.786023
	-14.3732768	65.7860362
	-14.3732607	65.7862474
	-14.3734217	65.7862848
	-14.3735129	65.7862342
	-14.3736416	65.7861462
	-14.3736309	65.785924
	-14.3736577	65.7858822
	-14.3736899	65.7858096
	-14.373647	65.7856996
	-14.3736255	65.7855499
	-14.3733519	65.7853585
	-14.3731749	65.7852221
	-14.3730569	65.7851121
	-14.3730086	65.7850109
	-14.3730515	65.7848723
	-14.3732607	65.7847468
	-14.3735504	65.7846324
	-14.3738723	65.7845202
	-14.374221	65.7844586
	-14.3745589	65.7843662
	-14.3748915	65.784309
	-14.3752939	65.7843244
	-14.3757927	65.784386
	-14.3764687	65.7845026
	-14.3765974	65.7845884
	-14.3766189	65.7846786
	-14.3765223	65.784793
	-14.3764633	65.7849229
	-14.3764955	65.7850263
	-14.376576	65.7851055
	-14.3767262	65.7851451
	-14.3770427	65.7850659
	-14.3772519	65.7851891
	-14.3773431	65.7852683
	-14.3775576	65.7854179
	-14.3776488	65.7854201
	-14.3778312	65.7853651
	-14.3778527	65.7852683
	-14.3778259	65.7851517
	-14.3777508	65.7850527
	-14.3777025	65.7849625
	-14.3777186	65.7848965
	-14.3778366	65.7847952
	-14.3778849	65.7846764
	-14.3779546	65.7845554
	-14.3781316	65.7845224
	-14.3790597	65.784474
	-14.3797195	65.7846016
	-14.3801594	65.7846676
	-14.3802667	65.7847358
	-14.3803579	65.7848128
	-14.3806958	65.7848393
	-14.3811894	65.7848437
	-14.3812162	65.7849317
	-14.3812323	65.7850505
	-14.3812966	65.7851275
	-14.3815917	65.7852111
	-14.3816721	65.7851737
	-14.3817741	65.7850109
	-14.3818331	65.7848503
	-14.381876	65.7847556
	-14.381876	65.7846676
	-14.3818921	65.7845378
	-14.3821228	65.7843948
	-14.3824178	65.7841638
	-14.3828791	65.7838865
	-14.3833029	65.7837787
	-14.384011	65.7836929
	-14.3850946	65.7836797
	-14.3857276	65.7836797
	-14.3864518	65.7836973
	-14.3867737	65.7837259
	-14.3872136	65.7838183
	-14.3874067	65.7838909
	-14.3874335	65.7839811
	-14.3871439	65.7841307
	-14.3868327	65.7842562
	-14.3868113	65.784408
	-14.3868917	65.7845796
	-14.3870097	65.7846808
	-14.3870848	65.784727
	-14.3872511	65.7848613
	-14.3875784	65.7848547
	-14.3881524	65.7849295
	-14.3884689	65.7849229
	-14.3886888	65.7848987
	-14.3890643	65.7848525
	-14.3893594	65.7847512
	-14.3895149	65.7845422
	-14.389692	65.784342
	-14.3896866	65.7842474
	-14.3895525	65.7842364
	-14.3893057	65.7841902
	-14.389059	65.7841351
	-14.3889517	65.7840889
	-14.388957	65.7840141
	-14.389236	65.7839899
	-14.3893701	65.7839569
	-14.389531	65.7838557
	-14.3895096	65.7837457
	-14.3894881	65.7836841
	-14.3893901	65.7836299
	-14.3899441	65.7833012
	-14.3899441	65.7832396
	-14.390105	65.7831582
	-14.3902123	65.7831032
	-14.3903303	65.7830195
	-14.3905395	65.7829381
	-14.3906522	65.7829007
	-14.3911189	65.7828897
	-14.3913227	65.7828149
	-14.3918967	65.7825883
	-14.3921167	65.7825156
	-14.3924063	65.782443
	-14.3926692	65.7823946
	-14.3929964	65.7823836
	-14.3934041	65.7823968
	-14.3937367	65.782432
	-14.3939728	65.7824606
	-14.3943268	65.7825222
	-14.394595	65.7825817
	-14.3947613	65.7826477
	-14.3949276	65.7827555
	-14.394992	65.7828347
	-14.3949652	65.7829447
	-14.3947613	65.7830063
	-14.3946648	65.7831472
	-14.3945146	65.7833826
	-14.3945038	65.7835476
	-14.3945307	65.7835719
	-14.3945736	65.7836005
	-14.3948311	65.7836115
	-14.3950135	65.7835939
	-14.3951261	65.783563
	-14.395228	65.7835564
	-14.3953782	65.7835983
	-14.3955231	65.7835432
	-14.3955767	65.7834838
	-14.3955874	65.7834222
	-14.3955874	65.783376
	-14.3955982	65.78331
	-14.3957108	65.7832682
	-14.3957806	65.7833078
	-14.3959522	65.7833892
	-14.396081	65.7834376
	-14.3962258	65.7834618
	-14.3964618	65.7834926
	-14.3965745	65.7835895
	-14.3966013	65.7836885
	-14.3967784	65.7837765
	-14.3968749	65.7837677
	-14.3969929	65.7837237
	-14.3970305	65.7835917
	-14.3971324	65.78353
	-14.3973094	65.7834464
	-14.3973416	65.7832836
	-14.3972343	65.7831692
	-14.397068	65.7831252
	-14.3968856	65.783068
	-14.3967891	65.7829821
	-14.3967891	65.7829271
	-14.3968213	65.7828479
	-14.3969071	65.7827511
	-14.3975347	65.7825618
	-14.3979102	65.7824056
	-14.3980658	65.7823132
	-14.398393	65.7822494
	-14.3990046	65.7822142
	-14.3997395	65.7822274
	-14.4008714	65.7823528
	-14.4017726	65.7825508
	-14.4024616	65.782758
	-14.403162	65.7830338
	-14.4033229	65.7830856
	-14.4034812	65.7831626
	-14.4037467	65.7832495
	-14.4040418	65.7833089
	-14.4041544	65.7832968
	-14.4042859	65.7832506
	-14.404361	65.7831714
	-14.404546	65.7831571
	-14.4048893	65.7831692
	-14.405179	65.7831747
	-14.4053212	65.7831571
	-14.4055706	65.7831285
	-14.4058764	65.7831395
	-14.4060749	65.7831648
	-14.4061929	65.783222
	-14.4062868	65.7835025
	-14.406327	65.7836665
	-14.4062787	65.7837391
	-14.4063512	65.7839987
	-14.4064611	65.7840361
	-14.4065389	65.7840317
	-14.4065523	65.7839877
	-14.4065121	65.7838271
	-14.4065604	65.783738
	-14.4067803	65.7837226
	-14.4069251	65.7837138
	-14.407196	65.7836896
	-14.4074187	65.7837127
	-14.4076949	65.7837666
	-14.4078934	65.7838282
	-14.4079551	65.7838975
	-14.4079712	65.783947
	-14.4079605	65.7839998
	-14.4078639	65.7840988
	-14.4076628	65.7842529
	-14.407585	65.7844245
	-14.4075286	65.7845158
	-14.4074401	65.7845906
	-14.4073007	65.7846577
	-14.4072363	65.7847347
	-14.4072041	65.7847941
	-14.4072282	65.7848701
	-14.4072443	65.7849207
	-14.407357	65.7849548
	-14.4074589	65.7849339
	-14.4075662	65.784858
	-14.4076332	65.7847248
	-14.4077647	65.7846511
	-14.4077915	65.7846093
	-14.4078183	65.7845477
	-14.4079068	65.7845048
	-14.4081938	65.7845026
	-14.4083306	65.7845246
	-14.4083253	65.7846533
	-14.4082153	65.7847897
	-14.4081053	65.78488
	-14.4080758	65.7850032
	-14.4080356	65.7851429
	-14.4081241	65.7852419
	-14.4082153	65.7853068
	-14.408285	65.7853651
	-14.4083682	65.785408
	-14.4084406	65.7854586
	-14.4084513	65.7855543
	-14.4085908	65.7857095
	-14.4085801	65.7852331
	-14.4086069	65.7851726
	-14.4086954	65.7851748
	-14.4088027	65.7852078
	-14.4088188	65.7852672
	-14.4088054	65.7853827
	-14.4088617	65.7854696
	-14.408977	65.7855312
	-14.4095752	65.7856324
	-14.4096556	65.7856896
	-14.4097897	65.7857084
	-14.4101599	65.785737
	-14.4103047	65.7857612
	-14.4104522	65.7857744
	-14.4105676	65.7857667
	-14.4106212	65.7857018
	-14.4108197	65.785704
	-14.4110665	65.7857557
	-14.4111738	65.7857084
	-14.4112167	65.7856302
	-14.4111979	65.7855103
	-14.4111872	65.7854344
	-14.4111604	65.7853684
	-14.4110906	65.785309
	-14.4109914	65.7852617
	-14.4109324	65.7851836
	-14.4109431	65.7850417
	-14.4110477	65.785012
	-14.4110826	65.7851341
	-14.4112006	65.7851704
	-14.4112784	65.7853134
	-14.4114608	65.7854443
	-14.4115198	65.7854894
	-14.4116163	65.7854575
	-14.4117397	65.785276
	-14.411855	65.7851649
	-14.4120482	65.7850593
	-14.4122922	65.784979
	-14.4126114	65.7850428
	-14.4126704	65.7850956
	-14.412818	65.7851605
	-14.4129413	65.7851726
	-14.4130325	65.7851517
	-14.4132283	65.7851473
	-14.4132766	65.785199
	-14.4132122	65.7852892
	-14.4131532	65.7853783
	-14.413164	65.7855114
	-14.4131318	65.785661
	-14.4131398	65.7857711
	-14.4131854	65.7858228
	-14.4133571	65.785814
	-14.413451	65.7858096
	-14.413577	65.7857942
	-14.4136977	65.7857304
	-14.4136977	65.7856291
	-14.4138184	65.7854113
	-14.4139284	65.7852925
	-14.4141001	65.7851803
	-14.4141805	65.7851198
	-14.4142234	65.7850758
	-14.4142234	65.7850164
	-14.4143146	65.7849119
	-14.4144219	65.7848293
	-14.4144702	65.7847853
	-14.4145212	65.7847083
	-14.4145292	65.7846401
	-14.4145694	65.7845631
	-14.4146955	65.7845389
	-14.4148725	65.7845653
	-14.415122	65.7845807
	-14.4155189	65.7845774
	-14.415763	65.7846071
	-14.4160232	65.7846478
	-14.416329	65.7846698
	-14.4164041	65.7847666
	-14.4165811	65.784771
	-14.4166321	65.7846434
	-14.4167662	65.7845235
	-14.4168815	65.7844454
	-14.4169137	65.7843255
	-14.4169834	65.784232
	-14.41708	65.7842078
	-14.4171765	65.7841836
	-14.4174367	65.7841616
	-14.4175574	65.7841792
	-14.4176245	65.784221
	-14.417662	65.7842958
	-14.4176996	65.7843585
	-14.4178551	65.7844388
	-14.417941	65.784551
	-14.4181287	65.7848337
	-14.4181958	65.7848029
	-14.418118	65.7845785
	-14.418126	65.7844817
	-14.4179919	65.784287
	-14.41801	65.78425
	-14.4184372	65.7842496
	-14.4184962	65.7842694
	-14.4185579	65.7845158
	-14.4186276	65.7842793
	-14.4186786	65.7842342
	-14.4186947	65.7841583
	-14.4186947	65.7840713
	-14.4187269	65.7839536
	-14.4188342	65.7837985
	-14.4189522	65.78376
	-14.4191185	65.7836973
	-14.4191855	65.7836478
	-14.4192231	65.7835895
	-14.4193304	65.7835663
	-14.4195074	65.7835707
	-14.4197649	65.7836192
	-14.4201082	65.7836665
	-14.4203711	65.7836467
	-14.4205374	65.7835851
	-14.4206393	65.7834442
	-14.4210845	65.783222
	-14.4213849	65.783112
	-14.4216102	65.7830283
	-14.4219428	65.7829513
	-14.4222057	65.7829425
	-14.4224685	65.7829799
	-14.4224471	65.7831428
	-14.4225168	65.7832814
	-14.4226348	65.7833298
	-14.4227421	65.7833562
	-14.4229353	65.7833804
	-14.4230425	65.783343
	-14.4231552	65.7832308
	-14.4232786	65.7830437
	-14.4234556	65.7828897
	-14.4235253	65.7827995
	-14.4236273	65.7827269
	-14.4237077	65.7826565
	-14.4236487	65.7825971
	-14.4236326	65.7825068
	-14.4239062	65.782509
	-14.4243354	65.7825222
	-14.4244641	65.7825751
	-14.4246197	65.7826499
	-14.4246787	65.7827489
	-14.4245982	65.7828259
	-14.4243407	65.7829337
	-14.4243354	65.7830019
	-14.4244534	65.7830173
	-14.424668	65.7829711
	-14.4249201	65.7829359
	-14.4252151	65.7828413
	-14.4254941	65.7827599
	-14.4257355	65.7826609
	-14.4258535	65.7825156
	-14.4259715	65.7823308
	-14.4262075	65.7821129
	-14.4264758	65.7820403
	-14.426862	65.7819743
	-14.4271141	65.7818555
	-14.4273019	65.7817367
	-14.4275111	65.7815914
	-14.4276291	65.7814044
	-14.4279563	65.7812899
	-14.4284231	65.7811997
	-14.4289005	65.7812173
	-14.429158	65.7813053
	-14.4294047	65.7813714
	-14.429673	65.7814242
	-14.4300216	65.78151
	-14.4307137	65.7814308
	-14.4314915	65.7811931
	-14.4319528	65.7809532
	-14.4322801	65.7807926
	-14.4332242	65.7805879
	-14.4342971	65.7803129
	-14.4346136	65.7802028
	-14.4352198	65.7801126
	-14.4355524	65.7800796
	-14.4362229	65.7799409
	-14.4370705	65.7796923
	-14.4374675	65.7795734
	-14.4378054	65.7793643
	-14.4379342	65.7791333
	-14.4386745	65.778966
	-14.4389749	65.7789572
	-14.4393933	65.7789946
	-14.4396079	65.7789682
	-14.4397473	65.7788428
	-14.4409221	65.7786029
	-14.4414854	65.7785456
	-14.4422686	65.7785765
	-14.4427621	65.7786469
	-14.4431698	65.7786315
	-14.4437653	65.7785104
	-14.4442481	65.7782309
	-14.4449884	65.7780372
	-14.4452083	65.7778502
	-14.4456106	65.7776191
	-14.445954	65.7775685
	-14.4463241	65.7776565
	-14.4466835	65.7777467
	-14.4472843	65.7778106
	-14.4482392	65.7781121
	-14.4488561	65.7782837
	-14.4493228	65.7782925
	-14.4493443	65.7783234
	-14.4492692	65.7783938
	-14.4492209	65.7784972
	-14.4493067	65.7786337
	-14.449414	65.7786931
	-14.4496876	65.7787481
	-14.4498593	65.7787877
	-14.4498754	65.7788626
	-14.4500417	65.7789506
	-14.4502616	65.7789374
	-14.4504762	65.7788141
	-14.450621	65.7786579
	-14.4504976	65.7785148
	-14.4503903	65.778363
	-14.4505084	65.7782639
	-14.450959	65.7783344
	-14.4511789	65.778363
	-14.4514418	65.7783476
	-14.4517046	65.778352
	-14.4518817	65.7783828
	-14.4519889	65.7784488
	-14.4520265	65.77855
	-14.4521928	65.7785963
	-14.4523859	65.778528
	-14.4525307	65.7783982
	-14.4527829	65.7781781
	-14.4529331	65.7780725
	-14.4529009	65.7779448
	-14.4528419	65.7778084
	-14.4527614	65.7776631
	-14.4528633	65.7776235
	-14.4530833	65.7776235
	-14.4532281	65.7777489
	-14.4533032	65.7781385
	-14.4534802	65.7781583
	-14.453609	65.7780505
	-14.4537377	65.7778216
	-14.4539094	65.7776653
	-14.4542688	65.7775597
	-14.454596	65.7774914
	-14.4548535	65.777366
	-14.4551539	65.7771041
	-14.4554758	65.776895
	-14.4556046	65.7767431
	-14.4557709	65.7765076
	-14.4562697	65.7763227
	-14.4566667	65.7761092
	-14.4573104	65.776052
	-14.4581527	65.7759948
	-14.4590217	65.77603
	-14.4599336	65.7761114
	-14.4604594	65.7762259
	-14.4606793	65.7764482
	-14.4601375	65.7769742
	-14.4604755	65.7771019
	-14.46238	65.7764901
	-14.462707	65.7763161
	-14.4627178	65.7760256
	-14.4629216	65.7757306
	-14.4633669	65.7756074
	-14.4639409	65.7756492
	-14.4642252	65.775746
	-14.4645041	65.7758473
	-14.4649333	65.7759001
	-14.4654161	65.7758451
	-14.4656897	65.7755854
	-14.4660115	65.7754885
	-14.4665265	65.7754027
	-14.4672078	65.7752574
	-14.4676584	65.7749757
	-14.4680017	65.7747753
	-14.468388	65.7746279
	-14.4688386	65.7745794
	-14.4691765	65.7745354
	-14.4696218	65.7742757
	-14.4699544	65.7740952
	-14.4707429	65.7739521
	-14.4716495	65.7737672
	-14.4721752	65.773787
	-14.4728941	65.7739081
	-14.4734091	65.7739037
	-14.4736183	65.7735052
	-14.4739562	65.7733644
	-14.4746375	65.7732609
	-14.4746536	65.7731707
	-14.4743693	65.7730386
	-14.4743049	65.7729219
	-14.4745141	65.7727128
	-14.4753724	65.7724993
	-14.4756675	65.7722725
	-14.4761825	65.7720083
	-14.4768852	65.7718543
	-14.4773626	65.7717596
	-14.4779313	65.7716363
	-14.4784999	65.7715835
	-14.4789612	65.7714822
	-14.4794172	65.7713986
	-14.4796425	65.7714536
	-14.4802755	65.7715196
	-14.4808388	65.7714778
	-14.4809246	65.7713523
	-14.4809622	65.7711542
	-14.4814128	65.7710529
	-14.4819921	65.7710221
	-14.4825876	65.7710683
	-14.4831187	65.7711168
	-14.4835585	65.7708372
	-14.4839984	65.7705664
	-14.4843203	65.7705312
	-14.4846475	65.7704321
	-14.4848245	65.7702626
	-14.4850391	65.7701393
	-14.4859779	65.7699368
	-14.4867826	65.7697518
	-14.4874263	65.7695449
	-14.4882846	65.7694656
	-14.4888103	65.7695647
	-14.4890463	65.7696131
	-14.4891912	65.7696043
	-14.4893897	65.7695207
	-14.489556	65.7694018
	-14.4898993	65.7693401
	-14.4904733	65.7693335
	-14.4906932	65.7693137
	-14.4909293	65.7692961
	-14.4915998	65.7691772
	-14.4919002	65.768946
	-14.4917661	65.7688404
	-14.4916374	65.768662
	-14.4916481	65.7685409
	-14.4919109	65.7684397
	-14.4920182	65.7683208
	-14.4922328	65.7681732
	-14.4927263	65.7680257
	-14.4935364	65.767603
	-14.4937563	65.7675105
	-14.4940728	65.7674004
	-14.4944215	65.7672397
	-14.4949257	65.7668081
	-14.4957519	65.7662026
	-14.4962508	65.7657755
	-14.4964868	65.7656742
	-14.4967604	65.7656103
	-14.4972807	65.7655773
	-14.4975811	65.7655597
	-14.4980264	65.765454
	-14.4986326	65.7652976
	-14.4991851	65.7652316
	-14.4994962	65.7651171
	-14.4996357	65.7649718
	-14.4999415	65.7648572
	-14.5013094	65.7646415
	-14.5018137	65.7646128
	-14.5025969	65.764626
	-14.5031011	65.7646304
	-14.5042223	65.7645402
	-14.504748	65.7645159
	-14.5054078	65.7644543
	-14.5063841	65.764353
	-14.506529	65.7642076
	-14.5069474	65.764157
	-14.5072103	65.7642209
	-14.5075107	65.7642627
	-14.5075589	65.7641504
	-14.507457	65.76395
	-14.5074624	65.7638377
	-14.5078272	65.7637915
	-14.5079452	65.7636902
	-14.5080793	65.7635823
	-14.5085353	65.763525
	-14.509179	65.7634722
	-14.5097423	65.7634215
	-14.5106006	65.7633312
	-14.5112336	65.7632938
	-14.5117003	65.7632277
	-14.5119685	65.7630846
	-14.5126283	65.7628049
	-14.5130467	65.7627454
	-14.5133954	65.7627234
	-14.5137119	65.7626882
	-14.5141518	65.7626067
	-14.5143825	65.7624526
	-14.5143825	65.7622852
	-14.5144951	65.7620606
	-14.5147151	65.7619747
	-14.5149404	65.7619108
	-14.5153213	65.7618227
	-14.5156485	65.7617016
	-14.5159543	65.7616377
	-14.5162976	65.7615871
	-14.5165229	65.7614814
	-14.5168608	65.7614109
	-14.5173866	65.7614109
	-14.5181483	65.7613426
	-14.5185345	65.7613294
	-14.5188189	65.7613734
	-14.5188886	65.7613624
	-14.5193875	65.761314
	-14.5198757	65.7612854
	-14.5199937	65.7612171
	-14.5204872	65.7611554
	-14.5208573	65.7610982
	-14.5210558	65.7609814
	-14.5210451	65.7608317
	-14.5210183	65.7607348
	-14.5210451	65.7606203
	-14.521147	65.760541
	-14.5217317	65.7604881
	-14.5224184	65.7603912
	-14.5232177	65.7603339
	-14.5239633	65.7603097
	-14.5246661	65.7603361
	-14.525519	65.760367
	-14.5262057	65.7603736
	-14.5269996	65.7602833
	-14.5273912	65.7603472
	-14.5276433	65.760389
	-14.5278579	65.7603119
	-14.528169	65.7602899
	-14.5284587	65.7603428
	-14.528625	65.760367
	-14.528963	65.7604022
	-14.5290166	65.7604
	-14.5292258	65.7603383
	-14.5292741	65.7602304
	-14.5292634	65.7601137
	-14.5293492	65.7600036
	-14.5294833	65.7599023
	-14.529773	65.7597107
	-14.530347	65.7595697
	-14.5306957	65.7595036
	-14.5311248	65.7594309
	-14.5314896	65.7593296
	-14.5321173	65.7590411
	-14.5323694	65.7589134
	-14.5328093	65.7587966
	-14.5335013	65.758801
	-14.5344669	65.7586997
	-14.535293	65.7587195
	-14.5363337	65.7587526
	-14.5366609	65.75879
	-14.5370525	65.7588803
	-14.5373154	65.7588671
	-14.5375997	65.7587548
	-14.5378786	65.7585477
	-14.5380127	65.7584685
	-14.5383346	65.7583958
	-14.5386672	65.7582746
	-14.5389837	65.7581777
	-14.5394236	65.7581557
	-14.5398796	65.7581205
	-14.5404589	65.7579619
	-14.5409632	65.7578914
	-14.5413441	65.7578385
	-14.5417249	65.7578363
	-14.5421112	65.757865
	-14.5425081	65.7578694
	-14.5429105	65.7578914
	-14.5431626	65.7578716
	-14.5435274	65.7578848
	-14.543817	65.757931
	-14.5441014	65.75792
	-14.544788	65.7578451
	-14.5453298	65.7579002
	-14.5460755	65.7579883
	-14.5467305	65.7579451
	-14.5468988	65.7583026
	-14.5469944	65.7583007
	-14.5468687	65.757731
	-14.5485138	65.7573958
	-14.5486052	65.7574696
	-14.5487134	65.7574724
	-14.5489162	65.7572642
	-14.5489858	65.7572693
	-14.5491384	65.7572631
	-14.5492869	65.7572181
	-14.5493746	65.7571095
	-14.549557	65.7570764
	-14.549911	65.7570698
	-14.5502973	65.7570742
	-14.5507962	65.7570037
	-14.55181	65.7568517
	-14.5522124	65.7568495
	-14.5523679	65.7568187
	-14.5525664	65.7567614
	-14.5531136	65.756768
	-14.5538324	65.7567901
	-14.5544761	65.7568055
	-14.5548999	65.7567306
	-14.555651	65.7566953
	-14.5561659	65.7567394
	-14.5567024	65.7568011
	-14.5569223	65.7568011
	-14.5572496	65.7567218
	-14.5577645	65.7565962
	-14.5586228	65.756605
	-14.5589823	65.7565456
	-14.5592129	65.7564663
	-14.5593363	65.7563363
	-14.5594704	65.7562548
	-14.5595884	65.756127
	-14.560436	65.7561028
	-14.5614231	65.7560742
	-14.5623082	65.7561601
	-14.5630807	65.7561997
	-14.5643359	65.7562306
	-14.5649924	65.7561879
	-14.5667444	65.7560945
	-14.5683967	65.7559107
	-14.5694352	65.7558942
	-14.5701596	65.7559535
	-14.5710401	65.75612
	-14.5720285	65.7562372
	-14.5725703	65.756376
	-14.5728707	65.7564024
	-14.5734662	65.7564244
	-14.5740295	65.7564486
	-14.5750594	65.7564508
	-14.5760411	65.7565213
	-14.5766258	65.7565918
	-14.5776612	65.756724
	-14.5779938	65.7568099
	-14.5782083	65.7568143
	-14.5791686	65.7568473
	-14.5798659	65.7569641
	-14.5803809	65.7571227
	-14.5807189	65.7571249
	-14.5814055	65.7572328
	-14.5818561	65.7572989
	-14.5823711	65.7571139
	-14.5832992	65.7570346
	-14.5838839	65.7570257
	-14.584254	65.7571183
	-14.5845544	65.757268
	-14.5843667	65.7575456
	-14.5842218	65.7576711
	-14.584415	65.7577592
	-14.5847583	65.7577284
	-14.5849621	65.7575191
	-14.585107	65.7575786
	-14.5850909	65.7579332
	-14.5856595	65.757942
	-14.5857078	65.7581094
	-14.5857561	65.7582284
	-14.5859492	65.7583231
	-14.5862335	65.7583341
	-14.5863032	65.7582482
	-14.5863676	65.7581072
	-14.5864373	65.7578936
	-14.5867002	65.7576359
	-14.5868075	65.7576557
	-14.586786	65.7579993
	-14.5868182	65.7581975
	-14.5872688	65.7584354
	-14.5878375	65.7585654
	-14.5880038	65.7584729
	-14.5882344	65.7583759
	-14.5887011	65.7583451
	-14.5895863	65.7584883
	-14.589774	65.7581975
	-14.5896667	65.7580676
	-14.5898438	65.7579531
	-14.5901281	65.7577791
	-14.5901066	65.7576976
	-14.5899242	65.7576161
	-14.5895112	65.7574531
	-14.5895487	65.7573209
	-14.5898277	65.7573319
	-14.5903158	65.7572879
	-14.5906591	65.7572791
	-14.5910078	65.7572923
	-14.5907772	65.7575015
	-14.5908898	65.7575566
	-14.5910883	65.7575764
	-14.5913029	65.7575456
	-14.5914155	65.7574465
	-14.5916784	65.7574553
	-14.592247	65.7575544
	-14.5928264	65.7576954
	-14.5934379	65.7578077
	-14.5938724	65.7578694
	-14.5943874	65.7579046
	-14.594543	65.7578848
	-14.5945269	65.7578055
	-14.5945966	65.7577218
	-14.5948702	65.7575412
	-14.5952189	65.7573958
	-14.5956212	65.7572196
	-14.5961201	65.7571447
	-14.5965439	65.7571469
	-14.5969784	65.7571139
	-14.5973271	65.7569949
	-14.59759	65.7568561
	-14.597944	65.7567394
	-14.5982605	65.7566271
	-14.5990866	65.756561
	-14.5997143	65.7565412
	-14.6002454	65.7566183
	-14.6005565	65.7566623
	-14.6008623	65.7565742
	-14.6011841	65.7565742
	-14.6016294	65.7567372
	-14.60213	65.7567101
	-14.602257	65.7564024
	-14.6025306	65.7563033
	-14.603228	65.7561997
	-14.6038073	65.7562041
	-14.6044725	65.7562989
	-14.6048856	65.756398
	-14.6052772	65.7565632
	-14.6057439	65.7566777
	-14.6060658	65.756757
	-14.6064359	65.7568253
	-14.6068007	65.7568517
	-14.6072191	65.756746
	-14.6073854	65.7566887
	-14.6074498	65.7566645
	-14.6075678	65.7565456
	-14.6078414	65.7563341
	-14.6082652	65.7561711
	-14.6088821	65.7561072
	-14.6096867	65.7560213
	-14.6101052	65.7560015
	-14.6106309	65.7560632
	-14.6112961	65.7561975
	-14.6116716	65.7563209
	-14.6119666	65.7564134
	-14.6124226	65.7564905
	-14.6127391	65.756539
	-14.6132702	65.7565808
	-14.6138495	65.756605
	-14.6143538	65.756594
	-14.6149868	65.7565191
	-14.6153355	65.7565081
	-14.6160007	65.7565345
	-14.6160489	65.756539
	-14.6168912	65.7565323
	-14.61761	65.7564354
	-14.6182591	65.7564376
	-14.6189565	65.7564112
	-14.6201527	65.75629
	-14.6208608	65.756235
	-14.6216333	65.7562394
	-14.6221	65.7563473
	-14.6225828	65.7565081
	-14.6228296	65.7566006
	-14.6228349	65.7566006
	-14.622851	65.7566072
	-14.6230388	65.7566557
	-14.6233445	65.7566006
	-14.6236771	65.7564861
	-14.6240956	65.7564134
	-14.6244389	65.7564134
	-14.6247232	65.756453
	-14.6250987	65.7565786
	-14.6254689	65.7566733
	-14.62578	65.7566249
	-14.6263433	65.7564795
	-14.6271104	65.7564112
	-14.6279901	65.7563605
	-14.6286124	65.7562438
	-14.6292347	65.7560632
	-14.6295512	65.7558759
	-14.629975	65.7557217
	-14.6302378	65.7557151
	-14.630844	65.7558098
	-14.6311015	65.7558936
	-14.6311605	65.7560037
	-14.6316809	65.7561755
	-14.6320242	65.7563738
	-14.6325553	65.7565301
	-14.6328235	65.756561
	-14.6330434	65.756594
	-14.6337408	65.7565786
	-14.6343041	65.7564751
	-14.634406	65.7562746
	-14.6345079	65.7561182
	-14.6345884	65.7559729
	-14.6346313	65.7558054
	-14.6347332	65.7556226
	-14.6350926	65.75529
	-14.635157	65.7549243
	-14.6355003	65.7548252
	-14.6360046	65.7547393
	-14.6363801	65.7547855
	-14.6365196	65.7548891
	-14.6367985	65.7548913
	-14.6373993	65.7546974
	-14.6377695	65.7545608
	-14.6381235	65.7543384
	-14.6389014	65.7542723
	-14.6398294	65.7542172
	-14.6406823	65.7542546
	-14.6408057	65.7542943
	-14.6410525	65.7547701
	-14.6413744	65.7547415
	-14.6416426	65.7547195
	-14.6418786	65.7544155
	-14.6419698	65.7542943
	-14.6419323	65.7539903
	-14.6418464	65.7537392
	-14.6416855	65.7536643
	-14.6414763	65.7535717
	-14.6411651	65.7534418
	-14.6410686	65.7533074
	-14.6406233	65.7526597
	-14.6402961	65.7522984
	-14.6401513	65.7521001
	-14.6402693	65.7519393
	-14.6407843	65.7515471
	-14.6413583	65.7514392
	-14.6416318	65.7512431
	-14.6418357	65.7510845
	-14.6424169	65.7507771
	-14.6428978	65.7502891
	-14.6439064	65.7500335
	-14.6447835	65.7499201
	-14.6453655	65.7498749
	-14.6462526	65.7498873
	-14.646948	65.7499608
	-14.6471411	65.7501503
	-14.6481945	65.7503192
	-14.6487558	65.7499366
	-14.6487773	65.7498264
	-14.6489435	65.749692
	-14.6491742	65.7496303
	-14.6505421	65.7495797
	-14.65132	65.7495686
	-14.6533316	65.7496436
	-14.6541846	65.7497405
	-14.6545923	65.7497141
	-14.6549517	65.7496634
	-14.6556437	65.7496039
	-14.6562123	65.7496347
	-14.6567863	65.7497735
	-14.6573496	65.7498286
	-14.6580041	65.7497317
	-14.6579182	65.7496986
	-14.6584493	65.74967
	-14.6589428	65.7497515
	-14.6596724	65.7499476
	-14.659887	65.75006
	-14.6599513	65.7504411
	-14.6602786	65.7505359
	-14.66052	65.7507936
	-14.6606433	65.7507826
	-14.6605843	65.750505
	-14.6606273	65.750375
	-14.6609062	65.7503354
	-14.6612656	65.7502517
	-14.661845	65.7501789
	-14.6625531	65.7501679
	-14.6633095	65.7501745
	-14.6638298	65.7501966
	-14.6640122	65.7503486
	-14.6640068	65.7505293
	-14.6640873	65.7507826
	-14.6642375	65.7508642
	-14.6644843	65.7509302
	-14.6646667	65.7511065
	-14.664892	65.7512012
	-14.6649939	65.7511748
	-14.6651387	65.7510801
	-14.6653372	65.7509633
	-14.665482	65.7508091
	-14.6655572	65.7506482
	-14.6657342	65.7506372
	-14.6659327	65.7506571
	-14.6659917	65.750732
	-14.6659917	65.7508443
	-14.6657127	65.7510096
	-14.6653855	65.7513665
	-14.6654123	65.7516947
	-14.6655089	65.7518379
	-14.6657503	65.7518335
	-14.6659219	65.7517807
	-14.6660507	65.7516242
	-14.6660775	65.7511594
	-14.6662813	65.7510889
	-14.6663886	65.7515295
	-14.6664906	65.7515075
	-14.6664765	65.7513194
	-14.6666247	65.7512056
	-14.666673	65.7510889
	-14.6666944	65.7509699
	-14.666571	65.7507981
	-14.6664369	65.750602
	-14.6662706	65.7503949
	-14.6667266	65.7504323
	-14.6671343	65.7504455
	-14.6676171	65.7503905
	-14.6678853	65.7503045
	-14.6680731	65.7502208
	-14.6682555	65.7501437
	-14.6686256	65.7499785
	-14.6690494	65.7498507
	-14.6696127	65.7498396
	-14.6701384	65.7499035
	-14.6706855	65.7500446
	-14.6715009	65.7503398
	-14.6717691	65.7503706
	-14.6720696	65.7502825
	-14.6726543	65.7499608
	-14.6733785	65.7496722
	-14.6737433	65.7495158
	-14.6742636	65.7493747
	-14.674843	65.7493219
	-14.6753365	65.7493395
	-14.6758622	65.7494519
	-14.6767795	65.7497097
	-14.6776056	65.7499895
	-14.6777773	65.750212
	-14.6777612	65.750516
	-14.6776056	65.7507826
	-14.6771336	65.7512343
	-14.6770477	65.7515075
	-14.6766883	65.7516617
	-14.6767098	65.7517476
	-14.6768975	65.7517146
	-14.6773106	65.7516066
	-14.6777237	65.7516132
	-14.6781528	65.7516132
	-14.6785122	65.7516331
	-14.6784478	65.7520252
	-14.6785176	65.752164
	-14.6785015	65.7524019
	-14.6784693	65.7527434
	-14.6783835	65.7530254
	-14.6781528	65.7532898
	-14.678126	65.7535387
	-14.6783513	65.7536621
	-14.6786356	65.7535012
	-14.6788341	65.7533801
	-14.6791667	65.7532942
	-14.6794349	65.7530783
	-14.6797729	65.752891
	-14.6798694	65.7526024
	-14.6800035	65.7523975
	-14.6801376	65.7522257
	-14.6803039	65.7520362
	-14.6804595	65.751893
	-14.6806419	65.7517674
	-14.6805239	65.7521618
	-14.6803361	65.7525121
	-14.6803522	65.7526222
	-14.6802074	65.752891
	-14.6802557	65.753021
	-14.6802878	65.7531047
	-14.6804488	65.753173
	-14.6806794	65.7531377
	-14.6810657	65.7531554
	-14.6815163	65.7530981
	-14.6819884	65.7530805
	-14.6825087	65.7529549
	-14.6825087	65.7528403
	-14.6824443	65.752717
	-14.6824497	65.7526487
	-14.6825355	65.7525517
	-14.6824604	65.7524592
	-14.6822888	65.7524041
	-14.6820259	65.7522786
	-14.6824443	65.7521133
	-14.6827501	65.7521111
	-14.6827608	65.752034
	-14.6827877	65.7519261
	-14.682793	65.7518137
	-14.6822941	65.7516309
	-14.6821064	65.7515537
	-14.6820688	65.7514943
	-14.6821815	65.7514546
	-14.6826214	65.7515339
	-14.6830022	65.7516397
	-14.68319	65.7517366
	-14.6832597	65.7518203
	-14.6834314	65.7519459
	-14.6836191	65.7520538
	-14.6837801	65.7521552
	-14.6838927	65.7521618
	-14.6839893	65.7521155
	-14.6840268	65.7520032
	-14.6840429	65.7518754
	-14.6840912	65.7517807
	-14.6842897	65.7517542
	-14.6846706	65.7518049
	-14.6851212	65.7518908
	-14.6857274	65.7519437
	-14.6860707	65.7520274
	-14.6864837	65.7521332
	-14.6868163	65.7522587
	-14.6870202	65.7522037
	-14.6868968	65.7519944
	-14.6867466	65.7517696
	-14.6864784	65.7515053
	-14.6863979	65.7514017
	-14.6863014	65.7512497
	-14.6863014	65.7511616
	-14.6866286	65.751003
	-14.6869451	65.7508686
	-14.6875566	65.7507914
	-14.6879214	65.7507584
	-14.6884739	65.750754
	-14.6889782	65.7507782
	-14.6894288	65.7508421
	-14.6898043	65.7509765
	-14.6902067	65.7511572
	-14.6903408	65.7512056
	-14.6906358	65.7512475
	-14.6910489	65.7512761
	-14.6913546	65.7512673
	-14.6915156	65.7511858
	-14.6916068	65.7509236
	-14.6916014	65.750646
	-14.691596	65.750353
	-14.6917033	65.7501944
	-14.6919984	65.7500644
	-14.6922827	65.7499256
	-14.6926957	65.749692
	-14.6931678	65.7493681
	-14.6936023	65.7492337
	-14.6939081	65.749161
	-14.6942192	65.7491015
	-14.6944767	65.7490641
	-14.6948844	65.7491214
	-14.6949971	65.7491985
	-14.6949756	65.7492514
	-14.6948844	65.7493615
	-14.6949059	65.7495224
	-14.6949434	65.7496986
	-14.6952546	65.7498815
	-14.6953297	65.7499542
	-14.6957535	65.7500996
	-14.6962202	65.7501481
	-14.6964347	65.7501745
	-14.6967137	65.7502869
	-14.6969444	65.7503839
	-14.6971536	65.7504081
	-14.6973842	65.7503618
	-14.6975076	65.750245
	-14.6975827	65.7501084
	-14.6976632	65.7498705
	-14.6977705	65.7496568
	-14.6981138	65.7495114
	-14.6984196	65.7494166
	-14.6991867	65.7493109
	-14.6997285	65.749269
	-14.6998572	65.7492161
	-14.7001308	65.7490751
	-14.7002757	65.7489341
	-14.7006565	65.7484604
	-14.7009033	65.7482973
	-14.7008818	65.7481981
	-14.7008389	65.7480637
	-14.7009677	65.7479954
	-14.7011393	65.7479161
	-14.7011179	65.7478015
	-14.7011018	65.7476627
	-14.7011876	65.747438
	-14.7011983	65.7472595
	-14.7013485	65.747081
	-14.7014666	65.7469444
	-14.7015256	65.7468232
	-14.7016221	65.7467505
	-14.7021532	65.7465962
	-14.7031349	65.7462414
	-14.703725	65.7460101
	-14.704594	65.7457148
	-14.7049964	65.7455627
	-14.705227	65.7454525
	-14.7053933	65.7453115
	-14.7055167	65.7451242
	-14.7056723	65.7449082
	-14.7057849	65.744776
	-14.7061497	65.7446195
	-14.7066432	65.7444432
	-14.7069436	65.7442956
	-14.7073567	65.7442449
	-14.7079253	65.7442471
	-14.7085583	65.7441634
	-14.7089875	65.7440444
	-14.7091913	65.7439342
	-14.7093254	65.7438262
	-14.709776	65.7436036
	-14.7100711	65.7434736
	-14.7103393	65.7433193
	-14.7108275	65.7431805
	-14.7111547	65.7429491
	-14.7118038	65.7427353
	-14.7124368	65.742592
	-14.7127372	65.7425149
	-14.7130001	65.7424598
	-14.7134668	65.742365
	-14.7139925	65.7421865
	-14.7145879	65.7419309
	-14.7148186	65.7418185
	-14.7151297	65.7417391
	-14.7154945	65.7416179
	-14.7158593	65.7415341
	-14.7164226	65.7414746
	-14.7171736	65.7413821
	-14.7180158	65.741219
	-14.7187078	65.7410977
	-14.719491	65.7408972
	-14.720183	65.7406922
	-14.7211486	65.7405203
	-14.7220659	65.7404233
	-14.7222322	65.7403638
	-14.7224253	65.7402734
	-14.7227687	65.7401764
	-14.7230369	65.7401324
	-14.7231925	65.7400795
	-14.7235519	65.7399869
	-14.7237611	65.7399031
	-14.7238308	65.7397136
	-14.7238898	65.7396585
	-14.7240776	65.7396012
	-14.7243673	65.7395615
	-14.7244531	65.7394998
	-14.7245067	65.7393631
	-14.724673	65.7392948
	-14.7248715	65.7392463
	-14.7252631	65.7392088
	-14.7256601	65.7392154
	-14.7258264	65.7392816
	-14.7260195	65.7393279
	-14.7261751	65.7392661
	-14.7262931	65.7391163
	-14.7265559	65.7390149
	-14.7267383	65.7390149
	-14.7269583	65.7390501
	-14.7269958	65.7391471
	-14.7272855	65.7392154
	-14.7274625	65.7391185
	-14.7275698	65.7390303
	-14.7278541	65.7389091
	-14.7281331	65.7389157
	-14.7284013	65.7389928
	-14.728691	65.7389708
	-14.7289324	65.7389972
	-14.7292596	65.7389553
	-14.7295868	65.7387239
	-14.7299302	65.7385784
	-14.7304612	65.7384374
	-14.7308743	65.7384351
	-14.7311264	65.7384947
	-14.7312069	65.7385939
	-14.7313839	65.7387195
	-14.7316736	65.7386908
	-14.7317219	65.738585
	-14.7318614	65.7385101
	-14.7319901	65.7385013
	-14.73221	65.7384836
	-14.7324193	65.7383536
	-14.7325802	65.7381398
	-14.7326714	65.7380362
	-14.7328377	65.7378951
	-14.7329128	65.7377077
	-14.7331435	65.737441
	-14.7331542	65.7371941
	-14.73324	65.7371082
	-14.7334385	65.7370001
	-14.7337389	65.7369098
	-14.7341037	65.7368546
	-14.7345114	65.7368062
	-14.7348064	65.73674
	-14.7349459	65.7366386
	-14.7352356	65.7365174
	-14.7355038	65.7364094
	-14.7358203	65.7362528
	-14.7359866	65.7360721
	-14.7360295	65.7358252
	-14.7361153	65.735737
	-14.7364157	65.7356069
	-14.7366679	65.7354967
	-14.7369361	65.7353931
	-14.736979	65.7352278
	-14.7374511	65.7350823
	-14.7377676	65.7350117
	-14.7381967	65.7349698
	-14.7384971	65.7349742
	-14.7388619	65.7349808
	-14.7391999	65.7349544
	-14.7395432	65.7348728
	-14.7398436	65.7347582
	-14.7401279	65.7345421
	-14.7404659	65.7344253
	-14.7407663	65.7343658
	-14.7414047	65.7342842
	-14.7415012	65.734293
	-14.741689	65.7343702
	-14.7417533	65.7344495
	-14.7418177	65.7345267
	-14.7419196	65.7345884
	-14.7421289	65.7345157
	-14.7423059	65.7344341
	-14.7425634	65.7343944
	-14.7428155	65.734368
	-14.7429389	65.7343371
	-14.7430247	65.7342335
	-14.7432822	65.7341938
	-14.7436148	65.7341982
	-14.7438455	65.7342313
	-14.7440332	65.734293
	-14.7443444	65.7343018
	-14.7447145	65.7343239
	-14.7450203	65.7343547
	-14.7451061	65.7343812
	-14.745267	65.7343944
	-14.745487	65.7343062
	-14.7457284	65.7342004
	-14.7458839	65.7341166
	-14.7459269	65.7341144
	-14.7460985	65.7341718
	-14.7461575	65.7342489
	-14.7462434	65.7342974
	-14.7465491	65.7342511
	-14.7467583	65.7342092
	-14.7471607	65.7342114
	-14.7474128	65.7342379
	-14.7477132	65.7342181
	-14.7482497	65.7342026
	-14.7491294	65.7341674
	-14.7499341	65.7343085
	-14.7501487	65.7343856
	-14.750433	65.7344429
	-14.750787	65.7344363
	-14.7511357	65.7344892
	-14.7515112	65.7344628
	-14.7520369	65.7344804
	-14.7524446	65.7345443
	-14.7524661	65.7346061
	-14.75245	65.7347406
	-14.752568	65.7348177
	-14.7526538	65.734853
	-14.752804	65.7349169
	-14.7530079	65.734939
	-14.7531098	65.7348816
	-14.7531635	65.7347031
	-14.7533566	65.7343283
	-14.7533727	65.7341938
	-14.7534156	65.7340659
	-14.7535926	65.7340505
	-14.7538823	65.7340726
	-14.7541612	65.7341078
	-14.7542471	65.7343195
	-14.7543973	65.7345862
	-14.7544992	65.7348486
	-14.7547513	65.7348309
	-14.7547728	65.7347339
	-14.7549927	65.7346788
	-14.755379	65.7346083
	-14.7556204	65.7343415
	-14.7556472	65.7342666
	-14.7556579	65.7341762
	-14.7555828	65.7340681
	-14.7555721	65.7339888
	-14.755674	65.7338874
	-14.7559905	65.7337066
	-14.7561836	65.7335765
	-14.7562265	65.733528
	-14.7562534	65.7334398
	-14.7563231	65.7333737
	-14.7564411	65.7333142
	-14.7567415	65.7332833
	-14.7570473	65.7332436
	-14.7572404	65.7332348
	-14.7575676	65.7332657
	-14.7582114	65.7332127
	-14.7585279	65.733226
	-14.758839	65.733237
	-14.7590697	65.7332083
	-14.7593647	65.7332194
	-14.7597402	65.7332304
	-14.7601533	65.733248
	-14.7604698	65.7332634
	-14.7605825	65.7333318
	-14.7605985	65.7333979
	-14.7606629	65.7334597
	-14.7607595	65.7335501
	-14.7609419	65.7336603
	-14.7611779	65.733636
	-14.7613442	65.7335456
	-14.7615641	65.7334222
	-14.7617465	65.7333979
	-14.762165	65.7334288
	-14.7625083	65.7334486
	-14.7629535	65.7334288
	-14.7637153	65.7333957
	-14.7649813	65.7334045
	-14.7661346	65.7334641
	-14.7669178	65.7335346
	-14.7669125	65.7336978
	-14.7668588	65.7339579
	-14.7667837	65.7341409
	-14.7666711	65.7343503
	-14.7666979	65.7344187
	-14.7667408	65.7344165
	-14.7668481	65.7343525
	-14.7669768	65.7342159
	-14.7670895	65.7340902
	-14.7671592	65.7339491
	-14.767229	65.7337507
	-14.7672451	65.7336316
	-14.7672612	65.7335324
	-14.7674382	65.733431
	-14.7677171	65.7332083
	-14.768157	65.7328975
	-14.7685862	65.7327983
	-14.7688812	65.7327718
	-14.7689939	65.7327387
	-14.7691226	65.7326329
	-14.7694445	65.7325976
	-14.7698414	65.7325866
	-14.7701687	65.732494
	-14.7704905	65.7324256
	-14.7712094	65.7324433
	-14.7716332	65.7325116
	-14.7720355	65.7326175
	-14.7721857	65.7326814
	-14.772411	65.7327431
	-14.7725934	65.7327145
	-14.7732693	65.732516
	-14.7740471	65.7322603
	-14.7742617	65.7319053
	-14.7743475	65.7317995
	-14.7745675	65.7317223
	-14.775061	65.7316275
	-14.7756136	65.7315415
	-14.7760159	65.7314136
	-14.776327	65.7312439
	-14.7764343	65.7309175
	-14.7767562	65.7306
	-14.7772873	65.7302803
	-14.7778183	65.7299915
	-14.7783226	65.7300863
	-14.7785318	65.7300488
	-14.7788483	65.7298856
	-14.7788537	65.7297555
	-14.7791487	65.7294358
	-14.7792614	65.7292991
	-14.7792131	65.7292109
	-14.7791594	65.7290543
	-14.7793043	65.7289044
	-14.7795993	65.7287655
	-14.77983	65.7286155
	-14.7803932	65.728298
	-14.7806937	65.7282649
	-14.780758	65.7281569
	-14.7807366	65.7280753
	-14.78064	65.727879
	-14.7809565	65.7277555
	-14.7812194	65.7277379
	-14.7815573	65.7278548
	-14.7821689	65.7279121
	-14.7830701	65.7277886
	-14.7833276	65.7276453
	-14.7835475	65.7275549
	-14.784143	65.7275482
	-14.7845239	65.7276629
	-14.7847492	65.7277599
	-14.7851086	65.7278195
	-14.7855967	65.7278415
	-14.7857738	65.7276938
	-14.7859079	65.7275659
	-14.7857899	65.727438
	-14.7857308	65.7272704
	-14.7858381	65.7272086
	-14.7861385	65.7271006
	-14.7863424	65.7270896
	-14.7865838	65.7271028
	-14.7867233	65.7269991
	-14.7867501	65.7268602
	-14.7867501	65.726622
	-14.7868574	65.7264037
	-14.7870022	65.7263177
	-14.7871417	65.7262295
	-14.78719	65.7260553
	-14.7872275	65.7259538
	-14.7874636	65.7257929
	-14.7876513	65.7255348
	-14.7878176	65.7254356
	-14.788059	65.7253871
	-14.788295	65.7253562
	-14.7883862	65.7253099
	-14.7885847	65.7251908
	-14.788751	65.7251048
	-14.7890943	65.7250077
	-14.7891855	65.7248423
	-14.7894377	65.724699
	-14.7895986	65.7245623
	-14.7896361	65.7242932
	-14.789781	65.7240616
	-14.7901297	65.7238455
	-14.7904891	65.7238278
	-14.7906178	65.7237815
	-14.790709	65.7236514
	-14.79087	65.7235676
	-14.7909665	65.7234419
	-14.7910523	65.7232147
	-14.7911596	65.723036
	-14.7916371	65.7228353
	-14.7921789	65.7227846
	-14.7927958	65.7227317
	-14.7932947	65.7226876
	-14.7936219	65.7226677
	-14.7938794	65.7225663
	-14.7941101	65.7223611
	-14.7947593	65.7221916
	-14.7958387	65.7218907
	-14.7963772	65.7215775
	-14.7966734	65.7212767
	-14.7967313	65.7210658
	-14.7969866	65.720802
	-14.7974609	65.7208029
	-14.7980531	65.7207967
	-14.7986046	65.720712
	-14.7989951	65.7206291
	-14.7996865	65.7202934
	-14.8016838	65.7199097
	-14.8028356	65.7196279
	-14.8034625	65.7194421
	-14.8045997	65.7191603
	-14.807326	65.7189745
	-14.8115393	65.7190404
	-14.8167878	65.7192862
	-14.8227507	65.7201795
	-14.8294425	65.7215942
	-14.835245	65.7231827
	-14.8386417	65.7243147
	-14.8434976	65.7260543
	-14.845629	65.7270497
	-14.8475924	65.7279706
	-14.8508283	65.7299366
	-14.8525577	65.7312966
	-14.8541971	65.732698
	-14.8550284	65.7335545
	-14.8555854	65.7343964
	-14.8557141	65.7353082
	-14.855536	65.7360313
	-14.854755	65.7368488
	-14.8529225	65.7375982
	-14.8513202	65.7381637
	-14.8495107	65.7384394
	-14.8484958	65.73877
	-14.8475731	65.7388855
	-14.8466247	65.7389675
	-14.8460067	65.7395318
	-14.8459058	65.7398704
	-14.8455067	65.7399391
	-14.8450325	65.7401595
	-14.8446397	65.7406913
	-14.8441485	65.7409239
	-14.8435434	65.7410659
	-14.8433545	65.7412748
	-14.8431614	65.7417271
	-14.8430477	65.7420224
	-14.8427666	65.7422692
	-14.8422795	65.742405
	-14.8415757	65.7427426
	-14.841065	65.7431429
	-14.8409749	65.7436013
	-14.8408633	65.7440076
	-14.8405882	65.7444286
	-14.8399642	65.7450425
	-14.8392175	65.7453739
	-14.8381664	65.7456036
	-14.8376082	65.7459169
	-14.8374685	65.7460173
	-14.837244	65.7461023
	-14.8369112	65.7461395
	-14.8365803	65.7461443
	-14.8363493	65.7460372
	-14.8360612	65.7458497
	-14.8359976	65.7458063
	-14.8359298	65.7457829
	-14.8357214	65.745774
	-14.8354829	65.7457577
	-14.835392	65.7457604
	-14.8353391	65.7457815
	-14.8352923	65.7458226
	-14.8352324	65.7458821
	-14.8352533	65.745995
	-14.8353348	65.7460718
	-14.8356341	65.7462316
	-14.8357049	65.7465286
	-14.8356813	65.7468662
	-14.8355375	65.7471544
	-14.8350826	65.7473739
	-14.8346492	65.7474479
	-14.83425	65.747358
	-14.8337801	65.747329
	-14.8333982	65.7476753
	-14.8331149	65.7479935
	-14.8330806	65.7481782
	-14.8328167	65.7482835
	-14.832763	65.748488
	-14.8327888	65.7486748
	-14.8326944	65.7487634
	-14.8328038	65.7488542
	-14.8330098	65.7488868
	-14.833292	65.7488692
	-14.8336031	65.7488246
	-14.8338788	65.7489106
	-14.8340666	65.7490062
	-14.8340634	65.7491027
	-14.8339219	65.7491913
	-14.8336288	65.7492296
	-14.8332614	65.7492141
	-14.832954	65.7492296
	-14.832645	65.749297
	-14.8324884	65.7494363
	-14.8323725	65.7495456
	-14.8324165	65.7496681
	-14.8324605	65.7498227
	-14.8323757	65.7499774
	-14.8321547	65.7501074
	-14.8317159	65.7502854
	-14.8313339	65.7503207
	-14.8310142	65.7503542
	-14.8307009	65.7503674
	-14.8304209	65.7504449
	-14.8304349	65.7505771
	-14.8305861	65.7506798
	-14.8305175	65.7508036
	-14.8304456	65.7509006
	-14.8299843	65.7509186
	-14.8298201	65.7508314
	-14.8297386	65.7506908
	-14.8295497	65.7508023
	-14.829391	65.7509684
	-14.8293738	65.7513892
	-14.8290251	65.7519898
	-14.8289457	65.7523234
	-14.8287343	65.7525009
	-14.8283202	65.7526406
	-14.827772	65.7526706
	-14.8271894	65.7526622
	-14.8267431	65.7525683
	-14.8264437	65.7524758
	-14.8260543	65.7524317
	-14.8258458	65.7524844
	-14.8257582	65.7525066
	-14.8257117	65.7525581
	-14.8250404	65.7533019
	-14.8248484	65.7534368
	-14.8245576	65.7542593
	-14.8239701	65.7547062
	-14.8212027	65.7564886
	-14.8199914	65.7573005
	-14.8199151	65.757499
	-14.8199045	65.7575264
	-14.8200593	65.7575173
	-14.8203544	65.7574998
	-14.820681	65.7574805
	-14.8208422	65.757471
	-14.8210139	65.7575124
	-14.8210253	65.7575658
	-14.8210012	65.7576178
	-14.8209328	65.7576709
	-14.8208467	65.7577261
	-14.820771	65.7577873
	-14.820656	65.7578427
	-14.8205718	65.7578573
	-14.8204559	65.7578734
	-14.8204014	65.7578936
	-14.8203118	65.7579038
	-14.8201941	65.7578938
	-14.8200375	65.757891
	-14.8198862	65.7579055
	-14.8198411	65.7579559
	-14.8197711	65.7580342
	-14.8197139	65.7580981
	-14.8200664	65.7581519
	-14.8198693	65.7582543
	-14.8196992	65.7583387
	-14.8195689	65.7584434
	-14.8195337	65.7585232
	-14.8195955	65.7586009
	-14.8197189	65.758704
	-14.8197908	65.7588062
	-14.8199152	65.7589044
	-14.8197296	65.7592251
	-14.8194775	65.759433
	-14.8193423	65.7596427
	-14.8192146	65.7598475
	-14.8191084	65.7600299
	-14.8189561	65.7601453
	-14.818749	65.760214
	-14.8185377	65.7602347
	-14.8182523	65.7602435
	-14.8179883	65.7602219
	-14.8178639	65.7601598
	-14.8178864	65.7601008
	-14.8180034	65.7600704
	-14.817851	65.7600312
	-14.8174583	65.7599977
	-14.8172706	65.7598889
	-14.8171899	65.7598968
	-14.8169014	65.7599252
	-14.8168135	65.7599338
	-14.8159595	65.7601792
	-14.8156827	65.7604622
	-14.8156623	65.7606086
	-14.8155186	65.7607985
	-14.8150894	65.7609791
	-14.8146779	65.7610748
	-14.8144328	65.7611318
	-14.8142847	65.7611663
	-14.8136839	65.7613363
	-14.8135219	65.7614442
	-14.8134415	65.7616332
	-14.8134404	65.7617807
	-14.8133106	65.7619565
	-14.813214	65.7620996
	-14.813022	65.7621815
	-14.8127484	65.7622036
	-14.8123782	65.7621617
	-14.8120092	65.7621084
	-14.8117549	65.7621442
	-14.8110901	65.7626099
	-14.8092227	65.7634455
	-14.8089671	65.7635599
	-14.8084976	65.7642154
	-14.8075524	65.7650403
	-14.8072005	65.7655432
	-14.8070256	65.7657361
	-14.8066791	65.7658696
	-14.8063025	65.7660682
	-14.8058917	65.7662801
	-14.8058454	65.7664777
	-14.8057371	65.7666415
	-14.8054356	65.7666838
	-14.8049367	65.7667957
	-14.8044571	65.7669753
	-14.8037898	65.7672189
	-14.8033843	65.7673642
	-14.8029036	65.7674144
	-14.8014327	65.7675725
	-14.8010014	65.767639
	-14.8006055	65.7676861
	-14.8002669	65.7676732
	-14.8000379	65.7677697
	-14.7997343	65.7678318
	-14.7993695	65.7678671
	-14.7990165	65.7678406
	-14.7986743	65.7678054
	-14.7984491	65.7677392
	-14.7983996	65.7676306
	-14.7984007	65.7674963
	-14.798213	65.7674514
	-14.7979651	65.7674994
	-14.7976658	65.7674624
	-14.7975724	65.7673695
	-14.7972989	65.7673787
	-14.7971577	65.7674202
	-14.7971508	65.7677143
	-14.7972559	65.7679815
	-14.7972656	65.7681454
	-14.7970199	65.7682814
	-14.7969201	65.7683501
	-14.7967481	65.7683983
	-14.7966937	65.7684135
	-14.7965006	65.7684091
	-14.796458	65.7683428
	-14.7964655	65.7681554
	-14.7963966	65.7679934
	-14.7964266	65.7678371
	-14.7964212	65.7676614
	-14.7963687	65.7675236
	-14.7961562	65.7675289
	-14.7959052	65.7675592
	-14.7957496	65.7676099
	-14.7956187	65.7677319
	-14.7956348	65.7678428
	-14.7956423	65.7679815
	-14.7956434	65.7681075
	-14.7957968	65.7682546
	-14.7958698	65.768336
	-14.7958505	65.7684007
	-14.7956809	65.7684888
	-14.7956176	65.7685985
	-14.795269	65.7686346
	-14.794813	65.7686385
	-14.7943431	65.7686086
	-14.7938506	65.7684844
	-14.7922964	65.7680713
	-14.7920927	65.7681312
	-14.7918995	65.7681534
	-14.7917584	65.7680926
	-14.7917219	65.768025
	-14.7915095	65.7680854
	-14.7912338	65.7682371
	-14.7911039	65.7683872
	-14.7911603	65.7684832
	-14.7910852	65.7686455
	-14.7909017	65.7688436
	-14.7906249	65.7691164
	-14.7904522	65.7692276
	-14.7903379	65.7693185
	-14.790376	65.7694097
	-14.7903851	65.7695257
	-14.7903411	65.7696197
	-14.7902118	65.7697038
	-14.7901252	65.769763
	-14.7899356	65.7698007
	-14.7898878	65.7699594
	-14.7898943	65.770064
	-14.78981	65.7701771
	-14.7896791	65.7702841
	-14.7893685	65.7705025
	-14.7890896	65.7707225
	-14.7888922	65.7708869
	-14.7887801	65.7709954
	-14.7886824	65.7710657
	-14.7885306	65.771117
	-14.7883713	65.7711352
	-14.7882576	65.7710798
	-14.78805	65.771045
	-14.7880607	65.7709816
	-14.7880156	65.7709327
	-14.7879255	65.7708781
	-14.7877834	65.7708596
	-14.787631	65.7708702
	-14.7873596	65.7709325
	-14.7872131	65.7709662
	-14.7870549	65.7709391
	-14.7868446	65.7709719
	-14.7867073	65.7710604
	-14.7866477	65.7711694
	-14.7865168	65.7713483
	-14.7864026	65.7714842
	-14.7863639	65.7716026
	-14.7863698	65.7716975
	-14.7863988	65.7717996
	-14.7862271	65.7719599
	-14.7860635	65.7721169
	-14.7859772	65.7721924
	-14.785886	65.7722445
	-14.7858361	65.7723161
	-14.7858522	65.7723841
	-14.7858747	65.7725292
	-14.7858237	65.7725838
	-14.7857486	65.7726945
	-14.7857712	65.7727773
	-14.7860265	65.7729159
	-14.7862652	65.7731484
	-14.7864594	65.7732118
	-14.7866204	65.7732943
	-14.7867689	65.7733912
	-14.7868955	65.7735429
	-14.7867781	65.7736778
	-14.7865994	65.7738537
	-14.7864739	65.7741064
	-14.7864578	65.7742173
	-14.7864632	65.7742613
	-14.7866558	65.7742906
	-14.7869154	65.7741887
	-14.7871096	65.7740263
	-14.7872163	65.7739477
	-14.7873698	65.7739873
	-14.787609	65.7740738
	-14.7878992	65.7741676
	-14.7881004	65.7742609
	-14.7881905	65.774334
	-14.7881894	65.7744172
	-14.7880961	65.774518
	-14.7879566	65.7745891
	-14.787852	65.774675
	-14.7876643	65.774754
	-14.787513	65.7747863
	-14.7873767	65.7747876
	-14.7871133	65.7747075
	-14.7869916	65.7746129
	-14.7869492	65.7745138
	-14.7869529	65.7744599
	-14.7868553	65.7744654
	-14.7867067	65.7745345
	-14.7865678	65.7746397
	-14.7864015	65.7747036
	-14.7862717	65.7747894
	-14.7861531	65.7749292
	-14.7860201	65.7750271
	-14.7859043	65.7751251
	-14.7859836	65.7751878
	-14.7860533	65.7752642
	-14.786151	65.7753518
	-14.7862486	65.7754447
	-14.786277	65.7755743
	-14.7861622	65.7758519
	-14.785894	65.7761435
	-14.7854826	65.7764409
	-14.7847594	65.7768294
	-14.7846779	65.7767829
	-14.7844928	65.7768879
	-14.7842123	65.7771208
	-14.7839854	65.7773129
	-14.7838191	65.7774593
	-14.7835353	65.7775482
	-14.7832193	65.7776089
	-14.7829017	65.7776609
	-14.782689	65.7776773
	-14.7825418	65.7775891
	-14.7824801	65.7771452
	-14.7823122	65.7772024
	-14.782169	65.7773164
	-14.7819624	65.7774324
	-14.7817382	65.7775139
	-14.7815655	65.7775977
	-14.7813718	65.7777212
	-14.7812935	65.7778396
	-14.7812457	65.7779457
	-14.7813015	65.7780132
	-14.7814877	65.7780661
	-14.7815547	65.7781217
	-14.7814866	65.778225
	-14.7812999	65.7784226
	-14.7810296	65.7784428
	-14.780742	65.778633
	-14.7806943	65.7787406
	-14.7804647	65.7789129
	-14.7802362	65.7790725
	-14.7800439	65.779166
	-14.7798462	65.7791913
	-14.7795962	65.7793113
	-14.7793365	65.7794288
	-14.7790131	65.779525
	-14.7786456	65.7796641
	-14.778284	65.7797994
	-14.7781017	65.7798912
	-14.7779536	65.7799218
	-14.7778066	65.7799156
	-14.7777498	65.7798676
	-14.7776924	65.7798436
	-14.7776178	65.7799039
	-14.7775926	65.7800052
	-14.7775599	65.7801049
	-14.776811	65.7805287
	-14.7766897	65.7806557
	-14.7765487	65.7807646
	-14.7759371	65.7810076
	-14.77234	65.78289
	-14.7715619	65.7835516
	-14.7711553	65.7839767
	-14.7709643	65.7842891
	-14.7704751	65.7843882
	-14.7698056	65.7846944
	-14.7692591	65.7850493
	-14.7691747	65.7852771
	-14.7690041	65.7854738
	-14.7684495	65.7856652
	-14.7679946	65.785755
	-14.7673079	65.7860815
	-14.7669828	65.7864419
	-14.7664979	65.7866874
	-14.7658391	65.7868278
	-14.7653628	65.7870003
	-14.7649969	65.7871851
	-14.7647373	65.787582
	-14.764616	65.7880488
	-14.7643725	65.7886639
	-14.764115	65.7891136
	-14.7640506	65.7894304
	-14.7640801	65.7896426
	-14.7643146	65.7897947
	-14.7647405	65.7898734
	-14.765351	65.7902778
	-14.7661149	65.7906847
	-14.766603	65.7907741
	-14.7673776	65.7907661
	-14.7678937	65.7908326
	-14.7682681	65.790914
	-14.7686104	65.7908695
	-14.7689441	65.7907349
	-14.7694365	65.790591
	-14.7697562	65.7904876
	-14.7702728	65.7904241
	-14.7708382	65.7903889
	-14.7711703	65.7903361
	-14.7711419	65.7902751
	-14.7709949	65.7902133
	-14.7709815	65.7901341
	-14.7710356	65.7900723
	-14.7712095	65.7900301
	-14.7714412	65.789998
	-14.7718022	65.7900248
	-14.7720721	65.7900622
	-14.7721772	65.7901115
	-14.7720581	65.790221
	-14.7720265	65.790335
	-14.7721906	65.7903414
	-14.7722716	65.7904368
	-14.772336	65.7905059
	-14.7724626	65.7905063
	-14.7725468	65.7904472
	-14.7725768	65.7903009
	-14.7726541	65.7901392
	-14.7729202	65.7900862
	-14.7731428	65.7899711
	-14.7733263	65.7898404
	-14.7737136	65.7898317
	-14.7742259	65.78988
	-14.7745172	65.7899683
	-14.774758	65.790042
	-14.7751689	65.790102
	-14.7753422	65.7902465
	-14.775486	65.7901964
	-14.7762155	65.7896433
	-14.7770615	65.7892155
	-14.7775733	65.7890513
	-14.7779214	65.788977
	-14.7783565	65.7890285
	-14.7784954	65.7891209
	-14.7786816	65.7891393
	-14.7788119	65.7892034
	-14.7789669	65.7891792
	-14.7791198	65.7890953
	-14.7792679	65.7889746
	-14.7792362	65.7889156
	-14.7793902	65.7888648
	-14.7795104	65.7888146
	-14.779564	65.7887618
	-14.7795774	65.7886516
	-14.7797383	65.7885242
	-14.7798081	65.7884334
	-14.780005	65.7883916
	-14.7802512	65.7884974
	-14.7804357	65.7885854
	-14.7805736	65.7885786
	-14.7807511	65.7885264
	-14.780911	65.7884087
	-14.7810752	65.7883117
	-14.7812474	65.7882286
	-14.7815279	65.788203
	-14.7817994	65.7881753
	-14.7820289	65.7881181
	-14.782199	65.7880369
	-14.7826083	65.7878385
	-14.7829613	65.7877459
	-14.783178	65.7877234
	-14.7839124	65.7877156
	-14.7842723	65.7877718
	-14.7844531	65.7878471
	-14.7846033	65.7878882
	-14.7847932	65.7878497
	-14.7849579	65.7876282
	-14.7851081	65.7877063
	-14.7851237	65.7877804
	-14.7852379	65.7878202
	-14.7853624	65.7877899
	-14.7854536	65.7876746
	-14.7855217	65.7874596
	-14.7856676	65.787349
	-14.7859037	65.7873318
	-14.786203	65.7873848
	-14.7864031	65.7874385
	-14.7863366	65.7875338
	-14.7862073	65.7876262
	-14.7862856	65.7877289
	-14.7863967	65.7877894
	-14.7866037	65.7878502
	-14.7868736	65.7878653
	-14.7870538	65.7878466
	-14.78724	65.78777
	-14.7873011	65.7876517
	-14.7875457	65.7874907
	-14.7878236	65.7872198
	-14.7880929	65.7870762
	-14.7884469	65.7869706
	-14.7891277	65.7868423
	-14.7895268	65.7867671
	-14.7897349	65.7867701
	-14.7898229	65.7867068
	-14.7898814	65.7865976
	-14.7898363	65.7864749
	-14.7898407	65.7863164
	-14.789847	65.7860921
	-14.7899474	65.7857933
	-14.7901614	65.7856256
	-14.7904897	65.7854775
	-14.7910219	65.7853512
	-14.7917391	65.7852964
	-14.7924252	65.7852023
	-14.7928785	65.7851448
	-14.7932583	65.7850432
	-14.7934015	65.7849745
	-14.7934906	65.7848637
	-14.7936209	65.7847904
	-14.7937904	65.7846999
	-14.7941069	65.7845816
	-14.7944776	65.7844709
	-14.7947394	65.7844526
	-14.7949336	65.7844082
	-14.7951621	65.7842484
	-14.7952474	65.7840955
	-14.7954153	65.783883
	-14.7958843	65.7836952
	-14.796188	65.7836048
	-14.7964304	65.7834363
	-14.7966852	65.7832664
	-14.7975897	65.7828861
	-14.7984056	65.7825226
	-14.7987355	65.7823602
	-14.798941	65.7822181
	-14.7990633	65.7820953
	-14.7993428	65.7819569
	-14.7995815	65.7817954
	-14.8000654	65.7816057
	-14.8002402	65.7814871
	-14.8005283	65.781278
	-14.8008695	65.7810782
	-14.8012825	65.7808588
	-14.8016688	65.7806574
	-14.8018404	65.7805551
	-14.8020491	65.780491
	-14.8023442	65.7804382
	-14.8026	65.7803988
	-14.8028066	65.7803038
	-14.8032035	65.7801319
	-14.803564	65.7799435
	-14.8039084	65.779719
	-14.8042469	65.779541
	-14.80455	65.7793553
	-14.8046707	65.779276
	-14.8048192	65.7792294
	-14.8049105	65.7791568
	-14.8050301	65.7790826
	-14.8051401	65.7790185
	-14.805315	65.7789787
	-14.8054185	65.7789037
	-14.8055612	65.7787861
	-14.8057538	65.7787102
	-14.8059705	65.7786116
	-14.8061368	65.7785526
	-14.8064125	65.7784677
	-14.8066137	65.7783455
	-14.8067993	65.7782368
	-14.8071067	65.7781433
	-14.8074602	65.7780935
	-14.8077161	65.7780761
	-14.8079693	65.7780577
	-14.8081436	65.7779949
	-14.808289	65.7778974
	-14.8084338	65.7777865
	-14.8085739	65.7777007
	-14.8086935	65.7776582
	-14.8088485	65.7776479
	-14.8090953	65.7776243
	-14.8092959	65.7775988
	-14.8093501	65.7775402
	-14.8093597	65.7774454
	-14.8094236	65.7773538
	-14.8095303	65.7772942
	-14.8096424	65.7772422
	-14.8096076	65.7771504
	-14.8096188	65.7770168
	-14.8097809	65.7768877
	-14.8100523	65.7767118
	-14.8110292	65.7763524
	-14.8115549	65.7761439
	-14.8117619	65.776101
	-14.8119862	65.7760081
	-14.8122656	65.7758622
	-14.8123767	65.7756998
	-14.8125838	65.7755406
	-14.8129131	65.7753412
	-14.8132559	65.7751704
	-14.8135252	65.7750702
	-14.813757	65.7750205
	-14.8139334	65.7749719
	-14.8140305	65.7749318
	-14.8140933	65.774862
	-14.8141491	65.7747779
	-14.8143175	65.774702
	-14.8145031	65.7746194
	-14.8145906	65.7745413
	-14.8147183	65.7744537
	-14.8149157	65.7744275
	-14.8151115	65.7743577
	-14.8152987	65.7742248
	-14.8154001	65.7741462
	-14.8155959	65.7740441
	-14.8157568	65.7739859
	-14.8158432	65.7738983
	-14.8159337	65.773822
	-14.8161473	65.7737872
	-14.8163088	65.7737601
	-14.8164231	65.7737462
	-14.8165169	65.7736855
	-14.8164633	65.7736302
	-14.8164746	65.773551
	-14.8165089	65.77349
	-14.8166291	65.7734374
	-14.8168308	65.7733799
	-14.8170486	65.7733273
	-14.8172647	65.7732008
	-14.8172712	65.7730975
	-14.8172835	65.7729835
	-14.8173109	65.772869
	-14.8173854	65.7727774
	-14.8176344	65.7726702
	-14.8180147	65.7725963
	-14.8185892	65.7724701
	-14.8189846	65.7723493
	-14.8192206	65.7721868
	-14.8195226	65.7720873
	-14.8198177	65.7720563
	-14.8200811	65.7719746
	-14.8207683	65.771679
	-14.8208412	65.7715698
	-14.820941	65.7715271
	-14.8212232	65.7714837
	-14.8213771	65.7714258
	-14.8215075	65.7713547
	-14.8216266	65.7712695
	-14.8219302	65.7711524
	-14.8220616	65.7709829
	-14.822332	65.7707618
	-14.8226361	65.7706159
	-14.823296	65.7705051
	-14.8239746	65.7704054
	-14.8245319	65.7703246
	-14.824952	65.7702843
	-14.82524	65.7701978
	-14.8254149	65.7700954
	-14.8249396	65.7699596
	-14.8252765	65.7698616
	-14.825549	65.7697172
	-14.8256633	65.7695684
	-14.8258956	65.769464
	-14.8261933	65.7693476
	-14.8263982	65.7692447
	-14.8265334	65.7691895
	-14.8266568	65.7692819
	-14.8266927	65.7693989
	-14.826749	65.7695177
	-14.8269019	65.7697038
	-14.8273037	65.7701478
	-14.8278139	65.7706359
	-14.8281111	65.7709214
	-14.8283981	65.7710956
	-14.8286936	65.7712959
	-14.8289061	65.7713895
	-14.8289522	65.7714597
	-14.8289071	65.7715139
	-14.8288551	65.7715836
	-14.8289833	65.7716785
	-14.8292376	65.7717166
	-14.8294634	65.7716724
	-14.8299843	65.7715372
	-14.8301313	65.7714386
	-14.8299961	65.7713333
	-14.8292118	65.7709201
	-14.8286212	65.7705787
	-14.8281663	65.7702013
	-14.8278777	65.769844
	-14.8276884	65.7693819
	-14.8276326	65.7692505
	-14.8276873	65.769147
	-14.8279748	65.7690649
	-14.8284549	65.7689469
	-14.8287516	65.7688425
	-14.8288932	65.7687846
	-14.828935	65.7686353
	-14.8291443	65.7684861
	-14.8295401	65.7683346
	-14.8297574	65.7681492
	-14.8300321	65.7680037
	-14.8314864	65.7673872
	-14.8328769	65.7667388
	-14.8334508	65.7664712
	-14.8347141	65.7660953
	-14.8361191	65.7655376
	-14.83681	65.7653088
	-14.8375031	65.7649303
	-14.8383614	65.7646125
	-14.8393715	65.7644091
	-14.8400898	65.7642501
	-14.8408365	65.7639973
	-14.8415586	65.7636776
	-14.8421728	65.7632823
	-14.8430515	65.7628788
	-14.8439747	65.7625272
	-14.8462262	65.7617231
	-14.8481472	65.7611507
	-14.8487668	65.7609708
	-14.8495349	65.7604876
	-14.8502382	65.7602332
	-14.8515284	65.7596179
	-14.8527788	65.7591646
	-14.8540958	65.7587177
	-14.854534	65.758571
	-14.8549761	65.7583904
	-14.8552668	65.7582931
	-14.8556992	65.7582559
	-14.8559159	65.758207
	-14.8563204	65.75802
	-14.8570698	65.7576257
	-14.8581926	65.7571442
	-14.8589667	65.757038
	-14.8601297	65.7566799
	-14.8608313	65.7564107
	-14.8614348	65.7562235
	-14.8623672	65.75569
	-14.8637517	65.7551194
	-14.8646803	65.7547108
	-14.8662998	65.7540275
	-14.8665788	65.7539821
	-14.8672134	65.7537675
	-14.8679043	65.7536149
	-14.8686827	65.753252
	-14.8699439	65.7526669
	-14.870674	65.7524338
	-14.8710674	65.7522645
	-14.8711568	65.7522261
	-14.8720585	65.7515713
	-14.8726239	65.7512199
	-14.8734747	65.7508824
	-14.8746908	65.7502798
	-14.8754445	65.7500068
	-14.8761274	65.7499169
	-14.877276	65.7498418
	-14.8778762	65.7498284
	-14.8782952	65.7497816
	-14.879161	65.7495124
	-14.8804329	65.7490764
	-14.8814194	65.7485324
	-14.8838714	65.7487384
	-14.884175	65.7488829
	-14.8842158	65.7491041
	-14.8847201	65.7492971
	-14.8862908	65.7496303
	-14.8884966	65.7501181
	-14.8893603	65.7504711
	-14.8902862	65.7508764
	-14.891049	65.7513955
	-14.8910211	65.7515916
	-14.8908924	65.7518423
	-14.8908859	65.7520917
	-14.8909889	65.7522428
	-14.8914041	65.7526288
	-14.8919889	65.7530359
	-14.8920909	65.7531135
	-14.8926437	65.7535343
	-14.8932205	65.7539726
	-14.8932076	65.7541533
	-14.8933557	65.754311
	-14.8937044	65.7543951
	-14.8940981	65.7544736
	-14.8945015	65.7545251
	-14.8951056	65.7543744
	-14.8957289	65.754255
	-14.8962461	65.7541467
	-14.8970479	65.7544496
	-14.8978994	65.7547895
	-14.898306	65.755256
	-14.8987416	65.7557248
	-14.8987211	65.7560113
	-14.8987031	65.7562623
	-14.898591	65.7563775
	-14.8984219	65.7565456
	-14.8987906	65.7567193
	-14.8988517	65.7568832
	-14.8987906	65.7570755
	-14.8985406	65.7572528
	-14.8981565	65.7574381
	-14.8977365	65.7575303
	-14.8972338	65.7576691
	-14.8970273	65.7578123
	-14.8967317	65.7581988
	-14.8964817	65.7582986
	-14.8960998	65.7583537
	-14.8952506	65.758405
	-14.8947008	65.7585259
	-14.8942786	65.7586338
	-14.8939551	65.7587935
	-14.8936783	65.7589378
	-14.8933687	65.7590982
	-14.893277	65.7591457
	-14.8927111	65.759232
	-14.8917578	65.7592778
	-14.8906935	65.75966
	-14.8906122	65.7596881
	-14.8898422	65.7599538
	-14.8891802	65.7601837
	-14.8888278	65.7605066
	-14.8884635	65.760728
	-14.8879308	65.7608978
	-14.887756	65.7609773
	-14.8874904	65.7610982
	-14.8872802	65.7613959
	-14.8868349	65.7615833
	-14.8862872	65.7617219
	-14.8858049	65.7617611
	-14.8853334	65.7618733
	-14.8850212	65.762068
	-14.8848806	65.7623294
	-14.8849761	65.7625756
	-14.8848753	65.7628
	-14.8844429	65.7629947
	-14.8837166	65.7631154
	-14.8818626	65.7631444
	-14.8802656	65.763042
	-14.8793542	65.7629588
	-14.8782025	65.7628844
	-14.8776328	65.7628903
	-14.8762643	65.7629628
	-14.8744318	65.7630121
	-14.8733927	65.7630956
	-14.8724695	65.7631891
	-14.8720162	65.7631731
	-14.8717142	65.7631288
	-14.8711815	65.7631319
	-14.8700126	65.7632356
	-14.868988	65.7634312
	-14.8684312	65.7635858
	-14.867663	65.7638194
	-14.8670397	65.7639152
	-14.8666363	65.763931
	-14.8664383	65.763961
	-14.8663385	65.7640469
	-14.8663085	65.7641319
	-14.8663342	65.7642261
	-14.8662827	65.7643219
	-14.8662527	65.7644005
	-14.8663208	65.7644571
	-14.8665976	65.7645765
	-14.8668567	65.7647167
	-14.8677649	65.7655775
	-14.8680986	65.7660346
	-14.8682987	65.7665199
	-14.868267	65.7668495
	-14.8681877	65.7670061
	-14.867891	65.7671058
	-14.867656	65.7672218
	-14.8673095	65.7673605
	-14.8668675	65.7674537
	-14.8663943	65.767531
	-14.8661808	65.7675724
	-14.8660086	65.7676842
	-14.8658767	65.7677989
	-14.8656728	65.7678932
	-14.8655006	65.7680112
	-14.8653949	65.7681151
	-14.8653005	65.7682641
	-14.8652131	65.7683813
	-14.8650758	65.7684508
	-14.8649717	65.7685528
	-14.8648354	65.7686673
	-14.8645667	65.7688522
	-14.8641311	65.7690268
	-14.8637379	65.7692001
	-14.8635043	65.7693201
	-14.8633447	65.7695052
	-14.8629997	65.7696897
	-14.8625969	65.7697941
	-14.8620218	65.7698901
	-14.8615717	65.7699618
	-14.861399	65.7700193
	-14.8610937	65.7701527
	-14.8606533	65.770309
	-14.8603481	65.7703821
	-14.8598353	65.7704369
	-14.8591701	65.7704825
	-14.8585446	65.7704946
	-14.8574701	65.7705171
	-14.8563141	65.7706315
	-14.855342	65.7707515
	-14.854746	65.7708581
	-14.8542895	65.7709613
	-14.8539623	65.771096
	-14.853693	65.7712438
	-14.8532719	65.771511
	-14.8529334	65.771714
	-14.8526512	65.7719709
	-14.8523986	65.772219
	-14.8521684	65.772484
	-14.8519361	65.7727876
	-14.8517028	65.773013
	-14.851463	65.7731488
	-14.8510907	65.7732158
	-14.8506063	65.7732296
	-14.8501621	65.7731984
	-14.8492711	65.7730993
	-14.8486322	65.7730401
	-14.8471688	65.7728206
	-14.8455101	65.7725252
	-14.8437474	65.7722782
	-14.8424953	65.7721402
	-14.8418607	65.7720933
	-14.8414004	65.7721461
	-14.8405834	65.7721787
	-14.839914	65.7721598
	-14.8391538	65.7720796
	-14.8384586	65.7720893
	-14.8373353	65.7720574
	-14.8367125	65.7719856
	-14.8361642	65.7719273
	-14.8357376	65.7719343
	-14.8351105	65.7719295
	-14.8342758	65.7719887
	-14.8336578	65.7719863
	-14.8332292	65.7720173
	-14.8329186	65.7720002
	-14.8321965	65.7718599
	-14.8315158	65.7717633
	-14.8310979	65.7717463
	-14.8306489	65.771856
	-14.830341	65.7718518
	-14.8299118	65.7719469
	-14.8296817	65.7720365
	-14.8296656	65.772103
	-14.8297992	65.7721906
	-14.8300454	65.7722542
	-14.8307733	65.772788
	-14.8315233	65.7734218
	-14.831666	65.7735422
	-14.8317491	65.7736395
	-14.8317577	65.7737238
	-14.831629	65.7738603
	-14.8313468	65.7740626
	-14.831143	65.7742869
	-14.8310819	65.7744986
	-14.8313254	65.7747909
	-14.8313222	65.7750335
	-14.831216	65.7751664
	-14.8311355	65.7752672
	-14.8314338	65.7756155
	-14.8316333	65.7759183
	-14.8317299	65.776215
	-14.8316891	65.776646
	-14.8316239	65.7769979
	-14.8316956	65.7772024
	-14.8316505	65.7774749
	-14.831452	65.7776338
	-14.8314123	65.7778895
	-14.8314992	65.778195
	-14.8315185	65.7785146
	-14.8313297	65.7787267
	-14.8309521	65.7788337
	-14.8305465	65.7789186
	-14.8308997	65.7791506
	-14.8313739	65.7794847
	-14.8315059	65.7799002
	-14.8314694	65.7801938
	-14.831272	65.7803667
	-14.8308214	65.7804988
	-14.8303751	65.7804979
	-14.8300865	65.7805159
	-14.8297013	65.7806422
	-14.8292325	65.7808984
	-14.8289524	65.7809922
	-14.8286735	65.7810586
	-14.8286553	65.7812157
	-14.8291391	65.7814499
	-14.8304534	65.7820357
	-14.8312194	65.7825598
	-14.8316035	65.7832274
	-14.8318074	65.7842387
	-14.8322988	65.7845243
	-14.8323642	65.7854986
	-14.8323621	65.7859633
	-14.8322966	65.7862392
	-14.8321893	65.7864629
	-14.832552	65.7874458
	-14.8325466	65.7876838
	-14.8323267	65.7879588
	-14.8317838	65.7883319
	-14.8313546	65.788702
	-14.8311874	65.7889788
	-14.8311551	65.7893118
	-14.8309456	65.7895979
	-14.8306497	65.7898354
	-14.8300586	65.7902177
	-14.829461	65.7905384
	-14.8290275	65.7906854
	-14.8277841	65.7909071
	-14.8272712	65.7909665
	-14.8266297	65.7908772
	-14.8261758	65.7908073
	-14.824603	65.7903303
	-14.8240204	65.7901266
	-14.8237404	65.7898987
	-14.8237653	65.7896024
	-14.8238359	65.7892058
	-14.8239936	65.7888758
	-14.8243433	65.7884261
	-14.8245343	65.7879843
	-14.8246867	65.7877454
	-14.8247575	65.7874453
	-14.8246395	65.7872486
	-14.8245708	65.7870757
	-14.824397	65.7870176
	-14.8239801	65.7870501
	-14.8211901	65.7865299
	-14.8208799	65.78525
	-14.8193299	65.78499
	-14.8090701	65.7828201
	-14.80471	65.7829301
	-14.8040701	65.7837
	-14.80968	65.7839599
	-14.81279	65.78499
	-14.81714	65.78601
	-14.8177699	65.78678
	-14.8205499	65.7880699
	-14.82328	65.79958
	-14.8239192	65.7997911
	-14.8245	65.8031601
	-14.8266457	65.8031601
	-14.8269901	65.8031601
	-14.8269901	65.80367
	-14.8251199	65.8034099
	-14.8255301	65.8037599
	-14.8250575	65.8047076
	-14.8251626	65.8049401
	-14.8250269	65.8083121
	-14.8250234	65.808398
	-14.8244271	65.808697
	-14.8235688	65.8089257
	-14.8208617	65.8090644
	-14.8192953	65.8089852
	-14.817898	65.8093974
	-14.8158836	65.8108053
	-14.8148326	65.8114287
	-14.81384	65.8118401
	-14.8127671	65.8120775
	-14.8113399	65.81235
	-14.81102	65.8138799
	-14.8082099	65.8146399
	-14.80758	65.81515
	-14.8072676	65.81567
	-14.8055839	65.8169416
	-14.8046308	65.8183082
	-14.80382	65.8187301
	-14.8024605	65.8188426
	-14.8016301	65.81949
	-14.80068	65.82128
	-14.8007062	65.8232469
	-14.800441	65.8247255
	-14.8001747	65.8262099
	-14.7996106	65.8275227
	-14.7981527	65.8300497
	-14.7949601	65.83483
	-14.7930908	65.8365009
	-14.7907853	65.8378598
	-14.7883058	65.8386176
	-14.7861586	65.8390966
	-14.7845936	65.8391534
	-14.7836495	65.8392675
	-14.7829306	65.8391841
	-14.7824185	65.838898
	-14.7815895	65.838824
	-14.7809029	65.8386747
	-14.780184	65.8387933
	-14.7796261	65.8388196
	-14.7791004	65.8387142
	-14.7780061	65.8386747
	-14.7773945	65.8385649
	-14.7769439	65.838442
	-14.7758389	65.838442
	-14.7752166	65.838723
	-14.7738326	65.8385693
	-14.7722967	65.8387772
	-14.7717941	65.8391973
	-14.771204	65.8391885
	-14.7707319	65.8395486
	-14.7701294	65.8397384
	-14.7691333	65.8395969
	-14.7672914	65.8396041
	-14.7667837	65.8398428
	-14.7658825	65.8399174
	-14.7649706	65.8399043
	-14.7638946	65.8401642
	-14.7634256	65.8405146
	-14.7622991	65.8408088
	-14.7605717	65.8406053
	-14.7602606	65.8407957
	-14.759649	65.8407957
	-14.7591555	65.8406947
	-14.7589731	65.8405234
	-14.7579002	65.8405981
	-14.7578573	65.8407605
	-14.7571707	65.8408527
	-14.7564197	65.8407693
	-14.7561514	65.8410196
	-14.755497	65.8412392
	-14.7545099	65.8413358
	-14.7537051	65.841217
	-14.7528792	65.8414763
	-14.752332	65.8413533
	-14.7521925	65.8414411
	-14.7519779	65.8416914
	-14.7513557	65.8418319
	-14.750787	65.8419549
	-14.7498644	65.8419637
	-14.7490168	65.8421437
	-14.7480404	65.8422095
	-14.7480083	65.8418758
	-14.7476006	65.8417661
	-14.7473645	65.8419329
	-14.7471178	65.8422974
	-14.7447896	65.8423983
	-14.7429013	65.8428857
	-14.74121	65.8434399
	-14.7406199	65.8439465
	-14.7399599	65.8442001
	-14.7390977	65.8442808
	-14.73812	65.8441088
	-14.7367966	65.8439965
	-14.7361851	65.8441063
	-14.735713	65.8445014
	-14.7344426	65.8446028
	-14.7333419	65.8446683
	-14.7324836	65.8441895
	-14.7319687	65.8448
	-14.7314675	65.8449798
	-14.7303248	65.8449829
	-14.7293722	65.8445802
	-14.7288218	65.8443552
	-14.7275913	65.8445607
	-14.727307	65.8444773
	-14.7268081	65.8444619
	-14.726513	65.8443521
	-14.7260356	65.8441743
	-14.7252148	65.8442095
	-14.72498	65.8445599
	-14.7240793	65.8447232
	-14.7233427	65.8447078
	-14.7230369	65.8444663
	-14.7224629	65.8444202
	-14.7215871	65.844731
	-14.71966	65.84596
	-14.7200382	65.8471204
	-14.7203576	65.8472465
	-14.7212858	65.8471198
	-14.7222161	65.8470741
	-14.7237611	65.8473023
	-14.7241581	65.8474867
	-14.7254475	65.847523
	-14.7272802	65.8477369
	-14.7282672	65.8479345
	-14.7294581	65.8484261
	-14.731046	65.8490231
	-14.7321	65.8495599
	-14.7327197	65.8528067
	-14.7331166	65.8529252
	-14.733417	65.8545579
	-14.7332668	65.8554838
	-14.7335472	65.8557361
	-14.7326511	65.856232
	-14.7326124	65.8577438
	-14.7321618	65.8580115
	-14.7318403	65.8586525
	-14.731073	65.8589102
	-14.7307992	65.8598895
	-14.7307778	65.8609557
	-14.7301	65.8615699
	-14.7287285	65.8622369
	-14.7284174	65.8624738
	-14.7274625	65.862601
	-14.7272265	65.8628555
	-14.7271621	65.8630705
	-14.7266793	65.8631758
	-14.7266364	65.8635136
	-14.7260571	65.8639084
	-14.7255957	65.8640093
	-14.7256386	65.8641892
	-14.7246956	65.8645872
	-14.7231174	65.864606
	-14.7222601	65.8648801
	-14.7216944	65.8655167
	-14.7202635	65.865672
	-14.71975	65.8658999
	-14.7196305	65.8661063
	-14.7199416	65.8662598
	-14.7195554	65.8670976
	-14.7196519	65.8674354
	-14.7193408	65.8677556
	-14.7188836	65.8679149
	-14.7166371	65.868089
	-14.714704	65.868719
	-14.7134303	65.8688253
	-14.7112949	65.8694261
	-14.7094502	65.8701216
	-14.7076506	65.8701949
	-14.7062022	65.8705734
	-14.7044599	65.8712733
	-14.7025716	65.8716768
	-14.7009399	65.87226
	-14.699342	65.8724456
	-14.6969041	65.8733137
	-14.6941388	65.8733784
	-14.6917355	65.8743607
	-14.6894305	65.8749402
	-14.6869326	65.8750469
	-14.6855834	65.8748496
	-14.6851228	65.8752414
	-14.6848798	65.8757026
	-14.6841732	65.8758684
	-14.6837533	65.8772899
	-14.683174	65.877679
	-14.6822672	65.8778325
	-14.6820641	65.8784651
	-14.6810822	65.8783807
	-14.680717	65.8781932
	-14.680084	65.8778994
	-14.6790974	65.8779172
	-14.6788931	65.8780879
	-14.6783245	65.8778248
	-14.6773561	65.8778299
	-14.6754706	65.8783554
	-14.674482	65.8789798
	-14.6730137	65.8791446
	-14.6709645	65.8795217
	-14.6702135	65.8800039
	-14.6695054	65.8802188
	-14.6684539	65.8801618
	-14.6666837	65.8805914
	-14.6648901	65.8814
	-14.6640044	65.8822449
	-14.6648467	65.8825096
	-14.6656413	65.8825999
	-14.66705	65.88293
	-14.666922	65.8835467
	-14.6657899	65.88395
	-14.6644549	65.8845697
	-14.6607801	65.8852201
	-14.6601604	65.8858366
	-14.6588801	65.8864799
	-14.6580754	65.8866363
	-14.6568487	65.8870044
	-14.6564	65.8873537
	-14.65574	65.8880199
	-14.6557993	65.8897463
	-14.6550498	65.8908519
	-14.6558514	65.8926829
	-14.65472	65.89441
	-14.654849	65.8949976
	-14.6545888	65.8952804
	-14.654544	65.8953292
	-14.6538245	65.895369
	-14.652527	65.8970862
	-14.6514711	65.8989205
	-14.6494907	65.900096
	-14.6486656	65.9003793
	-14.6461309	65.9018676
	-14.64428	65.9028199
	-14.6406925	65.9040356
	-14.6390111	65.9043122
	-14.6375173	65.9046255
	-14.6367556	65.904678
	-14.6350819	65.9054533
	-14.6326274	65.9063103
	-14.6316272	65.9066008
	-14.6312119	65.9072204
	-14.6312191	65.9075843
	-14.6305114	65.908795
	-14.6303612	65.9083571
	-14.6300715	65.9083264
	-14.6295029	65.9088213
	-14.6301574	65.9090184
	-14.6302646	65.9093643
	-14.629814	65.9102358
	-14.6290094	65.910446
	-14.6280116	65.9108007
	-14.6278614	65.9114225
	-14.6286446	65.9118079
	-14.6284944	65.9125523
	-14.6274215	65.913104
	-14.6272277	65.9134432
	-14.6263027	65.9136402
	-14.6267241	65.9143081
	-14.6268207	65.9147985
	-14.6258408	65.9156652
	-14.6249324	65.916471
	-14.6248037	65.9169131
	-14.6249324	65.9173597
	-14.6242887	65.9177581
	-14.6235806	65.9182572
	-14.6231407	65.9190189
	-14.6222944	65.9195409
	-14.622218	65.919588
	-14.6214547	65.9204867
	-14.6211129	65.9206079
	-14.6205765	65.9205466
	-14.620677	65.9208632
	-14.6202225	65.92091
	-14.6198087	65.9211949
	-14.6191708	65.9214593
	-14.6186131	65.921606
	-14.6176261	65.9221969
	-14.6176904	65.9234356
	-14.6169931	65.9240352
	-14.6160597	65.9244335
	-14.6158665	65.9247442
	-14.6163923	65.9250769
	-14.6170574	65.9251906
	-14.6174553	65.9257344
	-14.6177763	65.9256852
	-14.617905	65.9251425
	-14.6181303	65.9251775
	-14.6183127	65.9255058
	-14.6195499	65.92552
	-14.6198148	65.9256896
	-14.6201903	65.9261403
	-14.6198469	65.9264598
	-14.6193749	65.9264686
	-14.6190316	65.9269631
	-14.619332	65.9273176
	-14.6196538	65.9273657
	-14.619686	65.927532
	-14.6195251	65.9278208
	-14.6189135	65.9282672
	-14.6185809	65.9288317
	-14.6183771	65.9294312
	-14.6183985	65.9298075
	-14.6179372	65.9301926
	-14.6174544	65.9303633
	-14.6172667	65.9305886
	-14.6175027	65.9311224
	-14.6167731	65.9318138
	-14.6164566	65.9322448
	-14.6159792	65.9324088
	-14.6159416	65.9325379
	-14.6152121	65.9326823
	-14.6148849	65.9327042
	-14.6145469	65.9326429
	-14.6137959	65.9329295
	-14.613356	65.9329601
	-14.6131951	65.933192
	-14.6131594	65.933292
	-14.6131361	65.933378
	-14.6136189	65.933507
	-14.6132643	65.933957
	-14.61346	65.93445
	-14.6141652	65.9346837
	-14.6145415	65.935012
	-14.6143055	65.9352308
	-14.614048	65.9355152
	-14.6138442	65.9358958
	-14.6138871	65.9361101
	-14.613533	65.9364951
	-14.6128288	65.9368762
	-14.61248	65.9372601
	-14.6105399	65.94108
	-14.6092901	65.94108
	-14.60894	65.94365
	-14.61016	65.9457001
	-14.6080265	65.9483266
	-14.6067994	65.9510739
	-14.6066007	65.9517157
	-14.6062891	65.9543364
	-14.6497899	65.9544271
	-14.7276223	65.9541416
	-14.7489848	65.9385901
	-14.7777833	65.9190133
	-14.8145034	65.8929803
	-14.8856635	65.8885929
	-14.9908009	65.8846711
	-15.0707968	65.8807487
	-15.1393647	65.8771993
	-15.2016354	65.8744525
	-15.2865483	65.8699518
	-15.2959056	65.8447651
	-15.3008709	65.8303988
	-15.3751137	65.8009706
	-15.4107573	65.7885215
	-15.4668515	65.7660438
	-15.479903	65.7606668
	-15.6329717	65.7505851
	-15.6488481	65.7338259
	-15.6811586	65.6993192
	-15.6833166	65.6691074
	-15.6711919	65.6392015
	-15.6509469	65.5907484
	-15.6778951	65.5672138
	-15.7001505	65.5477901
END
END
