2631712
1
	-15.7235018	64.6667875
	-15.7191504	64.6669225
	-15.7134232	64.6674017
	-15.7006971	64.6672405
	-15.6807603	64.6664755
	-15.6737342	64.6659368
	-15.665859	64.6647676
	-15.6559609	64.6654756
	-15.6451572	64.6652336
	-15.6304526	64.6722571
	-15.6253505	64.6764035
	-15.6103254	64.6788844
	-15.5935683	64.6935258
	-15.5856915	64.6957352
	-15.5834725	64.6953196
	-15.5848885	64.6940098
	-15.5845926	64.6934316
	-15.5856704	64.6926005
	-15.5851843	64.6918958
	-15.5837684	64.6914531
	-15.5828385	64.6913267
	-15.5829442	64.6918416
	-15.5842122	64.6921759
	-15.5842544	64.6925102
	-15.5833034	64.6933323
	-15.5830076	64.6942447
	-15.5769075	64.6954566
	-15.5683656	64.6966098
	-15.5618462	64.6958909
	-15.5467229	64.7060377
	-15.5391698	64.705451
	-15.5295567	64.7019301
	-15.5268101	64.6965746
	-15.5321316	64.6891632
	-15.5374531	64.6848329
	-15.5365948	64.6785196
	-15.5427746	64.6771246
	-15.5462079	64.672572
	-15.5501561	64.6685327
	-15.5587392	64.6634645
	-15.5611424	64.6606729
	-15.5611424	64.6539865
	-15.5553059	64.6518554
	-15.5465426	64.6472579
	-15.5389895	64.6447586
	-15.520287	64.6394325
	-15.5068974	64.639506
	-15.5074124	64.6439172
	-15.5149655	64.6444317
	-15.52457	64.6465228
	-15.5283465	64.6482869
	-15.5383029	64.6544603
	-15.5362515	64.659277
	-15.5326466	64.663391
	-15.5153088	64.6713236
	-15.5139269	64.672972
	-15.500194	64.6701814
	-15.4900746	64.6698547
	-15.4789166	64.6724985
	-15.4743291	64.6736379
	-15.469295	64.6738532
	-15.4610638	64.673086
	-15.4504208	64.6694141
	-15.454369	64.6639787
	-15.4523091	64.6585422
	-15.443726	64.6620687
	-15.4411511	64.6661824
	-15.4284482	64.6670638
	-15.4188351	64.6663293
	-15.4123183	64.6701126
	-15.3999524	64.6722048
	-15.3946932	64.6729745
	-15.3896441	64.6725314
	-15.3401818	64.6807115
	-15.2750836	64.6959477
	-15.1674358	64.6842253
	-15.1123513	64.6826
	-15.1046454	64.7142549
	-15.0935572	64.7445285
	-15.046572	64.7651399
	-15.0374552	64.7803464
	-15.0291204	64.790882
	-14.9994248	64.8002179
	-14.9619987	64.8108866
	-14.9522655	64.8475519
	-14.946175	64.8549802
	-14.9268897	64.8777341
	-14.940111	64.8871331
	-14.9542955	64.897119
	-14.9502354	64.9156293
	-14.9091702	64.9413288
	-14.8652465	64.9682519
	-14.8385822	64.9835344
	-14.8204078	65.014674
	-14.8061013	65.0367064
	-14.8029346	65.0512101
	-14.8098011	65.0589928
	-14.8279972	65.0656443
	-14.8376102	65.0726198
	-14.6858616	65.1494457
	-14.7222538	65.1545672
	-14.8099728	65.1640286
	-14.8904133	65.1750002
	-14.9576702	65.1875377
	-15.0152481	65.1426355
	-15.0468891	65.1213319
	-15.0866949	65.0930215
	-15.1172104	65.0721435
	-15.1448668	65.0534282
	-15.1699917	65.0355814
	-15.1903721	65.0210485
	-15.2110082	65.003167
	-15.2454017	64.9760985
	-15.2729164	64.9548271
	-15.3057166	64.9291949
	-15.3438199	64.9061753
	-15.370485	64.8875094
	-15.3755678	64.88395
	-15.4025394	64.867583
	-15.4565247	64.8412438
	-15.4877434	64.8248176
	-15.5260715	64.8052838
	-15.5894031	64.797323
	-15.6327252	64.7662317
	-15.6575943	64.7465996
	-15.6809126	64.7291821
	-15.682063	64.6854374
	-15.7235018	64.6667875
END
END
