3345263
1
	-20.2137621	66.0427011
	-20.1794383	66.0087477
	-20.1728135	65.9752467
	-20.1333263	65.9406042
	-20.1008377	65.9114223
	-20.0625129	65.8845112
	-20.0610079	65.8537487
	-20.0315406	65.8425092
	-19.9669211	65.8176617
	-19.9654383	65.7995554
	-20.0022096	65.7939629
	-20.0025061	65.7771783
	-19.9557747	65.757502
	-19.9582674	65.7119898
	-19.9591683	65.6882019
	-19.9476865	65.6625724
	-19.9331503	65.6317879
	-19.8716358	65.6209778
	-19.8437841	65.6163809
	-19.8392592	65.5948892
	-19.7886413	65.5812303
	-19.7287927	65.5650955
	-19.6811783	65.5507297
	-19.6214369	65.5346023
	-19.6207823	65.5145321
	-19.6745499	65.490792
	-19.6728157	65.4728004
	-19.6294606	65.454076
	-19.5271426	65.4533556
	-19.5065923	65.4437646
	-19.4941927	65.437501
	-19.4669137	65.3888783
	-19.4560402	65.3660362
	-19.4116942	65.3382923
	-19.3654025	65.3104078
	-19.3346459	65.291477
	-19.3392807	65.2714304
	-19.3450511	65.2443163
	-19.3237399	65.2281008
	-19.2886905	65.2013478
	-19.2609154	65.1785933
	-19.2311564	65.1554025
	-19.2007362	65.1314962
	-19.1670093	65.1053414
	-19.1594913	65.0994072
	-19.157751	65.0787429
	-19.1560229	65.0533662
	-19.1025315	65.018345
	-19.041691	64.9801947
	-19.0016817	64.954171
	-18.990314	64.9468697
	-18.9575594	64.9506391
	-18.9550077	64.9530714
	-18.9531789	64.956469
	-18.9506829	64.9574445
	-18.9451637	64.9585543
	-18.9409559	64.958117
	-18.9378943	64.9592613
	-18.9393712	64.9612111
	-18.9304171	64.9632093
	-18.923106	64.9639021
	-18.9164411	64.9651678
	-18.9170805	64.9662928
	-18.9135284	64.9669543
	-18.9084207	64.9684291
	-18.9042669	64.9679609
	-18.8997917	64.9685011
	-18.8952857	64.96813
	-18.8925301	64.9681389
	-18.8812369	64.9664541
	-18.8802514	64.9682715
	-18.875836	64.9693317
	-18.8731898	64.9707596
	-18.8699898	64.9711071
	-18.8617939	64.9725234
	-18.8586642	64.9730404
	-18.8546153	64.9710383
	-18.8505817	64.9684504
	-18.8448318	64.9672473
	-18.8375435	64.9674113
	-18.8318147	64.9684737
	-18.8226129	64.9666208
	-18.8142976	64.9667672
	-18.8109654	64.9659801
	-18.8047697	64.9657947
	-18.8014448	64.9662552
	-18.7929119	64.9659126
	-18.7951214	64.9632617
	-18.7917568	64.9610255
	-18.788901	64.9593585
	-18.7907113	64.9571319
	-18.7927195	64.9569396
	-18.7897102	64.954693
	-18.7739755	64.9520061
	-18.7747073	64.9553006
	-18.7778768	64.9590791
	-18.7724131	64.9609683
	-18.7693977	64.9607575
	-18.7649605	64.9597343
	-18.763394	64.9610026
	-18.759318	64.9617652
	-18.757884	64.9608296
	-18.7551914	64.9607186
	-18.7487378	64.9597005
	-18.7488677	64.9576318
	-18.7465283	64.9574626
	-18.741784	64.9540092
	-18.7407612	64.9511149
	-18.7369404	64.9495283
	-18.7345314	64.9524785
	-18.7256466	64.9524565
	-18.7216321	64.9475441
	-18.7182076	64.9457187
	-18.7107133	64.9471555
	-18.6973062	64.9502708
	-18.6929833	64.9506333
	-18.6852198	64.9493714
	-18.6847948	64.9505263
	-18.6824081	64.9526563
	-18.6862177	64.954336
	-18.6832799	64.9559513
	-18.6779621	64.9532047
	-18.6756587	64.9525391
	-18.6846924	64.9485234
	-18.6742854	64.9464335
	-18.6643505	64.9439346
	-18.658278	64.9472876
	-18.655746	64.9560636
	-18.6472273	64.9598511
	-18.6353183	64.9603142
	-18.6308551	64.9588158
	-18.6112857	64.9602416
	-18.5748935	64.945852
	-18.5694003	64.9367637
	-18.5633922	64.9342184
	-18.557384	64.9339275
	-18.5218501	64.9204697
	-18.482883	64.913338
	-18.4901244	64.9294701
	-18.546885	64.9597994
	-18.5674176	64.9708791
	-18.5642628	64.9968938
	-18.52325	64.9808877
	-18.4759277	65.0275454
	-18.4112538	65.0295432
	-18.4065216	65.0594921
	-18.4412828	65.0866931
	-18.4640864	65.1049838
	-18.4944911	65.1291996
	-18.515363	65.1458225
	-18.5289679	65.1512259
	-18.5729462	65.1693582
	-18.6209965	65.187706
	-18.6655177	65.2052442
	-18.7130251	65.2237946
	-18.7570034	65.2414226
	-18.8020676	65.259266
	-18.8498464	65.2782327
	-18.8924674	65.2946898
	-18.9302223	65.3097386
	-18.9791221	65.3117153
	-19.0010557	65.3212265
	-19.0499205	65.3427536
	-19.0879264	65.3598495
	-19.1041524	65.3668436
	-19.1278326	65.3770474
	-19.1734397	65.3975118
	-19.2031146	65.4103583
	-19.2423933	65.4434702
	-19.2649254	65.4607261
	-19.3048316	65.4940777
	-19.3319787	65.516026
	-19.3435043	65.5256283
	-19.3626206	65.5716506
	-19.4169984	65.6077352
	-19.3772249	65.6500482
	-19.2523113	65.6499201
	-19.2258927	65.6378758
	-19.1761849	65.6180471
	-19.1422179	65.600599
	-19.0883678	65.5786868
	-19.0625397	65.5665238
	-18.9690139	65.5674448
	-18.8927406	65.5712797
	-18.8922472	65.5723724
	-18.8916533	65.5736875
	-18.8913094	65.5749309
	-18.8908827	65.5764739
	-18.8908698	65.5765107
	-18.8901982	65.5784255
	-18.8901741	65.5784943
	-18.8899593	65.5797996
	-18.889711	65.5801984
	-18.8895642	65.5804343
	-18.8892074	65.5810073
	-18.8892008	65.5810886
	-18.889131	65.5819492
	-18.889116	65.5821339
	-18.8892932	65.5824635
	-18.8898739	65.583543
	-18.8902585	65.5839295
	-18.8912852	65.5849612
	-18.8930124	65.5865191
	-18.8935929	65.5874294
	-18.8939518	65.5877108
	-18.8944131	65.5880724
	-18.8944965	65.5883893
	-18.8937104	65.5886717
	-18.8932449	65.5887367
	-18.8916164	65.5889639
	-18.8901813	65.5891641
	-18.8893084	65.5893298
	-18.8881996	65.5895403
	-18.8870298	65.58989
	-18.8862477	65.5901247
	-18.8861761	65.5901462
	-18.8854548	65.5904426
	-18.8849249	65.5906604
	-18.8843711	65.590888
	-18.8842329	65.5909616
	-18.8832588	65.5914805
	-18.8824488	65.5919119
	-18.8819773	65.592163
	-18.8817827	65.59252
	-18.8815871	65.5928785
	-18.8814646	65.5931033
	-18.8815513	65.5933524
	-18.8817151	65.5938229
	-18.8819065	65.5943727
	-18.8819658	65.5944419
	-18.8823598	65.5949017
	-18.8828122	65.5954296
	-18.8830021	65.5956512
	-18.8832347	65.5959002
	-18.8836133	65.5963056
	-18.8842677	65.5970062
	-18.8848843	65.5976662
	-18.8850088	65.5977995
	-18.8859848	65.5992117
	-18.8861664	65.5996394
	-18.886351	65.600074
	-18.8856982	65.6002411
	-18.8819559	65.600464
	-18.8805007	65.6007225
	-18.8800336	65.6009445
	-18.8796109	65.6011455
	-18.8792228	65.6013299
	-18.878689	65.6015837
	-18.8781574	65.6018363
	-18.8775752	65.602113
	-18.8771189	65.6023267
	-18.8767556	65.6024968
	-18.8763852	65.6026702
	-18.8759373	65.6028799
	-18.8755581	65.6030573
	-18.8748627	65.6033829
	-18.8740341	65.6037707
	-18.8738232	65.6038695
	-18.8729527	65.6042586
	-18.8704756	65.6053658
	-18.8676433	65.6066316
	-18.8669735	65.606931
	-18.8656394	65.6075271
	-18.8619305	65.6091843
	-18.8596948	65.6101891
	-18.8583585	65.6107896
	-18.857568	65.6111448
	-18.8564215	65.61166
	-18.8555743	65.6120407
	-18.8551157	65.6122467
	-18.8546294	65.6124653
	-18.8543375	65.6125964
	-18.851003	65.6141542
	-18.8492288	65.6149831
	-18.8487841	65.6151791
	-18.8476427	65.6156825
	-18.8446135	65.6163852
	-18.8445265	65.6164053
	-18.8440255	65.6165848
	-18.8434806	65.61678
	-18.8429515	65.6169695
	-18.841997	65.6179485
	-18.8415838	65.6189803
	-18.8417625	65.6197523
	-18.8418248	65.6200214
	-18.8433781	65.621036
	-18.8448525	65.6216885
	-18.8470958	65.6222842
	-18.8478294	65.6226555
	-18.8482059	65.6233827
	-18.8480184	65.6243275
	-18.8479427	65.6244069
	-18.8477488	65.6246103
	-18.8467029	65.6257075
	-18.8448988	65.6267601
	-18.8440421	65.62726
	-18.8438342	65.6273813
	-18.8428357	65.6279155
	-18.8420014	65.6283619
	-18.841556	65.6286002
	-18.841449	65.6286575
	-18.8412056	65.6287877
	-18.8405591	65.6293081
	-18.8403904	65.6294439
	-18.8402693	65.6295414
	-18.8401219	65.630087
	-18.8397959	65.6312942
	-18.8397735	65.6313501
	-18.8391061	65.6330214
	-18.8392389	65.6341449
	-18.8394266	65.6357329
	-18.8396227	65.6373147
	-18.8400708	65.6384941
	-18.8429651	65.6404751
	-18.8455381	65.6423839
	-18.8458996	65.6427255
	-18.8466527	65.6434373
	-18.8485844	65.645179
	-18.8492515	65.6460676
	-18.8493717	65.6462278
	-18.8505509	65.6478235
	-18.8514758	65.6497809
	-18.8516668	65.6501852
	-18.8521406	65.6514629
	-18.8523817	65.6521127
	-18.8525962	65.6524278
	-18.8532545	65.6533949
	-18.8535974	65.6538987
	-18.8537407	65.654109
	-18.8539726	65.6544321
	-18.8543544	65.654963
	-18.8544353	65.6551289
	-18.8546749	65.6556202
	-18.8550773	65.6562714
	-18.8550959	65.6563016
	-18.8564236	65.6587566
	-18.8567775	65.6592936
	-18.8582696	65.6615571
	-18.85852	65.6618706
	-18.8594754	65.6630671
	-18.8599297	65.663636
	-18.8605923	65.6644657
	-18.8607473	65.6646598
	-18.8626407	65.666897
	-18.8634237	65.6680133
	-18.8634772	65.6686908
	-18.8633537	65.6687713
	-18.8615122	65.6699716
	-18.8611652	65.6701127
	-18.8606608	65.6703179
	-18.8601979	65.6705061
	-18.859688	65.6707135
	-18.8591866	65.6709174
	-18.858738	65.6710999
	-18.8586283	65.6711445
	-18.8579969	65.6714013
	-18.8574375	65.6716287
	-18.8569731	65.6717538
	-18.8560197	65.6720106
	-18.8532979	65.6727435
	-18.8514502	65.6732723
	-18.8505001	65.6735442
	-18.8503427	65.6735976
	-18.8500615	65.6736932
	-18.849381	65.6739041
	-18.8491486	65.6739586
	-18.8486403	65.6740777
	-18.8478641	65.6742241
	-18.8476883	65.6742573
	-18.8475266	65.6742932
	-18.8467663	65.6744618
	-18.8465673	65.6745022
	-18.8462532	65.6745841
	-18.8456175	65.674767
	-18.8426665	65.6756161
	-18.839624	65.6766783
	-18.8370333	65.6775148
	-18.836813	65.6775859
	-18.8346009	65.6778703
	-18.8324416	65.6779541
	-18.831198	65.6780024
	-18.8307194	65.6780509
	-18.8292463	65.6782001
	-18.8278224	65.6783443
	-18.8270736	65.6784202
	-18.8265703	65.6784712
	-18.8262537	65.6785032
	-18.8261217	65.6785166
	-18.825592	65.6785385
	-18.8247398	65.6785739
	-18.824061	65.678602
	-18.8235326	65.6786239
	-18.8229264	65.678649
	-18.8225315	65.6786654
	-18.8206189	65.6787446
	-18.8196435	65.678785
	-18.8194799	65.6787819
	-18.8181436	65.6787571
	-18.8169192	65.6787343
	-18.8146867	65.6786927
	-18.8143996	65.6786873
	-18.8113376	65.6787235
	-18.8090274	65.6787507
	-18.8086402	65.6787552
	-18.8079237	65.6787637
	-18.8074993	65.6787687
	-18.8072615	65.6787853
	-18.8065237	65.678837
	-18.8061281	65.6788647
	-18.8057049	65.6788943
	-18.8052415	65.6789267
	-18.8044506	65.6789821
	-18.8037607	65.6790303
	-18.8035543	65.6796354
	-18.8034362	65.6799884
	-18.8032631	65.6805053
	-18.8031816	65.680749
	-18.8031706	65.6807817
	-18.8024508	65.6814268
	-18.8021557	65.6816908
	-18.8010389	65.682691
	-18.800623	65.6831227
	-18.7998387	65.6839369
	-18.7983487	65.6847275
	-18.7961146	65.6852592
	-18.7920278	65.6856963
	-18.7910028	65.6856608
	-18.7887321	65.6855821
	-18.7880889	65.6855598
	-18.7875535	65.6855412
	-18.7868091	65.6855703
	-18.7861485	65.6855961
	-18.7851127	65.6856366
	-18.7850278	65.6856399
	-18.7846107	65.6858229
	-18.7842485	65.6859819
	-18.7839063	65.6861315
	-18.7834357	65.6863386
	-18.7832432	65.6864906
	-18.7828432	65.6868062
	-18.7821444	65.6873576
	-18.7815832	65.6884439
	-18.7813573	65.6888801
	-18.7812808	65.6897728
	-18.7812183	65.6905023
	-18.7810999	65.6907341
	-18.7806946	65.6915276
	-18.7806415	65.6915908
	-18.780197	65.6921043
	-18.779901	65.6924461
	-18.7795982	65.6927959
	-18.7795747	65.692823
	-18.7796602	65.6928499
	-18.7802317	65.6930295
	-18.780769	65.6931984
	-18.7812288	65.6933427
	-18.7814273	65.6934053
	-18.7826715	65.6938502
	-18.7841642	65.6943839
	-18.7844957	65.694549
	-18.7845857	65.6945938
	-18.7866616	65.6956272
	-18.7889468	65.697251
	-18.7894234	65.6975896
	-18.7911476	65.6990005
	-18.7913916	65.6992019
	-18.7942903	65.7015942
	-18.7945533	65.7018387
	-18.7953022	65.702535
	-18.7959998	65.7031836
	-18.7961405	65.7033447
	-18.796597	65.7038671
	-18.7977799	65.705221
	-18.7979252	65.7056314
	-18.7980424	65.7059624
	-18.7984105	65.7064587
	-18.7988893	65.7071041
	-18.7993732	65.7077564
	-18.7999771	65.7085703
	-18.8000874	65.708719
	-18.8014381	65.7104674
	-18.8025324	65.7118836
	-18.8027787	65.7121714
	-18.8031445	65.7125989
	-18.8036313	65.7131678
	-18.8045077	65.714192
	-18.8046991	65.7145665
	-18.8051344	65.7154182
	-18.805532	65.7161961
	-18.8055728	65.7162905
	-18.806349	65.7180854
	-18.8065096	65.7192707
	-18.8065494	65.7195636
	-18.8064206	65.7210817
	-18.8063361	65.7212688
	-18.8061148	65.7217589
	-18.8059187	65.7221932
	-18.8057491	65.7225687
	-18.8056183	65.7228584
	-18.8055197	65.7229788
	-18.8052226	65.7233417
	-18.8048098	65.723846
	-18.804538	65.7241779
	-18.8044065	65.7243386
	-18.804176	65.7249672
	-18.8039825	65.7254948
	-18.8042397	65.7263032
	-18.8047063	65.7267075
	-18.8054382	65.7273417
	-18.8056562	65.7275306
	-18.8059195	65.7277264
	-18.8065614	65.7282037
	-18.8072638	65.7285587
	-18.8079834	65.728919
	-18.8081389	65.7289968
	-18.8091634	65.7297268
	-18.8095176	65.7300084
	-18.8100794	65.7304552
	-18.8103684	65.7306346
	-18.8116277	65.7314162
	-18.8127741	65.7319915
	-18.816624	65.7329911
	-18.817953	65.7333456
	-18.8203204	65.733977
	-18.8226515	65.7346808
	-18.8238042	65.7350478
	-18.824995	65.735427
	-18.8252971	65.7355232
	-18.8254848	65.7355786
	-18.8268181	65.7359724
	-18.8278417	65.7362747
	-18.8288933	65.736692
	-18.8291552	65.7374557
	-18.8290004	65.7375489
	-18.8278624	65.7382345
	-18.827188	65.7386408
	-18.8254669	65.7395765
	-18.8243709	65.7402966
	-18.8243186	65.7403405
	-18.8234021	65.7411112
	-18.8227862	65.7416291
	-18.8224066	65.7419483
	-18.8223785	65.7419719
	-18.8211314	65.7430663
	-18.8203452	65.7437562
	-18.820035	65.7439558
	-18.8192563	65.7444567
	-18.8189515	65.7446527
	-18.8181642	65.7450853
	-18.8165728	65.7457336
	-18.8159161	65.7460355
	-18.8153753	65.7464924
	-18.8152172	65.7468773
	-18.8154045	65.7472607
	-18.8161825	65.7477107
	-18.8167576	65.7479318
	-18.817368	65.7481665
	-18.820202	65.7488006
	-18.8218573	65.7491223
	-18.8240004	65.7495388
	-18.8249273	65.7497688
	-18.8245751	65.7503915
	-18.8211322	65.7517536
	-18.8166848	65.7534746
	-18.8158765	65.7537874
	-18.8151109	65.7540836
	-18.8148806	65.7541699
	-18.8135043	65.7546858
	-18.8100151	65.7559934
	-18.8091594	65.756314
	-18.8072454	65.7569339
	-18.8059516	65.7573525
	-18.8048113	65.7577214
	-18.804656	65.7577717
	-18.8037603	65.758044
	-18.8029628	65.7582864
	-18.8016583	65.7586829
	-18.8003969	65.7590664
	-18.7990983	65.759461
	-18.7982844	65.7597084
	-18.7981413	65.7597519
	-18.7973039	65.7599753
	-18.7965927	65.760165
	-18.7949475	65.7606038
	-18.7954619	65.7613065
	-18.7957118	65.7616478
	-18.795786	65.7617491
	-18.7960831	65.7622678
	-18.7962616	65.7625795
	-18.7964651	65.7629349
	-18.7965005	65.7633498
	-18.7965371	65.7637795
	-18.7965691	65.7641551
	-18.7965271	65.7652556
	-18.7967833	65.7658565
	-18.797004	65.7663743
	-18.7971009	65.766444
	-18.7973028	65.7665892
	-18.7976224	65.766819
	-18.7977561	65.766915
	-18.7982786	65.7672907
	-18.7986871	65.7674967
	-18.7999745	65.7681458
	-18.800374	65.7683472
	-18.8010116	65.7686257
	-18.8018041	65.7689719
	-18.8032337	65.7695963
	-18.8034533	65.7697298
	-18.8060242	65.7712918
	-18.8061083	65.7713426
	-18.8061686	65.7713806
	-18.8074821	65.7722658
	-18.8078823	65.7726927
	-18.8090569	65.7739454
	-18.8095979	65.7743166
	-18.8101614	65.7743248
	-18.8117812	65.7743479
	-18.8129655	65.774373
	-18.8163061	65.7744437
	-18.8164571	65.7744469
	-18.81733	65.7745876
	-18.8178669	65.7748462
	-18.8183292	65.7750688
	-18.8193679	65.775569
	-18.8194805	65.7756232
	-18.8203883	65.7761855
	-18.82109	65.7766201
	-18.8219537	65.7771551
	-18.8232471	65.7782574
	-18.8234591	65.778438
	-18.8233629	65.7789605
	-18.8225478	65.77943
	-18.8207911	65.7804419
	-18.8193398	65.7815971
	-18.8192714	65.7816774
	-18.8188348	65.7821898
	-18.8183498	65.7827588
	-18.8182417	65.7828857
	-18.8179568	65.7837903
	-18.8183471	65.7842449
	-18.8187944	65.7847657
	-18.8189048	65.7848943
	-18.8198065	65.7853187
	-18.820357	65.7855778
	-18.8240493	65.7862504
	-18.8281936	65.7871218
	-18.8283253	65.7871659
	-18.8317317	65.788306
	-18.8322961	65.7884949
	-18.8327191	65.7887548
	-18.8343264	65.7897424
	-18.8351043	65.7904761
	-18.8358224	65.7911533
	-18.836057	65.7915588
	-18.836593	65.792485
	-18.836914	65.7930396
	-18.8370276	65.7930394
	-18.8392834	65.7930366
	-18.8413056	65.7930341
	-18.8466549	65.7930273
	-18.8493069	65.7933499
	-18.8506318	65.793511
	-18.8519713	65.7936739
	-18.8534529	65.793854
	-18.8549049	65.7940305
	-18.8571786	65.7941654
	-18.859155	65.7942825
	-18.8618433	65.7947314
	-18.8626485	65.7948659
	-18.8646854	65.7954288
	-18.8649033	65.795604
	-18.8658087	65.7963318
	-18.8670476	65.7970974
	-18.8688114	65.7975541
	-18.8698559	65.7978245
	-18.8709747	65.7981142
	-18.8718536	65.7984796
	-18.8737952	65.7992866
	-18.8754759	65.7998058
	-18.8784692	65.8007305
	-18.8795485	65.8009953
	-18.8820762	65.8016155
	-18.8828101	65.8017955
	-18.8839565	65.8019941
	-18.885214	65.8022119
	-18.8897243	65.802618
	-18.894938	65.8025767
	-18.8951465	65.802575
	-18.8966274	65.8042203
	-18.8973184	65.8048382
	-18.8976517	65.8051363
	-18.8986185	65.8060008
	-18.8990074	65.8062544
	-18.8993956	65.8065076
	-18.8997071	65.8067106
	-18.8998365	65.8067641
	-18.9003777	65.8069875
	-18.9014212	65.8074183
	-18.902293	65.8075754
	-18.9038925	65.8078637
	-18.9045027	65.8079736
	-18.9055249	65.8081716
	-18.9067602	65.8084108
	-18.9093128	65.8090657
	-18.9113327	65.8098629
	-18.9127385	65.8105235
	-18.9137148	65.8113386
	-18.9147355	65.8122504
	-18.9154855	65.8132869
	-18.9155553	65.8143568
	-18.9190261	65.8152699
	-18.9193029	65.8153375
	-18.9206422	65.8156645
	-18.9219826	65.8159918
	-18.9230135	65.8162434
	-18.92659	65.8169791
	-18.9289109	65.8174565
	-18.930072	65.817632
	-18.9335707	65.8181609
	-18.9339586	65.8182195
	-18.9386651	65.8186892
	-18.9424216	65.8186542
	-18.9437458	65.8184962
	-18.9468136	65.8181302
	-18.9491061	65.8178566
	-18.9500397	65.8190804
	-18.950417	65.8195751
	-18.9508528	65.8201463
	-18.9517397	65.8210304
	-18.9530267	65.8223133
	-18.9537781	65.8228379
	-18.9545959	65.8234087
	-18.9551865	65.8238208
	-18.9555982	65.8241082
	-18.9560403	65.8244167
	-18.9565203	65.8247338
	-18.9569829	65.8250394
	-18.9582284	65.8258621
	-18.9596079	65.8267733
	-18.9611155	65.8280286
	-18.9619912	65.8287577
	-18.962152	65.8288916
	-18.9624491	65.8290195
	-18.9651161	65.8301672
	-18.9652792	65.8302374
	-18.9671078	65.8308448
	-18.9684303	65.831284
	-18.9695037	65.8315992
	-18.9729675	65.8326162
	-18.9738981	65.8328743
	-18.9779718	65.834004
	-18.978634	65.8341877
	-18.9791294	65.8343125
	-18.9803009	65.8346077
	-18.9807824	65.8347291
	-18.981085	65.8348591
	-18.982246	65.8353577
	-18.9826101	65.8356179
	-18.983207	65.8360444
	-18.9836786	65.8363814
	-18.9840413	65.8372424
	-18.9841443	65.8374869
	-18.9844879	65.8383026
	-18.9846023	65.8385742
	-18.9847311	65.839386
	-18.9849166	65.8405559
	-18.9848661	65.8407604
	-18.9847115	65.8413858
	-18.9846111	65.8417919
	-18.9841742	65.8427055
	-18.9835768	65.8433979
	-18.9831984	65.8438364
	-18.9810944	65.8453581
	-18.9802661	65.8459571
	-18.9797583	65.8464421
	-18.9803393	65.847653
	-18.9804759	65.8479375
	-18.9805537	65.8481064
	-18.9806702	65.8483594
	-18.9808317	65.8487099
	-18.981011	65.849099
	-18.9808862	65.8493724
	-18.9805696	65.8500659
	-18.9806149	65.8503283
	-18.9806892	65.850759
	-18.9808417	65.8516421
	-18.9809284	65.8521444
	-18.9809185	65.852443
	-18.9808908	65.8532877
	-18.9808833	65.8535953
	-18.9808793	65.8537384
	-18.9808407	65.855254
	-18.9808469	65.8565047
	-18.9797301	65.8587562
	-18.9793066	65.8595833
	-18.9783111	65.8615275
	-18.977517	65.8629922
	-18.9768172	65.8637713
	-18.9762155	65.8644413
	-18.9757996	65.8649043
	-18.9755552	65.8651363
	-18.974811	65.8658425
	-18.9742891	65.8663377
	-18.9737109	65.8668864
	-18.9714829	65.8686421
	-18.9702158	65.8693342
	-18.9687655	65.8701264
	-18.9684257	65.870312
	-18.9657994	65.8714463
	-18.963923	65.8722567
	-18.9630707	65.8726247
	-18.9627265	65.8728725
	-18.9614568	65.8737864
	-18.9614084	65.8738213
	-18.960738	65.8745593
	-18.9596335	65.8757752
	-18.9584744	65.8770159
	-18.9581067	65.8774095
	-18.9574632	65.8780981
	-18.9571481	65.8783711
	-18.95681	65.8786641
	-18.9562846	65.8791193
	-18.9557524	65.8792405
	-18.9539509	65.8788958
	-18.9534424	65.8788833
	-18.9521824	65.8788526
	-18.9503956	65.8788089
	-18.9500914	65.8788015
	-18.9490229	65.8790187
	-18.9471826	65.8793929
	-18.945948	65.879644
	-18.9442138	65.879993
	-18.9441275	65.8800104
	-18.9437079	65.8800949
	-18.9427612	65.8802854
	-18.9408576	65.8806673
	-18.9394149	65.8809567
	-18.9376057	65.88136
	-18.93516	65.8805788
	-18.9324023	65.8799215
	-18.9305965	65.8794911
	-18.9268803	65.8789171
	-18.9261333	65.8788575
	-18.921065	65.8784535
	-18.9205781	65.8781687
	-18.920167	65.8779282
	-18.9193619	65.8775151
	-18.9187121	65.8771816
	-18.9183153	65.8770846
	-18.9171378	65.8767968
	-18.9163733	65.87661
	-18.916304	65.876593
	-18.9157454	65.8765067
	-18.9151507	65.8764147
	-18.9146176	65.8763323
	-18.9138837	65.8762188
	-18.9130175	65.8762226
	-18.9116308	65.8762301
	-18.9103424	65.876241
	-18.9091978	65.8762506
	-18.9085383	65.8762561
	-18.9082321	65.8762586
	-18.9079183	65.8762819
	-18.9073347	65.8763251
	-18.906961	65.8763528
	-18.9062734	65.8764037
	-18.9056522	65.8764497
	-18.905551	65.8764572
	-18.9051764	65.876547
	-18.9031348	65.8770364
	-18.9004878	65.8776708
	-18.8983318	65.8784751
	-18.897309	65.8790393
	-18.896392	65.8798275
	-18.895839	65.8797119
	-18.8951009	65.8795576
	-18.8938745	65.8793012
	-18.8931126	65.8792394
	-18.892917	65.8792235
	-18.8917081	65.8791255
	-18.8910193	65.8790696
	-18.8909359	65.8790706
	-18.8890008	65.8790954
	-18.8877929	65.8791108
	-18.8869912	65.879121
	-18.8856354	65.879308
	-18.8848768	65.8794126
	-18.8819973	65.8803258
	-18.8815497	65.8804677
	-18.8811763	65.8805921
	-18.8805763	65.8807919
	-18.8799874	65.880988
	-18.8794539	65.8811657
	-18.8791105	65.8812406
	-18.8784513	65.8813845
	-18.877458	65.8816013
	-18.8770588	65.8816884
	-18.8758434	65.8819961
	-18.8754573	65.8820939
	-18.8751919	65.8823161
	-18.8745027	65.8828931
	-18.8743491	65.8830746
	-18.8740557	65.8834212
	-18.8735345	65.884037
	-18.8732702	65.8843505
	-18.8731701	65.8844674
	-18.8726687	65.8849953
	-18.872126	65.8855666
	-18.8717456	65.8859671
	-18.8715666	65.8861556
	-18.8713796	65.8863693
	-18.8711245	65.8866609
	-18.8708703	65.8869514
	-18.8705352	65.8873345
	-18.8704115	65.8874758
	-18.8701405	65.8875518
	-18.8695649	65.8877133
	-18.8693946	65.887761
	-18.8685262	65.8878868
	-18.8680598	65.8879544
	-18.8679131	65.8879756
	-18.8678529	65.8879979
	-18.8677162	65.8880484
	-18.8662411	65.8885938
	-18.8657296	65.8888197
	-18.8645044	65.8893607
	-18.8641833	65.8895458
	-18.8628569	65.8903106
	-18.862278	65.8905058
	-18.8614747	65.8907768
	-18.8612341	65.8908579
	-18.8611195	65.8908966
	-18.8605964	65.891073
	-18.8605437	65.8910908
	-18.8585438	65.8916149
	-18.8567485	65.8920854
	-18.8565767	65.8921489
	-18.855729	65.8924621
	-18.8534476	65.8933049
	-18.8525788	65.893625
	-18.8509024	65.8941502
	-18.8494259	65.8946128
	-18.8486581	65.8947685
	-18.8477735	65.894948
	-18.8468118	65.8951431
	-18.8460745	65.8952927
	-18.845916	65.8953246
	-18.845249	65.8954588
	-18.8445851	65.8955925
	-18.8447331	65.895917
	-18.845115	65.8967545
	-18.8452065	65.896847
	-18.846079	65.8977301
	-18.8475024	65.8988405
	-18.8496905	65.8996963
	-18.8509511	65.8999468
	-18.8533838	65.9004302
	-18.8545202	65.9007747
	-18.855691	65.9011297
	-18.8557431	65.9011455
	-18.8559401	65.9012074
	-18.8568751	65.9018366
	-18.8571806	65.9025
	-18.8575392	65.9032783
	-18.8575238	65.903398
	-18.8574829	65.9037147
	-18.8573906	65.9044308
	-18.8569881	65.9048185
	-18.8562528	65.9055267
	-18.8559791	65.9057974
	-18.8551606	65.9066072
	-18.8547054	65.9070576
	-18.8543136	65.9074452
	-18.8540179	65.9076886
	-18.8531962	65.9083649
	-18.852007	65.9093437
	-18.851223	65.909989
	-18.8488159	65.9117796
	-18.8486559	65.9118986
	-18.848289	65.9122007
	-18.8475567	65.9128036
	-18.8472512	65.9130552
	-18.8470716	65.913203
	-18.8463486	65.9137983
	-18.8451705	65.9147682
	-18.8450974	65.9149083
	-18.8449511	65.9151892
	-18.8447359	65.9156023
	-18.8445743	65.9168571
	-18.8445402	65.9171248
	-18.844484	65.9175665
	-18.8443582	65.9185534
	-18.8442814	65.9191562
	-18.8442714	65.9192347
	-18.8443322	65.9193848
	-18.8444445	65.9196619
	-18.8445361	65.9198879
	-18.8446295	65.9201186
	-18.8447336	65.9203754
	-18.844803	65.9205466
	-18.8448075	65.9206214
	-18.8448311	65.9210081
	-18.8448528	65.9213659
	-18.8449072	65.9222581
	-18.8449549	65.9230414
	-18.8449892	65.9236046
	-18.8450284	65.9242496
	-18.845083	65.9251454
	-18.8451265	65.9258594
	-18.8451588	65.9263899
	-18.8451842	65.9268065
	-18.8452249	65.927475
	-18.8452718	65.9282459
	-18.845368	65.9298238
	-18.8454309	65.9308573
	-18.8454368	65.9309539
	-18.8454474	65.9311273
	-18.8456591	65.9346019
	-18.8506136	65.9364053
	-18.8551253	65.9380471
	-18.8575171	65.9389173
	-18.8594707	65.9396281
	-18.8617005	65.9404392
	-18.8642703	65.941374
	-18.8653851	65.9419153
	-18.8664181	65.9424174
	-18.8672584	65.9428259
	-18.868038	65.9432048
	-18.8691455	65.943743
	-18.8696401	65.9439834
	-18.8698262	65.9440572
	-18.8707277	65.9444147
	-18.8717438	65.9448177
	-18.8726397	65.9451729
	-18.8733086	65.9454382
	-18.8739153	65.9456787
	-18.8744875	65.9459056
	-18.8752511	65.9462084
	-18.8760225	65.9465142
	-18.8765763	65.9467338
	-18.8772989	65.9470203
	-18.8781713	65.9473661
	-18.8788267	65.9476259
	-18.8792369	65.9477885
	-18.8797136	65.9479775
	-18.8802975	65.948209
	-18.8808049	65.9484101
	-18.8812056	65.9485689
	-18.8812989	65.9485976
	-18.8819366	65.9487937
	-18.8822525	65.9488909
	-18.8828257	65.9490672
	-18.883268	65.9492032
	-18.8836073	65.9493075
	-18.8839954	65.9493663
	-18.8846286	65.9494622
	-18.8851617	65.949543
	-18.8856466	65.9496164
	-18.8865344	65.9497509
	-18.8876658	65.9498976
	-18.8886753	65.950028
	-18.8891497	65.9500893
	-18.8895157	65.9501525
	-18.8904931	65.9503215
	-18.8908028	65.9504205
	-18.8918206	65.9507459
	-18.8925688	65.9512052
	-18.8930048	65.9516387
	-18.8932032	65.9524111
	-18.8931774	65.9525976
	-18.8930966	65.953183
	-18.8930735	65.9533501
	-18.8929242	65.9536026
	-18.8926472	65.9540711
	-18.8923216	65.9543733
	-18.8919662	65.9547032
	-18.8921508	65.9554521
	-18.8922412	65.9558187
	-18.8926596	65.9564658
	-18.8932132	65.9570377
	-18.8936991	65.9575397
	-18.8942537	65.9581125
	-18.8949895	65.9591085
	-18.8956491	65.9600012
	-18.8958574	65.9602832
	-18.8961343	65.9606074
	-18.8965495	65.9610937
	-18.8969246	65.9615331
	-18.8973467	65.9620274
	-18.8977299	65.9624761
	-18.8978862	65.9626591
	-18.8980094	65.9628033
	-18.8983715	65.963086
	-18.900128	65.9644571
	-18.9013094	65.966034
	-18.9016891	65.966905
	-18.9018754	65.9673326
	-18.9020401	65.9677104
	-18.9023545	65.9684316
	-18.9025892	65.9689698
	-18.9024753	65.9703579
	-18.9023361	65.9714143
	-18.9017114	65.9718572
	-18.9013894	65.9720855
	-18.9001104	65.9724434
	-18.8993495	65.9726563
	-18.8978933	65.9728046
	-18.8963875	65.9729579
	-18.8954411	65.9729495
	-18.893403	65.9729314
	-18.8919326	65.9729183
	-18.8899721	65.9731587
	-18.8887683	65.9737622
	-18.8884846	65.9746562
	-18.8892806	65.9752335
	-18.889326	65.9752664
	-18.8908868	65.9760575
	-18.8909294	65.9760945
	-18.8918115	65.9768612
	-18.8920615	65.9770784
	-18.8921606	65.9772027
	-18.892747	65.9779385
	-18.8933451	65.9786888
	-18.8934779	65.9792417
	-18.8937234	65.9802642
	-18.8938138	65.9806408
	-18.8936787	65.9829158
	-18.893189	65.9850364
	-18.8929238	65.9858543
	-18.8924851	65.9872075
	-18.8909022	65.9910218
	-18.8907161	65.9914699
	-18.8901045	65.9924163
	-18.8891434	65.9939032
	-18.88873	65.9945427
	-18.8872754	65.9968959
	-18.88644	65.9979312
	-18.8860469	65.9984184
	-18.8852536	65.9990605
	-18.8843696	65.9997746
	-18.881649	66.0015157
	-18.8812627	66.0017629
	-18.8802679	66.0031049
	-18.8791166	66.0046937
	-18.8789821	66.0054942
	-18.8790758	66.0059741
	-18.8792205	66.0067148
	-18.8790423	66.0080403
	-18.8776375	66.0094043
	-18.8774007	66.0095878
	-18.8771289	66.0097984
	-18.8767159	66.0106781
	-18.8770796	66.0112088
	-18.8778736	66.0114687
	-18.8780695	66.0115248
	-18.8795999	66.0119628
	-18.8805794	66.0124466
	-18.8809042	66.0134471
	-18.8809676	66.013545
	-18.8816272	66.0145637
	-18.8818516	66.0148333
	-18.8824309	66.0155292
	-18.8838942	66.016739
	-18.8838955	66.0169015
	-18.8839002	66.0174861
	-18.8843589	66.018246
	-18.884498	66.0184764
	-18.8856023	66.0191943
	-18.886498	66.0197766
	-18.8870282	66.0203166
	-18.8876268	66.0209264
	-18.8880542	66.0215132
	-18.8881687	66.0225938
	-18.8877062	66.0232514
	-18.8875859	66.0233432
	-18.8858911	66.0246375
	-18.8855127	66.0249084
	-18.8833775	66.0264371
	-18.8827818	66.0268635
	-18.8825098	66.0269889
	-18.881629	66.0273952
	-18.8808221	66.0277674
	-18.8798111	66.0282336
	-18.8786083	66.0285726
	-18.8772059	66.0289678
	-18.8768159	66.0290777
	-18.8734993	66.029696
	-18.8726553	66.0299013
	-18.8713468	66.0302196
	-18.8702614	66.0307917
	-18.8686628	66.0316343
	-18.8680733	66.031945
	-18.8677789	66.0320357
	-18.8667479	66.0323533
	-18.8663973	66.0324613
	-18.8641645	66.0330073
	-18.86325	66.0332309
	-18.8627446	66.0333545
	-18.8620793	66.0335171
	-18.8612575	66.0337181
	-18.8610386	66.0337812
	-18.8597933	66.0341404
	-18.8592748	66.0343921
	-18.85802	66.0350011
	-18.8562842	66.0355124
	-18.8533241	66.0363841
	-18.8529966	66.0364806
	-18.851252	66.0369957
	-18.8510881	66.0373255
	-18.8523496	66.038505
	-18.853455	66.0399029
	-18.8554248	66.0423935
	-18.8569413	66.0438804
	-18.8571852	66.0441195
	-18.8584356	66.0442682
	-18.860083	66.0444641
	-18.860325	66.0444965
	-18.864458	66.0450504
	-18.8645984	66.0450893
	-18.8652884	66.0452804
	-18.8677177	66.0459532
	-18.8680811	66.0461715
	-18.8704362	66.0475864
	-18.8708287	66.0478222
	-18.8709216	66.0478885
	-18.8716972	66.048442
	-18.8722065	66.0488055
	-18.8723705	66.0489225
	-18.8735098	66.0493826
	-18.8742145	66.0496672
	-18.8747563	66.0497733
	-18.8754541	66.0499099
	-18.8756733	66.0499529
	-18.8762108	66.0500581
	-18.8775053	66.0503115
	-18.8781666	66.050441
	-18.8791385	66.0507293
	-18.8796162	66.050871
	-18.8799661	66.0509748
	-18.8804617	66.0511217
	-18.8816879	66.0514854
	-18.8822289	66.0516682
	-18.885529	66.0527831
	-18.8864396	66.0532144
	-18.8869211	66.0534423
	-18.888477	66.0541791
	-18.8890224	66.0545554
	-18.8902161	66.0553788
	-18.8903618	66.0554332
	-18.891059	66.0556938
	-18.8919772	66.056037
	-18.8927884	66.0563402
	-18.8933462	66.0565487
	-18.8939809	66.0567859
	-18.8955789	66.0571142
	-18.8977307	66.0575563
	-18.9003559	66.0584594
	-18.9005781	66.0585358
	-18.9017997	66.0590478
	-18.9026177	66.0593906
	-18.9033179	66.0596841
	-18.9038605	66.0599115
	-18.9043304	66.0601084
	-18.9043592	66.0601534
	-18.9045718	66.0604852
	-18.9043439	66.0605675
	-18.903659	66.0608146
	-18.9026377	66.0611831
	-18.9017641	66.0614984
	-18.9015769	66.0616091
	-18.8996159	66.0627694
	-18.8979913	66.0642966
	-18.8977084	66.0652472
	-18.8973445	66.0671789
	-18.8960576	66.0682122
	-18.8954472	66.0687023
	-18.8952757	66.0691288
	-18.8957893	66.0693089
	-18.8961135	66.0694226
	-18.8965352	66.0695704
	-18.8969682	66.0697223
	-18.8974469	66.0698901
	-18.8981554	66.0701385
	-18.9014336	66.0712877
	-18.9020269	66.0716126
	-18.9033365	66.0723299
	-18.9046486	66.0730485
	-18.9052149	66.0733587
	-18.9053226	66.0734141
	-18.9057985	66.0736592
	-18.9063548	66.0739458
	-18.9071532	66.074357
	-18.9078862	66.0747345
	-18.9082909	66.0749429
	-18.9087306	66.0751694
	-18.9099872	66.0758165
	-18.9101108	66.075913
	-18.9108342	66.0764785
	-18.912037	66.0774186
	-18.9122926	66.0776183
	-18.9125902	66.0777195
	-18.9135753	66.0780545
	-18.9138176	66.0781369
	-18.9160641	66.0781673
	-18.9180153	66.0781802
	-18.9199963	66.0781932
	-18.9200829	66.0781938
	-18.9214854	66.078258
	-18.9226858	66.0783129
	-18.9256507	66.0784486
	-18.9261913	66.0784681
	-18.9293202	66.0785808
	-18.9299665	66.0787281
	-18.9311269	66.0789924
	-18.9320997	66.0794397
	-18.9344119	66.0805027
	-18.9350446	66.0811959
	-18.9362271	66.0824912
	-18.9364778	66.0830256
	-18.9368082	66.0837301
	-18.9373163	66.084235
	-18.9392829	66.0843165
	-18.9415486	66.08447
	-18.9423338	66.0845232
	-18.9445117	66.0854098
	-18.945173	66.0859326
	-18.9459124	66.086517
	-18.9461137	66.0866761
	-18.9461773	66.0884199
	-18.9462936	66.0888982
	-18.9464844	66.0896827
	-18.9471788	66.0897384
	-18.9495654	66.0899296
	-18.9539364	66.0902796
	-18.9549093	66.090307
	-18.9574753	66.0903793
	-18.9599594	66.0904492
	-18.9603429	66.09046
	-18.9613517	66.0904884
	-18.9624303	66.0908638
	-18.9635408	66.0912504
	-18.9640652	66.0914775
	-18.9654519	66.0920779
	-18.9674623	66.0925193
	-18.9692737	66.092617
	-18.9708544	66.0927022
	-18.9717972	66.0927956
	-18.9723273	66.0928482
	-18.9734281	66.0929574
	-18.9751441	66.0936715
	-18.9760581	66.0950391
	-18.9763469	66.0965507
	-18.9751577	66.09778
	-18.9748106	66.0979722
	-18.9738384	66.0985103
	-18.9733025	66.0988069
	-18.9745831	66.0988961
	-18.97608	66.0990002
	-18.9777115	66.0991137
	-18.9788155	66.0993098
	-18.9797293	66.0994721
	-18.980781	66.09997
	-18.9819546	66.1009767
	-18.9820582	66.1010656
	-18.9821567	66.1010904
	-18.983797	66.1015033
	-18.9840008	66.1015606
	-18.9846408	66.1017403
	-18.987	66.1024027
	-18.9875775	66.1025477
	-18.990545	66.1032927
	-18.9917831	66.1038524
	-18.991994	66.1039478
	-18.9923636	66.1044506
	-18.9922478	66.1059153
	-18.9921669	66.1062471
	-18.9920213	66.1068438
	-18.9919519	66.1071659
	-18.9923136	66.1076729
	-18.9934458	66.1082469
	-18.9946097	66.108837
	-18.9952362	66.1090839
	-18.9961385	66.1094395
	-18.9968597	66.1097238
	-18.9973463	66.1100282
	-18.9981775	66.1105481
	-18.999579	66.1114199
	-19.0000686	66.1115893
	-19.0015942	66.1121255
	-19.0021984	66.1124105
	-19.0028674	66.1127286
	-19.0034823	66.113185
	-19.003481	66.1134004
	-19.0034768	66.1140819
	-19.0034225	66.1143441
	-19.0032887	66.1149902
	-19.003267	66.1150948
	-19.0031105	66.1153666
	-19.0029334	66.1156742
	-19.0027394	66.1160113
	-19.0026044	66.1161238
	-19.0022645	66.1164071
	-19.0015553	66.1169984
	-19.0015009	66.1170507
	-19.0008511	66.1176751
	-19.0005683	66.1178859
	-18.9998751	66.1184026
	-18.9995711	66.1186291
	-18.9995355	66.1188859
	-18.9994704	66.1192395
	-18.9995248	66.1197303
	-18.9995711	66.1199267
	-18.9995866	66.1199878
	-18.9996407	66.1202132
	-19.0007882	66.1213861
	-19.0009073	66.1215075
	-19.0010917	66.1217287
	-19.0020969	66.1229342
	-19.0027705	66.1235396
	-19.0035561	66.1242457
	-19.0039234	66.1246551
	-19.0041576	66.1249162
	-19.0043642	66.1251464
	-19.0045009	66.1253666
	-19.0048883	66.1259963
	-19.0050001	66.1263339
	-19.0051473	66.1267789
	-19.0051269	66.1268186
	-19.0049793	66.1271055
	-19.004763	66.1275257
	-19.0046852	66.1275806
	-19.0042116	66.1279143
	-19.0037726	66.1280409
	-19.0026792	66.1283562
	-19.00175	66.1285726
	-19.0007307	66.12881
	-18.9999543	66.1289909
	-18.9995709	66.1290802
	-18.9993972	66.1290861
	-18.9989108	66.1293664
	-18.9974058	66.1302337
	-18.9973245	66.1302881
	-18.9963566	66.1309358
	-18.9956856	66.1313849
	-18.9956587	66.1314097
	-18.9951821	66.1318509
	-18.9945974	66.1323921
	-18.9945135	66.1324697
	-18.9942828	66.1327271
	-18.9939095	66.1331436
	-18.9934723	66.1336312
	-18.9931187	66.1340257
	-18.9927263	66.1344634
	-18.9928263	66.1344769
	-18.9933689	66.1345499
	-18.9950363	66.1347745
	-18.9960408	66.1349097
	-18.9968712	66.135105
	-18.9971963	66.1351814
	-18.9973923	66.1352796
	-18.9977453	66.1354564
	-18.9989488	66.1360591
	-18.9995188	66.1363446
	-18.9995707	66.1363706
	-19.0001949	66.1366076
	-19.0012901	66.1370235
	-19.0019649	66.1372797
	-19.0039259	66.1376378
	-19.0047706	66.1379298
	-19.0049784	66.1380016
	-19.0056661	66.1384241
	-19.0057213	66.138458
	-19.0059685	66.1386099
	-19.0068083	66.1393033
	-19.0070244	66.1394816
	-19.0077217	66.1399635
	-19.0078476	66.1400113
	-19.0087716	66.1403623
	-19.0103482	66.1406628
	-19.0118328	66.1409085
	-19.0121841	66.1409666
	-19.0125208	66.1410053
	-19.0131518	66.1410778
	-19.0136246	66.1411322
	-19.0140151	66.141177
	-19.0143794	66.1413967
	-19.0146131	66.1415376
	-19.0149597	66.1417466
	-19.015162	66.1418686
	-19.0155332	66.1420923
	-19.0159153	66.1423227
	-19.0161782	66.1424812
	-19.0164732	66.1426591
	-19.0168691	66.1428978
	-19.0176095	66.1433441
	-19.0181077	66.1436445
	-19.0190115	66.1441893
	-19.0193029	66.144365
	-19.0197434	66.1446305
	-19.0203168	66.1449761
	-19.0207496	66.145237
	-19.0211025	66.1454497
	-19.0216694	66.1457914
	-19.0228331	66.1464927
	-19.0233442	66.1468007
	-19.0237086	66.1470203
	-19.0245125	66.1475048
	-19.026439	66.1486657
	-19.0298026	66.1506922
	-19.0312198	66.1515459
	-19.0320217	66.152029
	-19.0338018	66.1531011
	-19.0367803	66.1548949
	-19.0395789	66.15658
	-19.03964	66.1566168
	-19.0406117	66.1572018
	-19.0411618	66.1575331
	-19.0418212	66.15793
	-19.0427966	66.1585172
	-19.0432098	66.1587659
	-19.0436262	66.1590166
	-19.0444931	66.1594815
	-19.0496796	66.1587671
	-19.0523248	66.1579
	-19.0550054	66.15645
	-19.0568739	66.1557874
	-19.0597397	66.1534142
	-19.0622488	66.1506849
	-19.0628545	66.1503166
	-19.0642994	66.1489245
	-19.064793	66.1472542
	-19.0657066	66.145699
	-19.0658299	66.1453899
	-19.0657907	66.1443471
	-19.0662092	66.1432733
	-19.0667885	66.1422903
	-19.0675717	66.1411794
	-19.067561	66.1405545
	-19.0679365	66.1400207
	-19.0690394	66.1388336
	-19.0692374	66.1383844
	-19.070093	66.1371389
	-19.0712137	66.1359003
	-19.0717333	66.1354174
	-19.0721208	66.1347038
	-19.0727967	66.1340614
	-19.074772	66.1327793
	-19.07512	66.13234
	-19.0763151	66.1299391
	-19.07652	66.12923
	-19.0763839	66.1279716
	-19.0755813	66.1264357
	-19.0767013	66.1242396
	-19.0776823	66.1236004
	-19.079899	66.1228096
	-19.08166	66.1219399
	-19.0832251	66.1199811
	-19.0835899	66.1189648
	-19.0833968	66.1186086
	-19.0838584	66.1179917
	-19.0845039	66.1174117
	-19.0861672	66.1160157
	-19.0862506	66.1153073
	-19.0860146	66.1147165
	-19.0856069	66.1143168
	-19.0849939	66.1138472
	-19.0843989	66.1134788
	-19.0835708	66.1130478
	-19.0829545	66.1127387
	-19.080572	66.1111405
	-19.08009	66.11019
	-19.0824693	66.1088172
	-19.0841911	66.1079332
	-19.0853292	66.1070603
	-19.0861601	66.1066999
	-19.0865205	66.1064507
	-19.0889753	66.1056153
	-19.0905207	66.1045491
	-19.0912932	66.1040276
	-19.09164	66.1034799
	-19.0914018	66.10196
	-19.0908715	66.1014932
	-19.0893925	66.1009861
	-19.0889972	66.1007331
	-19.088593	66.1004871
	-19.0873995	66.0992546
	-19.0873664	66.0982033
	-19.0880259	66.0974727
	-19.0896978	66.0962532
	-19.0913425	66.0952958
	-19.0937931	66.0943322
	-19.095972	66.0935734
	-19.1043876	66.0909188
	-19.1103007	66.0891393
	-19.1137608	66.0885869
	-19.1203764	66.0879243
	-19.1213838	66.0878211
	-19.1230543	66.0877975
	-19.1259471	66.0878181
	-19.126687	66.0878233
	-19.1295738	66.0881578
	-19.1308611	66.0885076
	-19.1321188	66.088857
	-19.1330069	66.0890555
	-19.134187	66.0891313
	-19.1358179	66.0889772
	-19.1372634	66.0886301
	-19.1394139	66.0874598
	-19.1412181	66.0850268
	-19.1403271	66.0841772
	-19.13223	66.0793401
	-19.1299119	66.0781418
	-19.1292425	66.0768798
	-19.1309799	66.07553
	-19.1332099	66.0736799
	-19.1363552	66.0719499
	-19.1396454	66.0707128
	-19.1433004	66.0697063
	-19.1471415	66.0688422
	-19.1489976	66.0684667
	-19.1508967	66.0682218
	-19.1522459	66.0682037
	-19.1536167	66.0682813
	-19.1553067	66.0685716
	-19.1562191	66.068917
	-19.1601195	66.0687751
	-19.1612475	66.0687352
	-19.1625686	66.0687041
	-19.1641809	66.0687462
	-19.1655557	66.0686694
	-19.1666944	66.0687492
	-19.1682637	66.0689786
	-19.1687202	66.0692021
	-19.1694859	66.0699689
	-19.1709199	66.070073
	-19.1723002	66.0702598
	-19.1733871	66.0705551
	-19.1740803	66.070841
	-19.17952	66.0752499
	-19.1827799	66.07593
	-19.1843101	66.0794699
	-19.18685	66.0814501
	-19.19051	66.08071
	-19.19753	66.08117
	-19.19761	66.0816701
	-19.20075	66.0815899
	-19.20084	66.0821
	-19.2131	66.0836899
	-19.21739	66.0829299
	-19.2173	66.08242
	-19.22299	66.08252
	-19.2229101	66.0820101
	-19.22417	66.08197
	-19.22408	66.0814501
	-19.23276	66.0804599
	-19.23321	66.07941
	-19.2344701	66.07939
	-19.2343799	66.0788801
	-19.23999	66.0784699
	-19.2392401	66.07772
	-19.2423799	66.07763
	-19.2439299	66.07938
	-19.2463601	66.0787999
	-19.2462699	66.07829
	-19.2481599	66.0782399
	-19.24807	66.07773
	-19.24996	66.0776801
	-19.24987	66.07717
	-19.25557	66.07727
	-19.25665	66.0762201
	-19.2635801	66.07739
	-19.26386	66.0778099
	-19.26646	66.0782599
	-19.26897	66.07818
	-19.26943	66.0771399
	-19.2769307	66.0769949
	-19.2781999	66.0770571
	-19.2793554	66.0773704
	-19.2802384	66.0779351
	-19.2811761	66.0779172
	-19.282985	66.0772646
	-19.2838433	66.0771428
	-19.2852316	66.0770323
	-19.2866338	66.0768296
	-19.2881509	66.0762222
	-19.289463	66.0758146
	-19.2906207	66.0755087
	-19.2923191	66.075369
	-19.2940357	66.0755444
	-19.2982167	66.0762148
	-19.3004912	66.0763802
	-19.3030178	66.076264
	-19.3059425	66.0759512
	-19.3078887	66.0757937
	-19.3095635	66.0758394
	-19.3104701	66.0761887
	-19.3113702	66.0763771
	-19.3123391	66.0763949
	-19.3129345	66.076552
	-19.3134474	66.0768331
	-19.3141769	66.0768731
	-19.3150996	66.0767282
	-19.3155974	66.076354
	-19.3164986	66.0762736
	-19.3179964	66.0764667
	-19.3220293	66.0765785
	-19.3242845	66.0765276
	-19.3253381	66.0764754
	-19.3257297	66.0760726
	-19.3262426	66.0756932
	-19.3271701	66.07527
	-19.3286233	66.0750118
	-19.3293132	66.0747512
	-19.3298067	66.0744723
	-19.3302509	66.0741694
	-19.33072	66.0738901
	-19.3313076	66.0735955
	-19.3318899	66.0733499
	-19.3343299	66.0728901
	-19.3393101	66.0725
	-19.3416717	66.0725247
	-19.342825	66.0726735
	-19.3435353	66.073002
	-19.3442037	66.0734189
	-19.3451006	66.0735938
	-19.3465791	66.0735951
	-19.3481884	66.0738301
	-19.349066	66.0741751
	-19.3498406	66.0750375
	-19.3505133	66.0756666
	-19.3507193	66.077118
	-19.3508931	66.0776653
	-19.3513716	66.0778398
	-19.3524992	66.0779555
	-19.3540238	66.0783605
	-19.3548671	66.0783979
	-19.3582381	66.0781443
	-19.3596286	66.0777632
	-19.3619717	66.0746716
	-19.3623934	66.0742974
	-19.36404	66.0732101
	-19.3652923	66.07268
	-19.3666205	66.0719581
	-19.3685131	66.0714599
	-19.3698435	66.0714359
	-19.37371	66.06705
	-19.3745835	66.0667623
	-19.3758291	66.0664899
	-19.3774416	66.0665891
	-19.3783568	66.0666383
	-19.37929	66.0665
	-19.3805712	66.0660302
	-19.3819671	66.0660755
	-19.3830367	66.0660128
	-19.3835699	66.06574
	-19.3854024	66.063123
	-19.3861399	66.0623301
	-19.3871545	66.0618532
	-19.3882767	66.0615825
	-19.3892401	66.0614941
	-19.3901821	66.0616334
	-19.3911102	66.061599
	-19.39415	66.0612101
	-19.3951195	66.0613195
	-19.3962804	66.0611972
	-19.3984283	66.0607884
	-19.3996911	66.0607366
	-19.4004153	66.0604758
	-19.4017049	66.05997
	-19.4024141	66.0596495
	-19.4032059	66.0593866
	-19.404179	66.0592899
	-19.4041985	66.0584212
	-19.4036822	66.058245
	-19.4036608	66.0577226
	-19.4042201	66.0574599
	-19.4050287	66.0574831
	-19.4054699	66.0574401
	-19.4051864	66.0570203
	-19.4055964	66.0568213
	-19.4074792	66.0565766
	-19.4101421	66.0565387
	-19.4122192	66.056695
	-19.41477	66.05652
	-19.4200534	66.0550678
	-19.4253899	66.053414
	-19.42677	66.05297
	-19.4276472	66.0526493
	-19.4288671	66.0522482
	-19.4297029	66.0519407
	-19.4304614	66.0516189
	-19.4311684	66.0512779
	-19.4321555	66.0506451
	-19.4326308	66.0502453
	-19.4334462	66.0495533
	-19.4342122	66.0491264
	-19.4349042	66.0487728
	-19.4354128	66.048518
	-19.4361906	66.0479975
	-19.436815	66.0474901
	-19.4378235	66.0445995
	-19.4386647	66.043911
	-19.4392515	66.0427755
	-19.4392977	66.0417752
	-19.439259	66.0412005
	-19.4392365	66.0404777
	-19.4390198	66.0391428
	-19.4375199	66.0365889
	-19.4363837	66.0353688
	-19.4345094	66.0309244
	-19.4334022	66.02899
	-19.4317435	66.0274621
	-19.4311287	66.0269866
	-19.4303501	66.02648
	-19.4294336	66.0259364
	-19.4284004	66.0249438
	-19.4272224	66.0243086
	-19.4246399	66.022443
	-19.4237162	66.0217964
	-19.4224701	66.0210701
	-19.4218955	66.0206894
	-19.42141	66.0203299
	-19.4194944	66.0192666
	-19.4185524	66.0190163
	-19.4177992	66.0184638
	-19.4170911	66.0181939
	-19.41625	66.0180386
	-19.4157135	66.0174434
	-19.4155633	66.017173
	-19.4154153	66.0168442
	-19.4147276	66.0159633
	-19.4128382	66.0144181
	-19.4121956	66.0138956
	-19.4115947	66.0131432
	-19.4105648	66.012718
	-19.4097118	66.0125156
	-19.4092601	66.0120716
	-19.4089833	66.0101419
	-19.4081229	66.0087036
	-19.4073043	66.0073539
	-19.4065307	66.0063152
	-19.4058559	66.0049662
	-19.4057084	66.0046566
	-19.4055276	66.0043165
	-19.4053296	66.0036664
	-19.405246	66.0031341
	-19.4054085	66.0027327
	-19.4057604	66.0021126
	-19.4066284	66.0007684
	-19.406792	66.0003831
	-19.406858	66.0000436
	-19.4065763	65.9992592
	-19.4055667	65.9973693
	-19.40499	65.9966396
	-19.403455	65.9955029
	-19.4029824	65.9951302
	-19.4030964	65.9947809
	-19.4034929	65.9943271
	-19.4044699	65.9934099
	-19.4052368	65.9929359
	-19.4064744	65.9920653
	-19.4079129	65.9910685
	-19.4089426	65.9905503
	-19.4099782	65.9898089
	-19.4120274	65.986774
	-19.4122068	65.9861377
	-19.412552	65.9856024
	-19.4127304	65.9849581
	-19.4133682	65.9841918
	-19.4141101	65.9836499
	-19.4149553	65.983163
	-19.415471	65.9828341
	-19.4164201	65.9807061
	-19.4191674	65.9793302
	-19.4222811	65.9783609
	-19.4266538	65.9774881
	-19.4355873	65.9762147
	-19.4440015	65.9751124
	-19.4607165	65.973185
	-19.4672906	65.9724952
	-19.4702008	65.9724225
	-19.4721462	65.9724952
	-19.472357	65.9726074
	-19.4759967	65.9727757
	-19.4787428	65.9725064
	-19.4807949	65.9720769
	-19.4837	65.97177
	-19.489794	65.9715541
	-19.4931988	65.9720863
	-19.4940701	65.972385
	-19.4948152	65.9727351
	-19.4949184	65.9730292
	-19.4949757	65.9734819
	-19.4984264	65.9718995
	-19.4995269	65.97112
	-19.5004096	65.9704571
	-19.5022209	65.9690473
	-19.5042844	65.9680249
	-19.5078799	65.96632
	-19.5093567	65.9657753
	-19.5105957	65.9662526
	-19.5116002	65.9663617
	-19.5117788	65.9662435
	-19.5091111	65.965107
	-19.5079168	65.9648842
	-19.507448	65.9649115
	-19.5071912	65.9646887
	-19.5077047	65.9645205
	-19.5072136	65.9641068
	-19.5067448	65.9640704
	-19.5071354	65.963734
	-19.5078721	65.963393
	-19.5071577	65.9633021
	-19.5074145	65.9629383
	-19.5065996	65.9625201
	-19.5065327	65.9622063
	-19.5059411	65.9620654
	-19.5058071	65.9619699
	-19.5061197	65.9618699
	-19.5060508	65.9616347
	-19.505703	65.961307
	-19.5052139	65.9612185
	-19.5055291	65.9605455
	-19.50529	65.9597486
	-19.506588	65.9590327
	-19.5064187	65.9581877
	-19.5055298	65.957472
	-19.5047255	65.9573298
	-19.5037837	65.95689
	-19.5038472	65.955562
	-19.5034345	65.955437
	-19.50367	65.9549301
	-19.5031911	65.9544108
	-19.5027678	65.9541909
	-19.5026302	65.9538373
	-19.5014556	65.9531905
	-19.5011487	65.9527851
	-19.5007783	65.9524359
	-19.5003233	65.9522547
	-19.4991698	65.9517028
	-19.4986407	65.9514742
	-19.4979529	65.9514397
	-19.4971169	65.9512068
	-19.496175	65.9511077
	-19.4958682	65.9507713
	-19.4944501	65.9501891
	-19.4888733	65.9498182
	-19.48627	65.949154
	-19.4820371	65.9482095
	-19.4738252	65.9452766
	-19.4667986	65.9408074
	-19.4608302	65.9363376
	-19.4545655	65.933852
	-19.452449	65.9326264
	-19.4518253	65.9321812
	-19.4513071	65.9315739
	-19.4514155	65.9313307
	-19.4518393	65.9310869
	-19.4517159	65.9308336
	-19.4513114	65.9306485
	-19.4509874	65.9303956
	-19.4513039	65.9297633
	-19.4511537	65.9295812
	-19.450702	65.929467
	-19.4503801	65.9295174
	-19.449981	65.929474
	-19.4499714	65.9292561
	-19.4501248	65.9291682
	-19.4506677	65.9291708
	-19.4508157	65.9290049
	-19.450363	65.928829
	-19.4497782	65.9288562
	-19.4496302	65.928556
	-19.4492257	65.9282138
	-19.4485337	65.9277516
	-19.4478052	65.9276829
	-19.4472967	65.9277245
	-19.4468031	65.927577
	-19.4462409	65.9272278
	-19.4460296	65.9268935
	-19.4461734	65.9266318
	-19.4466508	65.9262453
	-19.4473149	65.9260335
	-19.4468214	65.9258606
	-19.446374	65.9258173
	-19.4463751	65.9255805
	-19.445815	65.9252746
	-19.4453816	65.924931
	-19.4448226	65.9247503
	-19.444505	65.9244444
	-19.4435566	65.9243538
	-19.4428978	65.9244409
	-19.4418861	65.9245109
	-19.4409827	65.9244268
	-19.4403455	65.9242067
	-19.4399645	65.9237793
	-19.4393069	65.9236469
	-19.4384153	65.9232272
	-19.4379218	65.9224038
	-19.4375967	65.9217101
	-19.4374701	65.92098
	-19.4378317	65.9203014
	-19.4380066	65.9198922
	-19.4392908	65.9190079
	-19.4384507	65.9188831
	-19.4377001	65.91866
	-19.4364981	65.9182715
	-19.4351677	65.9181288
	-19.4343781	65.9179454
	-19.4338567	65.9176827
	-19.43345	65.9172191
	-19.4333202	65.9165996
	-19.4333492	65.9160388
	-19.4336217	65.9153645
	-19.4340927	65.9150764
	-19.4343759	65.9146193
	-19.4345723	65.9140164
	-19.4348877	65.9135869
	-19.4354907	65.9132108
	-19.4362631	65.9130505
	-19.4369541	65.9130974
	-19.4376783	65.9130803
	-19.4377501	65.9126481
	-19.4372716	65.9121498
	-19.4368682	65.9118341
	-19.4362224	65.9117903
	-19.4355818	65.9117014
	-19.4350186	65.9114492
	-19.4343577	65.9111256
	-19.4334726	65.9108952
	-19.4308569	65.9104245
	-19.429784	65.9100216
	-19.4285212	65.9095473
	-19.4279365	65.9091545
	-19.4274075	65.9082265
	-19.4269559	65.9073326
	-19.4272327	65.9055465
	-19.4275706	65.9046508
	-19.4283322	65.9041819
	-19.4308376	65.9037498
	-19.4316487	65.9035054
	-19.4318396	65.9033039
	-19.431668	65.9031282
	-19.4308365	65.9030744
	-19.4302099	65.9029368
	-19.4301112	65.902727
	-19.4304942	65.9025426
	-19.4302807	65.9023678
	-19.429696	65.9020778
	-19.4291301	65.90175
	-19.4280845	65.9010611
	-19.4276221	65.9007347
	-19.4275309	65.9005349
	-19.4263486	65.9000171
	-19.4253659	65.8996588
	-19.4245655	65.8994327
	-19.4235816	65.8989118
	-19.4233091	65.8985113
	-19.4220133	65.8976342
	-19.4216178	65.8977042
	-19.4214735	65.8976048
	-19.421248	65.8976342
	-19.4223393	65.8984481
	-19.421717	65.8986986
	-19.4216043	65.8988496
	-19.4204318	65.8990098
	-19.419999	65.8989693
	-19.419931	65.8989513
	-19.4194353	65.8988201
	-19.4190926	65.8988164
	-19.4188581	65.8987133
	-19.4187769	65.8986157
	-19.4189173	65.8985516
	-19.4188877	65.8985383
	-19.4187003	65.8984684
	-19.4191151	65.8982143
	-19.4200035	65.8979694
	-19.4204138	65.8981738
	-19.4206303	65.8980964
	-19.4199764	65.8977005
	-19.4191557	65.8979049
	-19.4186867	65.8980651
	-19.4184793	65.8982879
	-19.4182318	65.8982318
	-19.4162607	65.8977852
	-19.4148899	65.8968461
	-19.4145382	65.8965404
	-19.4134559	65.8962347
	-19.4124819	65.8957522
	-19.4105339	65.8950155
	-19.410083	65.8950266
	-19.4098304	65.8951887
	-19.4089827	65.8951776
	-19.4060336	65.8945662
	-19.4046988	65.8939105
	-19.4032559	65.8930486
	-19.401858	65.8922161
	-19.4002707	65.8912104
	-19.3997657	65.8906689
	-19.3993051	65.8894881
	-19.3991794	65.8891658
	-19.3986924	65.8886758
	-19.398275	65.8871421
	-19.3988362	65.8853288
	-19.3988362	65.8839322
	-19.3983599	65.88316
	-19.397517	65.8815142
	-19.3973453	65.88084
	-19.3973443	65.8796891
	-19.3976461	65.879023
	-19.3973421	65.8780352
	-19.3968508	65.8771061
	-19.3958991	65.875043
	-19.3951781	65.8742642
	-19.394897	65.8731213
	-19.3932	65.8676799
	-19.3923682	65.866773
	-19.3870864	65.8634196
	-19.3861359	65.8627168
	-19.3854629	65.8616836
	-19.3854353	65.8609386
	-19.3836918	65.8587622
	-19.382237	65.8568209
	-19.3819151	65.8561258
	-19.380971	65.8554768
	-19.3801942	65.8549866
	-19.3798563	65.8544854
	-19.3791407	65.8537678
	-19.3770614	65.8525828
	-19.3749146	65.8512103
	-19.3742794	65.8505791
	-19.3736979	65.8495182
	-19.3725338	65.8483936
	-19.3719306	65.8474461
	-19.3707303	65.846268
	-19.3699868	65.8455739
	-19.3695673	65.844675
	-19.3684612	65.8435561
	-19.3675997	65.8430095
	-19.3671705	65.8424496
	-19.3666555	65.8420207
	-19.3665021	65.8414499
	-19.3659699	65.8410696
	-19.3658957	65.8406913
	-19.365326	65.8399787
	-19.3646363	65.8394567
	-19.3639272	65.8389469
	-19.3636579	65.8381828
	-19.3625378	65.837153
	-19.3616119	65.8361078
	-19.3613737	65.8354595
	-19.3613555	65.8347361
	-19.3611806	65.8314617
	-19.3609317	65.8308129
	-19.3611044	65.8302321
	-19.3610991	65.8294932
	-19.36094	65.8288899
	-19.3614853	65.8282109
	-19.3630732	65.8273758
	-19.3648295	65.8266706
	-19.3673186	65.825476
	-19.3722527	65.8236697
	-19.3745337	65.8224802
	-19.37505	65.82183
	-19.3752225	65.8206254
	-19.3756742	65.8200111
	-19.3762739	65.8192574
	-19.3768071	65.8188434
	-19.3774541	65.8185094
	-19.3783478	65.8180695
	-19.3793359	65.817666
	-19.3803069	65.8172599
	-19.3826468	65.8162833
	-19.3845799	65.8154101
	-19.3856069	65.8148794
	-19.3869083	65.8142118
	-19.3872109	65.8137172
	-19.3864148	65.8133911
	-19.3859942	65.8130658
	-19.3856434	65.8126192
	-19.385372	65.8122746
	-19.3845072	65.8118284
	-19.3838828	65.8118895
	-19.3830331	65.8117123
	-19.3823301	65.81137
	-19.3818014	65.8107742
	-19.3816158	65.8097987
	-19.3814849	65.8088209
	-19.3809442	65.8079069
	-19.3803927	65.8074562
	-19.3801792	65.806973
	-19.3789744	65.8066419
	-19.3782223	65.8062532
	-19.3774927	65.805613
	-19.3765475	65.8046162
	-19.3761462	65.8039487
	-19.3758619	65.8031743
	-19.3737001	65.8011963
	-19.3732216	65.8004394
	-19.3725371	65.7999468
	-19.3718944	65.7988376
	-19.3717013	65.7979953
	-19.371314	65.7975102
	-19.3714674	65.7966732
	-19.3719556	65.7954059
	-19.3736926	65.7934563
	-19.3743127	65.7911423
	-19.3739533	65.7906412
	-19.3740423	65.7898136
	-19.3745337	65.7871886
	-19.3735263	65.784268
	-19.37342	65.7837733
	-19.3740842	65.7830688
	-19.3756441	65.782296
	-19.3767395	65.7817947
	-19.3778403	65.7812217
	-19.3788424	65.7808101
	-19.3800494	65.7802991
	-19.3828582	65.7792961
	-19.3851767	65.7785297
	-19.3875401	65.77779
	-19.39641	65.77509
	-19.3974526	65.7742743
	-19.3979665	65.7738627
	-19.3985856	65.7733273
	-19.3997905	65.7727277
	-19.4002218	65.7724015
	-19.4000211	65.7722055
	-19.3988699	65.771933
	-19.3980277	65.7715658
	-19.3975116	65.7712475
	-19.3965503	65.7702775
	-19.3958594	65.7698112
	-19.3956706	65.7694052
	-19.3957307	65.7689235
	-19.3956695	65.7683687
	-19.395839	65.767794
	-19.3962725	65.7672225
	-19.3970589	65.7662554
	-19.397208	65.7658058
	-19.39694	65.76535
	-19.3964806	65.7650188
	-19.3960107	65.7645353
	-19.3959882	65.7641657
	-19.3964613	65.7637945
	-19.3966995	65.7634536
	-19.3966362	65.763029
	-19.3959946	65.7619803
	-19.3959442	65.7613672
	-19.3961566	65.7607219
	-19.3964001	65.7599128
	-19.396545	65.7594952
	-19.3966973	65.757394
	-19.3970199	65.75664
	-19.3983732	65.7556816
	-19.3997668	65.7549251
	-19.4015886	65.7543951
	-19.4020628	65.7540105
	-19.4061205	65.7525552
	-19.4102699	65.7512314
	-19.4146838	65.7497962
	-19.4185097	65.7485522
	-19.429496	65.7457317
	-19.4387657	65.7427698
	-19.450782	65.7396666
	-19.460212	65.7382028
	-19.4655529	65.7375767
	-19.4746327	65.7369542
	-19.4760886	65.7369714
	-19.4771501	65.7371401
	-19.48109	65.73831
	-19.4824099	65.73878
	-19.4838777	65.7394543
	-19.4851265	65.7403571
	-19.4857241	65.7412101
	-19.48637	65.7425065
	-19.4869065	65.742878
	-19.4878967	65.7432276
	-19.4889406	65.7436877
	-19.4902689	65.7441651
	-19.4913686	65.7443489
	-19.4923728	65.7446133
	-19.4932354	65.7446834
	-19.4944381	65.7447821
	-19.4950196	65.745088
	-19.4958715	65.7452568
	-19.4969654	65.745461
	-19.4978306	65.7458231
	-19.4980666	65.7462189
	-19.498382	65.7467887
	-19.4988316	65.7470179
	-19.5006812	65.747374
	-19.5031456	65.7481756
	-19.5041606	65.7486427
	-19.5055982	65.7494884
	-19.5066647	65.7499374
	-19.5081689	65.7505891
	-19.5109165	65.7521036
	-19.5136792	65.7543594
	-19.5142811	65.7551106
	-19.5144989	65.7557437
	-19.5144796	65.7562653
	-19.515207	65.7571107
	-19.516105	65.7582358
	-19.5167981	65.7591199
	-19.5171564	65.7600079
	-19.5178291	65.760326
	-19.5187861	65.7604233
	-19.5193462	65.760688
	-19.5195822	65.7610122
	-19.520036	65.761358
	-19.5205467	65.7615575
	-19.5212988	65.7615416
	-19.5221378	65.7617456
	-19.5226346	65.7620248
	-19.5227633	65.7623428
	-19.5227772	65.7626881
	-19.5231066	65.762926
	-19.5244542	65.7629881
	-19.5253972	65.7632329
	-19.5258671	65.7636121
	-19.5265774	65.7641239
	-19.5275044	65.7645181
	-19.5283627	65.7646405
	-19.5294967	65.7649506
	-19.5304205	65.7653804
	-19.5309548	65.7656032
	-19.5321371	65.7659102
	-19.5328463	65.766358
	-19.5331274	65.7669072
	-19.5331241	65.7673528
	-19.5330351	65.767743
	-19.5336874	65.768182
	-19.5352871	65.7692229
	-19.5362162	65.7696545
	-19.5367516	65.770034
	-19.5374425	65.7706306
	-19.5381431	65.7707733
	-19.5395582	65.7709058
	-19.5414325	65.7710291
	-19.5420559	65.7712114
	-19.5424636	65.7714751
	-19.5429775	65.7714513
	-19.5431406	65.7711577
	-19.5432919	65.7704629
	-19.543102	65.770182
	-19.54325	65.7699948
	-19.5440461	65.7690908
	-19.5445225	65.7687359
	-19.5449495	65.7682278
	-19.54538	65.7674099
	-19.5463689	65.7671256
	-19.5471617	65.767038
	-19.5478226	65.766975
	-19.5482121	65.7665778
	-19.5482775	65.7662638
	-19.5483977	65.7659908
	-19.5490929	65.7656622
	-19.5503289	65.7652848
	-19.5509587	65.7648973
	-19.5521764	65.7642807
	-19.5521785	65.7639896
	-19.5519232	65.763754
	-19.5518524	65.7634628
	-19.551905	65.7631629
	-19.5521399	65.7628374
	-19.5526401	65.76258
	-19.5532482	65.7623098
	-19.5539413	65.7619028
	-19.5543447	65.760977
	-19.5543039	65.76037
	-19.5545421	65.7599476
	-19.5549927	65.7594194
	-19.554908	65.7584305
	-19.5542825	65.757249
	-19.5536401	65.75589
	-19.5538286	65.7551203
	-19.5543029	65.7544423
	-19.5541709	65.7538585
	-19.5536978	65.7531606
	-19.55305	65.75257
	-19.55025	65.7472699
	-19.5503299	65.74599
	-19.5532584	65.7458522
	-19.556378	65.7457182
	-19.5609838	65.745572
	-19.5602401	65.7465568
	-19.5540033	65.7491094
	-19.5544154	65.7494999
	-19.5597937	65.7483134
	-19.5617848	65.7478498
	-19.5649871	65.7473107
	-19.5741265	65.7458403
	-19.5791948	65.7451731
	-19.5856278	65.7445022
	-19.60728	65.7439
	-19.6229213	65.7446744
	-19.6317989	65.7461195
	-19.6341164	65.7466484
	-19.636727	65.7472341
	-19.6402502	65.7481405
	-19.6427748	65.7489403
	-19.644416	65.7495745
	-19.647064	65.7508085
	-19.6479346	65.7513767
	-19.6482788	65.7520724
	-19.6455184	65.7526454
	-19.6444791	65.7529891
	-19.6426163	65.7538705
	-19.6428593	65.7539592
	-19.6442496	65.7532774
	-19.6455454	65.7527951
	-19.6483801	65.7522332
	-19.6492912	65.7524328
	-19.6497637	65.7532061
	-19.6489268	65.7534694
	-19.6484746	65.7537355
	-19.6477119	65.7547859
	-19.6475702	65.7547748
	-19.6474622	65.7548136
	-19.6475364	65.7549162
	-19.646956	65.7558501
	-19.6472395	65.7558751
	-19.6479009	65.7549577
	-19.6489538	65.7550769
	-19.6485825	65.7555564
	-19.6488728	65.7555896
	-19.648623	65.7560137
	-19.6486973	65.7560608
	-19.6483261	65.7562437
	-19.646956	65.7560913
	-19.6468345	65.756313
	-19.6482908	65.7564846
	-19.6484813	65.756507
	-19.6485286	65.7564792
	-19.6494194	65.7565984
	-19.649298	65.7570474
	-19.6490752	65.7570252
	-19.6489875	65.7571194
	-19.6490752	65.757161
	-19.6485488	65.7574353
	-19.6445538	65.7567748
	-19.6420436	65.7552051
	-19.6417572	65.7552796
	-19.6414422	65.7550875
	-19.6419195	65.7547544
	-19.6416427	65.754672
	-19.6411941	65.7549542
	-19.6404099	65.7544665
	-19.6399124	65.7546062
	-19.6407836	65.7550757
	-19.6399532	65.7552482
	-19.6400391	65.7554089
	-19.64107	65.7552992
	-19.6416331	65.7557342
	-19.6418049	65.7560517
	-19.6392494	65.7567566
	-19.6375971	65.7576024
	-19.6379941	65.7576509
	-19.63867	65.7573513
	-19.6407173	65.7575934
	-19.6427919	65.7580538
	-19.6462692	65.7592486
	-19.6463107	65.7594103
	-19.6472641	65.7598187
	-19.6478445	65.7606016
	-19.6489016	65.7611888
	-19.6514468	65.7620066
	-19.6518821	65.7621611
	-19.6529666	65.7624318
	-19.6561177	65.7630696
	-19.6585067	65.7636832
	-19.6606905	65.7643811
	-19.6629622	65.7655603
	-19.6644425	65.7673891
	-19.6646742	65.7695343
	-19.6634513	65.7708187
	-19.6630471	65.7724178
	-19.6637104	65.7743868
	-19.6634099	65.7749481
	-19.6636482	65.7763088
	-19.6643218	65.7772911
	-19.6642907	65.7780904
	-19.6639177	65.7788473
	-19.6620108	65.7801908
	-19.66131	65.7808201
	-19.661161	65.7815002
	-19.6620004	65.7820571
	-19.6621766	65.7826948
	-19.6615548	65.7842634
	-19.6629539	65.7849818
	-19.6633269	65.7855641
	-19.6638348	65.7874216
	-19.6630368	65.7883609
	-19.6629746	65.7898484
	-19.6611921	65.7922112
	-19.662104	65.7927127
	-19.6633788	65.7942934
	-19.6630782	65.7946036
	-19.6635238	65.7951432
	-19.6630471	65.7963202
	-19.6625808	65.7965709
	-19.6621248	65.7985295
	-19.662529	65.7990606
	-19.6619693	65.7998932
	-19.6624668	65.8008661
	-19.6621662	65.8028499
	-19.6621766	65.8037801
	-19.6605702	65.8055343
	-19.6607568	65.8065834
	-19.659869	65.8076091
	-19.6602309	65.8087126
	-19.6611569	65.8093887
	-19.6637221	65.8097289
	-19.6664681	65.8101519
	-19.6693739	65.8108715
	-19.6729715	65.8119967
	-19.6735037	65.8127337
	-19.6747064	65.8137542
	-19.6742594	65.8151627
	-19.6749618	65.8155464
	-19.6749618	65.8161133
	-19.6767074	65.8168937
	-19.6770485	65.8185368
	-19.6763707	65.8198891
	-19.677125	65.8204756
	-19.6785679	65.8209726
	-19.6788303	65.8213174
	-19.6796611	65.8218233
	-19.6811368	65.823735
	-19.6804153	65.8253869
	-19.6827328	65.8271327
	-19.6826344	65.8273655
	-19.6831919	65.8280637
	-19.6826118	65.8290774
	-19.6829823	65.8294359
	-19.6825669	65.8302634
	-19.6825781	65.8309529
	-19.6827353	65.8312287
	-19.6833191	65.8314171
	-19.6857441	65.832033
	-19.6865246	65.8335786
	-19.6860058	65.8338666
	-19.6869051	65.8347068
	-19.6864439	65.8350136
	-19.6872626	65.8355139
	-19.6880697	65.8366467
	-19.6886232	65.837298
	-19.688162	65.8385251
	-19.687055	65.8402949
	-19.6869358	65.8422049
	-19.687753	65.8434116
	-19.6899437	65.843494
	-19.6911753	65.8440028
	-19.6927385	65.8442645
	-19.6932477	65.8447249
	-19.6929872	65.8465324
	-19.6934845	65.8469152
	-19.6940099	65.8471998
	-19.6949708	65.8475532
	-19.6947397	65.8479164
	-19.6957005	65.8487126
	-19.6958708	65.8492998
	-19.6958951	65.8503149
	-19.6966492	65.8522107
	-19.6964546	65.8532654
	-19.697122	65.8533163
	-19.6979589	65.8536944
	-19.6975467	65.8543586
	-19.69847	65.85451
	-19.6987708	65.8542156
	-19.6994078	65.8542105
	-19.700582	65.8547623
	-19.7003322	65.8549564
	-19.7005195	65.8551353
	-19.7009068	65.8551506
	-19.7015938	65.8557382
	-19.7010771	65.8568569
	-19.7027192	65.85724
	-19.7028346	65.8579483
	-19.7034632	65.8583628
	-19.7041894	65.8586692
	-19.704682	65.858877
	-19.7057852	65.8600838
	-19.7049514	65.8609652
	-19.7046562	65.8617829
	-19.7049987	65.8624402
	-19.7059737	65.862952
	-19.7071595	65.8632861
	-19.70795	65.8634692
	-19.7088459	65.863744
	-19.7093729	65.8641427
	-19.7100449	65.8649292
	-19.7098077	65.8657481
	-19.711257	65.8665723
	-19.712311	65.8670032
	-19.7143005	65.8674234
	-19.7161714	65.8689208
	-19.71813	65.8695401
	-19.7187801	65.8700089
	-19.7201108	65.8706498
	-19.7204401	65.8712369
	-19.721702	65.8715737
	-19.7223399	65.87197
	-19.7230686	65.8716512
	-19.72417	65.8717899
	-19.7272633	65.8726966
	-19.7283935	65.8740314
	-19.7297832	65.8747698
	-19.7318817	65.8753776
	-19.7319993	65.87552
	-19.7326321	65.8762864
	-19.7331741	65.8776495
	-19.7336883	65.8779278
	-19.7336744	65.8790182
	-19.7343692	65.8800007
	-19.7352725	65.8804436
	-19.7361064	65.8809945
	-19.7356861	65.8811766
	-19.73605	65.8812743
	-19.7362534	65.8817642
	-19.7359858	65.8818414
	-19.7355041	65.8815498
	-19.7354899	65.881372
	-19.7353507	65.8812801
	-19.7351081	65.8813501
	-19.7346407	65.8813866
	-19.7353792	65.8818137
	-19.7358752	65.8826156
	-19.7352972	65.8838286
	-19.7352187	65.8844584
	-19.7359999	65.8848901
	-19.7383453	65.8851424
	-19.740632	65.8848489
	-19.7415408	65.884274
	-19.7425376	65.8830821
	-19.7433291	65.8826809
	-19.7449122	65.8825251
	-19.7486647	65.8825131
	-19.7510833	65.8824832
	-19.7535459	65.8825491
	-19.7555394	65.8828006
	-19.7566681	65.8832678
	-19.7587056	65.8841183
	-19.7608017	65.8849508
	-19.7622089	65.8854838
	-19.76374	65.8858099
	-19.7666064	65.8854299
	-19.7675885	65.8855197
	-19.7676178	65.8861186
	-19.7683801	65.8861425
	-19.7689224	65.8859569
	-19.76939	65.8858901
	-19.7717116	65.8861267
	-19.7719074	65.8864465
	-19.7721181	65.8864403
	-19.7721783	65.8861697
	-19.772916	65.8859975
	-19.774316	65.8866863
	-19.773744	65.8868401
	-19.7740752	65.8872091
	-19.7743461	65.8873137
	-19.7746171	65.8869078
	-19.7751892	65.8869447
	-19.7754903	65.8872522
	-19.7753247	65.8875781
	-19.7758214	65.887615
	-19.7761978	65.8873075
	-19.7768602	65.8873506
	-19.77739	65.8884599
	-19.7777634	65.8882423
	-19.778742	65.8880394
	-19.7806012	65.8880723
	-19.7853323	65.8889881
	-19.78764	65.8896801
	-19.7884601	65.8906801
	-19.7942199	65.8919269
	-19.7987295	65.8934705
	-19.8040966	65.8943266
	-19.8064785	65.8948843
	-19.8081934	65.8962981
	-19.8116099	65.8971299
	-19.8112263	65.8979353
	-19.8134768	65.8984814
	-19.8152707	65.8983615
	-19.8161514	65.8988677
	-19.8170201	65.89927
	-19.8180431	65.9005991
	-19.821794	65.9012117
	-19.8279101	65.9037901
	-19.8298499	65.9041201
	-19.8315415	65.903533
	-19.8331799	65.90183
	-19.8355801	65.9012401
	-19.83841	65.8977029
	-19.8464635	65.8964938
	-19.8487611	65.8963584
	-19.8501823	65.8961649
	-19.8587332	65.8964551
	-19.8610782	65.8966002
	-19.8622862	65.8969871
	-19.862902	65.8976062
	-19.8645364	65.8981672
	-19.8651996	65.8994343
	-19.8645601	65.9003435
	-19.8654839	65.9008077
	-19.866005	65.9024518
	-19.8669998	65.9032062
	-19.8677301	65.9038199
	-19.8683026	65.9056528
	-19.867592	65.9066004
	-19.8680183	65.909037
	-19.8692974	65.9095301
	-19.8703633	65.9127108
	-19.8700791	65.9141222
	-19.8678289	65.9190323
	-19.8690501	65.9206901
	-19.87046	65.92141
	-19.8716898	65.9230139
	-19.8709792	65.9240672
	-19.8720925	65.9252074
	-19.8734099	65.92542
	-19.8745001	65.9261499
	-19.8745085	65.9275746
	-19.8756218	65.9282412
	-19.8757639	65.9287823
	-19.8769008	65.9290335
	-19.87793	65.9293799
	-19.8785826	65.9298256
	-19.8791984	65.9304729
	-19.878322	65.9309559
	-19.87926	65.9313899
	-19.88116	65.93312
	-19.88178	65.9331
	-19.88169	65.9325901
	-19.8822999	65.9325701
	-19.8831778	65.9360271
	-19.8864939	65.9354572
	-19.8879246	65.9361721
	-19.8887845	65.936109
	-19.8897807	65.936155
	-19.8905221	65.9364
	-19.8907688	65.936525
	-19.8923682	65.936877
	-19.893001	65.9367517
	-19.8934293	65.9367068
	-19.8938	65.9368199
	-19.8954712	65.9368577
	-19.8970819	65.9391755
	-19.8985978	65.9397067
	-19.9000901	65.9403923
	-19.9004454	65.9416766
	-19.9031693	65.9426133
	-19.90505	65.94312
	-19.9059644	65.9433664
	-19.9093516	65.9435209
	-19.9107964	65.9438492
	-19.9133546	65.9441775
	-19.9148232	65.944023
	-19.916543	65.9443629
	-19.9183525	65.9445154
	-19.920129	65.9453457
	-19.9204101	65.94622
	-19.9210901	65.94645
	-19.92094	65.94842
	-19.920579	65.9487633
	-19.9194421	65.9487054
	-19.9188736	65.9503851
	-19.9220002	65.9503368
	-19.9219292	65.9508677
	-19.9200579	65.9513021
	-19.9200106	65.9525086
	-19.9227819	65.9525376
	-19.9253164	65.9541977
	-19.9260033	65.9565043
	-19.9299193	65.9602791
	-19.932964	65.9607415
	-19.9337209	65.9610919
	-19.9357679	65.9613722
	-19.9361979	65.9617506
	-19.9363356	65.962178
	-19.9364732	65.9626054
	-19.9363012	65.9629838
	-19.9359164	65.9641594
	-19.9341851	65.9663397
	-19.9329131	65.9671023
	-19.9320121	65.9676276
	-19.9307931	65.9681456
	-19.9293267	65.9685557
	-19.9270124	65.9687715
	-19.9256344	65.968419
	-19.9245453	65.9678672
	-19.9239744	65.967828
	-19.9235702	65.9678777
	-19.9207347	65.9671213
	-19.9184485	65.9676718
	-19.9176501	65.9681632
	-19.918267	65.9689723
	-19.9193739	65.9703171
	-19.9191471	65.9705018
	-19.9192106	65.9716026
	-19.9188567	65.9724116
	-19.9183215	65.9725298
	-19.9180402	65.9734275
	-19.9216271	65.9742913
	-19.9238725	65.9739385
	-19.9263882	65.9737943
	-19.92863	65.9741501
	-19.9293138	65.9750576
	-19.9285032	65.9770642
	-19.9290809	65.9776559
	-19.929994	65.9774662
	-19.9305809	65.9784638
	-19.931317	65.9794423
	-19.9321276	65.979211
	-19.9323978	65.9795675
	-19.93305	65.9796433
	-19.9332584	65.9802208
	-19.9339282	65.9805675
	-19.9330192	65.9808207
	-19.9330383	65.9812374
	-19.934799	65.9819268
	-19.9345789	65.9824137
	-19.9349043	65.982846
	-19.9355167	65.9824254
	-19.9364832	65.9821956
	-19.9376797	65.9823253
	-19.9383481	65.9825081
	-19.9384736	65.9831186
	-19.9387702	65.9836561
	-19.9388325	65.984
	-19.9389605	65.9841488
	-19.9392987	65.9841004
	-19.9395547	65.9841227
	-19.9399477	65.9843645
	-19.9404048	65.9848035
	-19.9405053	65.9850639
	-19.9405053	65.985209
	-19.9401488	65.9852834
	-19.9400757	65.985395
	-19.939838	65.9854434
	-19.9401397	65.9858116
	-19.9401854	65.9860348
	-19.9401123	65.9861576
	-19.9404322	65.9866077
	-19.9405236	65.9868123
	-19.940743	65.9868086
	-19.9410903	65.9867677
	-19.9414742	65.9869574
	-19.9418208	65.9871445
	-19.9420867	65.9873963
	-19.9422421	65.9874037
	-19.9424249	65.9874037
	-19.9427357	65.987467
	-19.9431104	65.9876083
	-19.9433572	65.9877794
	-19.9434029	65.9879505
	-19.9431104	65.9882481
	-19.9431287	65.9884192
	-19.9431287	65.9885494
	-19.9433115	65.9886573
	-19.943668	65.9886759
	-19.9440245	65.9886312
	-19.9443536	65.9886684
	-19.9447192	65.9888432
	-19.9449112	65.9890218
	-19.9449752	65.9891706
	-19.9448241	65.9892935
	-19.944934	65.9897935
	-19.9448458	65.9899142
	-19.9447016	65.9899207
	-19.9444452	65.9897838
	-19.9440984	65.9898291
	-19.9441414	65.9899302
	-19.9442207	65.9899717
	-19.944402	65.9899648
	-19.944555	65.9899417
	-19.944606	65.989997
	-19.9443397	65.9901561
	-19.9443964	65.9903267
	-19.9446683	65.9903474
	-19.9449573	65.990359
	-19.9450366	65.9907601
	-19.9450309	65.9910344
	-19.9448437	65.9911864
	-19.9443701	65.9913346
	-19.9438675	65.9914217
	-19.9432105	65.9913956
	-19.9432105	65.9915717
	-19.9433066	65.9919694
	-19.9431304	65.9927388
	-19.9428579	65.9930322
	-19.9423932	65.9931756
	-19.942233	65.993958
	-19.9430182	65.9943491
	-19.9434669	65.9948446
	-19.9436384	65.9950609
	-19.9443963	65.9949554
	-19.9448794	65.994824
	-19.94518	65.9946399
	-19.9452296	65.9944274
	-19.9457425	65.9942579
	-19.9467841	65.9941666
	-19.947361	65.9941209
	-19.9483385	65.9942709
	-19.9489956	65.9945382
	-19.9495568	65.9948605
	-19.9499048	65.9951504
	-19.950003	65.9954368
	-19.9499703	65.9958431
	-19.9501176	65.9960562
	-19.950265	65.9965824
	-19.9502323	65.9970886
	-19.9506907	65.9974949
	-19.9510018	65.9976214
	-19.950658	65.9978745
	-19.9511	65.9982874
	-19.9514439	65.9987469
	-19.9518859	65.9988935
	-19.9524754	65.9994529
	-19.952721	65.999666
	-19.9529665	65.9996127
	-19.9533922	65.9995728
	-19.9541631	65.99996
	-19.9550199	65.9999601
	-19.955619	66.0004252
	-19.9563893	66.0007133
	-19.9570173	66.000833
	-19.9576021	66.0011501
	-19.958007	66.0013165
	-19.9584836	66.0014135
	-19.9590737	66.0013974
	-19.9594011	66.0012642
	-19.9598268	66.0010711
	-19.9598379	66.0006705
	-19.96018	66.0004268
	-19.96143	66.0005201
	-19.9613659	66.0007848
	-19.961939	66.0010378
	-19.962381	66.0010578
	-19.9630032	66.001171
	-19.9635841	66.0013536
	-19.9641299	66.00146
	-19.9646231	66.0018234
	-19.9648905	66.0021497
	-19.9651808	66.0027625
	-19.9648861	66.0039677
	-19.9648206	66.0049532
	-19.9651972	66.0054192
	-19.9650335	66.0057322
	-19.9652299	66.0060584
	-19.9651481	66.0063913
	-19.9658521	66.0065644
	-19.9663066	66.0067867
	-19.9668224	66.0068938
	-19.9682753	66.0069372
	-19.9688811	66.0068573
	-19.9701419	66.0068973
	-19.9718119	66.0071569
	-19.9726633	66.0074299
	-19.9734773	66.0076765
	-19.9735474	66.0079359
	-19.9738094	66.0081822
	-19.9737112	66.0085151
	-19.9737275	66.0088413
	-19.9741369	66.0090143
	-19.974539	66.0090703
	-19.9756481	66.0094765
	-19.9762163	66.0096934
	-19.9762817	66.0099264
	-19.9767074	66.0100662
	-19.976953	66.0102193
	-19.9767893	66.0103457
	-19.9764455	66.0105188
	-19.9765273	66.0110514
	-19.9772499	66.012119
	-19.9774933	66.0120498
	-19.9775916	66.0119034
	-19.9779845	66.0118901
	-19.9785655	66.011926
	-19.9787965	66.0118436
	-19.9790815	66.0117703
	-19.9802276	66.0120498
	-19.9815038	66.0124064
	-19.9822914	66.0127366
	-19.983666	66.0132413
	-19.9848566	66.013666
	-19.9853005	66.0139065
	-19.9855681	66.0140528
	-19.9857981	66.014243
	-19.9862838	66.0144861
	-19.9866284	66.0147327
	-19.9870258	66.0150759
	-19.9873217	66.0153914
	-19.9874426	66.0156948
	-19.9868698	66.0157797
	-19.9876103	66.0160984
	-19.9878942	66.0164254
	-19.9879534	66.0168196
	-19.9882609	66.0170216
	-19.9888051	66.0174928
	-19.9890653	66.0181322
	-19.989916	66.0186945
	-19.9905207	66.0193567
	-19.9911107	66.0207269
	-19.9914759	66.0211608
	-19.9911949	66.0234556
	-19.9914759	66.0249739
	-19.9918777	66.026307
	-19.9937234	66.0274511
	-19.99445	66.0276501
	-19.9993819	66.0280112
	-20	66.02817
	-20.005101	66.029487
	-20.0059706	66.0301483
	-20.0057548	66.0308984
	-20.0054805	66.0315293
	-20.0049647	66.0324602
	-20.0038418	66.0325976
	-20.0029103	66.033192
	-20.0031352	66.0338889
	-20.00342	66.0342001
	-20.0033904	66.0350355
	-20.0033879	66.0358167
	-20.0044836	66.0352347
	-20.0058322	66.0351206
	-20.011988	66.0372551
	-20.0146407	66.0386256
	-20.0158365	66.0393815
	-20.0165592	66.0400377
	-20.0167645	66.0402242
	-20.0171489	66.0408604
	-20.0170747	66.0416649
	-20.0167485	66.0420219
	-20.0156975	66.042422
	-20.0147864	66.042465
	-20.0136741	66.0424564
	-20.0132469	66.0427337
	-20.0137988	66.0428478
	-20.0134566	66.0429831
	-20.0137313	66.0430774
	-20.0134192	66.043225
	-20.013207	66.0435474
	-20.0135291	66.0437694
	-20.0134841	66.0443899
	-20.0128998	66.0448309
	-20.0122706	66.045132
	-20.0117237	66.0453085
	-20.0115739	66.0456613
	-20.0117237	66.0458529
	-20.0117552	66.0460146
	-20.0116788	66.0464429
	-20.0113342	66.0464855
	-20.011072	66.0466041
	-20.0112818	66.0469234
	-20.0113417	66.046963
	-20.0117537	66.0468443
	-20.0121957	66.0468322
	-20.0126765	66.0469541
	-20.0131545	66.0471819
	-20.0133568	66.0474952
	-20.0131715	66.0478475
	-20.0128923	66.0481064
	-20.0128619	66.0484429
	-20.0129298	66.0490796
	-20.0129148	66.0492529
	-20.0127875	66.0493898
	-20.0123605	66.0494445
	-20.0120983	66.0495236
	-20.0121957	66.0497456
	-20.011821	66.0497799
	-20.0114016	66.0498642
	-20.0116563	66.0499828
	-20.0116488	66.0501226
	-20.0114541	66.0501956
	-20.0111769	66.0501652
	-20.0109971	66.0500831
	-20.0108248	66.0500892
	-20.0108922	66.0501622
	-20.0110046	66.0502473
	-20.0105402	66.0502504
	-20.0101731	66.050302
	-20.0100982	66.050448
	-20.0099858	66.0505879
	-20.0096337	66.0506365
	-20.0093566	66.0505666
	-20.008997	66.0505544
	-20.0087423	66.0505909
	-20.008585	66.0505149
	-20.0083453	66.0505453
	-20.0083303	66.0506487
	-20.0080831	66.050746
	-20.008128	66.0508616
	-20.0083153	66.0509193
	-20.0086899	66.0508889
	-20.009027	66.050749
	-20.0093041	66.0506882
	-20.0096412	66.0507369
	-20.0100832	66.0506761
	-20.010218	66.0508828
	-20.0107649	66.0511656
	-20.0112843	66.0515599
	-20.011613	66.0515948
	-20.0117901	66.051733
	-20.0116189	66.0517951
	-20.0116413	66.0518528
	-20.0118661	66.0518832
	-20.0117986	66.0520262
	-20.0120906	66.0523907
	-20.0121882	66.052616
	-20.012735	66.0530904
	-20.0133317	66.0533405
	-20.0150423	66.0537137
	-20.017372	66.0540116
	-20.0182784	66.0543795
	-20.0193271	66.0547018
	-20.0201287	66.0550454
	-20.0212448	66.0556169
	-20.02153	66.0558713
	-20.0215819	66.056079
	-20.0220988	66.0563223
	-20.022773	66.0566445
	-20.0233423	66.0568512
	-20.023582	66.0572525
	-20.024054	66.0574288
	-20.0249754	66.0582466
	-20.02564	66.0591101
	-20.0266984	66.0596136
	-20.0285493	66.0597497
	-20.0319479	66.0599869
	-20.0337772	66.0603514
	-20.0353791	66.0608521
	-20.0361994	66.0614915
	-20.0366924	66.0625867
	-20.0368149	66.0632574
	-20.036172	66.0643877
	-20.0350393	66.0652323
	-20.0358352	66.0657912
	-20.0361108	66.0663377
	-20.0355291	66.0671201
	-20.0356209	66.0677535
	-20.0370292	66.0693182
	-20.0373999	66.0704301
	-20.0378475	66.0708639
	-20.0376936	66.0711357
	-20.0384563	66.07177
	-20.0395805	66.0724885
	-20.0408864	66.0728862
	-20.0414921	66.0730328
	-20.0421297	66.0736042
	-20.0419991	66.0740148
	-20.0429266	66.0746888
	-20.04354	66.0750996
	-20.0434685	66.0758686
	-20.0428154	66.0767624
	-20.0420481	66.0769213
	-20.0417379	66.0768088
	-20.041542	66.0769942
	-20.0412154	66.0774642
	-20.0415746	66.0780269
	-20.0420154	66.0784109
	-20.0417216	66.0789868
	-20.040734	66.0793272
	-20.0394349	66.0795496
	-20.0383093	66.0796952
	-20.036791	66.0796224
	-20.0354522	66.079629
	-20.0344836	66.0797906
	-20.0338359	66.0801718
	-20.033689	66.0807609
	-20.0339175	66.0814494
	-20.0344073	66.0817803
	-20.035652	66.0819252
	-20.0368073	66.0818796
	-20.0379991	66.0819988
	-20.0388971	66.0822503
	-20.039844	66.0825415
	-20.0405787	66.082621
	-20.041444	66.0826408
	-20.0433705	66.0825415
	-20.0443011	66.0825879
	-20.0460115	66.0827719
	-20.0471093	66.0830313
	-20.047697	66.0833755
	-20.0489498	66.0839083
	-20.0493171	66.084024
	-20.0497812	66.0840809
	-20.0499646	66.0842122
	-20.0502236	66.0842734
	-20.0507632	66.0842209
	-20.0521446	66.0844222
	-20.0522634	66.0845534
	-20.0527058	66.0846059
	-20.053321	66.0845272
	-20.053839	66.0846234
	-20.0539361	66.0847022
	-20.0542059	66.0847372
	-20.0542923	66.0848334
	-20.0547132	66.0850084
	-20.05576	66.0850259
	-20.0564075	66.084969
	-20.0570443	66.0849865
	-20.0574544	66.0850653
	-20.0578213	66.0851003
	-20.0583717	66.0850696
	-20.0589545	66.0851484
	-20.0593754	66.0851746
	-20.0602388	66.0852621
	-20.0618576	66.0855246
	-20.0627965	66.0856515
	-20.0635735	66.0858046
	-20.0649225	66.086194
	-20.0656888	66.0863777
	-20.06625	66.0866708
	-20.0664011	66.0869289
	-20.0666801	66.0871206
	-20.0671134	66.0872789
	-20.0673076	66.0876595
	-20.0677548	66.0879419
	-20.0686645	66.0883253
	-20.0688942	66.0885576
	-20.0692934	66.0889587
	-20.0699307	66.0894726
	-20.0701015	66.0897893
	-20.07004	66.0899099
	-20.071058	66.0905471
	-20.0729044	66.0913032
	-20.0736975	66.0917211
	-20.0736086	66.0919091
	-20.0737907	66.0918876
	-20.0741816	66.0924916
	-20.0741545	66.09308
	-20.074954	66.0934993
	-20.0756091	66.0940662
	-20.076352	66.0946334
	-20.0765189	66.0948682
	-20.0764388	66.0950312
	-20.0767816	66.0954586
	-20.0770492	66.0958981
	-20.0772096	66.0961452
	-20.0774038	66.0963638
	-20.0778895	66.0965212
	-20.0781674	66.0966019
	-20.078506	66.0965358
	-20.0787	66.0964601
	-20.0790119	66.0964294
	-20.0792385	66.0963376
	-20.0797889	66.0962501
	-20.0806631	66.0961889
	-20.0821092	66.0960839
	-20.0824653	66.0961495
	-20.0830481	66.0963594
	-20.0833611	66.0966131
	-20.0836352	66.0969512
	-20.0835661	66.0971597
	-20.0830805	66.0972471
	-20.0826812	66.0974483
	-20.082379	66.0978287
	-20.0823574	66.0979774
	-20.0816775	66.098419
	-20.0820013	66.0986989
	-20.0822819	66.0988606
	-20.0826434	66.0989249
	-20.0827699	66.09895
	-20.083415	66.0991405
	-20.0837712	66.099193
	-20.0841967	66.0994825
	-20.0844423	66.0996943
	-20.0845482	66.0998751
	-20.0843648	66.1001986
	-20.0845266	66.1003516
	-20.084818	66.1003779
	-20.0850123	66.1003516
	-20.0854946	66.1005431
	-20.0862534	66.100802
	-20.0872031	66.1011124
	-20.0880449	66.1013747
	-20.088714	66.1016371
	-20.0892428	66.1019081
	-20.0899011	66.1021049
	-20.090404	66.1022464
	-20.0918869	66.1025683
	-20.0931064	66.10287
	-20.0940777	66.1031847
	-20.0949842	66.1035563
	-20.096139	66.1040022
	-20.0968189	66.1044088
	-20.0975271	66.1049527
	-20.098265	66.1054842
	-20.0983946	66.1060175
	-20.0983079	66.1063438
	-20.0978548	66.1067945
	-20.0974215	66.107469
	-20.0965718	66.1083878
	-20.0957222	66.1089556
	-20.094898	66.109427
	-20.0942268	66.1097505
	-20.0936915	66.1102356
	-20.093785	66.110418
	-20.0947262	66.1105051
	-20.0951189	66.1103905
	-20.0953483	66.1103595
	-20.0954078	66.1102391
	-20.094966	66.1101014
	-20.0953568	66.1098778
	-20.0958921	66.1097126
	-20.0963169	66.1094855
	-20.0969626	66.1092343
	-20.0971496	66.1090829
	-20.097362	66.1088764
	-20.0974045	66.1086425
	-20.0976679	66.1083981
	-20.0983306	66.1081504
	-20.0987894	66.107937
	-20.0988064	66.10782
	-20.0993587	66.1073658
	-20.0998005	66.1072384
	-20.1007096	66.1071249
	-20.1013468	66.1071146
	-20.1015338	66.1070905
	-20.1016035	66.1070638
	-20.101561	66.107007
	-20.1013146	66.1069674
	-20.1008176	66.1069209
	-20.1007793	66.1069536
	-20.1007284	66.1070414
	-20.1007411	66.1069347
	-20.1006901	66.106902
	-20.1002611	66.1068883
	-20.0999042	66.1069588
	-20.0993094	66.1070758
	-20.0990163	66.107093
	-20.0987444	66.1070655
	-20.0987784	66.1068969
	-20.0989441	66.1068177
	-20.0991353	66.1067695
	-20.0992245	66.1066801
	-20.0992117	66.1065527
	-20.0991013	66.1064546
	-20.0991565	66.1063634
	-20.099284	66.1062946
	-20.0995898	66.1062464
	-20.0996918	66.106169
	-20.0996451	66.1060382
	-20.0993902	66.1058489
	-20.0992032	66.1056511
	-20.0995176	66.1054824
	-20.09973	66.1053172
	-20.0999382	66.1053448
	-20.1004352	66.1056425
	-20.1008346	66.1058025
	-20.1011617	66.1058644
	-20.1014251	66.1059539
	-20.1017564	66.1061243
	-20.1021133	66.1062069
	-20.1025848	66.1062137
	-20.1028907	66.106138
	-20.1029952	66.1060753
	-20.1025109	66.105769
	-20.1020096	66.1055246
	-20.1018821	66.1053491
	-20.1014913	66.1051116
	-20.1013723	66.1049671
	-20.1011854	66.1049189
	-20.1016867	66.1049395
	-20.1021455	66.1048225
	-20.1023664	66.104647
	-20.1032416	66.1043958
	-20.103437	66.1043613
	-20.1036664	66.1042787
	-20.1037429	66.1043682
	-20.1039893	66.1044715
	-20.1040801	66.1044482
	-20.1043445	66.1043314
	-20.1045548	66.1042755
	-20.104777	66.1042803
	-20.1046028	66.1043509
	-20.104735	66.1044555
	-20.1051315	66.104587
	-20.1054379	66.1047938
	-20.1054319	66.1049617
	-20.1050957	66.105386
	-20.1051866	66.1055552
	-20.1051866	66.1058326
	-20.1052947	66.105964
	-20.1051505	66.1061684
	-20.1050565	66.1063042
	-20.1048742	66.1065675
	-20.1047901	66.106806
	-20.1044416	66.1069763
	-20.1036486	66.107244
	-20.1036013	66.1076026
	-20.1035645	66.1077273
	-20.1031559	66.1080616
	-20.102483	66.1086261
	-20.102471	66.1088402
	-20.1023749	66.1090592
	-20.102459	66.1094436
	-20.1026873	66.1096967
	-20.1027354	66.1099643
	-20.102459	66.1103342
	-20.1018822	66.1107186
	-20.1013415	66.1108402
	-20.100969	66.1111614
	-20.1000741	66.1118289
	-20.0994791	66.1120032
	-20.0986379	66.1120665
	-20.0971437	66.1121488
	-20.0961627	66.112193
	-20.0945045	66.11248
	-20.0934351	66.1127428
	-20.0927381	66.1127623
	-20.0925339	66.1126941
	-20.0929664	66.1124265
	-20.0928583	66.1122465
	-20.0925339	66.1122173
	-20.092618	66.1119205
	-20.0930385	66.1114582
	-20.0939037	66.1111079
	-20.0942521	66.1110251
	-20.094108	66.1108986
	-20.0936273	66.1107818
	-20.0927982	66.1109424
	-20.0919331	66.1115604
	-20.0914044	66.1125628
	-20.0912417	66.1134263
	-20.09114	66.1140176
	-20.0913683	66.1145479
	-20.0921013	66.1153215
	-20.0929544	66.1161437
	-20.0936007	66.1167887
	-20.0955443	66.1183825
	-20.096416	66.1191379
	-20.0971022	66.119423
	-20.0981465	66.11975
	-20.0988478	66.1198874
	-20.1006156	66.119872
	-20.1012042	66.1197913
	-20.1018779	66.1198171
	-20.1036376	66.1196124
	-20.1048591	66.1193123
	-20.1057933	66.1188603
	-20.1062515	66.1181351
	-20.1062496	66.1174083
	-20.1061882	66.1168814
	-20.1059059	66.1164738
	-20.105734	66.115599
	-20.1060778	66.1150075
	-20.1066377	66.1146613
	-20.1073595	66.1143392
	-20.108263	66.1140531
	-20.1089259	66.1138743
	-20.109219	66.1138484
	-20.1094677	66.1137831
	-20.109515	66.1137189
	-20.1102402	66.1135094
	-20.1109141	66.1133613
	-20.1120811	66.1132428
	-20.1133456	66.1132726
	-20.1158623	66.1134615
	-20.12003	66.1144899
	-20.1215599	66.1148664
	-20.1255824	66.1150612
	-20.1299739	66.1146355
	-20.1314996	66.1148024
	-20.1333964	66.1152866
	-20.1354375	66.1154118
	-20.1367364	66.1156122
	-20.1375611	66.115921
	-20.1391131	66.1160462
	-20.1402806	66.1164339
	-20.1409691	66.1170484
	-20.1404359	66.1179599
	-20.1402581	66.1184557
	-20.1405598	66.1192225
	-20.140475	66.1198661
	-20.1406562	66.1204705
	-20.1416582	66.1207403
	-20.1427467	66.1210222
	-20.1436354	66.1214939
	-20.1441687	66.1219417
	-20.1446453	66.1222147
	-20.1471861	66.122774
	-20.1496052	66.1233612
	-20.1504888	66.1235805
	-20.1518911	66.1237404
	-20.1522071	66.1235645
	-20.153915	66.1234021
	-20.1555449	66.1236285
	-20.1571052	66.1239563
	-20.1594408	66.1241802
	-20.1609565	66.1245718
	-20.1619738	66.1252383
	-20.1647091	66.1257069
	-20.1665785	66.126085
	-20.1673097	66.1260488
	-20.1677507	66.1255391
	-20.1694294	66.1247157
	-20.1708196	66.1240099
	-20.1826091	66.1067757
	-20.2115125	66.0649189
	-20.2137621	66.0427011
END
END
