9610660
1
	24.2155734	63.0301978
	24.2187289	63.0216773
	24.2364996	63.0202776
	24.2358828	63.023617
	24.2472358	63.0245737
	24.2490367	63.0197276
	24.2652107	63.025738
	24.2664849	63.0262114
	24.2673819	63.0265447
	24.2750614	63.029398
	24.275675	63.029626
	24.2765754	63.0299605
	24.2778646	63.0304394
	24.2792468	63.0309539
	24.2936011	63.0362961
	24.2975493	63.0353363
	24.2968595	63.0346065
	24.2998968	63.0304077
	24.3086118	63.0184862
	24.2957437	63.0171096
	24.2963119	63.0158643
	24.2976759	63.0128747
	24.2977178	63.0126649
	24.2975579	63.0080631
	24.3050584	63.0019284
	24.2895375	62.9990494
	24.3034045	62.9916227
	24.3009208	62.9883523
	24.3036555	62.9853866
	24.3110895	62.9772915
	24.3343636	62.9829611
	24.3482329	62.9639589
	24.3482037	62.9636962
	24.3477606	62.9595999
	24.3474547	62.9571335
	24.3465965	62.950213
	24.3451642	62.9375437
	24.3440012	62.9268651
	24.3429862	62.9177129
	24.3685123	62.9171351
	24.393253	62.9161513
	24.4183231	62.9110394
	24.434	62.9078553
	24.4405714	62.901744
	24.4467749	62.8960074
	24.4472426	62.8895015
	24.4473714	62.8870627
	24.4484443	62.8709973
	24.4266733	62.868556
	24.4160791	62.8673734
	24.3892994	62.864415
	24.363481	62.8615407
	24.3573307	62.8724669
	24.3588783	62.8744917
	24.357114	62.8751721
	24.3512619	62.8673164
	24.3454383	62.859563
	24.3359186	62.8467592
	24.3361117	62.8467151
	24.3363156	62.8467004
	24.3365302	62.8467298
	24.3369271	62.8467396
	24.337367	62.84672
	24.3377103	62.8467347
	24.3379893	62.8467298
	24.3383433	62.8464605
	24.3387939	62.8463969
	24.3389951	62.8464346
	24.3388771	62.8465031
	24.3385472	62.8465633
	24.338515	62.8466417
	24.3385579	62.8467543
	24.3387403	62.8468473
	24.3391051	62.8468816
	24.3396201	62.8469012
	24.3400465	62.8468948
	24.3404033	62.8470138
	24.34073	62.8470514
	24.3409907	62.8470858
	24.3411731	62.8471543
	24.3414735	62.8473159
	24.3417873	62.847381
	24.3422486	62.8473076
	24.342828	62.8472488
	24.3432357	62.847146
	24.3433939	62.8470466
	24.3433081	62.8469781
	24.3433362	62.8468727
	24.3434395	62.8468424
	24.3434282	62.8469081
	24.3435576	62.8469893
	24.3437399	62.8470677
	24.3439223	62.8471852
	24.3441906	62.8472684
	24.3444588	62.8473174
	24.3449308	62.8472929
	24.3454244	62.8472341
	24.3456175	62.8471558
	24.3458492	62.8471458
	24.3459823	62.8472341
	24.3461754	62.8473419
	24.3464329	62.8474202
	24.3467011	62.8474936
	24.3471195	62.8475965
	24.3474307	62.8477336
	24.3476452	62.8479049
	24.3477203	62.8480714
	24.3478384	62.8482134
	24.3479242	62.8484092
	24.3480529	62.8485904
	24.348289	62.8486638
	24.3486323	62.8486883
	24.3489005	62.8486491
	24.3492358	62.8484797
	24.3623014	62.8528232
	24.3676304	62.8490153
	24.3847944	62.8364697
	24.3977559	62.8268675
	24.3807808	62.821494
	24.3808082	62.8212333
	24.3808554	62.8210513
	24.3808296	62.8208364
	24.3810871	62.82066
	24.3812743	62.8205874
	24.3815426	62.8205776
	24.3818596	62.8205864
	24.3822351	62.8206306
	24.3826643	62.8207139
	24.3830398	62.8208364
	24.3832651	62.8209442
	24.3834845	62.8210873
	24.3836669	62.8211804
	24.3838337	62.8212186
	24.3840375	62.8212284
	24.3842414	62.8212039
	24.3845037	62.8211363
	24.3848208	62.8210324
	24.3855289	62.8207825
	24.3861511	62.8205129
	24.3864564	62.8204061
	24.3867627	62.8203757
	24.3870464	62.8203865
	24.3873147	62.82046
	24.3876639	62.8205766
	24.3879477	62.8205972
	24.3882588	62.8205923
	24.3885163	62.8205139
	24.3886987	62.8203522
	24.388769	62.8201503
	24.3888274	62.8199454
	24.3889835	62.8197778
	24.3890265	62.8196651
	24.389278	62.8193769
	24.3897024	62.8190231
	24.3900242	62.8190574
	24.3906358	62.8191211
	24.3912366	62.8191211
	24.391655	62.8190868
	24.3920305	62.8190035
	24.3925503	62.8188329
	24.3928078	62.8186908
	24.3930868	62.8185683
	24.3933979	62.8184849
	24.3940905	62.8183075
	24.3944016	62.8182095
	24.3946484	62.8181115
	24.3948844	62.8180086
	24.395099	62.8178174
	24.3953565	62.8177096
	24.3955544	62.8176175
	24.39585	62.8174645
	24.3961552	62.8173577
	24.3965522	62.8172597
	24.3969121	62.8171754
	24.3970945	62.817043
	24.3973413	62.8169646
	24.3976144	62.8168529
	24.3980494	62.8167489
	24.398419	62.8166274
	24.398618	62.8165186
	24.3988541	62.8163862
	24.3991437	62.8163078
	24.3994597	62.8161863
	24.3997875	62.815999
	24.4000283	62.815853
	24.4002381	62.8157834
	24.4005921	62.8157295
	24.4010749	62.815651
	24.4013539	62.8155628
	24.4016328	62.8154746
	24.4018045	62.8153667
	24.4022707	62.8152746
	24.4026628	62.8151462
	24.4028822	62.8150295
	24.4031284	62.8149343
	24.4033242	62.8148347
	24.4035493	62.8147154
	24.4036976	62.8146619
	24.4040039	62.8145727
	24.4041804	62.8144462
	24.4042507	62.8142639
	24.4044331	62.8140727
	24.4047168	62.8139364
	24.4050146	62.8137972
	24.4053391	62.8137453
	24.4056824	62.8136619
	24.4060853	62.8135041
	24.4064394	62.8134257
	24.4065939	62.8133948
	24.4067446	62.8133384
	24.4071416	62.8131864
	24.407281	62.8131374
	24.4074849	62.8131668
	24.4078019	62.8131609
	24.4081345	62.8130727
	24.4083201	62.8130752
	24.4218411	62.8012537
	24.4303727	62.8020153
	24.4287977	62.7969654
	24.4302461	62.7957363
	24.4330324	62.7925597
	24.4339164	62.7917101
	24.4386157	62.786996
	24.4601377	62.7654417
	24.4771687	62.7485404
	24.485593	62.7401921
	24.4895401	62.7338591
	24.4961136	62.7234057
	24.5042407	62.7104366
	24.5101104	62.7010948
	24.5074003	62.7007494
	24.5118678	62.6982742
	24.5132899	62.6960622
	24.5133505	62.6959821
	24.5156052	62.6957368
	24.5156744	62.6956492
	24.515927	62.6954809
	24.5160558	62.6953431
	24.5160665	62.6952003
	24.5156851	62.6950586
	24.5154813	62.6949749
	24.5153262	62.6948017
	24.5152404	62.694659
	24.5151653	62.6944276
	24.5151487	62.6942268
	24.5144642	62.6941486
	24.5181307	62.6882444
	24.5196001	62.6859695
	24.5462301	62.676915
	24.5699316	62.6688325
	24.5821751	62.6647765
	24.5842	62.6656559
	24.584435	62.6653022
	24.5844929	62.6648701
	24.5847365	62.6645814
	24.5843932	62.6645149
	24.5842859	62.66427
	24.5899078	62.660053
	24.6456548	62.6022186
	24.6459019	62.6019696
	24.6503594	62.5974757
	24.6593931	62.5881368
	24.6654034	62.5819555
	24.6703322	62.5768626
	24.6826103	62.5641395
	24.6882858	62.5583023
	24.704025	62.5420162
	24.7140833	62.5315706
	24.7647803	62.5417708
	24.7734872	62.5439957
	24.7825333	62.5462669
	24.7993894	62.5505605
	24.8085378	62.5570479
	24.8244026	62.5682917
	24.8375347	62.5776077
	24.8434935	62.5799136
	24.8466306	62.5811087
	24.8534938	62.5838728
	24.8537256	62.5857708
	24.8544873	62.5860543
	24.8581576	62.5857263
	24.8634732	62.5878478
	24.8701568	62.5904607
	24.8831076	62.5955524
	24.8971468	62.6010696
	24.8997319	62.6020656
	24.9172156	62.592657
	24.95526	62.5722065
	24.9575056	62.5723829
	24.9598659	62.5709878
	24.9604968	62.5713921
	24.964401	62.5724333
	24.9646971	62.5726281
	24.9646896	62.5728682
	24.9676411	62.5730452
	25.0123019	62.57532
	25.0246243	62.5759588
	25.0551165	62.5775395
	25.0594907	62.5777475
	25.0945237	62.5800049
	25.1051964	62.5800657
	25.1566535	62.5827072
	25.1560073	62.5848139
	25.1583526	62.5849947
	25.1583022	62.5827924
	25.165041	62.5831377
	25.1699494	62.583405
	25.1662705	62.585256
	25.1837789	62.582286
	25.201239	62.5706932
	25.2124571	62.5633496
	25.2209361	62.5577911
	25.2371999	62.5472086
	25.2518898	62.5376565
	25.2650394	62.5377999
	25.2717301	62.5378725
	25.2851798	62.5380085
	25.3160906	62.5381396
	25.33011	62.537302
	25.3415255	62.5365949
	25.3590671	62.5355143
	25.3614178	62.5327155
	25.3634102	62.5304118
	25.3627053	62.529909
	25.3788007	62.5265395
	25.3775207	62.5275037
	25.3779735	62.5276616
	25.3799219	62.5271656
	25.3806675	62.5266073
	25.3814786	62.5264093
	25.3825107	62.5265509
	25.3837467	62.5260866
	25.3835085	62.5257976
	25.3828605	62.5256604
	25.3840364	62.5254149
	25.3839881	62.5259703
	25.3847273	62.5264539
	25.3857058	62.5265331
	25.3859826	62.5266311
	25.3862722	62.5266934
	25.3866124	62.5266543
	25.3871295	62.5264321
	25.3875168	62.5262514
	25.3880264	62.5261336
	25.3879256	62.5259436
	25.3867454	62.5258248
	25.3853721	62.525508
	25.3854097	62.5251382
	25.3897134	62.5242592
	25.3966792	62.5228246
	25.4060165	62.5208326
	25.4202837	62.5233478
	25.4196883	62.5236587
	25.4200681	62.524073
	25.4194115	62.5243715
	25.4182903	62.5256421
	25.4190671	62.5260673
	25.4197752	62.5263514
	25.4214746	62.5256095
	25.4227181	62.5252402
	25.423594	62.524888
	25.4238588	62.5249746
	25.4240763	62.5249957
	25.4243276	62.5249928
	25.4245186	62.5249685
	25.4247777	62.5249441
	25.4250263	62.5249503
	25.4251128	62.5244938
	25.4241601	62.5241463
	25.4226838	62.5236518
	25.4255341	62.5241467
	25.4298603	62.524914
	25.4307038	62.5245427
	25.4319912	62.524276
	25.4323874	62.5241435
	25.4327903	62.5241398
	25.4332227	62.5241636
	25.4339812	62.5243091
	25.4347537	62.5283876
	25.437496	62.5280684
	25.4380078	62.5280818
	25.4380936	62.5269236
	25.4385013	62.5267157
	25.4398746	62.5266167
	25.449478	62.5282654
	25.4427714	62.5388101
	25.4694819	62.5401256
	25.4754514	62.5474473
	25.4814778	62.5472094
	25.4826279	62.5469813
	25.4828522	62.5471693
	25.4838993	62.5470392
	25.4795396	62.5927776
	25.5217082	62.6054493
	25.5211932	62.6081346
	25.5050571	62.6242416
	25.4762179	62.6356848
	25.474158	62.6389985
	25.5001304	62.6868254
	25.4923541	62.7254986
	25.5048854	62.7254199
	25.5023791	62.7316809
	25.5164382	62.7345986
	25.5668552	62.7413059
	25.6748731	62.755981
	25.6952579	62.7847521
	25.6858165	62.7953486
	25.6494672	62.8127421
	25.6126887	62.8474122
	25.5710379	62.8592516
	25.6318672	62.885177
	25.6496137	62.8928557
	25.6639893	62.8990797
	25.7073971	62.9207635
	25.7687775	62.9107192
	25.7727342	62.9100657
	25.8016791	62.9052851
	25.8124519	62.9012503
	25.8129967	62.9010447
	25.8155102	62.9000928
	25.8194718	62.8987131
	25.8641549	62.8820136
	25.8702317	62.8812859
	25.8906337	62.8864929
	25.9149581	62.8852998
	25.9460975	62.8789461
	25.9881631	62.8679805
	26.0163928	62.8957115
	26.0233537	62.9048295
	26.05428	62.8918187
	26.0569311	62.8913261
	26.0569633	62.8911795
	26.0571457	62.8910034
	26.057482	62.8907685
	26.0578039	62.8904801
	26.0579611	62.8902652
	26.0581043	62.8902601
	26.0581475	62.890317
	26.0581971	62.8903825
	26.0580469	62.8905243
	26.057886	62.8906319
	26.0577004	62.8908279
	26.0576499	62.8908812
	26.0573747	62.8911597
	26.0571521	62.8912914
	26.0668564	62.8896617
	26.0667802	62.8895954
	26.0668016	62.8894829
	26.066984	62.8893607
	26.0672238	62.8892627
	26.0674883	62.8890087
	26.0680569	62.8887691
	26.0684576	62.8887004
	26.0686148	62.8886811
	26.0687258	62.8887493
	26.0686937	62.8888666
	26.0686293	62.888984
	26.0686293	62.8890867
	26.0684968	62.8892483
	26.0682559	62.8893981
	26.0398283	62.9360968
	26.089358	62.9400876
	26.089726	62.9401586
	26.0898631	62.940203
	26.0900741	62.9402713
	26.1243093	62.9528968
	26.149101	62.9533592
	26.169585	62.9536769
	26.1721859	62.9537054
	26.1813348	62.9538523
	26.1964843	62.954075
	26.2091154	62.954237
	26.2210263	62.9543841
	26.2221895	62.9543984
	26.2547263	62.9397679
	26.2663805	62.9345171
	26.272658	62.9250563
	26.2869245	62.9364615
	26.2929011	62.9412189
	26.3033575	62.9496153
	26.3078872	62.9531432
	26.3141013	62.9586233
	26.3181906	62.9642423
	26.3242969	62.9724658
	26.3325474	62.983546
	26.2898488	62.9821482
	26.2803581	62.9883845
	26.2802282	62.9884839
	26.2620922	63.0002506
	26.2506285	63.0076542
	26.2300291	63.0210155
	26.2225844	63.0258668
	26.2239877	63.0274187
	26.2362153	63.0409348
	26.2389437	63.043909
	26.312227	63.0371324
	26.3342758	63.0350931
	26.3299107	63.0418756
	26.3294783	63.0429004
	26.3031734	63.0489205
	26.2961331	63.0520441
	26.2892988	63.0551819
	26.2855212	63.0569626
	26.2613116	63.0635883
	26.2499777	63.0672682
	26.2500549	63.0674635
	26.2503339	63.0676093
	26.2504626	63.0676385
	26.2508274	63.0678232
	26.2509776	63.0682216
	26.2508488	63.0683577
	26.2504047	63.0685302
	26.2498725	63.0685365
	26.2437077	63.0707873
	26.2445371	63.0748928
	26.2273795	63.0839788
	26.2215634	63.0870846
	26.2189724	63.089635
	26.2196687	63.0917457
	26.2204701	63.09214
	26.187698	63.12193
	26.1909595	63.1325563
	26.1635152	63.146977
	26.1619584	63.1544693
	26.160833	63.1586657
	26.1570779	63.1734642
	26.155438	63.1796921
	26.1507479	63.1980527
	26.1495505	63.2022883
	26.148983	63.2048987
	26.1477438	63.2100264
	26.1848656	63.2131792
	26.1799678	63.2285234
	26.1758748	63.2413613
	26.1714331	63.2425844
	26.1716648	63.2455138
	26.1419094	63.2746849
	26.1332357	63.3120194
	26.1331266	63.3123872
	26.1290279	63.3339176
	26.0872314	63.3534727
	26.0713469	63.3543068
	26.1232471	63.4081724
	26.1661116	63.4326722
	26.1767036	63.4388594
	26.1539917	63.4499436
	26.138642	63.4576016
	26.1369672	63.4572276
	26.1342904	63.4566734
	26.1087783	63.4516973
	26.0698251	63.444032
	26.0323085	63.4365997
	26.0061473	63.4314335
	25.9946031	63.4291108
	25.9730767	63.4314167
	25.9640935	63.4323394
	25.9302955	63.4358042
	25.8928497	63.4396418
	25.860763	63.4605878
	25.8390146	63.474783
	25.8312029	63.4799237
	25.8173391	63.4890076
	25.809079	63.4944866
	25.8019743	63.4967954
	25.7786885	63.5043834
	25.7743701	63.5057082
	25.7529843	63.5111252
	25.738215	63.5148843
	25.7314709	63.5157307
	25.6982447	63.5199571
	25.5509518	63.5235247
	25.5415093	63.5237509
	25.4825844	63.5325607
	25.4811746	63.532827
	25.4231021	63.5538773
	25.4217846	63.5543436
	25.4214429	63.5544619
	25.4158746	63.5565035
	25.4090511	63.5590177
	25.3983652	63.5629424
	25.3917358	63.5654056
	25.3868757	63.5672449
	25.3754999	63.5714135
	25.359235	63.5773728
	25.3480341	63.5814759
	25.3233375	63.5894337
	25.2884645	63.6005918
	25.2851664	63.6016327
	25.2792623	63.6035326
	25.2767239	63.6044264
	25.2740621	63.6052291
	25.268408	63.6071049
	25.2611113	63.6093302
	25.2603624	63.6095109
	25.251126	63.6122891
	25.2452155	63.6102644
	25.234934	63.6067892
	25.2268949	63.6040215
	25.2091387	63.5979666
	25.1919725	63.5920755
	25.1592185	63.5808697
	25.140141	63.5743088
	25.1400627	63.574177
	25.1362437	63.5640592
	25.1344338	63.5590373
	25.1336259	63.5567016
	25.129903	63.5466643
	25.1292429	63.5448975
	25.1287411	63.543559
	25.1268378	63.5382007
	25.1251212	63.533464
	25.1231728	63.5286944
	25.1198887	63.5199571
	25.1177419	63.5129929
	25.1152935	63.5076954
	25.1140104	63.5043092
	25.113593	63.5035845
	25.1130105	63.5022993
	25.112547	63.5016445
	25.1088316	63.4973896
	25.1061622	63.4943521
	25.1037171	63.491039
	25.0975695	63.4843801
	25.0936846	63.4802538
	25.087051	63.4727878
	25.0819033	63.4671603
	25.0546933	63.4617485
	25.0363247	63.4580701
	25.020697	63.4549302
	24.9886393	63.4484853
	24.9714839	63.4450686
	24.9543714	63.4416361
	24.9369048	63.4381437
	24.9253177	63.435812
	24.9151468	63.4337776
	24.9026155	63.4312728
	24.9012874	63.430542
	24.883722	63.4206733
	24.8805677	63.4189355
	24.87486	63.415738
	24.8729502	63.4146721
	24.8642062	63.4097761
	24.8595285	63.4071636
	24.8563527	63.4053865
	24.8466861	63.3999951
	24.840691	63.396608
	24.825606	63.388198
	24.820189	63.3851514
	24.8137807	63.3815536
	24.8013031	63.3746095
	24.7931073	63.3700514
	24.785051	63.365509
	24.7835232	63.3646519
	24.7729256	63.35868
	24.7745129	63.3541766
	24.7763379	63.3492612
	24.7807928	63.3371225
	24.7825606	63.3322779
	24.7865711	63.3214102
	24.7883193	63.3165817
	24.789706	63.3128042
	24.79262	63.3047074
	24.7982966	63.2894648
	24.8022599	63.2788916
	24.803584	63.2759333
	24.7844481	63.2720627
	24.7541498	63.2659145
	24.7666092	63.2553047
	24.7594405	63.253702
	24.7518238	63.2519755
	24.7549357	63.2429913
	24.7549502	63.242942
	24.755051	63.2423522
	24.7564673	63.2378017
	24.7577976	63.2337433
	24.7600078	63.2268331
	24.7612877	63.2228607
	24.7626546	63.2187983
	24.7621761	63.218345
	24.7602653	63.2159087
	24.7548858	63.2090445
	24.7536509	63.2074996
	24.7458242	63.1978753
	24.7451998	63.1956229
	24.7432922	63.188957
	24.741404	63.1822394
	24.7391005	63.1740585
	24.7378956	63.1697103
	24.7359891	63.1629494
	24.7348089	63.1585996
	24.7333573	63.1533668
	24.7321589	63.1490252
	24.7316021	63.1470373
	24.739388	63.1445554
	24.7728062	63.133374
	24.7381209	63.1366364
	24.7184872	63.1384979
	24.7006269	63.1402241
	24.6966787	63.1406119
	24.6943054	63.1408422
	24.6848684	63.1417428
	24.6476339	63.1453614
	24.6266913	63.1473969
	24.6091743	63.1490935
	24.5865869	63.1512736
	24.5676537	63.1531444
	24.5465039	63.1552369
	24.5322807	63.1566196
	24.5307755	63.1574946
	24.5297884	63.1570101
	24.5284484	63.156686
	24.5142745	63.1533571
	24.5032592	63.150741
	24.4930024	63.1483472
	24.4838904	63.1461756
	24.4587989	63.1402241
	24.443035	63.1364909
	24.4170916	63.1303091
	24.399168	63.1260469
	24.3699856	63.1190799
	24.3641792	63.117695
	24.3590031	63.1164238
	24.3548446	63.1183565
	24.352892	63.1173771
	24.3537031	63.1166446
	24.3542824	63.1162598
	24.3573509	63.1144308
	24.3409142	63.094529
	24.3330747	63.0849845
	24.331549	63.085321
	24.3307572	63.0842725
	24.3320908	63.0837105
	24.3296747	63.0808483
	24.3285728	63.0794979
	24.3207204	63.0700004
	24.3179663	63.0666314
	24.3087417	63.0661153
	24.2779622	63.0644121
	24.2825606	63.049064
	24.2720201	63.0482463
	24.2761088	63.0380672
	24.2781354	63.0330266
	24.2758956	63.0328548
	24.2750967	63.0327936
	24.262219	63.0318061
	24.2634372	63.0283346
	24.2489479	63.0268627
	24.2468373	63.0326912
	24.2155734	63.0301978
END
END
