10346941
1
	32.6406672	34.7051576
	32.6410445	34.7040242
	32.6421667	34.7015783
	32.64256	34.7006045
	32.6424607	34.6996468
	32.6423299	34.6989251
	32.6424218	34.6986209
	32.6432907	34.6968287
	32.6436813	34.6959227
	32.6458389	34.6949886
	32.646976	34.6924865
	32.648373	34.6897166
	32.6470962	34.687796
	32.6460776	34.6862463
	32.6450869	34.6842873
	32.6446489	34.6834815
	32.6444355	34.6807989
	32.6460232	34.678076
	32.6473736	34.6723883
	32.648066	34.6697018
	32.6481092	34.6693511
	32.6482586	34.6605307
	32.6476577	34.6581139
	32.648324	34.6578147
	32.6483253	34.6576271
	32.6483857	34.6575999
	32.6485929	34.6575262
	32.6488999	34.6574292
	32.6492484	34.6574121
	32.6493984	34.6573541
	32.6497119	34.6572364
	32.6499742	34.6572004
	32.6503518	34.6572295
	32.6512214	34.6569432
	32.6515226	34.6568397
	32.6522565	34.6565648
	32.6533036	34.6559549
	32.6539226	34.6557663
	32.6545646	34.6554771
	32.655199	34.6551942
	32.6559633	34.6546598
	32.6568804	34.6543644
	32.6579045	34.6542638
	32.6587147	34.6541254
	32.6594407	34.6537922
	32.6602662	34.6535973
	32.6616571	34.653327
	32.6622915	34.653371
	32.6634532	34.6530944
	32.6640341	34.6532516
	32.6658225	34.6530001
	32.6673205	34.6529121
	32.6677637	34.6528932
	32.6680389	34.6530755
	32.6684592	34.6529686
	32.6690019	34.6530126
	32.6712183	34.6527863
	32.6723953	34.6524342
	32.6732131	34.6522519
	32.6745123	34.6520004
	32.6753301	34.6520759
	32.6758116	34.6520696
	32.6765988	34.6517049
	32.6768422	34.6516914
	32.677188	34.6519403
	32.6783446	34.6518959
	32.6792957	34.6516291
	32.6800091	34.6511668
	32.6809062	34.6507755
	32.6815331	34.6508022
	32.682214	34.6505977
	32.682975	34.650127
	32.6840298	34.6491928
	32.684846	34.648718
	32.685002	34.64859
	32.6857484	34.648357
	32.686716	34.647824
	32.6872508	34.6475568
	32.687962	34.647184
	32.688118	34.647056
	32.688274	34.646928
	32.68843	34.6468
	32.688587	34.646286
	32.68921	34.646159
	32.689833	34.645904
	32.689988	34.645776
	32.690145	34.645647
	32.691079	34.645393
	32.691234	34.645265
	32.691391	34.645137
	32.692014	34.644881
	32.69388	34.644629
	32.694036	34.644501
	32.694192	34.644372
	32.695437	34.644119
	32.696371	34.643864
	32.697305	34.643609
	32.697928	34.643354
	32.698862	34.643099
	32.699017	34.642971
	32.699174	34.642843
	32.699329	34.642715
	32.699485	34.642587
	32.700419	34.642332
	32.700575	34.642204
	32.700733	34.641691
	32.701355	34.641563
	32.701978	34.641308
	32.702133	34.64118
	32.702291	34.640666
	32.702913	34.640668
	32.702915	34.640154
	32.703847	34.640284
	32.704468	34.640543
	32.705089	34.640801
	32.705244	34.640931
	32.705399	34.641059
	32.705554	34.641188
	32.705709	34.641317
	32.70602	34.641317
	32.706642	34.641319
	32.707886	34.641322
	32.708508	34.641323
	32.709129	34.641582
	32.709751	34.641583
	32.7100392	34.6416967
	32.7104534	34.6418015
	32.7109561	34.6419501
	32.7119544	34.6420753
	32.7127226	34.6420782
	32.7133492	34.6420462
	32.713997	34.6419122
	32.7143369	34.6418773
	32.714521	34.6420054
	32.7148148	34.6418627
	32.7151653	34.6417811
	32.7154166	34.6415394
	32.7155759	34.6417229
	32.7156892	34.64172
	32.7158343	34.6416413
	32.7162096	34.6416909
	32.7166273	34.6415598
	32.716747	34.641729
	32.7166698	34.6419763
	32.7166379	34.6421132
	32.7167052	34.6423141
	32.7169034	34.6424743
	32.717038	34.6426578
	32.7169566	34.6427277
	32.7170238	34.6429986
	32.7174734	34.6435053
	32.7175371	34.6438403
	32.7174876	34.6440616
	32.7173743	34.6441432
	32.7172008	34.6443208
	32.7170486	34.6447897
	32.7171088	34.6454013
	32.7171052	34.6455964
	32.7171513	34.6458032
	32.7171406	34.646042
	32.7173849	34.646476
	32.717569	34.6467177
	32.7175761	34.646907
	32.7177283	34.647204
	32.7180327	34.6475331
	32.7182593	34.6477195
	32.7186558	34.648168
	32.7189815	34.6484301
	32.7195479	34.6486777
	32.7199054	34.6487446
	32.7200895	34.6488174
	32.7204931	34.6490621
	32.7207285	34.6491552
	32.7208613	34.6492077
	32.7217723	34.6494614
	32.7225091	34.6496594
	32.7231357	34.6497725
	32.7242763	34.6498374
	32.7252447	34.6498245
	32.726805	34.6496358
	32.7276476	34.6495047
	32.7284937	34.649298
	32.7301026	34.6490053
	32.7303841	34.6489165
	32.7311239	34.6490271
	32.7316337	34.6491582
	32.7320231	34.6491058
	32.7337011	34.6486282
	32.7345012	34.6484126
	32.7352765	34.6482641
	32.7358181	34.6480661
	32.7361792	34.6479379
	32.7370713	34.6477166
	32.7376341	34.6477457
	32.7381545	34.6478418
	32.7386041	34.647804
	32.7397228	34.647935
	32.7399812	34.6479001
	32.7403693	34.6478243
	32.7418097	34.6474272
	32.7428958	34.6471061
	32.7435634	34.6468737
	32.7442105	34.6465865
	32.7444082	34.6464618
	32.7445828	34.6463457
	32.7447394	34.6463309
	32.7449474	34.6464914
	32.745341	34.646932
	32.745496	34.64706
	32.745651	34.64719
	32.745806	34.647318
	32.745961	34.647447
	32.74627	34.647962
	32.746426	34.64809
	32.7471348	34.6485465
	32.7479114	34.6487638
	32.7483926	34.6488261
	32.7488606	34.6488025
	32.7493051	34.6488735
	32.749687	34.649254
	32.749842	34.649769
	32.750121	34.6500286
	32.7504374	34.6503685
	32.7507747	34.650519
	32.75158	34.6508589
	32.7524639	34.6510181
	32.7531856	34.6511471
	32.7536895	34.6512299
	32.7547112	34.6512059
	32.7557378	34.651056
	32.7589925	34.6673419
	32.7606942	34.675875
	32.7605045	34.6831336
	32.7665736	34.6825451
	32.7679469	34.6818746
	32.7718951	34.6792984
	32.7817227	34.6791219
	32.7924442	34.6787735
	32.7941682	34.6786984
	32.7963998	34.6814511
	32.8001763	34.6869562
	32.8034808	34.6895322
	32.8056695	34.6915436
	32.8078153	34.6937313
	32.8192288	34.6964258
	32.8208186	34.6968011
	32.8217198	34.6978243
	32.8236081	34.7006116
	32.8261401	34.7043162
	32.8269555	34.7061861
	32.8600862	34.7058333
	32.8618457	34.6982124
	32.8615453	34.6941547
	32.8618457	34.6918259
	32.8618886	34.6875561
	32.8636481	34.6862858
	32.8657081	34.6845919
	32.8720595	34.680957
	32.8785827	34.6770044
	32.8848054	34.6736515
	32.8915002	34.6701221
	32.8962209	34.6671219
	32.9002549	34.6649688
	32.9008128	34.6639805
	32.9026153	34.6646158
	32.9030873	34.6640511
	32.9053189	34.6639452
	32.9058768	34.6644393
	32.9080125	34.6632006
	32.9114129	34.6691691
	32.9128844	34.6721086
	32.913387	34.6727339
	32.914932	34.6735457
	32.9164769	34.6736162
	32.9193522	34.673228
	32.9211976	34.6737927
	32.9233005	34.6732986
	32.9310681	34.6707574
	32.9291706	34.6686001
	32.9281499	34.6674396
	32.9324414	34.6641923
	32.9349048	34.6640158
	32.9355056	34.6647217
	32.9358661	34.6663666
	32.936836	34.669988
	32.943711	34.6710468
	32.9440372	34.6727551
	32.9444406	34.6739692
	32.9447066	34.6747951
	32.9455993	34.6760656
	32.9464147	34.677442
	32.9466035	34.6784867
	32.9472901	34.6793901
	32.9516503	34.6821146
	32.9545428	34.6837803
	32.9553582	34.6842743
	32.9559333	34.6842743
	32.9574182	34.6840979
	32.9593665	34.6840132
	32.9606111	34.6839355
	32.9619243	34.6836179
	32.9626967	34.6837097
	32.9636752	34.6839708
	32.9649283	34.6839496
	32.9669196	34.6832156
	32.9686191	34.6825804
	32.969855	34.6822063
	32.9707648	34.6820158
	32.9800517	34.6810982
	32.9810645	34.681197
	32.9823691	34.6809147
	32.9840686	34.6806041
	32.9855277	34.6806041
	32.9879481	34.6808653
	32.9893214	34.681077
	32.9898192	34.6809853
	32.9908034	34.6806775
	32.991038	34.6806041
	32.9899222	34.6792419
	32.9888923	34.6776185
	32.9881885	34.675995
	32.9872615	34.6739198
	32.9869868	34.6718162
	32.9868152	34.6693103
	32.9869353	34.6674537
	32.9877336	34.6653571
	32.9885318	34.6633451
	32.9897334	34.6610719
	32.9901626	34.6591445
	32.9902055	34.6582126
	32.9900596	34.6570971
	32.990033	34.6551871
	32.9892205	34.6550311
	32.9876173	34.6546606
	32.9850337	34.653997
	32.9834443	34.6537362
	32.9823011	34.6535291
	32.9807196	34.6532369
	32.9803627	34.6531759
	32.9799831	34.653152
	32.979848	34.6531605
	32.9796686	34.6531942
	32.9793158	34.6532725
	32.9785805	34.6534459
	32.976997	34.6538118
	32.9759295	34.6547979
	32.9747868	34.6559591
	32.9739091	34.6572465
	32.9730046	34.6574825
	32.9712171	34.6604589
	32.9706703	34.6614595
	32.9663771	34.6621488
	32.9609268	34.6627842
	32.9541462	34.6644079
	32.9526441	34.6638078
	32.9484814	34.6593248
	32.9480951	34.6575951
	32.9492109	34.6557948
	32.9497259	34.6518409
	32.9531591	34.6495815
	32.9544895	34.6469689
	32.9529875	34.6465453
	32.9554766	34.6431206
	32.9550045	34.6420614
	32.9535454	34.6409668
	32.9541033	34.6394839
	32.9536312	34.6391308
	32.9540174	34.6389543
	32.9547899	34.6389896
	32.9546612	34.6378244
	32.9543608	34.6372594
	32.955777	34.6340815
	32.9566782	34.6329163
	32.958781	34.6289613
	32.9601114	34.6303385
	32.9607981	34.6299501
	32.9620426	34.6307976
	32.9615276	34.6313979
	32.9657333	34.6335519
	32.9671495	34.634364
	32.9692953	34.6388837
	32.9725139	34.6390602
	32.9778355	34.6410728
	32.9799383	34.641673
	32.9845302	34.6423438
	32.9864614	34.6427675
	32.9894655	34.6422379
	32.9906671	34.6419908
	32.9902809	34.6431912
	32.9970671	34.6432548
	33.0013535	34.6440479
	33.003095	34.6440206
	33.0069832	34.6440713
	33.0139011	34.644202
	33.0192643	34.6443609
	33.0202314	34.6445328
	33.0215394	34.6453449
	33.022288	34.6458307
	33.0235486	34.6466416
	33.0247487	34.6474104
	33.0254402	34.6478598
	33.0261342	34.6483349
	33.0265015	34.6485684
	33.0268492	34.6488308
	33.0270625	34.6488593
	33.0271778	34.6489299
	33.0283581	34.6493341
	33.0293949	34.6497147
	33.0311222	34.6502939
	33.0314445	34.6503972
	33.0316652	34.6504386
	33.0319015	34.6504532
	33.0321063	34.6504302
	33.032392	34.6503354
	33.0326707	34.6502171
	33.0327391	34.6502254
	33.0327893	34.6502476
	33.0328261	34.6502824
	33.0328568	34.6503439
	33.0328574	34.6503919
	33.0328449	34.6504406
	33.0327728	34.6505427
	33.0326842	34.6506287
	33.0325864	34.6507026
	33.0324721	34.6507553
	33.0323295	34.6507903
	33.0321986	34.6507957
	33.0320558	34.6507906
	33.031897	34.6507603
	33.0311938	34.6505807
	33.0308136	34.6504062
	33.0299898	34.6501298
	33.0298293	34.650097
	33.029662	34.6500179
	33.0286729	34.6496779
	33.0284474	34.6495895
	33.0282261	34.6495407
	33.0281476	34.6495236
	33.0280457	34.6494722
	33.0270363	34.6491248
	33.0269988	34.6491781
	33.0269254	34.6492118
	33.0244368	34.6510702
	33.0237197	34.6539802
	33.0235029	34.6546661
	33.0234533	34.6549117
	33.0231366	34.6558606
	33.0228245	34.6566229
	33.0221641	34.6576371
	33.0223201	34.6578917
	33.0224337	34.6582129
	33.022522	34.6586325
	33.0225539	34.6588173
	33.0235709	34.6592397
	33.0236552	34.6592962
	33.0238299	34.6594885
	33.0238719	34.6597135
	33.0238403	34.6598543
	33.0236602	34.6601476
	33.0237561	34.6603687
	33.0238591	34.6604981
	33.0241925	34.6609672
	33.0244389	34.6612422
	33.0246494	34.6613943
	33.0247991	34.6616458
	33.0253134	34.6619933
	33.0257002	34.6622489
	33.0259134	34.6623855
	33.0260782	34.6624569
	33.0262917	34.6625065
	33.0267141	34.6624947
	33.0269656	34.662593
	33.0278867	34.6626184
	33.0280804	34.6627879
	33.0282144	34.6630845
	33.0283133	34.6631761
	33.0284287	34.6631659
	33.0285194	34.6631151
	33.0285915	34.663154
	33.0285647	34.663232
	33.028266	34.6633009
	33.0282535	34.6633702
	33.0282964	34.6635364
	33.0283775	34.663702
	33.0285856	34.6640249
	33.0287622	34.6642359
	33.0289577	34.6643931
	33.0291368	34.6644586
	33.0292874	34.664447
	33.0293097	34.6643742
	33.0293373	34.6643255
	33.0294038	34.6643108
	33.0294926	34.6642392
	33.0295007	34.6641931
	33.0294907	34.6641164
	33.0295073	34.664112
	33.0295258	34.6641754
	33.0295578	34.6641638
	33.0296273	34.6641737
	33.0297406	34.6641986
	33.0298599	34.664314
	33.0299869	34.6643171
	33.0300119	34.6646114
	33.0300841	34.6647794
	33.0298985	34.6649196
	33.0299151	34.6650195
	33.0301329	34.6651596
	33.0304096	34.6652016
	33.0306512	34.6652831
	33.0308218	34.6653932
	33.0309573	34.6654953
	33.0309788	34.6655344
	33.0309075	34.6657236
	33.0309922	34.6657877
	33.031083	34.6658101
	33.0312997	34.6658925
	33.0314605	34.6660167
	33.0314461	34.6661197
	33.0312538	34.6663544
	33.0316637	34.6668203
	33.0323217	34.6674726
	33.0332035	34.668105
	33.033966	34.668622
	33.0344802	34.6689186
	33.0359445	34.6690803
	33.0361025	34.6690803
	33.0362149	34.6690662
	33.0363413	34.6690065
	33.0364256	34.6689363
	33.0365134	34.6688204
	33.0366222	34.6686413
	33.036689	34.6684727
	33.0367838	34.6681742
	33.0367992	34.6679329
	33.0368076	34.667803
	33.0368048	34.6676718
	33.0367893	34.6676026
	33.036754	34.6675137
	33.0366707	34.6674078
	33.0365663	34.6674347
	33.0364844	34.6674826
	33.0363391	34.6675673
	33.0362078	34.6676915
	33.0361838	34.6677325
	33.0361641	34.667748
	33.0361302	34.6677607
	33.0360963	34.6677649
	33.0360582	34.6677649
	33.0360215	34.6677579
	33.0359891	34.6677409
	33.0359707	34.6677169
	33.0359608	34.6676689
	33.0359679	34.6676167
	33.0360004	34.6675151
	33.0360827	34.6673921
	33.0361949	34.6672716
	33.0363423	34.6671678
	33.0370318	34.6665554
	33.0374462	34.6660351
	33.0385592	34.6645127
	33.0386161	34.6644667
	33.038681	34.6644505
	33.0387714	34.664461
	33.0394781	34.6644345
	33.0396498	34.664461
	33.042649	34.6651513
	33.0429287	34.6651742
	33.0431122	34.6652476
	33.0433094	34.6653852
	33.0434835	34.6655835
	33.0436002	34.6658091
	33.0436507	34.6659418
	33.0436852	34.6661648
	33.0436507	34.6663665
	33.0435843	34.6665576
	33.0434941	34.6667115
	33.043446	34.6667718
	33.043311	34.6669406
	33.0430972	34.6670606
	33.042766	34.6673953
	33.0427291	34.6674583
	33.0427247	34.6675125
	33.0427334	34.6676167
	33.0427638	34.6676774
	33.0428159	34.6677425
	33.0428788	34.6677946
	33.0431023	34.6679487
	33.0431631	34.6679552
	33.0432065	34.6679682
	33.0432391	34.6680008
	33.0432543	34.6680507
	33.0432304	34.668144
	33.0432043	34.6681657
	33.0431631	34.6681918
	33.0431045	34.6682091
	33.0430524	34.6682004
	33.043009	34.6681809
	33.0426098	34.6685775
	33.043232	34.6689821
	33.0440432	34.6695287
	33.0441645	34.6696075
	33.0448009	34.6704889
	33.044937	34.6706091
	33.0448828	34.6706559
	33.0448461	34.6706278
	33.0441178	34.6712724
	33.045254	34.6722585
	33.0492538	34.6756855
	33.0507896	34.6769856
	33.0514352	34.6775353
	33.0517222	34.6778006
	33.051781	34.6777905
	33.0518112	34.6778059
	33.0518272	34.6778335
	33.0518247	34.6778591
	33.0518498	34.677873
	33.0518879	34.6778627
	33.0519205	34.6778406
	33.0519785	34.6778173
	33.0520486	34.677826
	33.0520695	34.6778425
	33.0520646	34.6779211
	33.051996	34.6781688
	33.0519509	34.6783755
	33.0518847	34.6786029
	33.0519244	34.6787028
	33.0520262	34.6788087
	33.0521661	34.678906
	33.0522257	34.6789038
	33.0522362	34.6789068
	33.0522808	34.6789378
	33.0522857	34.6789596
	33.0522745	34.6789947
	33.052313	34.6790255
	33.0523627	34.6790569
	33.0524221	34.6791077
	33.0528421	34.679217
	33.054178	34.68034
	33.054334	34.680468
	33.0561127	34.6816768
	33.0586667	34.6832735
	33.0590687	34.6834802
	33.0594676	34.6836434
	33.0599092	34.6839178
	33.0600205	34.6839575
	33.0600943	34.6839664
	33.0601724	34.683955
	33.0605783	34.6841656
	33.060914	34.6844
	33.0609364	34.6844974
	33.0610228	34.6845462
	33.061338	34.6846606
	33.0618862	34.684989
	33.0637161	34.6858539
	33.064037	34.685997
	33.0647513	34.6862136
	33.0652783	34.6864006
	33.0665444	34.6868151
	33.0668809	34.6870146
	33.0676788	34.6872996
	33.0684465	34.687596
	33.0689482	34.6877325
	33.0700784	34.6879905
	33.0704603	34.6880303
	33.0705055	34.6878561
	33.070562	34.6878643
	33.0706072	34.6878738
	33.0705566	34.6880761
	33.0707272	34.6881032
	33.070741	34.6881503
	33.0707289	34.6882129
	33.070776	34.6882553
	33.0708607	34.6882699
	33.0709262	34.6881789
	33.0709415	34.6880623
	33.0709726	34.6879964
	33.0710339	34.6879078
	33.0711173	34.6878254
	33.0712338	34.6877461
	33.0712719	34.6877376
	33.0713001	34.6877505
	33.0713093	34.6877745
	33.0712993	34.6878027
	33.0712343	34.68785
	33.0711403	34.6879284
	33.0710817	34.6880293
	33.0710639	34.6881215
	33.0710917	34.6882214
	33.0711552	34.6883197
	33.0712712	34.6884154
	33.0714202	34.6884933
	33.0715678	34.688541
	33.0717032	34.6885537
	33.0718175	34.6885481
	33.0719497	34.6885287
	33.0720785	34.688492
	33.0722162	34.6884267
	33.072254	34.6883908
	33.0722559	34.6883698
	33.0721003	34.6880908
	33.072105	34.6880668
	33.0721289	34.6880451
	33.0721671	34.6880441
	33.0721915	34.6880607
	33.072409	34.6884787
	33.0724105	34.6885191
	33.0723043	34.6887356
	33.0723232	34.6887744
	33.0723693	34.688809
	33.0725371	34.6888994
	33.0728348	34.6890186
	33.073248	34.6891627
	33.0736622	34.6892663
	33.0738184	34.6892778
	33.0739337	34.6893065
	33.0740578	34.6893593
	33.0744163	34.6895172
	33.0747544	34.689589
	33.0750971	34.6896717
	33.0754354	34.6897508
	33.0757713	34.6898608
	33.0760713	34.6899689
	33.0766359	34.690208
	33.0768711	34.6903127
	33.0770208	34.6903906
	33.0771939	34.6904706
	33.0777162	34.6906721
	33.0783012	34.6908685
	33.0783453	34.6908833
	33.0795637	34.6912383
	33.0800427	34.6913873
	33.0803847	34.6914667
	33.0807261	34.6915242
	33.0807557	34.6915368
	33.0807724	34.6915597
	33.0807852	34.6915935
	33.080824	34.6916285
	33.0808594	34.6916493
	33.0813678	34.691803
	33.0815957	34.6918656
	33.0816713	34.6918874
	33.0817494	34.691919
	33.081825	34.6919507
	33.0819682	34.6919889
	33.0822676	34.6920334
	33.0826436	34.6920771
	33.0827984	34.6921
	33.0829333	34.6921199
	33.0832254	34.6921713
	33.0838002	34.6922447
	33.0845045	34.6923179
	33.0849047	34.6923574
	33.0851233	34.6923768
	33.0853749	34.6923903
	33.0856363	34.6923989
	33.0857813	34.6923917
	33.0859936	34.6923858
	33.0861148	34.6923948
	33.0861353	34.6923604
	33.0861506	34.6923359
	33.0861754	34.6923243
	33.0862026	34.692328
	33.0862072	34.6923582
	33.0862202	34.692388
	33.0862213	34.6924873
	33.0862276	34.6925294
	33.086252	34.6925651
	33.0862894	34.692594
	33.0863405	34.692613
	33.0864041	34.6926275
	33.0866228	34.6926798
	33.0870286	34.6927634
	33.0872577	34.6928098
	33.0875078	34.6928445
	33.0876168	34.6928613
	33.0876944	34.6928732
	33.0877248	34.6928879
	33.0877279	34.6929314
	33.0877404	34.6929558
	33.0877995	34.6929891
	33.088604	34.6932639
	33.0888274	34.6933329
	33.0889247	34.6933566
	33.0891106	34.6933886
	33.0893643	34.6934277
	33.0895625	34.6934693
	33.0896969	34.6935177
	33.0897884	34.6935456
	33.0898067	34.6935611
	33.0898046	34.6935772
	33.0897913	34.6936145
	33.0897835	34.6936598
	33.0897932	34.6936953
	33.0898259	34.693722
	33.0902213	34.6939514
	33.0903294	34.6940059
	33.0904105	34.6940263
	33.0904927	34.6940339
	33.0905655	34.6940352
	33.0906846	34.6940551
	33.0909547	34.6941542
	33.0909821	34.6941495
	33.0909982	34.6941265
	33.0910101	34.6941037
	33.0910253	34.6940869
	33.0910511	34.6940865
	33.0910865	34.6941095
	33.0910961	34.6941339
	33.0910953	34.6941609
	33.0910754	34.6941911
	33.091017	34.6942796
	33.0910122	34.6942989
	33.0910281	34.6943092
	33.0916424	34.6945972
	33.0916619	34.6945873
	33.0916832	34.6945735
	33.0917405	34.694508
	33.091758	34.6944822
	33.0917757	34.6944669
	33.091798	34.694456
	33.0918231	34.6944624
	33.0918357	34.6944807
	33.0918346	34.6945027
	33.0918207	34.6945183
	33.0918082	34.6945325
	33.0917928	34.6945465
	33.091748	34.6946022
	33.0917749	34.6946227
	33.0919651	34.6947356
	33.0919758	34.6947662
	33.0919735	34.694798
	33.0919769	34.6948155
	33.0920584	34.6948639
	33.0921056	34.6949122
	33.0921264	34.6949627
	33.0921305	34.6949871
	33.0921251	34.6950051
	33.092083	34.6950549
	33.0921433	34.6950826
	33.0921731	34.6950427
	33.0921935	34.6950246
	33.0922148	34.6950222
	33.0922489	34.6950301
	33.0922937	34.6950581
	33.0925337	34.6952543
	33.0927124	34.6953992
	33.0927859	34.6954657
	33.092856	34.6955106
	33.0929088	34.6955256
	33.0929783	34.6955524
	33.0930459	34.6955957
	33.0930847	34.6956165
	33.0931077	34.6956209
	33.0931387	34.6955841
	33.093165	34.6955254
	33.0931891	34.6954921
	33.093208	34.6954812
	33.0932243	34.6954813
	33.0932395	34.6954987
	33.0932437	34.6955234
	33.0932365	34.6955607
	33.0932168	34.6956054
	33.093193	34.6956503
	33.0931675	34.69567
	33.0931454	34.6957011
	33.0931395	34.6957182
	33.0931443	34.6957394
	33.0931782	34.6957747
	33.0932725	34.6958495
	33.0938055	34.6962082
	33.0939597	34.6962811
	33.0941634	34.6964019
	33.0943166	34.6964956
	33.0944433	34.6965702
	33.0945518	34.6966144
	33.0946867	34.6966546
	33.0948546	34.6967077
	33.0949829	34.6967606
	33.0950404	34.696764
	33.0950741	34.6967564
	33.0953557	34.6963444
	33.0953509	34.6962773
	33.0952212	34.6961707
	33.0952932	34.6961036
	33.0956053	34.6963405
	33.0954853	34.696451
	33.0953989	34.6964865
	33.0951924	34.6968221
	33.0954997	34.6970076
	33.0957528	34.6970823
	33.0959966	34.6970996
	33.0962439	34.6970708
	33.0963632	34.697078
	33.0963842	34.6973404
	33.0966648	34.6975105
	33.0969507	34.6975999
	33.0971313	34.6975968
	33.0971838	34.6976528
	33.0971909	34.6978119
	33.0974663	34.6979344
	33.0975347	34.6980527
	33.0978065	34.6981796
	33.0979282	34.6981671
	33.0980581	34.6981537
	33.0988999	34.6984771
	33.0989774	34.6985068
	33.098964	34.6986583
	33.0992482	34.6987707
	33.0994284	34.6988419
	33.0997536	34.6989706
	33.09989	34.6990245
	33.1008421	34.6995239
	33.101043	34.6995252
	33.1011769	34.699456
	33.1012812	34.6994407
	33.1013607	34.699456
	33.1013451	34.6995008
	33.1013108	34.6995341
	33.1013311	34.6995764
	33.1014043	34.6996046
	33.101479	34.6995828
	33.1017438	34.6991552
	33.1018263	34.6992141
	33.1018001	34.6993907
	33.1017827	34.6996084
	33.1019602	34.6999682
	33.1020925	34.7000316
	33.102415	34.7002038
	33.102633	34.7002486
	33.1026454	34.7003177
	33.102894	34.700484
	33.1030722	34.700593
	33.1032544	34.7007095
	33.1035253	34.7008286
	33.1043785	34.7011392
	33.105384	34.70151
	33.106401	34.7018362
	33.1072585	34.7021789
	33.1080123	34.7023518
	33.108511	34.7025451
	33.1086098	34.7024243
	33.1086619	34.7024279
	33.1086553	34.7025974
	33.1089097	34.7027005
	33.1093058	34.702848
	33.1096853	34.7029782
	33.1105546	34.7032045
	33.111461	34.7034912
	33.1118603	34.7036066
	33.112462	34.7038416
	33.11285	34.7039824
	33.1128769	34.7039921
	33.1133249	34.7041135
	33.1135623	34.7041771
	33.1141102	34.7043112
	33.1144225	34.7044043
	33.1145577	34.7044488
	33.1148445	34.7045513
	33.1151804	34.7046417
	33.1165125	34.7047682
	33.1166398	34.7047685
	33.116686	34.7050288
	33.1174711	34.7052299
	33.1175037	34.7052709
	33.1176285	34.7052635
	33.1180366	34.7053881
	33.1180777	34.70541
	33.1191001	34.70572
	33.1196918	34.7058165
	33.1201257	34.7059413
	33.1202209	34.7059631
	33.1203331	34.7059844
	33.1203986	34.706002
	33.1204835	34.7059983
	33.1205352	34.7060204
	33.120494	34.7061646
	33.1205287	34.7062157
	33.1205966	34.706265
	33.1207694	34.7063321
	33.1212676	34.7064525
	33.1220709	34.7066375
	33.123553	34.7068761
	33.1238659	34.7069074
	33.123869	34.7068715
	33.1238893	34.7068511
	33.1239349	34.7068517
	33.1239582	34.7068806
	33.1239706	34.706972
	33.1241675	34.7070285
	33.1253384	34.7072737
	33.1261177	34.7073828
	33.1267163	34.7075418
	33.127266	34.7076307
	33.1283064	34.7078171
	33.1286455	34.7078908
	33.128915	34.7079178
	33.129256	34.7079151
	33.1293421	34.7076235
	33.129438	34.7075133
	33.1297979	34.7073495
	33.1298679	34.7073522
	33.1298995	34.7074008
	33.1298709	34.70747
	33.1295443	34.7075919
	33.1294928	34.7076806
	33.1295368	34.7078648
	33.1297325	34.7080347
	33.1300002	34.7081659
	33.1304548	34.7082998
	33.1306913	34.7083356
	33.130843	34.7083353
	33.130977	34.708361
	33.1311062	34.7083504
	33.1312674	34.7083247
	33.1312749	34.7081178
	33.1316116	34.7073659
	33.1316556	34.7073478
	33.1317213	34.7073776
	33.1317272	34.7074062
	33.1314223	34.7080835
	33.1314637	34.7081714
	33.131543	34.7082232
	33.131608	34.7082711
	33.1316364	34.7082722
	33.1317267	34.7083218
	33.1317978	34.7083328
	33.1318809	34.7083693
	33.1320435	34.7083824
	33.1321257	34.7082656
	33.1321306	34.708197
	33.1321384	34.7080832
	33.1321659	34.7080622
	33.1321719	34.7079416
	33.1322057	34.7079465
	33.1321934	34.7080964
	33.1322159	34.708184
	33.1322838	34.7082127
	33.1323249	34.7082997
	33.1325351	34.7083292
	33.1325846	34.7083205
	33.1327037	34.7083324
	33.1327443	34.7078639
	33.1330502	34.7078801
	33.1330812	34.7078941
	33.1330785	34.7079547
	33.1330495	34.7079682
	33.1328104	34.707962
	33.1327863	34.7083001
	33.1328182	34.7083113
	33.1328937	34.7083061
	33.1329263	34.7083235
	33.132933	34.7083604
	33.1329933	34.7083927
	33.1330467	34.7084882
	33.1332095	34.708502
	33.1333225	34.7084742
	33.1334595	34.7084245
	33.1335976	34.7083649
	33.1335787	34.7082485
	33.1335066	34.7081141
	33.133392	34.7078885
	33.1334057	34.7078483
	33.1334567	34.7078318
	33.133506	34.7078428
	33.133677	34.7081633
	33.1337196	34.7083048
	33.1337289	34.7084668
	33.1338034	34.7086743
	33.1343734	34.7086869
	33.1346974	34.7087225
	33.1355985	34.7089107
	33.1360786	34.7089861
	33.1363076	34.7088151
	33.1363683	34.7085841
	33.1364562	34.7084733
	33.1365573	34.7084715
	33.1366943	34.7085384
	33.1365689	34.7090153
	33.1366182	34.7091141
	33.1369792	34.7091626
	33.1371883	34.7091853
	33.1374544	34.7091975
	33.1377908	34.7092182
	33.1385895	34.7093834
	33.13959	34.7094476
	33.1403738	34.7094964
	33.1405858	34.7094537
	33.1408546	34.7094399
	33.1414873	34.7095705
	33.1418831	34.7096744
	33.1425486	34.7097724
	33.1427697	34.7101236
	33.1432414	34.7103906
	33.1433482	34.7104604
	33.1435266	34.7104983
	33.1435679	34.7105751
	33.1441875	34.7108103
	33.1448303	34.7111025
	33.1450644	34.7113708
	33.1454058	34.7116278
	33.1455923	34.7115931
	33.146169	34.711748
	33.1467929	34.7118409
	33.146809	34.7119247
	33.1470064	34.7120263
	33.147258	34.711876
	33.1474121	34.712205
	33.14757	34.712132
	33.1480595	34.7125152
	33.1489635	34.7127083
	33.1502168	34.7127856
	33.1508345	34.7127185
	33.1511179	34.7128081
	33.1517401	34.7127777
	33.1519968	34.7127364
	33.1522296	34.7128003
	33.1525053	34.712789
	33.1527138	34.7127613
	33.152912	34.7128145
	33.154052	34.7128198
	33.1558113	34.7127053
	33.1564307	34.7126165
	33.1570391	34.7124692
	33.1576714	34.7123698
	33.1581866	34.7125048
	33.1593335	34.7125737
	33.1607569	34.7123824
	33.1607561	34.7123262
	33.1607494	34.7122639
	33.1608309	34.7122583
	33.1608494	34.712384
	33.1609438	34.7123743
	33.1610323	34.7123595
	33.1612229	34.7123005
	33.1611198	34.7117699
	33.1611527	34.7117168
	33.1612013	34.7117512
	33.1613623	34.7124503
	33.1617917	34.7124353
	33.1621579	34.7123648
	33.1621347	34.7121419
	33.1621973	34.7121304
	33.162202	34.7122829
	33.1622298	34.712361
	33.1623712	34.7123839
	33.1627495	34.7123045
	33.1626938	34.7119692
	33.1627657	34.7119673
	33.1628199	34.7123254
	33.1629733	34.7124688
	33.1643652	34.7120853
	33.1647683	34.7118098
	33.165154	34.711467
	33.165309	34.711339
	33.1653863	34.7111466
	33.1655494	34.7108714
	33.16563	34.7106432
	33.1645182	34.709827
	33.1643153	34.7100564
	33.1641745	34.709969
	33.1654345	34.7087522
	33.1656659	34.7086008
	33.167694	34.7082389
	33.167721	34.7083645
	33.1659264	34.7086636
	33.16574	34.7087172
	33.1655244	34.7088519
	33.1648214	34.7095314
	33.1654095	34.7099675
	33.1658586	34.7103301
	33.1662411	34.7106165
	33.1664948	34.7107994
	33.1674175	34.7099352
	33.1675986	34.7098803
	33.1674811	34.7094743
	33.1673815	34.7090628
	33.1674534	34.7090018
	33.1675275	34.7090554
	33.1677992	34.7100617
	33.1677206	34.7102297
	33.1672782	34.7106986
	33.1673554	34.7107715
	33.1677292	34.7110629
	33.1682328	34.7112635
	33.1689004	34.7114131
	33.169822	34.711203
	33.1722824	34.7110464
	33.1723643	34.7109593
	33.173089	34.710814
	33.173244	34.710685
	33.173399	34.710556
	33.173555	34.710427
	33.174489	34.710426
	33.175111	34.710425
	33.175266	34.710297
	33.175422	34.710167
	33.176356	34.710166
	33.176978	34.710165
	33.177133	34.710037
	33.177289	34.709908
	33.179156	34.709648
	33.180711	34.709389
	33.181333	34.709131
	33.182266	34.708872
	33.184133	34.708612
	33.1853907	34.7085122
	33.1862155	34.7082029
	33.1869004	34.7082073
	33.1874761	34.7079675
	33.1880593	34.7079742
	33.1887758	34.7076428
	33.1891037	34.7077497
	33.1894955	34.7075976
	33.190666	34.707317
	33.190821	34.707189
	33.190976	34.70706
	33.191131	34.706932
	33.1913304	34.7063832
	33.1913909	34.7064445
	33.1913686	34.7065169
	33.1913519	34.7066111
	33.1913428	34.7067264
	33.191362	34.7068243
	33.1914721	34.7069422
	33.1916338	34.7069344
	33.1918336	34.7068484
	33.1919024	34.7066962
	33.1918179	34.70649
	33.1918664	34.7064978
	33.192064	34.706673
	33.192221	34.706801
	33.193154	34.7068
	33.193776	34.706542
	33.193931	34.706413
	33.194087	34.706284
	33.194709	34.706026
	33.196265	34.706023
	33.1966678	34.7061605
	33.19731	34.7062413
	33.1977427	34.7061655
	33.198266	34.7061871
	33.1990224	34.7061565
	33.1996857	34.7063316
	33.199844	34.706404
	33.2001481	34.7065202
	33.2005832	34.7065893
	33.201246	34.706786
	33.201869	34.706914
	33.2022916	34.7068317
	33.2023674	34.7068449
	33.2023674	34.7069498
	33.203132	34.706915
	33.2033283	34.7070347
	33.205521	34.7068679
	33.2063089	34.706631
	33.2068492	34.7066869
	33.2074718	34.7066519
	33.2078726	34.7066431
	33.2086998	34.706757
	33.2098959	34.7067816
	33.210203	34.7067342
	33.2105484	34.7066343
	33.2110131	34.706594
	33.211446	34.7065081
	33.2117231	34.7065081
	33.212141	34.7063819
	33.2123094	34.7063591
	33.2128211	34.7064293
	33.2135311	34.7064398
	33.2146526	34.706282
	33.2150492	34.706289
	33.2155907	34.7064433
	33.2161728	34.7064065
	33.2170192	34.70641
	33.2178827	34.7062172
	33.2185031	34.7061751
	33.2187718	34.7062487
	33.2188485	34.7063924
	33.2189701	34.7064152
	33.2194711	34.7063714
	33.2197653	34.7064047
	33.220486	34.7061926
	33.2218228	34.7061698
	33.2226244	34.7061348
	33.2230039	34.7062189
	33.2237267	34.7061436
	33.2242597	34.706133
	33.2247949	34.706247
	33.2250612	34.7063565
	33.225209	34.706487
	33.2256626	34.7065362
	33.2265538	34.706594
	33.2273235	34.7065782
	33.2277883	34.7064573
	33.2285495	34.7064643
	33.2292275	34.706268
	33.2298969	34.7061418
	33.2304534	34.7061628
	33.2314043	34.7060559
	33.232421	34.705713
	33.2325844	34.7060958
	33.2327963	34.7060061
	33.2328728	34.706016
	33.2329144	34.7060893
	33.2329546	34.7062475
	33.2329828	34.706258
	33.2330284	34.7062547
	33.2330592	34.7062393
	33.2330257	34.7061384
	33.2329539	34.7060777
	33.2329278	34.7059741
	33.2329305	34.7059217
	33.232976	34.7058815
	33.233025	34.7059124
	33.2330619	34.7058925
	33.2331698	34.7058495
	33.2331886	34.7058683
	33.2332121	34.7059278
	33.2332282	34.7059526
	33.2332014	34.7060017
	33.2332014	34.7060121
	33.2332322	34.7060077
	33.2332557	34.705968
	33.2332677	34.7059702
	33.2333053	34.7060529
	33.2333495	34.7060458
	33.2333167	34.7059625
	33.2333093	34.7059184
	33.2333415	34.7059096
	33.233318	34.7058622
	33.2333469	34.7058192
	33.2333904	34.7058043
	33.2333972	34.7057591
	33.2334525	34.7057316
	33.2334749	34.7058506
	33.2335111	34.7058738
	33.2335018	34.7059344
	33.2335433	34.7059928
	33.2336045	34.7059976
	33.2337204	34.70607
	33.2338669	34.7061028
	33.2341053	34.7061437
	33.2342166	34.706091
	33.2342528	34.7060478
	33.2342742	34.7059873
	33.2343426	34.7060314
	33.2343627	34.7060564
	33.2342984	34.7061472
	33.2343084	34.706208
	33.2343855	34.7062431
	33.2345948	34.7062861
	33.2346453	34.7063456
	33.2346024	34.7064924
	33.2345717	34.7066538
	33.2346344	34.7067851
	33.2349095	34.7068604
	33.2353039	34.7068815
	33.2360693	34.706736
	33.2365128	34.7065712
	33.2375042	34.706296
	33.2378304	34.7061506
	33.2381801	34.7061593
	33.238905	34.7059437
	33.239212	34.7059385
	33.2393911	34.7057807
	33.2397834	34.7058544
	33.2401075	34.7057176
	33.2404486	34.7055809
	33.2409518	34.7052514
	33.2413867	34.7051042
	33.241956	34.7050726
	33.2423078	34.7049832
	33.2427128	34.7047589
	33.2428429	34.7047694
	33.2431691	34.704864
	33.2434996	34.7048798
	33.2440305	34.7047116
	33.2443673	34.704808
	33.2451413	34.7048413
	33.2452884	34.7048781
	33.2452564	34.7050954
	33.245459	34.7052146
	33.2459067	34.7053233
	33.2458534	34.7054915
	33.2463011	34.7055318
	33.2467872	34.7055511
	33.246913	34.7053969
	33.2476657	34.7056826
	33.2479865	34.7056479
	33.2483954	34.7057342
	33.2487716	34.7056263
	33.2493249	34.7054969
	33.2493993	34.7056911
	33.2494977	34.705736
	33.249817	34.7056155
	33.250145	34.7056048
	33.250415	34.705667
	33.2507705	34.705727
	33.2517699	34.7057594
	33.2525813	34.705576
	33.2532855	34.7056335
	33.2537666	34.7054861
	33.254148	34.705402
	33.2543243	34.7054322
	33.2545386	34.7057324
	33.2553434	34.7057288
	33.256016	34.705655
	33.256328	34.705655
	33.256483	34.705783
	33.25664	34.705911
	33.2572264	34.706207
	33.257885	34.705909
	33.258039	34.70578
	33.258195	34.705651
	33.258816	34.705393
	33.260061	34.70539
	33.260685	34.705646
	33.261618	34.705644
	33.26193	34.705643
	33.262553	34.705899
	33.262708	34.706027
	33.262865	34.706155
	33.26302	34.706284
	33.263177	34.706411
	33.263488	34.706411
	33.263799	34.706282
	33.2638	34.706796
	33.264423	34.706923
	33.265357	34.706921
	33.265668	34.70692
	33.265823	34.707049
	33.26598	34.707176
	33.266136	34.707305
	33.266292	34.707433
	33.266448	34.707561
	33.266604	34.707689
	33.267227	34.707688
	33.267848	34.707429
	33.268471	34.707428
	33.2699884	34.7075375
	33.2704345	34.7077744
	33.2704746	34.7079344
	33.2708486	34.7080784
	33.2710802	34.7083084
	33.2712173	34.7082759
	33.2712757	34.7084349
	33.2715073	34.7085681
	33.2717609	34.7086013
	33.2718945	34.7087501
	33.2719512	34.709255
	33.271814	34.7098015
	33.2714529	34.7099922
	33.2713736	34.7101738
	33.2714403	34.7104298
	33.2713884	34.7105464
	33.2713468	34.7106916
	33.2710986	34.7108079
	33.271034	34.7108976
	33.2709842	34.7110508
	33.2709821	34.7113244
	33.2710458	34.7115238
	33.2711145	34.7117263
	33.2711796	34.7118022
	33.2712447	34.7119721
	33.2712707	34.7120847
	33.2713925	34.7122442
	33.2715031	34.7124092
	33.2716656	34.7125557
	33.2717818	34.7126681
	33.2719277	34.7127766
	33.2720364	34.7128556
	33.272223	34.7129132
	33.2723317	34.7129617
	33.2725458	34.7130513
	33.2727632	34.7131332
	33.272878	34.7131658
	33.2729078	34.7132055
	33.272897	34.7133104
	33.2729476	34.713408
	33.2730886	34.7135526
	33.2732982	34.7137514
	33.2734031	34.7138128
	33.2734031	34.7138635
	33.2734609	34.7139358
	33.2734915	34.7140078
	33.273526	34.7140623
	33.2735549	34.714131
	33.2735939	34.714236
	33.2736125	34.7142891
	33.273628	34.714484
	33.2736448	34.7146464
	33.2734632	34.714749
	33.2734836	34.7150532
	33.2735699	34.7151241
	33.2736107	34.7152062
	33.2734223	34.7154395
	33.273634	34.716026
	33.2738977	34.7164448
	33.2741665	34.7168115
	33.2744212	34.717053
	33.274607	34.7172973
	33.2751308	34.7176519
	33.275763	34.7180148
	33.2759787	34.7179271
	33.2760181	34.7179387
	33.2758493	34.71811
	33.27601	34.7181562
	33.276599	34.71859
	33.2722407	34.7219154
	33.2709565	34.7259823
	33.2745447	34.7311974
	33.2725151	34.7355019
	33.2691216	34.7394425
	33.2743594	34.7524147
	33.2750971	34.7649606
	33.2764988	34.7678089
	33.2767939	34.7784135
	33.2693429	34.7864115
	33.267427	34.7886773
	33.2656543	34.7907737
	33.2658019	34.7940452
	33.262851	34.7978618
	33.2588673	34.8025868
	33.2539245	34.8063425
	33.2500884	34.8073116
	33.2472113	34.8093711
	33.2426374	34.8092499
	33.2391701	34.8108853
	33.2390964	34.8151251
	33.2367356	34.8188802
	33.2343012	34.8239674
	33.2286207	34.825542
	33.2256698	34.8334143
	33.2225714	34.8343831
	33.2209484	34.8374712
	33.2093662	34.8437682
	33.2002185	34.8470376
	33.18871	34.8456451
	33.1871608	34.8461295
	33.1842099	34.8492172
	33.1805951	34.848309
	33.1651767	34.8546052
	33.1622258	34.8522442
	33.1577995	34.8523653
	33.153742	34.8519415
	33.1442992	34.8544236
	33.1442992	34.858419
	33.1426024	34.8591454
	33.137881	34.8578136
	33.1344137	34.8599929
	33.1286595	34.8605982
	33.1302825	34.8685882
	33.1331596	34.8713725
	33.1347429	34.8818094
	33.1359279	34.8836033
	33.1310866	34.8850216
	33.1261301	34.8869127
	33.1190987	34.8860617
	33.1163322	34.8865345
	33.1131047	34.8922075
	33.1103382	34.8947602
	33.1015778	34.8969347
	33.093509	34.8977856
	33.086247	34.8973129
	33.081521	34.8950438
	33.0809447	34.8921129
	33.078524	34.8892765
	33.0711468	34.8882364
	33.0667666	34.8914511
	33.0636543	34.895422
	33.0607726	34.8957056
	33.0575451	34.897691
	33.057084	34.9009053
	33.0514358	34.9058211
	33.0514358	34.9092242
	33.049361	34.912438
	33.048093	34.9174476
	33.0396784	34.9183928
	33.0358745	34.923213
	33.0290737	34.9245362
	33.0259614	34.9268044
	33.0153567	34.9279385
	33.0068268	34.9383334
	33.003945	34.9442863
	32.994493	34.9506167
	32.9881532	34.9493885
	32.9843493	34.9511836
	32.9750125	34.949483
	32.9738599	34.9505222
	32.9669437	34.9512781
	32.9626788	34.9542069
	32.9600276	34.9542069
	32.9494228	34.9495774
	32.9471175	34.9466485
	32.938357	34.943247
	32.9360517	34.9397508
	32.9317867	34.9392784
	32.9237179	34.9326636
	32.9197987	34.9325691
	32.9118452	34.9347426
	32.9066581	34.9370105
	32.9019321	34.9366325
	32.8968602	34.937483
	32.8900594	34.9343646
	32.8789935	34.9346481
	32.8666598	34.9359711
	32.8670658	34.9397912
	32.8634637	34.9421535
	32.8587088	34.9434527
	32.8558271	34.942744
	32.8526572	34.9422716
	32.848911	34.9430983
	32.8432916	34.9472321
	32.8383927	34.9477045
	32.8363755	34.9499485
	32.8264335	34.95172
	32.8216787	34.9558533
	32.8167798	34.9560895
	32.8147626	34.9572704
	32.8108722	34.9597502
	32.8025152	34.959396
	32.7997776	34.9566799
	32.7994894	34.9514838
	32.7980486	34.9487675
	32.7811905	34.9486494
	32.7775883	34.9429802
	32.7800378	34.9400274
	32.7814787	34.936602
	32.7741303	34.9198273
	32.7745625	34.9143925
	32.7729776	34.9106115
	32.7738421	34.9081302
	32.7741324	34.90499
	32.7757858	34.8907836
	32.7791399	34.8886521
	32.7792362	34.8886474
	32.7794576	34.8886367
	32.7913778	34.8880572
	32.7930095	34.8875119
	32.7932815	34.886223
	32.7945832	34.883686
	32.7973004	34.87839
	32.7969982	34.875688
	32.7947621	34.8736304
	32.7910756	34.8727379
	32.788205	34.8729858
	32.7858481	34.8709034
	32.7851833	34.8673581
	32.7812551	34.8614325
	32.7762088	34.8607383
	32.7720389	34.8591514
	32.7662977	34.8557793
	32.7615536	34.8526549
	32.7566282	34.8483649
	32.7532137	34.8435788
	32.7530928	34.8411484
	32.7501013	34.8357665
	32.7500107	34.8302107
	32.7515819	34.8264901
	32.7501013	34.8247785
	32.7469587	34.8246793
	32.7464148	34.8230421
	32.7436349	34.8236375
	32.7394951	34.8237863
	32.7346252	34.8202205
	32.7304755	34.8192364
	32.7265103	34.8143154
	32.7237438	34.812347
	32.7223606	34.8100756
	32.7224122	34.8066412
	32.7228844	34.8037336
	32.7226483	34.8017952
	32.7192843	34.7990329
	32.7143858	34.801359
	32.7104316	34.7989359
	32.7073037	34.7957373
	32.7035856	34.7932656
	32.7034675	34.79186
	32.7073627	34.7897275
	32.7079529	34.7818752
	32.7103726	34.7804695
	32.7122612	34.7802271
	32.718222	34.7808088
	32.721586	34.7774156
	32.7255992	34.7753311
	32.7291402	34.7752341
	32.7299665	34.7739737
	32.7293173	34.7724224
	32.7248319	34.7704348
	32.7237696	34.7697076
	32.7227663	34.7604474
	32.7198154	34.7577806
	32.7180449	34.7530772
	32.7193433	34.749101
	32.7189892	34.7485191
	32.7109038	34.7488585
	32.708189	34.745464
	32.7046479	34.7446396
	32.6999265	34.7444456
	32.6978018	34.7417298
	32.6976248	34.738917
	32.6967395	34.7372195
	32.6910148	34.7370255
	32.688359	34.7348915
	32.6863524	34.7319814
	32.6857622	34.7301383
	32.6829884	34.7280527
	32.6769096	34.7277131
	32.6729554	34.7248998
	32.6712439	34.7245603
	32.6694734	34.7247543
	32.6674077	34.7255789
	32.6654011	34.726452
	32.6633945	34.7255789
	32.6619191	34.7239297
	32.6619781	34.7222319
	32.6622732	34.7208737
	32.6602666	34.7196124
	32.6592633	34.7184967
	32.6592633	34.717381
	32.6609748	34.7166048
	32.6625683	34.7157316
	32.6626273	34.7137426
	32.6587568	34.7110945
	32.6586573	34.7110477
	32.6578766	34.7111665
	32.6575532	34.7111465
	32.6566362	34.7109837
	32.6560343	34.711147
	32.6554894	34.7110907
	32.6552885	34.7110215
	32.6551197	34.7109242
	32.6550661	34.7108302
	32.6552679	34.7105141
	32.6553427	34.7103172
	32.6553614	34.7098205
	32.6552703	34.7096749
	32.6551703	34.7096518
	32.6548789	34.7097209
	32.654198	34.7099668
	32.6539043	34.7099304
	32.6536194	34.7097289
	32.6535168	34.7094801
	32.6537442	34.7087949
	32.653742	34.7085601
	32.6530775	34.7086335
	32.6528537	34.7085991
	32.652691	34.7084147
	32.6526569	34.7082576
	32.6528054	34.7080464
	32.6535935	34.707798
	32.6545262	34.7073965
	32.6546645	34.7071573
	32.6546516	34.7069637
	32.6545029	34.7067604
	32.6542765	34.706724
	32.6537828	34.7067571
	32.6525256	34.7069614
	32.65198	34.7069916
	32.6513844	34.707009
	32.6508852	34.7071604
	32.6507751	34.7076184
	32.6507242	34.7077582
	32.6506118	34.7078036
	32.650208	34.7077067
	32.6497605	34.7078606
	32.6492245	34.7081594
	32.6490363	34.7080872
	32.6489476	34.707907
	32.6492561	34.7074976
	32.6494784	34.7069802
	32.6499503	34.706428
	32.6507588	34.7056073
	32.650907	34.7052821
	32.6508539	34.7051397
	32.650549	34.7049891
	32.6503682	34.7049694
	32.6497957	34.7054601
	32.6494216	34.7056675
	32.6487964	34.7058476
	32.6485065	34.7057833
	32.6477172	34.7053511
	32.6474725	34.7052869
	32.6472657	34.7053672
	32.6468794	34.7059279
	32.6469377	34.7066014
	32.6468924	34.7066436
	32.6468602	34.7066727
	32.6467044	34.7067632
	32.6461755	34.7066226
	32.6458336	34.7063897
	32.6452809	34.7059
	32.6451443	34.7058652
	32.6443313	34.7059499
	32.6440956	34.7058589
	32.6432501	34.7052371
	32.6428299	34.7051525
	32.6413086	34.7051095
	32.6406672	34.7051576
END
END
