6547969
1
	11.3182266	53.4211186
	11.3238752	53.4196297
	11.3252256	53.4191595
	11.3343163	53.4166758
	11.3351849	53.4166313
	11.3358899	53.4164237
	11.3373483	53.4166118
	11.3375972	53.4164654
	11.3384233	53.4163119
	11.3390241	53.4163055
	11.338571	53.4157926
	11.3414084	53.4149877
	11.3408532	53.4142537
	11.3460575	53.4128971
	11.3504921	53.4121134
	11.3507716	53.4120887
	11.3512429	53.4120788
	11.3517042	53.4123154
	11.3523325	53.4129479
	11.3575163	53.4153256
	11.3609178	53.4162469
	11.3629011	53.4162384
	11.3697062	53.4176981
	11.3724497	53.419282
	11.3748376	53.4163542
	11.3822924	53.4142805
	11.3855569	53.4128081
	11.3897444	53.4120413
	11.3918558	53.4121977
	11.3927932	53.4132658
	11.3928497	53.4150626
	11.3976867	53.4157264
	11.4023415	53.419629
	11.4080389	53.4138114
	11.4106881	53.411984
	11.4139641	53.4108663
	11.4163747	53.4142539
	11.4182488	53.4163902
	11.4216591	53.4194078
	11.4241291	53.4213571
	11.4224	53.4237147
	11.4239519	53.4251338
	11.4258027	53.4265529
	11.429195	53.4290287
	11.4310263	53.4297268
	11.4340751	53.4309514
	11.4373911	53.4310925
	11.4410149	53.4314091
	11.4455678	53.4320768
	11.4504065	53.4327368
	11.4528125	53.4329303
	11.4746537	53.4255436
	11.4751582	53.4255135
	11.4910649	53.4245657
	11.4869871	53.4332228
	11.5084607	53.4335615
	11.5090605	53.4324935
	11.5111385	53.4327844
	11.5142857	53.433225
	11.5158419	53.4342855
	11.51753	53.435163
	11.5166851	53.4368835
	11.5153909	53.4390579
	11.5143991	53.4408661
	11.5138594	53.4426706
	11.5107934	53.446899
	11.510767	53.446956
	11.510708	53.447083
	11.51067	53.447175
	11.508774	53.451861
	11.508145	53.451959
	11.508037	53.451976
	11.504026	53.4526
	11.503909	53.452619
	11.501205	53.45304
	11.501058	53.453037
	11.500921	53.453021
	11.500789	53.4529
	11.500635	53.452762
	11.500475	53.452616
	11.500232	53.452396
	11.50022	53.452411
	11.500159	53.452358
	11.499621	53.451883
	11.49949	53.451767
	11.498859	53.451212
	11.498826	53.451214
	11.498237	53.451258
	11.498053	53.451272
	11.492256	53.451702
	11.491922	53.451726
	11.488529	53.451978
	11.488432	53.451985
	11.486344	53.45214
	11.486022	53.45216
	11.471206	53.454469
	11.469422	53.454747
	11.469589	53.455005
	11.469648	53.455097
	11.472052	53.458811
	11.473791	53.45898
	11.4738	53.458997
	11.4773084	53.465309
	11.4647573	53.4635643
	11.4626573	53.4681358
	11.445939	53.4654756
	11.4404966	53.4654447
	11.4369775	53.4648187
	11.4339528	53.4656235
	11.4326298	53.4613707
	11.4273288	53.4626141
	11.4242475	53.466778
	11.4229652	53.4685107
	11.4226346	53.4684383
	11.4201091	53.4718343
	11.4125832	53.4671579
	11.4117492	53.4676005
	11.4111878	53.4675734
	11.4108085	53.4681063
	11.408745	53.4679167
	11.4090332	53.4668238
	11.4120223	53.4667335
	11.4110209	53.4660831
	11.4095377	53.4652383
	11.4037055	53.4655013
	11.3929024	53.4647064
	11.392606	53.4658973
	11.3746868	53.4662381
	11.3748851	53.4671336
	11.3672616	53.4671389
	11.366626	53.4678402
	11.3630907	53.4671628
	11.363327	53.4646786
	11.3606243	53.4639083
	11.3593578	53.4597854
	11.3562956	53.4579173
	11.3453206	53.4561224
	11.3398976	53.4570642
	11.3368086	53.4516739
	11.3328344	53.4485877
	11.3296077	53.4467089
	11.3275318	53.4442268
	11.325658	53.4437491
	11.3266542	53.4436313
	11.3244211	53.44158
	11.3212841	53.4391535
	11.3220757	53.4384641
	11.3199734	53.4380801
	11.3197754	53.4367411
	11.3253536	53.4359828
	11.3257062	53.4364609
	11.3342893	53.4387251
	11.3397954	53.4352136
	11.3230691	53.4294416
	11.3231665	53.4272355
	11.3211214	53.4264201
	11.3202375	53.4257235
	11.3201639	53.4252158
	11.3198313	53.4245125
	11.3200888	53.424276
	11.3202497	53.4238093
	11.3201769	53.4236103
	11.3199516	53.4235783
	11.3200159	53.4232522
	11.3202842	53.4230413
	11.3206811	53.4228814
	11.3214536	53.422875
	11.321754	53.422728
	11.3216038	53.4225106
	11.3214	53.4223572
	11.3209064	53.4224147
	11.3206275	53.4225042
	11.3204763	53.4225296
	11.3200803	53.4223252
	11.3199408	53.4220695
	11.3200481	53.4218009
	11.3202091	53.4215516
	11.3199516	53.4212831
	11.3194646	53.4211806
	11.318499	53.4213021
	11.3182266	53.4211186
END
END
