6547992
1
	13.0882638	53.5610505
	13.0886597	53.5603866
	13.0892067	53.5596737
	13.0898296	53.5590058
	13.0931181	53.557598
	13.094025	53.557609
	13.0961146	53.5585249
	13.0984123	53.557422
	13.0994061	53.5570291
	13.1016028	53.5567321
	13.1022927	53.5563812
	13.1029796	53.5561182
	13.1050313	53.5557783
	13.1072989	53.5557513
	13.1095686	53.5556373
	13.1125931	53.5555304
	13.113021	53.5565223
	13.1142218	53.5568043
	13.1155696	53.5573082
	13.1164005	53.5573152
	13.1170124	53.5570522
	13.1188181	53.5561334
	13.1213388	53.5556414
	13.1233235	53.5554965
	13.1275488	53.5556605
	13.1293565	53.5559465
	13.132513	53.5567324
	13.1382161	53.5586663
	13.1407566	53.5598981
	13.1420284	53.5604481
	13.1441101	53.5620379
	13.1454518	53.5629008
	13.1469406	53.5639457
	13.1497751	53.5656776
	13.1498631	53.5651396
	13.150175	53.5647357
	13.1522418	53.5636288
	13.1533626	53.5642618
	13.1538945	53.5641328
	13.1548114	53.5636478
	13.1609405	53.5588794
	13.1610495	53.5587924
	13.1609522	53.558546
	13.1608355	53.5582505
	13.1652567	53.5587615
	13.1715448	53.5625068
	13.182514	53.5638621
	13.1815981	53.5650519
	13.1814322	53.5655629
	13.1805993	53.5660748
	13.180641	53.5662634
	13.1812112	53.5664787
	13.1812391	53.5671467
	13.181886	53.5679856
	13.182073	53.5683405
	13.1829568	53.5692405
	13.179337	53.5708531
	13.1726637	53.5762217
	13.1711568	53.5829315
	13.1674973	53.5878513
	13.1722332	53.5926428
	13.1718026	53.5964118
	13.1653458	53.598587
	13.1641041	53.5979771
	13.1632912	53.5975721
	13.1608206	53.5966112
	13.1606736	53.5963862
	13.1561514	53.5951003
	13.1557914	53.5949973
	13.1525869	53.5941314
	13.1524148	53.5943773
	13.15185	53.5951843
	13.1504143	53.5950353
	13.1503059	53.595428
	13.1490194	53.5962791
	13.1486425	53.5962031
	13.1478846	53.5960501
	13.14548	53.5955732
	13.1445672	53.5953402
	13.1442022	53.5952492
	13.1435973	53.5951542
	13.1431394	53.5952832
	13.1421465	53.5956761
	13.1415366	53.5958061
	13.1398749	53.5956571
	13.13951	53.5952072
	13.1370334	53.5944212
	13.1371274	53.5937503
	13.1367925	53.5922245
	13.1365985	53.5918385
	13.1360626	53.5911866
	13.1361786	53.5906146
	13.1369306	53.5868571
	13.1366296	53.5867611
	13.128322	53.5841373
	13.1256664	53.5836673
	13.1228848	53.5832214
	13.1212641	53.5829624
	13.1204932	53.5835383
	13.1197293	53.5838433
	13.1186665	53.5839232
	13.1182905	53.5839192
	13.1178346	53.5839152
	13.1173097	53.5837323
	13.1161819	53.5834043
	13.115275	53.5833513
	13.1149721	53.5834383
	13.1143642	53.5834313
	13.1119606	53.5828283
	13.1107487	53.5825383
	13.1101538	53.5822644
	13.1098019	53.5812725
	13.1088501	53.5800516
	13.1080352	53.5794597
	13.1072094	53.5792727
	13.1061495	53.5793117
	13.1053847	53.5796626
	13.1027511	53.5792346
	13.1023082	53.5788267
	13.1003345	53.5785327
	13.0995106	53.5784107
	13.0990677	53.5783467
	13.0956892	53.5776977
	13.0953843	53.5776407
	13.0931296	53.5772128
	13.0905901	53.5745541
	13.0905314	53.574492
	13.0903951	53.5743481
	13.0919259	53.5740581
	13.0930727	53.5735782
	13.0930877	53.5730402
	13.0943196	53.5721973
	13.0955574	53.5711745
	13.0973672	53.5695147
	13.0947806	53.5690117
	13.0937408	53.5654561
	13.0933159	53.5643772
	13.092741	53.5632473
	13.0922251	53.5627934
	13.0914812	53.5623434
	13.0901325	53.5618325
	13.0882638	53.5610505
END
END
