6547779
1
	12.222799	54.139194
	12.223561	54.138958
	12.224033	54.138877
	12.224769	54.138762
	12.225306	54.138689
	12.226376	54.138566
	12.226378	54.138464
	12.226392	54.137851
	12.226403	54.137336
	12.226411	54.136779
	12.226413	54.13668
	12.226415	54.136539
	12.226418	54.13636
	12.226381	54.136357
	12.226383	54.136168
	12.226389	54.135347
	12.2264	54.133978
	12.226402	54.133972
	12.226625	54.133244
	12.226632	54.133229
	12.226958	54.132684
	12.227285	54.132653
	12.227531	54.13263
	12.227686	54.132615
	12.228366	54.13255
	12.228683	54.132524
	12.229746	54.13246
	12.232031	54.132318
	12.232125	54.132302
	12.23235	54.1323
	12.232449	54.132294
	12.232565	54.132275
	12.232649	54.132264
	12.233211	54.132143
	12.233378	54.132084
	12.233603	54.131997
	12.233963	54.131864
	12.233979	54.131855
	12.233744	54.131761
	12.233432	54.131633
	12.233228	54.131412
	12.23303	54.131206
	12.232996	54.131171
	12.232646	54.13072
	12.23246	54.130478
	12.232238	54.130208
	12.232127	54.130141
	12.232069	54.130107
	12.231562	54.129788
	12.231076	54.129471
	12.230985	54.129411
	12.230956	54.129343
	12.230817	54.129053
	12.230757	54.128926
	12.230746	54.128902
	12.230705	54.128723
	12.230699	54.128685
	12.230726	54.128417
	12.230765	54.128226
	12.230765	54.128135
	12.230833	54.127922
	12.231074	54.127542
	12.231122	54.127482
	12.231374	54.127135
	12.231598	54.12682
	12.231672	54.126703
	12.2317	54.126653
	12.23171	54.126634
	12.231739	54.126589
	12.231758	54.126561
	12.231724	54.126558
	12.231795	54.126479
	12.231809	54.126482
	12.232349	54.125785
	12.232358	54.125726
	12.232374	54.125728
	12.232364	54.125712
	12.234554	54.125846
	12.236347	54.125869
	12.236846	54.125845
	12.237507	54.125701
	12.237509	54.125688
	12.237526	54.12569
	12.23763	54.124987
	12.237633	54.124966
	12.237698	54.124496
	12.237704	54.124282
	12.237844	54.123527
	12.237843	54.123411
	12.237813	54.123301
	12.237745	54.123201
	12.237592	54.123045
	12.237348	54.122733
	12.237318	54.122676
	12.237295	54.122568
	12.237264	54.122452
	12.237234	54.122279
	12.237203	54.122225
	12.237241	54.122227
	12.237227	54.122207
	12.238354	54.122384
	12.239458	54.122535
	12.240472	54.122686
	12.242775	54.123232
	12.243023	54.12329
	12.243034	54.123277
	12.243619	54.12257
	12.243923	54.122149
	12.244493	54.121438
	12.244812	54.12102
	12.244908	54.120914
	12.245152	54.120593
	12.245248	54.120458
	12.245287	54.120404
	12.245442	54.120251
	12.245643	54.120083
	12.245658	54.120091
	12.24587	54.119855
	12.245911	54.119808
	12.246162	54.119465
	12.246775	54.1185
	12.246878	54.11835
	12.247169	54.117979
	12.247406	54.117624
	12.247539	54.117417
	12.247574	54.117362
	12.24784	54.116949
	12.247999	54.116729
	12.248281	54.116412
	12.248621	54.116174
	12.248854	54.115959
	12.248877	54.115938
	12.249021	54.115833
	12.249791	54.115326
	12.25052	54.114817
	12.251049	54.114394
	12.251505	54.114038
	12.251899	54.113761
	12.25226	54.113468
	12.252566	54.113217
	12.252513	54.113215
	12.250467	54.112036
	12.25016	54.111841
	12.249918	54.111698
	12.249797	54.111626
	12.249705	54.111571
	12.249644	54.111541
	12.249602	54.11152
	12.249577	54.111508
	12.249627	54.111465
	12.24965	54.111445
	12.249933	54.111221
	12.250152	54.111136
	12.250792	54.11091
	12.25482	54.109051
	12.254835	54.109063
	12.255515	54.109585
	12.2557	54.109742
	12.25594	54.109984
	12.256046	54.110084
	12.256186	54.110203
	12.256295	54.110321
	12.25665	54.110801
	12.25683	54.111105
	12.256895	54.111173
	12.257149	54.111386
	12.257251	54.111449
	12.257255	54.111452
	12.257413	54.111527
	12.257651	54.111632
	12.257902	54.111762
	12.257999	54.111815
	12.258199	54.111924
	12.258363	54.112012
	12.258899	54.112272
	12.259441	54.112554
	12.25955	54.11258
	12.260271	54.112672
	12.260427	54.112689
	12.260678	54.112687
	12.26092	54.112674
	12.261505	54.112705
	12.261853	54.112763
	12.262285	54.112761
	12.262741	54.112757
	12.263139	54.112749
	12.26347	54.112744
	12.263873	54.11275
	12.264254	54.112784
	12.264572	54.112808
	12.264803	54.112823
	12.264904	54.112831
	12.265295	54.112874
	12.265966	54.112973
	12.2665645	54.1130653
	12.266778	54.113106
	12.267086	54.113146
	12.267355	54.113221
	12.267526	54.113259
	12.267881	54.11332
	12.268249	54.113362
	12.268337	54.11336
	12.268557	54.113355
	12.269084	54.113404
	12.269738	54.113505
	12.270168	54.113583
	12.270493	54.11367
	12.271005	54.113848
	12.271306	54.113976
	12.271529	54.114036
	12.272258	54.114152
	12.273057	54.11423
	12.273123	54.114264
	12.273267	54.114458
	12.273307	54.114492
	12.273343	54.114524
	12.274274	54.114904
	12.274334	54.114953
	12.2748	54.115558
	12.274903	54.115902
	12.275019	54.116289
	12.275023	54.116301
	12.275114	54.11656
	12.275141	54.116627
	12.275668	54.117551
	12.275688	54.117593
	12.275749	54.117716
	12.275777	54.117787
	12.275955	54.118371
	12.276356	54.119143
	12.277079	54.12021
	12.277246	54.120389
	12.277629	54.120803
	12.279092	54.122516
	12.279076	54.122534
	12.279061	54.122516
	12.27839	54.123242
	12.277876	54.123796
	12.276684	54.124882
	12.276372	54.125166
	12.276242	54.125224
	12.27588	54.125289
	12.274934	54.12534
	12.27467	54.125447
	12.274437	54.12549
	12.273613	54.125382
	12.273257	54.12545
	12.271537	54.125974
	12.27139	54.126117
	12.271182	54.126317
	12.271052	54.126428
	12.270694	54.126779
	12.270406	54.127254
	12.269956	54.127951
	12.270021	54.128289
	12.27037	54.128839
	12.271627	54.130531
	12.271819	54.130681
	12.274348	54.132069
	12.275801	54.133868
	12.275967	54.134075
	12.276416	54.1353467
	12.276711	54.136182
	12.27671	54.136246
	12.276695	54.136321
	12.276676	54.13636
	12.275534	54.137106
	12.274722	54.137566
	12.274599	54.137631
	12.274374	54.137669
	12.274144	54.137661
	12.273905	54.137583
	12.273536	54.13754
	12.272982	54.137968
	12.273175	54.13804
	12.27337	54.138183
	12.273778	54.138398
	12.273815	54.13842
	12.273966	54.138602
	12.274162	54.138828
	12.274618	54.139247
	12.275259	54.139583
	12.275738	54.139709
	12.275988	54.139804
	12.276337	54.139976
	12.276833	54.140282
	12.276925	54.140303
	12.276969	54.140312
	12.277581	54.140108
	12.277829	54.140275
	12.278103	54.140427
	12.278768	54.140839
	12.279159	54.14116
	12.280921	54.141975
	12.282189	54.14248
	12.282604	54.142351
	12.283025	54.142302
	12.283196	54.14227
	12.283214	54.142263
	12.283234	54.142281
	12.283974	54.142834
	12.284392	54.143147
	12.284598	54.143297
	12.284742	54.143433
	12.285214	54.143871
	12.285542	54.144183
	12.2855747	54.144172
	12.286801	54.145375
	12.288846	54.147055
	12.288588	54.147524
	12.288518	54.147626
	12.288466	54.14773
	12.288443	54.14778
	12.2882839	54.1480049
	12.288041	54.148186
	12.287865	54.148243
	12.287611	54.148415
	12.28732	54.148552
	12.287082	54.148691
	12.286703	54.149024
	12.286479	54.149072
	12.285749	54.14924
	12.285549	54.149326
	12.285284	54.149553
	12.285244	54.14963
	12.284843	54.149956
	12.284692	54.149997
	12.284584	54.150054
	12.284478	54.150069
	12.284399	54.15017
	12.284388	54.150264
	12.28452	54.150595
	12.283939	54.151514
	12.283898	54.151814
	12.283898	54.151818
	12.283901	54.152076
	12.284023	54.152382
	12.284257	54.152625
	12.284774	54.152908
	12.285072	54.153096
	12.286428	54.153849
	12.286859	54.153964
	12.287265	54.153993
	12.28749	54.154022
	12.287824	54.154115
	12.289205	54.154722
	12.28888	54.154978
	12.287379	54.1558
	12.2864948	54.156161
	12.285721	54.156526
	12.285517	54.156625
	12.284742	54.157047
	12.284281	54.15729
	12.284249	54.157323
	12.284251	54.157599
	12.284376	54.158251
	12.284306	54.158645
	12.284123	54.158795
	12.283502	54.159054
	12.28206	54.159295
	12.281687	54.159357
	12.280944	54.159511
	12.280899	54.159527
	12.280285	54.159887
	12.280267	54.159921
	12.280197	54.160215
	12.280352	54.160886
	12.280632	54.161339
	12.280693	54.161526
	12.280655	54.161673
	12.2800437	54.1637796
	12.2794418	54.1653074
	12.279327	54.165754
	12.2787229	54.1668965
	12.2784979	54.1671207
	12.2775784	54.1667813
	12.276785	54.1665374
	12.2762684	54.1662998
	12.2759587	54.1661596
	12.2757629	54.1661163
	12.2754177	54.1659597
	12.2750148	54.1657091
	12.2744787	54.1655025
	12.2727572	54.1650409
	12.2722108	54.1648976
	12.2713431	54.1647642
	12.270745	54.1647157
	12.2701222	54.1645717
	12.2695181	54.1643324
	12.269045	54.1640879
	12.268809	54.1638728
	12.2684034	54.1636716
	12.2673512	54.1632341
	12.2671724	54.1631184
	12.2671173	54.163002
	12.2667171	54.162874
	12.2663976	54.1627061
	12.2660559	54.162518
	12.26559	54.1623715
	12.2646384	54.1621705
	12.263216	54.161712
	12.2605826	54.1608777
	12.2582748	54.1601419
	12.2568938	54.1596912
	12.2554883	54.1592316
	12.2513309	54.1579082
	12.251186	54.157869
	12.250948	54.157818
	12.2504444	54.1578982
	12.250427	54.157798
	12.250348	54.157437
	12.250341	54.157405
	12.249529	54.156987
	12.249506	54.156975
	12.249523	54.156959
	12.24961	54.156883
	12.249617	54.156873
	12.249069	54.156574
	12.24879	54.15639
	12.248788	54.156388
	12.248557	54.156178
	12.248463	54.155975
	12.247891	54.155276
	12.247806	54.155134
	12.247679	54.154925
	12.247668	54.154906
	12.247332	54.15435
	12.247288	54.154277
	12.247209	54.154147
	12.246733	54.153369
	12.246695	54.153307
	12.24634	54.152827
	12.246041	54.152318
	12.245984	54.152221
	12.246018	54.152037
	12.24604	54.151917
	12.246043	54.151901
	12.246056	54.151831
	12.246062	54.151796
	12.246069	54.151762
	12.246092	54.151634
	12.24614	54.151605
	12.246688	54.151532
	12.246633	54.151171
	12.246613	54.151174
	12.246609	54.151165
	12.245934	54.151477
	12.245909	54.151475
	12.2439551	54.151459
	12.2433036	54.1517579
	12.242417	54.152174
	12.238777	54.150002
	12.235494	54.1479
	12.235426	54.147857
	12.2352	54.147693
	12.235004	54.147508
	12.234923	54.147431
	12.234754	54.147272
	12.234657	54.14718
	12.234607	54.147127
	12.234525	54.147001
	12.234432	54.14682
	12.234477	54.146343
	12.234493	54.14617
	12.234496	54.14614
	12.234817	54.146136
	12.234881	54.145765
	12.234984	54.145638
	12.235132	54.14556
	12.23522	54.145504
	12.235359	54.145366
	12.235739	54.145274
	12.235787	54.145239
	12.235834	54.144919
	12.235862	54.144731
	12.235907	54.144426
	12.236001	54.144366
	12.236109	54.144336
	12.236542	54.144317
	12.237723	54.144513
	12.238061	54.144789
	12.238227	54.144879
	12.238273	54.144893
	12.238282	54.144849
	12.238397	54.144832
	12.238457	54.144824
	12.238654	54.144796
	12.238704	54.144789
	12.238941	54.144782
	12.23895	54.144767
	12.239141	54.144398
	12.239325	54.144192
	12.239493	54.143964
	12.239616	54.143912
	12.239632	54.143847
	12.239811	54.143832
	12.240253	54.143863
	12.240514	54.143867
	12.240369	54.143659
	12.240039	54.143464
	12.239655	54.143238
	12.239363	54.143065
	12.239198	54.142966
	12.239162	54.142931
	12.238851	54.142627
	12.238727	54.142451
	12.238685	54.142454
	12.23868	54.142432
	12.238489	54.141891
	12.238321	54.141416
	12.23821	54.141165
	12.238167	54.140854
	12.23756	54.140834
	12.23751	54.140833
	12.236927	54.140807
	12.2365	54.140789
	12.23643	54.140786
	12.236009	54.140768
	12.235477	54.140743
	12.234122	54.140644
	12.23338	54.14059
	12.232551	54.140516
	12.231592	54.139533
	12.230915	54.138839
	12.228246	54.139671
	12.227823	54.139803
	12.227571	54.139881
	12.225612	54.14049
	12.224846	54.140709
	12.224078	54.140937
	12.223973	54.140847
	12.223911	54.140881
	12.223659	54.140676
	12.223245	54.140002
	12.222799	54.139194
END
END
