6547565
1
	14.3094619	52.0079799
	14.3100955	51.99941
	14.3156215	51.9998832
	14.3169541	51.998492
	14.31904	51.9987774
	14.3212417	51.9995265
	14.3215893	52.0020591
	14.3192138	52.0021661
	14.3184606	52.0035215
	14.3232696	52.0035929
	14.3248919	52.0028438
	14.3251237	51.9990628
	14.3262825	51.9980996
	14.3296808	51.9979323
	14.334554	51.9917216
	14.3385657	51.9917494
	14.3401623	51.9895135
	14.3436885	51.9883972
	14.3437435	51.9866118
	14.3457582	51.9863489
	14.3535928	51.9867567
	14.3552391	51.9833067
	14.3585167	51.9824992
	14.3605284	51.9816273
	14.3653996	51.9815908
	14.3665367	51.97881
	14.3683494	51.9774523
	14.3738212	51.9775214
	14.3742729	51.979811
	14.3724619	51.9884393
	14.3733268	51.9889923
	14.3731878	51.9896332
	14.3731778	51.9897552
	14.3729697	51.9925369
	14.3725338	51.9925439
	14.3716199	51.9925558
	14.371009	51.9939747
	14.370548	51.9968284
	14.37051	51.9970603
	14.370342	51.9981022
	14.3698228	51.9995271
	14.3696442	52.0000301
	14.3695697	52.0002003
	14.369396	52.0008099
	14.3693682	52.0010985
	14.369862	52.0011809
	14.3705689	52.0012719
	14.3793725	52.0024048
	14.3853796	52.0037557
	14.3860275	52.0040757
	14.3870293	52.0046676
	14.3896019	52.0065894
	14.3899288	52.0068344
	14.3904792	52.0072502
	14.3911306	52.0077423
	14.3915852	52.0081271
	14.3933943	52.0082573
	14.4052155	52.0086044
	14.408688	52.0087074
	14.4090359	52.0087184
	14.4106517	52.0087684
	14.4115325	52.0084625
	14.4252115	52.0085776
	14.4259324	52.0088486
	14.428331	52.0090046
	14.4303667	52.0090236
	14.4309426	52.0092066
	14.4315935	52.0094816
	14.4325354	52.0096685
	14.4371746	52.0103815
	14.4365577	52.0111674
	14.4361988	52.0116294
	14.4357458	52.0123883
	14.4356618	52.0128382
	14.4359878	52.0128382
	14.4368986	52.0128492
	14.4376655	52.0128912
	14.4387163	52.0129522
	14.4399322	52.0130782
	14.440933	52.0131812
	14.4445565	52.0135512
	14.4461052	52.0137122
	14.4521643	52.0143332
	14.4534531	52.0144672
	14.4523272	52.01594
	14.4512803	52.0176218
	14.4498175	52.0199756
	14.4489826	52.0213184
	14.4471838	52.0242061
	14.4464259	52.0255029
	14.4461339	52.0262461
	14.4427248	52.0254481
	14.4420333	52.02548
	14.4398591	52.0250738
	14.4383206	52.0246618
	14.4364227	52.0244321
	14.4334038	52.0242749
	14.4306151	52.0241607
	14.4301409	52.0244261
	14.4270128	52.0244008
	14.4260822	52.0244671
	14.4237583	52.0245516
	14.4192179	52.0242485
	14.4168876	52.0242789
	14.4153019	52.0244624
	14.4135059	52.0248618
	14.4090354	52.0263924
	14.4066738	52.0272993
	14.4033292	52.0296
	14.402143	52.0298597
	14.4015304	52.0306529
	14.4011167	52.0313935
	14.4006248	52.0341356
	14.4012342	52.0362199
	14.4008297	52.0380678
	14.4008965	52.0419232
	14.4010964	52.0432112
	14.4014905	52.0457433
	14.4016635	52.0472483
	14.4009772	52.0495998
	14.4007487	52.0523751
	14.4007986	52.0529256
	14.3990364	52.05314
	14.3975458	52.0540411
	14.3960796	52.0547475
	14.3950013	52.0551607
	14.3826088	52.061211
	14.3821249	52.0621246
	14.3766648	52.0644867
	14.3721865	52.0667258
	14.3692003	52.0678424
	14.3654438	52.0691662
	14.3592313	52.0709405
	14.3569024	52.0714485
	14.3539805	52.0724033
	14.3520774	52.071899
	14.3499261	52.0720687
	14.3478123	52.0719675
	14.3479268	52.0708905
	14.3450689	52.0707332
	14.3452979	52.0695526
	14.3451758	52.0683324
	14.3460003	52.0679757
	14.3464279	52.0661359
	14.3456033	52.0645965
	14.3453896	52.0637704
	14.3457691	52.0625904
	14.3458442	52.0622163
	14.3453756	52.0608528
	14.3460003	52.0579912
	14.3465938	52.0578183
	14.3465938	52.0574726
	14.3483118	52.0568004
	14.3484992	52.0544955
	14.3478745	52.0542266
	14.3478968	52.0533175
	14.3475859	52.0531091
	14.3474997	52.0510477
	14.3478739	52.0491207
	14.3521057	52.0471783
	14.3532239	52.0462155
	14.3543549	52.0443398
	14.3542783	52.0437395
	14.3532559	52.0425015
	14.351914	52.0416368
	14.3523985	52.0406306
	14.3511072	52.0390573
	14.3498326	52.0369666
	14.3495385	52.0357805
	14.3485908	52.0345944
	14.3499634	52.0321818
	14.3514993	52.0302918
	14.3471202	52.0298696
	14.3452901	52.0323828
	14.3432312	52.0317596
	14.3366625	52.0311363
	14.3331984	52.0309151
	14.331966	52.0311424
	14.3279248	52.0325828
	14.3230674	52.0354542
	14.3202921	52.0344788
	14.3149877	52.0355001
	14.3119201	52.031097
	14.3149657	52.0284853
	14.3188991	52.0262615
	14.3189825	52.0218764
	14.3144989	52.009299
	14.3094619	52.0079799
END
END
