6548478
1
	14.1621872	53.5852397
	14.1626164	53.5844844
	14.1676375	53.5834526
	14.1698283	53.5833303
	14.1742894	53.5828564
	14.1793147	53.5816895
	14.1881124	53.5798296
	14.1985794	53.5776842
	14.1979357	53.5749463
	14.19217	53.5759312
	14.1933116	53.5706103
	14.195232	53.5701784
	14.1949745	53.5674361
	14.1928889	53.5678541
	14.192582	53.5672641
	14.1828638	53.5676324
	14.1830655	53.5651627
	14.1795765	53.5635493
	14.1849316	53.5598857
	14.1912594	53.5554564
	14.1963943	53.5520031
	14.2048338	53.5470267
	14.2064279	53.5459424
	14.2044795	53.5453202
	14.2035633	53.5446572
	14.2008703	53.5443078
	14.1986881	53.5442313
	14.1951131	53.5435587
	14.1910191	53.5408129
	14.1892252	53.5401575
	14.188191	53.5393962
	14.1880923	53.5384475
	14.1869765	53.537931
	14.1853993	53.540109
	14.1771875	53.5405808
	14.178829	53.5382205
	14.1832623	53.5380127
	14.185483	53.5382626
	14.1848822	53.5355731
	14.1843586	53.533025
	14.1812773	53.5326755
	14.1813159	53.5316501
	14.1788269	53.5296719
	14.1763676	53.5277375
	14.174109	53.5258848
	14.1701093	53.5226294
	14.1692124	53.5215094
	14.1657881	53.5151339
	14.1627536	53.5142334
	14.1625369	53.5125759
	14.1649035	53.5121026
	14.1633108	53.5076002
	14.1631353	53.5070636
	14.1637005	53.5035008
	14.1642186	53.4986254
	14.1650775	53.4988009
	14.1656054	53.4982763
	14.166395	53.4983145
	14.169693	53.5002049
	14.1711393	53.5012987
	14.1725018	53.5006005
	14.1746383	53.5001935
	14.1772776	53.4993052
	14.1778913	53.4993077
	14.1787024	53.4985712
	14.180286	53.4983772
	14.181788	53.4981896
	14.1839445	53.497411
	14.1854079	53.496686
	14.1864572	53.498704
	14.1960016	53.4970038
	14.1959394	53.4964345
	14.1964093	53.4959009
	14.1961153	53.4955167
	14.1966239	53.4948861
	14.1967547	53.4939785
	14.1986859	53.4930173
	14.2002202	53.4918416
	14.1979135	53.4914586
	14.1977745	53.4884835
	14.1974322	53.4852457
	14.1993141	53.479787
	14.2009491	53.4751246
	14.1989407	53.4742574
	14.1956534	53.4729292
	14.1964935	53.4720205
	14.1972262	53.4721878
	14.2004406	53.4731757
	14.2017313	53.4737223
	14.2018868	53.4744886
	14.2042772	53.4756674
	14.2050926	53.4750582
	14.2050197	53.4760562
	14.2057664	53.4767618
	14.2064724	53.4769808
	14.207865	53.4787667
	14.2098959	53.4805366
	14.2138761	53.4809521
	14.2188489	53.4828908
	14.2178921	53.4874768
	14.2194596	53.4886661
	14.2196956	53.4898049
	14.2200368	53.4911173
	14.2199749	53.4922789
	14.2199921	53.4928579
	14.2242493	53.4927985
	14.2251848	53.4935287
	14.225762	53.4945927
	14.2256376	53.4955539
	14.2269883	53.4957709
	14.2297231	53.4971941
	14.2302478	53.4989735
	14.2305289	53.4993468
	14.2313603	53.499634
	14.2328828	53.5011911
	14.2331295	53.5027705
	14.233784	53.5051571
	14.2352635	53.5063458
	14.2372537	53.5079997
	14.2387332	53.5090538
	14.2408994	53.5098385
	14.2421428	53.5104887
	14.2426385	53.5108709
	14.2429567	53.5114765
	14.2431324	53.5117864
	14.2501976	53.5112849
	14.2580108	53.5116071
	14.2609408	53.5110342
	14.2618419	53.5108463
	14.2633001	53.5105423
	14.2661143	53.5101371
	14.2686441	53.5092981
	14.2705474	53.5085988
	14.2722265	53.5081012
	14.2736373	53.5078568
	14.2756222	53.5077343
	14.2776842	53.5073138
	14.2788204	53.507035
	14.2793783	53.5077139
	14.2808653	53.5082766
	14.2817022	53.5090448
	14.2818567	53.5103962
	14.2828266	53.5117985
	14.2850646	53.5139128
	14.2878455	53.5162387
	14.2908603	53.5179305
	14.293888	53.520912
	14.2880816	53.522851
	14.284835	53.5239353
	14.2798826	53.5255847
	14.2771811	53.5261829
	14.2775952	53.5275273
	14.2731406	53.5283169
	14.2689789	53.5290407
	14.2695625	53.5301835
	14.2696719	53.5308193
	14.2685388	53.5310691
	14.2686838	53.5315234
	14.265683	53.5319353
	14.2630351	53.5325915
	14.2615041	53.5326693
	14.2633301	53.5384202
	14.2628233	53.5400312
	14.2621706	53.5421058
	14.2622414	53.5433044
	14.2627736	53.5452016
	14.2621577	53.5468106
	14.260999	53.5500692
	14.260954	53.5510177
	14.261441	53.5528088
	14.2606879	53.554531
	14.2602051	53.5559637
	14.2603518	53.5565514
	14.2607136	53.5570472
	14.2617079	53.5580822
	14.2629117	53.5586972
	14.2632979	53.5599144
	14.2632958	53.5616236
	14.2606779	53.5632944
	14.2589613	53.565048
	14.2582747	53.5660458
	14.2575451	53.5671073
	14.2578455	53.5689564
	14.258	53.5726771
	14.2571589	53.5737219
	14.2557577	53.5746265
	14.252303	53.5762522
	14.2486702	53.5781951
	14.2476167	53.5793684
	14.2577382	53.5792748
	14.257485	53.5766332
	14.269261	53.5762013
	14.2695078	53.5785289
	14.2657849	53.5786652
	14.2662569	53.5830156
	14.2580172	53.5832717
	14.2581931	53.5838742
	14.259648	53.5841201
	14.2593883	53.584878
	14.259648	53.5887106
	14.2571739	53.5889425
	14.2515906	53.5899079
	14.2509834	53.5886877
	14.2489425	53.5888981
	14.2480179	53.5889934
	14.2499062	53.5920476
	14.2458957	53.5931097
	14.2444989	53.591249
	14.242499	53.5880037
	14.2346433	53.5888469
	14.2362591	53.5912325
	14.235654	53.5917597
	14.2322787	53.5920896
	14.2293891	53.5913618
	14.2235175	53.5901219
	14.2193719	53.5890864
	14.2192453	53.588382
	14.2212817	53.5870077
	14.2217108	53.5859288
	14.2210671	53.5846831
	14.2212817	53.5835825
	14.2194728	53.583208
	14.2169966	53.5860371
	14.2186638	53.5882789
	14.2153872	53.5880942
	14.2131835	53.5888049
	14.2140375	53.5900569
	14.2101709	53.5909548
	14.2100807	53.5899869
	14.200075	53.5913649
	14.1941978	53.5918068
	14.1863352	53.5924782
	14.1852086	53.5909213
	14.1843342	53.5896381
	14.1839051	53.5897559
	14.183492	53.5898674
	14.1807267	53.5906122
	14.1793104	53.5878585
	14.1770788	53.5874561
	14.1710707	53.5866345
	14.1686674	53.586246
	14.1621872	53.5852397
END
END
