6548566
1
	12.8001407	50.9741666
	12.8001719	50.9739577
	12.8002017	50.9734506
	12.8003405	50.9734118
	12.8007718	50.9732509
	12.8095005	50.9693928
	12.8078914	50.9658132
	12.8044545	50.9581664
	12.8079396	50.9465574
	12.8079954	50.9453663
	12.8087379	50.9451175
	12.8104674	50.9451311
	12.8130798	50.9448444
	12.8164154	50.9437311
	12.8190258	50.9434661
	12.8211132	50.9437674
	12.8215202	50.9449283
	12.8222981	50.9454974
	12.8224611	50.9456766
	12.8229493	50.9461004
	12.8236037	50.9464735
	12.8238795	50.9467311
	12.8243001	50.9475699
	12.8249395	50.9479782
	12.8258965	50.9483588
	12.8262742	50.9483263
	12.8290004	50.9490922
	12.8274639	50.950509
	12.8354556	50.9561493
	12.8587975	50.9568057
	12.8770757	50.9467637
	12.9061934	50.9549613
	12.9114493	50.9554692
	12.9113797	50.9565039
	12.9114892	50.9572751
	12.911469	50.9580711
	12.9114045	50.9584184
	12.9119113	50.9594647
	12.9121647	50.9600898
	12.9125223	50.9606491
	12.9126996	50.9611893
	12.9130938	50.9617213
	12.9137273	50.9627632
	12.9138751	50.9631533
	12.9140018	50.9639734
	12.9141848	50.964563
	12.9146353	50.9653299
	12.915172	50.9661259
	12.9157334	50.9668149
	12.9161557	50.9672006
	12.9164372	50.9674887
	12.916571	50.9677104
	12.9179833	50.9685883
	12.9198088	50.9686811
	12.9206535	50.9689116
	12.9211884	50.9689294
	12.9220612	50.9688451
	12.923043	50.9686289
	12.9235219	50.9686371
	12.9239088	50.9686467
	12.924675	50.968704
	12.9252875	50.9687709
	12.9256877	50.9688175
	12.9261068	50.9688545
	12.9266095	50.9687823
	12.926763	50.9687602
	12.9268039	50.9689455
	12.9268275	50.9690528
	12.9268635	50.9694517
	12.9268541	50.969583
	12.9266796	50.9698816
	12.9264103	50.9701563
	12.9263211	50.9702291
	12.9262699	50.9702912
	12.9262149	50.9704226
	12.9261732	50.9705683
	12.9261372	50.970806
	12.9261296	50.9709648
	12.9262946	50.9712658
	12.9263843	50.9713794
	12.9262469	50.9714072
	12.925976	50.9714997
	12.9258681	50.9715266
	12.9255816	50.9715474
	12.9253686	50.9715602
	12.9241989	50.9715058
	12.9237673	50.9714688
	12.9233967	50.9714579
	12.9230849	50.971422
	12.9227805	50.971418
	12.9224776	50.9714221
	12.9222012	50.9714195
	12.9219527	50.9714362
	12.9216379	50.9714434
	12.9214578	50.9714565
	12.9210083	50.9714613
	12.9208054	50.9714864
	12.9202781	50.9715425
	12.9197414	50.9716106
	12.9194475	50.9716679
	12.9182421	50.97202
	12.9179482	50.9720911
	12.9174467	50.9722431
	12.9165899	50.9724802
	12.9159488	50.9725851
	12.915297	50.9726544
	12.9151482	50.9726544
	12.9149537	50.9726873
	12.9143786	50.9727412
	12.9139808	50.9730766
	12.9137121	50.9732284
	12.9127121	50.9739835
	12.9124274	50.9742366
	12.9117305	50.9746624
	12.9109683	50.975076
	12.9094556	50.9758055
	12.9086703	50.9761536
	12.9084342	50.9762718
	12.9076131	50.9765756
	12.9049315	50.977822
	12.9044701	50.9779994
	12.9036628	50.9783438
	12.902641	50.9787356
	12.9019126	50.979048
	12.9008386	50.9796002
	12.9003733	50.9798345
	12.8993796	50.980336
	12.899243	50.9803981
	12.8991178	50.9804673
	12.8989184	50.9805681
	12.8986703	50.9806572
	12.8984654	50.9807443
	12.8981772	50.9808984
	12.8978734	50.9810862
	12.8975039	50.981321
	12.8971588	50.9815551
	12.8969729	50.98169
	12.8964722	50.9819837
	12.8963573	50.9820809
	12.8960872	50.982232
	12.8957478	50.9824661
	12.8955714	50.9826081
	12.8950715	50.9829203
	12.8946004	50.9831395
	12.8938683	50.9836349
	12.8933513	50.9839948
	12.8930339	50.9841806
	12.892664	50.9843441
	12.891944	50.9846373
	12.8915981	50.9846864
	12.8912829	50.9847531
	12.8905159	50.9848248
	12.8902238	50.9848621
	12.8900975	50.9849295
	12.8900572	50.9849734
	12.8899915	50.9850089
	12.8898456	50.985129
	12.8896598	50.9852985
	12.8894787	50.9854359
	12.8893469	50.9855588
	12.8892065	50.9856614
	12.8891193	50.9857737
	12.8889581	50.9858954
	12.8888614	50.9860662
	12.8887324	50.9861939
	12.8886205	50.9863276
	12.8884972	50.986447
	12.8882601	50.9866771
	12.8881843	50.9867287
	12.8880971	50.9867896
	12.8879922	50.9869595
	12.8878847	50.9870775
	12.8877976	50.9871699
	12.8876661	50.9873335
	12.8875781	50.9874427
	12.8874816	50.9875673
	12.8871933	50.9878264
	12.8871678	50.9878584
	12.8870724	50.987941
	12.8868476	50.9881325
	12.8866938	50.9882744
	12.8866314	50.9883216
	12.8861437	50.9884494
	12.885843	50.9885604
	12.8856279	50.9886534
	12.8854265	50.9887332
	12.8852468	50.9887706
	12.8849733	50.9888673
	12.8844856	50.9894687
	12.8843231	50.9896924
	12.8840847	50.9901058
	12.8837806	50.9907211
	12.8833635	50.991691
	12.8830356	50.9925287
	12.8828478	50.9928934
	12.8826408	50.9933623
	12.8826478	50.9936346
	12.8826854	50.9939234
	12.8827475	50.994227
	12.8828828	50.9946729
	12.8833094	50.9958892
	12.8835243	50.9961787
	12.8836819	50.9963581
	12.8838682	50.9965434
	12.8838144	50.9965845
	12.8838408	50.9966489
	12.8838195	50.996678
	12.8836956	50.9966684
	12.883641	50.9967343
	12.8835752	50.9967935
	12.8835223	50.9968852
	12.883587	50.9969507
	12.8835566	50.9969954
	12.8834384	50.9970397
	12.8833147	50.997158
	12.8832671	50.9972369
	12.8832731	50.9973068
	12.883323	50.9973292
	12.8833557	50.9973574
	12.8833214	50.9973886
	12.8833157	50.9974488
	12.883202	50.997526
	12.8831861	50.9975671
	12.8832582	50.9976723
	12.8831911	50.9977729
	12.8833681	50.9977792
	12.8834257	50.9978241
	12.883475	50.9979003
	12.8835225	50.997931
	12.883611	50.9980106
	12.8837084	50.9980962
	12.8836181	50.9981333
	12.8835935	50.9981772
	12.883622	50.9982175
	12.8836027	50.9982422
	12.8835394	50.9982848
	12.8836073	50.9983288
	12.8836773	50.9983638
	12.8837073	50.9984322
	12.883718	50.9984606
	12.8837284	50.9985105
	12.8836752	50.9985166
	12.883664	50.9985458
	12.8835149	50.9986291
	12.8834647	50.9987143
	12.8833852	50.9987083
	12.8833091	50.9986696
	12.8832884	50.9987248
	12.8833564	50.9987252
	12.8833679	50.9987539
	12.8833249	50.9988795
	12.8832211	50.9988277
	12.8831577	50.9988623
	12.8832596	50.9989328
	12.8831331	50.9990453
	12.8830774	50.999068
	12.8830522	50.9990426
	12.88307	50.9990209
	12.8830084	50.9990057
	12.8828581	50.9990823
	12.8827627	50.9990847
	12.8827569	50.9991107
	12.8828997	50.999121
	12.8829538	50.9991677
	12.8830532	50.9992028
	12.8831105	50.9991836
	12.8833151	50.9992369
	12.8833347	50.9992901
	12.8832544	50.9993214
	12.8831668	50.9993348
	12.8831727	50.9993792
	12.8832939	50.9993669
	12.8833022	50.9994925
	12.8831719	50.9995013
	12.8831585	50.9995226
	12.8831487	50.9995534
	12.8830947	50.9995887
	12.8831542	50.9996277
	12.8831374	50.9996513
	12.8831178	50.9996737
	12.8829806	50.9997368
	12.882912	50.9996972
	12.8827858	50.9997486
	12.8826674	50.9997465
	12.8826582	50.9997446
	12.882556	50.9997725
	12.8824978	50.9997637
	12.8824993	50.9997775
	12.8825087	50.9998046
	12.8824348	50.9998902
	12.8823735	50.9999204
	12.8823595	50.9999767
	12.8822642	50.9999664
	12.8822472	51.0000152
	12.8822051	51.000038
	12.8822509	51.0001696
	12.8821364	51.0001958
	12.8822048	51.0002348
	12.8821701	51.0003637
	12.8822682	51.0004171
	12.8822733	51.0004653
	12.8823256	51.000485
	12.8823699	51.0005979
	12.8822919	51.00069
	12.8815928	51.0012988
	12.8815553	51.0013303
	12.8814957	51.0013575
	12.8815151	51.0014034
	12.8815061	51.0014521
	12.8813651	51.0016349
	12.8812402	51.0016241
	12.8812171	51.0016281
	12.8811496	51.0016549
	12.8811212	51.0016788
	12.8810001	51.001694
	12.8809158	51.0017119
	12.8805229	51.0018246
	12.8800816	51.0018432
	12.8796313	51.0018955
	12.8794186	51.0017908
	12.8792996	51.0016616
	12.8791668	51.0016191
	12.8788677	51.0016649
	12.8786613	51.001649
	12.8786623	51.0015064
	12.8785436	51.0014782
	12.8783411	51.0014778
	12.8782221	51.0014593
	12.8781189	51.0013459
	12.8779798	51.0012916
	12.877924	51.0010715
	12.8778787	51.0010291
	12.8776828	51.0009728
	12.8775174	51.0009396
	12.8775058	51.0008727
	12.8773062	51.0007778
	12.877172	51.0008322
	12.8770898	51.000927
	12.8770182	51.0009781
	12.8769624	51.0010072
	12.876679	51.0009979
	12.8766295	51.0008488
	12.8766432	51.0006539
	12.876678	51.0006089
	12.8766295	51.0005618
	12.8765052	51.0005678
	12.8764304	51.0005505
	12.8763104	51.0005578
	12.8761967	51.0006076
	12.876185	51.0006579
	12.876165	51.0007673
	12.8761729	51.0008269
	12.8763546	51.0008902
	12.8763904	51.0009651
	12.8763383	51.0009974
	12.8761092	51.0009777
	12.8760165	51.0009983
	12.8759686	51.0010433
	12.875967	51.0010755
	12.8759417	51.0011159
	12.8758917	51.0011405
	12.8758022	51.0011509
	12.875631	51.0010209
	12.8754349	51.0010961
	12.8753008	51.0012215
	12.8752797	51.0013421
	12.8751533	51.0013706
	12.8750417	51.0013328
	12.8748984	51.0012089
	12.8748237	51.0012199
	12.8747636	51.0013743
	12.8746288	51.001434
	12.8744192	51.001249
	12.8743876	51.001143
	12.8742465	51.0010926
	12.8741454	51.0010091
	12.8741432	51.000972
	12.8742528	51.0008686
	12.8744411	51.0007681
	12.8744024	51.0006246
	12.8742991	51.0005782
	12.87408	51.0005345
	12.8735613	51.0005117
	12.8731986	51.0006103
	12.8730471	51.000505
	12.8728697	51.0004868
	12.8727371	51.0004914
	12.8725885	51.0005377
	12.8724602	51.0006393
	12.8723332	51.0007237
	12.8722063	51.0007691
	12.8720996	51.0007446
	12.8720621	51.0007319
	12.8720318	51.0007001
	12.8719542	51.0006612
	12.8718144	51.0006927
	12.8715615	51.0007935
	12.8714789	51.0008647
	12.8714514	51.000925
	12.8713259	51.0009802
	12.8712913	51.0010271
	12.8712525	51.0010418
	12.871227	51.0010521
	12.8711118	51.0010367
	12.8709435	51.0009809
	12.8708803	51.0009931
	12.8707286	51.0011196
	12.8705367	51.0011626
	12.8703665	51.0012352
	12.8702959	51.0012261
	12.8702295	51.0012424
	12.8700867	51.0013613
	12.8699933	51.001388
	12.8697856	51.0012862
	12.8696771	51.0013396
	12.8695212	51.0013797
	12.8694154	51.0013648
	12.8695212	51.0015691
	12.8697154	51.0015295
	12.869962	51.0016071
	12.8700805	51.0017551
	12.870251	51.002053
	12.8703887	51.0020662
	12.8704531	51.0020838
	12.8705115	51.002116
	12.870587	51.0023586
	12.8708488	51.0031461
	12.8710453	51.0034046
	12.871237	51.0037085
	12.871727	51.0038707
	12.8719569	51.0041791
	12.87225	51.0049754
	12.8722497	51.0051037
	12.8722309	51.0051566
	12.8722006	51.0055842
	12.8721273	51.0061151
	12.8718499	51.0071523
	12.8715626	51.0078401
	12.8706891	51.0083286
	12.8696813	51.0089726
	12.8692061	51.0092692
	12.8688318	51.0094875
	12.8686256	51.0095987
	12.8681901	51.0098126
	12.8675521	51.0094865
	12.8673589	51.0093781
	12.867232	51.0092829
	12.8668662	51.0089565
	12.8666927	51.0088524
	12.8664673	51.0086893
	12.8659822	51.0083843
	12.865798	51.0082179
	12.8654912	51.0080825
	12.8655679	51.0080209
	12.865421	51.007902
	12.8648337	51.0076995
	12.8646366	51.0075394
	12.8645163	51.0074716
	12.8641781	51.0073673
	12.8636514	51.0071954
	12.8635538	51.0071566
	12.8634595	51.0071259
	12.8631929	51.007175
	12.8629295	51.0072711
	12.8626663	51.0073839
	12.8624295	51.0073303
	12.8621651	51.007245
	12.8619352	51.0071972
	12.8607236	51.0071394
	12.8603787	51.0071046
	12.8602522	51.0071886
	12.8600461	51.0072098
	12.8597978	51.0071461
	12.859643	51.0070989
	12.8594613	51.0069412
	12.8593671	51.0068992
	12.8588498	51.006973
	12.8587097	51.0069947
	12.858595	51.0071288
	12.8583855	51.0071665
	12.858068	51.0071249
	12.8579561	51.0071141
	12.8578774	51.0070891
	12.8572885	51.0069898
	12.8571563	51.006967
	12.8570278	51.0069732
	12.856941	51.007003
	12.8567851	51.0069538
	12.8566552	51.0069327
	12.8566245	51.006878
	12.8565583	51.006741
	12.8564778	51.0067286
	12.856298	51.0068211
	12.8560473	51.0069783
	12.855792	51.0071029
	12.8553914	51.0071016
	12.8547769	51.0071863
	12.8547426	51.0072994
	12.85474	51.0073313
	12.8550931	51.0076327
	12.854229	51.0077219
	12.8539148	51.0077917
	12.8537004	51.0077796
	12.8534827	51.0077612
	12.8533814	51.0077951
	12.853234	51.0078179
	12.8532304	51.0077336
	12.8532599	51.0075733
	12.8536971	51.0072441
	12.8536397	51.0071301
	12.8534121	51.00659
	12.8544937	51.0054573
	12.8544053	51.0052724
	12.8540916	51.0048281
	12.8537459	51.0042349
	12.8536591	51.0041198
	12.853556	51.0040108
	12.8532859	51.0037784
	12.8530864	51.0035829
	12.8528178	51.0032414
	12.852548	51.0028297
	12.8521198	51.002294
	12.8518336	51.0022632
	12.8510279	51.0021651
	12.8506957	51.0021648
	12.8503034	51.0021624
	12.8497754	51.0022448
	12.8493144	51.0022128
	12.8491691	51.0022256
	12.8489926	51.0022788
	12.8487962	51.0023058
	12.848617	51.0023229
	12.8484131	51.0023288
	12.8481976	51.0023491
	12.8478459	51.0023609
	12.8477945	51.0024111
	12.8475999	51.0022684
	12.8475613	51.0021378
	12.8474652	51.0020661
	12.8472959	51.0020465
	12.8471085	51.0019866
	12.8469302	51.0019427
	12.8467481	51.0018787
	12.8465627	51.0018231
	12.8457121	51.0015226
	12.8452927	51.0014082
	12.8452339	51.0014015
	12.8453563	51.0013371
	12.8453705	51.001277
	12.8454122	51.0012555
	12.8454977	51.0010914
	12.8455465	51.0010469
	12.8455514	51.0010093
	12.8456024	51.0009493
	12.8455838	51.0009258
	12.8456105	51.0009078
	12.8456584	51.0009134
	12.845713	51.0008297
	12.8457735	51.0007823
	12.8458766	51.0006884
	12.8464541	51.0000668
	12.8461477	51.0003939
	12.8462545	51.0002093
	12.8462955	51.0001672
	12.8463858	50.9999235
	12.8465952	50.999537
	12.8467763	50.9992724
	12.8470424	50.9988755
	12.8470821	50.9988528
	12.8470817	50.9987708
	12.8470367	50.9986432
	12.8469803	50.9985736
	12.8467594	50.998474
	12.8466685	50.9984114
	12.8466992	50.9983443
	12.8466428	50.9983327
	12.8466992	50.9982917
	12.8466992	50.9982361
	12.8466587	50.9982369
	12.8466526	50.9982145
	12.8467336	50.9981767
	12.8467348	50.9981404
	12.8466636	50.9980855
	12.846586	50.9981216
	12.8465707	50.9980658
	12.8465986	50.9980556
	12.8466572	50.9980631
	12.8466538	50.9980345
	12.8466035	50.9980214
	12.8466158	50.9979341
	12.8467815	50.9978523
	12.8468465	50.9978515
	12.8468404	50.9977812
	12.8467751	50.9977397
	12.8469041	50.9976155
	12.8468668	50.9976125
	12.8468948	50.9975304
	12.8468808	50.9974893
	12.8470207	50.9974218
	12.8470907	50.9972613
	12.8472134	50.9970874
	12.8476985	50.9969844
	12.8477996	50.9970118
	12.8478664	50.9969306
	12.8479053	50.9968641
	12.8478711	50.9968406
	12.8479255	50.9967819
	12.8478105	50.996778
	12.8477716	50.996823
	12.8477219	50.99682
	12.8477265	50.9967486
	12.8477769	50.99675
	12.8477669	50.996641
	12.847697	50.9966361
	12.8476954	50.9965676
	12.8476853	50.9965417
	12.8477242	50.9965299
	12.8476985	50.9964967
	12.8476931	50.9964742
	12.8477343	50.9964654
	12.8477669	50.9964385
	12.8477359	50.9964194
	12.8477327	50.9964101
	12.8477491	50.9963871
	12.8477716	50.996368
	12.8477623	50.9963396
	12.8477327	50.9963152
	12.847727	50.996249
	12.8477668	50.9962525
	12.847802	50.9962636
	12.8478361	50.9962525
	12.8477492	50.9961653
	12.8477844	50.9961515
	12.8477426	50.9960698
	12.84768	50.996083
	12.8474656	50.9959059
	12.8474788	50.9958637
	12.8474788	50.9958235
	12.847459	50.9957793
	12.8474249	50.9957523
	12.8474206	50.9957156
	12.8473873	50.9957138
	12.8474162	50.9956935
	12.8474085	50.9956374
	12.8474535	50.9955551
	12.847426	50.9955233
	12.8474865	50.9955025
	12.847614	50.995378
	12.8476921	50.9953766
	12.8477116	50.9953698
	12.8477381	50.9953883
	12.8477736	50.9953834
	12.8478141	50.995387
	12.8477912	50.9952387
	12.8477613	50.9952438
	12.8477481	50.9951434
	12.8477745	50.9951199
	12.8477218	50.9951192
	12.8477283	50.9950909
	12.847636	50.9950929
	12.8475843	50.9950839
	12.8475854	50.9950217
	12.8476681	50.9949187
	12.8476642	50.994883
	12.8476145	50.9948096
	12.8475694	50.9948042
	12.8475341	50.9947959
	12.8476502	50.9946012
	12.8478971	50.9942435
	12.8480863	50.9940704
	12.8481974	50.9940273
	12.8483234	50.9939994
	12.8488462	50.9939172
	12.8494124	50.9937529
	12.8500085	50.9937974
	12.8500464	50.9937993
	12.8500699	50.9937969
	12.8501733	50.9937563
	12.850272	50.9936829
	12.8503342	50.993655
	12.8503894	50.9936105
	12.8504765	50.9935347
	12.8506695	50.9934859
	12.8507915	50.993449
	12.8508055	50.9934128
	12.8508755	50.9933893
	12.8508934	50.9933688
	12.8509866	50.9933815
	12.8510162	50.9933345
	12.8510962	50.9933194
	12.8511343	50.9932934
	12.8511385	50.9932215
	12.8511576	50.993197
	12.8513092	50.9932019
	12.8513527	50.9932332
	12.8513644	50.9932293
	12.8514002	50.9932597
	12.851638	50.993311
	12.8516745	50.9932704
	12.8516543	50.9932401
	12.8517409	50.9931511
	12.8518005	50.9931403
	12.8518494	50.9931075
	12.8517694	50.9930718
	12.8517562	50.9929891
	12.8517142	50.9929201
	12.8516979	50.9928683
	12.8516823	50.9928203
	12.8516528	50.9928032
	12.8516839	50.9927743
	12.8517321	50.9927582
	12.8517795	50.9927592
	12.8518012	50.9927797
	12.851851	50.9927831
	12.8518362	50.9927411
	12.8518424	50.9926667
	12.8518557	50.9925478
	12.8518424	50.992404
	12.8518279	50.9922426
	12.8519038	50.9920688
	12.8521487	50.9917875
	12.8523339	50.9915126
	12.8523469	50.9914734
	12.8523625	50.991424
	12.852434	50.9913408
	12.8524373	50.991319
	12.85248	50.9913102
	12.8524606	50.9912813
	12.8524894	50.9912666
	12.8525103	50.991205
	12.8525181	50.9911703
	12.8524886	50.9911101
	12.8525179	50.9910842
	12.8525388	50.9910471
	12.8525485	50.9909605
	12.8526035	50.9908138
	12.8526244	50.9907093
	12.8526365	50.9906622
	12.8526592	50.9906239
	12.8527043	50.990506
	12.8527681	50.9903568
	12.8528419	50.990256
	12.8527972	50.9900614
	12.8527339	50.9897648
	12.8527036	50.9896821
	12.852681	50.9895798
	12.8526624	50.9894932
	12.8526363	50.989444
	12.8526324	50.9893665
	12.8526104	50.9893382
	12.8526401	50.9892842
	12.8526599	50.9892434
	12.8526456	50.9891915
	12.8526269	50.9891583
	12.8525994	50.9891486
	12.8525587	50.9891347
	12.8525313	50.9891126
	12.8524983	50.9890918
	12.8524279	50.9890669
	12.8523972	50.9890489
	12.8523851	50.9890268
	12.8523631	50.9889984
	12.8523092	50.9889763
	12.8522883	50.9889182
	12.8523103	50.9888808
	12.852362	50.9888794
	12.8523569	50.9888581
	12.8523345	50.9888358
	12.8523422	50.9887936
	12.8523059	50.9887687
	12.8521707	50.9885929
	12.8521454	50.9884829
	12.8521795	50.9884165
	12.8521916	50.9883168
	12.8522422	50.9882746
	12.8522784	50.9882712
	12.8524171	50.9882839
	12.8523957	50.987811
	12.8522323	50.9875536
	12.851956	50.98709
	12.85195	50.9869649
	12.8520248	50.9866908
	12.8521119	50.9862102
	12.852188	50.9856867
	12.8521616	50.985582
	12.8521047	50.9854702
	12.8519214	50.9852758
	12.8517444	50.985136
	12.8516213	50.9851021
	12.8515577	50.9850937
	12.85143	50.9850827
	12.851208	50.9851941
	12.8510123	50.9853097
	12.8509507	50.9853381
	12.8507254	50.9854004
	12.8505358	50.985428
	12.8503439	50.985455
	12.8501747	50.9854626
	12.8497668	50.9854855
	12.8493403	50.9854924
	12.8485419	50.9854983
	12.8462418	50.985638
	12.8461027	50.9856262
	12.8458484	50.9855733
	12.8450967	50.9853583
	12.8436278	50.9849869
	12.8425964	50.9846782
	12.8420821	50.9845753
	12.8418741	50.9845472
	12.841348	50.9843676
	12.8410332	50.9843
	12.8406079	50.9841224
	12.8403849	50.9840719
	12.8397432	50.9838856
	12.8373508	50.9834747
	12.8372252	50.9834529
	12.8371513	50.9834232
	12.8369757	50.9834558
	12.8363708	50.983483
	12.8358195	50.9834876
	12.8355505	50.9834699
	12.8351076	50.9834165
	12.8348337	50.9834094
	12.8345983	50.983779
	12.8343397	50.9841345
	12.8341503	50.9844557
	12.8340438	50.9844373
	12.833775	50.9843535
	12.8332241	50.9842094
	12.8328621	50.9841123
	12.8319865	50.9838928
	12.8307915	50.983675
	12.8297801	50.983422
	12.8284893	50.9829913
	12.827989	50.9828422
	12.827454	50.9826194
	12.8269989	50.9825339
	12.8254073	50.9820346
	12.8256844	50.9815271
	12.8252461	50.9808786
	12.8244039	50.9805725
	12.8231622	50.9799411
	12.8225544	50.9795721
	12.822007	50.9792972
	12.822155	50.9790282
	12.8222809	50.9786346
	12.8226283	50.9783968
	12.8229235	50.9782601
	12.8236485	50.9780988
	12.824164	50.9778736
	12.824313	50.9776041
	12.8243447	50.9772648
	12.8240693	50.9771519
	12.82402	50.9770331
	12.8239931	50.9768722
	12.8237599	50.9766209
	12.8230605	50.9763725
	12.8226256	50.9761693
	12.8226124	50.9762637
	12.8222795	50.97614
	12.8222225	50.9761639
	12.8220132	50.976104
	12.8219086	50.9760302
	12.8218214	50.9760401
	12.8218135	50.9760112
	12.8219371	50.9759713
	12.8219958	50.9758984
	12.8218244	50.9758503
	12.8215741	50.9759843
	12.8213474	50.9759353
	12.8212967	50.9758894
	12.8212174	50.9759014
	12.8211271	50.9759673
	12.8210351	50.9759423
	12.8210605	50.9759064
	12.8211604	50.9758385
	12.8206817	50.9757507
	12.8205533	50.9757826
	12.8201348	50.9756279
	12.82	50.9755131
	12.8197012	50.9755124
	12.8196871	50.9755894
	12.8196062	50.9757301
	12.8195777	50.9758
	12.8194921	50.9758659
	12.8193748	50.9759018
	12.8191782	50.9759327
	12.8189889	50.9759148
	12.8188477	50.9758513
	12.8185585	50.9755647
	12.8181034	50.9754631
	12.8177335	50.9754829
	12.8175183	50.9755421
	12.8174241	50.9756254
	12.8172354	50.9760056
	12.8169601	50.9761138
	12.8167516	50.976111
	12.816644	50.9760771
	12.8165879	50.9761068
	12.8164059	50.9760736
	12.8167965	50.9763768
	12.8171808	50.9765448
	12.8179724	50.9766586
	12.8184629	50.9766477
	12.8189849	50.9765538
	12.8192115	50.9769583
	12.8194122	50.9772292
	12.8200145	50.9777023
	12.820794	50.9779953
	12.8211532	50.9781953
	12.821853	50.9788472
	12.820918	50.9797736
	12.8206656	50.9799758
	12.8203071	50.9801708
	12.8195305	50.9804005
	12.8188759	50.980364
	12.8181216	50.9803478
	12.8176397	50.9802286
	12.8169829	50.9799541
	12.8164925	50.9797104
	12.8167334	50.9793781
	12.8162028	50.9792535
	12.8144934	50.9789989
	12.8137722	50.9788292
	12.8138505	50.9785818
	12.8138586	50.9777238
	12.814179	50.9775475
	12.8145725	50.9774403
	12.8152296	50.9773381
	12.8151374	50.9775503
	12.8156651	50.9777146
	12.8162502	50.9769272
	12.8166416	50.9765022
	12.8164223	50.9763512
	12.8161154	50.9759286
	12.8160695	50.975683
	12.8157712	50.975255
	12.8153898	50.9750527
	12.8136947	50.975087
	12.8128314	50.975069
	12.8120169	50.9749715
	12.8116359	50.9748724
	12.8105025	50.9743285
	12.8101041	50.9743444
	12.8080009	50.9765401
	12.8073844	50.9769098
	12.8071648	50.9767559
	12.8069267	50.9766999
	12.8063359	50.976662
	12.8062527	50.9765157
	12.8061179	50.9763694
	12.8061064	50.976113
	12.8059028	50.9760696
	12.8056992	50.9760579
	12.8054209	50.9763062
	12.8052718	50.9763803
	12.8050997	50.9764128
	12.8048841	50.9764045
	12.8046609	50.9762954
	12.8044501	50.9761351
	12.8043899	50.9760647
	12.804321	50.9759094
	12.8042407	50.9755428
	12.8041948	50.9753965
	12.8040285	50.9751581
	12.8036269	50.9748822
	12.8033803	50.974526
	12.8031394	50.9743238
	12.8029587	50.974219
	12.8027574	50.9741823
	12.8026462	50.9742126
	12.802338	50.9742318
	12.8018675	50.9743122
	12.80162	50.9743352
	12.8004073	50.9743109
	12.8002896	50.9742956
	12.8001922	50.9742351
	12.8001407	50.9741666
END
END
