6549798
1
	10.0496771	51.347207
	10.051546	51.3458736
	10.0507233	51.3438851
	10.0516839	51.3425104
	10.0530475	51.3425942
	10.0531151	51.3417126
	10.0527833	51.3398448
	10.0523012	51.3396789
	10.052117	51.3388058
	10.0522245	51.3381919
	10.0522401	51.3353326
	10.0521981	51.3340959
	10.0524269	51.3340433
	10.0526124	51.3332423
	10.0531212	51.3321824
	10.052652	51.3321048
	10.0526086	51.330853
	10.0523859	51.3308395
	10.0518919	51.3300355
	10.0515092	51.3295983
	10.0528989	51.329066
	10.0538652	51.3286654
	10.0571079	51.328516
	10.0579376	51.3284311
	10.0599622	51.3278645
	10.0614755	51.3272107
	10.0637884	51.3264779
	10.0673804	51.3256364
	10.0676158	51.3262731
	10.0692155	51.3274848
	10.070669	51.3277852
	10.0720786	51.3280675
	10.0733693	51.3276972
	10.0740172	51.3276468
	10.0728822	51.3282196
	10.0722904	51.3284691
	10.0731111	51.3289425
	10.0739204	51.3295629
	10.0740352	51.3299323
	10.0741841	51.3306742
	10.0744926	51.3313386
	10.0747555	51.3322948
	10.0747879	51.3328984
	10.0756565	51.3340547
	10.0761905	51.3346054
	10.0778465	51.3359392
	10.0802672	51.3377531
	10.0807608	51.3382981
	10.0810823	51.3380471
	10.0825287	51.3374805
	10.0831026	51.3387929
	10.085269	51.3424338
	10.0844211	51.3435127
	10.0840888	51.3438318
	10.0837251	51.3440525
	10.0733989	51.3470558
	10.0726082	51.3478611
	10.071621	51.3480762
	10.0714488	51.3486784
	10.0716324	51.3491373
	10.0720113	51.34946
	10.0711445	51.3496607
	10.0688231	51.3499505
	10.0688576	51.3496638
	10.0649127	51.3496086
	10.0647749	51.3498452
	10.0631066	51.3492309
	10.0626168	51.348232
	10.061852	51.3474026
	10.0601897	51.3478684
	10.0586913	51.3471908
	10.0577755	51.3469307
	10.0567972	51.3468395
	10.0560282	51.3469867
	10.0555459	51.3472554
	10.0551556	51.3477429
	10.0549947	51.348095
	10.0545921	51.3485545
	10.0532108	51.347841
	10.0496771	51.347207
END
END
