6550191
1
	10.8811527	50.4947074
	10.8845766	50.4927305
	10.8850332	50.4917746
	10.8860087	50.4908596
	10.8833199	50.4869604
	10.8828935	50.4861315
	10.8855713	50.48608
	10.8864788	50.4862189
	10.8868746	50.4864239
	10.8867449	50.4870799
	10.8868851	50.4871421
	10.8868256	50.4874169
	10.8873846	50.4874837
	10.8874602	50.4871246
	10.8880934	50.4867143
	10.8883005	50.4856604
	10.8878785	50.4855628
	10.8880186	50.4851117
	10.8883438	50.4848767
	10.8893394	50.4848947
	10.8893477	50.4851585
	10.8908816	50.4852851
	10.8909728	50.4849738
	10.891638	50.4849344
	10.8918851	50.4847761
	10.8944818	50.484699
	10.8979935	50.4853317
	10.9034924	50.487451
	10.9060734	50.4871047
	10.9085736	50.4867775
	10.9140075	50.4866428
	10.9140781	50.4875408
	10.9123138	50.4881694
	10.913443	50.4896511
	10.9226172	50.4890674
	10.9240992	50.4867775
	10.9280512	50.4867326
	10.9295332	50.4843079
	10.9294626	50.4830955
	10.9371549	50.4853406
	10.9411069	50.4835894
	10.9455528	50.4840384
	10.9474583	50.4846671
	10.9508457	50.4844426
	10.9544448	50.48332
	10.9561385	50.4830505
	10.9562201	50.484244
	10.9581498	50.4873135
	10.9611822	50.4890674
	10.9668334	50.4869627
	10.9674016	50.4862725
	10.9683495	50.485121
	10.9726265	50.4840378
	10.9736734	50.4837726
	10.9870219	50.4901405
	10.9878068	50.4919563
	10.9881055	50.4943049
	10.9881227	50.494906
	10.9875918	50.4959199
	10.9851412	50.4968906
	10.9848352	50.4970118
	10.9828255	50.4963818
	10.9764294	50.4973657
	10.9744316	50.4995134
	10.9771892	50.5015472
	10.9774352	50.5026871
	10.9841156	50.5055606
	10.9937577	50.5096644
	10.9990918	50.5140629
	10.9996227	50.5145019
	10.9996477	50.5150928
	10.9996537	50.5152378
	10.9996677	50.5155808
	10.9997777	50.5182475
	10.9990798	50.5184194
	10.9988378	50.5195373
	10.9967241	50.5197963
	10.9945054	50.5226039
	10.9933835	50.5269144
	10.9942853	50.5279063
	10.9911648	50.5274834
	10.9905849	50.5272584
	10.9883292	50.5292112
	10.9866394	50.5285402
	10.9869264	50.5292801
	10.9877282	50.5313399
	10.9880442	50.5321558
	10.9874902	50.5333767
	10.989064	50.5357724
	10.9826409	50.5366953
	10.9764408	50.5351814
	10.9738162	50.5349548
	10.9738212	50.5354754
	10.9738352	50.5362643
	10.9709616	50.5369662
	10.9691938	50.538962
	10.968394	50.538531
	10.967734	50.5390609
	10.9679739	50.5436304
	10.9675749	50.5489408
	10.9666471	50.5496157
	10.9678069	50.5510086
	10.9687097	50.5512376
	10.9686067	50.5529504
	10.9659991	50.5533773
	10.9659991	50.5526224
	10.9583792	50.5518204
	10.9459991	50.5480898
	10.941445	50.5480668
	10.9410025	50.5467459
	10.9412993	50.5461653
	10.9413649	50.5451238
	10.9412555	50.5440399
	10.9406688	50.5436572
	10.9403621	50.5433045
	10.9402966	50.5429218
	10.9404523	50.5425921
	10.9408758	50.5421095
	10.9408505	50.5419827
	10.9402601	50.5390276
	10.9407761	50.5354904
	10.9413432	50.534918
	10.9426123	50.5344748
	10.9430184	50.534345
	10.9434088	50.5341694
	10.9437371	50.5339741
	10.943977	50.533775
	10.944096	50.533639
	10.9445172	50.533118
	10.945051	50.532449
	10.9450771	50.5324188
	10.9451929	50.5322865
	10.9452144	50.5322438
	10.9450383	50.531773
	10.9442689	50.5314136
	10.9451454	50.5300575
	10.9455244	50.5284346
	10.9419442	50.5278427
	10.9411569	50.5272677
	10.9352551	50.5265523
	10.9340346	50.5257515
	10.9342202	50.5246991
	10.9383908	50.5223679
	10.9381072	50.520997
	10.9360035	50.5215715
	10.934878	50.5217451
	10.9285538	50.5215056
	10.9276369	50.5212618
	10.9286322	50.5205101
	10.9294008	50.5204416
	10.9281798	50.519752
	10.9280464	50.5203829
	10.9270887	50.5208947
	10.9252626	50.5207665
	10.9242597	50.5195094
	10.9240712	50.5182775
	10.9253668	50.5162043
	10.9279866	50.514964
	10.926336	50.5144974
	10.925438	50.5148644
	10.924325	50.5166454
	10.9228802	50.5176088
	10.9230948	50.5205747
	10.9195944	50.5198727
	10.9182288	50.5218664
	10.9156809	50.5235709
	10.913937	50.5233938
	10.9123255	50.5219824
	10.9102603	50.5194818
	10.9092398	50.517507
	10.9100527	50.5145489
	10.9078807	50.5147902
	10.9053039	50.5141976
	10.9020584	50.5131129
	10.90111	50.5120502
	10.8994018	50.5110929
	10.8980318	50.511181
	10.8974031	50.5116001
	10.8952685	50.5143434
	10.8942973	50.5151
	10.8904307	50.5122132
	10.8880917	50.5114905
	10.8897572	50.5102975
	10.8890417	50.5094524
	10.8879594	50.5095786
	10.8868728	50.5085745
	10.8829169	50.5087235
	10.8826221	50.508457
	10.8824851	50.5082223
	10.8815242	50.5065761
	10.8823051	50.5053913
	10.8826719	50.5042805
	10.8835738	50.5038317
	10.884005	50.5026187
	10.8853648	50.501585
	10.8874543	50.5005092
	10.8874438	50.5004181
	10.8872885	50.4996864
	10.8876596	50.4987198
	10.8859286	50.4979354
	10.8839387	50.4974712
	10.8830385	50.4971209
	10.8824882	50.4966331
	10.882214	50.4956146
	10.8811527	50.4947074
END
END
