6550337
1
	11.1244009	50.6034303
	11.1244962	50.6023973
	11.1274459	50.6023691
	11.1296435	50.6019856
	11.1302205	50.6011974
	11.1306942	50.600221
	11.1316228	50.5993049
	11.1329083	50.5983884
	11.1335908	50.5977066
	11.1341746	50.5973044
	11.1344075	50.5974367
	11.1338369	50.5979481
	11.1333334	50.59836
	11.1331992	50.5986298
	11.1349557	50.5986014
	11.1351235	50.598154
	11.1357053	50.5975575
	11.1364102	50.5972308
	11.1349445	50.5967692
	11.1348326	50.5966555
	11.1349559	50.5964316
	11.1358855	50.5967003
	11.1367557	50.5968183
	11.1377406	50.5968678
	11.1380371	50.5967719
	11.1383951	50.5963707
	11.138742	50.5961328
	11.139307	50.5958345
	11.1389042	50.5956498
	11.1380371	50.5955681
	11.1374665	50.5960795
	11.1370682	50.5963588
	11.1361505	50.5964291
	11.1355651	50.5964417
	11.1352682	50.5963409
	11.1367674	50.5948495
	11.1387098	50.592524
	11.1410146	50.5938876
	11.1412831	50.5938876
	11.1420774	50.5935751
	11.1425809	50.5937456
	11.1434647	50.5936106
	11.1430844	50.5941007
	11.143062	50.5946121
	11.1433305	50.5947896
	11.1432634	50.5954643
	11.1437221	50.5956348
	11.1444269	50.5959544
	11.1455074	50.5955751
	11.1460776	50.5960766
	11.1465979	50.5963572
	11.1467549	50.5962377
	11.1498073	50.5969595
	11.1526026	50.597729
	11.1538638	50.5976005
	11.1536185	50.5970582
	11.1535236	50.5962346
	11.1538479	50.5960438
	11.1549001	50.5960839
	11.1552007	50.5961994
	11.1554855	50.5962095
	11.1560235	50.5967518
	11.1569175	50.5971385
	11.157998	50.5989743
	11.1631936	50.597681
	11.1673643	50.5958456
	11.169456	50.5955941
	11.1712125	50.5953242
	11.1726558	50.5948484
	11.1720964	50.5939464
	11.1726446	50.5914677
	11.1735624	50.5905864
	11.1743008	50.5904373
	11.1755091	50.5893576
	11.1757349	50.5889911
	11.1756607	50.5885957
	11.1756496	50.5880061
	11.1762873	50.5874095
	11.175974	50.5871396
	11.1767348	50.586138
	11.1768802	50.5855768
	11.176459	50.5850186
	11.1766207	50.5848737
	11.1757934	50.584113
	11.1756412	50.5836118
	11.1758409	50.5833039
	11.1762413	50.5831469
	11.1770867	50.5828296
	11.1783374	50.5821721
	11.1789291	50.5813353
	11.1792653	50.5805412
	11.1793325	50.5799861
	11.1786332	50.5794994
	11.1783374	50.5793371
	11.1759168	50.5789528
	11.1745182	50.5789955
	11.1736137	50.5789202
	11.1726039	50.5785527
	11.1716587	50.5777342
	11.170793	50.5768233
	11.1694482	50.5747993
	11.1678597	50.5752603
	11.1656159	50.575766
	11.1638092	50.5762068
	11.163619	50.5760558
	11.1633623	50.5756814
	11.1626016	50.5752708
	11.1628583	50.5749447
	11.1641325	50.574063
	11.1654923	50.5735618
	11.1674417	50.5725714
	11.1677229	50.5724407
	11.1678703	50.5719758
	11.1677492	50.5715744
	11.1672113	50.5702164
	11.1668079	50.5700712
	11.1661893	50.5699345
	11.1654497	50.5694818
	11.1641291	50.5683654
	11.1632281	50.567776
	11.1625153	50.567161
	11.1626632	50.5670414
	11.1623011	50.5664477
	11.1631214	50.5658754
	11.1672072	50.5646487
	11.1680276	50.5652296
	11.1688479	50.5662034
	11.1688114	50.5664929
	11.1689043	50.5668921
	11.1692136	50.5674473
	11.1698053	50.5677035
	11.1704184	50.5683294
	11.1706201	50.5684917
	11.1708756	50.5685088
	11.1711714	50.5685429
	11.1714135	50.5690127
	11.1717497	50.5693885
	11.1719649	50.5700206
	11.1719111	50.5705074
	11.1715076	50.5710968
	11.1710773	50.5714982
	11.170647	50.5716775
	11.1702032	50.5717629
	11.1691139	50.5721473
	11.1689061	50.5724545
	11.1692294	50.5730463
	11.1691814	50.5732312
	11.1691221	50.5739157
	11.1702491	50.5754588
	11.1710754	50.5767721
	11.1728849	50.5785161
	11.174512	50.5788406
	11.1761276	50.5784142
	11.1768895	50.5783969
	11.1781535	50.5785848
	11.1795984	50.5790031
	11.1803174	50.5795378
	11.180489	50.5800544
	11.1803443	50.58122
	11.1799658	50.5816764
	11.1788496	50.5824193
	11.1779352	50.5831622
	11.1774239	50.5832655
	11.1766173	50.5835806
	11.1774809	50.5840926
	11.1771291	50.584316
	11.1785	50.585109
	11.1795893	50.5847418
	11.180749	50.5846781
	11.1831072	50.5850947
	11.1841818	50.5846962
	11.1856271	50.5834343
	11.1862423	50.5837926
	11.1857106	50.5844046
	11.1848352	50.5850157
	11.1837337	50.585378
	11.1831333	50.5853997
	11.1799217	50.5854569
	11.1787116	50.5861181
	11.1818777	50.5890517
	11.1817877	50.5902315
	11.1816129	50.5907437
	11.1813843	50.591162
	11.1809136	50.591845
	11.1807522	50.5927329
	11.1807791	50.5935524
	11.1810884	50.5944573
	11.1814515	50.5948671
	11.1828431	50.5966595
	11.1829382	50.5969553
	11.1833756	50.5973054
	11.1833661	50.5974865
	11.1835753	50.5976253
	11.1840032	50.5976374
	11.1848905	50.5976221
	11.1865391	50.5987755
	11.1869004	50.5989626
	11.1908163	50.6014945
	11.1903501	50.6018884
	11.1904478	50.6024804
	11.1912059	50.6029446
	11.1932117	50.6032865
	11.1936816	50.6032723
	11.1955337	50.6043255
	11.1960647	50.6050901
	11.1966017	50.6054522
	11.1968255	50.6057078
	11.1967807	50.6062688
	11.1964563	50.6068581
	11.1964526	50.6071581
	11.1971963	50.6075415
	11.1911962	50.6087744
	11.1902928	50.6106499
	11.1886611	50.6122685
	11.1881376	50.6134439
	11.1876255	50.6140343
	11.1866981	50.6146339
	11.1947174	50.6185702
	11.1943675	50.6189894
	11.1947345	50.6191627
	11.1941855	50.6199042
	11.1940004	50.6201484
	11.1939223	50.6205183
	11.1929616	50.6213726
	11.1911483	50.6217151
	11.1905081	50.6221538
	11.1900284	50.6219803
	11.1882442	50.6225587
	11.187604	50.6221742
	11.1852124	50.6230659
	11.1857432	50.6234522
	11.1847885	50.6242057
	11.1837625	50.6248336
	11.1829658	50.6251552
	11.1826388	50.6248921
	11.180539	50.6263449
	11.1796812	50.6272027
	11.1789569	50.626973
	11.1782831	50.6277265
	11.1766754	50.6278689
	11.1750338	50.6274937
	11.1745316	50.6276017
	11.1733195	50.6276288
	11.1705267	50.6273742
	11.1700464	50.6272028
	11.1682295	50.6271677
	11.1673332	50.6271948
	11.1666077	50.6269998
	11.1661365	50.6267087
	11.1644829	50.6260993
	11.1632515	50.625837
	11.161729	50.6255951
	11.1618498	50.625442
	11.1603529	50.6252046
	11.1596045	50.6252276
	11.1585197	50.6254066
	11.1565273	50.6260724
	11.1560288	50.6261307
	11.1558513	50.6262716
	11.1559358	50.6264401
	11.1561289	50.6264975
	11.1559599	50.6268588
	11.1556602	50.6271144
	11.1566597	50.627594
	11.1556725	50.6284936
	11.1556095	50.6288184
	11.1546438	50.6289868
	11.15433	50.6291936
	11.1540161	50.629676
	11.154161	50.6303881
	11.1527004	50.6310772
	11.1519278	50.631215
	11.1513766	50.6314793
	11.1509742	50.6317434
	11.150431	50.6318046
	11.1502861	50.6308552
	11.1507345	50.6300021
	11.1476536	50.6276192
	11.1466088	50.6239508
	11.1525203	50.6195031
	11.1505424	50.6194861
	11.1510634	50.6193483
	11.1511751	50.6189375
	11.1501204	50.6192053
	11.1487587	50.6194435
	11.148096	50.6197889
	11.1471363	50.6206559
	11.1452222	50.6213953
	11.1437231	50.6182682
	11.1429861	50.6158522
	11.1367309	50.6100888
	11.1360411	50.6065733
	11.1386649	50.6044058
	11.1384212	50.603426
	11.1383514	50.603236
	11.1391343	50.6032871
	11.13982	50.6034547
	11.1401636	50.6037943
	11.1408156	50.6044386
	11.1405525	50.6078514
	11.1407355	50.6083603
	11.1409994	50.6083744
	11.1413347	50.6089173
	11.1419957	50.6093223
	11.1425549	50.6028184
	11.1399237	50.6020421
	11.1394191	50.6019163
	11.1388891	50.6020871
	11.1385311	50.6023524
	11.1374922	50.6019905
	11.1367423	50.6019966
	11.1335174	50.6029055
	11.1326853	50.6030949
	11.1326661	50.6033756
	11.1321854	50.6031132
	11.1317319	50.6033178
	11.1313292	50.6033676
	11.1309767	50.6033107
	11.1305357	50.6030949
	11.1300146	50.6035877
	11.1295516	50.6034498
	11.1291265	50.6035647
	11.1292943	50.60376
	11.1282091	50.6044949
	11.1275434	50.6040937
	11.1252616	50.6048064
	11.1250765	50.6042464
	11.1250331	50.6035084
	11.1244009	50.6034303
END
2
	11.1522513	50.6143246
	11.1531321	50.6147341
	11.152999	50.6148288
	11.1531499	50.6149389
	11.1533083	50.6150627
	11.1535711	50.6152692
	11.1540169	50.6160612
	11.1544367	50.6173652
	11.1544636	50.6183379
	11.1543291	50.6195921
	11.1540467	50.6201041
	11.1535491	50.6204965
	11.1532412	50.6207317
	11.1529843	50.621017
	11.1528079	50.6213063
	11.152697	50.6215448
	11.152613	50.6218749
	11.1526347	50.6222285
	11.1526792	50.6224637
	11.1527826	50.6226807
	11.1532162	50.6221233
	11.1533815	50.6218262
	11.1534853	50.6215155
	11.1535491	50.6211528
	11.1535542	50.6209342
	11.1536256	50.620727
	11.1538572	50.6205705
	11.1539991	50.620363
	11.1542015	50.620145
	11.1544636	50.6199078
	11.1548805	50.6197116
	11.1553866	50.6195353
	11.1556531	50.6193819
	11.1558756	50.6191655
	11.1559476	50.6186823
	11.1559753	50.6176825
	11.1558488	50.6171655
	11.1553846	50.6165815
	11.1541609	50.6151907
	11.1532061	50.6145891
	11.1524261	50.6142478
	11.1522513	50.6143246
END
END
