6550294
1
	11.3519798	51.0216388
	11.3528467	51.0215831
	11.3601458	51.0195353
	11.3607265	51.0187677
	11.3732644	51.0200498
	11.3788466	51.0210883
	11.3783912	51.0220128
	11.3888243	51.0245649
	11.3885552	51.0252419
	11.3941748	51.027205
	11.394536	51.0335058
	11.3923831	51.0340526
	11.3883879	51.0325555
	11.3764437	51.035836
	11.3761125	51.037437
	11.3701714	51.0360442
	11.362388	51.0360963
	11.3624294	51.0353283
	11.3598833	51.0353283
	11.3568196	51.0341046
	11.357482	51.0324904
	11.3556396	51.0325165
	11.3567782	51.029379
	11.35624	51.026033
	11.3529693	51.0260981
	11.3519798	51.0216388
END
END
