6550734
1
	13.525794	54.4960633
	13.5272437	54.4949456
	13.5297097	54.4948769
	13.5363712	54.4930687
	13.5382194	54.4930191
	13.5390701	54.492096
	13.5371772	54.4916076
	13.5351936	54.4900398
	13.535631	54.4878693
	13.5373316	54.486023
	13.5347767	54.4850159
	13.533457	54.4839745
	13.5306986	54.4842301
	13.5285264	54.4842911
	13.5278665	54.4837685
	13.5268841	54.483078
	13.526825	54.4823609
	13.5266149	54.480451
	13.5277058	54.4800941
	13.5289713	54.4799296
	13.5295506	54.4799491
	13.5327059	54.4793355
	13.5329109	54.4791564
	13.5340118	54.4788831
	13.5346486	54.4785637
	13.5359508	54.4784078
	13.5365453	54.4783708
	13.5376374	54.4780619
	13.538267	54.4780342
	13.5382615	54.477857
	13.5386234	54.4776014
	13.5393287	54.4775423
	13.5393572	54.477353
	13.5399084	54.4772888
	13.5403041	54.4771605
	13.5408807	54.4772314
	13.5413214	54.4771769
	13.5412539	54.4770291
	13.5406752	54.476878
	13.5405453	54.4767432
	13.5409411	54.4767468
	13.5413297	54.4768411
	13.5419091	54.4768597
	13.542371	54.4766685
	13.5436578	54.4761155
	13.5451991	54.4758046
	13.5461338	54.4758447
	13.5469965	54.4754289
	13.5488347	54.4756203
	13.5517864	54.4776954
	13.5579452	54.4775238
	13.5608368	54.478878
	13.5651208	54.4782181
	13.568508	54.4781228
	13.5700787	54.4784394
	13.5753758	54.4778308
	13.5754753	54.4779435
	13.5757746	54.4781236
	13.5763233	54.4784631
	13.5765567	54.4786641
	13.5768293	54.4789198
	13.5770844	54.4791454
	13.5772059	54.4792111
	13.5773457	54.4792161
	13.5775095	54.4791825
	13.5776134	54.4792328
	13.5781221	54.4796959
	13.5784289	54.4799335
	13.5783916	54.4799481
	13.5784331	54.4799817
	13.5784869	54.4799646
	13.5785504	54.480038
	13.5784829	54.4800594
	13.5786381	54.4801021
	13.5796013	54.4795116
	13.5797052	54.4795673
	13.5788017	54.4801169
	13.5787869	54.4801431
	13.5809872	54.4813974
	13.5812234	54.4813452
	13.5821791	54.4807432
	13.5826362	54.4806489
	13.582746	54.4805731
	13.5831332	54.4807822
	13.5844627	54.479966
	13.5868722	54.4813005
	13.584713	54.4825985
	13.5853727	54.482936
	13.5850175	54.483235
	13.5853579	54.4834281
	13.5876761	54.4820075
	13.5877828	54.4819724
	13.5879429	54.4819939
	13.5880153	54.4820684
	13.5879807	54.4821541
	13.5855971	54.4835639
	13.5859228	54.4837487
	13.5864307	54.4835366
	13.5873074	54.4840263
	13.586822	54.4846142
	13.5871363	54.484748
	13.5898884	54.4826402
	13.5900239	54.4825793
	13.5902256	54.4825905
	13.5903211	54.4826842
	13.5902525	54.4828064
	13.5875102	54.4849072
	13.5878501	54.4850519
	13.5883392	54.4856092
	13.5890998	54.4859292
	13.5908862	54.4845669
	13.5914238	54.4848201
	13.5929944	54.4836459
	13.5932681	54.4835711
	13.5935597	54.4835438
	13.5939274	54.4835832
	13.5964095	54.4843329
	13.5981348	54.4825624
	13.598236	54.4825888
	13.5988567	54.4819025
	13.5992138	54.481223
	13.5993941	54.4806052
	13.599376	54.4799106
	13.5990573	54.4790601
	13.5975774	54.4764515
	13.5975748	54.476402
	13.597629	54.476372
	13.5977003	54.4763777
	13.5977571	54.476413
	13.5981874	54.4772036
	13.5992558	54.4790197
	13.5995501	54.4798923
	13.5996887	54.4811113
	13.6000926	54.4817421
	13.6005687	54.4822408
	13.6016446	54.4829717
	13.6018445	54.4831971
	13.6019091	54.4834293
	13.6018302	54.4837243
	13.5985678	54.4867164
	13.5974579	54.4878908
	13.5977814	54.4886313
	13.5980433	54.4889791
	13.5983559	54.4895542
	13.5990027	54.4897013
	13.6003522	54.4902211
	13.600954	54.4906471
	13.6012737	54.4911906
	13.601906	54.4916748
	13.6023399	54.4921019
	13.603094	54.4925667
	13.6033983	54.4928203
	13.6038637	54.493881
	13.6045214	54.4946625
	13.6049668	54.4949808
	13.60541	54.4954952
	13.6058068	54.4963292
	13.6066865	54.4973005
	13.6078689	54.49812
	13.6081966	54.4984122
	13.6089416	54.4988632
	13.6094995	54.4991969
	13.6109466	54.4996283
	13.6126561	54.4999893
	13.6149068	54.5006422
	13.6158299	54.5010805
	13.6188135	54.5017168
	13.6210783	54.5021034
	13.6218545	54.5023588
	13.6224474	54.5029369
	13.6232079	54.5030005
	13.6244596	54.5035217
	13.6250474	54.5038761
	13.6257131	54.504213
	13.6262273	54.5048929
	13.6269905	54.5056236
	13.6282793	54.5064331
	13.6295176	54.5062672
	13.6301682	54.5062921
	13.6319646	54.5074888
	13.6325586	54.5078628
	13.6328304	54.5079862
	13.6348139	54.5085725
	13.6353663	54.5084561
	13.6354184	54.5085185
	13.6359621	54.5083694
	13.6365453	54.5082259
	13.6365192	54.508199
	13.6369526	54.5080916
	13.6370772	54.5082271
	13.6359127	54.5085083
	13.6353012	54.5086793
	13.6341416	54.5091963
	13.6383938	54.511367
	13.6388391	54.5113031
	13.6385893	54.5109539
	13.6384074	54.5106555
	13.6383896	54.5105855
	13.6384043	54.5105395
	13.6384826	54.5105097
	13.6385597	54.5104994
	13.6386486	54.51052
	13.6392376	54.511463
	13.6393744	54.5115852
	13.6395534	54.5115651
	13.6392477	54.5108368
	13.6392299	54.5107691
	13.6392432	54.5107122
	13.6392892	54.5106245
	13.6393367	54.5105797
	13.6393921	54.5105579
	13.6394474	54.5105487
	13.6395186	54.5105441
	13.6395522	54.5105591
	13.6395443	54.5105901
	13.6394613	54.5106325
	13.6395186	54.5106291
	13.6395641	54.5106429
	13.6396036	54.5107485
	13.6396866	54.5108885
	13.6397361	54.5109551
	13.639646	54.5109772
	13.6396713	54.5110086
	13.6397102	54.5110068
	13.6397518	54.5110075
	13.6397858	54.5110173
	13.6398112	54.511032
	13.6399457	54.5112133
	13.6403213	54.511728
	13.6403254	54.5117524
	13.6403509	54.5117858
	13.6403982	54.5118087
	13.6404449	54.511845
	13.640493	54.5119119
	13.6406017	54.511886
	13.6405061	54.5117393
	13.6404146	54.5114525
	13.6404235	54.511443
	13.6404825	54.5114451
	13.6405204	54.5115111
	13.6405452	54.511498
	13.6405598	54.5114899
	13.6405904	54.5114832
	13.6406246	54.5114836
	13.6406742	54.511487
	13.6407208	54.5115022
	13.6407512	54.511531
	13.641019	54.5118487
	13.6412202	54.5117772
	13.6414577	54.5119582
	13.6430041	54.5131487
	13.6437422	54.5133826
	13.6441401	54.5121993
	13.6441935	54.5120007
	13.6436874	54.5118239
	13.6430247	54.5115732
	13.64308	54.5115165
	13.6442345	54.5119349
	13.6442898	54.5115206
	13.6443017	54.5114333
	13.6440266	54.5113402
	13.6437557	54.51123
	13.6434904	54.5110873
	13.643307	54.5109633
	13.6433682	54.5109355
	13.6434402	54.5108985
	13.6434847	54.5109473
	13.6435588	54.5110079
	13.6437151	54.5111062
	13.6438551	54.5111781
	13.6444544	54.5114087
	13.6443794	54.5118882
	13.6443319	54.5121109
	13.6442706	54.5122853
	13.6441006	54.5127674
	13.643895	54.5134285
	13.6449918	54.5137759
	13.6454439	54.5139191
	13.6460479	54.5141128
	13.6467046	54.5143233
	13.6467665	54.5143408
	13.6467428	54.5143883
	13.6467811	54.5143972
	13.6483798	54.5147331
	13.6487402	54.5147919
	13.6490296	54.5141588
	13.6497862	54.5142872
	13.649644	54.5145796
	13.6498372	54.5146091
	13.6501051	54.5146485
	13.650076	54.5147264
	13.6502324	54.5147514
	13.6502822	54.5147594
	13.6502305	54.5149136
	13.6503066	54.5149253
	13.6502895	54.5149985
	13.6503829	54.5150135
	13.6508215	54.5150851
	13.6507595	54.5138942
	13.6507209	54.5138164
	13.6506403	54.5137319
	13.6505034	54.5136599
	13.6482646	54.5128853
	13.647131	54.5124931
	13.6460499	54.5115676
	13.6453576	54.5110219
	13.6452142	54.5108816
	13.6451386	54.5108161
	13.645007	54.5107482
	13.6441505	54.5104066
	13.6421299	54.5097473
	13.6412987	54.5094866
	13.6406413	54.5092367
	13.639167	54.5084882
	13.6390173	54.5083679
	13.6383183	54.5076974
	13.6372207	54.5061745
	13.6371568	54.5059872
	13.6372605	54.5059398
	13.6373487	54.5059191
	13.6374255	54.5059252
	13.6375197	54.5060595
	13.6376743	54.5061212
	13.6378656	54.506436
	13.6383195	54.5069666
	13.6386804	54.5075528
	13.6390316	54.5077581
	13.6391374	54.5079899
	13.6393571	54.5082368
	13.639725	54.5084589
	13.6408362	54.5090285
	13.6412595	54.5092023
	13.6414774	54.5092382
	13.6416543	54.5092168
	13.6418115	54.509214
	13.6419726	54.5092495
	13.6420867	54.5093523
	13.6421383	54.5094593
	13.6422191	54.509519
	13.644291	54.5101948
	13.6454164	54.5106498
	13.6456759	54.5108171
	13.6461924	54.5113272
	13.6462828	54.5113434
	13.6463835	54.511369
	13.6464636	54.5114202
	13.6464916	54.5114817
	13.646494	54.5115616
	13.6465216	54.5116126
	13.6473469	54.5122956
	13.647475	54.512376
	13.6506502	54.5134739
	13.6509709	54.5136315
	13.6510954	54.5137693
	13.6511814	54.5139034
	13.6512733	54.5140391
	13.6520249	54.5148714
	13.6535026	54.5160647
	13.6538099	54.5162344
	13.6542248	54.5164634
	13.6545411	54.5164898
	13.6550113	54.5165099
	13.6558629	54.5165177
	13.656711	54.516619
	13.6575765	54.516764
	13.6583125	54.5169228
	13.6585469	54.5169972
	13.6600636	54.5176376
	13.6601635	54.5176951
	13.6606065	54.5180432
	13.6610856	54.5182995
	13.6613317	54.5184125
	13.6617042	54.5184771
	13.6624166	54.5186817
	13.663268	54.5188468
	13.6636709	54.5190471
	13.6639464	54.5191162
	13.6643705	54.5191844
	13.664981	54.5194381
	13.6654921	54.5197196
	13.6658981	54.5199899
	13.6663937	54.5201833
	13.6672014	54.5203858
	13.6677107	54.5204795
	13.6684694	54.5207916
	13.66898	54.52145
	13.6695309	54.5226485
	13.6698	54.52326
	13.6708845	54.5246843
	13.6709414	54.5247767
	13.67149	54.52532
	13.6717368	54.5256972
	13.6721415	54.526133
	13.672226	54.5262025
	13.672499	54.5265823
	13.672701	54.5272165
	13.6729415	54.5275466
	13.6733846	54.5279785
	13.6741953	54.5283313
	13.6751355	54.5287095
	13.6756363	54.5289915
	13.6760089	54.5292672
	13.6765542	54.529774
	13.6768895	54.5300262
	13.677039	54.530145
	13.6770803	54.5302502
	13.6770907	54.5306612
	13.6771909	54.530948
	13.6774456	54.5312875
	13.6777559	54.5315592
	13.678075	54.5318191
	13.6782936	54.5320211
	13.6785681	54.5325077
	13.6786068	54.5331724
	13.6785492	54.5337523
	13.6786775	54.5338835
	13.6789113	54.5341976
	13.6787029	54.5347972
	13.6789552	54.5352402
	13.6789036	54.5358668
	13.6787339	54.5363859
	13.6786108	54.5374779
	13.6786734	54.5383884
	13.6789129	54.5390317
	13.6791373	54.5392822
	13.6795064	54.5396075
	13.6795755	54.5400313
	13.6797285	54.540269
	13.6798652	54.5406099
	13.680369	54.5409103
	13.6806854	54.5414084
	13.6810294	54.5417783
	13.6810931	54.5422942
	13.6812683	54.5429484
	13.6811215	54.543815
	13.6806975	54.5446955
	13.6806014	54.5449732
	13.680453	54.5453147
	13.6799974	54.5458608
	13.6788854	54.5479081
	13.6785145	54.5484153
	13.6783157	54.5490942
	13.677978	54.5496386
	13.6777733	54.5501002
	13.6774516	54.5506281
	13.6770922	54.5515993
	13.67675	54.552154
	13.6766186	54.5524216
	13.6766017	54.5526289
	13.6766097	54.5527562
	13.6766574	54.5528723
	13.6767	54.5532477
	13.6763625	54.5538283
	13.6761881	54.5543396
	13.6762149	54.5546724
	13.6763309	54.5549096
	13.6765174	54.5552036
	13.6766282	54.5553643
	13.6764583	54.5557123
	13.6765909	54.5560834
	13.6770475	54.556413
	13.6772925	54.5567059
	13.6772704	54.5572796
	13.6773994	54.5574564
	13.6773917	54.5578696
	13.6770024	54.5583608
	13.6769597	54.5588327
	13.6771704	54.5592527
	13.6778405	54.5594728
	13.6780427	54.5598679
	13.6781524	54.5603122
	13.6782434	54.560537
	13.678243	54.5607162
	13.6783468	54.5609131
	13.6784953	54.5611523
	13.6786901	54.5613497
	13.6790378	54.5616964
	13.6792815	54.5618625
	13.6797367	54.5622224
	13.6797703	54.5623363
	13.6792403	54.5629666
	13.6789766	54.5632396
	13.6780748	54.56365
	13.6769787	54.5641863
	13.676787	54.564463
	13.6767239	54.5646447
	13.67688	54.5648225
	13.6766172	54.5651672
	13.676396	54.565292
	13.6758187	54.5657413
	13.6755911	54.5658997
	13.6754112	54.5660896
	13.6752586	54.5662342
	13.6747976	54.5666165
	13.6746112	54.5667579
	13.6744075	54.5668907
	13.6743331	54.5669567
	13.6731053	54.5678488
	13.6731396	54.5680134
	13.6729856	54.5682146
	13.6726617	54.5683365
	13.6724019	54.5683559
	13.6722329	54.5683901
	13.6718493	54.5684861
	13.6717137	54.5685453
	13.6708549	54.5688902
	13.6701975	54.5693686
	13.6699486	54.5695827
	13.6696446	54.5697332
	13.6694543	54.5698374
	13.6691888	54.5700725
	13.6689371	54.5703976
	13.6687853	54.5705548
	13.6685815	54.5707068
	13.6681733	54.5708897
	13.6676525	54.5710473
	13.6657556	54.5718203
	13.665415	54.5721502
	13.6647798	54.5724511
	13.6641919	54.5728031
	13.6632245	54.5733579
	13.662712	54.5737729
	13.6622948	54.5742332
	13.6622091	54.5746423
	13.6619504	54.574923
	13.6619249	54.5750938
	13.6617972	54.575249
	13.661344	54.5756051
	13.6604168	54.5759037
	13.6597062	54.5760156
	13.6581061	54.5764596
	13.6561323	54.5770073
	13.6550466	54.5772473
	13.6519329	54.5781618
	13.649152	54.5791245
	13.6471737	54.5799121
	13.6465791	54.5801488
	13.6445338	54.5813484
	13.6436991	54.5818376
	13.6418872	54.5830495
	13.6417469	54.5832666
	13.6408008	54.5837742
	13.6358996	54.5801849
	13.6301929	54.5751266
	13.6280498	54.5717735
	13.6254139	54.56987
	13.6201352	54.569664
	13.6202011	54.5667839
	13.6231355	54.5649033
	13.6271009	54.5642472
	13.6268324	54.5610959
	13.6267794	54.5604744
	13.6237875	54.5603664
	13.6180631	54.5598259
	13.6142834	54.5590325
	13.613949	54.5550881
	13.6153411	54.5532494
	13.6172344	54.5500526
	13.6175213	54.5497704
	13.6212674	54.5502052
	13.622705	54.5482822
	13.6226423	54.5469207
	13.616275	54.5460243
	13.6128665	54.5459404
	13.6110658	54.5429382
	13.6095286	54.5393867
	13.6083604	54.536541
	13.6114456	54.5364533
	13.6124449	54.537323
	13.616253	54.538475
	13.6163138	54.5391922
	13.619074	54.5389328
	13.619029	54.5383949
	13.6184958	54.5379333
	13.6179475	54.5374794
	13.616865	54.5365677
	13.6147014	54.5347443
	13.6083204	54.5323982
	13.6049461	54.5292626
	13.5980719	54.5283775
	13.5890705	54.527916
	13.5792313	54.5287323
	13.5765983	54.5268326
	13.5748022	54.5238266
	13.5697928	54.5232506
	13.5696726	54.5218124
	13.5675144	54.5218735
	13.565853	54.5204849
	13.563734	54.5173073
	13.5604696	54.5152321
	13.5601492	54.5150719
	13.558118	54.5129624
	13.5575446	54.5125732
	13.5569714	54.5121842
	13.5558252	54.5114098
	13.5575953	54.5066834
	13.5576943	54.5041657
	13.5573358	54.4998627
	13.56071	54.4995766
	13.5612659	54.4988403
	13.5608692	54.4977722
	13.5576972	54.4967843
	13.556286	54.4946671
	13.5536861	54.4931221
	13.5508385	54.4923058
	13.549387	54.4934235
	13.5460559	54.4944153
	13.5459425	54.4967575
	13.5400028	54.4996185
	13.5354683	54.5008278
	13.5307408	54.4998818
	13.525942	54.4978562
	13.525794	54.4960633
END
END
