6550406
1
	11.6002304	50.8125305
	11.6002447	50.812274
	11.6024687	50.8122668
	11.6032274	50.8104689
	11.6025056	50.8083187
	11.6028218	50.8052281
	11.6037545	50.8027289
	11.6081891	50.8006152
	11.6105771	50.7992919
	11.6102451	50.798138
	11.6093694	50.7974124
	11.6078191	50.7967132
	11.6071062	50.7959933
	11.6062161	50.7953985
	11.6084269	50.7956955
	11.6095679	50.7952328
	11.6092139	50.7949643
	11.6124173	50.7940022
	11.613542	50.7938845
	11.6142402	50.7955795
	11.6155498	50.7961724
	11.616947	50.7964184
	11.6217512	50.7967751
	11.6310902	50.7968678
	11.6311923	50.7983435
	11.6339222	50.7990989
	11.6320971	50.8021747
	11.632197	50.8043857
	11.6349959	50.8052701
	11.6380946	50.8066598
	11.6402937	50.8091864
	11.6401552	50.8108966
	11.6369797	50.8123898
	11.6229706	50.8120134
	11.6167034	50.8121194
	11.6107931	50.813882
	11.6002304	50.8125305
END
END
