6550511
1
	12.1980784	50.8406959
	12.2009216	50.8395961
	12.2049444	50.8372644
	12.208996	50.8387977
	12.2115645	50.8343773
	12.2144463	50.8333917
	12.2148219	50.8317694
	12.2211195	50.8333675
	12.2213118	50.8329774
	12.2297936	50.8350546
	12.2338817	50.8372857
	12.2356151	50.8348979
	12.236687	50.835242
	12.2377976	50.835236
	12.2437718	50.8328596
	12.2476206	50.8309971
	12.248342	50.83082
	12.2489099	50.8313485
	12.2488189	50.8317579
	12.2483525	50.8322823
	12.2497185	50.8330133
	12.2496492	50.8340567
	12.250252	50.8346601
	12.2509799	50.835637
	12.2518298	50.8359453
	12.2520971	50.8366732
	12.2491696	50.8403145
	12.2473858	50.8425395
	12.2480796	50.8429274
	12.2465899	50.8447163
	12.2480986	50.846793
	12.2501864	50.8491035
	12.2507566	50.8496397
	12.2516667	50.8497129
	12.2524941	50.8500367
	12.2526927	50.8499427
	12.2536193	50.8500576
	12.2557374	50.8503293
	12.2567678	50.850758
	12.2559277	50.8517344
	12.2566475	50.8525754
	12.2569288	50.8530507
	12.2571357	50.8537036
	12.257086	50.8538081
	12.2498651	50.8582015
	12.2480379	50.8594471
	12.2445159	50.8615521
	12.242281	50.862623
	12.2420119	50.8620764
	12.2453116	50.8603039
	12.2435096	50.8590483
	12.2420273	50.8598953
	12.2403082	50.8608506
	12.2395313	50.8602596
	12.2365593	50.8617145
	12.236571	50.8618106
	12.2344414	50.8625713
	12.2330139	50.8596613
	12.2299717	50.8588193
	12.228357	50.858679
	12.2253733	50.8586421
	12.2226703	50.858583
	12.220611	50.858871
	12.2198387	50.858871
	12.2189144	50.8590261
	12.2187857	50.858871
	12.217575	50.8589969
	12.2154811	50.857051
	12.2143873	50.8553908
	12.2139186	50.8554245
	12.2134661	50.8545511
	12.2114876	50.853884
	12.2109915	50.8526424
	12.2106067	50.8520344
	12.2099879	50.8510567
	12.2067559	50.8480518
	12.2051853	50.8467044
	12.2036565	50.8450105
	12.1980784	50.8406959
END
END
