6550677
1
	13.1689604	53.6708893
	13.1699054	53.6702394
	13.1698883	53.6700046
	13.1698071	53.6695412
	13.170538	53.6692946
	13.1708767	53.668368
	13.171993	53.6676609
	13.1738261	53.6656777
	13.1762102	53.6653697
	13.1787871	53.6633249
	13.1816938	53.6616312
	13.1861876	53.6609751
	13.1894356	53.6598039
	13.1939456	53.6591478
	13.1942192	53.6630961
	13.1943632	53.6692111
	13.2039097	53.6669833
	13.2063779	53.6665599
	13.2088468	53.6661364
	13.213782	53.6652896
	13.2253265	53.6655299
	13.2297808	53.6643321
	13.2357996	53.6638132
	13.2454231	53.6626612
	13.247959	53.6621462
	13.2492283	53.6618868
	13.2504966	53.6616312
	13.2525709	53.660432
	13.2531098	53.6601205
	13.255366	53.6579042
	13.2577456	53.6573014
	13.2607534	53.657042
	13.261279	53.6559472
	13.2636154	53.6548066
	13.2658337	53.6518692
	13.2662769	53.6493748
	13.2672157	53.6500391
	13.2682635	53.650787
	13.271282	53.6526149
	13.2717769	53.6529158
	13.2717759	53.6530038
	13.2718799	53.6531718
	13.2724228	53.6540217
	13.2722498	53.6549876
	13.2716608	53.6557155
	13.270261	53.6565054
	13.2695751	53.6574133
	13.270009	53.6583172
	13.270344	53.6593401
	13.270063	53.660129
	13.2703849	53.6607279
	13.2717257	53.6613849
	13.2745822	53.6617319
	13.2773898	53.6615489
	13.2776278	53.6615329
	13.2796904	53.6625478
	13.282363	53.6634977
	13.2844126	53.6640277
	13.294263	53.6670494
	13.2974165	53.6680874
	13.3009359	53.6692463
	13.305169	53.6705174
	13.3064276	53.6757992
	13.3037154	53.6800069
	13.3012663	53.6836728
	13.3010376	53.6870899
	13.3016073	53.6891274
	13.3040342	53.6917951
	13.3063656	53.6953227
	13.3083697	53.6974284
	13.3096089	53.6981741
	13.3127396	53.700476
	13.316794	53.7029346
	13.3112708	53.7027974
	13.3001225	53.7029326
	13.2897273	53.7030095
	13.2853081	53.7030464
	13.277772	53.7034903
	13.2665711	53.7042397
	13.2640145	53.7043991
	13.2623837	53.7044372
	13.2606917	53.7043794
	13.2598256	53.7041889
	13.2596386	53.7043316
	13.2587707	53.7046548
	13.2586852	53.7048369
	13.2587125	53.704991
	13.2587581	53.7052489
	13.2589015	53.7056436
	13.2589136	53.7058036
	13.2587144	53.705896
	13.2582945	53.7058924
	13.2580223	53.7059321
	13.2578871	53.7060554
	13.258094	53.7063286
	13.2581749	53.7071595
	13.2581258	53.7074021
	13.2579893	53.707484
	13.2578265	53.7074894
	13.2575416	53.7073298
	13.257187	53.7072261
	13.2567859	53.7072556
	13.2564966	53.7074157
	13.2563427	53.7076431
	13.2564769	53.7084584
	13.2566185	53.7087703
	13.2567846	53.7089421
	13.2570243	53.7091483
	13.2573143	53.7095284
	13.257351	53.7097203
	13.2573038	53.709967
	13.2568991	53.7110699
	13.2566577	53.7118966
	13.2566421	53.7122755
	13.2567567	53.7125351
	13.2572175	53.7129818
	13.2577963	53.7134085
	13.2587796	53.7143434
	13.259636	53.7147331
	13.259956	53.7147666
	13.2600947	53.7147182
	13.2602752	53.7143787
	13.2607226	53.7138511
	13.2609637	53.7137849
	13.2612574	53.7139842
	13.2616745	53.7148241
	13.2616297	53.7149477
	13.2614677	53.7150989
	13.2614529	53.7153968
	13.2616595	53.71557
	13.2623603	53.7159343
	13.2629783	53.7163198
	13.2633045	53.7167291
	13.2632135	53.7168758
	13.2626522	53.7172091
	13.2624416	53.7174908
	13.2624939	53.7176829
	13.2629308	53.7179462
	13.263275	53.7181354
	13.2637862	53.7186684
	13.2639686	53.7187476
	13.2645595	53.7187993
	13.2657547	53.7192061
	13.2664707	53.7198413
	13.2667492	53.7199927
	13.2697305	53.7204541
	13.2701135	53.7206252
	13.2702436	53.7207977
	13.2700768	53.7210623
	13.2697764	53.7212036
	13.2690002	53.7213948
	13.2687284	53.7216014
	13.2687657	53.7217117
	13.2699926	53.7222474
	13.269978	53.7224141
	13.2697498	53.7224918
	13.2690514	53.7225051
	13.2685943	53.7225861
	13.2685026	53.7227132
	13.2689304	53.7230477
	13.2696468	53.7232774
	13.2682546	53.7234382
	13.2673276	53.7233017
	13.2666646	53.7228287
	13.2642388	53.7230281
	13.2622685	53.7231115
	13.2571524	53.7235347
	13.2603938	53.7281107
	13.261445	53.7295947
	13.2630093	53.7310717
	13.2672557	53.7348454
	13.2672203	53.7354375
	13.2645864	53.73548
	13.26302	53.7360474
	13.2616349	53.7366204
	13.2570033	53.7364472
	13.2564175	53.7365538
	13.2574271	53.7393701
	13.2557072	53.7396525
	13.2541451	53.7405193
	13.2540561	53.7408733
	13.2516871	53.7410352
	13.2491873	53.7412998
	13.2460094	53.7430942
	13.2381741	53.7445845
	13.2351313	53.7451633
	13.2331531	53.7455395
	13.2334942	53.7450212
	13.2338783	53.744591
	13.2338869	53.7442642
	13.2335833	53.7433562
	13.2315373	53.743473
	13.2315116	53.7457254
	13.2309612	53.746554
	13.2302423	53.747014
	13.2282199	53.7474702
	13.2279174	53.7470768
	13.2272608	53.747264
	13.2272769	53.7478896
	13.2274797	53.7489148
	13.2257931	53.7497243
	13.2245689	53.7488818
	13.2234875	53.7483178
	13.2226731	53.7478509
	13.222436	53.7472405
	13.2233362	53.7459818
	13.2241516	53.7454329
	13.2235486	53.7435587
	13.222185	53.7432719
	13.2216711	53.7426767
	13.2195553	53.7418423
	13.2181853	53.7411056
	13.2169826	53.7407255
	13.2158399	53.7398219
	13.2135697	53.7350758
	13.2122412	53.732589
	13.2101687	53.7293986
	13.2072064	53.7235404
	13.2059297	53.7212861
	13.2040886	53.7180699
	13.2035018	53.7161347
	13.2032529	53.7149093
	13.2031735	53.7144496
	13.2017208	53.7143004
	13.202165	53.712473
	13.2027851	53.711751
	13.2027508	53.7109522
	13.2026724	53.7083918
	13.2028066	53.7068366
	13.2030211	53.7047554
	13.203034	53.70347
	13.2022712	53.7021617
	13.2007831	53.6997843
	13.1960513	53.7004769
	13.1905123	53.699363
	13.1853035	53.6944611
	13.1871182	53.6902648
	13.189	53.6869803
	13.1805839	53.6837797
	13.1697976	53.6815367
	13.1694476	53.6781835
	13.1709744	53.6762532
	13.1709298	53.6756352
	13.1709002	53.6750133
	13.1689604	53.6708893
END
END
