6550654
1
	14.571342	51.6142482
	14.5720646	51.6129199
	14.5722187	51.612174
	14.5733163	51.6098478
	14.5738985	51.6078849
	14.5746931	51.6065912
	14.5750227	51.6066155
	14.5757181	51.6059514
	14.5760962	51.6053801
	14.5768116	51.6046502
	14.5774968	51.6042489
	14.5792536	51.6044337
	14.5794376	51.6040211
	14.5823157	51.6042957
	14.5815996	51.6030548
	14.582039	51.6031818
	14.5830201	51.6041657
	14.5853957	51.6061308
	14.5865901	51.6039602
	14.58714	51.6038681
	14.5870894	51.603325
	14.5879349	51.60293
	14.5875618	51.6024656
	14.5915492	51.6006842
	14.5938474	51.6005711
	14.595901	51.6009819
	14.6002011	51.6016786
	14.6005396	51.601347
	14.6010691	51.6005038
	14.6029404	51.5988872
	14.6044283	51.5950926
	14.6058407	51.5929488
	14.6064766	51.5922574
	14.6068958	51.5912607
	14.6081739	51.5900826
	14.6104354	51.5902867
	14.6132162	51.5903697
	14.6182892	51.590702
	14.6247161	51.5905318
	14.6277623	51.5907701
	14.6355443	51.5919238
	14.6403812	51.592733
	14.6435065	51.5930537
	14.6431347	51.5944178
	14.6423988	51.5958272
	14.6421041	51.5967221
	14.6418961	51.598257
	14.6421996	51.5993254
	14.6422753	51.6009041
	14.643502	51.6034169
	14.6442898	51.6056307
	14.6440617	51.6086079
	14.6435944	51.6106261
	14.6428139	51.6123764
	14.6419864	51.6123351
	14.6405266	51.6157006
	14.6390774	51.6166655
	14.6323145	51.6168878
	14.629554	51.6166724
	14.6282748	51.6164678
	14.6279818	51.6190641
	14.6282811	51.6247203
	14.6229523	51.6272049
	14.6193754	51.6287402
	14.6141999	51.6307099
	14.6133337	51.6309297
	14.6125775	51.6309868
	14.6115861	51.6308218
	14.6073271	51.6272691
	14.6071545	51.6275756
	14.6059048	51.6291271
	14.6058028	51.6291561
	14.6057652	51.6292176
	14.6054691	51.6293876
	14.6050714	51.6295259
	14.6026367	51.6294823
	14.602414	51.6291096
	14.6007891	51.6288368
	14.5977845	51.6288051
	14.5977405	51.6283805
	14.5963813	51.6279745
	14.5956231	51.6276229
	14.5937375	51.6273421
	14.5931754	51.6273294
	14.5921637	51.6271517
	14.5913711	51.6268669
	14.5906173	51.6268691
	14.5897605	51.6267445
	14.5887062	51.6278963
	14.5877047	51.6290509
	14.5866728	51.6290012
	14.5886561	51.6307034
	14.5890535	51.6313045
	14.5893305	51.6320879
	14.588755	51.63196
	14.587064	51.6309911
	14.5833318	51.6296497
	14.5822407	51.629245
	14.5792203	51.6274808
	14.5786786	51.6262564
	14.5784631	51.6260992
	14.5740161	51.6259566
	14.5737126	51.6246735
	14.5739728	51.6238929
	14.5739067	51.6229314
	14.5744075	51.6204886
	14.5754193	51.6208312
	14.5760018	51.621269
	14.5762982	51.6216053
	14.5771552	51.6221579
	14.5771833	51.6216085
	14.5775537	51.6210475
	14.5769638	51.620054
	14.5765297	51.6199533
	14.5720046	51.6163901
	14.571342	51.6142482
END
END
