6550023
1
	10.1205768	50.5643757
	10.1207746	50.5642619
	10.1213135	50.5640022
	10.1224163	50.5635313
	10.1230667	50.5632124
	10.1232032	50.5631327
	10.1238689	50.5627754
	10.1244978	50.5624264
	10.1252412	50.5619949
	10.1260592	50.5615107
	10.1262775	50.5614005
	10.1264343	50.5612469
	10.1265875	50.5611072
	10.1267692	50.5609353
	10.1268223	50.5608392
	10.127064	50.5605301
	10.1272017	50.5602146
	10.127282	50.5599287
	10.1273163	50.5597139
	10.1272715	50.5594832
	10.1271838	50.5592663
	10.1268722	50.5588469
	10.1266438	50.5585687
	10.126507	50.5584708
	10.1263921	50.5584642
	10.1261859	50.5585284
	10.1261771	50.5585311
	10.1255691	50.5587817
	10.12529	50.558892
	10.124982	50.5589935
	10.1246881	50.5590331
	10.1245337	50.5590198
	10.1244579	50.5589514
	10.1243999	50.5588557
	10.1242373	50.5587303
	10.1240762	50.5586625
	10.1240538	50.5586532
	10.1237522	50.5586288
	10.1235153	50.5586294
	10.1233717	50.5586092
	10.1232032	50.5585889
	10.1229915	50.558532
	10.1227876	50.5584772
	10.1222263	50.5579682
	10.1227451	50.5574354
	10.1220294	50.556899
	10.1215479	50.5566022
	10.1211414	50.5562757
	10.1207205	50.555883
	10.1211995	50.5557499
	10.1216527	50.5556242
	10.1223944	50.5552605
	10.1232035	50.5548993
	10.1240636	50.5546319
	10.1246218	50.5544318
	10.1251623	50.5542543
	10.125581	50.5540843
	10.1258311	50.5539579
	10.1260701	50.5537997
	10.1267621	50.553254
	10.1272975	50.5528596
	10.1275366	50.5526922
	10.1277608	50.5524289
	10.1278768	50.5522666
	10.1282011	50.5518131
	10.1282773	50.5517083
	10.1283928	50.5515498
	10.1286557	50.5511882
	10.128876	50.5509112
	10.1291534	50.5505905
	10.1293268	50.550268
	10.1294822	50.5499271
	10.1296949	50.5496113
	10.129837	50.5494098
	10.1299756	50.5492381
	10.1302391	50.5489746
	10.1304336	50.548805
	10.1305492	50.5487041
	10.1308314	50.548539
	10.1310598	50.5483944
	10.1311852	50.548362
	10.1313359	50.548364
	10.1315192	50.5484023
	10.1317779	50.5484861
	10.1319474	50.548577
	10.1320878	50.5486339
	10.1325378	50.5483653
	10.1327913	50.548216
	10.1329157	50.5480719
	10.1329967	50.5478638
	10.133074	50.5476374
	10.133101	50.5474339
	10.1332001	50.5472395
	10.1333565	50.5470654
	10.133603	50.5469185
	10.1339357	50.5467897
	10.1342539	50.5466699
	10.1347049	50.5465317
	10.1350272	50.5464372
	10.1354464	50.5463812
	10.1358406	50.5463321
	10.1360304	50.546279
	10.1361348	50.5462407
	10.1362088	50.5462134
	10.1362558	50.5461962
	10.1364232	50.5460358
	10.1366511	50.5458067
	10.1368426	50.5455296
	10.1369484	50.5453101
	10.1370396	50.5450151
	10.137088	50.544775
	10.1371175	50.5444186
	10.1371509	50.5441454
	10.1371512	50.544142
	10.1370851	50.5439458
	10.1370377	50.5438452
	10.1370613	50.5436419
	10.137103	50.5434567
	10.137123	50.5432625
	10.1371396	50.5431071
	10.1371422	50.5429609
	10.1371953	50.542883
	10.137249	50.5428371
	10.1373673	50.5428436
	10.1374057	50.5428843
	10.1374578	50.5429393
	10.1374564	50.5429835
	10.1374519	50.5431245
	10.1374205	50.5433405
	10.1374179	50.5433577
	10.1374122	50.5435541
	10.1374115	50.5435607
	10.1373887	50.5437763
	10.1373854	50.5438078
	10.1373793	50.5439472
	10.1373978	50.5440226
	10.1374663	50.5440474
	10.1375773	50.544022
	10.1377025	50.5440012
	10.1378713	50.544019
	10.1380472	50.5440368
	10.1381368	50.5440251
	10.1382084	50.5440158
	10.1382292	50.5440042
	10.1383229	50.5439515
	10.1383428	50.5439329
	10.1384617	50.5438231
	10.1385825	50.5436652
	10.1386706	50.5434753
	10.1387481	50.5432945
	10.1389013	50.5431434
	10.1390548	50.5430515
	10.1392446	50.5430053
	10.1393782	50.5429957
	10.1396747	50.5429744
	10.1397158	50.5429726
	10.1418694	50.5428769
	10.1422273	50.542857
	10.1422796	50.5428541
	10.1423102	50.5428524
	10.1432534	50.5428
	10.1440062	50.5427454
	10.1441785	50.5427448
	10.1442679	50.5427127
	10.144314	50.5426531
	10.1443819	50.5426232
	10.1444828	50.5426709
	10.1446138	50.5427577
	10.1446713	50.5427959
	10.1447712	50.542862
	10.1449071	50.5428814
	10.1453351	50.5429427
	10.1459419	50.5430302
	10.1462941	50.5431
	10.146499	50.5431816
	10.146701	50.5432975
	10.1469317	50.5434615
	10.1471924	50.5437555
	10.147446	50.5440632
	10.1475764	50.5442479
	10.1476417	50.5443414
	10.1476351	50.5444122
	10.1474995	50.544488
	10.1471991	50.5446258
	10.1471626	50.5446583
	10.1469569	50.5448413
	10.1467153	50.5451299
	10.1466088	50.5452833
	10.1465775	50.5453999
	10.1466401	50.5456053
	10.1467281	50.5458496
	10.1467722	50.5460026
	10.1468089	50.5460938
	10.1470358	50.5462165
	10.1472055	50.5463463
	10.147523	50.5465693
	10.1477831	50.5467924
	10.1479897	50.5470707
	10.1480878	50.5472326
	10.1482615	50.5474171
	10.1484349	50.5475834
	10.1485045	50.54775
	10.1485806	50.5478458
	10.1487318	50.5479231
	10.1488688	50.5480003
	10.1489841	50.5480663
	10.149035	50.5481552
	10.149151	50.5483125
	10.1492703	50.5484288
	10.1494257	50.5485654
	10.149624	50.548695
	10.1499082	50.5487902
	10.1499247	50.5488023
	10.1500636	50.5489033
	10.1501174	50.5489426
	10.1497315	50.5491379
	10.1496949	50.5491556
	10.149535	50.5492321
	10.1493491	50.5493241
	10.1492669	50.5493563
	10.1492001	50.549366
	10.1491236	50.5493772
	10.1489408	50.5493939
	10.1488007	50.5493942
	10.1486827	50.549422
	10.1485934	50.5494725
	10.1485221	50.5495321
	10.1483625	50.5496232
	10.1483614	50.549624
	10.148204	50.549693
	10.1480679	50.549723
	10.1479377	50.5497471
	10.1478924	50.5497555
	10.1477636	50.549781
	10.147538	50.5498272
	10.1476677	50.5499337
	10.1477544	50.5500048
	10.1481585	50.5502596
	10.148407	50.5504212
	10.1486777	50.5506123
	10.1488796	50.5507533
	10.1491682	50.5509444
	10.1495687	50.5512266
	10.1499258	50.5514701
	10.1501476	50.5515898
	10.1501722	50.5516031
	10.1502249	50.5516315
	10.1503909	50.5517635
	10.1504924	50.5518912
	10.1506337	50.5520576
	10.1507275	50.5521827
	10.1508105	50.5522779
	10.148962	50.5546797
	10.1478398	50.5556716
	10.1462075	50.5574494
	10.1428796	50.558346
	10.1382708	50.5602951
	10.1336721	50.5623089
	10.1318179	50.564811
	10.124651	50.564475
	10.1226531	50.5645403
	10.1206103	50.5646211
	10.1206086	50.5645367
	10.1205768	50.5643757
END
END
