6550781
1
	12.6171453	50.9813007
	12.6173328	50.9807039
	12.6176557	50.9807039
	12.6174474	50.9803956
	12.6176036	50.9801202
	12.6174369	50.9793463
	12.6176974	50.9786183
	12.6184474	50.9781986
	12.619239	50.9779493
	12.6199161	50.9776936
	12.6203953	50.977523
	12.620812	50.9774246
	12.6212182	50.9770377
	12.6211661	50.9764408
	12.6215412	50.975739
	12.6216735	50.9747862
	12.6217495	50.974237
	12.6217391	50.9726169
	12.6218016	50.9708393
	12.6219057	50.966759
	12.6216245	50.9661358
	12.6222599	50.9643514
	12.6222807	50.9633607
	12.6227807	50.963341
	12.6234474	50.9627506
	12.6239683	50.961399
	12.6244683	50.9596669
	12.6246558	50.9584596
	12.6239266	50.9583743
	12.6238641	50.9571211
	12.6247599	50.9571277
	12.6253224	50.9553757
	12.6258261	50.9535767
	12.6264579	50.9508019
	12.6273225	50.9507231
	12.6285412	50.9486953
	12.6292496	50.9480259
	12.6293121	50.9474877
	12.6296767	50.9465952
	12.6294457	50.9455166
	12.6293121	50.9444425
	12.62976	50.9425194
	12.6257389	50.9423849
	12.6257237	50.9415778
	12.6253365	50.941285
	12.6242853	50.9409085
	12.6240197	50.9403228
	12.6241956	50.9398426
	12.6242189	50.9397789
	12.6249713	50.939751
	12.6263213	50.9392839
	12.6276269	50.9394303
	12.6299396	50.9399253
	12.6316768	50.9401345
	12.6343142	50.9379675
	12.635387	50.9368917
	12.6364348	50.9355255
	12.6377516	50.9330638
	12.6422108	50.9334474
	12.6427198	50.9332382
	12.6420781	50.9323456
	12.641724	50.9324013
	12.642067	50.9315366
	12.6420006	50.9286982
	12.6432067	50.9281263
	12.6441915	50.9272684
	12.6450325	50.9261455
	12.6457738	50.9260688
	12.6470906	50.9259223
	12.6487836	50.9255876
	12.649879	50.9251133
	12.6512049	50.9247221
	12.6513869	50.9246312
	12.6527449	50.9242066
	12.6565622	50.9240893
	12.657809	50.9246542
	12.6595497	50.9240243
	12.6601115	50.9238221
	12.6707192	50.9198088
	12.67279	50.9159333
	12.6751626	50.9156164
	12.6750826	50.9146935
	12.6749287	50.9129427
	12.6738749	50.9123587
	12.6737281	50.9122228
	12.6734509	50.9118588
	12.67317	50.9114548
	12.673174	50.9106229
	12.673354	50.9106649
	12.6739229	50.9108259
	12.6755636	50.9118478
	12.6765655	50.9115078
	12.6771324	50.9113978
	12.6814418	50.910539
	12.6828106	50.9093831
	12.6844244	50.9090132
	12.6859512	50.9086662
	12.6864901	50.9083153
	12.6935471	50.9037488
	12.694349	50.9051417
	12.6959359	50.9059605
	12.6971445	50.9061814
	12.6978805	50.9069595
	12.6986506	50.9072916
	12.6991882	50.9076404
	12.7000401	50.9077564
	12.701981	50.9078721
	12.702581	50.9078455
	12.7042116	50.9082673
	12.7049133	50.9086466
	12.7057111	50.9084858
	12.7047379	50.9068925
	12.7040613	50.90645
	12.7025984	50.9053077
	12.7048686	50.904588
	12.7083216	50.9036528
	12.7079331	50.9034157
	12.7076324	50.9031787
	12.7076074	50.9029337
	12.7078204	50.902752
	12.708923	50.9028152
	12.7093867	50.9026887
	12.709477	50.9025686
	12.7100562	50.9027225
	12.7102228	50.9028062
	12.7101109	50.9030379
	12.7102195	50.9031071
	12.710678	50.9030261
	12.7108164	50.9029204
	12.7112128	50.9029866
	12.7118088	50.902831
	12.712071	50.9029721
	12.7122454	50.9031413
	12.7129784	50.9030768
	12.71323	50.9029207
	12.713418	50.9029207
	12.7134368	50.9028496
	12.7132488	50.9026442
	12.7131486	50.9024861
	12.7132879	50.9023264
	12.714151	50.9023281
	12.7143076	50.9024308
	12.7144516	50.9024318
	12.7147901	50.9021661
	12.7149968	50.9021661
	12.7152662	50.9022649
	12.7155043	50.9022925
	12.7158865	50.9020555
	12.7160682	50.9020239
	12.7163877	50.9021029
	12.7173198	50.9018806
	12.7178257	50.9018568
	12.7183174	50.9015892
	12.7187622	50.9015971
	12.7200591	50.9023795
	12.7202103	50.9026024
	12.7209738	50.9025019
	12.7215752	50.902494
	12.7219198	50.9026758
	12.7222644	50.9027113
	12.7225526	50.9026205
	12.7236389	50.902764
	12.7248345	50.9029509
	12.7254101	50.9030476
	12.72588	50.9031505
	12.7264508	50.903438
	12.7290971	50.9052014
	12.7306387	50.9065703
	12.7318836	50.9080997
	12.732999	50.9078147
	12.7365486	50.9068776
	12.7398142	50.9051449
	12.743371	50.9063971
	12.7506719	50.9085425
	12.7523021	50.9091906
	12.7545704	50.9103303
	12.7571576	50.9112912
	12.7588942	50.9133247
	12.7598157	50.9137716
	12.7613554	50.9143413
	12.7668938	50.9154947
	12.7679464	50.9163795
	12.7677459	50.9165691
	12.7688235	50.9185282
	12.7697617	50.9194847
	12.7700706	50.920598
	12.7694441	50.9207346
	12.7690739	50.9210782
	12.7677575	50.9215016
	12.7671331	50.921131
	12.7667104	50.9212642
	12.7664422	50.9215604
	12.76563	50.9217978
	12.7656343	50.9219987
	12.7651064	50.9221671
	12.7652609	50.9230618
	12.7643264	50.9232762
	12.7642202	50.9237659
	12.7637095	50.9238694
	12.7626989	50.9231816
	12.7613985	50.9237564
	12.7599802	50.9244374
	12.7605831	50.9251502
	12.7618481	50.9271797
	12.7618931	50.9293321
	12.7607645	50.9293098
	12.7582539	50.9289663
	12.7586297	50.9300416
	12.7567751	50.9303087
	12.7568934	50.9310747
	12.7570268	50.9314544
	12.7573739	50.9317272
	12.7576392	50.9321454
	12.7576419	50.9326719
	12.7583158	50.9326123
	12.7585183	50.9325345
	12.7585874	50.932715
	12.7586665	50.932771
	12.7585331	50.9330356
	12.7585232	50.9331476
	12.758395	50.9333283
	12.7584073	50.9346739
	12.7580629	50.935918
	12.7580747	50.9368057
	12.7570308	50.937419
	12.7552091	50.9381052
	12.7555556	50.9383033
	12.7559334	50.9386495
	12.7557659	50.9391234
	12.7527597	50.9401524
	12.7522897	50.9397433
	12.7506321	50.9390409
	12.75013	50.9390456
	12.7495968	50.9394709
	12.7495013	50.9400834
	12.7455263	50.9439178
	12.743935	50.9475376
	12.7436846	50.9484976
	12.7428896	50.9492268
	12.7423106	50.9495903
	12.7406164	50.950457
	12.7395673	50.9514053
	12.73843	50.9526027
	12.739419	50.9527203
	12.7404506	50.9527773
	12.7427496	50.9561336
	12.7412096	50.9565651
	12.7419486	50.9576451
	12.7373523	50.9586315
	12.7341612	50.954081
	12.7329926	50.9548386
	12.7325565	50.9554259
	12.7325589	50.9563994
	12.7319774	50.956693
	12.7315688	50.9566316
	12.7310243	50.9567315
	12.7305559	50.9566341
	12.7303245	50.9563239
	12.7294931	50.9562122
	12.7289483	50.9560257
	12.7282067	50.9559872
	12.7274686	50.9552903
	12.7249919	50.9529213
	12.7243653	50.9525975
	12.7171797	50.9484025
	12.7167091	50.9491381
	12.7165185	50.9492523
	12.7163856	50.949363
	12.7162456	50.949416
	12.7152231	50.9502722
	12.7096351	50.9549154
	12.7019668	50.9565861
	12.6944258	50.9576504
	12.6943425	50.9591194
	12.691649	50.959184
	12.6921491	50.961314
	12.6937317	50.9637621
	12.6957307	50.9718574
	12.6966629	50.9734889
	12.6991178	50.9764028
	12.7030603	50.97892
	12.7036542	50.9811682
	12.7046424	50.9806893
	12.7060862	50.980532
	12.7163301	50.9799864
	12.7163925	50.9802985
	12.7172812	50.9807852
	12.7178703	50.9810196
	12.7193202	50.9813044
	12.7204667	50.9817207
	12.7212174	50.9818667
	12.7226014	50.9819594
	12.7232297	50.9820212
	12.724064	50.982188
	12.7253499	50.9824661
	12.7261254	50.9826886
	12.7261058	50.9828616
	12.7255168	50.9846722
	12.7259978	50.9851666
	12.7266554	50.9855559
	12.7264002	50.985766
	12.7271622	50.9861788
	12.7279746	50.9864153
	12.728809	50.9867202
	12.7297106	50.9871398
	12.7308183	50.9874779
	12.7317247	50.987659
	12.7326753	50.987899
	12.7321296	50.9883682
	12.7317837	50.9887823
	12.7316413	50.9890982
	12.7310445	50.9899221
	12.7319194	50.991335
	12.7317067	50.9933595
	12.7312817	50.9957793
	12.7310382	50.996984
	12.731011	50.9971334
	12.7310517	50.9976072
	12.7311535	50.997748
	12.7312891	50.9978803
	12.7315248	50.9980129
	12.7318202	50.9981684
	12.7315295	50.9984838
	12.7312578	50.9987021
	12.7308609	50.9989572
	12.7306394	50.9992412
	12.730489	50.9994989
	12.7303385	50.9997882
	12.7302007	50.9999802
	12.7300001	51.0001537
	12.7297315	51.0003063
	12.7292605	51.0003588
	12.7287793	51.0004514
	12.7277854	51.0006297
	12.7269037	51.0008401
	12.7261025	51.0011961
	12.7250926	51.0015429
	12.7246139	51.0016291
	12.7238116	51.0016368
	12.7232057	51.0017473
	12.7219228	51.0016447
	12.7207269	51.0015045
	12.7202295	51.0014181
	12.7192945	51.0015974
	12.7181158	51.0017163
	12.7176899	51.001863
	12.7174202	51.0020351
	12.7169461	51.00231
	12.7167053	51.0025244
	12.7157594	51.0031146
	12.7147231	51.0037957
	12.7141256	51.0041401
	12.7119664	51.004992
	12.7102269	51.0054575
	12.7095004	51.0058108
	12.7091697	51.0059229
	12.7088904	51.0060688
	12.7087561	51.0061884
	12.7086641	51.0063567
	12.7084636	51.0064724
	12.706157	51.0069693
	12.706075	51.0068194
	12.7060057	51.0066032
	12.7057349	51.0062095
	12.7051332	51.0056652
	12.7043351	51.0050026
	12.7037581	51.004544
	12.7022918	51.0032882
	12.7012053	51.0023363
	12.7001972	51.0012697
	12.6986325	50.9995266
	12.6984174	50.9993053
	12.6974897	50.9982507
	12.696725	50.9973592
	12.6958099	50.9963572
	12.6953388	50.9958796
	12.6946821	50.9951819
	12.6939138	50.9944864
	12.6927792	50.9935454
	12.691556	50.9923812
	12.6913373	50.9921022
	12.6910832	50.9918865
	12.6908823	50.9916447
	12.6907582	50.9913918
	12.6905613	50.9911253
	12.6903591	50.9908817
	12.6900432	50.9904395
	12.6895146	50.9898116
	12.6890208	50.9892567
	12.6885776	50.9887247
	12.6880917	50.988063
	12.687841	50.9876001
	12.6873981	50.9870109
	12.6870303	50.9861744
	12.6863338	50.9850434
	12.6842637	50.9854508
	12.6828827	50.9855404
	12.6811823	50.9858692
	12.6770393	50.9865918
	12.6758433	50.9867012
	12.6743846	50.9869817
	12.6719311	50.9874081
	12.6705091	50.9875771
	12.6693434	50.9876425
	12.6676253	50.9875234
	12.6670065	50.9866449
	12.6660232	50.9857714
	12.6646378	50.9847225
	12.6634972	50.983816
	12.6587228	50.9840307
	12.6584519	50.9839808
	12.6514839	50.9827179
	12.650413	50.9825238
	12.6479195	50.982302
	12.6443931	50.9832977
	12.6408904	50.9843626
	12.6378509	50.9843626
	12.6372941	50.9818028
	12.6371352	50.981066
	12.6338426	50.979685
	12.631179	50.9796733
	12.6286193	50.9796621
	12.6276784	50.979659
	12.6212225	50.980376
	12.6209734	50.9804449
	12.6171453	50.9813007
END
END
