6550537
1
	13.6883224	54.3450751
	13.6899246	54.3436272
	13.6906077	54.3405106
	13.7148623	54.3398029
	13.7183672	54.3396753
	13.7230577	54.3403126
	13.7272237	54.3391753
	13.727287	54.339158
	13.7303814	54.3350559
	13.7169038	54.3279373
	13.7171172	54.3270498
	13.7175707	54.3266742
	13.7201818	54.3269207
	13.721201	54.3267361
	13.7219145	54.3264374
	13.7225421	54.325502
	13.7214692	54.3240254
	13.72172	54.3237993
	13.7222498	54.3239127
	13.725109	54.3238627
	13.725852	54.3248343
	13.7288775	54.3245619
	13.7311137	54.3242663
	13.7316624	54.3254942
	13.7325307	54.3271742
	13.7334921	54.3292389
	13.7347721	54.3306905
	13.7367692	54.3329924
	13.7378734	54.3338569
	13.7396108	54.3352468
	13.7401092	54.3355011
	13.7415624	54.3363012
	13.7431239	54.3366981
	13.7444123	54.3372662
	13.7448834	54.3372299
	13.7454721	54.3372305
	13.7458972	54.3373814
	13.7463234	54.337488
	13.7468356	54.3375295
	13.7473851	54.3374522
	13.7481542	54.3373316
	13.7488461	54.3372533
	13.7492829	54.337509
	13.7503242	54.3379241
	13.7514609	54.3383139
	13.7521508	54.3385113
	13.7528165	54.3386392
	13.7541644	54.3387913
	13.7544144	54.3389023
	13.7553209	54.3388413
	13.7571956	54.3393885
	13.758422	54.3395339
	13.7588548	54.3396594
	13.7593941	54.3396958
	13.7605765	54.3396333
	13.7618661	54.3396958
	13.762124	54.3397027
	13.7624454	54.339638
	13.7647544	54.3396729
	13.7655767	54.3399488
	13.7658382	54.3398781
	13.7663839	54.3405131
	13.7665208	54.3411669
	13.7661849	54.341657
	13.7657858	54.3418929
	13.7655307	54.3419849
	13.7648088	54.3419943
	13.7638242	54.3418798
	13.7638455	54.341832
	13.7642413	54.3417985
	13.7634575	54.3416429
	13.7634656	54.3415625
	13.7637314	54.341588
	13.7637711	54.3415128
	13.7636541	54.3413995
	13.7633187	54.3413002
	13.7628064	54.3412903
	13.7603772	54.3416297
	13.7561082	54.342704
	13.7553112	54.3428328
	13.75212	54.34353
	13.74937	54.34419
	13.7478027	54.3445725
	13.7463883	54.3450538
	13.7456705	54.3453833
	13.7438291	54.3461615
	13.7426039	54.3467457
	13.7416062	54.3471184
	13.7407011	54.3475197
	13.7385216	54.3486022
	13.7365837	54.3496124
	13.7358633	54.3500038
	13.7350382	54.3505224
	13.7348752	54.3508126
	13.7347195	54.3510322
	13.7342701	54.3511755
	13.7334398	54.3515469
	13.733033	54.3518028
	13.7322665	54.3522502
	13.7319345	54.3525176
	13.7316173	54.3528498
	13.7310765	54.3530702
	13.7303331	54.3533347
	13.7297534	54.3535955
	13.7292671	54.3538975
	13.7277231	54.354846
	13.7252325	54.3565331
	13.7236037	54.3576313
	13.7222115	54.3585346
	13.7218041	54.3588728
	13.7206326	54.3597874
	13.7143519	54.359248
	13.708994	54.3567373
	13.7026092	54.3562429
	13.70301	54.3522762
	13.6920944	54.3516373
	13.69138	54.3462411
	13.6883224	54.3450751
END
END
