6550667
1
	14.0509722	53.4136848
	14.0537289	53.4092714
	14.0536596	53.4089463
	14.0516383	53.4032412
	14.051825	53.4030903
	14.0518073	53.4021195
	14.0664468	53.3976304
	14.0671586	53.3972487
	14.0684783	53.3970722
	14.0705747	53.3959641
	14.0712742	53.39508
	14.0712785	53.3938274
	14.0705661	53.3921076
	14.0707692	53.391229
	14.0725336	53.3911816
	14.074077	53.3913168
	14.0741806	53.3917709
	14.0764989	53.3919938
	14.0779476	53.3919963
	14.080589	53.3921473
	14.0807951	53.3914561
	14.0811687	53.3890838
	14.082095	53.3869044
	14.0816393	53.3850319
	14.0830205	53.3812303
	14.0841907	53.3805146
	14.0851834	53.3795935
	14.0917223	53.3769692
	14.092148	53.3765498
	14.0927362	53.3762927
	14.0934131	53.376274
	14.0948534	53.375693
	14.0987329	53.3748996
	14.0974651	53.3736651
	14.0957226	53.3738184
	14.0942082	53.3733318
	14.0933866	53.3733287
	14.0927684	53.3731257
	14.0918097	53.3722639
	14.0913108	53.3710299
	14.090141	53.3700661
	14.0905293	53.3696518
	14.0914844	53.3691491
	14.0941326	53.3684987
	14.0953996	53.3662079
	14.0959037	53.3660545
	14.0958661	53.365594
	14.0966566	53.3653469
	14.0966755	53.3645831
	14.0973314	53.3644864
	14.0989522	53.3642951
	14.0991413	53.3633902
	14.1001455	53.362919
	14.1001155	53.3622979
	14.1007077	53.362079
	14.1007377	53.3618613
	14.1010639	53.3604258
	14.1024351	53.3591683
	14.1024511	53.35882
	14.1022913	53.3585581
	14.1027376	53.358172
	14.102199	53.3577225
	14.101478	53.3573319
	14.1022784	53.3567313
	14.1022996	53.3556472
	14.0995769	53.3572089
	14.0982894	53.3566096
	14.0962381	53.3557221
	14.0950944	53.3553686
	14.09241	53.3549024
	14.0918779	53.3543133
	14.0923156	53.3530056
	14.0921718	53.3515558
	14.0923478	53.3512586
	14.0942537	53.3511967
	14.0956822	53.3510009
	14.0969226	53.3508308
	14.097238	53.3502442
	14.0982437	53.3501414
	14.1030508	53.3501739
	14.1034954	53.3491076
	14.1043939	53.3474202
	14.1051706	53.3459614
	14.1055471	53.3456467
	14.1057395	53.3448738
	14.1057541	53.3448152
	14.1072324	53.3448495
	14.1071723	53.3441411
	14.1069562	53.3433065
	14.1080198	53.3431705
	14.1083396	53.3427602
	14.1088487	53.3409711
	14.1093608	53.3404915
	14.1103402	53.3400476
	14.1111769	53.340465
	14.1123849	53.3407772
	14.1126376	53.3416186
	14.1126687	53.3424392
	14.1151296	53.3423921
	14.1168525	53.3424969
	14.1224827	53.3424127
	14.1225125	53.3430275
	14.1232767	53.3434277
	14.1251389	53.3439725
	14.1311644	53.3463518
	14.1315252	53.3442366
	14.131463	53.3438484
	14.1310038	53.3433603
	14.1317462	53.3417039
	14.1322909	53.3416913
	14.1328749	53.3407635
	14.1327019	53.3399071
	14.1323106	53.3393991
	14.1338397	53.3388032
	14.1339414	53.3387636
	14.1355121	53.3381666
	14.1376771	53.3376797
	14.1378703	53.3372608
	14.1412819	53.3363086
	14.1422498	53.3360384
	14.1608921	53.3307783
	14.1673437	53.3267674
	14.1746659	53.3218523
	14.184986	53.3281548
	14.1900865	53.3317929
	14.1957384	53.3357677
	14.1991609	53.3382648
	14.2035833	53.340831
	14.206302	53.3426041
	14.2123424	53.3479318
	14.2143551	53.3501477
	14.2199341	53.3548418
	14.2271353	53.3627687
	14.2309118	53.3677789
	14.2317401	53.3694075
	14.2330361	53.3715762
	14.2366582	53.3793605
	14.2378105	53.3812868
	14.2385634	53.3824611
	14.2415462	53.3871126
	14.2430376	53.3907265
	14.2437564	53.3946138
	14.2433787	53.3955581
	14.2432886	53.3988217
	14.2430633	53.3997787
	14.2428058	53.4010472
	14.2418831	53.4042946
	14.2418188	53.4057293
	14.2415398	53.4067942
	14.2396	53.4100911
	14.238009	53.4136032
	14.2374489	53.414219
	14.2375476	53.4149084
	14.2383641	53.4164916
	14.2393104	53.4180358
	14.2397653	53.4183498
	14.2397524	53.4188312
	14.2402191	53.419477
	14.2404198	53.4199884
	14.2410002	53.4204578
	14.2412394	53.4210966
	14.2423338	53.4219245
	14.2420977	53.4224974
	14.241218	53.4227991
	14.2407888	53.423099
	14.2401247	53.4239953
	14.2396236	53.4244371
	14.2394992	53.4250189
	14.2389477	53.4254012
	14.2378491	53.4266056
	14.2377204	53.4275345
	14.23695	53.4277384
	14.2355746	53.4289095
	14.233107	53.4280612
	14.2248157	53.4342922
	14.2172057	53.4307939
	14.2153035	53.4299725
	14.2122286	53.4267398
	14.2125805	53.4265417
	14.2118124	53.4258736
	14.210939	53.425389
	14.2059029	53.4230204
	14.2040028	53.4234967
	14.1986223	53.4229392
	14.1955174	53.4225869
	14.1915027	53.4221112
	14.1894041	53.422108
	14.186562	53.4221003
	14.1817351	53.4223593
	14.1793759	53.4225261
	14.1780144	53.4227538
	14.1762023	53.4231853
	14.1720642	53.4242753
	14.1698855	53.4251135
	14.1692972	53.4254382
	14.168249	53.4260027
	14.1662845	53.4269476
	14.1655582	53.4273753
	14.1647911	53.4277019
	14.1638899	53.428159
	14.163259	53.4284563
	14.1623986	53.4287216
	14.1614426	53.4290367
	14.1602077	53.4297437
	14.1594395	53.4301797
	14.1591792	53.4303197
	14.1588665	53.4304609
	14.1583633	53.4306578
	14.1577131	53.4309202
	14.1571021	53.4311749
	14.1561666	53.4314501
	14.1555287	53.4317144
	14.1549624	53.4321778
	14.1541622	53.432796
	14.1529164	53.4332638
	14.1523392	53.433864
	14.1518918	53.4341126
	14.1511708	53.4343076
	14.1499231	53.4349729
	14.1489146	53.4352407
	14.1463729	53.4363234
	14.1457732	53.4364021
	14.1450028	53.4365082
	14.1443301	53.4367037
	14.1432648	53.4375046
	14.1421211	53.4381807
	14.139529	53.4394334
	14.1378778	53.4402035
	14.1365399	53.4409109
	14.1346506	53.4390141
	14.1341731	53.4389943
	14.1323374	53.4392806
	14.1293934	53.4397395
	14.1266887	53.4403492
	14.1245397	53.4408981
	14.1219294	53.441704
	14.1210722	53.4407703
	14.1197836	53.439496
	14.1175638	53.4372086
	14.115653	53.4352216
	14.1143806	53.4338659
	14.1119999	53.4314677
	14.1107746	53.4305248
	14.1090816	53.4288066
	14.1076354	53.4265564
	14.1068629	53.4252938
	14.1062229	53.4239971
	14.1055239	53.4226764
	14.1048727	53.4225242
	14.1031571	53.4224878
	14.1024598	53.422647
	14.1015113	53.422484
	14.1002228	53.4222327
	14.0975674	53.4219021
	14.0963132	53.4216566
	14.0954077	53.421633
	14.0938854	53.4220522
	14.0889308	53.4193796
	14.0829635	53.4159728
	14.0817661	53.4149484
	14.0820773	53.4141875
	14.0832124	53.4134201
	14.0836308	53.4122959
	14.0832896	53.4119774
	14.082663	53.4114031
	14.081912	53.4108468
	14.08144	53.4113763
	14.0806804	53.4117932
	14.0792448	53.4125453
	14.0771377	53.4131694
	14.0757039	53.413888
	14.0707369	53.4150252
	14.0684431	53.4151236
	14.0675783	53.4146965
	14.0624134	53.4134661
	14.0602097	53.4131643
	14.0565855	53.4124813
	14.0538518	53.4126604
	14.0509722	53.4136848
END
END
