6551912
1
	9.7036213	54.2992143
	9.7044009	54.2983384
	9.7052911	54.2984949
	9.7063155	54.2988792
	9.7074374	54.2993489
	9.708413	54.2992066
	9.7109618	54.2993489
	9.7116935	54.2988365
	9.7132078	54.2984431
	9.7133305	54.2962905
	9.7134394	54.2962716
	9.7134892	54.296323
	9.7218925	54.2980482
	9.7219436	54.2980243
	9.7219643	54.2980626
	9.7240111	54.2985293
	9.7235975	54.2989195
	9.7238381	54.2996126
	9.7228244	54.2997172
	9.7222689	54.299869
	9.7221649	54.2995459
	9.7214837	54.2993799
	9.720397	54.3016212
	9.72105	54.3015999
	9.7219156	54.3015816
	9.7219087	54.3015965
	9.7217838	54.301866
	9.7224	54.3020108
	9.7227536	54.3022976
	9.7232922	54.3023374
	9.7232922	54.3028071
	9.7223654	54.3028427
	9.7220605	54.3034262
	9.722341	54.3038816
	9.7229019	54.3039598
	9.7234385	54.3042516
	9.7237811	54.3045236
	9.7246957	54.3046801
	9.7252567	54.3050714
	9.7270494	54.3053276
	9.7278665	54.3053935
	9.7285372	54.3050216
	9.7300128	54.3045449
	9.7315738	54.304488
	9.7319152	54.3042389
	9.732025	54.3039116
	9.7323664	54.3035629
	9.7331059	54.3033982
	9.7344245	54.3033791
	9.7355973	54.3040332
	9.736615	54.3040633
	9.7369687	54.304227
	9.7378589	54.3041202
	9.738305	54.3041741
	9.7395906	54.3044903
	9.7402033	54.3048414
	9.7406394	54.3054437
	9.7410662	54.305892
	9.7414931	54.3059632
	9.7418589	54.3059703
	9.7419199	54.3053939
	9.7441844	54.3053955
	9.7455857	54.3063248
	9.745354	54.3066948
	9.7443174	54.3067802
	9.743537	54.3066735
	9.7432199	54.3070008
	9.7430735	54.3074775
	9.7445004	54.3083811
	9.7459479	54.3085254
	9.746537	54.3087297
	9.7479272	54.308744
	9.7498919	54.3086305
	9.7499346	54.3093692
	9.75297	54.3112607
	9.7542356	54.311918
	9.7547066	54.3123766
	9.7517722	54.3128073
	9.7517966	54.3131132
	9.7479798	54.3155368
	9.7467125	54.3149341
	9.7425134	54.3192924
	9.7417829	54.3199191
	9.740833	54.3195907
	9.7374988	54.3223433
	9.7365418	54.3234329
	9.7357382	54.3240313
	9.7317626	54.3265632
	9.7299089	54.3276015
	9.7300796	54.3279428
	9.7306162	54.3282415
	9.7291008	54.3293811
	9.7262992	54.3279713
	9.7261912	54.3301753
	9.7210057	54.3345384
	9.7205454	54.33638
	9.7152662	54.3344114
	9.7149821	54.331982
	9.7140309	54.3308584
	9.7144943	54.3297064
	9.7180797	54.3278859
	9.7173146	54.3252184
	9.7171638	54.3246927
	9.7143354	54.3217959
	9.7121901	54.3176417
	9.709302	54.31557
	9.7084283	54.3141463
	9.710746	54.313282
	9.7112144	54.3134982
	9.7115656	54.3129518
	9.712058	54.3126736
	9.7114604	54.308685
	9.7105394	54.3061524
	9.7096585	54.304548
	9.7084299	54.303045
	9.7069496	54.3016475
	9.7049496	54.300025
	9.7036213	54.2992143
END
END
