6551843
1
	9.6421143	54.0478542
	9.6429994	54.0477119
	9.6447076	54.0474027
	9.6467373	54.0471017
	9.6468683	54.0471017
	9.6496548	54.0470827
	9.6558992	54.046967
	9.6578363	54.0469503
	9.6580983	54.046988
	9.6620345	54.0485566
	9.6631401	54.0489736
	9.6660562	54.0500735
	9.6680727	54.0506925
	9.6707023	54.0522394
	9.6716486	54.0527546
	9.6720987	54.053227
	9.6726288	54.0537742
	9.6732708	54.0546314
	9.6740679	54.0554498
	9.6742289	54.0556151
	9.6749134	54.0567714
	9.6756714	54.0579728
	9.6761245	54.0591338
	9.6762496	54.0592925
	9.6765149	54.0595434
	9.6765464	54.0596019
	9.6767285	54.0599397
	9.676781	54.0600799
	9.6766913	54.0602039
	9.6763214	54.0605923
	9.6763001	54.0606753
	9.6762439	54.0608939
	9.6763305	54.0609687
	9.6775638	54.0623118
	9.6778003	54.0625407
	9.6779302	54.0625821
	9.680767	54.0633899
	9.6810423	54.0635017
	9.6812153	54.0635855
	9.6840104	54.0644388
	9.6860272	54.0650624
	9.6880909	54.0657352
	9.6883576	54.065914
	9.6905582	54.0671213
	9.6911858	54.067469
	9.6912929	54.0675283
	9.6918897	54.0678786
	9.6921433	54.0680274
	9.6925759	54.0683629
	9.6926011	54.068404
	9.6928237	54.0687671
	9.6936591	54.0701296
	9.6936906	54.0714678
	9.693797	54.0715483
	9.6939871	54.0715072
	9.6957595	54.0711886
	9.6985683	54.0728846
	9.6978388	54.0745087
	9.6982367	54.0749004
	9.6987394	54.075226
	9.6991802	54.0754191
	9.6998138	54.0756761
	9.7009331	54.0759768
	9.7030315	54.0720032
	9.7051489	54.0730286
	9.7032348	54.0769114
	9.7052624	54.0777936
	9.7070244	54.0791196
	9.7046623	54.079066
	9.7021088	54.0792297
	9.699472	54.0799118
	9.6961389	54.0813951
	9.6954443	54.0807601
	9.6948519	54.0801574
	9.6946047	54.0797004
	9.6953014	54.0795249
	9.6975281	54.0789638
	9.6991084	54.0782087
	9.7012076	54.0775176
	9.7016211	54.0769192
	9.7018514	54.076586
	9.7009072	54.0761706
	9.6986112	54.0754529
	9.6972594	54.0744332
	9.6936116	54.0716255
	9.6926746	54.0717926
	9.6910056	54.072155
	9.6915248	54.0726833
	9.6914496	54.0727116
	9.690406	54.0731048
	9.6879842	54.0737465
	9.6869553	54.0739755
	9.68563	54.0740842
	9.6852506	54.0744716
	9.6828731	54.074588
	9.6828677	54.0748631
	9.6801017	54.0750308
	9.679988	54.0750149
	9.6799509	54.0750399
	9.6793988	54.0739895
	9.6797083	54.0726739
	9.6795313	54.0721117
	9.6746752	54.0728493
	9.6738748	54.0747215
	9.6752009	54.0752012
	9.6750142	54.0768139
	9.6749971	54.0775113
	9.6734843	54.0774836
	9.6716218	54.077804
	9.6705113	54.0775799
	9.6705339	54.0775062
	9.6705897	54.0773244
	9.6640429	54.0770386
	9.6644678	54.0764017
	9.6588598	54.0764475
	9.6582987	54.0756569
	9.6575316	54.074843
	9.6572097	54.0745223
	9.6575626	54.0743233
	9.6578631	54.0740807
	9.6583352	54.0735519
	9.6587214	54.0730734
	9.658936	54.0724439
	9.6590648	54.0716633
	9.6591506	54.0708449
	9.6585982	54.0707676
	9.6581572	54.0706216
	9.6577246	54.0704783
	9.6573307	54.0699821
	9.6569009	54.0694408
	9.6565093	54.0691606
	9.6564878	54.0690995
	9.6564128	54.0688867
	9.6563591	54.0687451
	9.6564289	54.0685468
	9.6565576	54.0684429
	9.6566595	54.0682257
	9.6572236	54.0675058
	9.6572872	54.0673474
	9.6575286	54.0670861
	9.65767	54.0665763
	9.6576271	54.0660222
	9.6585927	54.0645741
	9.6593008	54.063617
	9.6594997	54.0633835
	9.6600089	54.0627858
	9.6613393	54.062005
	9.6615269	54.0611725
	9.6618757	54.0596248
	9.6567259	54.0591336
	9.6567473	54.0589447
	9.6544152	54.059197
	9.6512827	54.0591222
	9.6510403	54.0593131
	9.6509265	54.0594892
	9.6496234	54.0589573
	9.6489153	54.0584283
	9.6479711	54.0574081
	9.6466408	54.0567028
	9.6444521	54.0561234
	9.6450314	54.054763
	9.645761	54.0537302
	9.6472593	54.0518137
	9.6485642	54.0500714
	9.6470448	54.049811
	9.643872	54.0503788
	9.6421143	54.0478542
END
END
