6551707
1
	9.70999	53.7354112
	9.7101589	53.7344814
	9.7121025	53.733924
	9.7131037	53.7330878
	9.7121614	53.7318335
	9.7145761	53.731067
	9.7157541	53.7301611
	9.7145761	53.7296036
	9.7161074	53.7284887
	9.7159308	53.7271994
	9.7143994	53.7261192
	9.7147528	53.7232617
	9.7154018	53.7229547
	9.7165085	53.72376
	9.7169559	53.7238682
	9.7185475	53.7234618
	9.7185823	53.7233852
	9.7186843	53.7234269
	9.7221357	53.7225456
	9.7232666	53.7226411
	9.7264042	53.7218416
	9.7280323	53.7219396
	9.7290292	53.7228238
	9.7308049	53.7230503
	9.7415036	53.7237497
	9.7427658	53.7238298
	9.7432393	53.7254616
	9.7441346	53.7254895
	9.7446529	53.7264094
	9.742297	53.7268276
	9.7436163	53.7277753
	9.7460193	53.7278311
	9.7459722	53.7281935
	9.7452183	53.7283329
	9.7472443	53.7306464
	9.7458308	53.7313433
	9.7454539	53.7325418
	9.7492232	53.7307022
	9.7532753	53.7350781
	9.7536994	53.7374192
	9.7561024	53.7376422
	9.7577986	53.7368618
	9.7616151	53.736193
	9.7626517	53.7366389
	9.7621805	53.7379209
	9.7665153	53.7380881
	9.7657614	53.7390356
	9.7656513	53.7408564
	9.7602564	53.7415322
	9.7598441	53.7420965
	9.7599972	53.7429395
	9.7605391	53.7434341
	9.7591138	53.744075
	9.7588727	53.7452092
	9.7570995	53.7460951
	9.7577827	53.7470007
	9.7527765	53.7498913
	9.75088	53.7498844
	9.7502473	53.7499974
	9.7489124	53.7502359
	9.74615	53.7507278
	9.7451142	53.7509144
	9.7447194	53.7509849
	9.7436946	53.7517441
	9.7423871	53.7520227
	9.7408262	53.7515894
	9.7406791	53.7510615
	9.7378521	53.7491112
	9.7360734	53.749968
	9.7330697	53.7478087
	9.7315973	53.7485192
	9.7305371	53.746325
	9.7298775	53.7444651
	9.7287585	53.743859
	9.7278868	53.7449597
	9.7188481	53.7454296
	9.7198549	53.74499
	9.7179611	53.7427561
	9.7182155	53.7426812
	9.7182025	53.7426019
	9.7182991	53.7426559
	9.7191623	53.7424026
	9.7208019	53.7418908
	9.7214675	53.7416474
	9.7214726	53.7415155
	9.7214572	53.7414349
	9.7211622	53.7413216
	9.7196648	53.7409032
	9.7183093	53.7406099
	9.7182664	53.73976
	9.7182371	53.7393191
	9.7181836	53.7389455
	9.718075	53.7388401
	9.7178268	53.737832
	9.7174912	53.7379178
	9.7163469	53.7379271
	9.715289	53.7379399
	9.7151881	53.7379582
	9.7148598	53.7378442
	9.7148626	53.7377382
	9.7148554	53.7375651
	9.7147193	53.7372422
	9.7143666	53.7364161
	9.7143759	53.7363112
	9.7144708	53.736005
	9.7145295	53.7358386
	9.7145257	53.7357762
	9.7137731	53.735449
	9.7131863	53.7350998
	9.7130676	53.7350654
	9.7117091	53.7352489
	9.7107047	53.7353591
	9.70999	53.7354112
END
END
