6551919
1
	9.7798097	54.3839053
	9.7853219	54.3782852
	9.7817908	54.3747084
	9.7833012	54.3725377
	9.7830813	54.3707422
	9.7829562	54.3704902
	9.7823781	54.3704691
	9.7810861	54.3707021
	9.7866593	54.3637583
	9.7898014	54.3648649
	9.7921575	54.361158
	9.7943568	54.3605523
	9.797625	54.3609453
	9.799945	54.3583965
	9.801096	54.3564383
	9.7996401	54.3533616
	9.7995329	54.3499886
	9.8013689	54.348992
	9.8054871	54.348992
	9.8095278	54.350471
	9.8114202	54.350754
	9.8123419	54.3502884
	9.8142015	54.3490615
	9.8197125	54.348079
	9.8276238	54.3445942
	9.8282233	54.344521
	9.8284519	54.3447228
	9.8286731	54.3450356
	9.8289739	54.3452444
	9.8291967	54.3452802
	9.8300561	54.3451793
	9.8304598	54.3452187
	9.8308792	54.3454324
	9.8309818	54.3455661
	9.8309819	54.3457033
	9.8305321	54.3460014
	9.8301215	54.3461662
	9.828984	54.3468533
	9.8287829	54.3471232
	9.8287135	54.3474165
	9.8280726	54.3482571
	9.8278517	54.3487364
	9.8278222	54.3488626
	9.8281158	54.3497775
	9.8287836	54.3504924
	9.8289393	54.3505971
	9.8294452	54.3507737
	9.8299793	54.350853
	9.8302927	54.3509999
	9.8308159	54.3515883
	9.8310735	54.351988
	9.831272	54.3525236
	9.8306375	54.3536407
	9.8307582	54.3538141
	9.8320895	54.3544916
	9.8324528	54.3549184
	9.8325627	54.355336
	9.8329847	54.355728
	9.8338321	54.3570986
	9.8339179	54.35756
	9.8338787	54.3576558
	9.8335329	54.3580556
	9.8334071	54.3584902
	9.8334226	54.3589013
	9.8335059	54.3591137
	9.8337767	54.3595548
	9.8337164	54.3596754
	9.8332186	54.3598171
	9.831903	54.360356
	9.8316707	54.3605382
	9.8313315	54.3608475
	9.8305056	54.361161
	9.830071	54.3618486
	9.8290879	54.362556
	9.8288201	54.3627017
	9.8287959	54.3627829
	9.8274135	54.3635766
	9.8474008	54.3636735
	9.8542581	54.363337
	9.8631623	54.3619105
	9.870848	54.3596052
	9.8737277	54.3623035
	9.873521	54.3628786
	9.8734105	54.3632824
	9.8733327	54.3635019
	9.8726635	54.3643931
	9.8721819	54.3648246
	9.8720662	54.3648886
	9.8715934	54.3655241
	9.8710911	54.3660304
	9.8703981	54.3666852
	9.8700948	54.3670922
	9.8700424	54.3672475
	9.870103	54.3674194
	9.8701865	54.3675655
	9.8704404	54.3679287
	9.8705322	54.3681215
	9.8705867	54.3683115
	9.8706231	54.3683766
	9.870698	54.3684081
	9.8709291	54.3684695
	9.8712024	54.3684864
	9.8713481	54.3685583
	9.8715132	54.3686783
	9.8715121	54.3688341
	9.8715908	54.3690165
	9.8714577	54.3691698
	9.8714679	54.3692923
	9.8715306	54.3694371
	9.8717791	54.3696032
	9.8719727	54.3697494
	9.8720982	54.3699033
	9.8721463	54.3699339
	9.8712901	54.3701913
	9.8710877	54.3701964
	9.8708943	54.3701406
	9.8702616	54.3700704
	9.8686576	54.3702858
	9.8675192	54.3691563
	9.8646736	54.3707573
	9.8639754	54.370815
	9.8629962	54.3702818
	9.8627592	54.370126
	9.8625521	54.3701066
	9.8620564	54.3701971
	9.8617605	54.370335
	9.8616791	54.3704233
	9.8617013	54.3708672
	9.8618419	54.3709685
	9.862006	54.3711344
	9.8621392	54.3713175
	9.8619838	54.3716256
	9.861932	54.3719424
	9.8616562	54.3726494
	9.8615934	54.3727028
	9.861358	54.3728292
	9.8613292	54.3729222
	9.8612298	54.3730227
	9.8609944	54.3732391
	9.8608453	54.3734234
	9.8607695	54.3734615
	9.8604007	54.3735102
	9.8603092	54.3735529
	9.8602882	54.3736702
	9.8603929	54.3740739
	9.8605367	54.3742217
	9.8606762	54.3744824
	9.8606304	54.3749669
	9.8605677	54.3751619
	9.8604212	54.3753417
	9.860416	54.3754864
	9.8607079	54.3758101
	9.8607763	54.3758292
	9.8608851	54.3759289
	9.8609216	54.3760283
	9.8608045	54.3760997
	9.8604441	54.3761628
	9.8601424	54.3761516
	9.8599556	54.3761273
	9.8597896	54.376101
	9.8596024	54.3759869
	9.8595087	54.3759701
	9.8590458	54.3760583
	9.8585653	54.3761061
	9.8583476	54.3761805
	9.8579985	54.376274
	9.8576169	54.3762834
	9.8573521	54.3762066
	9.8571788	54.3761813
	9.8567603	54.3761948
	9.8563389	54.3762173
	9.8561321	54.3762278
	9.8558491	54.3762808
	9.8554999	54.3763318
	9.8551055	54.3763505
	9.8542019	54.3764516
	9.8535409	54.3765498
	9.8532006	54.3765843
	9.8527345	54.3765628
	9.8525015	54.3766274
	9.852187	54.3766916
	9.8519739	54.3766591
	9.8516897	54.376572
	9.8511201	54.3771407
	9.8595776	54.3776049
	9.8571099	54.3815164
	9.8481933	54.3818219
	9.8374409	54.3798363
	9.8356051	54.3822801
	9.8295733	54.3801418
	9.8232792	54.3903739
	9.8201321	54.3903739
	9.8188838	54.3885703
	9.813902	54.3845205
	9.8121944	54.3841227
	9.8107895	54.3837953
	9.8102569	54.3836713
	9.8079646	54.3831372
	9.807638	54.3830611
	9.807463	54.3829955
	9.8069085	54.3827876
	9.8055321	54.3822715
	9.8044256	54.3818566
	9.8041182	54.3819166
	9.8032395	54.381977
	9.802808	54.3820067
	9.798794	54.3822826
	9.794413	54.3841919
	9.7943081	54.3842843
	9.7936751	54.3845564
	9.7931615	54.3846638
	9.792319	54.3851417
	9.7917865	54.3853126
	9.7798097	54.3839053
END
END
