6551937
1
	10.0252069	54.1312824
	10.0311744	54.1298351
	10.0316683	54.1297161
	10.033475	54.1292772
	10.0351567	54.1288692
	10.0374803	54.1321239
	10.0375743	54.1322569
	10.0368971	54.1325761
	10.0357846	54.1329672
	10.0404536	54.1400945
	10.039379	54.1429618
	10.0391273	54.1434595
	10.0405586	54.1446685
	10.0404799	54.1453392
	10.0405726	54.1455051
	10.0420807	54.1458565
	10.0432437	54.1456575
	10.0447378	54.1457156
	10.0450704	54.1458752
	10.045028	54.1465128
	10.0467311	54.1469335
	10.0474616	54.1473597
	10.0480965	54.1482916
	10.0476561	54.1493416
	10.0474244	54.1495731
	10.0447779	54.1505944
	10.0453484	54.1515359
	10.0461263	54.1523483
	10.0461559	54.1526157
	10.0461812	54.1528447
	10.0492766	54.1531607
	10.0512761	54.1545505
	10.0495392	54.1556594
	10.0510528	54.1571465
	10.0523045	54.1574793
	10.0540836	54.1562396
	10.05537	54.1567365
	10.0556034	54.156615
	10.057198	54.1571692
	10.0580407	54.1572831
	10.0619949	54.1582776
	10.0676769	54.1600312
	10.0652552	54.1630151
	10.0648585	54.1635052
	10.0669352	54.1678908
	10.069457	54.1687591
	10.0665664	54.1741994
	10.0624194	54.1736365
	10.0606946	54.175533
	10.0606101	54.1763489
	10.057845	54.1763001
	10.0578453	54.1763621
	10.0570779	54.1763508
	10.057036	54.1763169
	10.0570123	54.1763487
	10.05468	54.1762723
	10.0546802	54.1764604
	10.0551791	54.1778042
	10.0552648	54.1784167
	10.0553881	54.1788853
	10.0567796	54.1799078
	10.0532895	54.1819525
	10.0530555	54.1825073
	10.0524912	54.1830375
	10.0498494	54.1813243
	10.0481835	54.1797193
	10.0499198	54.1787256
	10.0500136	54.1780113
	10.0505305	54.1742119
	10.0504859	54.174176
	10.0504288	54.1742056
	10.0504005	54.1741711
	10.048256	54.1740475
	10.0481433	54.1740768
	10.0480334	54.1740378
	10.0473634	54.1740083
	10.0471989	54.1740011
	10.0465758	54.1739746
	10.0464837	54.1740157
	10.0463961	54.173967
	10.0455171	54.1739297
	10.0452442	54.1738692
	10.04526	54.1732689
	10.0457405	54.173301
	10.0459203	54.1716964
	10.0465906	54.1716846
	10.0465978	54.1715478
	10.046691	54.1715514
	10.0475532	54.1715843
	10.0475482	54.1716876
	10.0490515	54.1716955
	10.0492864	54.1678812
	10.0487718	54.1678069
	10.0487271	54.1677461
	10.048643	54.1677883
	10.0457138	54.1673656
	10.0452859	54.1673432
	10.0454915	54.1671213
	10.0453181	54.1669938
	10.0448544	54.1671473
	10.0444674	54.1672464
	10.0438895	54.1673346
	10.0437902	54.1683094
	10.0426734	54.1686502
	10.0392056	54.1691946
	10.0392952	54.1688145
	10.039948	54.1612782
	10.0400552	54.1601474
	10.0376463	54.159128
	10.0374746	54.1591374
	10.0372922	54.1590558
	10.0371206	54.1590181
	10.0366002	54.1590464
	10.0366646	54.1589239
	10.0366646	54.1587731
	10.0366163	54.1585878
	10.0364929	54.1584841
	10.0364017	54.1583459
	10.0362193	54.1582548
	10.0361067	54.1581009
	10.035935	54.1579878
	10.0357204	54.1579061
	10.0353503	54.1578496
	10.0349909	54.1577616
	10.0347602	54.1576737
	10.0345456	54.1575826
	10.0342452	54.1575135
	10.0341326	54.157413
	10.0340443	54.156969
	10.0328774	54.1567028
	10.0325018	54.156502
	10.0322014	54.1561628
	10.0320941	54.1559554
	10.0318688	54.1557544
	10.0316864	54.1556036
	10.0316864	54.1555345
	10.0318151	54.1554403
	10.0323516	54.155434
	10.032534	54.155302
	10.0325769	54.1550696
	10.0323409	54.1549753
	10.0321799	54.1546549
	10.031901	54.1543722
	10.0316649	54.1540895
	10.0314933	54.1537313
	10.0314189	54.1536289
	10.0313818	54.1535779
	10.0309287	54.1531658
	10.0304944	54.1518366
	10.030183	54.1503795
	10.028791	54.1487423
	10.0315544	54.1478214
	10.032145	54.1444829
	10.0309583	54.1432665
	10.0322191	54.141268
	10.0265082	54.1369229
	10.0281399	54.1351414
	10.0256182	54.1323168
	10.0252069	54.1312824
END
END
