6551157
1
	11.8961035	50.7917477
	11.8975611	50.7884638
	11.8982966	50.7869168
	11.8991118	50.7861772
	11.8992558	50.7845665
	11.8996396	50.7839553
	11.9006631	50.7833261
	11.9012602	50.7819779
	11.9034656	50.7818984
	11.9035915	50.7813577
	11.9038901	50.7809892
	11.90422	50.7807039
	11.9048672	50.7791233
	11.9057567	50.7779665
	11.9058534	50.7777908
	11.9060177	50.7766738
	11.9074232	50.7766921
	11.9086313	50.7765245
	11.9090151	50.7762503
	11.9093776	50.7760705
	11.91012	50.7759574
	11.9105222	50.7759678
	11.9117267	50.7763718
	11.9125015	50.7764542
	11.9128988	50.7733151
	11.9132857	50.7727491
	11.9132891	50.7719347
	11.9146817	50.7720111
	11.9158892	50.7721778
	11.9182663	50.7727337
	11.9186299	50.7727349
	11.9196336	50.7721879
	11.92106	50.7714018
	11.9225666	50.7708326
	11.9247231	50.7702589
	11.9258294	50.7703669
	11.9265808	50.770398
	11.9263411	50.771203
	11.926071	50.7717694
	11.9260698	50.7723063
	11.9299216	50.7731512
	11.9312585	50.773558
	11.9320454	50.7736947
	11.932565	50.7734889
	11.933384	50.7725545
	11.9344701	50.7712416
	11.9350937	50.7703353
	11.9353888	50.7694926
	11.9351832	50.7692303
	11.9352501	50.7686555
	11.9376327	50.7690275
	11.9389772	50.769381
	11.9396122	50.7686697
	11.940165	50.7686888
	11.9410898	50.768123
	11.9415321	50.767767
	11.9416527	50.7673982
	11.9418264	50.7670045
	11.9420361	50.7667114
	11.9426343	50.7664438
	11.943945	50.7662551
	11.943426	50.7659879
	11.9423948	50.7650991
	11.943344	50.7626403
	11.9404982	50.7622571
	11.9409219	50.7610378
	11.9410963	50.7601541
	11.9404346	50.7586138
	11.9340459	50.7586074
	11.9332833	50.7584477
	11.9325249	50.7583943
	11.9280701	50.7583714
	11.9273269	50.7583038
	11.9266019	50.7578901
	11.9241278	50.7575787
	11.9231043	50.7574888
	11.9225072	50.7572909
	11.9222779	50.757171
	11.9220455	50.7571501
	11.9218888	50.7570734
	11.921967	50.7568143
	11.9216848	50.7564992
	11.9211707	50.7564276
	11.9207829	50.7562805
	11.9218255	50.7530936
	11.9218321	50.7523139
	11.9219032	50.7520965
	11.9220736	50.7515756
	11.9178926	50.7492219
	11.9191299	50.7482686
	11.9207524	50.7472675
	11.9246658	50.7455239
	11.9255527	50.7450364
	11.9268277	50.7439205
	11.9282955	50.7426966
	11.9298739	50.7415032
	11.9314413	50.7408419
	11.9304123	50.7389371
	11.9292477	50.7391909
	11.9281941	50.7380126
	11.931023	50.7377202
	11.9312395	50.737364
	11.9299838	50.7343678
	11.9311399	50.7346208
	11.9328849	50.7299918
	11.9344812	50.7303692
	11.9337942	50.7285757
	11.9346458	50.7279453
	11.9345304	50.7264012
	11.9334455	50.7240234
	11.9338865	50.7241291
	11.934663	50.7234026
	11.9368811	50.7230366
	11.9427854	50.7272449
	11.9439079	50.7275047
	11.9439641	50.7278923
	11.9452815	50.7285726
	11.9462868	50.7285836
	11.9472403	50.7295655
	11.9473268	50.7317544
	11.9479235	50.731922
	11.9540129	50.7284084
	11.9571377	50.7272559
	11.9599675	50.7258767
	11.9617798	50.7254484
	11.9632138	50.7247889
	11.964415	50.724851
	11.9643476	50.7253313
	11.9661126	50.7253741
	11.9663638	50.7242729
	11.9704096	50.7256029
	11.9710604	50.7275432
	11.9753684	50.7306776
	11.9761623	50.730397
	11.9771726	50.7312519
	11.9789253	50.7321068
	11.9792965	50.7318392
	11.9801522	50.7322634
	11.9786402	50.7340718
	11.9805543	50.7349258
	11.9794418	50.7359211
	11.9801316	50.7361786
	11.9803171	50.7359763
	11.9820801	50.7365179
	11.9819461	50.7368311
	11.9831309	50.7374602
	11.9872351	50.7329943
	11.9865031	50.7327071
	11.9873382	50.7319828
	11.9879464	50.7317479
	11.9878952	50.731072
	11.9856473	50.7307299
	11.9856577	50.7314542
	11.9839978	50.7314477
	11.9833276	50.7307755
	11.9829771	50.7293268
	11.9815337	50.7278519
	11.9814718	50.7274146
	11.9819992	50.7266866
	11.981843	50.725659
	11.9821523	50.7250325
	11.9832835	50.7248102
	11.9904221	50.7269591
	11.9899926	50.7283032
	11.9904968	50.7284245
	11.992395	50.7298326
	12.0028138	50.7375805
	12.0060593	50.7399638
	12.0125637	50.7448541
	12.009282	50.7481427
	12.0121151	50.7483966
	12.0090341	50.7505328
	12.0086091	50.7503311
	12.0076883	50.7511004
	12.0080306	50.7512946
	12.0072633	50.752273
	12.0084438	50.7536099
	12.0039934	50.7547824
	12.0039461	50.7552604
	12.0023643	50.7561192
	11.9983978	50.755828
	11.9968042	50.7565822
	11.9958007	50.7576352
	11.9996728	50.7570901
	12.0003456	50.7566719
	12.0029191	50.7574336
	12.0041232	50.7583895
	12.0063837	50.7582721
	12.0067217	50.7598083
	12.0101968	50.7593192
	12.0114088	50.7604892
	12.0117001	50.7620065
	12.0127467	50.7626272
	12.0128529	50.7670698
	12.0136975	50.7679426
	12.0155917	50.7683727
	12.0176818	50.7678508
	12.0179763	50.7673872
	12.0183009	50.7675813
	12.0197116	50.7679173
	12.0202723	50.7681674
	12.0212639	50.7687199
	12.0214056	50.7697726
	12.0207032	50.7704146
	12.0201012	50.7708551
	12.0194991	50.770829
	12.0190151	50.7704706
	12.0188675	50.77006
	12.0184131	50.7697539
	12.0175513	50.7696755
	12.0171261	50.7706786
	12.0174154	50.7709591
	12.0170637	50.7723182
	12.0162785	50.7728447
	12.0170632	50.7733726
	12.0204605	50.7742119
	12.0215775	50.7750143
	12.0213871	50.775748
	12.0218771	50.7761271
	12.0216904	50.7771768
	12.022373	50.7776285
	12.0261563	50.7783931
	12.0265311	50.7777878
	12.0290491	50.7785382
	12.030174	50.7792365
	12.0312818	50.778963
	12.0320093	50.7805983
	12.0352764	50.7802889
	12.0378243	50.7794697
	12.0382467	50.7811887
	12.0380895	50.7818923
	12.0393279	50.7823816
	12.0386983	50.7830146
	12.0395122	50.7835072
	12.0394104	50.7838889
	12.0407415	50.7847335
	12.0426509	50.7839019
	12.0427588	50.783577
	12.0445395	50.7839672
	12.0449626	50.7853896
	12.0434662	50.7853569
	12.0433821	50.7857029
	12.0488344	50.7857113
	12.0535075	50.7847762
	12.0554064	50.7841107
	12.0568584	50.7840535
	12.0567274	50.7886322
	12.054199	50.790622
	12.0536064	50.7929202
	12.0578635	50.7933999
	12.0605148	50.7936555
	12.0603703	50.7941317
	12.0602362	50.7941708
	12.0600091	50.7947449
	12.0602258	50.7948949
	12.060133	50.7958799
	12.0578904	50.7957516
	12.0579554	50.7949667
	12.0559843	50.7951885
	12.0559843	50.7961734
	12.0512943	50.7961576
	12.0515908	50.7984289
	12.0460062	50.7981466
	12.0460472	50.7986145
	12.0458883	50.7990624
	12.0455541	50.7995948
	12.0445717	50.7996346
	12.0440185	50.7995837
	12.0435482	50.7991088
	12.0429125	50.7987369
	12.0429123	50.798505
	12.042183	50.7983467
	12.0411562	50.7996765
	12.0394311	50.7986782
	12.0370796	50.7981667
	12.0360705	50.7986239
	12.0358981	50.7984371
	12.0340468	50.7994413
	12.0335647	50.7992329
	12.0324552	50.8000376
	12.0311439	50.7977183
	12.0297371	50.7980147
	12.0292877	50.7972738
	12.0282327	50.7974219
	12.0275489	50.7972738
	12.026103	50.7976689
	12.0253801	50.7968786
	12.0241101	50.7960388
	12.0237389	50.7962981
	12.0204565	50.7944086
	12.0184868	50.7961638
	12.0166502	50.7972382
	12.0154974	50.7974481
	12.0135144	50.7975468
	12.0111381	50.7978961
	12.0098156	50.7981155
	12.0089408	50.7971487
	12.0079924	50.7961543
	12.0071162	50.7957387
	12.0044532	50.7973518
	12.0036078	50.7968717
	12.0031519	50.7962492
	12.0015736	50.7934942
	12.0004913	50.7920707
	11.9969783	50.7927164
	11.9934283	50.7950872
	11.9921248	50.7974044
	11.9850248	50.7967211
	11.9816743	50.7978065
	11.9805333	50.7988829
	11.9806779	50.799523
	11.9798123	50.8005303
	11.9795137	50.8010061
	11.9802171	50.8019569
	11.981702	50.802636
	11.9806369	50.8030156
	11.978829	50.8032815
	11.978304	50.8028624
	11.9715769	50.8042325
	11.9670146	50.8061835
	11.9642614	50.805198
	11.9615571	50.8068746
	11.9611081	50.8069347
	11.9601012	50.8082159
	11.9593664	50.8099614
	11.9589651	50.8103046
	11.9586026	50.8119971
	11.9559855	50.8118025
	11.9539128	50.8114317
	11.9541692	50.8107808
	11.9541307	50.8102397
	11.9530435	50.8106957
	11.9514271	50.8102701
	11.9489876	50.8091155
	11.9476791	50.8087872
	11.9452878	50.8082688
	11.9442632	50.8071154
	11.9395697	50.8052475
	11.9381492	50.8011476
	11.9376927	50.7999337
	11.9358703	50.7982303
	11.9348789	50.7975427
	11.9336858	50.7973238
	11.9323488	50.7973311
	11.9342188	50.7960053
	11.9357954	50.7949553
	11.9374225	50.7943032
	11.9409767	50.7981452
	11.941834	50.797595
	11.9406561	50.7966499
	11.9383469	50.7938645
	11.9391216	50.7935505
	11.939949	50.7931035
	11.9396796	50.7929423
	11.9386694	50.7934593
	11.9379837	50.7937118
	11.937453	50.7933591
	11.9365797	50.7930643
	11.9353369	50.7943154
	11.9327206	50.7954726
	11.9304417	50.7962646
	11.9265536	50.7973311
	11.9249052	50.7975622
	11.9238068	50.7938059
	11.9237384	50.7911537
	11.9207281	50.7910776
	11.9190732	50.7917223
	11.9171489	50.791844
	11.9142817	50.7916129
	11.9102984	50.7915885
	11.9065653	50.7912844
	11.8961035	50.7917477
END
END
