6551101
1
	14.4186097	52.2199298
	14.4188647	52.2196652
	14.4190984	52.2195697
	14.4191763	52.2194742
	14.4191125	52.2192573
	14.4193604	52.2191184
	14.4196366	52.2191271
	14.4197641	52.2191184
	14.4199058	52.2190143
	14.4201749	52.2189015
	14.4204582	52.2188798
	14.4206707	52.2187757
	14.4208407	52.2187713
	14.4208761	52.2187149
	14.4211594	52.2186954
	14.4212939	52.2185652
	14.4211735	52.2184307
	14.4210885	52.2183352
	14.4211594	52.2182571
	14.4214993	52.2181053
	14.4214781	52.2179968
	14.4216693	52.2179317
	14.4217472	52.2179447
	14.4218818	52.2178579
	14.4219384	52.2177321
	14.4218818	52.2176063
	14.4213435	52.2174631
	14.4214568	52.2174457
	14.4215914	52.2174544
	14.4217118	52.2174067
	14.4217543	52.2172461
	14.421124	52.2167514
	14.4208902	52.2164694
	14.4206565	52.2164694
	14.4205715	52.2164303
	14.4204582	52.2162394
	14.420529	52.2160051
	14.4204936	52.2159487
	14.4203945	52.2159357
	14.4202528	52.2160051
	14.4200262	52.2160051
	14.419927	52.2159574
	14.4198704	52.2157621
	14.4199199	52.2157144
	14.4200545	52.2157057
	14.4204157	52.2157578
	14.4204936	52.2157491
	14.4206069	52.2155842
	14.4205432	52.2154714
	14.4200049	52.2153282
	14.420012	52.2152761
	14.420444	52.2148812
	14.4205715	52.2149116
	14.4208336	52.2149159
	14.4208548	52.2148638
	14.4207698	52.2146599
	14.4203024	52.2144559
	14.4202599	52.2143865
	14.4203307	52.2143561
	14.4203945	52.2142693
	14.4203166	52.2142346
	14.4202953	52.2141305
	14.4204511	52.214035
	14.4205149	52.2139005
	14.4204015	52.2136401
	14.4204724	52.2134947
	14.4203874	52.2133602
	14.4204015	52.2132474
	14.4203661	52.2127787
	14.4206636	52.2125617
	14.4208123	52.2123751
	14.4210673	52.2123404
	14.4212444	52.2121104
	14.4213081	52.2118109
	14.4213718	52.2117328
	14.4214993	52.2117242
	14.4216835	52.2118109
	14.4219172	52.2117936
	14.4218889	52.2116026
	14.4219526	52.2114724
	14.4220659	52.2114724
	14.4221722	52.2114117
	14.4222359	52.2113292
	14.4224271	52.2113206
	14.4227104	52.2111947
	14.4226679	52.2108822
	14.4229371	52.2105784
	14.4230787	52.2105307
	14.423192	52.2106739
	14.4234682	52.2106522
	14.423532	52.2106652
	14.4235957	52.2106175
	14.4236524	52.2103918
	14.423709	52.2103311
	14.423787	52.2103615
	14.423794	52.2104309
	14.4238932	52.2104309
	14.4239782	52.2104005
	14.4239711	52.2103094
	14.4240561	52.2102356
	14.4242969	52.2102096
	14.4243677	52.2102747
	14.4242969	52.2104092
	14.4243111	52.2105654
	14.4244385	52.2106739
	14.4245554	52.2106544
	14.4245554	52.210598
	14.42469	52.2105112
	14.4248599	52.2105416
	14.4249662	52.2106153
	14.4251716	52.2105893
	14.4251556	52.2105259
	14.4250764	52.210459
	14.425131	52.2103502
	14.4252703	52.2103486
	14.4253631	52.2103201
	14.4254068	52.2101695
	14.4252867	52.2099938
	14.4252894	52.2098349
	14.4253468	52.2096441
	14.4254887	52.209476
	14.4255543	52.2093505
	14.4255543	52.2092769
	14.425486	52.2091949
	14.4255161	52.2090961
	14.4256772	52.2089255
	14.4257864	52.2089087
	14.4259803	52.20881
	14.4262397	52.2087933
	14.4265673	52.2086829
	14.4266873	52.2085744
	14.4267392	52.2084176
	14.4268112	52.2083245
	14.4269631	52.2082534
	14.427107	52.2081334
	14.427219	52.2079938
	14.427243	52.2079031
	14.427179	52.2078982
	14.4269431	52.2077659
	14.4268912	52.207614
	14.4268991	52.207516
	14.4269791	52.207418
	14.427175	52.2074401
	14.4274349	52.2074327
	14.4276507	52.2074107
	14.4278866	52.2074131
	14.4280785	52.2073862
	14.4283144	52.2072931
	14.4283903	52.2072196
	14.4284263	52.2071191
	14.4284143	52.2070015
	14.4283664	52.2069501
	14.428291	52.2069033
	14.4281521	52.2067722
	14.428117	52.2067089
	14.4281185	52.206639
	14.4281619	52.2064888
	14.4282003	52.2063723
	14.4281896	52.2062797
	14.4281006	52.2061364
	14.4279568	52.2060228
	14.4279541	52.2059463
	14.4279369	52.2058337
	14.4280246	52.2056496
	14.4280243	52.205609
	14.4265026	52.2050612
	14.4267461	52.2041977
	14.426925	52.2035787
	14.427322	52.2026697
	14.4284217	52.2025656
	14.4287103	52.2026766
	14.4289106	52.2026397
	14.4292331	52.2023634
	14.4292358	52.2021011
	14.4284783	52.20131
	14.4283238	52.2010181
	14.4284556	52.200913
	14.4287896	52.2006897
	14.429154	52.2005036
	14.4296094	52.2004943
	14.4300193	52.2004384
	14.4306873	52.2004198
	14.4311209	52.2007091
	14.431378	52.2006852
	14.4316507	52.2004799
	14.4317675	52.2005133
	14.4319935	52.200456
	14.432048	52.2003844
	14.4322194	52.2003223
	14.432422	52.2003318
	14.4325466	52.2002793
	14.4330608	52.1999451
	14.4332634	52.1998687
	14.433762	52.1998305
	14.4339567	52.1997875
	14.4342216	52.1996442
	14.4345177	52.1994294
	14.4346072	52.1992646
	14.4346072	52.1989686
	14.4347786	52.1986869
	14.4347631	52.1984863
	14.434989	52.1981759
	14.4349267	52.1978846
	14.4350669	52.197856
	14.4352149	52.1977366
	14.4352461	52.197622
	14.4351214	52.1974692
	14.4349189	52.197302
	14.4347163	52.1972209
	14.4344982	52.1972161
	14.4343969	52.1971397
	14.4341788	52.1970872
	14.4338282	52.1967386
	14.4336879	52.1964807
	14.4337425	52.1964138
	14.4342956	52.196113
	14.4343346	52.1960127
	14.4342878	52.1958838
	14.4340152	52.1956498
	14.4338048	52.1952821
	14.4331192	52.1949621
	14.4330803	52.1945992
	14.4328543	52.1942458
	14.4325553	52.1941848
	14.4324802	52.1938215
	14.4326	52.1932
	14.4330115	52.193135
	14.4331192	52.1929158
	14.4332049	52.192825
	14.4330335	52.1924048
	14.4330102	52.1921851
	14.4332127	52.1918746
	14.433275	52.1916693
	14.4334386	52.1914544
	14.4336178	52.1914591
	14.4339606	52.1916932
	14.4342177	52.1917696
	14.434802	52.1917409
	14.4350747	52.1914448
	14.4350279	52.1913923
	14.4346696	52.1913732
	14.4343579	52.1909815
	14.4342645	52.1910245
	14.4339918	52.1910102
	14.4338671	52.1909147
	14.4339996	52.1906902
	14.4340775	52.1906663
	14.4338983	52.1904848
	14.4338905	52.1903368
	14.4336568	52.1900837
	14.4335867	52.189864
	14.4334542	52.189735
	14.4337425	52.1894867
	14.4338905	52.1894532
	14.4339528	52.189372
	14.4339918	52.1891619
	14.4342567	52.1891332
	14.4342255	52.1888801
	14.4347319	52.1884884
	14.4349812	52.1883213
	14.4353084	52.1883881
	14.4354097	52.1883022
	14.4354331	52.1881254
	14.4356668	52.1881207
	14.4358927	52.1880442
	14.4360407	52.1878819
	14.4363757	52.1877242
	14.4366328	52.1874233
	14.436886	52.1874018
	14.4369717	52.1873397
	14.4369094	52.1872538
	14.4366601	52.1871344
	14.436777	52.1870723
	14.4366679	52.1868573
	14.4367068	52.1867905
	14.4368627	52.186757
	14.4369172	52.1865278
	14.4365666	52.1863176
	14.4364887	52.1861886
	14.436551	52.1860979
	14.436699	52.1860597
	14.4367692	52.1859259
	14.436738	52.1857205
	14.4369639	52.1854913
	14.4369873	52.1854005
	14.4368393	52.1851617
	14.436886	52.1849611
	14.4368315	52.1848273
	14.436699	52.1847509
	14.4365043	52.1847222
	14.4353123	52.1848464
	14.4350864	52.1847748
	14.4338165	52.1847055
	14.4334737	52.1846482
	14.433092	52.1846434
	14.4315819	52.1838275
	14.4308851	52.1832413
	14.430638	52.1831554
	14.4304	52.1822
	14.4295871	52.1812493
	14.4293833	52.1806924
	14.4290159	52.1803391
	14.4288763	52.179575
	14.4288206	52.1780201
	14.4293945	52.1779089
	14.4297239	52.1778129
	14.429902	52.1773997
	14.4300013	52.1768938
	14.4297776	52.1763674
	14.4289021	52.1763914
	14.4282777	52.176153
	14.4280293	52.175473
	14.4271485	52.1748384
	14.4269242	52.174518
	14.4269741	52.1739564
	14.4272525	52.1733958
	14.4288793	52.1718939
	14.4292441	52.1707644
	14.4308025	52.1698514
	14.4312531	52.1693747
	14.4327154	52.1689227
	14.4331124	52.1683721
	14.4330368	52.167976
	14.4312571	52.1669334
	14.431085	52.1663307
	14.4312764	52.1660594
	14.4332492	52.165104
	14.4338151	52.1648488
	14.4345785	52.1641525
	14.4346548	52.1638884
	14.4344512	52.1636363
	14.4345736	52.1634042
	14.4349004	52.1632065
	14.4353622	52.1633148
	14.4360568	52.1630489
	14.4366869	52.1628077
	14.4375228	52.1626225
	14.4381126	52.1627454
	14.4383686	52.1629161
	14.4383909	52.16351
	14.438658	52.1640766
	14.4388583	52.1640766
	14.4389328	52.1637573
	14.4394247	52.1632803
	14.4403908	52.1628524
	14.4414441	52.1623094
	14.442489	52.1619178
	14.4429953	52.1612626
	14.4435325	52.161537
	14.443577	52.1621515
	14.442976	52.1632164
	14.4428981	52.1636124
	14.4432097	52.1640425
	14.4438441	52.1644316
	14.4444339	52.164493
	14.4451907	52.1648002
	14.4455135	52.1647934
	14.4457138	52.1642404
	14.4455748	52.1636432
	14.4524521	52.1645152
	14.4671631	52.1665027
	14.4693253	52.1667717
	14.4719421	52.1670973
	14.4801214	52.1681149
	14.4813574	52.1644113
	14.4913481	52.1622454
	14.4948875	52.1615024
	14.4991501	52.1605309
	14.5006092	52.1602907
	14.5026981	52.1597898
	14.5041669	52.1594206
	14.50539	52.1591586
	14.5064307	52.1590079
	14.5073426	52.1590533
	14.509	52.1589
	14.5110725	52.1587171
	14.5124	52.1586
	14.5133492	52.1598025
	14.5146087	52.1609267
	14.5148909	52.1617941
	14.5149	52.1628
	14.5196706	52.16227
	14.5203532	52.1625935
	14.5222831	52.1624957
	14.5243098	52.1623404
	14.5286399	52.1624621
	14.5277258	52.1632453
	14.5277891	52.1636422
	14.5297825	52.1639074
	14.5314434	52.1643292
	14.5316397	52.1656263
	14.5328	52.1661
	14.5352	52.1675
	14.5371	52.1685
	14.5374526	52.1685896
	14.5425627	52.1678184
	14.5480988	52.1668977
	14.5526	52.1662
	14.5565	52.1651
	14.5569834	52.1658402
	14.5597289	52.1648235
	14.5629604	52.1642312
	14.5652	52.1642
	14.567	52.1648
	14.5695	52.1661
	14.5721	52.1677
	14.5748	52.169
	14.5775	52.1698
	14.5794184	52.1710881
	14.5818195	52.1724271
	14.5824139	52.1732792
	14.584344	52.1737523
	14.5853193	52.1734036
	14.5883083	52.1731016
	14.5952979	52.1728259
	14.5959648	52.1728259
	14.5964063	52.1727222
	14.59635	52.172198
	14.5965378	52.1685859
	14.5967069	52.1683958
	14.5970544	52.1683727
	14.5972117	52.1682362
	14.5989143	52.1684591
	14.5967679	52.1754292
	14.5960743	52.1770175
	14.5950926	52.1775428
	14.5918545	52.1788443
	14.5925399	52.1807015
	14.5949869	52.1805431
	14.5909762	52.1841973
	14.588973	52.1859904
	14.5878309	52.1871691
	14.5870626	52.1876931
	14.5921625	52.1900922
	14.5947558	52.1911396
	14.5997999	52.1935323
	14.600418	52.1937789
	14.6009094	52.1939877
	14.6014308	52.1942827
	14.6023315	52.194699
	14.6036046	52.1953528
	14.6048058	52.1958569
	14.6077882	52.1968793
	14.6106345	52.1979585
	14.6116757	52.1983104
	14.6125979	52.1986303
	14.6131413	52.1988285
	14.6109344	52.2015128
	14.6101586	52.2012447
	14.6069876	52.204417
	14.6061917	52.2058235
	14.6030406	52.208901
	14.599916	52.208971
	14.5991495	52.2090085
	14.5948296	52.20922
	14.5917807	52.210607
	14.588914	52.212047
	14.586345	52.213568
	14.586412	52.214007
	14.587291	52.215799
	14.580514	52.217759
	14.5800365	52.2178057
	14.575444	52.216982
	14.5672674	52.215998
	14.566081	52.215765
	14.565033	52.215765
	14.559793	52.21732
	14.55932	52.218097
	14.558881	52.218638
	14.556008	52.222813
	14.555247	52.224064
	14.5551354	52.2241741
	14.55447	52.224013
	14.5531391	52.2237641
	14.5512955	52.2235473
	14.5481472	52.2233561
	14.5448248	52.2224072
	14.5438021	52.2218687
	14.5413491	52.2212105
	14.5392828	52.2207864
	14.5354076	52.2204618
	14.529304	52.220396
	14.5283416	52.2203936
	14.5261512	52.220738
	14.5237697	52.2209075
	14.52172	52.2211803
	14.5183634	52.2219611
	14.5163122	52.2225091
	14.5144934	52.2227207
	14.5102934	52.22289
	14.505929	52.2230265
	14.5045833	52.2231575
	14.5028706	52.2230731
	14.5009758	52.2231424
	14.4981758	52.223958
	14.4945986	52.2245543
	14.4923174	52.2246409
	14.4900118	52.2249197
	14.4833484	52.2255929
	14.4826237	52.2256411
	14.4771368	52.2260064
	14.4758236	52.2261628
	14.4749181	52.2261004
	14.4710385	52.2261221
	14.4661569	52.2259045
	14.4631625	52.2258132
	14.460623	52.2256016
	14.4563818	52.2259762
	14.4531804	52.2261759
	14.449304	52.2267595
	14.4464899	52.2269449
	14.4448623	52.2268417
	14.4414484	52.2283814
	14.4401212	52.2293448
	14.4351323	52.2314516
	14.4252679	52.2355035
	14.4234871	52.2352875
	14.424294	52.2347607
	14.4255439	52.2343257
	14.4271812	52.2337337
	14.428268	52.2331029
	14.4292454	52.23229
	14.4297615	52.2314995
	14.4287154	52.2287731
	14.4278925	52.2268022
	14.4266619	52.2212918
	14.426208	52.2191397
	14.4258148	52.2180024
	14.422317	52.2193049
	14.4205628	52.2206032
	14.4197581	52.2202966
	14.4194371	52.2206025
	14.4193231	52.2206405
	14.419152	52.2204528
	14.4191157	52.2201842
	14.4190382	52.2201385
	14.4186394	52.2201804
	14.4186168	52.2201121
	14.4186097	52.2199298
END
END
