6551003
1
	10.925249	50.6291647
	10.9266387	50.6274028
	10.9304493	50.6235052
	10.9300597	50.6220842
	10.9317153	50.6187476
	10.9336631	50.6193037
	10.9356596	50.6185622
	10.9378995	50.6160287
	10.9414055	50.615658
	10.9444245	50.6160287
	10.9450088	50.6148237
	10.9469079	50.6118265
	10.9485148	50.6121973
	10.9508034	50.6083038
	10.9556241	50.606017
	10.9605909	50.6057389
	10.9651194	50.6044718
	10.9680556	50.6029332
	10.9699915	50.6002744
	10.9736768	50.5945325
	10.9756014	50.5950034
	10.9795365	50.5950884
	10.9830445	50.5953576
	10.9875851	50.5977007
	10.9923307	50.5980189
	10.9930756	50.6001747
	11.0068989	50.611363
	11.010088	50.6143125
	11.0141151	50.6154405
	11.0164866	50.618173
	11.0197061	50.6187902
	11.0204798	50.6190547
	11.0220059	50.6198805
	11.0227689	50.6202678
	11.0246805	50.6211762
	11.0272846	50.6232944
	11.0361154	50.6285404
	11.0359693	50.6321542
	11.0441499	50.634378
	11.046195	50.6356134
	11.0472663	50.6374046
	11.0526713	50.6373429
	11.0559825	50.6425618
	11.0528122	50.6461884
	11.05155	50.6488562
	11.0494463	50.6496565
	11.046174	50.6495972
	11.0429017	50.6483523
	11.0412187	50.648708
	11.040798	50.6497602
	11.0422939	50.6508569
	11.0418732	50.6514794
	11.0395358	50.651509
	11.0388346	50.65225
	11.0393956	50.6531095
	11.0425342	50.6544662
	11.0422488	50.6582649
	11.0458154	50.6567274
	11.0456727	50.6604354
	11.0428195	50.6645048
	11.0368276	50.6672176
	11.0331407	50.6681769
	11.0320787	50.6679661
	11.0318276	50.6679587
	11.0314406	50.6680966
	11.0310947	50.6682928
	11.0310222	50.6683726
	11.0303936	50.6687307
	11.0295132	50.6688637
	11.0276133	50.6688168
	11.0268827	50.6683747
	11.0241119	50.6687087
	11.0241231	50.6698978
	11.0252566	50.6732257
	11.0243902	50.6753228
	11.0240837	50.6764127
	11.0231935	50.677679
	11.0221121	50.6784797
	11.0208562	50.6781025
	11.0183669	50.6779601
	11.0161433	50.6779927
	11.0158393	50.6797641
	11.0143293	50.6795349
	11.0087602	50.6791295
	11.0085566	50.6788342
	11.0080856	50.6783284
	11.0075978	50.6778867
	11.007543	50.6775306
	11.0073028	50.6775274
	11.0067747	50.6771295
	11.0064766	50.676791
	11.0061085	50.6762779
	11.0066243	50.6759856
	11.0069706	50.6757207
	11.0065876	50.6756692
	11.0063093	50.675568
	11.006083	50.675557
	11.0056659	50.6754581
	11.0051907	50.6754029
	11.0046841	50.6751156
	11.003884	50.6745356
	11.0038224	50.6742551
	11.003797	50.6739562
	11.0031493	50.6739703
	11.0027683	50.6738488
	11.0047903	50.6704697
	11.0048035	50.6702802
	11.0016298	50.670675
	11.0015431	50.6706938
	11.0011211	50.6707373
	11.0015065	50.6676347
	10.9961909	50.6678796
	10.9961662	50.6686269
	10.9950003	50.668409
	10.9950284	50.6685338
	10.9943951	50.6686645
	10.9941509	50.6680744
	10.9939353	50.6679675
	10.9937056	50.6673466
	10.9936383	50.6667443
	10.9936112	50.6663064
	10.9934713	50.6661168
	10.9937525	50.6657069
	10.9937947	50.6654544
	10.9937585	50.6651467
	10.9937759	50.6649256
	10.993954	50.6646493
	10.9949934	50.663534
	10.9953792	50.6632584
	10.99596	50.6629322
	10.9962552	50.6626975
	10.9949242	50.6623737
	10.993565	50.6621806
	10.9916538	50.661667
	10.991531	50.6614468
	10.9890752	50.6591026
	10.9872888	50.6578414
	10.9869346	50.657535
	10.9865818	50.6571833
	10.9859304	50.6560156
	10.9858892	50.6557649
	10.9851102	50.6558314
	10.983622	50.656279
	10.9820697	50.6566661
	10.9817211	50.6561984
	10.9813741	50.6563122
	10.9794958	50.656444
	10.9784461	50.656442
	10.9775923	50.6564518
	10.9768639	50.6565252
	10.9767889	50.6563618
	10.9763952	50.6563261
	10.9755322	50.6563509
	10.9747457	50.6562992
	10.9744456	50.656338
	10.9740281	50.6564468
	10.9735926	50.6563944
	10.972299	50.6563647
	10.9720462	50.6561995
	10.9721772	50.6559012
	10.9715867	50.6558626
	10.970464	50.655671
	10.969262	50.6553812
	10.9687137	50.6552891
	10.9683105	50.6551681
	10.9680388	50.6550336
	10.967392	50.6548791
	10.9671764	50.6547721
	10.9669515	50.6548018
	10.9667416	50.6547685
	10.9669562	50.6539609
	10.9670312	50.6528704
	10.9671905	50.6524485
	10.9672561	50.6520681
	10.9672139	50.6513995
	10.9670827	50.650927
	10.9667312	50.6502079
	10.9665906	50.6495333
	10.9666422	50.6485616
	10.9665859	50.6476671
	10.9662016	50.6461247
	10.9662835	50.6452298
	10.9653131	50.6449392
	10.9639881	50.6447811
	10.9630134	50.6448497
	10.9618498	50.6448168
	10.9608015	50.644952
	10.9600266	50.6453641
	10.9593147	50.6458966
	10.9582648	50.6461012
	10.956846	50.646086
	10.9561021	50.64601
	10.955355	50.6459318
	10.9541682	50.6458057
	10.9534379	50.6456366
	10.9526943	50.6455003
	10.9510364	50.6450427
	10.9502133	50.6448577
	10.9494514	50.6447636
	10.9480521	50.6447813
	10.9465111	50.6449555
	10.9462112	50.6448758
	10.9454033	50.6449401
	10.9450679	50.6450259
	10.9442524	50.6451398
	10.9441295	50.6443543
	10.9427707	50.6444644
	10.9425289	50.644387
	10.9417977	50.6442856
	10.9413458	50.6442582
	10.9408711	50.6441085
	10.9395713	50.6441665
	10.9394652	50.6442758
	10.93883	50.6441021
	10.9377358	50.643434
	10.9371062	50.6433953
	10.9369237	50.6432939
	10.9364512	50.6431104
	10.936144	50.642914
	10.935748	50.6428512
	10.9349026	50.6424535
	10.9345117	50.6420189
	10.9344591	50.6417218
	10.9343695	50.6415246
	10.9338383	50.6410686
	10.9338027	50.6410839
	10.9338548	50.641195
	10.933785	50.6411088
	10.933719	50.6409704
	10.9335963	50.6408852
	10.9331642	50.6404061
	10.9330094	50.6402322
	10.9327856	50.6400974
	10.9326108	50.6400229
	10.9323899	50.6399609
	10.9318835	50.6398715
	10.931834	50.6398739
	10.9316725	50.6397093
	10.9322853	50.6398565
	10.9323088	50.6396588
	10.9330051	50.6391131
	10.9337457	50.6387368
	10.9344785	50.6385516
	10.9342646	50.6381083
	10.9336466	50.638234
	10.9329086	50.638449
	10.9323896	50.6389336
	10.932108	50.6392652
	10.9318302	50.6392102
	10.9312429	50.6386752
	10.9309053	50.6382017
	10.9308642	50.6372392
	10.9309108	50.6370581
	10.9308361	50.636016
	10.9309764	50.6350256
	10.9307016	50.6335918
	10.9306535	50.6333652
	10.9304957	50.6330014
	10.9302795	50.6326932
	10.9297243	50.6321622
	10.9292047	50.6317205
	10.9289878	50.6317715
	10.9286985	50.6316152
	10.9283155	50.6312907
	10.9276834	50.6306519
	10.9272756	50.6304558
	10.9281581	50.6295326
	10.9282132	50.6290858
	10.927608	50.6288136
	10.9273329	50.6293581
	10.9268817	50.629571
	10.9263756	50.6299688
	10.9259788	50.6298085
	10.925249	50.6291647
END
END
