6552822
1
	10.667429	53.1230578
	10.6677375	53.1183442
	10.668568	53.1180878
	10.6681545	53.1163538
	10.6678799	53.115211
	10.6706189	53.1128364
	10.6723844	53.1102612
	10.6712074	53.109851
	10.6716061	53.1085405
	10.6698216	53.1081416
	10.6706379	53.1058054
	10.6696318	53.1055091
	10.6700684	53.1044036
	10.669366	53.1042213
	10.6687776	53.1029904
	10.6715681	53.1032639
	10.6719288	53.102375
	10.6724793	53.0996167
	10.671739	53.0989442
	10.6750041	53.0979754
	10.6777377	53.0982147
	10.6834706	53.0972003
	10.6821988	53.095536
	10.6823506	53.0921617
	10.6857107	53.0919337
	10.6858815	53.0902921
	10.6852551	53.0880233
	10.6874951	53.0850589
	10.6879317	53.0843292
	10.6900578	53.083303
	10.6906084	53.0835652
	10.694386	53.080954
	10.6941887	53.079724
	10.6941887	53.0793021
	10.6936192	53.0776486
	10.6942077	53.0765766
	10.6934294	53.0745922
	10.6928029	53.0749458
	10.6920436	53.0748203
	10.6910755	53.0749686
	10.6892151	53.0740904
	10.689348	53.072642
	10.69155	53.0726306
	10.6915311	53.0707451
	10.7001237	53.0710347
	10.7020517	53.0693639
	10.7085402	53.0686733
	10.7117658	53.0683837
	10.713768	53.0684282
	10.7138421	53.0677599
	10.7153252	53.067849
	10.7158443	53.0661781
	10.7181801	53.0664677
	10.7217395	53.0683614
	10.7264482	53.0693193
	10.7295627	53.0690297
	10.7298964	53.0685396
	10.7341602	53.0691857
	10.7394251	53.0688292
	10.7396846	53.0710792
	10.7401666	53.0714134
	10.7390914	53.0752448
	10.7362736	53.0798108
	10.7347164	53.0797885
	10.7329367	53.0837082
	10.7318244	53.0844431
	10.7324918	53.0856234
	10.7346051	53.0846881
	10.7356062	53.0830401
	10.7366444	53.0822161
	10.738906	53.0795212
	10.7453014	53.0779467
	10.7471997	53.0789267
	10.7582338	53.0764678
	10.7600431	53.0760045
	10.7616152	53.077822
	10.7628016	53.0771805
	10.7642254	53.0771805
	10.7638991	53.0801205
	10.7646407	53.0821873
	10.7664203	53.0822942
	10.7673695	53.0846459
	10.7682297	53.0864809
	10.7714924	53.0916113
	10.7728865	53.0930363
	10.7777807	53.0927691
	10.779501	53.0930719
	10.7832384	53.0904
	10.785552	53.0921457
	10.7899122	53.0922169
	10.7957473	53.0940915
	10.7921794	53.0948646
	10.7892758	53.0955695
	10.7889339	53.0956195
	10.7885519	53.0956464
	10.7860633	53.0954934
	10.7837027	53.0953185
	10.7828898	53.0953013
	10.7827858	53.0953812
	10.7835947	53.0960952
	10.7820189	53.0961332
	10.781777	53.0954082
	10.7807641	53.0953184
	10.7787404	53.0954364
	10.7773557	53.0955894
	10.7755849	53.0959133
	10.775219	53.0959703
	10.7698048	53.0968402
	10.768184	53.0972182
	10.7678651	53.0973321
	10.7677541	53.0976791
	10.7676921	53.098481
	10.7675771	53.0996249
	10.7659583	53.1005828
	10.7624418	53.1025125
	10.7626068	53.1027305
	10.7646745	53.1051832
	10.7661522	53.1062811
	10.7683099	53.107876
	10.7687088	53.1081129
	10.7725792	53.1091578
	10.7733541	53.1095818
	10.7741979	53.1101307
	10.7750668	53.1108667
	10.7761246	53.1120645
	10.7766855	53.1128844
	10.7767825	53.1132514
	10.7767585	53.1135024
	10.7764545	53.1141553
	10.7740169	53.1134034
	10.766884	53.1119385
	10.7644924	53.1116565
	10.7564716	53.1111145
	10.7549449	53.1110075
	10.7527471	53.115895
	10.7505714	53.1210564
	10.7551667	53.1213384
	10.7552856	53.1232569
	10.7448273	53.1229058
	10.7386899	53.1284716
	10.7374403	53.1295893
	10.7359975	53.1308752
	10.7342347	53.13245
	10.7340248	53.13245
	10.730743	53.1353876
	10.7273937	53.1384743
	10.7270478	53.1386833
	10.7234103	53.1409
	10.7227914	53.141159
	10.7223544	53.1413389
	10.7200558	53.1422698
	10.7174322	53.1430057
	10.7171502	53.1431737
	10.7168629	53.1434203
	10.7149465	53.1450655
	10.7111271	53.1450964
	10.7080066	53.1452374
	10.7063189	53.1452794
	10.7050041	53.1451954
	10.7035973	53.1449134
	10.7035243	53.1430476
	10.7031494	53.1429526
	10.7026565	53.1427537
	10.7022585	53.1424987
	10.7016007	53.1419647
	10.6988171	53.1426587
	10.6970268	53.1409996
	10.6957702	53.1394277
	10.6932088	53.1362236
	10.6876852	53.1293131
	10.6751573	53.1310076
	10.6717538	53.1231428
	10.667429	53.1230578
END
END
