6552752
1
	9.4701569	53.2695118
	9.4752186	53.2685741
	9.475647	53.2684947
	9.4845643	53.2671597
	9.4854365	53.2678932
	9.4878301	53.2675727
	9.4904472	53.2671418
	9.4963853	53.2669557
	9.4984967	53.2688531
	9.5030077	53.2680576
	9.5025072	53.2668298
	9.5021095	53.2656859
	9.5012649	53.2642686
	9.5007979	53.2633558
	9.5003064	53.2619929
	9.4986155	53.2561609
	9.497399	53.251859
	9.5038909	53.2484616
	9.5040083	53.2481399
	9.5052	53.2448762
	9.5106694	53.2411183
	9.5188792	53.2456395
	9.5261586	53.249648
	9.5286209	53.2476682
	9.5313337	53.2483327
	9.5384576	53.2502802
	9.5413615	53.2509527
	9.5430475	53.2511536
	9.5428981	53.2608185
	9.5419002	53.266346
	9.5422598	53.2675343
	9.5424988	53.2703416
	9.5314781	53.2734283
	9.5249414	53.2824257
	9.5247218	53.2825326
	9.5247129	53.2827098
	9.5236659	53.2847723
	9.5187958	53.2870733
	9.5162615	53.2883454
	9.5167022	53.2896014
	9.5150436	53.2906574
	9.5148972	53.2911551
	9.5146148	53.2920178
	9.5144391	53.292573
	9.5144051	53.2926176
	9.5120227	53.2919955
	9.5113764	53.2932246
	9.5099337	53.2954549
	9.5086154	53.295567
	9.5085022	53.2956202
	9.5084589	53.295679
	9.5080522	53.2959828
	9.5051613	53.2980184
	9.5027553	53.29968
	9.50254	53.2998374
	9.5020399	53.3003205
	9.5013996	53.3009814
	9.5001315	53.3022903
	9.4986121	53.3039033
	9.4978231	53.3047007
	9.4969198	53.305596
	9.4964116	53.3058933
	9.4940913	53.3058673
	9.4911324	53.3023446
	9.4922931	53.2993567
	9.4880968	53.2963152
	9.4876504	53.2924729
	9.484204	53.2924342
	9.484204	53.2899325
	9.4873428	53.2892029
	9.4849847	53.2834404
	9.4859333	53.2831077
	9.4853861	53.2824984
	9.4847424	53.281966
	9.4833476	53.281472
	9.4822962	53.28076
	9.4816769	53.2807299
	9.4807834	53.2808049
	9.4799379	53.2805873
	9.4796	53.2805683
	9.4787825	53.2806823
	9.4784301	53.2805424
	9.4779367	53.2804181
	9.4775982	53.2805631
	9.4749256	53.2794187
	9.4725942	53.2766371
	9.4726312	53.2760023
	9.4731355	53.2755657
	9.4732986	53.2746663
	9.4715653	53.2738114
	9.470812	53.2715116
	9.4718759	53.2708341
	9.4701569	53.2695118
END
2
	9.5229071	53.3221222
	9.5291768	53.3217087
	9.5360527	53.3198334
	9.5372316	53.3253395
	9.5283005	53.32769
	9.5263392	53.3256882
	9.5288896	53.3250125
	9.5283137	53.3241465
	9.5255525	53.3248774
	9.5229071	53.3221222
END
3
	9.5303161	53.3302976
	9.5383498	53.3266677
	9.5400402	53.3272653
	9.5419827	53.3282094
	9.5449499	53.3322851
	9.5456481	53.3321795
	9.5465176	53.3322377
	9.5475609	53.3320935
	9.5508327	53.331481
	9.5528436	53.3316223
	9.553738	53.3313791
	9.5565043	53.3311059
	9.556799	53.33135
	9.5577539	53.3314053
	9.5589795	53.331426
	9.5589791	53.3331109
	9.5623414	53.3329344
	9.5623471	53.3315503
	9.5658017	53.3316347
	9.5721295	53.3317774
	9.5671902	53.3348604
	9.562234	53.3346057
	9.5622553	53.3346698
	9.5627927	53.3354311
	9.5597908	53.3363221
	9.5566349	53.3372778
	9.555155	53.3372482
	9.5532142	53.3364514
	9.5517135	53.3359733
	9.5501795	53.3354057
	9.5487746	53.3358361
	9.5466826	53.3352416
	9.5459347	53.3346077
	9.545024	53.3344523
	9.5435535	53.3345543
	9.5420957	53.3343866
	9.5419937	53.3337803
	9.5408129	53.3342499
	9.5406446	53.3342871
	9.5417159	53.33554
	9.5363259	53.3360417
	9.5348954	53.3348294
	9.5329952	53.3332663
	9.5303161	53.3302976
END
END
