6552148
1
	10.3993089	54.0230207
	10.3996439	54.0227218
	10.3998048	54.0224634
	10.399837	54.0223436
	10.3997073	54.0219034
	10.3995312	54.021811
	10.3993917	54.0214833
	10.3995367	54.020964
	10.3995447	54.0209407
	10.399861	54.021058
	10.4000105	54.0211702
	10.4002283	54.021281
	10.4004244	54.0213203
	10.4007037	54.0213247
	10.4010505	54.0213088
	10.401252	54.0212828
	10.4012802	54.0212724
	10.4012905	54.0212684
	10.4018761	54.0212029
	10.402782	54.0210638
	10.4031987	54.0210253
	10.4035096	54.0210167
	10.4037937	54.021047
	10.4040832	54.0211135
	10.4043332	54.0211891
	10.4045704	54.0212739
	10.4048356	54.0213911
	10.4051282	54.0215602
	10.4052547	54.0216548
	10.4053596	54.0217437
	10.4055316	54.0220246
	10.4056801	54.0222418
	10.4058692	54.022401
	10.406124	54.0225538
	10.4070868	54.0230847
	10.407272	54.0231829
	10.4074987	54.0232763
	10.4076703	54.0233334
	10.4079748	54.0234016
	10.4082521	54.0234554
	10.4083168	54.0234664
	10.4086225	54.0235182
	10.4091429	54.0235418
	10.4095595	54.0235774
	10.4097906	54.0236229
	10.4100307	54.0236742
	10.4100337	54.0236748
	10.4102767	54.0237247
	10.4132576	54.0205283
	10.4137458	54.0206481
	10.4143412	54.0209443
	10.4149673	54.0209742
	10.4157681	54.0209191
	10.4163298	54.0210151
	10.4167874	54.0211965
	10.4172793	54.0214185
	10.4172857	54.0214241
	10.4176672	54.0217574
	10.4188151	54.0219024
	10.4190389	54.0221339
	10.4192443	54.0225894
	10.4197056	54.0227407
	10.4200168	54.0229298
	10.420639	54.0231314
	10.4210344	54.0234606
	10.4213042	54.0235222
	10.4213424	54.0237034
	10.4216674	54.0239239
	10.4220123	54.0240264
	10.4221476	54.0241252
	10.4221999	54.0239944
	10.4222347	54.0238203
	10.4222488	54.0235296
	10.4221744	54.0233019
	10.4219705	54.0229277
	10.4216473	54.02231
	10.4214971	54.0219618
	10.4214579	54.0217507
	10.4214864	54.0215749
	10.4216205	54.0213795
	10.4217716	54.0212256
	10.4219571	54.0210762
	10.4221704	54.0209525
	10.4224337	54.0208343
	10.4224569	54.0208313
	10.422462	54.0208216
	10.4228905	54.0207626
	10.4233978	54.0207473
	10.4237609	54.0207579
	10.4241203	54.0207886
	10.4253461	54.0209178
	10.4255231	54.0209289
	10.4256013	54.0209238
	10.4256172	54.0203517
	10.4257028	54.0201614
	10.4258742	54.0199785
	10.4262178	54.0198274
	10.4264807	54.0197108
	10.4266094	54.0195311
	10.4266819	54.0193928
	10.4268479	54.0193498
	10.4275119	54.0191618
	10.427766	54.01881
	10.4283713	54.0184541
	10.4285426	54.0181196
	10.428487	54.0179616
	10.428385	54.0178387
	10.4283153	54.0176748
	10.4283685	54.0175225
	10.4287391	54.0173375
	10.4293622	54.0172681
	10.4295598	54.01712
	10.4295264	54.0169014
	10.4297315	54.0167135
	10.430107	54.0166094
	10.4305362	54.0165306
	10.4309278	54.0165464
	10.431196	54.0166441
	10.4313051	54.0167618
	10.4314803	54.0168868
	10.4316627	54.0169246
	10.4319685	54.0170192
	10.4321777	54.0171263
	10.4322988	54.0172271
	10.4320758	54.0174762
	10.4319928	54.0177288
	10.4322367	54.0178134
	10.4325595	54.0178498
	10.4327294	54.017869
	10.4328765	54.0178856
	10.4331272	54.0180246
	10.4332881	54.0182137
	10.4334684	54.0182998
	10.4339701	54.0183707
	10.4340445	54.0182957
	10.4342323	54.0181538
	10.4343777	54.0179498
	10.4345434	54.0177914
	10.4348545	54.0177031
	10.4353695	54.0177599
	10.4358255	54.017722
	10.4362195	54.0176288
	10.4367106	54.017473
	10.436894	54.0173703
	10.4372605	54.0172887
	10.4379176	54.0171941
	10.4382636	54.0171216
	10.4385784	54.0170741
	10.4388681	54.0170173
	10.4391005	54.016994
	10.4392651	54.017011
	10.4396298	54.0169414
	10.4401985	54.0166643
	10.4403487	54.0165193
	10.4405954	54.0163743
	10.4407634	54.016321
	10.4408583	54.0162277
	10.4410102	54.0162044
	10.4411104	54.0162104
	10.4412355	54.0162155
	10.4413277	54.0162577
	10.4414206	54.0162029
	10.4414323	54.0161143
	10.4416308	54.0160655
	10.4417585	54.0160768
	10.4418712	54.0160563
	10.4419221	54.0160169
	10.4420375	54.0159901
	10.4421424	54.0160083
	10.4422601	54.0159775
	10.4424998	54.0159485
	10.4426168	54.015968
	10.4427107	54.0159286
	10.4428448	54.0158955
	10.4429658	54.0158596
	10.4431989	54.0158766
	10.4433357	54.0159223
	10.4436111	54.0159489
	10.4448845	54.0160718
	10.4450716	54.0160899
	10.4454409	54.0160828
	10.4455699	54.0160547
	10.4457497	54.0160563
	10.4458194	54.0159917
	10.4459589	54.0159806
	10.4460769	54.0159286
	10.4462727	54.0158845
	10.4464122	54.0158136
	10.4465946	54.0157647
	10.4468225	54.0156812
	10.4471558	54.015587
	10.4485013	54.0146427
	10.4483594	54.0145898
	10.4482865	54.0145261
	10.4482441	54.014489
	10.4481476	54.0143928
	10.4478134	54.0142381
	10.4477533	54.0141076
	10.447646	54.0139295
	10.4475455	54.0138205
	10.4475139	54.0137916
	10.4469823	54.0138046
	10.444894	54.0138559
	10.4430082	54.0136706
	10.4420053	54.013682
	10.44137	54.0137313
	10.4418444	54.0131588
	10.4422521	54.0130012
	10.4424881	54.0127931
	10.4428421	54.0125788
	10.4431962	54.0122573
	10.4435604	54.011734
	10.4435181	54.011537
	10.4432659	54.0114078
	10.4426973	54.0113983
	10.4417989	54.0113903
	10.4414957	54.0102666
	10.4396803	54.0103662
	10.4395508	54.0090036
	10.4396745	54.0088902
	10.4397967	54.0088231
	10.4394066	54.007136
	10.4392082	54.0071419
	10.4392062	54.0070935
	10.4392297	54.0067806
	10.4392015	54.0065177
	10.4390379	54.0059235
	10.438959	54.0056128
	10.4389796	54.0053705
	10.441374	54.0014807
	10.4464176	54.0007115
	10.4477664	54.0006362
	10.4480875	53.9999468
	10.4485886	53.9992659
	10.4490285	53.998837
	10.4493426	53.9982957
	10.4496293	53.9979983
	10.450391	53.998137
	10.4511635	53.9982127
	10.4519038	53.9981496
	10.452507	53.9979361
	10.4558204	53.9978161
	10.4591887	53.9974055
	10.45994	53.9971303
	10.4605874	53.9969985
	10.4607066	53.9970832
	10.4643638	54.000052
	10.4646285	54.0000827
	10.4646524	54.0001899
	10.4647589	54.0002856
	10.464889	54.0003983
	10.4649654	54.0004759
	10.4650797	54.0005491
	10.4651403	54.0006003
	10.4651926	54.0006391
	10.4652248	54.0006771
	10.4652763	54.0007086
	10.4653409	54.0007523
	10.4653812	54.0007767
	10.4654034	54.0008259
	10.4654654	54.0008781
	10.4655206	54.0009389
	10.465637	54.0010149
	10.4657036	54.0010595
	10.4657336	54.0010933
	10.4657596	54.0011257
	10.465754	54.0011256
	10.4658141	54.0011872
	10.4658407	54.0012486
	10.4663278	54.0016432
	10.4670857	54.0022572
	10.4677171	54.0027533
	10.468041	54.0030456
	10.4690034	54.0037718
	10.4680886	54.006027
	10.4684582	54.0062334
	10.4688927	54.006454
	10.469445	54.0067978
	10.469751	54.0069742
	10.4702982	54.0072107
	10.4711994	54.0077624
	10.4735273	54.0093325
	10.4735809	54.0094459
	10.4736617	54.0096885
	10.473828	54.0102812
	10.4738652	54.0103917
	10.4740908	54.0107099
	10.4743	54.0110188
	10.4744502	54.01123
	10.474638	54.0115421
	10.4748526	54.0117344
	10.4756733	54.0124499
	10.4758986	54.0128471
	10.4762417	54.0130175
	10.4781436	54.0136052
	10.4786302	54.0139427
	10.4786822	54.0139683
	10.4787589	54.014006
	10.4790245	54.0142139
	10.4793089	54.0144356
	10.4800054	54.0149426
	10.4801575	54.0150775
	10.4804451	54.01534
	10.4806647	54.015439
	10.4811716	54.0155816
	10.4816327	54.0156721
	10.4818743	54.0157282
	10.4825603	54.0158925
	10.4829033	54.0155807
	10.4830087	54.0155629
	10.4833418	54.0156152
	10.4836176	54.0156748
	10.4837546	54.0156745
	10.4839847	54.0156702
	10.4843262	54.0156231
	10.4849026	54.015271
	10.485097	54.0151844
	10.485291	54.0151498
	10.4855168	54.0151632
	10.485671	54.015195
	10.4862858	54.0152675
	10.4863969	54.0152824
	10.4865012	54.0153137
	10.4866021	54.0153558
	10.4866616	54.0154028
	10.4869668	54.0156641
	10.4872983	54.0159198
	10.487407	54.0161471
	10.4874813	54.0163794
	10.4876213	54.0165255
	10.4878664	54.0167699
	10.4879713	54.0170253
	10.4880287	54.017606
	10.4881356	54.017885
	10.4884992	54.0182924
	10.4887728	54.0185224
	10.4891429	54.018866
	10.4893391	54.0192082
	10.489336	54.0193954
	10.4892732	54.019436
	10.489222	54.0194691
	10.4889502	54.0196032
	10.4886755	54.0197808
	10.4886001	54.0199653
	10.4886816	54.0204166
	10.4885743	54.0207822
	10.4884641	54.0210225
	10.4862305	54.0210813
	10.4859511	54.02105
	10.4854478	54.02095
	10.4851062	54.0208436
	10.4847901	54.0207112
	10.4846905	54.020612
	10.4840114	54.0196922
	10.4837356	54.0194585
	10.4825709	54.0185957
	10.4822258	54.0184717
	10.4796556	54.0179603
	10.4790892	54.0180067
	10.4783953	54.0181052
	10.4775652	54.0181699
	10.4765602	54.0182066
	10.4763059	54.0183461
	10.4761083	54.018842
	10.4757218	54.0191749
	10.4747561	54.0192292
	10.4743059	54.0192138
	10.4743199	54.0189025
	10.4734547	54.0185996
	10.472988	54.0183317
	10.4727803	54.0180971
	10.4726286	54.0177109
	10.4723526	54.0175034
	10.4718647	54.0173697
	10.471207	54.0173925
	10.4707832	54.0175123
	10.4702426	54.0177927
	10.4702789	54.0180386
	10.4704418	54.0180862
	10.4705257	54.0181553
	10.4703989	54.0183497
	10.4703667	54.018657
	10.4704927	54.0188461
	10.4712665	54.0194736
	10.4712453	54.0201751
	10.4711654	54.0202704
	10.471054	54.0203516
	10.4698266	54.0207008
	10.4685364	54.0208405
	10.4669909	54.0209961
	10.4665574	54.021052
	10.4662958	54.021109
	10.46597	54.0213467
	10.4657715	54.0215274
	10.464939	54.0222335
	10.4649637	54.0223327
	10.4651247	54.0224478
	10.4651139	54.0225061
	10.4648886	54.0225691
	10.4646875	54.0225644
	10.4645399	54.0225108
	10.4644729	54.0223895
	10.4644433	54.0223393
	10.4633946	54.022213
	10.4626597	54.0220712
	10.4621984	54.0219735
	10.46165	54.021934
	10.4613991	54.0220239
	10.4610182	54.0220743
	10.4607285	54.0220176
	10.4603906	54.0218443
	10.4600794	54.0217623
	10.4596042	54.0217501
	10.4591073	54.0218671
	10.458821	54.0219653
	10.4588179	54.0219664
	10.4574289	54.0227283
	10.4571962	54.0227617
	10.4568877	54.0227838
	10.4563405	54.0228507
	10.4552899	54.0229413
	10.4549456	54.023048
	10.4546357	54.0231481
	10.4541544	54.0232323
	10.4539452	54.0233237
	10.4537521	54.023497
	10.4534414	54.0235975
	10.4531245	54.0236167
	10.4528777	54.0238846
	10.4526899	54.0239665
	10.4524056	54.0241903
	10.4523681	54.0243352
	10.4522983	54.0244298
	10.4520408	54.0245558
	10.4518745	54.0246661
	10.4518209	54.0247418
	10.4517512	54.0248331
	10.4515273	54.024945
	10.4511785	54.0251018
	10.4511732	54.0251617
	10.4509157	54.0252846
	10.4507815	54.0252972
	10.4504597	54.0254484
	10.4503524	54.0255776
	10.4500734	54.0257163
	10.4497516	54.0257698
	10.4494369	54.0259288
	10.4487967	54.0261952
	10.4481852	54.0262551
	10.4476326	54.0264064
	10.4472339	54.0266126
	10.4463237	54.0268633
	10.4458999	54.02692
	10.4454064	54.027046
	10.4451467	54.0271697
	10.4443872	54.027837
	10.4441131	54.0282321
	10.4436308	54.0282844
	10.4432606	54.0285491
	10.4424989	54.0286688
	10.44173	54.0288705
	10.4414597	54.0286935
	10.4411652	54.0287162
	10.4408879	54.0287376
	10.440503	54.0285304
	10.4398135	54.0285241
	10.4396875	54.0278371
	10.4388246	54.0277235
	10.4385829	54.0279157
	10.4384664	54.0281947
	10.4378836	54.0283179
	10.4378293	54.0283294
	10.4378265	54.0283894
	10.4378156	54.0284724
	10.437774	54.0286134
	10.4377197	54.028699
	10.4376603	54.0287839
	10.4376345	54.02881
	10.4376294	54.028808
	10.4375569	54.0288781
	10.4374802	54.0289381
	10.4373742	54.0289966
	10.4369136	54.0289754
	10.4366278	54.0289944
	10.4357384	54.0291016
	10.4342658	54.0293045
	10.4341515	54.0293135
	10.433633	54.0293541
	10.4334781	54.0290812
	10.4331639	54.0291093
	10.4327664	54.0290918
	10.4325684	54.0290179
	10.4324385	54.0289197
	10.4322734	54.0285972
	10.4320968	54.0284623
	10.4309737	54.0280734
	10.4302049	54.0276755
	10.4300226	54.0273541
	10.4297221	54.0271965
	10.4296149	54.0268877
	10.4297221	54.0265915
	10.4295183	54.0264466
	10.4295126	54.0262544
	10.4289819	54.0260495
	10.4284132	54.0259991
	10.427909	54.0260243
	10.4275013	54.0257659
	10.4274584	54.0256021
	10.4270078	54.0254067
	10.4261046	54.0252851
	10.4260249	54.025331
	10.4256996	54.0258319
	10.4254421	54.0262336
	10.4249942	54.0265897
	10.424274	54.0272818
	10.424007	54.0274538
	10.4240044	54.0274645
	10.4235436	54.0279136
	10.4234397	54.0283664
	10.4236952	54.0286218
	10.4236967	54.0286233
	10.4236255	54.0288744
	10.423606	54.0291586
	10.4237435	54.0292904
	10.4239973	54.0293394
	10.424398	54.0293628
	10.4247627	54.0293329
	10.4250631	54.0294038
	10.4253204	54.0295352
	10.4253367	54.0296784
	10.4240367	54.0308803
	10.424634	54.0310674
	10.4250817	54.0313117
	10.4251345	54.0317252
	10.425031	54.0321639
	10.4247564	54.0325494
	10.4239282	54.0336339
	10.4230944	54.033944
	10.4225687	54.0340795
	10.4220905	54.0340668
	10.421764	54.0338778
	10.4215655	54.0336195
	10.4211606	54.0333779
	10.4208305	54.03334
	10.4206648	54.033297
	10.4202888	54.0331689
	10.4197041	54.0330429
	10.4191569	54.0328633
	10.4187546	54.0328728
	10.4182342	54.0327846
	10.4177519	54.032664
	10.4170487	54.0321576
	10.4166678	54.0319622
	10.4165031	54.0317056
	10.4161759	54.0313433
	10.4160295	54.0311462
	10.4154785	54.0308077
	10.4150968	54.030623
	10.4147373	54.030541
	10.4141106	54.0303067
	10.4137281	54.0303554
	10.4131557	54.0303257
	10.4123066	54.0305917
	10.4118788	54.0308097
	10.4117342	54.0308833
	10.4109647	54.0306263
	10.4102646	54.0302313
	10.4091556	54.0300442
	10.4088599	54.0298922
	10.408302	54.0291958
	10.4072805	54.0287887
	10.4071004	54.0289343
	10.4068858	54.0288902
	10.4065747	54.0287169
	10.4065049	54.0285688
	10.4062798	54.0284438
	10.4061133	54.0283514
	10.4054428	54.0280993
	10.4048849	54.0281371
	10.4044362	54.0279775
	10.40159	54.0261412
	10.4020149	54.0254067
	10.4022992	54.025079
	10.4025068	54.0247127
	10.4025413	54.0246518
	10.4022671	54.0244172
	10.4021866	54.0243069
	10.4019911	54.0242363
	10.4018918	54.0242377
	10.4016716	54.0242407
	10.401457	54.0243447
	10.4011148	54.0244178
	10.3993925	54.023073
	10.3993089	54.0230207
END
END
