6552362
1
	10.9031132	52.4562038
	10.9212101	52.4603094
	10.9221322	52.4604483
	10.9234505	52.4605859
	10.9239376	52.4606114
	10.9197387	52.4429094
	10.9259676	52.4395896
	10.9293978	52.4377787
	10.9331599	52.4358642
	10.9360618	52.43422
	10.9365479	52.4339213
	10.9367082	52.4338228
	10.9405538	52.4332645
	10.9421104	52.4310036
	10.9433007	52.429794
	10.9443384	52.4293194
	10.9463528	52.4281749
	10.9501069	52.426807
	10.9531285	52.425923
	10.9564706	52.4251506
	10.9574778	52.4250482
	10.9583629	52.4246481
	10.9594311	52.4232615
	10.9621627	52.4240525
	10.9630021	52.4239315
	10.9635057	52.4231219
	10.9706934	52.4242014
	10.9714412	52.4242014
	10.9713649	52.4258392
	10.9727993	52.4266581
	10.978461	52.4254856
	10.9794721	52.4261169
	10.9772104	52.4276007
	10.9773604	52.4276997
	10.9774544	52.4277607
	10.9776024	52.4278597
	10.9748968	52.4296914
	10.9746778	52.4296225
	10.9745308	52.4295725
	10.9743108	52.4295045
	10.973285	52.4302704
	10.9724931	52.4306293
	10.9715992	52.4309303
	10.9716482	52.4310833
	10.9716762	52.4311753
	10.9717222	52.4313232
	10.9694326	52.4318652
	10.9687097	52.4320411
	10.9686077	52.4319262
	10.9685337	52.4318462
	10.9684367	52.4317392
	10.966298	52.4322771
	10.9654252	52.4324991
	10.9650262	52.4326661
	10.9651852	52.43275
	10.9653172	52.432819
	10.9654231	52.432876
	10.9634144	52.4341919
	10.9629335	52.4345048
	10.9627115	52.4346578
	10.9625426	52.4346688
	10.9623616	52.4346808
	10.9621776	52.4346958
	10.9620856	52.4347038
	10.9619446	52.4347528
	10.9618377	52.4347918
	10.9614407	52.4350508
	10.9611418	52.4353097
	10.9609418	52.4355547
	10.9606908	52.4359927
	10.9603689	52.4365576
	10.9605938	52.4366036
	10.9607418	52.4366186
	10.9609148	52.4366646
	10.9597449	52.4389913
	10.9595739	52.4389533
	10.959427	52.4389223
	10.959272	52.4388843
	10.958867	52.4396932
	10.9584481	52.4405281
	10.9586041	52.4405671
	10.958772	52.4406011
	10.958971	52.4406511
	10.9579471	52.4426729
	10.9577502	52.4426309
	10.9575802	52.4425889
	10.9574262	52.4425499
	10.9570043	52.4433548
	10.9565413	52.4442247
	10.9563783	52.4444387
	10.9565303	52.4444807
	10.9566523	52.4445107
	10.9568263	52.4445607
	10.9559524	52.4455756
	10.9557694	52.4456745
	10.9543856	52.4463954
	10.9542716	52.4462885
	10.9541767	52.4462015
	10.9541127	52.4461365
	10.9524719	52.4469454
	10.951896	52.4472313
	10.952005	52.4473303
	10.9520879	52.4474023
	10.952052	52.4475403
	10.9486664	52.4492791
	10.9485544	52.450275
	10.9485394	52.450405
	10.9485104	52.4505539
	10.9479335	52.4535286
	10.9477565	52.4537276
	10.9472356	52.4540176
	10.9470356	52.4538646
	10.9464697	52.4541355
	10.9453439	52.4546735
	10.9452049	52.4547345
	10.9440241	52.4552494
	10.944248	52.4554934
	10.9420823	52.4564852
	10.9418834	52.4562723
	10.9390048	52.4575461
	10.9386198	52.4577181
	10.9388948	52.4579921
	10.9362542	52.4592049
	10.9358072	52.4590259
	10.9336666	52.4600098
	10.9339565	52.4609907
	10.9339925	52.4611167
	10.9340835	52.4614296
	10.9343584	52.4623605
	10.9348583	52.4640464
	10.9345094	52.4641683
	10.9344924	52.4648623
	10.9344553	52.4664191
	10.9341824	52.466861
	10.9341834	52.467029
	10.9342114	52.467148
	10.9342304	52.467224
	10.9343543	52.467468
	10.9343803	52.4677119
	10.9343723	52.4678499
	10.9343323	52.4686238
	10.9341993	52.4712405
	10.9341783	52.4716375
	10.9324106	52.4716265
	10.9286501	52.4715915
	10.9257076	52.4715685
	10.9246687	52.4715684
	10.9244678	52.4715614
	10.9241748	52.4715234
	10.9195236	52.4700196
	10.9126056	52.4676168
	10.91026	52.4668039
	10.9083254	52.4640502
	10.9059768	52.4607506
	10.9052999	52.4598197
	10.9031132	52.4562038
END
END
