6552790
1
	9.4957698	53.5387815
	9.4991741	53.5378555
	9.4992036	53.5362077
	9.500059	53.5361375
	9.5002065	53.5366284
	9.5037166	53.5365933
	9.5049555	53.5361901
	9.5110908	53.5362778
	9.514306	53.5334904
	9.5146305	53.5329118
	9.5137161	53.5328592
	9.5134801	53.5322281
	9.5146601	53.5315898
	9.51523	53.5307131
	9.5241256	53.5233557
	9.5252657	53.5218955
	9.5312414	53.5230811
	9.5398565	53.5241795
	9.5400251	53.524201
	9.5501983	53.5264573
	9.5510711	53.5272951
	9.5521217	53.5269984
	9.5586757	53.5270198
	9.5593626	53.5274279
	9.5610425	53.5278572
	9.561636	53.5277254
	9.5622891	53.5282079
	9.5637845	53.5284329
	9.5640531	53.5283603
	9.564578	53.5284256
	9.5647373	53.528599
	9.5684667	53.5290857
	9.5713515	53.5293531
	9.5731815	53.5295583
	9.5741241	53.5295798
	9.5751068	53.5293657
	9.5762482	53.5290646
	9.5765656	53.5290719
	9.5773408	53.5293367
	9.5780122	53.5295181
	9.5784594	53.5295329
	9.5783968	53.5296778
	9.5782198	53.5298447
	9.578232	53.5300116
	9.5789071	53.530864
	9.5792836	53.531758
	9.5796202	53.5326838
	9.5782477	53.5376518
	9.5778311	53.5379315
	9.5773203	53.5383354
	9.5768369	53.5387458
	9.5764885	53.539111
	9.5759781	53.5395381
	9.5754626	53.5398621
	9.5755402	53.5401698
	9.5751494	53.5413063
	9.5751767	53.5417276
	9.5749666	53.5431007
	9.574914	53.5439974
	9.5745358	53.5441323
	9.5713334	53.5442764
	9.5675295	53.5443527
	9.5656002	53.54435
	9.5598536	53.5449306
	9.5592917	53.545029
	9.5593495	53.545385
	9.5584385	53.5457549
	9.5583033	53.5458098
	9.5572197	53.5461041
	9.5566112	53.5466927
	9.5552922	53.5478745
	9.5535069	53.5494388
	9.5525569	53.5498974
	9.5508768	53.5513788
	9.550806	53.5519308
	9.5492589	53.5533509
	9.5490882	53.5532903
	9.5479333	53.5524987
	9.547281	53.5528171
	9.5458819	53.5528225
	9.5440832	53.5525452
	9.5398389	53.5516908
	9.5370033	53.5510473
	9.5366186	53.5513708
	9.5304753	53.5515131
	9.5281169	53.5508558
	9.5170879	53.5495348
	9.5132716	53.5491805
	9.5105068	53.5487982
	9.5010453	53.5472588
	9.498024	53.5460346
	9.4962878	53.5438253
	9.4960209	53.5430653
	9.4958968	53.5415464
	9.4957698	53.5387815
END
END
