6552630
1
	10.1200458	53.276081
	10.1238922	53.2747252
	10.1272345	53.2735495
	10.1497955	53.270069
	10.1610981	53.2673695
	10.1678235	53.2652696
	10.1683155	53.265116
	10.1698084	53.2652135
	10.1700327	53.2652298
	10.18655	53.2663065
	10.1873944	53.2661479
	10.1880808	53.2660129
	10.1886769	53.2658985
	10.190002	53.2676934
	10.1913673	53.2679017
	10.1915037	53.2689015
	10.1927299	53.2690425
	10.195559	53.2744571
	10.2036474	53.2732947
	10.2113491	53.2786437
	10.2114977	53.2787768
	10.2243993	53.2869134
	10.2243465	53.2869554
	10.2249191	53.2874064
	10.2259494	53.2883765
	10.2259918	53.2887626
	10.2258815	53.2902854
	10.2118297	53.2936036
	10.2083186	53.2867397
	10.2050945	53.2869204
	10.2048624	53.2869764
	10.2047971	53.2869371
	10.1898958	53.2877725
	10.1907268	53.2898359
	10.1902779	53.2911348
	10.1856926	53.2912929
	10.1794293	53.2925641
	10.174615	53.2937375
	10.1709236	53.2936187
	10.1606143	53.2963953
	10.1591905	53.2968121
	10.1603211	53.2990554
	10.1595052	53.299264
	10.1583909	53.2994061
	10.1586071	53.3002137
	10.1583672	53.3002366
	10.1583021	53.3002428
	10.1570194	53.2994994
	10.1570319	53.2994852
	10.1569868	53.2994819
	10.1546098	53.2982153
	10.1522717	53.2969408
	10.1522471	53.2968303
	10.1521371	53.2968674
	10.1458678	53.2934941
	10.1444146	53.2945308
	10.1419153	53.2961008
	10.1418602	53.2960841
	10.1418076	53.2960849
	10.1365332	53.293348
	10.1412335	53.29015
	10.1382529	53.2882596
	10.1343786	53.2855089
	10.1345048	53.2876115
	10.1300694	53.2858564
	10.1237228	53.2832778
	10.1200458	53.276081
END
END
