6553346
1
	6.8570462	50.434073
	6.8580313	50.4327989
	6.8641674	50.4300207
	6.8644641	50.4298863
	6.8651052	50.4296799
	6.8668875	50.428789
	6.868074	50.4248558
	6.8689249	50.4220346
	6.8705815	50.4208981
	6.8716768	50.4201466
	6.8737285	50.4207121
	6.8848414	50.4237753
	6.8849158	50.4263999
	6.8960901	50.4347958
	6.8911742	50.4358899
	6.8842462	50.4363834
	6.8797426	50.43771
	6.8752431	50.4369579
	6.8687344	50.43587
	6.8645411	50.4369957
	6.8628046	50.436407
	6.8609972	50.4364641
	6.8593479	50.4363319
	6.8578301	50.4354821
	6.8570462	50.434073
END
END
