6553994
1
	7.9746158	50.3901806
	7.9761062	50.3882802
	7.9908431	50.3825317
	7.993986	50.3813057
	7.9945853	50.3810719
	7.9953556	50.3807714
	7.9962282	50.380431
	7.9980724	50.3797117
	8.0021736	50.3781119
	8.002081	50.3795261
	8.0016109	50.3800339
	8.0010944	50.3804139
	7.9997747	50.3811959
	7.9990379	50.3820111
	7.9990489	50.3827427
	7.9998322	50.3835184
	8.0015965	50.3841445
	8.0038603	50.38478
	8.0082881	50.3847242
	8.011143	50.3848963
	8.0139737	50.3847077
	8.0153075	50.3846967
	8.0162323	50.3848147
	8.0165023	50.3849027
	8.0171332	50.3852497
	8.0178081	50.3855696
	8.0191829	50.3860656
	8.0195898	50.3861536
	8.0202937	50.3862106
	8.0203137	50.3866035
	8.0202407	50.3871375
	8.0203037	50.3876034
	8.0163927	50.3879045
	8.0138936	50.388097
	8.0083441	50.3885243
	8.0080746	50.3885463
	8.0076542	50.3885806
	8.0062454	50.3886956
	8.0035441	50.3889161
	7.9923511	50.3924691
	7.9907113	50.3902527
	7.9853982	50.3907964
	7.9850046	50.39226
	7.9763049	50.3941711
	7.9746158	50.3901806
END
END
