6553539
1
	7.5361518	49.7139555
	7.5362927	49.7138281
	7.5368972	49.7129725
	7.5393105	49.7135727
	7.5384265	49.7116352
	7.5368906	49.7087128
	7.5379155	49.7085828
	7.5384194	49.7084308
	7.5392583	49.7078929
	7.5403041	49.7078469
	7.5405271	49.7076519
	7.5405551	49.7073279
	7.5404651	49.706653
	7.5405551	49.7065
	7.541354	49.7059581
	7.541061	49.7054621
	7.54146	49.7051722
	7.541054	49.7048862
	7.5407151	49.7045012
	7.5405111	49.7040363
	7.5402132	49.7037273
	7.5399412	49.7033564
	7.5397952	49.7030744
	7.5396992	49.7026395
	7.5396633	49.7023005
	7.5397762	49.7021325
	7.5400172	49.7020635
	7.5405831	49.7020295
	7.5410611	49.7020905
	7.54132	49.7021475
	7.541684	49.7023615
	7.5420459	49.7026625
	7.5424459	49.7022965
	7.5430488	49.7017436
	7.5440006	49.7018805
	7.5441086	49.7013156
	7.5442256	49.7007137
	7.5442666	49.7003237
	7.5442636	49.6999088
	7.5442196	49.6996218
	7.5441936	49.6994198
	7.5445876	49.6993098
	7.5444296	49.6990079
	7.5451945	49.6987449
	7.5459344	49.6986419
	7.5464113	49.6986459
	7.5465113	49.697971
	7.548699	49.698157
	7.5508367	49.6985009
	7.5495199	49.6973071
	7.5470222	49.6954033
	7.5472172	49.6943424
	7.5474722	49.6938505
	7.5477151	49.6934085
	7.5478491	49.6932245
	7.5498668	49.6932025
	7.5499198	49.6928096
	7.5523475	49.6927556
	7.5529779	49.692769
	7.5530127	49.6921445
	7.5552359	49.6917905
	7.555239	49.691609
	7.5553055	49.6916307
	7.555854	49.691322
	7.584262	49.6941978
	7.589047	49.6968378
	7.5922838	49.7023307
	7.5922879	49.7023663
	7.5923517	49.7024621
	7.5913701	49.702639
	7.5913491	49.7031842
	7.5911783	49.7031987
	7.590821	49.7033052
	7.5904757	49.7034817
	7.5897089	49.7039465
	7.5889425	49.7042822
	7.5886052	49.704412
	7.5874588	49.7047386
	7.5876388	49.7053955
	7.5882177	49.706214
	7.587562	49.7065365
	7.586751	49.706996
	7.5868032	49.7070505
	7.586482	49.7072297
	7.5860003	49.707562
	7.5846534	49.7085355
	7.5845851	49.7086437
	7.5853024	49.7092075
	7.5863897	49.7100061
	7.5868524	49.7104283
	7.5871724	49.7108381
	7.5863203	49.7120672
	7.5857502	49.7125453
	7.5848349	49.7132198
	7.5845177	49.7130121
	7.5820671	49.7142852
	7.5806113	49.7130904
	7.5804491	49.7131668
	7.5676397	49.704718
	7.566869	49.7049141
	7.56598	49.705005
	7.5628531	49.7049791
	7.561659	49.7052469
	7.5602883	49.7054967
	7.5569796	49.7057952
	7.5557402	49.706616
	7.5560214	49.7075112
	7.5559476	49.7080657
	7.5545536	49.7074275
	7.553328	49.7064263
	7.5532006	49.7065519
	7.5529082	49.7067759
	7.5525107	49.7069282
	7.5518351	49.7072569
	7.5511644	49.7075231
	7.5509817	49.7075776
	7.5509195	49.707614
	7.550783	49.7077593
	7.5507149	49.7081567
	7.550751	49.7084396
	7.5506857	49.708838
	7.5505636	49.7089701
	7.5505324	49.7091394
	7.5503999	49.7092692
	7.5502112	49.7096249
	7.5502382	49.7108627
	7.5496939	49.711459
	7.5492603	49.7121807
	7.5486411	49.7129732
	7.5483345	49.7135019
	7.5479654	49.713847
	7.5476702	49.7140856
	7.5476655	49.7141673
	7.5476253	49.7142387
	7.5473488	49.7145801
	7.5471671	49.7147508
	7.5467101	49.715307
	7.5463324	49.7154781
	7.5456879	49.7158948
	7.545705	49.7159187
	7.5453884	49.7160672
	7.5450023	49.7163022
	7.5449087	49.7163848
	7.5440951	49.7168827
	7.5438936	49.7170607
	7.5432875	49.7174714
	7.5425778	49.717732
	7.5411145	49.7181795
	7.540974	49.7182547
	7.5402745	49.7184466
	7.5399281	49.7174276
	7.5394081	49.7167863
	7.5361518	49.7139555
END
END
