6553415
1
	7.6515268	50.6989649
	7.6560047	50.7003052
	7.6564354	50.7001428
	7.6574796	50.7001922
	7.6576943	50.6992465
	7.657382	50.6987396
	7.6570111	50.6984244
	7.6568452	50.6978186
	7.6569428	50.6975899
	7.656611	50.6971448
	7.6563798	50.6961483
	7.66067	50.6965395
	7.6607894	50.6955817
	7.6617546	50.6953535
	7.6616647	50.6945281
	7.6721376	50.6917677
	7.6793291	50.6913919
	7.6756663	50.6988828
	7.6889033	50.7065559
	7.6961937	50.7047422
	7.6962607	50.7054361
	7.6966486	50.7057261
	7.6968026	50.706417
	7.6979684	50.7070839
	7.6989923	50.7081558
	7.6955566	50.710924
	7.6887792	50.7110127
	7.6815458	50.7172784
	7.6785976	50.7168413
	7.6777497	50.716622
	7.678255	50.7163382
	7.6783502	50.7159918
	7.6786573	50.7157856
	7.6777722	50.7133825
	7.6767183	50.7134962
	7.6756509	50.7117594
	7.672341	50.7115891
	7.6702777	50.7112459
	7.6704855	50.7110408
	7.6705473	50.7107576
	7.6677491	50.7102316
	7.6680859	50.7100072
	7.6653922	50.7093188
	7.6649479	50.7093352
	7.6644231	50.7082456
	7.6624542	50.7081845
	7.6622401	50.7084828
	7.660532	50.707844
	7.6595443	50.7071513
	7.6595632	50.7067987
	7.6589096	50.7065725
	7.6583256	50.7062622
	7.6578307	50.7058861
	7.6575917	50.7055842
	7.6574079	50.70522
	7.6565207	50.7051172
	7.6552034	50.7051023
	7.6546759	50.7050905
	7.6515268	50.6989649
END
END
