6553780
1
	7.3562019	50.2898366
	7.3564053	50.2897587
	7.3568995	50.2895535
	7.3572279	50.2894171
	7.3575426	50.2893364
	7.3576864	50.2884956
	7.3588886	50.2885754
	7.3591392	50.2887564
	7.3603516	50.288754
	7.3604689	50.2883615
	7.3606955	50.2879446
	7.3608072	50.2879545
	7.3626428	50.287912
	7.3628655	50.2879369
	7.3627992	50.2876281
	7.3634227	50.2862939
	7.3637101	50.2858426
	7.364218	50.2856648
	7.3638251	50.2855417
	7.3645031	50.2843258
	7.3660452	50.2834167
	7.367338	50.2839326
	7.3675332	50.284199
	7.3680407	50.285122
	7.3685079	50.2848996
	7.3706768	50.2839413
	7.3709652	50.283845
	7.3704083	50.2832386
	7.3719081	50.2827233
	7.3738839	50.2820603
	7.3739201	50.2819917
	7.3757195	50.2840336
	7.3758288	50.2839443
	7.3761729	50.2842472
	7.3764715	50.2843799
	7.3773026	50.2844754
	7.3779723	50.2845164
	7.3779355	50.2847042
	7.3784864	50.2848039
	7.3785691	50.284534
	7.3814918	50.2858513
	7.3818264	50.2859563
	7.3820411	50.2860096
	7.3822849	50.2860188
	7.3824012	50.2860057
	7.3824304	50.2862088
	7.3830277	50.2862378
	7.383164	50.2863789
	7.3832419	50.286412
	7.3834172	50.2863996
	7.3836055	50.2862337
	7.3837094	50.2862129
	7.3838393	50.2862461
	7.3840145	50.2861963
	7.384099	50.2860221
	7.3846249	50.2857856
	7.384943	50.2855492
	7.3852939	50.2855319
	7.3853903	50.2852171
	7.3856382	50.2850294
	7.3856841	50.2847243
	7.385942	50.2842782
	7.3867111	50.2846639
	7.3867438	50.2846443
	7.386858	50.2845759
	7.3874089	50.284705
	7.3878588	50.2847754
	7.3885566	50.2852037
	7.3888223	50.2854501
	7.3892177	50.2856907
	7.3898605	50.2860427
	7.3903247	50.2862025
	7.3910279	50.286346
	7.39166	50.2864921
	7.3922202	50.2857845
	7.3940583	50.2862228
	7.3955284	50.2865649
	7.3943024	50.2882085
	7.3955539	50.2889151
	7.3953076	50.2892507
	7.3987585	50.2910079
	7.3969548	50.2917263
	7.3965994	50.2918626
	7.3982958	50.293455
	7.3994782	50.2945649
	7.4002686	50.2952376
	7.4009366	50.2958519
	7.4011127	50.2960541
	7.4012814	50.296326
	7.4018472	50.2973632
	7.4022269	50.2975669
	7.4003155	50.2985414
	7.4002215	50.2993389
	7.4007232	50.2999863
	7.3971673	50.3004535
	7.3965	50.2997089
	7.3937811	50.3008536
	7.3932923	50.3010538
	7.3906718	50.3021325
	7.3899775	50.3022239
	7.3895034	50.3021855
	7.3892386	50.3021102
	7.3888526	50.3018869
	7.3860582	50.3043162
	7.3857011	50.3045116
	7.3838901	50.3050136
	7.3842726	50.3054693
	7.3847037	50.3057429
	7.3849478	50.3062572
	7.3848914	50.3065224
	7.3841947	50.3066055
	7.3838441	50.3062738
	7.3832857	50.3058674
	7.3824157	50.3055274
	7.3806757	50.30532
	7.3800524	50.3053449
	7.3794161	50.3056269
	7.3787799	50.3062074
	7.3782124	50.3070763
	7.374818	50.3060511
	7.3735325	50.3047573
	7.3710913	50.3044837
	7.3698328	50.3032134
	7.3673996	50.3033248
	7.3660104	50.3032524
	7.3659464	50.3028007
	7.3657942	50.3024804
	7.3654453	50.3020874
	7.3653075	50.3017355
	7.3647532	50.301642
	7.3634436	50.3015198
	7.3632772	50.3015055
	7.3632102	50.3016914
	7.3631163	50.3020494
	7.3598628	50.3015569
	7.3576795	50.3012982
	7.3578645	50.3007482
	7.3583889	50.2999284
	7.3586303	50.2998307
	7.3590621	50.299692
	7.3592848	50.2995943
	7.3599741	50.2990974
	7.3614327	50.2975063
	7.3640464	50.2979255
	7.3649384	50.2962394
	7.3646541	50.296236
	7.3637004	50.2961622
	7.3636534	50.2960959
	7.362583	50.295522
	7.3592948	50.2937866
	7.358414	50.2933729
	7.3576989	50.2930875
	7.3568513	50.2929264
	7.3573103	50.2926294
	7.3565257	50.2921902
	7.3565366	50.2918735
	7.3562697	50.2915115
	7.3562818	50.2910728
	7.3564692	50.2910946
	7.3566917	50.2910329
	7.3568411	50.2909815
	7.3562019	50.2898366
END
END
