6553687
1
	7.0981432	50.1939738
	7.0984359	50.1939438
	7.0986199	50.1939429
	7.0988394	50.1939471
	7.0989609	50.1939455
	7.0990714	50.1939483
	7.0992338	50.1939246
	7.0994487	50.1938839
	7.1001084	50.19378
	7.1006239	50.1937622
	7.1012457	50.1938598
	7.101856	50.1940137
	7.102245	50.1940404
	7.102479	50.1940369
	7.1027402	50.1940361
	7.1035244	50.1939496
	7.1036455	50.1939182
	7.1037506	50.193869
	7.1038252	50.1938032
	7.1039059	50.1936513
	7.1039083	50.1935903
	7.1038919	50.193454
	7.1037544	50.1934011
	7.1033917	50.1933296
	7.1021417	50.1928866
	7.1019155	50.1927079
	7.1017846	50.1925804
	7.1016956	50.1924821
	7.1014436	50.1918232
	7.1014356	50.1907054
	7.1021549	50.1895761
	7.103811	50.1886593
	7.1052245	50.188151
	7.1053816	50.1876562
	7.1054165	50.1873333
	7.1054719	50.1871008
	7.1057977	50.1869139
	7.1061894	50.1868183
	7.1062726	50.1865195
	7.1062456	50.1862562
	7.1070814	50.1855095
	7.1072804	50.1853577
	7.107557	50.1852418
	7.1079651	50.1851198
	7.1082643	50.1848981
	7.1088221	50.1840413
	7.1097076	50.1832453
	7.1099758	50.1827953
	7.1100678	50.1823216
	7.1104124	50.1814663
	7.1108966	50.1806625
	7.1112792	50.1805322
	7.11212	50.1806198
	7.1129998	50.1804274
	7.1136865	50.1805579
	7.1148076	50.180898
	7.1160253	50.1810114
	7.1173879	50.1812175
	7.1176709	50.1810397
	7.1176897	50.1808645
	7.1173597	50.1804901
	7.1171901	50.1800933
	7.1173436	50.1795789
	7.1176184	50.1793685
	7.1179525	50.1792517
	7.1178238	50.1788429
	7.1178613	50.1784203
	7.1183602	50.1780459
	7.1196944	50.1773611
	7.1200761	50.1773682
	7.1204456	50.1774275
	7.1217975	50.1769088
	7.1225377	50.1761392
	7.1233572	50.1760877
	7.1244461	50.1761031
	7.1250191	50.1760029
	7.1255673	50.1757149
	7.1264229	50.1751343
	7.1271042	50.1749711
	7.127528	50.1748285
	7.1282911	50.1742531
	7.1303458	50.1714783
	7.1307984	50.1705407
	7.1320162	50.1698913
	7.1342692	50.1688192
	7.1374443	50.1682093
	7.1377378	50.16742
	7.1373261	50.1656229
	7.1373677	50.1653445
	7.1377301	50.1651704
	7.1381872	50.1650855
	7.1384984	50.1648896
	7.1388417	50.1645357
	7.1392869	50.1642745
	7.139405	50.164034
	7.1392869	50.1637625
	7.1387022	50.1636182
	7.137801	50.1635941
	7.1373879	50.1641818
	7.1368461	50.1641474
	7.1365082	50.1639412
	7.1363285	50.1632436
	7.1365538	50.1626938
	7.1384528	50.1620271
	7.1393755	50.1615219
	7.1396918	50.1608101
	7.1388729	50.1602354
	7.1383695	50.1598822
	7.1382711	50.1595616
	7.1384365	50.1594251
	7.1397454	50.1595317
	7.1403838	50.1595385
	7.1411348	50.1597482
	7.1417303	50.1600403
	7.1421433	50.1598925
	7.1423257	50.1594561
	7.1429695	50.1592773
	7.1439837	50.1593353
	7.144567	50.1592563
	7.1449742	50.1589795
	7.1446287	50.1593525
	7.1443089	50.1595264
	7.1436989	50.1602675
	7.1440491	50.1616026
	7.1439873	50.1629521
	7.1436757	50.163649
	7.1443668	50.1640048
	7.1447275	50.1647685
	7.1455014	50.1650206
	7.1459459	50.1652721
	7.1453564	50.1658045
	7.1451554	50.1662933
	7.1448163	50.1666197
	7.144821	50.1670209
	7.1452773	50.1674766
	7.1458131	50.1681513
	7.1473411	50.1691058
	7.1480012	50.1695594
	7.148466	50.1701338
	7.149477	50.1708484
	7.1494147	50.1713866
	7.1489004	50.1724417
	7.1496877	50.1736465
	7.1494427	50.1741511
	7.1493848	50.1745328
	7.1495637	50.1752201
	7.1500786	50.1757641
	7.1508846	50.1761114
	7.1520647	50.1762007
	7.1528365	50.1763729
	7.1538613	50.1756438
	7.1550566	50.1762321
	7.156417	50.1770564
	7.1559088	50.1777199
	7.157748	50.1785564
	7.1571482	50.1804688
	7.1575199	50.1803605
	7.1582048	50.1804651
	7.1600534	50.1811287
	7.1611714	50.181764
	7.1613135	50.1818865
	7.1617683	50.1823349
	7.1609521	50.1825068
	7.1608477	50.1829745
	7.1611466	50.1835319
	7.1602187	50.1841516
	7.1598267	50.1837254
	7.1590519	50.1848145
	7.1585906	50.1851589
	7.1582046	50.1853727
	7.1575054	50.1856909
	7.1563902	50.1860748
	7.1555074	50.1862056
	7.1548569	50.1862245
	7.1535304	50.1860426
	7.1531657	50.1872084
	7.151574	50.1866437
	7.1511206	50.1866127
	7.1506298	50.186738
	7.1502891	50.1869956
	7.1501162	50.1872393
	7.1502958	50.1878135
	7.1502883	50.1880345
	7.1493978	50.1883951
	7.1476389	50.1889172
	7.1470455	50.1889824
	7.1459646	50.1889953
	7.1455851	50.1892126
	7.1447911	50.1894453
	7.1444847	50.1894882
	7.1439549	50.1894272
	7.1435996	50.1894169
	7.143444	50.1894307
	7.1429822	50.1896713
	7.1457724	50.1912159
	7.1446378	50.191358
	7.1394578	50.1936307
	7.139516	50.1939076
	7.1395708	50.1947559
	7.1396369	50.1955266
	7.1380665	50.1952556
	7.1367658	50.1972993
	7.1359952	50.1972421
	7.1326425	50.197545
	7.1315498	50.1972284
	7.1305013	50.1987553
	7.1296751	50.1990006
	7.128541	50.2004269
	7.1254866	50.2032243
	7.1183798	50.2037188
	7.1173218	50.2035997
	7.1164882	50.2033794
	7.1156152	50.2034862
	7.1140096	50.203435
	7.1133792	50.2032908
	7.1126631	50.2032599
	7.1114802	50.2033886
	7.110855	50.203353
	7.1106648	50.2038848
	7.1100965	50.2046503
	7.1096204	50.2042987
	7.1089841	50.2039654
	7.1080597	50.2037533
	7.1074513	50.2037786
	7.1058583	50.2034121
	7.1049759	50.2029131
	7.1044155	50.2027883
	7.1040662	50.2024806
	7.1027631	50.2019396
	7.1021703	50.2015963
	7.1018913	50.2013696
	7.1017407	50.2011072
	7.1010782	50.1998778
	7.0992386	50.1977607
	7.0988524	50.196442
	7.0995105	50.1951733
	7.0993778	50.1946466
	7.0988921	50.1942235
	7.0986834	50.1941791
	7.0985593	50.1941601
	7.0982229	50.1941875
	7.0981432	50.1939738
END
END
