6553789
1
	7.3027811	50.3248084
	7.3047867	50.324356
	7.3057115	50.3233899
	7.3054353	50.3227074
	7.3056635	50.3224467
	7.3069245	50.3220557
	7.3076918	50.3215682
	7.30795	50.3217841
	7.3087777	50.3225401
	7.3093042	50.3231637
	7.3098987	50.3236137
	7.3104504	50.3238208
	7.311198	50.323798
	7.3121916	50.3236191
	7.3133227	50.3235836
	7.3158728	50.3225579
	7.3162865	50.3226022
	7.316847	50.3228136
	7.3175349	50.3227215
	7.3180444	50.3227486
	7.3188597	50.3225805
	7.3191705	50.3225596
	7.3202569	50.3229534
	7.3206413	50.3230455
	7.3207854	50.3236512
	7.3209535	50.3239503
	7.32153	50.324395
	7.3229394	50.3250394
	7.3234659	50.3248008
	7.3239415	50.3236622
	7.3246888	50.322773
	7.3250115	50.3222742
	7.3249945	50.3218079
	7.324937	50.3215804
	7.3252219	50.3214276
	7.3258296	50.321387
	7.3268816	50.3216034
	7.327398	50.3218718
	7.3274122	50.3224743
	7.3272681	50.3227886
	7.3278446	50.3233944
	7.3278301	50.3242465
	7.3293588	50.3243333
	7.3296701	50.3238621
	7.3303307	50.3236244
	7.3306326	50.3229995
	7.3303609	50.322338
	7.3304458	50.3213512
	7.3299694	50.3204002
	7.3300073	50.3200102
	7.3301634	50.3197572
	7.3305237	50.3195271
	7.3310641	50.3195118
	7.3313284	50.3196575
	7.3316406	50.3197572
	7.3324453	50.3198185
	7.3329377	50.3199029
	7.3335142	50.3198876
	7.3339946	50.3201253
	7.3341747	50.3205394
	7.3342292	50.3207837
	7.3351124	50.3211307
	7.3355339	50.3217189
	7.3355268	50.3221102
	7.3349548	50.3224356
	7.3353871	50.322888
	7.3360357	50.3230951
	7.3367683	50.3234279
	7.3371457	50.3234615
	7.3377657	50.3231091
	7.3381054	50.3231145
	7.3385894	50.3234507
	7.3389121	50.3235157
	7.3391414	50.3233259
	7.3397019	50.3233476
	7.3408757	50.3236913
	7.3413066	50.3236728
	7.342015	50.3233247
	7.3425571	50.3234843
	7.3431796	50.3240356
	7.34344	50.324877
	7.3437372	50.3250722
	7.3443232	50.3252457
	7.344808	50.3255375
	7.3448172	50.3267593
	7.3435773	50.3274424
	7.3439	50.3281147
	7.3446474	50.3284617
	7.345995	50.3286754
	7.3469832	50.3291024
	7.3475716	50.3292174
	7.3481574	50.3290538
	7.3485346	50.328731
	7.3496924	50.3284825
	7.3504652	50.3284716
	7.3511106	50.3285475
	7.3522146	50.3284879
	7.3526562	50.3284228
	7.3529704	50.3284499
	7.353384	50.328568
	7.3535797	50.3287683
	7.3535697	50.3289116
	7.3534754	50.3290312
	7.3532417	50.3291722
	7.3528846	50.3293172
	7.3523847	50.3294706
	7.3520925	50.3296156
	7.3519497	50.3297814
	7.351638	50.3303451
	7.3512878	50.3306757
	7.3510582	50.3307695
	7.3512143	50.3308809
	7.3504798	50.3315256
	7.3510674	50.3316839
	7.3526141	50.3315291
	7.3530548	50.3314822
	7.3532385	50.3315173
	7.3539084	50.3319499
	7.3539727	50.3329052
	7.3539911	50.333169
	7.3538074	50.3334796
	7.3536146	50.3336261
	7.3531207	50.3346233
	7.3530105	50.3349397
	7.3529646	50.3351566
	7.3530289	50.335309
	7.3532584	50.3354438
	7.3536257	50.3355903
	7.3546082	50.3361236
	7.3551224	50.3364108
	7.3556457	50.3364752
	7.3550948	50.3370496
	7.3557743	50.3379169
	7.3561063	50.33948
	7.3522862	50.3404433
	7.3510749	50.3407376
	7.3481543	50.3412169
	7.3444632	50.3407129
	7.3439858	50.340959
	7.3430492	50.3419669
	7.342535	50.3426818
	7.3411706	50.3425189
	7.3393526	50.3421673
	7.3375741	50.3414928
	7.3344763	50.3433805
	7.3348009	50.3436949
	7.333302	50.3448002
	7.3308588	50.3428813
	7.329949	50.3433138
	7.3302477	50.3435376
	7.3276534	50.3452608
	7.3213258	50.3425583
	7.319916	50.3433538
	7.3189031	50.3429892
	7.3175657	50.3445057
	7.3162022	50.3440914
	7.3150001	50.3436084
	7.3150775	50.3435425
	7.3142201	50.3432541
	7.3118197	50.3427065
	7.3121085	50.3419911
	7.3106478	50.3415792
	7.3124678	50.3359319
	7.306147	50.3320158
	7.3056933	50.3320829
	7.3035159	50.3275349
	7.3040924	50.3271592
	7.3035007	50.3258876
	7.3027811	50.3248084
END
END
