6554645
1
	6.7262146	50.2234573
	6.7367746	50.2182517
	6.7305496	50.2126205
	6.7276912	50.2083285
	6.7378183	50.2110151
	6.7386172	50.2117444
	6.740897	50.213998
	6.7424227	50.2131494
	6.7421601	50.2123092
	6.7414598	50.2118611
	6.7413285	50.2107687
	6.7414598	50.2099565
	6.7424664	50.2087241
	6.7441059	50.2090958
	6.7447543	50.2128557
	6.7464054	50.2141016
	6.7482873	50.2163981
	6.7494252	50.2138776
	6.7503884	50.2138844
	6.7508372	50.2136269
	6.7524	50.21332
	6.7531737	50.2134784
	6.7553864	50.2133002
	6.7561408	50.2129814
	6.7574598	50.2132705
	6.7581525	50.2130088
	6.7628573	50.2141991
	6.7646408	50.2150953
	6.7649909	50.2154243
	6.7650018	50.2158094
	6.7645532	50.2162365
	6.7646627	50.2169506
	6.7652644	50.2174337
	6.7666978	50.2174617
	6.767423	50.2212773
	6.7669746	50.2222366
	6.7667996	50.2241687
	6.7664057	50.2251347
	6.7661212	50.2256807
	6.7643422	50.2278569
	6.7630357	50.2289146
	6.7626637	50.2301325
	6.7620291	50.2310284
	6.7619853	50.2315183
	6.7618103	50.2318263
	6.7599064	50.2322182
	6.7583387	50.2312473
	6.7565146	50.2313363
	6.7548953	50.2311963
	6.7537573	50.2322042
	6.7524225	50.2318123
	6.7504968	50.233226
	6.7506281	50.233772
	6.7484617	50.2353257
	6.7469422	50.2348652
	6.7461581	50.2360794
	6.7450712	50.2360129
	6.7433425	50.235747
	6.7418982	50.2353691
	6.7399506	50.2350751
	6.7390972	50.2347252
	6.7361868	50.2362369
	6.7303626	50.2385951
	6.7297743	50.2378355
	6.7290468	50.2371847
	6.7294735	50.236915
	6.7292819	50.2367857
	6.7285926	50.2364988
	6.728104	50.2358762
	6.7283206	50.2350943
	6.7279588	50.2341093
	6.7271137	50.233669
	6.72781	50.2332731
	6.7271054	50.2327236
	6.7290311	50.2312538
	6.7274774	50.2310998
	6.7265762	50.2298827
	6.7262146	50.2234573
END
END
