6554699
1
	6.551298	50.1856994
	6.5516659	50.1853824
	6.552165	50.1850735
	6.5524519	50.1847184
	6.5531388	50.1838686
	6.5536128	50.1833607
	6.5540867	50.1830897
	6.5548615	50.1825406
	6.5568802	50.1817248
	6.5572231	50.1815609
	6.5574411	50.1813539
	6.5577421	50.1809729
	6.5581091	50.180725
	6.558969	50.180237
	6.5594629	50.180126
	6.5606367	50.180324
	6.5620265	50.180645
	6.5626465	50.180702
	6.5628823	50.1805909
	6.5629284	50.180206
	6.5627393	50.179558
	6.5625554	50.1789281
	6.5623305	50.1776082
	6.5622674	50.1774133
	6.5619896	50.1766053
	6.5619146	50.1763834
	6.5619156	50.1762614
	6.5620234	50.1761774
	6.5624094	50.1760975
	6.5640802	50.1758995
	6.5650211	50.1758195
	6.5651281	50.1757355
	6.5651521	50.1755444
	6.565134	50.1752275
	6.565092	50.1751056
	6.5649641	50.1750376
	6.564887	50.1741556
	6.5647392	50.1740037
	6.5642891	50.1739467
	6.5633913	50.1739727
	6.5626834	50.1741747
	6.5622745	50.1744227
	6.5620395	50.1744767
	6.5618456	50.1744457
	6.5616766	50.1743237
	6.5616785	50.1741027
	6.5619606	50.1737327
	6.5621104	50.1736218
	6.5622824	50.1735687
	6.5626055	50.1733247
	6.5626448	50.1731275
	6.5626505	50.1731028
	6.5626085	50.1730077
	6.5611177	50.1722758
	6.5610526	50.1721758
	6.5609707	50.1718599
	6.5608216	50.171654
	6.5606737	50.171585
	6.5603108	50.171528
	6.5599698	50.1714169
	6.5598409	50.171306
	6.5595209	50.17128
	6.5593069	50.171222
	6.5589449	50.1710279
	6.5580301	50.1704331
	6.5577112	50.1703491
	6.5575401	50.1702001
	6.5574352	50.1700592
	6.5571152	50.1699792
	6.5568183	50.1697572
	6.5562214	50.1694791
	6.5561363	50.1693842
	6.5558844	50.1688883
	6.5556532	50.1687459
	6.5555435	50.1686782
	6.5554633	50.1686422
	6.5554162	50.1686208
	6.5553305	50.1685823
	6.5552044	50.1683762
	6.5551644	50.1680603
	6.5550136	50.1678463
	6.5548896	50.1676593
	6.5548485	50.1675224
	6.5549096	50.1672855
	6.5551665	50.1672434
	6.5553175	50.1671365
	6.5553405	50.1669695
	6.5552555	50.1667635
	6.5546625	50.1660196
	6.5546203	50.1659372
	6.5545165	50.1656916
	6.5543457	50.1656495
	6.5542387	50.1655806
	6.5542417	50.1653477
	6.5547586	50.1649626
	6.5551046	50.1646497
	6.5555145	50.1642108
	6.5562484	50.1635669
	6.5564014	50.1632119
	6.5565952	50.1629899
	6.5570043	50.16272
	6.5571783	50.162388
	6.5587269	50.1614341
	6.559201	50.1610912
	6.5608157	50.1599573
	6.5609457	50.1597783
	6.5610127	50.1594503
	6.5610376	50.1590764
	6.5611027	50.1589124
	6.5629774	50.1575466
	6.5690602	50.1599807
	6.5824911	50.1629613
	6.5873607	50.1634902
	6.5896029	50.1733714
	6.59065	50.1779852
	6.5992791	50.1822317
	6.5899579	50.19163
	6.5894965	50.1954723
	6.5892296	50.1954112
	6.5882357	50.1951822
	6.5870819	50.1949614
	6.585972	50.1947663
	6.5851381	50.1946564
	6.5844112	50.1946414
	6.5838334	50.1946793
	6.5836003	50.1946512
	6.5833854	50.1946253
	6.5828725	50.1944574
	6.5818687	50.1943324
	6.5809157	50.1940115
	6.5802659	50.1937944
	6.579476	50.1935575
	6.5789431	50.1934204
	6.5782152	50.1932985
	6.5777033	50.1932945
	6.5768694	50.1933474
	6.5765713	50.1929775
	6.5769384	50.1922756
	6.5769603	50.1920166
	6.5772602	50.1918107
	6.5773482	50.1915627
	6.5773293	50.1910967
	6.5770074	50.1911768
	6.5766883	50.1910127
	6.5758785	50.1904749
	6.5750896	50.1898839
	6.5741368	50.189129
	6.5737087	50.1887591
	6.5732419	50.1884921
	6.572062	50.1879801
	6.5717221	50.1877482
	6.5715582	50.1873622
	6.5713191	50.1869503
	6.5708513	50.1865503
	6.5700453	50.1859624
	6.5692325	50.1862983
	6.5681347	50.1866982
	6.5677057	50.1868053
	6.5673638	50.1867903
	6.5667878	50.1866112
	6.5664709	50.1865733
	6.565851	50.1866832
	6.5651391	50.1868852
	6.5643072	50.1874312
	6.5635982	50.1880801
	6.5630784	50.1886521
	6.5627994	50.1888729
	6.5623715	50.189037
	6.5618786	50.1890909
	6.5612806	50.18898
	6.5606857	50.1888159
	6.5601728	50.188717
	6.5595499	50.1885221
	6.558781	50.188247
	6.5581621	50.1881371
	6.5578471	50.187999
	6.5575261	50.1879311
	6.5570783	50.1878852
	6.5567102	50.1878011
	6.5564334	50.1876372
	6.5561344	50.1875952
	6.5553015	50.1873741
	6.5545074	50.1870994
	6.5540837	50.1868363
	6.5534057	50.1865763
	6.5528079	50.1863553
	6.5525949	50.1862713
	6.551702	50.1860004
	6.5514871	50.1858694
	6.5514081	50.1858213
	6.551298	50.1856994
END
END
