6554287
1
	8.044778	50.6432274
	8.0468116	50.6425614
	8.0484927	50.6420714
	8.050389	50.6415106
	8.0507574	50.6413591
	8.0491839	50.640491
	8.0479428	50.6399574
	8.0487527	50.6394126
	8.0490516	50.6389157
	8.0485725	50.6385609
	8.0483432	50.6382226
	8.0485985	50.6380364
	8.0501872	50.6364926
	8.0501007	50.6358329
	8.0501911	50.6355417
	8.0510069	50.6361416
	8.0514537	50.6363919
	8.051824	50.6366539
	8.0530764	50.6376264
	8.0560226	50.6399426
	8.0563079	50.6405394
	8.0567748	50.6411345
	8.0582152	50.6413333
	8.0581419	50.6419321
	8.0582178	50.6423247
	8.0620287	50.6421915
	8.0641882	50.6425685
	8.0642701	50.6423946
	8.0651155	50.6427945
	8.0670248	50.643236
	8.0678245	50.6431021
	8.0708963	50.6440853
	8.0728106	50.6434393
	8.0733151	50.6428564
	8.0747211	50.6426837
	8.0747932	50.6427939
	8.0744699	50.6434407
	8.0737588	50.6440891
	8.073452	50.6447603
	8.0732349	50.6452339
	8.0729069	50.64552
	8.0715849	50.6471686
	8.0710799	50.6476248
	8.0709622	50.6478353
	8.0707281	50.6484943
	8.0704528	50.6497725
	8.070071	50.6505155
	8.0697816	50.6507841
	8.0693112	50.6513533
	8.0691588	50.6514186
	8.068792	50.6519229
	8.0682192	50.6532476
	8.0680428	50.6543662
	8.067226	50.6559805
	8.0663302	50.6575027
	8.0659007	50.6578159
	8.0601297	50.6610931
	8.059417	50.6620963
	8.0582453	50.6621966
	8.0587314	50.6609986
	8.0586118	50.6609826
	8.058398	50.6609872
	8.0583486	50.660925
	8.0567502	50.6606035
	8.0574759	50.6592598
	8.0579989	50.6582284
	8.0584478	50.6571725
	8.0553946	50.6571771
	8.0543271	50.6555489
	8.0540772	50.6556139
	8.0535184	50.6555261
	8.0533134	50.6555651
	8.0529768	50.6552878
	8.0518002	50.6541365
	8.0500643	50.6533412
	8.050559	50.652877
	8.050891	50.6524389
	8.0503092	50.6519712
	8.0462598	50.652625
	8.0460272	50.6522783
	8.045929	50.650467
	8.0470622	50.6496895
	8.0474722	50.6478965
	8.0475702	50.6468226
	8.0476322	50.6467755
	8.0465326	50.6453857
	8.0458252	50.6445004
	8.0453616	50.6439357
	8.044778	50.6432274
END
END
