6554908
1
	8.0397805	49.4603935
	8.0415336	49.4593515
	8.0433904	49.4599758
	8.0444235	49.4604031
	8.0457411	49.4607608
	8.0471262	49.4607115
	8.0496687	49.4600455
	8.0502458	49.4598436
	8.0508093	49.4598349
	8.052156	49.4595441
	8.0522986	49.459146
	8.0525267	49.4587535
	8.0527469	49.4581269
	8.0528542	49.4575862
	8.0531091	49.4568798
	8.0535208	49.456238
	8.0535879	49.4553703
	8.053321	49.4539717
	8.0544419	49.453292
	8.0556217	49.4524476
	8.0566548	49.4518458
	8.0577147	49.4515144
	8.0589222	49.4513748
	8.0602236	49.4514969
	8.0613372	49.4517935
	8.0619471	49.4519319
	8.0633774	49.4518817
	8.0638758	49.453163
	8.0665955	49.4572074
	8.0644311	49.4571288
	8.0626112	49.4574624
	8.060496	49.4583392
	8.0557316	49.460062
	8.0540238	49.4610425
	8.0531975	49.4625237
	8.0526743	49.4630992
	8.0527279	49.4639015
	8.0524703	49.4645181
	8.052807	49.465061
	8.0530619	49.4652877
	8.0536925	49.4654359
	8.0539877	49.4656975
	8.0540288	49.4659766
	8.0515423	49.4657124
	8.0468666	49.4651402
	8.0469602	49.4638183
	8.043879	49.4638222
	8.0427062	49.4628361
	8.0423037	49.4623739
	8.0419548	49.4621036
	8.0404388	49.4609438
	8.0404388	49.460656
	8.0397805	49.4603935
END
2
	8.0972572	49.4845796
	8.0989303	49.4835816
	8.0991596	49.4831702
	8.099334	49.4831005
	8.0992401	49.482961
	8.0997499	49.4827257
	8.1006086	49.4824467
	8.1017356	49.4820894
	8.1022454	49.4821068
	8.1025138	49.4820981
	8.1028407	49.4818168
	8.1031728	49.4816504
	8.1032771	49.4814531
	8.1035997	49.4810525
	8.1042068	49.4807751
	8.1041215	49.4804977
	8.1032392	49.4794535
	8.1036186	49.4789481
	8.1051896	49.4782299
	8.1061288	49.4778899
	8.106746	49.4778725
	8.1072155	49.4779596
	8.1076449	49.4782212
	8.1084282	49.4784942
	8.1087982	49.4785374
	8.1090067	49.4784448
	8.1090638	49.478297
	8.1090069	49.4780689
	8.1088884	49.4777607
	8.1090592	49.4775141
	8.1098656	49.4767498
	8.1107763	49.4764477
	8.1112412	49.4763614
	8.111412	49.4762813
	8.1114594	49.4760285
	8.1108143	49.4752395
	8.1107668	49.4745491
	8.1111266	49.4741035
	8.1119928	49.4736669
	8.1130743	49.4734326
	8.1137831	49.4731445
	8.1150286	49.4731244
	8.1165845	49.4735436
	8.1171494	49.4739089
	8.1176995	49.4740745
	8.118472	49.4746791
	8.1186667	49.4747152
	8.1198806	49.4741691
	8.1207595	49.4730952
	8.1213767	49.4727465
	8.1224769	49.4724413
	8.1238722	49.4722757
	8.1253271	49.4723588
	8.1270176	49.472106
	8.129124	49.4723375
	8.1302012	49.4750592
	8.1299867	49.4756764
	8.1305596	49.4765221
	8.1312841	49.4768185
	8.1315792	49.4775072
	8.1320622	49.4778907
	8.132689	49.4785838
	8.1337624	49.4790458
	8.1344869	49.4795252
	8.1363518	49.4802052
	8.1377337	49.4809548
	8.1377203	49.482088
	8.1363308	49.4816952
	8.1345188	49.4819209
	8.1327402	49.4818992
	8.1290345	49.4811245
	8.1269245	49.4802577
	8.1262983	49.4797276
	8.1250128	49.4792233
	8.1255079	49.4777648
	8.1239531	49.4762524
	8.1188512	49.4776759
	8.1168779	49.4771705
	8.116024	49.4778485
	8.1142138	49.4786864
	8.1118125	49.4808092
	8.1108828	49.4811544
	8.1105223	49.4811544
	8.1098962	49.4808955
	8.1093269	49.4809448
	8.1087388	49.4808339
	8.1083024	49.4809202
	8.1076762	49.4814132
	8.1057357	49.4823934
	8.105546	49.4828002
	8.1043316	49.4831947
	8.1035917	49.4835891
	8.102605	49.483885
	8.1020358	49.4843904
	8.0999434	49.4853262
	8.0983917	49.4850511
	8.0972572	49.4845796
END
3
	8.1452881	49.4751785
	8.1505648	49.4758182
	8.1540477	49.4759953
	8.156728	49.4784846
	8.1591812	49.4805311
	8.1605862	49.4811202
	8.1612407	49.4813477
	8.1635027	49.4815269
	8.1646927	49.4819036
	8.1656232	49.4823998
	8.1668923	49.4826211
	8.1675779	49.4824308
	8.1688435	49.4824364
	8.1684013	49.4832575
	8.1688833	49.4834385
	8.1696481	49.4836041
	8.1702787	49.4837871
	8.17103	49.4841358
	8.1743171	49.48499
	8.1754589	49.4851782
	8.1772457	49.4852119
	8.1778368	49.4853006
	8.1783808	49.4852435
	8.1786693	49.4854719
	8.1790207	49.4854158
	8.1813316	49.485725
	8.1831232	49.4861204
	8.184213	49.4863632
	8.1847094	49.4865811
	8.1874062	49.4872609
	8.188882	49.4878187
	8.1903713	49.4880366
	8.1922551	49.4904937
	8.1955561	49.4942611
	8.1949781	49.4942379
	8.1944468	49.495384
	8.1934601	49.4950883
	8.1914241	49.4963145
	8.1909421	49.4961922
	8.1892104	49.4977871
	8.1873571	49.4989766
	8.1865807	49.4999169
	8.182265	49.4987931
	8.182161	49.4995852
	8.1802499	49.4992744
	8.1798435	49.5004264
	8.1779183	49.5002224
	8.1767101	49.5000536
	8.1770862	49.5007194
	8.1749798	49.5007891
	8.1729539	49.5005625
	8.1724843	49.5003796
	8.1688038	49.5009039
	8.1682978	49.4999784
	8.1683917	49.4985929
	8.1679816	49.4968091
	8.1642643	49.4957248
	8.1645116	49.4939983
	8.1637736	49.4926974
	8.1615436	49.4896507
	8.1622688	49.4882946
	8.1617651	49.4874915
	8.1613108	49.4870586
	8.1577976	49.4861044
	8.1522759	49.4843385
	8.149217	49.4801376
	8.1472958	49.4771892
	8.1452881	49.4751785
END
END
