6554113
1
	7.7709052	50.342099
	7.7717304	50.3418616
	7.7726068	50.3427161
	7.7731131	50.3430797
	7.7734783	50.343496
	7.7744278	50.3440926
	7.7748562	50.3442449
	7.7752019	50.3444375
	7.7755525	50.3447607
	7.7761562	50.344916
	7.7771933	50.3451242
	7.7776072	50.3453914
	7.778699	50.3445214
	7.779546	50.3448874
	7.7799926	50.3453502
	7.779866	50.3454186
	7.7800218	50.3455801
	7.7790286	50.3467826
	7.780908	50.3473605
	7.7809129	50.3466148
	7.7812829	50.3464626
	7.7819159	50.3466148
	7.7823249	50.3467764
	7.7832889	50.3468447
	7.7839316	50.3470529
	7.7845694	50.3465868
	7.7851878	50.3470001
	7.785329	50.3471803
	7.7854507	50.3481839
	7.7852754	50.3485536
	7.7854069	50.3487338
	7.785402	50.3488643
	7.7851683	50.3494142
	7.7852706	50.3497995
	7.7853923	50.3499424
	7.7857915	50.3502127
	7.7860593	50.3504426
	7.7872279	50.3510701
	7.7881384	50.3513529
	7.7882114	50.3512472
	7.7886886	50.3512845
	7.7890002	50.3505793
	7.7893361	50.3503618
	7.7895845	50.3504239
	7.7892436	50.3497591
	7.7887421	50.3495074
	7.7893313	50.3489792
	7.7893994	50.3483392
	7.7897013	50.3476153
	7.7896721	50.347171
	7.7908107	50.3468769
	7.792238	50.3477582
	7.7918144	50.3490258
	7.7931875	50.3490227
	7.7937231	50.3489544
	7.7945654	50.3494857
	7.7984989	50.3530757
	7.7997563	50.3534608
	7.8004052	50.3536763
	7.8013703	50.3537567
	7.8025271	50.3540862
	7.8043036	50.3550703
	7.8046823	50.3554745
	7.805543	50.3567002
	7.8060044	50.3572406
	7.8074539	50.3581463
	7.8073384	50.3583673
	7.8070786	50.3588644
	7.8064042	50.3587708
	7.8059491	50.3585502
	7.8051842	50.3584013
	7.8049813	50.3583183
	7.8045983	50.3579973
	7.8035835	50.3573604
	7.8026376	50.3569404
	7.8021187	50.3568374
	7.8015538	50.3567764
	7.8011928	50.3567914
	7.800219	50.3569784
	7.7992461	50.3572914
	7.7978453	50.3579253
	7.7975723	50.3581003
	7.7971664	50.3582723
	7.7957196	50.3586572
	7.7954466	50.3587872
	7.7946618	50.3592751
	7.793318	50.3599081
	7.793052	50.3600761
	7.7930328	50.3603592
	7.789907	50.3566809
	7.7890256	50.3558242
	7.7897761	50.3544842
	7.7878619	50.3533507
	7.786829	50.3539307
	7.7860991	50.3536407
	7.7856378	50.3543217
	7.7841574	50.3540844
	7.7834963	50.3537505
	7.783035	50.3535968
	7.78225	50.3538999
	7.7814651	50.3540317
	7.7813549	50.3545018
	7.7813618	50.3548665
	7.7809073	50.3549499
	7.7805975	50.3547303
	7.7806043	50.3545414
	7.7807627	50.3542997
	7.7808385	50.3539263
	7.7808522	50.3537505
	7.7810106	50.3534079
	7.7813222	50.3531369
	7.781366	50.3529195
	7.7816046	50.3526399
	7.781527	50.352393
	7.7809624	50.3522392
	7.780446	50.352248
	7.7805578	50.3517762
	7.7803435	50.3516364
	7.7792285	50.3513848
	7.7791652	50.350636
	7.7791229	50.3505389
	7.7778604	50.3503533
	7.7769596	50.3500519
	7.7766285	50.3494679
	7.7751989	50.3483417
	7.7737656	50.3466032
	7.773303	50.3456618
	7.7738045	50.3448943
	7.7716229	50.3431969
	7.7711217	50.3426104
	7.7710695	50.342487
	7.7710158	50.3423604
	7.7709052	50.342099
END
2
	7.7732802	50.3616036
	7.7733453	50.3593208
	7.774299	50.3586945
	7.7752535	50.3581787
	7.7760999	50.358091
	7.7755893	50.3575313
	7.7758558	50.3571062
	7.775449	50.3567349
	7.775442	50.3564083
	7.7751405	50.3559385
	7.775813	50.3552882
	7.7765009	50.355321
	7.7768782	50.3552709
	7.7772989	50.355603
	7.7774056	50.3558311
	7.7775318	50.3560682
	7.7774967	50.3563814
	7.777125	50.3566409
	7.7769708	50.3568199
	7.7769006	50.3569944
	7.7768866	50.3570986
	7.7768796	50.357151
	7.7769848	50.3573165
	7.7771457	50.3574468
	7.7778478	50.3577067
	7.7781652	50.3579345
	7.7784461	50.3580301
	7.7793007	50.3580231
	7.7797569	50.3581465
	7.7802182	50.35839
	7.7809867	50.3586052
	7.781168	50.3586861
	7.7813834	50.3587823
	7.7820875	50.3593644
	7.7827519	50.3596966
	7.7828476	50.359708
	7.7830594	50.3600129
	7.7836048	50.3603419
	7.7836048	50.3605033
	7.7841441	50.3610425
	7.7847701	50.3612941
	7.784886	50.3615838
	7.7861659	50.3621376
	7.7869381	50.3623176
	7.7866996	50.3626882
	7.784417	50.362871
	7.78585	50.3637916
	7.7870843	50.3643161
	7.786496	50.3650575
	7.7834756	50.3644644
	7.7822136	50.3662245
	7.7812134	50.366297
	7.7792582	50.3662418
	7.7788361	50.3661966
	7.7781553	50.3660637
	7.7743778	50.3646484
	7.7736054	50.3642525
	7.7748373	50.3620225
	7.7732802	50.3616036
END
END
