6554874
1
	8.1099399	49.8156265
	8.1111789	49.8141446
	8.1126822	49.8106217
	8.1160024	49.8109017
	8.116613	49.808693
	8.1186481	49.8086744
	8.1192627	49.8073129
	8.1206119	49.8052258
	8.1197087	49.8031486
	8.1171983	49.800957
	8.1163494	49.8012863
	8.1156864	49.8001927
	8.1155538	49.7996126
	8.1151707	49.7996221
	8.1152631	49.7980282
	8.1149875	49.7973754
	8.1148416	49.7960708
	8.1140368	49.7952741
	8.1152249	49.7925967
	8.1163826	49.790564
	8.120514	49.7911087
	8.1210213	49.7923796
	8.125028	49.7927106
	8.1322357	49.7931925
	8.1356479	49.7933072
	8.1356992	49.7955727
	8.1372118	49.795626
	8.1381511	49.7981755
	8.1405281	49.7984001
	8.1420934	49.7986516
	8.1428154	49.7994037
	8.1423445	49.7996992
	8.1421806	49.8001241
	8.1428068	49.8015836
	8.1434355	49.8022193
	8.1435668	49.8026205
	8.1437005	49.8039835
	8.1442151	49.8037635
	8.1444981	49.8037545
	8.1452131	49.8048155
	8.1456208	49.8052727
	8.1460351	49.8056393
	8.1464193	49.805908
	8.1480967	49.8068827
	8.1487506	49.8071875
	8.1493527	49.807375
	8.1527842	49.807878
	8.1529269	49.8077052
	8.156377	49.8081832
	8.1561304	49.8096422
	8.1570466	49.8098723
	8.1557011	49.8124099
	8.152844	49.8119596
	8.151728	49.8134
	8.1505992	49.8155187
	8.1487161	49.8151344
	8.1477457	49.8169477
	8.144141	49.816383
	8.1438443	49.8207452
	8.1441192	49.8212673
	8.1440785	49.8227687
	8.1435942	49.8235682
	8.1435811	49.8243672
	8.1374479	49.8237407
	8.1141467	49.820977
	8.1139839	49.8171122
	8.1099399	49.8156265
END
END
