6554301
1
	6.7616818	49.9726923
	6.761689	49.972483
	6.7618712	49.971796
	6.7620591	49.9711374
	6.762346	49.9703691
	6.7625216	49.9699477
	6.7627236	49.9696278
	6.7633781	49.9692886
	6.7638539	49.9693079
	6.7643185	49.9692808
	6.7649033	49.9692243
	6.7655047	49.9690931
	6.7659102	49.9691677
	6.766313	49.9689123
	6.7664031	49.9685205
	6.766033	49.9682849
	6.7648926	49.9677212
	6.7643574	49.9670576
	6.7638241	49.9667398
	6.7640886	49.9657713
	6.7652484	49.9655095
	6.7664895	49.965431
	6.7670796	49.9650253
	6.7674051	49.9644756
	6.7671609	49.9640044
	6.7672423	49.9631929
	6.7675882	49.9629442
	6.7681783	49.9631275
	6.7694194	49.9633238
	6.7694805	49.9631798
	6.7694805	49.9627348
	6.7686666	49.9617793
	6.7677917	49.9603133
	6.7696025	49.9600646
	6.7713116	49.9604704
	6.7723682	49.9612365
	6.7724307	49.9607453
	6.7727563	49.9602217
	6.7722069	49.9596196
	6.7724307	49.9585201
	6.7696432	49.9588997
	6.7700502	49.9579965
	6.7700909	49.9573943
	6.7709047	49.9561246
	6.7696025	49.9555463
	6.7673237	49.9556926
	6.7666116	49.9557711
	6.7657977	49.9555355
	6.7657977	49.9552475
	6.765228	49.9548024
	6.7645504	49.9540805
	6.763831	49.9531548
	6.7628239	49.9530992
	6.7622197	49.9526179
	6.7625937	49.9523957
	6.763831	49.9526734
	6.7661042	49.9509331
	6.7684637	49.9495259
	6.7699312	49.9481928
	6.7696147	49.9472115
	6.7698449	49.9461375
	6.7703497	49.9452759
	6.7704779	49.9448413
	6.7703916	49.9438969
	6.7698449	49.9432488
	6.7713341	49.9400758
	6.7725155	49.9408328
	6.7753066	49.9412773
	6.7776387	49.9424314
	6.7790222	49.9430599
	6.7815045	49.9435837
	6.7824812	49.9432432
	6.7834985	49.9433218
	6.7857366	49.9445002
	6.7878933	49.9458881
	6.7885851	49.9454168
	6.7896025	49.9452597
	6.7917592	49.9456525
	6.7926545	49.9456001
	6.793294	49.9453367
	6.7933055	49.9472498
	6.7927358	49.9475117
	6.7918316	49.9475609
	6.7909669	49.9473252
	6.7902536	49.9477473
	6.7913523	49.94869
	6.7920034	49.950104
	6.7926138	49.9505491
	6.7932242	49.9514655
	6.7961134	49.9512823
	6.7972242	49.9514822
	6.797483	49.9512742
	6.7978621	49.9510729
	6.7985871	49.9508353
	6.7993774	49.9507249
	6.8006034	49.9507445
	6.8013141	49.9508382
	6.8017742	49.9509383
	6.802308	49.9510295
	6.8026292	49.9511673
	6.8046427	49.9517862
	6.8048995	49.9517733
	6.8054721	49.9516342
	6.8056438	49.9515233
	6.8060294	49.9511568
	6.8061635	49.9508015
	6.8061683	49.9506945
	6.8061067	49.9505282
	6.8061931	49.9505016
	6.8072967	49.9508987
	6.8052494	49.9535378
	6.8023554	49.9539192
	6.8008811	49.954915
	6.8000587	49.9564141
	6.8000329	49.9570442
	6.8006561	49.9578305
	6.8015815	49.9584153
	6.8019187	49.958767
	6.8021282	49.9591481
	6.8024625	49.9591895
	6.8022193	49.9617167
	6.8020314	49.9620342
	6.8019187	49.9624716
	6.801946	49.9628057
	6.8017273	49.9631691
	6.8018901	49.963228
	6.801847	49.9640201
	6.8017254	49.964396
	6.801516	49.9653003
	6.8013464	49.9665933
	6.8009557	49.9698358
	6.7988822	49.9712756
	6.7975056	49.9723105
	6.7965211	49.9751657
	6.7962891	49.9754435
	6.7962432	49.9756336
	6.7960725	49.9759629
	6.7957113	49.9760896
	6.7953567	49.9764064
	6.7935312	49.9773185
	6.7918896	49.9779013
	6.7907207	49.9784756
	6.7875345	49.9794737
	6.7832349	49.9793877
	6.7740644	49.9759439
	6.773422	49.9760732
	6.7735045	49.9760875
	6.7731127	49.9771885
	6.7730819	49.9776001
	6.7721351	49.9784221
	6.7716135	49.9784866
	6.770976	49.9785211
	6.7705333	49.9783368
	6.770351	49.9780271
	6.7702187	49.9774977
	6.7703391	49.9772046
	6.769664	49.9761061
	6.7694236	49.9759039
	6.7692277	49.9756027
	6.7691715	49.9754124
	6.7692255	49.9752275
	6.7685965	49.9748888
	6.7680251	49.9744958
	6.7674066	49.9743019
	6.7669513	49.9740039
	6.7664272	49.9734149
	6.7666783	49.9730088
	6.7670537	49.9726967
	6.767464	49.9723095
	6.7675105	49.9719995
	6.7674413	49.9717101
	6.7679433	49.9712026
	6.7683738	49.9708039
	6.7686071	49.9705122
	6.7684662	49.9703011
	6.7678767	49.9702156
	6.7673557	49.9703894
	6.7668459	49.970891
	6.7662578	49.9712963
	6.7653665	49.9715945
	6.7649128	49.9721918
	6.7647227	49.9723227
	6.7640356	49.9726909
	6.7636976	49.9728996
	6.7638583	49.9733829
	6.7639679	49.9736826
	6.7638494	49.973711
	6.7626457	49.9736995
	6.7622279	49.9735198
	6.7619802	49.9733684
	6.7616818	49.9726923
END
END
