6554003
1
	7.7283943	50.1392575
	7.7285037	50.1391501
	7.7292205	50.1394345
	7.729392	50.1392701
	7.7300382	50.1395343
	7.7304256	50.1395932
	7.7306121	50.1396292
	7.7310173	50.1397713
	7.7314169	50.1399125
	7.7316939	50.139973
	7.7319902	50.1399775
	7.7321264	50.1399075
	7.7324375	50.1398985
	7.7325939	50.1400799
	7.7329181	50.1401747
	7.7333052	50.1402655
	7.7335688	50.1400828
	7.7338673	50.1396304
	7.7341391	50.1397657
	7.7347219	50.1395475
	7.735499	50.1395904
	7.7358493	50.1393852
	7.736306	50.1396801
	7.7367615	50.139486
	7.7372212	50.1395212
	7.737236	50.1394487
	7.7369818	50.1393112
	7.7369575	50.1391868
	7.7370359	50.139179
	7.7371667	50.1391499
	7.7374836	50.1390684
	7.7376127	50.1390167
	7.7377093	50.1389647
	7.7377932	50.1389083
	7.7379141	50.1388221
	7.7379814	50.1387741
	7.7381275	50.1386852
	7.7381592	50.138628
	7.7381662	50.1385562
	7.7381468	50.138469
	7.7381221	50.1383862
	7.738119	50.1383123
	7.7381781	50.1382773
	7.7383467	50.1382281
	7.7387395	50.1381368
	7.7388711	50.1381158
	7.7390803	50.1380985
	7.7389818	50.1379375
	7.7390055	50.1377306
	7.7398197	50.1380012
	7.739892	50.137862
	7.7394926	50.1372986
	7.7389788	50.1371746
	7.738822	50.1369015
	7.7389745	50.1366272
	7.7401452	50.1363985
	7.7404078	50.1364013
	7.7406927	50.1358479
	7.7405944	50.1340027
	7.7413202	50.1336984
	7.741512	50.1329771
	7.7418708	50.133084
	7.7418067	50.1324314
	7.7419692	50.1312378
	7.7428403	50.1305577
	7.7430292	50.1301704
	7.7428277	50.1298234
	7.7431723	50.1295693
	7.7432162	50.1290108
	7.7431147	50.1283327
	7.7427405	50.1275869
	7.7422183	50.1265708
	7.7418355	50.1259316
	7.7411283	50.1250863
	7.7404108	50.1250863
	7.7385889	50.1239773
	7.7372709	50.1232574
	7.7364875	50.1223
	7.7352742	50.1221158
	7.7345224	50.1218076
	7.7350021	50.1215976
	7.7354032	50.1214319
	7.7357789	50.1212974
	7.7366655	50.1210312
	7.7374578	50.1208024
	7.7377556	50.1206399
	7.7381517	50.1204285
	7.7385174	50.1202726
	7.7392188	50.1200256
	7.7397283	50.1198001
	7.7402302	50.1195192
	7.7406608	50.1192872
	7.7411643	50.1190188
	7.7415562	50.1188272
	7.7419633	50.118709
	7.7422974	50.1185773
	7.7425445	50.1184278
	7.7429508	50.1180429
	7.7431179	50.117793
	7.7432397	50.1176792
	7.7434075	50.1175814
	7.7438521	50.1174338
	7.7442732	50.1173512
	7.7446142	50.1172173
	7.7448856	50.1170121
	7.7451083	50.1168737
	7.7454533	50.1167627
	7.7462171	50.1166114
	7.7466695	50.116482
	7.7470991	50.1163018
	7.7474072	50.1160737
	7.747644	50.1158171
	7.7479149	50.1156147
	7.7480924	50.115521
	7.748241	50.1154691
	7.7486283	50.1153983
	7.7490135	50.1153728
	7.7493556	50.1154095
	7.7496767	50.1154146
	7.7499054	50.1153581
	7.7500631	50.1152051
	7.7501838	50.1150279
	7.7502534	50.1148694
	7.7503265	50.1146731
	7.7504344	50.1145146
	7.7505144	50.1144633
	7.7506327	50.1144499
	7.75074	50.1144193
	7.7509146	50.1142915
	7.7511851	50.1140407
	7.7513531	50.1138095
	7.7514674	50.1135779
	7.7515793	50.1133342
	7.7515932	50.1131132
	7.7516223	50.1130477
	7.7516976	50.113024
	7.7517848	50.1129783
	7.7518167	50.1129215
	7.7519078	50.1127873
	7.7521048	50.1126238
	7.7522582	50.1124994
	7.7522813	50.112385
	7.752251	50.112289
	7.752164	50.112173
	7.7521326	50.1120212
	7.7521674	50.1119454
	7.7523414	50.1117735
	7.7525816	50.1116039
	7.7528733	50.1114616
	7.753194	50.1113361
	7.7533088	50.111267
	7.7534028	50.1111933
	7.7535385	50.1109925
	7.7536708	50.110872
	7.753878	50.110787
	7.754151	50.1107157
	7.7543389	50.1107157
	7.7545686	50.110689
	7.7547963	50.1107425
	7.7550523	50.1109099
	7.7551949	50.1110215
	7.7553133	50.1110594
	7.7554818	50.1110549
	7.7556821	50.1109322
	7.7558944	50.1108586
	7.7560679	50.1108124
	7.7562737	50.1107314
	7.7564755	50.1106086
	7.7568786	50.1103796
	7.7571924	50.1102605
	7.7572585	50.1102158
	7.7573003	50.1101578
	7.757356	50.1101176
	7.7576865	50.1100752
	7.7579997	50.1100038
	7.7582911	50.1099717
	7.7586219	50.1100015
	7.7588593	50.110044
	7.7590153	50.1100889
	7.7593388	50.1101469
	7.7595928	50.1102719
	7.7597684	50.1103909
	7.7599635	50.1104948
	7.7601879	50.1105595
	7.7603939	50.1105941
	7.7605203	50.110622
	7.7606203	50.1106556
	7.7609115	50.1107694
	7.761252	50.1109908
	7.7615471	50.1112222
	7.7617395	50.1114081
	7.7620003	50.1115438
	7.7623153	50.1116259
	7.762768	50.1116827
	7.763334	50.1118152
	7.7638584	50.111937
	7.7645608	50.1121658
	7.7650533	50.112414
	7.7657222	50.1128853
	7.766159	50.1131828
	7.7668633	50.1136659
	7.7675185	50.1140325
	7.7681962	50.1144566
	7.768739	50.1147047
	7.7692241	50.114925
	7.7698862	50.1151784
	7.7706377	50.1154858
	7.7709726	50.1156399
	7.7713369	50.1157204
	7.7717746	50.1159267
	7.7722311	50.1160519
	7.7727806	50.1162371
	7.7731226	50.1164138
	7.7732875	50.116488
	7.7733834	50.1165968
	7.7734681	50.1167011
	7.7736898	50.1169276
	7.7738839	50.117019
	7.7741726	50.1170927
	7.774471	50.1171041
	7.7748134	50.1170689
	7.7750486	50.1170282
	7.7753528	50.1168938
	7.7756019	50.1167538
	7.7758942	50.1166757
	7.776432	50.1166127
	7.7768038	50.116608
	7.7770839	50.1166444
	7.7772793	50.116707
	7.7775269	50.1168611
	7.7777173	50.1171078
	7.7777538	50.1172328
	7.7778373	50.1173834
	7.7779087	50.1174938
	7.7782232	50.1176028
	7.7843276	50.1208399
	7.7858306	50.1229064
	7.7874248	50.1247753
	7.7879258	50.1259433
	7.7883084	50.126345
	7.788938	50.1267962
	7.789568	50.1308177
	7.7936904	50.1349879
	7.7981586	50.1372079
	7.7981484	50.1382794
	7.7979981	50.1397518
	7.7974398	50.1408252
	7.7971502	50.1418212
	7.7958529	50.1424267
	7.7945267	50.1429033
	7.7923156	50.1439642
	7.791649	50.1448614
	7.791149	50.1451819
	7.7902601	50.145488
	7.7889045	50.146314
	7.7876254	50.1459153
	7.7871383	50.1459254
	7.7867062	50.1457442
	7.785897	50.1458046
	7.7854806	50.1457542
	7.7847813	50.1458851
	7.7844906	50.1460614
	7.7839687	50.1461452
	7.7837125	50.1460005
	7.781868	50.1465488
	7.7804569	50.1471255
	7.7784791	50.1476809
	7.7769929	50.1485084
	7.7756707	50.1483727
	7.7753512	50.1483266
	7.7746279	50.1463984
	7.7737166	50.1465192
	7.7729466	50.1468817
	7.7721452	50.1464286
	7.7733779	50.145054
	7.7717908	50.1446512
	7.7708009	50.1444901
	7.770848	50.1426069
	7.7691981	50.1419524
	7.7691714	50.140879
	7.7623239	50.1362247
	7.7621344	50.1361807
	7.761961	50.1360555
	7.7619172	50.135949
	7.7607741	50.1352636
	7.7606576	50.135269
	7.7604808	50.1353112
	7.7603194	50.1353791
	7.7600768	50.1355098
	7.7598961	50.1356579
	7.7598382	50.1357232
	7.7598277	50.135811
	7.759869	50.1359036
	7.7598393	50.1359739
	7.7597567	50.1360542
	7.7597334	50.1360401
	7.7595773	50.1361022
	7.7594198	50.1361444
	7.759292	50.1361998
	7.75919	50.1363032
	7.7591012	50.1365108
	7.7590764	50.1365589
	7.7587748	50.136839
	7.7584432	50.13732
	7.7578709	50.1376385
	7.7573148	50.1376887
	7.7567802	50.1377279
	7.7563905	50.1378461
	7.7561419	50.1381343
	7.7559476	50.1385022
	7.7560443	50.1388913
	7.7562767	50.1392029
	7.7560208	50.1399304
	7.7558516	50.1401975
	7.7558213	50.1403301
	7.7559235	50.1404212
	7.7560313	50.1405536
	7.7560654	50.1406183
	7.7560668	50.1406849
	7.7560056	50.1407393
	7.7559565	50.1407691
	7.7558134	50.1408138
	7.7557245	50.1408321
	7.7555649	50.1408583
	7.7553092	50.140832
	7.7550503	50.1407877
	7.7548136	50.1407566
	7.7544883	50.1407331
	7.7542984	50.1407611
	7.7541533	50.1408078
	7.7539854	50.1408881
	7.7538035	50.1409888
	7.7535854	50.1411467
	7.7534058	50.1413567
	7.7533281	50.1414676
	7.7532782	50.1416687
	7.7532999	50.1418951
	7.7534104	50.1422794
	7.7535008	50.1425536
	7.7535776	50.1428418
	7.7536966	50.1431207
	7.7537436	50.1438058
	7.7537253	50.1440755
	7.7535532	50.144279
	7.7534765	50.1445024
	7.7533557	50.1446135
	7.7532753	50.1446388
	7.7531699	50.1446511
	7.7529732	50.1446279
	7.7527624	50.1445653
	7.7525283	50.1444797
	7.7522582	50.1444347
	7.7519511	50.144455
	7.7516573	50.1444966
	7.7511093	50.1446671
	7.7506892	50.1448909
	7.7505823	50.1449474
	7.7501264	50.1452508
	7.7497678	50.1457698
	7.7495595	50.1460962
	7.7494738	50.1462048
	7.7493508	50.1462252
	7.7491102	50.1462295
	7.7488692	50.1462213
	7.7485266	50.1462501
	7.7483798	50.1462803
	7.7481043	50.1463654
	7.7478682	50.1464536
	7.7476691	50.1465198
	7.7474063	50.1465206
	7.7471411	50.1464548
	7.7469186	50.1463041
	7.7467408	50.1460968
	7.7465325	50.1458544
	7.7464317	50.1457216
	7.7463704	50.1456568
	7.7462973	50.1456026
	7.746026	50.1455659
	7.7456852	50.1455831
	7.7453086	50.1456778
	7.7448839	50.1458983
	7.7446766	50.1460198
	7.7444762	50.1462077
	7.7444226	50.1463427
	7.744424	50.1465229
	7.7444362	50.146823
	7.7443779	50.1469678
	7.7443367	50.1470153
	7.7442567	50.1470476
	7.7441194	50.1470509
	7.743972	50.1470194
	7.7438516	50.146964
	7.7437251	50.14693
	7.7436364	50.1469021
	7.7435095	50.1468872
	7.7433599	50.1468653
	7.7432243	50.1468553
	7.7430747	50.146862
	7.7428755	50.1468789
	7.7426825	50.146948
	7.7425782	50.1470416
	7.7425071	50.1471269
	7.7424321	50.1472555
	7.7423454	50.1473908
	7.7422358	50.147451
	7.7421102	50.1474845
	7.7419558	50.1474811
	7.7418186	50.1474538
	7.7415727	50.147375
	7.7413464	50.1473309
	7.7410921	50.1473179
	7.7409818	50.1473464
	7.740874	50.1474066
	7.7407383	50.1475091
	7.7405987	50.1476691
	7.7404656	50.1477919
	7.7403139	50.1479171
	7.7401754	50.1480658
	7.7401064	50.1482098
	7.7400565	50.1484042
	7.7399944	50.1485045
	7.7398905	50.1486342
	7.7397844	50.1487353
	7.7396356	50.1488364
	7.7395183	50.1488866
	7.7393382	50.1489562
	7.7391154	50.1490123
	7.7389624	50.1490605
	7.7388517	50.1490944
	7.7387558	50.1491062
	7.7385726	50.1491204
	7.7383989	50.1491509
	7.7378123	50.1493446
	7.737687	50.1491421
	7.7376195	50.1491792
	7.7374828	50.1490088
	7.7373749	50.1489055
	7.7363002	50.1478498
	7.7350229	50.1473875
	7.7342266	50.146652
	7.7324049	50.1449472
	7.7320658	50.1441445
	7.7317384	50.1437268
	7.7318675	50.1436413
	7.7309984	50.142337
	7.7309156	50.142235
	7.7305713	50.1420204
	7.730429	50.14182
	7.7302435	50.1417957
	7.730228	50.1416189
	7.7301812	50.1416009
	7.729945	50.1411418
	7.7301682	50.141074
	7.7299893	50.1409262
	7.7298408	50.1409933
	7.7297629	50.1408414
	7.7294355	50.1407511
	7.7296512	50.1406387
	7.7295922	50.1404319
	7.7294175	50.140332
	7.7291726	50.140409
	7.7290072	50.1403147
	7.7289829	50.1401626
	7.729028	50.1399199
	7.7290191	50.1398199
	7.7287285	50.1397406
	7.7287999	50.1395098
	7.7286282	50.1394694
	7.7284654	50.139458
	7.7283943	50.1392575
END
END
