6554780
1
	6.6518513	49.6370214
	6.6533735	49.6372887
	6.655192	49.6377466
	6.6560257	49.6380498
	6.6568274	49.6381336
	6.6571855	49.6382188
	6.6579899	49.6381835
	6.6585985	49.638238
	6.6589489	49.6382475
	6.6593279	49.6382246
	6.6593529	49.6379607
	6.6594544	49.6378007
	6.6595748	49.6377317
	6.6597761	49.6377489
	6.6600498	49.6378698
	6.6603767	49.6379746
	6.6606073	49.6379835
	6.6611149	49.6378937
	6.6610461	49.6363848
	6.6617219	49.6361011
	6.6628785	49.6353922
	6.6649943	49.6326287
	6.6644023	49.6313714
	6.6657579	49.6299054
	6.6657717	49.6293793
	6.6682651	49.6282811
	6.669374	49.6283494
	6.671026	49.6281443
	6.6716868	49.6278322
	6.6724577	49.6276538
	6.6739307	49.6271991
	6.6743299	49.6272615
	6.6758422	49.6285207
	6.6764984	49.6291236
	6.6768976	49.6293109
	6.6771178	49.6300242
	6.6776823	49.6305949
	6.6783981	49.6312547
	6.6790608	49.6311853
	6.6794596	49.6315531
	6.6807543	49.6323349
	6.6812245	49.6328592
	6.6822509	49.6331519
	6.6825835	49.6331714
	6.6828463	49.6330894
	6.6839463	49.6330831
	6.6849879	49.6329886
	6.6852896	49.632749
	6.6863701	49.6329381
	6.6867206	49.6329507
	6.6875577	49.6333542
	6.687986	49.6334866
	6.6879666	49.6335686
	6.6896798	49.6346719
	6.6907769	49.6352396
	6.6913318	49.635372
	6.6925291	49.6359331
	6.6928796	49.6359835
	6.6936972	49.6369166
	6.6937895	49.637159
	6.6944694	49.6375379
	6.6950438	49.6379098
	6.6954234	49.6382628
	6.6959588	49.6385528
	6.6969809	49.6388302
	6.6972203	49.6387664
	6.6977778	49.6388689
	6.6987208	49.6392923
	6.6989703	49.6396775
	6.6999869	49.6400175
	6.7006614	49.6402092
	6.7009092	49.640383
	6.7018109	49.6405524
	6.7025199	49.6407842
	6.7026782	49.6409001
	6.7029374	49.6409581
	6.7032776	49.6410623
	6.7034291	49.6412183
	6.7037939	49.6412718
	6.7040967	49.6414189
	6.7041174	49.6415526
	6.7025056	49.6413286
	6.701445	49.6409023
	6.7011433	49.6409653
	6.7005106	49.640728
	6.7000433	49.6406627
	6.6987389	49.6415074
	6.698077	49.6425664
	6.6982716	49.6427933
	6.6946905	49.6439543
	6.6897893	49.6439903
	6.6881281	49.643114
	6.682196	49.643569
	6.6789834	49.6442045
	6.6773377	49.6464327
	6.6759042	49.6494133
	6.6733736	49.6520874
	6.6711725	49.6513233
	6.6685949	49.649428
	6.6633384	49.6462136
	6.6588419	49.6427646
	6.6578296	49.6418191
	6.6573818	49.6413148
	6.6537801	49.6389446
	6.6518513	49.6370214
END
END
