6555169
1
	7.9852165	49.3235391
	7.9853597	49.3229638
	7.9860262	49.3222092
	7.986342	49.3212945
	7.9859247	49.3201041
	7.9856283	49.319797
	7.9878151	49.3176536
	7.9883261	49.3175419
	7.9900867	49.3166554
	7.9941359	49.3187009
	7.9976412	49.3191421
	7.9974002	49.3197484
	7.9976996	49.3201618
	7.9980025	49.3238601
	7.9947444	49.3233512
	7.9941057	49.322658
	7.9913058	49.3234022
	7.9852165	49.3235391
END
2
	8.0326904	49.2902236
	8.033457	49.2896463
	8.0355361	49.2886663
	8.0379449	49.2933393
	8.0379683	49.2934037
	8.038194	49.2940244
	8.0385784	49.2944132
	8.0396009	49.2948334
	8.0414421	49.29537
	8.0427823	49.2958044
	8.0439743	49.2958825
	8.0446333	49.295891
	8.0438293	49.2966277
	8.0427177	49.298302
	8.0477616	49.3015162
	8.0455446	49.3027164
	8.0444864	49.3033266
	8.0429917	49.3038612
	8.0326904	49.2902236
END
3
	8.2217705	49.2762016
	8.2220174	49.27451
	8.2228911	49.2746609
	8.2247108	49.2749283
	8.227318	49.2750765
	8.2301207	49.2753761
	8.2334145	49.2762553
	8.2365204	49.2773282
	8.2366862	49.276125
	8.2376499	49.276623
	8.2398059	49.2771848
	8.2411158	49.2774089
	8.2415507	49.2767047
	8.242025	49.2754331
	8.2445766	49.2757865
	8.2475858	49.2754847
	8.2483107	49.2755987
	8.2489625	49.2756292
	8.2489736	49.2756297
	8.2491946	49.2756597
	8.2496135	49.2757747
	8.2501875	49.2758887
	8.2519082	49.2760377
	8.2529431	49.2762247
	8.253605	49.2763996
	8.2541789	49.2765866
	8.2545528	49.2766446
	8.2550168	49.2766476
	8.2556797	49.2766026
	8.2559216	49.2766176
	8.2562756	49.2766896
	8.2611279	49.2774605
	8.2617806	49.2775504
	8.2623222	49.2776569
	8.2631817	49.2778096
	8.2639285	49.2778685
	8.2640218	49.2778849
	8.2639545	49.2791005
	8.2646583	49.2791675
	8.2648457	49.279182
	8.2664417	49.2793056
	8.2680948	49.27949
	8.2687675	49.2798394
	8.2688879	49.2800034
	8.2690868	49.2801908
	8.2693078	49.2802776
	8.2694816	49.2803049
	8.2696201	49.2803354
	8.2696022	49.2805931
	8.2695148	49.2807833
	8.2691107	49.2813466
	8.268609	49.2815952
	8.2678024	49.281762
	8.2671277	49.281788
	8.2663631	49.2816657
	8.265854	49.2818687
	8.2644228	49.2818904
	8.2637986	49.281878
	8.2637963	49.2818968
	8.2637455	49.2825187
	8.2633866	49.2838058
	8.2618307	49.2836855
	8.2612095	49.2862299
	8.2598597	49.2861208
	8.2596195	49.2876669
	8.2593075	49.2876517
	8.2586887	49.2902728
	8.2578451	49.2901053
	8.257395	49.2900568
	8.2567655	49.2917306
	8.2560985	49.2916063
	8.2553238	49.2916006
	8.2547506	49.2931657
	8.2539111	49.2931032
	8.2535092	49.2936605
	8.2531678	49.2945009
	8.2527836	49.295981
	8.252726	49.2960534
	8.252585	49.2964804
	8.252298	49.2970263
	8.2520721	49.2973503
	8.2515361	49.2976293
	8.2512232	49.2983382
	8.2503603	49.2989371
	8.2503173	49.2992541
	8.2502013	49.299487
	8.2498734	49.29991
	8.2497324	49.300078
	8.2491495	49.3010169
	8.2489275	49.3010999
	8.2485516	49.3010999
	8.2475777	49.3010389
	8.2463849	49.3007759
	8.2449311	49.3005129
	8.2444641	49.3003949
	8.2429834	49.299906
	8.2401968	49.2991591
	8.2401098	49.2991511
	8.2396438	49.2991321
	8.2391229	49.2990781
	8.2378701	49.2989531
	8.2374179	49.2989022
	8.2368537	49.2987581
	8.2364619	49.2987837
	8.2365136	49.2979614
	8.2352794	49.2978021
	8.2345805	49.2971897
	8.2338306	49.2964158
	8.2333995	49.2960357
	8.2331965	49.295382
	8.2327353	49.2944222
	8.2307964	49.2946589
	8.2286417	49.2949988
	8.2281219	49.2926788
	8.2277108	49.292641
	8.2275415	49.2911976
	8.2277896	49.2895375
	8.2282479	49.2883878
	8.2292427	49.286469
	8.2276676	49.2860367
	8.2283667	49.2836873
	8.2274135	49.283512
	8.22761	49.2821605
	8.2259115	49.282165
	8.2238982	49.2821159
	8.2244476	49.2783083
	8.2236177	49.2781035
	8.2222325	49.2782196
	8.2224705	49.2763682
	8.2224728	49.2762922
	8.2217705	49.2762016
END
END
