6555184
1
	7.956303	49.1322352
	7.957239	49.1316033
	7.9581421	49.131993
	7.9586577	49.1317419
	7.9589679	49.1316165
	7.9600527	49.1313514
	7.9600763	49.1306754
	7.9591779	49.130132
	7.9601062	49.1294566
	7.9583328	49.1287294
	7.9584228	49.1280268
	7.9579518	49.127947
	7.9614501	49.1263554
	7.9629176	49.1250361
	7.9641541	49.1252458
	7.965916	49.1243675
	7.9667471	49.1240574
	7.9675053	49.1240784
	7.9690635	49.1244029
	7.9694999	49.1249625
	7.9703478	49.1255787
	7.9720091	49.126411
	7.9737197	49.1276408
	7.9793197	49.1250729
	7.9798967	49.1236154
	7.9806899	49.1228434
	7.9813646	49.1220307
	7.9820864	49.1226594
	7.9827067	49.1230052
	7.982977	49.1217822
	7.9830518	49.1204501
	7.9842349	49.1201662
	7.9860549	49.1219238
	7.9876427	49.1221515
	7.9862923	49.1234546
	7.9886683	49.123386
	7.9894994	49.1236266
	7.9900464	49.1236445
	7.9946877	49.1254374
	8.0024465	49.1236604
	8.010481	49.1230538
	8.0197309	49.124819
	8.0256515	49.1249834
	8.0256873	49.1253829
	8.0264873	49.1252675
	8.0279383	49.1268922
	8.0294818	49.1267714
	8.0316343	49.1263789
	8.0318276	49.1266174
	8.0320238	49.1267941
	8.031553	49.1267951
	8.0315339	49.1270811
	8.0317444	49.1276194
	8.0334274	49.1297143
	8.0328663	49.1321421
	8.0334815	49.1335134
	8.027379	49.1341625
	8.0228278	49.1341061
	8.0166824	49.133548
	8.0134457	49.1335194
	8.0111056	49.1332905
	8.0064254	49.1345319
	8.0069941	49.1354477
	8.0056381	49.1357768
	8.0050561	49.1356454
	8.0035689	49.1344864
	8.0021911	49.1337566
	7.9989691	49.1325265
	7.995103	49.1316766
	7.989002	49.13362
	7.9723807	49.1327358
	7.9583243	49.1340236
	7.956303	49.1322352
END
END
