6555311
1
	7.953278	49.8737115
	7.9562727	49.8708339
	7.9568746	49.8700634
	7.9579148	49.8685474
	7.9591593	49.8668523
	7.960126	49.8655679
	7.9613427	49.8644088
	7.9628133	49.863227
	7.9665922	49.8650816
	7.9675824	49.8656312
	7.9688475	49.8662428
	7.9699064	49.866881
	7.9724712	49.8681485
	7.9718523	49.868707
	7.9737776	49.8693983
	7.9765555	49.8713128
	7.9769955	49.8714546
	7.9774194	49.8710194
	7.9811349	49.8726334
	7.9863881	49.8757708
	7.9856455	49.8766747
	7.9888637	49.8795504
	7.9899623	49.8805321
	7.989127	49.8814772
	7.9890308	49.8819026
	7.9890308	49.8824165
	7.9883982	49.8826646
	7.9882056	49.8833646
	7.9885082	49.8841798
	7.9890858	49.8852077
	7.9895396	49.8857571
	7.9910935	49.8867937
	7.9917811	49.887662
	7.9921387	49.8879544
	7.9917811	49.8879367
	7.9910385	49.8882202
	7.9905435	49.8885126
	7.9897459	49.8890353
	7.9878539	49.8894932
	7.9877567	49.8892551
	7.9862203	49.8894305
	7.9847617	49.8893929
	7.9847423	49.8893742
	7.9837892	49.8884515
	7.9838727	49.8878992
	7.9825445	49.8878751
	7.9826807	49.8873488
	7.9819028	49.8871358
	7.9812221	49.8868852
	7.9808526	49.8864216
	7.9802691	49.8848803
	7.980133	49.8828502
	7.9799887	49.882274
	7.9788494	49.881384
	7.9777409	49.8808953
	7.9745433	49.8800105
	7.9685922	49.8777421
	7.9671335	49.8768523
	7.9660639	49.877692
	7.9651304	49.8778424
	7.9639635	49.8787573
	7.9625328	49.8790911
	7.9589791	49.8772133
	7.957997	49.8779928
	7.9575692	49.8775918
	7.9557799	49.8768147
	7.956976	49.8753797
	7.953278	49.8737115
END
END
