6555260
1
	8.1110395	49.6336867
	8.111973	49.6331245
	8.1129768	49.6322803
	8.114475	49.6309412
	8.1129968	49.6305724
	8.1140032	49.6298587
	8.1148591	49.6291048
	8.113662	49.6284323
	8.1142129	49.6279726
	8.1132171	49.6274716
	8.1145519	49.6265727
	8.1129416	49.6262227
	8.114849	49.6248427
	8.116595	49.6237404
	8.1221992	49.6205201
	8.1275392	49.6181466
	8.130221	49.6165547
	8.1316143	49.615419
	8.1347755	49.6168071
	8.1362059	49.6154083
	8.1383926	49.6162673
	8.1564783	49.6187863
	8.1405423	49.6176061
	8.1419736	49.6183059
	8.140664	49.6196231
	8.139994	49.6202562
	8.1396223	49.6217743
	8.1427272	49.6230975
	8.1355657	49.6283679
	8.1327	49.6310394
	8.1313816	49.6317381
	8.1293889	49.633019
	8.1273813	49.6339214
	8.1282054	49.6348724
	8.125958	49.6356389
	8.1254337	49.6351441
	8.1248793	49.6349209
	8.1242493	49.6340843
	8.1224594	49.6348398
	8.1209551	49.633893
	8.1185397	49.6360611
	8.1188999	49.6364728
	8.1182642	49.6367609
	8.117872	49.6366331
	8.1110395	49.6336867
END
END
