6555132
1
	7.5003923	49.5042516
	7.50145	49.5037043
	7.5028631	49.5044796
	7.5030611	49.5039172
	7.5034981	49.5039742
	7.5036351	49.5036687
	7.504692	49.5038407
	7.5063737	49.5040727
	7.5063037	49.5048016
	7.5080535	49.5048936
	7.5090883	49.5050916
	7.5095612	49.5053775
	7.5099262	49.5056715
	7.5104661	49.5056445
	7.5106161	49.5058275
	7.511286	49.5058435
	7.511204	49.5078383
	7.511222	49.5082882
	7.511413	49.5086392
	7.511474	49.5090321
	7.511429	49.5093141
	7.5121019	49.5089372
	7.5140206	49.5093641
	7.5145765	49.51007
	7.5157773	49.5085712
	7.5169182	49.5090931
	7.5173061	49.5092231
	7.5177581	49.5093071
	7.518255	49.5093681
	7.5187289	49.5096771
	7.5193948	49.510016
	7.5196068	49.510356
	7.5197578	49.510524
	7.5201447	49.510791
	7.5206396	49.5109629
	7.5214775	49.5113709
	7.5231983	49.5123588
	7.5246936	49.5130892
	7.5249858	49.5134878
	7.5256717	49.5139238
	7.5258179	49.5143076
	7.5264808	49.5151935
	7.5261318	49.5154604
	7.5279062	49.5165411
	7.527772	49.5172289
	7.5275666	49.5174466
	7.5274926	49.5178672
	7.5277676	49.5186641
	7.5278092	49.5189927
	7.5273362	49.5194801
	7.5267336	49.5202222
	7.5266477	49.5206829
	7.52693	49.5215991
	7.5274039	49.5222813
	7.528	49.5229517
	7.5272705	49.5230299
	7.5256701	49.5226589
	7.524384	49.5220467
	7.5227408	49.5216571
	7.5207403	49.5211562
	7.5203231	49.5215457
	7.5183558	49.5202971
	7.51787	49.5205291
	7.5175556	49.5217164
	7.5169983	49.52231
	7.5176128	49.5228573
	7.5173556	49.5237292
	7.5179271	49.5246939
	7.5163124	49.5236921
	7.5154122	49.5229686
	7.5146426	49.5233334
	7.5136561	49.5238009
	7.5127654	49.5230134
	7.5125973	49.5225141
	7.5122543	49.5222173
	7.5110826	49.5227553
	7.511586	49.5231229
	7.5107968	49.52365
	7.5100823	49.5236871
	7.5089057	49.5245613
	7.507188	49.5236693
	7.5067028	49.5236858
	7.5060564	49.5229085
	7.5061574	49.5208883
	7.506556	49.5202253
	7.501103	49.5182282
	7.5004412	49.5174013
	7.5020936	49.5153112
	7.5012349	49.5138566
	7.5019993	49.5123379
	7.5012546	49.5097948
	7.5057343	49.5107558
	7.5050633	49.5074787
	7.5029794	49.5061392
	7.5003923	49.5042516
END
END
