6555313
1
	8.0237912	49.8708607
	8.0283285	49.8641657
	8.0287068	49.8597458
	8.0292775	49.8570419
	8.0315044	49.8586488
	8.0329645	49.8592236
	8.0347092	49.8594157
	8.0349572	49.8597177
	8.035252	49.8599009
	8.0355328	49.8602603
	8.0368786	49.8611292
	8.0372898	49.8612757
	8.0391876	49.8618685
	8.0396926	49.8620745
	8.0411493	49.8623414
	8.0442369	49.8631773
	8.049476	49.8640522
	8.0535625	49.8652221
	8.0563381	49.866267
	8.0555562	49.8671899
	8.0551183	49.8675989
	8.0594397	49.8693497
	8.0632421	49.8707455
	8.0651288	49.8712985
	8.0626652	49.8725423
	8.0578249	49.875037
	8.0591707	49.875812
	8.0589157	49.8759449
	8.0562091	49.8773378
	8.0551621	49.8779858
	8.0554002	49.8780847
	8.0555762	49.8782417
	8.0517547	49.8810983
	8.0477403	49.884044
	8.0410905	49.8887351
	8.0395198	49.8882144
	8.0348319	49.8862099
	8.0320775	49.8881973
	8.0292477	49.8862922
	8.0304823	49.8848276
	8.0313974	49.8845354
	8.0339815	49.8837105
	8.0352582	49.882116
	8.0359131	49.880629
	8.0353299	49.8773584
	8.0358634	49.8760527
	8.0349269	49.8756202
	8.0324638	49.8740544
	8.0315387	49.8733648
	8.028798	49.8721875
	8.0265645	49.8713868
	8.0237912	49.8708607
END
END
