6555162
1
	7.3784844	49.4709476
	7.3793529	49.4698444
	7.3801649	49.4697809
	7.385421	49.4711856
	7.386064	49.4724354
	7.3839125	49.4730511
	7.3846823	49.4743593
	7.3901104	49.476078
	7.3903342	49.4759415
	7.3934856	49.4767705
	7.3948081	49.4766038
	7.3967622	49.4748211
	7.3979663	49.4741798
	7.3987146	49.4741626
	7.4001661	49.4734552
	7.4002499	49.4724757
	7.4029093	49.4699609
	7.4055333	49.4707227
	7.4071244	49.4692715
	7.4106416	49.468691
	7.4117861	49.4671491
	7.4120431	49.4672087
	7.4138362	49.4677193
	7.4144196	49.4678992
	7.4147961	49.4680215
	7.4149581	49.4680869
	7.4151757	49.4681699
	7.4153892	49.4682295
	7.4162247	49.4684524
	7.4165498	49.4685516
	7.4168765	49.4686365
	7.4177039	49.4689332
	7.4214859	49.4696363
	7.4248414	49.471509
	7.4271311	49.4729005
	7.4283862	49.4738797
	7.4355105	49.4754242
	7.4374494	49.4765493
	7.4385937	49.4785034
	7.4340037	49.4802338
	7.4307249	49.4806979
	7.4269564	49.480165
	7.4230271	49.4813941
	7.4212735	49.48257
	7.4171394	49.4862031
	7.4150656	49.4856824
	7.4132633	49.4875074
	7.4115881	49.4880792
	7.4096156	49.4896028
	7.4069597	49.4909026
	7.405946	49.4908526
	7.4000088	49.4940377
	7.3997051	49.4935536
	7.3988304	49.4941636
	7.3964122	49.4906544
	7.3961276	49.4893436
	7.3945225	49.4875953
	7.3872487	49.4826841
	7.3851979	49.4811022
	7.3830648	49.4801856
	7.3845531	49.4781167
	7.38184	49.4772579
	7.380558	49.4764536
	7.380183	49.4766973
	7.3792542	49.4753854
	7.3820065	49.4743718
	7.380399	49.4735513
	7.3794319	49.4719737
	7.3784844	49.4709476
END
END
