6557469
1
	6.9177673	52.501562
	6.9190409	52.4982405
	6.9207668	52.4937388
	6.9220066	52.4905049
	6.9222039	52.4898385
	6.9231502	52.4866421
	6.9236364	52.4846751
	6.9242473	52.4828754
	6.9366918	52.483378
	6.9387121	52.4831596
	6.9523721	52.4816832
	6.9545546	52.4816875
	6.9659081	52.4817098
	6.9665535	52.4808919
	6.9661323	52.4802311
	6.977468	52.4774968
	6.9786074	52.4739497
	6.9760754	52.4729472
	6.9786074	52.4701709
	6.976107	52.4656976
	6.9773481	52.4653222
	6.9774912	52.4655954
	6.9775362	52.4655984
	6.9775338	52.4656808
	6.9792418	52.4663763
	6.9797572	52.4665835
	6.9808202	52.4670175
	6.9817602	52.4673951
	6.9820093	52.4674949
	6.982222	52.4675857
	6.9830051	52.4679027
	6.9831355	52.4679554
	6.9832027	52.4679824
	6.9846142	52.4685509
	6.9848136	52.4686341
	6.9849722	52.4686952
	6.9855634	52.4689386
	6.9862589	52.4692198
	6.9868536	52.4694596
	6.987164	52.4695818
	6.9876233	52.4697668
	6.9893898	52.4687533
	6.9894132	52.46874
	6.9895154	52.4686818
	6.9895251	52.4686763
	6.9904355	52.4681561
	6.9909266	52.4678782
	6.991014	52.4678287
	6.9911882	52.467726
	6.9913116	52.4676552
	6.9916079	52.4674852
	6.991799	52.4673763
	6.9918506	52.4673381
	6.992219	52.4670051
	6.9922711	52.4669617
	6.9925169	52.4667372
	6.9930072	52.4663024
	6.9934823	52.4658736
	6.9939072	52.4654854
	6.9939701	52.4651601
	6.9939873	52.4650565
	6.9941382	52.4642943
	6.9941857	52.4640838
	6.9942126	52.4639423
	6.9942541	52.4637496
	6.9942783	52.4636127
	6.9943202	52.463418
	6.9944355	52.4627963
	6.9944982	52.4624944
	6.9945246	52.4623757
	6.994574	52.462127
	6.9946466	52.4620416
	6.9950426	52.461494
	6.9958701	52.4603857
	6.9961948	52.4599433
	6.996518	52.4594899
	6.9966749	52.4592767
	6.9968508	52.4590261
	6.9970133	52.4588067
	6.9973782	52.4583139
	6.9976561	52.4579294
	6.9979052	52.457595
	6.9984549	52.4568484
	6.9991584	52.4572732
	7.0081588	52.4643379
	7.0122153	52.4676331
	7.0134592	52.4716457
	7.0135871	52.4722088
	7.0127228	52.4756494
	7.0145807	52.4767442
	7.0139983	52.4769046
	7.0136462	52.477037
	7.0135934	52.4771655
	7.0137394	52.4774375
	7.0138792	52.4776803
	7.0141794	52.4778064
	7.0145252	52.4780664
	7.0148413	52.4783594
	7.0151567	52.4789197
	7.0160355	52.4800261
	7.016196	52.4803377
	7.0166057	52.4810455
	7.0167886	52.4813988
	7.0167787	52.4816456
	7.01657	52.4818224
	7.0159367	52.4820661
	7.0154397	52.4822323
	7.0145516	52.4822594
	7.0136122	52.4822901
	7.0134617	52.4823747
	7.0133155	52.4829622
	7.0127205	52.4830062
	7.0123813	52.4832461
	7.012582	52.4842697
	7.0119776	52.4855855
	7.0112707	52.4862954
	7.0118838	52.4870599
	7.0115237	52.488008
	7.0110038	52.4887216
	7.011027	52.4898497
	7.0110096	52.4899843
	7.0109514	52.4900928
	7.0108758	52.4901683
	7.0107065	52.4902587
	7.0092652	52.4908291
	7.0086567	52.4913211
	7.008459	52.4914781
	7.008397	52.4915489
	7.0083602	52.4916138
	7.0083469	52.4916697
	7.0074132	52.4922565
	7.0073616	52.4923617
	7.0073715	52.4924612
	7.0074126	52.4925306
	7.0083215	52.492751
	7.0082366	52.4932752
	7.0086312	52.4933954
	7.00856	52.4945601
	7.0090555	52.494573
	7.0091706	52.4945963
	7.0093146	52.4946979
	7.009217	52.494752
	7.0105466	52.4956799
	7.0106634	52.4957383
	7.0129572	52.4966232
	7.0131786	52.4967017
	7.0135295	52.4967884
	7.0160555	52.4973818
	7.0161003	52.4979984
	7.0166121	52.4986292
	7.0139352	52.4987353
	7.0135761	52.501873
	7.0150425	52.5021205
	7.0152426	52.5039345
	7.0144237	52.5040164
	7.0141745	52.5046448
	7.0140686	52.5052668
	7.0137542	52.5063962
	7.0124359	52.5103096
	7.0120183	52.5115431
	7.0106987	52.5137177
	7.0109545	52.5146587
	7.0110519	52.5148413
	7.0111538	52.5149663
	7.0111605	52.5149744
	7.0081083	52.5166566
	7.0075918	52.5173206
	7.0064325	52.5195984
	7.0062104	52.5195504
	7.0052	52.5212788
	7.0064735	52.5217323
	7.0067227	52.5213837
	7.0069011	52.5214358
	7.0067123	52.5219727
	7.0063393	52.5224571
	7.0060012	52.5228961
	7.005881	52.5239773
	7.0060807	52.5241665
	7.0056002	52.5242869
	7.0058322	52.5246457
	7.0058169	52.5249696
	7.0057644	52.5260845
	7.0055472	52.5264732
	7.0057678	52.5272939
	7.0055057	52.5275981
	7.0056973	52.5277014
	7.0056553	52.5277399
	7.0053319	52.5280359
	7.0055255	52.5284001
	7.0053477	52.5284389
	7.0053065	52.5292737
	7.0050807	52.530909
	7.0049047	52.5325051
	7.0048092	52.5333246
	7.0034529	52.5355438
	7.0028714	52.5364953
	7.0015527	52.5388588
	7.0000087	52.5386515
	6.9852653	52.5330057
	6.9816347	52.5307071
	6.979233	52.5294756
	6.9780172	52.5287135
	6.9708773	52.5242381
	6.9639199	52.524377
	6.9638802	52.5233051
	6.964083	52.5227787
	6.9641774	52.5222326
	6.9663982	52.5202426
	6.9677137	52.5190387
	6.9716485	52.5147806
	6.9690243	52.5099994
	6.9683776	52.5093681
	6.9680088	52.5087773
	6.9677452	52.5083293
	6.9675572	52.5078167
	6.9674673	52.5070925
	6.9663672	52.5071705
	6.9655736	52.5072374
	6.9647376	52.5072921
	6.9632047	52.5074448
	6.9627393	52.5075212
	6.9627163	52.5076355
	6.9624567	52.5077274
	6.9622155	52.5078732
	6.9601516	52.5099184
	6.9599539	52.5101918
	6.9598917	52.5104466
	6.9600684	52.5110431
	6.9600303	52.5114682
	6.9597729	52.5119037
	6.9576239	52.5136801
	6.9573696	52.5140907
	6.9570139	52.5147244
	6.9563841	52.5156391
	6.9558981	52.5159192
	6.954829	52.51626
	6.9540839	52.5165065
	6.9535292	52.5168728
	6.9520926	52.5184925
	6.9516946	52.5183665
	6.9510895	52.5181455
	6.9473832	52.5178606
	6.9475178	52.5173959
	6.9473494	52.5173791
	6.947646	52.5163224
	6.9412216	52.5153691
	6.9414469	52.5146451
	6.9391842	52.5139595
	6.9395844	52.5134548
	6.9376114	52.5128423
	6.9372369	52.5129462
	6.9363443	52.5125377
	6.9369483	52.5124241
	6.9377605	52.5111035
	6.9359731	52.510416
	6.9344303	52.5102312
	6.9344207	52.510221
	6.9306139	52.5061832
	6.9299821	52.5055131
	6.9248247	52.5039262
	6.9177673	52.501562
END
END
