6557906
1
	8.2768705	49.7142522
	8.2780034	49.7051692
	8.2787433	49.6971241
	8.2797009	49.6919541
	8.2850491	49.692569
	8.2879387	49.692904
	8.2887136	49.6896694
	8.2888206	49.6896804
	8.292727	49.6899973
	8.2938609	49.6900963
	8.2944508	49.6895854
	8.2947318	49.6885135
	8.2949437	49.6881538
	8.2951187	49.6875366
	8.2952737	49.6875336
	8.3014868	49.6881056
	8.3074709	49.6885025
	8.307886	49.6870978
	8.3082838	49.6857519
	8.3090168	49.6841832
	8.3090487	49.684115
	8.3168366	49.6855079
	8.3171876	49.684592
	8.3173125	49.6846133
	8.3174805	49.684642
	8.3189723	49.684886
	8.3192529	49.6835228
	8.3192683	49.6834931
	8.3195162	49.6835581
	8.321003	49.6839131
	8.3234847	49.6840851
	8.3238026	49.6831652
	8.328204	49.6834282
	8.3284539	49.6833902
	8.3307572	49.6830502
	8.3325304	49.6828332
	8.3337912	49.6828562
	8.3341491	49.6828562
	8.3347091	49.6828142
	8.3355239	49.6826353
	8.3364318	49.6824673
	8.3366568	49.6824903
	8.3376776	49.6827113
	8.3382295	49.6828293
	8.3391984	49.6828872
	8.3427629	49.6827003
	8.3424309	49.6833712
	8.3413131	49.6857139
	8.3412551	49.6858359
	8.3403842	49.6903104
	8.3398832	49.6928811
	8.3398623	49.6930111
	8.3393673	49.6960478
	8.3459474	49.6958718
	8.3473782	49.6958948
	8.3479611	49.6959368
	8.3489129	49.6960058
	8.3497318	49.6961318
	8.3503777	49.6962118
	8.3513496	49.6963758
	8.3516943	49.6964252
	8.3510254	49.7008655
	8.3506546	49.703089
	8.3498097	49.7058397
	8.3484009	49.7107951
	8.3483769	49.7108941
	8.3481809	49.711627
	8.3482869	49.711646
	8.3488259	49.711703
	8.3485479	49.7126719
	8.3485459	49.7129049
	8.3485439	49.7134048
	8.3487029	49.7144417
	8.3490828	49.7168915
	8.3501306	49.7237497
	8.338593	49.7240219
	8.2944515	49.7185777
	8.2865765	49.7166402
	8.2838923	49.7159798
	8.2768705	49.7142522
END
END
