6558470
1
	10.8880635	53.0033854
	10.8882269	53.003303
	10.8895975	53.0018419
	10.8900987	53.0012571
	10.8904367	53.0008627
	10.8906094	53.0006609
	10.8908924	53.00033
	10.8911758	52.9999988
	10.8916085	52.9994929
	10.8924141	52.9985685
	10.8945737	52.9991957
	10.8995335	52.9994565
	10.9034288	52.9989348
	10.9064698	52.9985485
	10.9098317	52.9976196
	10.9102443	52.9971046
	10.9069194	52.9934555
	10.9106387	52.9863029
	10.9102785	52.9846079
	10.9127819	52.9836249
	10.912847	52.9790623
	10.9179028	52.9781281
	10.9265211	52.9723881
	10.9310851	52.9747932
	10.9348023	52.9738042
	10.9405525	52.9739649
	10.9436987	52.9732103
	10.9460401	52.9721124
	10.9531836	52.9723654
	10.9540928	52.9724529
	10.9630189	52.9721702
	10.9637105	52.9721962
	10.9682272	52.9730681
	10.9699777	52.9735627
	10.9718687	52.9734325
	10.9713679	52.9725198
	10.9746998	52.9722613
	10.9749591	52.9728794
	10.9759749	52.9749552
	10.9800594	52.9748576
	10.9801704	52.9754268
	10.9841007	52.974298
	10.985808	52.9739986
	10.989587	52.9737108
	10.9897053	52.9730423
	10.9905497	52.9729378
	10.9946452	52.9715758
	10.9982058	52.9700757
	11.0011704	52.9702046
	11.0043337	52.970131
	11.0085208	52.9693671
	11.0100783	52.969144
	11.0131616	52.9686829
	11.014074	52.9707314
	11.022946	52.9714844
	11.0236068	52.9716491
	11.0232504	52.9719301
	11.0251767	52.9942595
	11.0243126	52.999862
	11.0219027	53.0038043
	11.018432	53.0057651
	11.0166585	53.011795
	11.0151481	53.0132245
	11.0143589	53.0143528
	11.008385	53.0143068
	11.0076892	53.0133522
	10.9978203	53.0131939
	10.9922113	53.0209787
	10.990913	53.0204376
	10.9766893	53.0207173
	10.9733746	53.022761
	10.9735712	53.0267613
	10.9714137	53.0300092
	10.9701088	53.0321206
	10.9682136	53.0333537
	10.9683398	53.0363172
	10.9653798	53.0366018
	10.954933	53.0377134
	10.9548169	53.0372796
	10.9518094	53.0362501
	10.9491037	53.0348042
	10.9483564	53.0343996
	10.9463269	53.032353
	10.9439967	53.0299894
	10.9425169	53.0295896
	10.9413438	53.0281711
	10.9361897	53.0303031
	10.9361018	53.0312808
	10.9353109	53.0325095
	10.9338609	53.0329719
	10.9328063	53.0338571
	10.9322132	53.0336325
	10.9281049	53.0360633
	10.9240432	53.037363
	10.9168221	53.036834
	10.9097155	53.0414754
	10.9085795	53.0458999
	10.9056465	53.0459172
	10.9037571	53.0456398
	10.9039988	53.0434341
	10.9036912	53.0418887
	10.9030685	53.0406861
	10.9021973	53.0396167
	10.9047238	53.0381505
	10.906723	53.0370012
	10.908876	53.036486
	10.9111609	53.0360632
	10.9087662	53.0348875
	10.9077336	53.0345836
	10.9051852	53.0342534
	10.9027026	53.0340156
	10.9012054	53.0337889
	10.9010778	53.0327847
	10.9071261	53.0299763
	10.9054146	53.0250243
	10.9012075	53.0238549
	10.8995103	53.0231545
	10.8983075	53.0223253
	10.8955558	53.0207824
	10.8924087	53.0198408
	10.8906071	53.0192891
	10.8897723	53.0189091
	10.8893604	53.0186944
	10.8902923	53.0178049
	10.8904749	53.0175667
	10.8904858	53.0165674
	10.8904138	53.0160157
	10.8903299	53.0157597
	10.8894609	53.0148619
	10.8896436	53.0145192
	10.8891827	53.0139202
	10.8889547	53.0134053
	10.8886138	53.0132713
	10.8885558	53.0129133
	10.8887249	53.0119969
	10.8886885	53.011316
	10.8886339	53.0110205
	10.8885138	53.0106045
	10.8883683	53.0102017
	10.8882482	53.0097901
	10.8882518	53.0095252
	10.8882446	53.0091924
	10.888321	53.0085794
	10.8885939	53.0080758
	10.8888631	53.0075876
	10.8889541	53.0072789
	10.8890487	53.006471
	10.8890196	53.0061841
	10.8890487	53.006044
	10.8887	53.0052619
	10.8886069	53.0051427
	10.8891061	53.005047
	10.8890575	53.004954
	10.8886334	53.0046004
	10.888492	53.0044223
	10.8883771	53.0042947
	10.8882844	53.0041724
	10.8881165	53.0039171
	10.8880635	53.0033854
END
END
