10944402
1
	20.3895949	40.9181267
	20.3898276	40.9177047
	20.3900795	40.9173008
	20.3904381	40.9169471
	20.3908691	40.9166342
	20.3912391	40.916285
	20.3915214	40.9158812
	20.3918896	40.915532
	20.3923036	40.9152055
	20.3926774	40.9148608
	20.3930132	40.9144844
	20.3933563	40.9141215
	20.3937397	40.9137679
	20.3941134	40.9134186
	20.3944111	40.913033
	20.3946419	40.91262
	20.3948405	40.9121978
	20.3950291	40.9117666
	20.3952296	40.9113399
	20.3954449	40.9109179
	20.3956661	40.9104958
	20.3959238	40.910092
	20.3962691	40.9097336
	20.3966963	40.9094117
	20.3970531	40.9090533
	20.3973525	40.9086677
	20.3976329	40.9082685
	20.3979072	40.9078692
	20.3981898	40.90747
	20.39847	40.9070752
	20.3987503	40.906676
	20.3990328	40.9062813
	20.399319	40.9058866
	20.3996259	40.9054965
	20.3999235	40.9051108
	20.4001965	40.904707
	20.4004212	40.904294
	20.4005435	40.9036508
	20.4006521	40.9032056
	20.400738	40.9027649
	20.4007569	40.9023147
	20.4007855	40.9018601
	20.4008181	40.9014101
	20.40082	40.9009599
	20.4007554	40.9005138
	20.4006559	40.9000721
	20.400532	40.8996257
	20.4003854	40.8991882
	20.4002231	40.8987596
	20.4000364	40.898331
	20.3997998	40.89792
	20.3995346	40.8975134
	20.3992712	40.8971114
	20.3989893	40.8967137
	20.3987564	40.8962983
	20.3985351	40.8958784
	20.3983577	40.8954453
	20.3982604	40.895008
	20.3982263	40.8945576
	20.3982356	40.8941029
	20.3982646	40.8936529
	20.3983217	40.8932029
	20.3984151	40.8927577
	20.3985525	40.8923217
	20.3987048	40.8918813
	20.3988786	40.8914409
	20.3990904	40.8910233
	20.3993536	40.8906285
	20.3997521	40.8903064
	20.4002272	40.8900162
	20.4006524	40.8896988
	20.4010359	40.8893541
	20.4014117	40.8890049
	20.4018008	40.8886647
	20.4022031	40.8883336
	20.4026077	40.8880026
	20.4030063	40.8876669
	20.4033913	40.8873268
	20.4037615	40.886973
	20.4041259	40.8866147
	20.4044824	40.8862564
	20.4048317	40.885889
	20.405169	40.8855215
	20.4054913	40.885145
	20.4057755	40.8847457
	20.4060331	40.8843419
	20.4063003	40.883938
	20.4065882	40.8835433
	20.406905	40.8831577
	20.4072825	40.8828175
	20.4076984	40.882491
	20.4081408	40.8821916
	20.4086101	40.8819149
	20.4091116	40.8816743
	20.4096246	40.8814428
	20.4101529	40.8812339
	20.4106698	40.8810159
	20.4111335	40.8807392
	20.4115722	40.8804308
	20.4120337	40.880145
	20.4125279	40.8798998
	20.413033	40.8796638
	20.4135368	40.8794232
	20.4140233	40.8791601
	20.4144866	40.8788833
	20.4149617	40.8786111
	20.4154459	40.8783479
	20.4159401	40.8781027
	20.416453	40.8778712
	20.4169739	40.8776578
	20.4174849	40.8774307
	20.4179791	40.8771766
	20.4184673	40.8769224
	20.4189461	40.8766502
	20.4194075	40.8763689
	20.4198369	40.8760604
	20.4202258	40.8757156
	20.42059	40.8753618
	20.4209221	40.8749898
	20.4212368	40.8746041
	20.421563	40.8742276
	20.4218948	40.8738466
	20.4221943	40.8734609
	20.422427	40.8730523
	20.4225853	40.8726164
	20.4226882	40.8721712
	20.4227569	40.8717213
	20.4228009	40.8712713
	20.4227893	40.8708165
	20.4227209	40.8703704
	20.422589	40.8699285
	20.4223985	40.8695044
	20.4221447	40.8690979
	20.4218129	40.8687225
	20.4215228	40.8683249
	20.4212368	40.8679182
	20.4210347	40.867503
	20.4209603	40.8670659
	20.4209528	40.8666111
	20.4209909	40.8661566
	20.4210615	40.8657022
	20.4211721	40.865266
	20.4213419	40.8648347
	20.4215347	40.8644034
	20.4217196	40.8639766
	20.421912	40.8635499
	20.4221088	40.8631231
	20.4223071	40.8627009
	20.4225035	40.8622742
	20.4227018	40.8618519
	20.4228927	40.8614252
	20.4230795	40.8609984
	20.42328	40.8605717
	20.4234934	40.860154
	20.4237146	40.8597319
	20.4239398	40.8593188
	20.4241496	40.8588967
	20.4243918	40.8584837
	20.4247352	40.8581162
	20.4251185	40.8577714
	20.4254866	40.8574176
	20.4258547	40.8570637
	20.4262228	40.8567144
	20.4265909	40.856356
	20.426959	40.8560021
	20.4273253	40.8556483
	20.4277011	40.8553035
	20.4280865	40.8549542
	20.4285422	40.8546728
	20.4290725	40.8544638
	20.4295836	40.8542367
	20.4300794	40.8539871
	20.4305583	40.8537238
	20.431018	40.8534379
	20.4314701	40.8531475
	20.4319258	40.8528571
	20.4323797	40.8525577
	20.4328432	40.8522718
	20.4333582	40.8520627
	20.4339189	40.8519304
	20.4345028	40.8518207
	20.4350786	40.8517065
	20.4356434	40.8515652
	20.4362021	40.8514103
	20.4367593	40.8512554
	20.4373143	40.8510961
	20.4378769	40.8509547
	20.438453	40.8508405
	20.4390308	40.8507442
	20.4395953	40.8506074
	20.4401409	40.850421
	20.44069	40.8502525
	20.4412681	40.8501653
	20.4418652	40.8501502
	20.4424619	40.8501396
	20.443044	40.8500703
	20.4436083	40.8499425
	20.4441652	40.8497786
	20.4447224	40.8496192
	20.4452868	40.8494778
	20.4458571	40.84935
	20.4464313	40.8492357
	20.447015	40.8491484
	20.4476061	40.8491423
	20.4481992	40.8491631
	20.4487907	40.8492065
	20.4493858	40.8492498
	20.449977	40.8493202
	20.4505262	40.8494624
	20.4509993	40.8497438
	20.4515313	40.8499399
	20.4521057	40.8500777
	20.4526855	40.8501345
	20.4532803	40.8500428
	20.4537991	40.8498201
	20.4542858	40.8495343
	20.4546517	40.8491983
	20.4546384	40.848739
	20.4545012	40.8483016
	20.4543276	40.8478686
	20.4541425	40.8474445
	20.4539481	40.8470159
	20.4537385	40.8465961
	20.45354	40.846172
	20.4533627	40.8457434
	20.4531947	40.8453104
	20.4530193	40.8448819
	20.4528457	40.8444533
	20.4526818	40.8440158
	20.4525557	40.8435785
	20.4524567	40.8431368
	20.4523421	40.842695
	20.4522261	40.8422532
	20.4521249	40.841807
	20.4520637	40.841361
	20.4519684	40.8409148
	20.4518138	40.8404819
	20.45161	40.8399496
	20.4517033	40.8394998
	20.4518081	40.8390546
	20.4520391	40.838637
	20.4521689	40.8382144
	20.4521496	40.837764
	20.4520981	40.8373136
	20.4520618	40.8368632
	20.4520411	40.8364128
	20.45202	40.8359625
	20.4519896	40.8355121
	20.4519321	40.8350661
	20.4518006	40.8346242
	20.4517149	40.8341781
	20.451755	40.8337281
	20.4518257	40.8332827
	20.4518312	40.8328325
	20.4517742	40.8323865
	20.4516845	40.8319358
	20.451587	40.8314941
	20.4514881	40.8310479
	20.4513735	40.8306061
	20.4512249	40.8301687
	20.451019	40.829749
	20.4507653	40.8293426
	20.4505097	40.8289362
	20.4502693	40.8285208
	20.4500271	40.8281144
	20.4497678	40.827708
	20.4494969	40.8273105
	20.4492012	40.8269174
	20.4488579	40.826551
	20.4484725	40.8262025
	20.4480894	40.825854
	20.4477516	40.8254922
	20.4474998	40.8250813
	20.4473646	40.8246349
	20.4473816	40.8241983
	20.4475685	40.8237624
	20.4477669	40.8233356
	20.4479366	40.8228907
	20.4481142	40.8224593
	20.448341	40.8220462
	20.4486729	40.8216876
	20.4491535	40.8214063
	20.4496648	40.8211701
	20.4502104	40.8209926
	20.4507673	40.8208332
	20.4513278	40.8206872
	20.4518924	40.8205459
	20.4524573	40.8204045
	20.4530179	40.820254
	20.4535769	40.8201081
	20.4541316	40.8199487
	20.4546813	40.8197757
	20.4552287	40.8195982
	20.4557721	40.8194161
	20.4563063	40.8192205
	20.4568248	40.8190024
	20.457321	40.8187571
	20.4578035	40.8184937
	20.4582843	40.8182258
	20.4587741	40.8179715
	20.459278	40.8177352
	20.4597891	40.8175035
	20.4603098	40.8172853
	20.4608437	40.8170897
	20.4613969	40.8169302
	20.4619635	40.8167978
	20.4625375	40.8166744
	20.4631134	40.816551
	20.4637085	40.8164637
	20.4642616	40.8163222
	20.4647576	40.8160814
	20.4652098	40.8157683
	20.4655664	40.8154098
	20.4657534	40.8149964
	20.465839	40.8145331
	20.4659725	40.8140925
	20.4661482	40.8136611
	20.4663294	40.8132297
	20.4664973	40.8127982
	20.4666267	40.8123621
	20.4666822	40.8119166
	20.4666747	40.8114618
	20.4666651	40.8109891
	20.4671935	40.8111941
	20.4677218	40.8113991
	20.4682483	40.8116042
	20.4687744	40.8118137
	20.4692897	40.8120367
	20.4698101	40.8122597
	20.4703101	40.8125006
	20.4707507	40.8127953
	20.4711071	40.8131571
	20.4714333	40.8135368
	20.471725	40.8139299
	20.4720171	40.8143184
	20.472307	40.8147114
	20.4725932	40.8151044
	20.4728733	40.8155019
	20.4731633	40.8158905
	20.4734855	40.8162701
	20.4738385	40.8166319
	20.4742065	40.8169893
	20.474592	40.8173287
	20.4750248	40.8176369
	20.4755207	40.8178777
	20.4760146	40.8181366
	20.4764799	40.8184089
	20.4769396	40.8186946
	20.4773918	40.8189848
	20.4778324	40.8192885
	20.4782365	40.8196189
	20.478561	40.8199941
	20.4788528	40.8203871
	20.4792171	40.82074
	20.4796194	40.821075
	20.4800582	40.8213741
	20.4805123	40.8216643
	20.4809679	40.82195
	20.4814257	40.8222357
	20.4818873	40.8225169
	20.4823411	40.8228071
	20.4827933	40.8231018
	20.483253	40.823383
	20.4837337	40.8236463
	20.4842199	40.8239051
	20.484714	40.8241549
	20.4852137	40.8243958
	20.4857208	40.8246277
	20.4862415	40.8248416
	20.4867681	40.825051
	20.4872888	40.8252695
	20.4878076	40.8254834
	20.4883264	40.8257018
	20.4888433	40.8259202
	20.4893506	40.8261521
	20.4898656	40.826375
	20.4903901	40.8265844
	20.4909164	40.8267893
	20.4914449	40.8269988
	20.4919731	40.8271992
	20.4925091	40.8273951
	20.493028	40.8276135
	20.4935161	40.8278678
	20.4940006	40.8281266
	20.4944868	40.8283943
	20.4950076	40.8285947
	20.4955875	40.8286783
	20.4961824	40.8287304
	20.4967737	40.8287735
	20.497367	40.8287986
	20.4985056	40.8287766
	20.5086128	40.8298421
	20.5194902	40.8286948
	20.5198947	40.8286515
	20.5249147	40.8284111
	20.5264731	40.8269677
	20.5259754	40.8241832
	20.5305203	40.8232383
	20.5315392	40.8170967
	20.534135	40.8126364
	20.5356437	40.807933
	20.5418352	40.8046981
	20.5441812	40.8038924
	20.5484707	40.8050844
	20.555175	40.8020578
	20.5598368	40.795106
	20.5621638	40.7910807
	20.5744336	40.7909556
	20.5979551	40.7863889
	20.6029846	40.7855104
	20.6067287	40.7915249
	20.6117392	40.7972149
	20.6197861	40.8015279
	20.6221189	40.8032555
	20.6247585	40.8054343
	20.6291508	40.8087307
	20.6360592	40.8141645
	20.649481	40.8150841
	20.6596696	40.8162156
	20.670807	40.8164616
	20.6772069	40.816266
	20.6814537	40.8161268
	20.6868388	40.8168678
	20.6919314	40.8158953
	20.6961504	40.8165639
	20.7025429	40.8153479
	20.7095791	40.815448
	20.7162999	40.8133281
	20.7223736	40.8105488
	20.7251961	40.8085833
	20.727683	40.8092466
	20.7348668	40.814542
	20.7422441	40.8129873
	20.7500492	40.8076062
	20.7567936	40.8059682
	20.7612436	40.8040145
	20.7650868	40.8044321
	20.7694202	40.8049
	20.7730631	40.8139255
	20.7772534	40.8185261
	20.7764084	40.8234096
	20.7772684	40.8259911
	20.7880391	40.831959
	20.7937742	40.837917
	20.802977	40.8391713
	20.8216612	40.8424749
	20.8302499	40.8468551
	20.8316919	40.8476677
	20.8361493	40.8500063
	20.8437669	40.8533621
	20.8486914	40.85969
	20.8520406	40.8651152
	20.8474837	40.8741409
	20.8427383	40.8822297
	20.8404553	40.8885344
	20.8358279	40.8959657
	20.8376721	40.9015512
	20.8391421	40.9076074
	20.8355909	40.9123394
	20.8321383	40.9156538
	20.8301924	40.9161803
	20.8294679	40.9152247
	20.8285629	40.9137769
	20.8281043	40.9132802
	20.8277775	40.9129262
	20.8274452	40.9125812
	20.8273253	40.9121219
	20.8274797	40.9109741
	20.8277795	40.9101771
	20.8281146	40.9094428
	20.8281462	40.9089607
	20.8276043	40.9076971
	20.8267299	40.9061574
	20.8259758	40.9049853
	20.8251485	40.9031257
	20.8253402	40.9030355
	20.8253046	40.9029262
	20.8251586	40.9027922
	20.8250431	40.9024821
	20.8248805	40.9024735
	20.8247086	40.9023813
	20.8247829	40.9022655
	20.8248207	40.9021139
	20.8250095	40.9020074
	20.8249516	40.9018289
	20.8251498	40.9016888
	20.8252871	40.9014365
	20.8251783	40.9008756
	20.8254186	40.9009194
	20.825472	40.9008191
	20.8253208	40.9006749
	20.8249155	40.9006329
	20.8246926	40.9005373
	20.8244176	40.9005201
	20.8240704	40.9004545
	20.8240107	40.9004658
	20.8239263	40.9004179
	20.8238141	40.9004298
	20.8237384	40.9003869
	20.8236793	40.9003946
	20.8234954	40.9003099
	20.8233096	40.9002323
	20.8231759	40.9002543
	20.8229269	40.9001867
	20.822895	40.9001365
	20.8227895	40.9000818
	20.8227112	40.900107
	20.82258	40.9000797
	20.8225029	40.9000917
	20.8221956	40.8999391
	20.8220892	40.8999429
	20.8219254	40.8998951
	20.8218077	40.8998949
	20.8216719	40.899827
	20.8216046	40.8998534
	20.8214653	40.8998505
	20.8213121	40.8997536
	20.8207233	40.899563
	20.8206523	40.8994897
	20.8204873	40.8994354
	20.8203465	40.8994761
	20.8201731	40.8993046
	20.8201462	40.8990638
	20.819607	40.8989448
	20.8193809	40.8990482
	20.819375	40.8989768
	20.8191269	40.8989721
	20.8188453	40.8987106
	20.8186554	40.8986486
	20.8183641	40.8987613
	20.8181077	40.8987021
	20.8178872	40.8986481
	20.8177378	40.8987372
	20.8175031	40.8987453
	20.8173384	40.8988178
	20.8171788	40.8987736
	20.8167213	40.8987625
	20.8162052	40.8986972
	20.8160692	40.8987264
	20.8157667	40.8987615
	20.8156481	40.8986962
	20.8153807	40.8986169
	20.8151481	40.8985176
	20.8149818	40.8985062
	20.814834	40.8984351
	20.8147077	40.8984482
	20.8144089	40.8983753
	20.8140157	40.8982516
	20.8137389	40.898224
	20.8136295	40.8984811
	20.8133033	40.8986023
	20.8130034	40.8987073
	20.8125265	40.8989851
	20.8121961	40.8992888
	20.8126093	40.8997295
	20.8124048	40.8999992
	20.8124391	40.9002315
	20.8121392	40.9005085
	20.8118136	40.9004432
	20.8117154	40.9002315
	20.8110975	40.8997397
	20.8102622	40.899603
	20.8101185	40.8993618
	20.8097102	40.8991712
	20.8090804	40.8992101
	20.8087082	40.8994155
	20.8077871	40.8994506
	20.8069089	40.8992187
	20.8059889	40.8989843
	20.8055592	40.8990232
	20.8049622	40.8990897
	20.804835	40.8986822
	20.8049359	40.8981032
	20.8040631	40.8984178
	20.8032981	40.8984701
	20.8028631	40.8981547
	20.8025503	40.8984536
	20.8017938	40.8982916
	20.8012792	40.8982219
	20.8004309	40.8983352
	20.7993773	40.8989198
	20.7988811	40.8990398
	20.7984385	40.8992584
	20.7978986	40.8992823
	20.7974375	40.899481
	20.7972469	40.8996257
	20.7969785	40.8997522
	20.797069	40.9005121
	20.7967825	40.9007684
	20.7965143	40.9007947
	20.7958566	40.9006123
	20.7955374	40.9002842
	20.7949683	40.9006001
	20.7946378	40.9007874
	20.794721	40.9012391
	20.7950088	40.9013873
	20.7946813	40.9017257
	20.7942478	40.9015148
	20.7941089	40.9019272
	20.7940676	40.9021887
	20.7938519	40.9022698
	20.7935	40.9022467
	20.7933475	40.9019753
	20.7929126	40.9021924
	20.7922356	40.9023274
	20.7917931	40.9019472
	20.7903597	40.9026874
	20.7899279	40.9023774
	20.789445	40.9023736
	20.7884741	40.9023659
	20.7882381	40.9023641
	20.7876405	40.9026473
	20.7875536	40.902866
	20.786975	40.9030014
	20.7862768	40.9026951
	20.785326	40.9029175
	20.7848402	40.9026992
	20.7834269	40.9025526
	20.7819373	40.9023981
	20.7817179	40.9024318
	20.7815553	40.9024575
	20.7813469	40.9023138
	20.7809763	40.902211
	20.7805643	40.9021439
	20.7801681	40.9019618
	20.7799039	40.9018599
	20.7795104	40.9019813
	20.7791963	40.9019614
	20.7788844	40.9018151
	20.7786937	40.9015527
	20.7785113	40.9015613
	20.7782734	40.9016336
	20.7778526	40.9018325
	20.7774937	40.9019485
	20.7772575	40.9020726
	20.7769146	40.9022528
	20.7764004	40.9024259
	20.7763497	40.9027464
	20.7760351	40.9029923
	20.7757985	40.9028812
	20.7755853	40.9030712
	20.775791	40.903219
	20.7752047	40.9040889
	20.7751875	40.904311
	20.7752994	40.9045448
	20.7745542	40.9046346
	20.7742648	40.9044681
	20.774002	40.9045294
	20.7737871	40.9044167
	20.7736305	40.9040361
	20.773763	40.9039034
	20.7737533	40.9037906
	20.7734604	40.903802
	20.7732743	40.9037659
	20.7725249	40.9037992
	20.772547	40.9043409
	20.7717286	40.9041903
	20.7701237	40.9041182
	20.7687919	40.903886
	20.7686405	40.904145
	20.7684621	40.9043074
	20.7683613	40.9045164
	20.7681432	40.904339
	20.7681947	40.9041894
	20.7681017	40.9041176
	20.7681411	40.9037418
	20.76796	40.9036648
	20.7676076	40.9036236
	20.7673222	40.9038543
	20.7664381	40.9035156
	20.7662775	40.9034278
	20.7658271	40.9031294
	20.7651276	40.9029072
	20.7643562	40.9027069
	20.7631916	40.902715
	20.7627045	40.9031452
	20.761012	40.9031699
	20.7599862	40.9025129
	20.7594107	40.9025577
	20.759275	40.9028541
	20.7585312	40.9028773
	20.7582622	40.902535
	20.7574597	40.9023793
	20.7566095	40.9024295
	20.7562576	40.9027401
	20.7557431	40.9031853
	20.7555634	40.9036414
	20.7550071	40.9039739
	20.7543634	40.9037558
	20.7540592	40.9033625
	20.7531714	40.9041458
	20.7520213	40.9041069
	20.7506949	40.9035389
	20.7498699	40.9034057
	20.7497497	40.904012
	20.7498484	40.9044077
	20.7497205	40.9044428
	20.7498047	40.9048689
	20.7498833	40.9053542
	20.7498117	40.9055939
	20.7499002	40.9058408
	20.7490099	40.9060025
	20.7485441	40.9061486
	20.7469232	40.9055803
	20.7467475	40.9059437
	20.746401	40.9061307
	20.7464533	40.9062018
	20.7463251	40.9063287
	20.7463181	40.9064893
	20.7465514	40.9068095
	20.7466172	40.9070617
	20.7460693	40.9070091
	20.745813	40.9070982
	20.7454533	40.9068785
	20.7449703	40.9068874
	20.7446852	40.9070599
	20.7444033	40.9074824
	20.744039	40.9074027
	20.7437244	40.9076776
	20.7432089	40.9078452
	20.7428044	40.908036
	20.7423771	40.9081225
	20.7419292	40.908366
	20.7415766	40.9083763
	20.7410817	40.9084132
	20.7411098	40.9085025
	20.7409004	40.9085204
	20.7407081	40.9086056
	20.7407133	40.9086975
	20.7405497	40.9086562
	20.740588	40.9087214
	20.7406631	40.9087379
	20.7407749	40.9088316
	20.7407262	40.9088828
	20.7406999	40.9088663
	20.7406034	40.9089203
	20.7405738	40.9088328
	20.7404835	40.908874
	20.740485	40.9090017
	20.7406071	40.9090196
	20.740646	40.9089867
	20.7407237	40.9090405
	20.7406728	40.90908
	20.7405244	40.9091193
	20.7403625	40.9090667
	20.7402706	40.9090945
	20.7402118	40.9090082
	20.740154	40.9090526
	20.7399959	40.9089715
	20.7395627	40.9091979
	20.7392373	40.9090594
	20.7391837	40.9093128
	20.7387768	40.9092328
	20.7386382	40.9094238
	20.738474	40.9094823
	20.7382012	40.9095169
	20.7381958	40.9095851
	20.7379735	40.9097188
	20.7381913	40.9097586
	20.7381701	40.9098796
	20.7381734	40.910002
	20.7380384	40.9100665
	20.7379563	40.9099899
	20.7377709	40.910015
	20.7376369	40.9100728
	20.7374046	40.9100689
	20.7372745	40.9099572
	20.7371299	40.9100103
	20.7371557	40.9101214
	20.7369684	40.9101514
	20.7368649	40.9102068
	20.7365911	40.9102609
	20.7364937	40.9102051
	20.7362982	40.9101753
	20.7361485	40.9101111
	20.7360691	40.9101628
	20.7360184	40.9103043
	20.7357521	40.9103397
	20.7356067	40.9104869
	20.7353881	40.9105088
	20.7353645	40.9104318
	20.7351298	40.9103424
	20.7351092	40.9102369
	20.734997	40.910252
	20.7349577	40.910185
	20.7348597	40.9101944
	20.7347658	40.9100981
	20.7346105	40.9100788
	20.7345247	40.9099362
	20.7344461	40.9099336
	20.7343742	40.9100546
	20.7343666	40.9100674
	20.7342417	40.910159
	20.7340713	40.9103127
	20.7338313	40.9104384
	20.7335488	40.9106233
	20.7334375	40.9107754
	20.7332681	40.9110731
	20.7332135	40.9113285
	20.7331317	40.9113089
	20.7330332	40.911358
	20.7329866	40.9113403
	20.7328848	40.9113835
	20.7327256	40.9112845
	20.7326112	40.9114187
	20.7325697	40.9114978
	20.7325839	40.911613
	20.7325671	40.91165
	20.7325473	40.9116941
	20.7324644	40.911733
	20.7324132	40.9117726
	20.7324207	40.9118283
	20.732016	40.9121858
	20.7309155	40.9113602
	20.7287097	40.9079824
	20.7243676	40.9061658
	20.7228189	40.9042718
	20.715063	40.9022371
	20.6958775	40.9009456
	20.6893589	40.9007123
	20.6854366	40.9006898
	20.6838001	40.9008933
	20.6815284	40.9009142
	20.6714128	40.9017991
	20.6593646	40.9029379
	20.6577501	40.9036143
	20.6557436	40.9047639
	20.6553302	40.9056419
	20.6515302	40.9067133
	20.6512152	40.90774
	20.6502733	40.9081247
	20.6498221	40.9106715
	20.6461085	40.9146882
	20.6456998	40.9157054
	20.6455826	40.9167774
	20.645157	40.9172784
	20.6429129	40.9187251
	20.6415841	40.9217635
	20.6412567	40.925311
	20.6409479	40.9273577
	20.6415866	40.9295462
	20.6415767	40.9298558
	20.6425735	40.9340139
	20.6412392	40.9376536
	20.6409058	40.9394564
	20.6418181	40.9421706
	20.6412392	40.9439436
	20.6407023	40.9463334
	20.6416497	40.9488815
	20.6418954	40.9517011
	20.6426041	40.9524751
	20.6433901	40.9535882
	20.6447376	40.9545952
	20.6450042	40.9557188
	20.644892	40.9561958
	20.645299	40.9584324
	20.6466043	40.9608278
	20.6458464	40.9642513
	20.6447437	40.9654847
	20.6434479	40.9662598
	20.6430626	40.9672967
	20.6431936	40.9685079
	20.6441446	40.9707553
	20.6444568	40.9714011
	20.6448218	40.9723973
	20.6451674	40.9729501
	20.645039	40.9747025
	20.6450394	40.975725
	20.6442696	40.9772002
	20.6430135	40.9779405
	20.6419956	40.9799412
	20.6406141	40.9818046
	20.6398516	40.983715
	20.6391442	40.9855122
	20.638965	40.9866728
	20.6387815	40.9878608
	20.6377551	40.9902005
	20.6382073	40.991512
	20.6386105	40.9923289
	20.6386154	40.9939142
	20.6386112	40.9939436
	20.6384716	40.9949271
	20.6379554	40.9955823
	20.6375547	40.9969211
	20.6373487	40.9976097
	20.6372078	40.9980807
	20.6368488	40.9987018
	20.6362421	40.9991573
	20.6359257	40.9995019
	20.6354812	40.9999147
	20.635669	41.0002129
	20.6361009	41.0004983
	20.6348311	41.001052
	20.6345987	41.0017331
	20.6345077	41.0022139
	20.6344471	41.0027737
	20.6343375	41.003197
	20.6340317	41.0037444
	20.6338753	41.0040465
	20.6336538	41.004446
	20.6334839	41.0048456
	20.6332881	41.005255
	20.6331567	41.0056841
	20.6331291	41.00596
	20.6332254	41.0063416
	20.6334388	41.0069235
	20.6337504	41.0075653
	20.6338661	41.0080127
	20.6339626	41.0083558
	20.6339685	41.0085685
	20.633979	41.0089519
	20.6339749	41.0096971
	20.6339332	41.0099413
	20.6338731	41.0102928
	20.6338386	41.0113124
	20.6338367	41.0116484
	20.6338901	41.012286
	20.6339784	41.0127859
	20.6341232	41.0133722
	20.6342122	41.0137428
	20.6341846	41.0146892
	20.6341473	41.0152662
	20.6341551	41.0159037
	20.6342886	41.0164813
	20.6344538	41.016808
	20.6345138	41.0169213
	20.6348643	41.0173704
	20.6351628	41.0176897
	20.6355593	41.0180528
	20.6362052	41.0186061
	20.6363975	41.0188393
	20.6366803	41.0191848
	20.6367362	41.0193659
	20.6368144	41.0196331
	20.6367901	41.0199173
	20.6367428	41.0202273
	20.6367294	41.0206063
	20.6366452	41.0211396
	20.6365861	41.0215357
	20.6364688	41.0221555
	20.6363642	41.0225514
	20.6361788	41.0231366
	20.6359426	41.0242579
	20.6356872	41.0251473
	20.6356615	41.0256755
	20.6357542	41.0259604
	20.6359319	41.0264501
	20.6361251	41.0268831
	20.6362127	41.0273498
	20.6362383	41.0281576
	20.6361137	41.0289536
	20.6358665	41.0297245
	20.6354999	41.0307586
	20.6354651	41.0310152
	20.6354058	41.0314523
	20.6352213	41.0321798
	20.6347404	41.0330192
	20.6344754	41.033793
	20.6343687	41.0340429
	20.6342309	41.0344862
	20.634061	41.035282
	20.6339831	41.035771
	20.6340865	41.0361126
	20.6342345	41.0365454
	20.6346069	41.0372064
	20.6350102	41.0377196
	20.6351287	41.0380386
	20.6352014	41.0384699
	20.6351963	41.0394028
	20.6351466	41.0402331
	20.6349624	41.0408924
	20.6348694	41.0413927
	20.6350614	41.0420418
	20.635162	41.042519
	20.6351741	41.0430651
	20.6348285	41.0436876
	20.6341547	41.0441545
	20.6340547	41.0442238
	20.633752	41.044914
	20.6338964	41.0455981
	20.6339113	41.0459253
	20.6339387	41.0464146
	20.6343865	41.0470417
	20.6351652	41.0476927
	20.6359593	41.0482754
	20.6367242	41.0487101
	20.6375491	41.0491564
	20.6382393	41.0494885
	20.638969	41.0497959
	20.6394194	41.0499566
	20.6403496	41.050426
	20.6410399	41.050758
	20.6421213	41.0510913
	20.6426779	41.051093
	20.643251	41.0508218
	20.6435777	41.0505728
	20.6440155	41.0503011
	20.6443619	41.0502225
	20.6448733	41.0502355
	20.6451735	41.0503729
	20.645593	41.0507041
	20.645862	41.0510235
	20.6461004	41.0514565
	20.6465018	41.0523565
	20.6466933	41.0531193
	20.6468891	41.0535952
	20.6471127	41.0539826
	20.6476671	41.0544167
	20.6482371	41.0547256
	20.6484465	41.0549651
	20.6485353	41.0552384
	20.6486238	41.05558
	20.6486965	41.0560467
	20.6489185	41.0567527
	20.6489318	41.0570713
	20.6489411	41.0571028
	20.6490823	41.0575818
	20.6493058	41.057992
	20.6495749	41.0583228
	20.6498683	41.0590756
	20.6504216	41.0601579
	20.6499622	41.0606057
	20.6492635	41.0612009
	20.648072	41.0619465
	20.6473161	41.0625564
	20.6469286	41.0631708
	20.6464298	41.0638661
	20.6463666	41.0643164
	20.6455288	41.0648753
	20.6457194	41.0651661
	20.6459182	41.0662082
	20.6462248	41.0671529
	20.6467184	41.0676665
	20.647309	41.0683584
	20.6474256	41.0692122
	20.6471438	41.069263
	20.6468668	41.0690553
	20.6466683	41.0691927
	20.6463173	41.0693404
	20.6458514	41.0691721
	20.6457656	41.068974
	20.6455569	41.0687911
	20.6452729	41.0684261
	20.6446894	41.0677986
	20.6441215	41.0670801
	20.6440703	41.0670401
	20.6439174	41.0669207
	20.6435071	41.0666004
	20.6430627	41.0664051
	20.6418819	41.0665209
	20.6410843	41.0665298
	20.6401958	41.0666522
	20.6394376	41.0667719
	20.6392771	41.0667972
	20.6390402	41.0668611
	20.638993	41.0668738
	20.6385687	41.0669884
	20.6384065	41.0670294
	20.6381733	41.0670884
	20.63792	41.0671525
	20.6377249	41.0672019
	20.637513	41.0672822
	20.6365939	41.0676306
	20.6361166	41.0677954
	20.635921	41.0678629
	20.6353782	41.0680546
	20.6341709	41.0686879
	20.632888	41.069355
	20.6317108	41.0699656
	20.6307751	41.0704518
	20.6297328	41.0711424
	20.6288844	41.0717066
	20.6283703	41.0721373
	20.6279915	41.0725911
	20.6279598	41.0728754
	20.6280629	41.0732739
	20.6282697	41.0739686
	20.6293399	41.0744887
	20.6289096	41.0755245
	20.6289676	41.0759115
	20.6288752	41.0762752
	20.6289037	41.0765711
	20.6290966	41.0770609
	20.6293336	41.0777329
	20.6297962	41.0787686
	20.6302577	41.0796689
	20.6308836	41.0807858
	20.6314503	41.0817205
	20.6317474	41.0824268
	20.6317946	41.0828333
	20.6319316	41.0833049
	20.6320989	41.0838798
	20.6323744	41.0845018
	20.6327118	41.0851358
	20.6328949	41.0856638
	20.6331548	41.0862975
	20.6332077	41.0865347
	20.6328995	41.0865829
	20.6320899	41.0867096
	20.6318159	41.0867524
	20.6204026	41.0885378
	20.6201116	41.0885429
	20.6199868	41.0885095
	20.6196811	41.0885213
	20.6192382	41.0885863
	20.6186074	41.0888483
	20.6169962	41.089683
	20.6141681	41.0896321
	20.613481	41.0896198
	20.6097403	41.0895524
	20.6089589	41.0897799
	20.6083455	41.0899527
	20.6081444	41.0900236
	20.6079987	41.090075
	20.6078529	41.0901467
	20.6077406	41.0902018
	20.6075999	41.090264
	20.6073585	41.0902964
	20.6070868	41.0902923
	20.6070093	41.0903169
	20.606912	41.090363
	20.6068411	41.0904041
	20.6067094	41.0904581
	20.6065298	41.0904499
	20.6059441	41.0908553
	20.6055954	41.0910777
	20.6051502	41.0911464
	20.6047371	41.0916801
	20.6045708	41.0918377
	20.6041846	41.0918377
	20.6035355	41.0919995
	20.6032512	41.0919631
	20.602763	41.0920682
	20.6026021	41.0920439
	20.6023231	41.092141
	20.602189	41.0920722
	20.6019745	41.0921895
	20.6014273	41.092141
	20.6003008	41.0924078
	20.5990991	41.0923471
	20.5988416	41.0924765
	20.5974561	41.0924702
	20.5971983	41.0923825
	20.5971875	41.092334
	20.5966779	41.0924432
	20.5962648	41.0923542
	20.5959322	41.0923663
	20.5957377	41.0925169
	20.5947288	41.094791
	20.5927842	41.0915555
	20.5923371	41.0892881
	20.5918975	41.0858008
	20.5953727	41.0830244
	20.5981518	41.0809427
	20.5993171	41.0788553
	20.6009497	41.0757237
	20.6018959	41.0717183
	20.6016906	41.0675346
	20.6026398	41.0630064
	20.6051915	41.0602265
	20.6061332	41.0559867
	20.6063875	41.0519789
	20.605716	41.0486651
	20.6041199	41.045871
	20.6046026	41.0422125
	20.6050873	41.0382055
	20.6025803	41.0267132
	20.600248	41.0236415
	20.5986899	41.0221538
	20.597263	41.0205676
	20.5946579	41.0194714
	20.5917863	41.0192636
	20.5869546	41.0192464
	20.5838187	41.0195316
	20.5802791	41.0216929
	20.5781795	41.0232664
	20.5764749	41.0243472
	20.5750307	41.0255278
	20.5730628	41.0269041
	20.5714879	41.0280841
	20.5679206	41.0292242
	20.5670605	41.0298332
	20.566347	41.0303033
	20.5657215	41.0306566
	20.565031	41.0308971
	20.5642796	41.0311194
	20.5633126	41.0312013
	20.5627097	41.0312845
	20.5617754	41.0314115
	20.5596563	41.0314485
	20.5576266	41.0314632
	20.554779	41.0314658
	20.5509681	41.0317166
	20.5475274	41.0320994
	20.5449832	41.0321389
	20.5435622	41.0321918
	20.5423795	41.0321871
	20.5410083	41.0319115
	20.5382407	41.0315268
	20.5349362	41.0316522
	20.5244679	41.0317723
	20.5129929	41.0303145
	20.5097318	41.0263373
	20.496888	41.01824
	20.487106	41.0178754
	20.4848787	41.016424
	20.4710418	41.0058382
	20.4691384	41.0050217
	20.4683084	41.0047101
	20.4671851	41.0039838
	20.465434	41.003827
	20.4642926	41.0036825
	20.4631392	41.0035658
	20.4627495	41.003025
	20.4625834	41.0029722
	20.4621505	41.0028348
	20.4614626	41.0033046
	20.4598409	41.0030944
	20.4580592	41.0014957
	20.4570833	41.0013997
	20.4566933	41.000833
	20.4538462	41.0010587
	20.4526155	41.0001709
	20.4505918	41.0002075
	20.4498546	40.9997748
	20.4504771	40.999305
	20.4499221	40.9987558
	20.4486135	40.998943
	20.4468243	40.998724
	20.4461691	40.999577
	20.4443836	41.0008132
	20.4423059	41.0013927
	20.4421231	41.0014437
	20.4409601	41.0011965
	20.4378492	41.0013864
	20.4359643	40.9986603
	20.4357011	40.9982538
	20.4354226	40.9978608
	20.4350239	40.9975256
	20.434595	40.9972174
	20.4341545	40.9969136
	20.4337234	40.9966053
	20.4333	40.9962926
	20.4328861	40.9959664
	20.4324893	40.9956358
	20.432106	40.9952917
	20.4317112	40.9949566
	20.4312973	40.9946304
	20.4308204	40.9943714
	20.4302941	40.9941662
	20.4297505	40.9939789
	20.4292087	40.9937962
	20.4286764	40.9935954
	20.428152	40.9933857
	20.4276238	40.993185
	20.4270726	40.9930112
	20.4265365	40.9928239
	20.4260177	40.9926098
	20.4255046	40.9923821
	20.4249937	40.9921544
	20.4244997	40.9919043
	20.4240286	40.9916319
	20.4235784	40.991337
	20.4231549	40.9910197
	20.4227429	40.990698
	20.4223406	40.9903628
	20.4219552	40.9900232
	20.4215947	40.9896657
	20.4212686	40.9892904
	20.4209712	40.9889017
	20.4206925	40.9885041
	20.4204256	40.9881021
	20.4201737	40.9876956
	20.4199449	40.9872802
	20.419735	40.9868605
	20.4195558	40.9864274
	20.4193958	40.9859944
	20.4192411	40.9855569
	20.4191001	40.9851239
	20.4189587	40.9846865
	20.4188044	40.984249
	20.4186347	40.9838204
	20.4184383	40.9833962
	20.4182132	40.9829809
	20.4179748	40.9825655
	20.4177441	40.9821501
	20.4175209	40.9817348
	20.4172996	40.981315
	20.4170879	40.9808952
	20.4168971	40.980471
	20.4167293	40.980038
	20.4165728	40.979605
	20.4164184	40.9791675
	20.4162581	40.9787389
	20.4161019	40.9783014
	20.4159625	40.977864
	20.4158709	40.9774223
	20.4158196	40.9769718
	20.415711	40.9765301
	20.415566	40.9760926
	20.4154154	40.9756551
	20.4152759	40.9752177
	20.4151729	40.974776
	20.4151063	40.9743254
	20.4150683	40.9738795
	20.415047	40.9734292
	20.4150377	40.9729789
	20.4150435	40.9725287
	20.4150683	40.9720786
	20.4151004	40.9716286
	20.4151312	40.9711785
	20.4151559	40.9707284
	20.4151807	40.9702783
	20.415198	40.9698282
	20.4151808	40.9693778
	20.415118	40.9689273
	20.4150912	40.9684769
	20.4151656	40.9680316
	20.415282	40.9675955
	20.4154173	40.9671549
	20.4155663	40.966719
	20.4157186	40.966283
	20.4158617	40.9658425
	20.4159896	40.965402
	20.4160982	40.9649568
	20.4161993	40.9645161
	20.4162909	40.9640708
	20.4163805	40.9636256
	20.4164683	40.9631803
	20.4165599	40.962735
	20.4166533	40.9622898
	20.4167526	40.9618446
	20.4168519	40.9613993
	20.4169508	40.9609586
	20.4170464	40.9605089
	20.4171361	40.9600681
	20.4172179	40.9596228
	20.4172887	40.9591775
	20.4173438	40.9587275
	20.4173764	40.9582774
	20.4173878	40.9578273
	20.4173706	40.957377
	20.4173326	40.9569266
	20.4172734	40.956476
	20.4171913	40.9560299
	20.4170808	40.9555881
	20.4169377	40.9551507
	20.416764	40.9547221
	20.4165714	40.9542979
	20.4163733	40.9538692
	20.4161807	40.9534405
	20.4160033	40.9530164
	20.4158391	40.9525788
	20.4156769	40.9521503
	20.4155149	40.9517128
	20.4153472	40.9512842
	20.4151658	40.9508556
	20.4149732	40.9504269
	20.4147691	40.9500071
	20.4145538	40.9495873
	20.4143286	40.9491675
	20.4140865	40.948761
	20.4138042	40.9483634
	20.4135048	40.9479747
	20.4132147	40.9475815
	20.4129209	40.9471883
	20.4126331	40.9467952
	20.4123642	40.9463976
	20.41212	40.9459867
	20.4118835	40.9455757
	20.4116564	40.9451559
	20.4114393	40.9447361
	20.4112371	40.9443118
	20.4110519	40.9438922
	20.4109071	40.9434502
	20.4107792	40.9430128
	20.4106514	40.942571
	20.4105254	40.9421336
	20.4104054	40.9416918
	20.4102794	40.9412499
	20.4101363	40.9408169
	20.4099822	40.9403794
	20.4098198	40.9399464
	20.4096444	40.9395133
	20.40945	40.9390891
	20.409221	40.9386737
	20.4089634	40.9382717
	20.408708	40.9378606
	20.4084772	40.9374498
	20.4082903	40.9370256
	20.4081264	40.9365925
	20.4079774	40.936155
	20.4078325	40.9357176
	20.4076798	40.9352846
	20.4075123	40.934847
	20.4073194	40.9344273
	20.4071098	40.934003
	20.406898	40.9335832
	20.406694	40.933159
	20.4065034	40.9327348
	20.4063165	40.9323106
	20.4061333	40.9318819
	20.4059483	40.9314533
	20.4057596	40.9310246
	20.4055649	40.9306004
	20.4053743	40.9301717
	20.4051718	40.9297474
	20.4049432	40.9293365
	20.4046875	40.92893
	20.4044166	40.9285279
	20.4041308	40.9281302
	20.403833	40.9277415
	20.4035203	40.9273662
	20.4031711	40.9269997
	20.4028052	40.9266421
	20.4024444	40.9262846
	20.4021068	40.9259136
	20.4017715	40.9255427
	20.4014032	40.9251941
	20.4009701	40.9248902
	20.4005336	40.9245818
	20.4001423	40.9242421
	20.3996942	40.9239516
	20.3991944	40.9237149
	20.3986737	40.9234916
	20.3981492	40.9232772
	20.3976306	40.9230629
	20.3971061	40.9228531
	20.3965891	40.9226298
	20.3960991	40.9223796
	20.395626	40.922107
	20.3951626	40.9218254
	20.3947067	40.9215393
	20.3942642	40.9212399
	20.3938237	40.9209359
	20.3933637	40.9206498
	20.3928737	40.9204041
	20.3923642	40.9201718
	20.3918589	40.9199351
	20.3913783	40.9196714
	20.3909225	40.9193808
	20.3904894	40.9190724
	20.3900852	40.9187416
	20.3895949	40.9181267
END
END
