10944393
1
	20.114571	40.0092138
	20.1190316	40.0048304
	20.1199141	40.0011987
	20.1203468	39.9998782
	20.1220823	39.9986035
	20.1239706	39.9954432
	20.1265152	39.989379
	20.1312551	39.9851998
	20.1378412	39.9815431
	20.1428538	39.980378
	20.143132	39.9801324
	20.1463803	39.9772744
	20.149417	39.9744374
	20.1623735	39.9699612
	20.1724539	39.9689935
	20.1754542	39.9674883
	20.1783284	39.9629653
	20.1836063	39.9573738
	20.1902018	39.9529171
	20.1943524	39.9488033
	20.1998874	39.9464505
	20.2072477	39.9467308
	20.2106561	39.9460831
	20.2155601	39.9450762
	20.2226403	39.9412423
	20.2259437	39.9387472
	20.2293025	39.935622
	20.2279371	39.9297905
	20.2226826	39.9206684
	20.2229098	39.912695
	20.2277753	39.9086298
	20.2353248	39.9003177
	20.2425557	39.8945608
	20.24374	39.8941497
	20.2490482	39.8923064
	20.2575473	39.8878761
	20.2592506	39.8846088
	20.2582324	39.8815312
	20.2556651	39.877462
	20.2567467	39.8747221
	20.2590812	39.8715669
	20.266617	39.8683861
	20.2772333	39.8664894
	20.2818339	39.8648969
	20.2847447	39.8624382
	20.2967037	39.8557252
	20.3058934	39.8494357
	20.308066	39.8397265
	20.3028212	39.8297523
	20.3015393	39.8228909
	20.3040018	39.8169391
	20.3041458	39.8167061
	20.3047013	39.8167094
	20.3062268	39.8162499
	20.3075105	39.8156328
	20.3085911	39.8150456
	20.3093852	39.8147223
	20.3101738	39.8137326
	20.3112774	39.8128643
	20.3125796	39.8124191
	20.3135374	39.8119405
	20.3142087	39.8117257
	20.3146794	39.8112911
	20.3148074	39.8106514
	20.3150349	39.8101998
	20.3159409	39.8096949
	20.3169389	39.8092477
	20.3183377	39.8092716
	20.320364	39.8094084
	20.3228116	39.8100007
	20.3234601	39.8100358
	20.3246465	39.8100911
	20.3251951	39.8099693
	20.3259068	39.8097704
	20.3270285	39.8091052
	20.328309	39.8087846
	20.3293473	39.8083532
	20.3300632	39.8077012
	20.3313577	39.8070926
	20.3330841	39.8067901
	20.3349941	39.8063637
	20.3365983	39.8061073
	20.3382216	39.805976
	20.3384188	39.8058572
	20.3399033	39.8055339
	20.3414229	39.8051444
	20.3429341	39.8049511
	20.344037	39.804891
	20.3450398	39.8044985
	20.3465059	39.8042944
	20.3481121	39.8038389
	20.349382	39.8029471
	20.3507135	39.8023972
	20.3518402	39.8016337
	20.3531033	39.8010303
	20.3544742	39.8004349
	20.3557359	39.7999775
	20.3567399	39.7994389
	20.3569685	39.7989359
	20.3569616	39.797821
	20.3571761	39.7969861
	20.3574593	39.796673
	20.3584478	39.7959485
	20.3597461	39.795239
	20.3610092	39.794609
	20.3616039	39.7936169
	20.3617743	39.7928914
	20.3625844	39.7928295
	20.3637783	39.7922256
	20.3643353	39.7915784
	20.3649621	39.7908386
	20.3659414	39.7902135
	20.3668781	39.7894754
	20.3683854	39.7884883
	20.3702862	39.7877819
	20.3720828	39.7871679
	20.3735709	39.786393
	20.375381	39.785661
	20.3768001	39.7853814
	20.3787157	39.7851618
	20.3805341	39.7846927
	20.3815297	39.7845256
	20.3823739	39.7846068
	20.3825249	39.7847419
	20.3837299	39.7858206
	20.3842215	39.7864361
	20.3850793	39.7871337
	20.3869396	39.7875457
	20.3897706	39.7877905
	20.3910565	39.7885251
	20.3916954	39.789352
	20.3922525	39.791002
	20.3925133	39.7924399
	20.3927644	39.7931069
	20.393381	39.7936464
	20.3957272	39.7953632
	20.3966619	39.7963568
	20.3974018	39.7971531
	20.3988828	39.7983483
	20.4000493	39.7996902
	20.4006085	39.8011296
	20.4010501	39.8018022
	20.4021102	39.8028227
	20.4025273	39.8034569
	20.4028244	39.8035925
	20.4033711	39.8036145
	20.4048616	39.8037371
	20.4054058	39.8040463
	20.4057024	39.8042394
	20.4073718	39.8052415
	20.407864	39.8058186
	20.4089905	39.8078163
	20.4103407	39.809815
	20.4110752	39.8111403
	20.4118382	39.8120417
	20.4136627	39.8138321
	20.4142774	39.8146397
	20.4144459	39.8152917
	20.4144243	39.8178389
	20.4142667	39.8192542
	20.4134381	39.8202077
	20.4134841	39.8206484
	20.4143433	39.8219552
	20.4147382	39.8223019
	20.41481	39.8226279
	20.4146988	39.8240063
	20.4143181	39.8249237
	20.414086	39.8252636
	20.4142083	39.8254941
	20.4152472	39.8261505
	20.4161318	39.8273999
	20.4163498	39.8280905
	20.4160704	39.8287786
	20.4150876	39.8303058
	20.4141573	39.8315078
	20.413078	39.832841
	20.4128548	39.8338019
	20.4130216	39.8349234
	20.413809	39.8356746
	20.415804	39.8379018
	20.4171553	39.8397764
	20.416954	39.840115
	20.4159283	39.8414513
	20.4144979	39.8425439
	20.4125492	39.8435019
	20.4115078	39.8440909
	20.4106447	39.8444431
	20.408846	39.8458943
	20.407663	39.8475523
	20.4064084	39.8487669
	20.4054312	39.84956
	20.4051335	39.850832
	20.4048383	39.8518153
	20.4041025	39.8527455
	20.4031245	39.8536234
	20.4020914	39.8545496
	20.4007804	39.8556636
	20.3991773	39.8573873
	20.3977055	39.8592305
	20.3970395	39.8597195
	20.3964523	39.8607822
	20.3955161	39.8618981
	20.3939155	39.863316
	20.3921149	39.8648858
	20.3914804	39.8658806
	20.3902334	39.8671985
	20.3887862	39.8687021
	20.3880232	39.8701584
	20.387747	39.8711715
	20.3876217	39.8728519
	20.3871024	39.8741906
	20.3862663	39.876372
	20.3855701	39.8777437
	20.384054	39.8795186
	20.3829314	39.8807304
	20.3819893	39.8824404
	20.3823708	39.8841914
	20.3826581	39.8852906
	20.3831879	39.8877216
	20.3836364	39.8893881
	20.3834799	39.889608
	20.381539	39.8901981
	20.3777098	39.8914851
	20.3752311	39.8922699
	20.3743274	39.8921631
	20.3735687	39.8919212
	20.3719998	39.894638
	20.3713817	39.8959783
	20.371135	39.8963123
	20.3695848	39.898246
	20.3670286	39.9012676
	20.3665226	39.9016957
	20.3663485	39.9019192
	20.3647092	39.9038115
	20.3645899	39.9040031
	20.364602	39.9042664
	20.3644102	39.9083054
	20.3642743	39.909077
	20.3641627	39.9100078
	20.3639805	39.9102247
	20.3625903	39.910217
	20.3609884	39.9108222
	20.359046	39.9120393
	20.3583556	39.9123351
	20.3583329	39.9123695
	20.3582778	39.9124528
	20.3582197	39.9125422
	20.3574653	39.9129415
	20.3569998	39.9132018
	20.3561754	39.9133899
	20.3546925	39.9139777
	20.3544937	39.9140933
	20.3543055	39.9140548
	20.3533305	39.9136929
	20.353177	39.913593
	20.3530937	39.9134848
	20.3527382	39.9137094
	20.3509518	39.914749
	20.3489588	39.9158469
	20.3487252	39.9161697
	20.3480423	39.9166558
	20.3464737	39.9173002
	20.3457227	39.917688
	20.3445274	39.9183606
	20.3431248	39.919398
	20.3423728	39.9198902
	20.3411437	39.9205365
	20.3402878	39.9212372
	20.3396032	39.921782
	20.3392238	39.9223809
	20.338674	39.923031
	20.3382956	39.9235254
	20.337852	39.9237319
	20.3375098	39.9239913
	20.3373977	39.924475
	20.33872	39.9289785
	20.3392946	39.9309352
	20.340064	39.9335554
	20.3406552	39.9356754
	20.3412474	39.9376909
	20.341809	39.9393664
	20.3426567	39.9406192
	20.3432269	39.9414064
	20.3440661	39.9424825
	20.3448368	39.9436105
	20.3450642	39.9447093
	20.3450538	39.9458068
	20.3446373	39.946719
	20.3440157	39.9477607
	20.3430478	39.9492364
	20.3427012	39.94994
	20.3424516	39.9511667
	20.3420318	39.9524186
	20.3417857	39.9532796
	20.3408568	39.9544502
	20.3394666	39.9562136
	20.3379936	39.9574072
	20.3364514	39.9587311
	20.3357278	39.9597461
	20.3353084	39.9609457
	20.3340415	39.9619053
	20.3297513	39.9647471
	20.3286897	39.965551
	20.3275571	39.9666681
	20.327383	39.9670852
	20.3272386	39.9679466
	20.3272314	39.9686783
	20.3268468	39.9697735
	20.3259788	39.9716238
	20.3257354	39.9721711
	20.3255614	39.9725882
	20.3249641	39.9729442
	20.3245206	39.9730985
	20.3237728	39.9730941
	20.3225843	39.9729565
	20.3217337	39.9730299
	20.3208481	39.9732076
	20.319655	39.9735404
	20.3187649	39.9741623
	20.3182465	39.9750215
	20.3178004	39.975437
	20.3177627	39.9758026
	20.3182317	39.9765109
	20.3188044	39.9770369
	20.3184592	39.9775575
	20.3177734	39.9781545
	20.317089	39.9785947
	20.3169489	39.979012
	20.3169432	39.9795868
	20.3165256	39.9805512
	20.316211	39.9814117
	20.3159176	39.98279
	20.3154984	39.9839111
	20.3151171	39.9846406
	20.3143951	39.9854464
	20.3139083	39.9865148
	20.3135576	39.9875841
	20.3129401	39.9881292
	20.3124929	39.9886492
	20.3122818	39.9893535
	20.3117877	39.9911536
	20.3124763	39.991249
	20.3177563	39.9919804
	20.3224432	39.9925567
	20.3304926	39.9935441
	20.3373624	39.992827
	20.3406982	39.9924802
	20.3437274	39.9921838
	20.3484242	39.9917399
	20.3546092	39.9910755
	20.3568553	39.990879
	20.3600887	39.9905571
	20.3628455	39.9902849
	20.3673038	39.9898651
	20.3735734	39.9891998
	20.3749074	39.9891527
	20.375416	39.9891238
	20.3761793	39.9891392
	20.3767412	39.9895087
	20.3770906	39.9899313
	20.3774023	39.9906183
	20.3777685	39.9915611
	20.3779844	39.9921051
	20.3782292	39.9923711
	20.3789224	39.9931125
	20.3793888	39.993305
	20.3801125	39.9933631
	20.3808003	39.9934889
	20.3815143	39.9936353
	20.3821754	39.9937813
	20.3827978	39.99391
	20.3837686	39.9939898
	20.3847393	39.9940832
	20.3856477	39.9942373
	20.3870035	39.9944034
	20.3879108	39.9946796
	20.3885773	39.9952056
	20.388954	39.9955605
	20.3894032	39.9956986
	20.3897456	39.9959311
	20.390119	39.9960723
	20.3908136	39.9961141
	20.39151	39.9959461
	20.3918588	39.9957954
	20.392703	39.9957617
	20.3937164	39.9962246
	20.39411	39.9966271
	20.3948691	39.9977943
	20.3957396	39.9995018
	20.3965216	40.0012412
	20.3972944	40.0036599
	20.3973986	40.0068632
	20.3975446	40.0090753
	20.3973999	40.0106992
	20.3972217	40.0121471
	20.3971515	40.0139383
	20.3972355	40.0146919
	20.3976093	40.0152824
	20.3977054	40.0155866
	20.3979417	40.015879
	20.3992354	40.0172322
	20.4009467	40.018334
	20.402133	40.0189247
	20.4033786	40.0203038
	20.4049585	40.0213032
	20.4072867	40.0238061
	20.4082037	40.0249292
	20.4093646	40.0261758
	20.4100121	40.0278567
	20.4110193	40.0300478
	20.4120297	40.031883
	20.4134726	40.0334663
	20.4151567	40.0348204
	20.4153799	40.0358129
	20.4151361	40.0372351
	20.4147302	40.0382497
	20.4146609	40.0385068
	20.4144706	40.038862
	20.4137523	40.0403291
	20.411778	40.0427846
	20.4106332	40.0440711
	20.4100557	40.0457712
	20.4097773	40.0473457
	20.4094993	40.0488694
	20.4099161	40.0504474
	20.4108659	40.0516469
	20.4121854	40.0527182
	20.4154769	40.0550225
	20.4185036	40.0573254
	20.4188948	40.057622
	20.4188296	40.057937
	20.4190194	40.0589801
	20.4193768	40.0597953
	20.4193363	40.0606593
	20.4201622	40.0608922
	20.4217571	40.0615809
	20.4230464	40.0618415
	20.4252982	40.0618527
	20.4267854	40.0622159
	20.4287952	40.0634459
	20.4302088	40.0646984
	20.4303756	40.0648272
	20.4306039	40.0649799
	20.4315579	40.0657471
	20.4329392	40.066535
	20.4330412	40.0665932
	20.4332392	40.0666988
	20.4333001	40.0667313
	20.4355689	40.0679415
	20.4372545	40.0683564
	20.4374612	40.0683631
	20.4376505	40.0685362
	20.4388037	40.0692535
	20.4408982	40.0698867
	20.4412816	40.0700026
	20.4432964	40.0706732
	20.4451097	40.0716986
	20.4472193	40.0729542
	20.4496732	40.0739566
	20.4509879	40.0738455
	20.4519118	40.0738792
	20.4521861	40.0739626
	20.4524748	40.0741516
	20.4535865	40.0742722
	20.4545801	40.0742769
	20.4556378	40.0745615
	20.4574588	40.0746463
	20.4584224	40.0742695
	20.4597791	40.0744284
	20.4618983	40.0745145
	20.4626446	40.0746567
	20.4628521	40.0746962
	20.4631677	40.0746681
	20.4634935	40.0753279
	20.463797	40.0775987
	20.4607774	40.0821102
	20.459034	40.0851775
	20.4531194	40.0950562
	20.4399355	40.1068178
	20.4329909	40.1134258
	20.4338089	40.1216611
	20.4292445	40.1270467
	20.4235262	40.1290942
	20.4200797	40.1317111
	20.4146267	40.1328454
	20.4103254	40.1375651
	20.4039471	40.1385636
	20.4031273	40.1388881
	20.3942597	40.140292
	20.3792163	40.1502582
	20.3603756	40.1640065
	20.3571787	40.1663798
	20.3507608	40.1622419
	20.3442207	40.1555093
	20.3359697	40.1521662
	20.3283519	40.1502626
	20.3229579	40.1458859
	20.3214836	40.1378577
	20.3206923	40.1295362
	20.3144003	40.1243794
	20.3044933	40.1239241
	20.2962116	40.1260714
	20.2878003	40.1264568
	20.2778858	40.1303489
	20.272152	40.1264449
	20.2732645	40.1206075
	20.275663	40.1148813
	20.2887532	40.0928532
	20.2961974	40.0900708
	20.3101573	40.0895334
	20.3174701	40.0847091
	20.3189984	40.0758317
	20.3207374	40.0650776
	20.3189067	40.0576911
	20.3150443	40.0493064
	20.3118707	40.036094
	20.3072018	40.0274791
	20.3082034	40.0138456
	20.3092543	40.0038193
	20.31051	39.9982836
	20.3073681	39.9980571
	20.3027763	39.9978987
	20.2953017	39.9968072
	20.2882589	39.9951292
	20.2826705	39.9926751
	20.2779296	39.9905529
	20.2718441	39.986918
	20.2685524	39.984543
	20.2645919	39.9811172
	20.2619818	39.9786809
	20.25782	39.9781966
	20.2530538	39.9785583
	20.2510028	39.9794606
	20.2485212	39.9808833
	20.2461963	39.9834841
	20.2453206	39.9859674
	20.2451488	39.9892909
	20.2443261	39.9903765
	20.2410713	39.991446
	20.2391479	39.9942905
	20.236469	39.9982209
	20.2327561	40.0039624
	20.2293115	40.0098096
	20.2306554	40.0104938
	20.2334774	40.0119671
	20.2320992	40.0143475
	20.2284728	40.0182714
	20.2240002	40.0239248
	20.2196101	40.0295576
	20.2163798	40.028289
	20.2108	40.0256018
	20.2037444	40.0219692
	20.1976932	40.0192263
	20.1968828	40.0191687
	20.1965241	40.0209324
	20.1960651	40.0218681
	20.1957623	40.0224855
	20.1945324	40.0236198
	20.1930265	40.0252197
	20.1949073	40.0262198
	20.1979325	40.0276433
	20.2026352	40.0301692
	20.206199	40.031804
	20.2073252	40.0335871
	20.2028693	40.0371228
	20.2004912	40.0371933
	20.1929674	40.0368368
	20.1862355	40.0365287
	20.1819945	40.0361945
	20.1817786	40.037245
	20.1808556	40.0383764
	20.1803698	40.0396214
	20.1772573	40.0403579
	20.1766977	40.0405266
	20.1757698	40.0396387
	20.1754571	40.0386455
	20.1738895	40.039173
	20.1718555	40.0386399
	20.1686937	40.038742
	20.1653916	40.0368425
	20.1646018	40.0361345
	20.160587	40.0344439
	20.158283	40.032716
	20.1565607	40.0316273
	20.1546359	40.0316088
	20.1535946	40.0326819
	20.153196	40.0334805
	20.1526239	40.0348587
	20.1522136	40.0354951
	20.1516567	40.0357027
	20.1496847	40.035409
	20.1465165	40.0323958
	20.1449774	40.0304302
	20.1419143	40.0276473
	20.1392784	40.0254438
	20.135874	40.0234057
	20.1325552	40.0208638
	20.130648	40.0192554
	20.12834	40.0174549
	20.1262038	40.0160204
	20.1233351	40.0139184
	20.114571	40.0092138
END
END
