2779673
1
	9.5307487	47.270581
	9.531256	47.2701589
	9.5313497	47.2700841
	9.5318717	47.2696515
	9.5319073	47.2696209
	9.5319398	47.2695935
	9.5320848	47.269468
	9.5325202	47.2690821
	9.5326467	47.2689412
	9.5327511	47.2688426
	9.5328457	47.268757
	9.5329677	47.2686626
	9.5332521	47.2684412
	9.5333881	47.2682986
	9.533472	47.2682026
	9.5335638	47.2681202
	9.5338832	47.2678294
	9.534337	47.2676078
	9.5346038	47.267417
	9.5347916	47.2672834
	9.5354479	47.2668232
	9.5355506	47.266755
	9.5358315	47.2665109
	9.5359277	47.2664362
	9.5360001	47.2663332
	9.536087	47.2662321
	9.5362099	47.2661791
	9.5364188	47.2659637
	9.5365145	47.2659325
	9.5365427	47.2659093
	9.53664	47.2658631
	9.5367094	47.2658639
	9.5367532	47.2658644
	9.5367727	47.2658647
	9.5367992	47.265865
	9.5368622	47.2658658
	9.5368776	47.265867
	9.5370021	47.2658768
	9.5371278	47.2658577
	9.5372033	47.2658222
	9.5372614	47.2657639
	9.5373024	47.2657574
	9.5374061	47.2657783
	9.5375445	47.265853
	9.5376999	47.2659099
	9.5377582	47.2659589
	9.5377523	47.2660857
	9.5378184	47.2661062
	9.5378891	47.2660773
	9.5379871	47.2660376
	9.5380733	47.2660126
	9.5381503	47.2659967
	9.5382445	47.2660213
	9.5384487	47.2659206
	9.5385155	47.265896
	9.5386119	47.2658932
	9.5387827	47.2658228
	9.5389358	47.265774
	9.5389804	47.2657523
	9.5390635	47.265571
	9.5391782	47.2655079
	9.5392735	47.2653891
	9.5393988	47.2652835
	9.5394795	47.265236
	9.5395388	47.2651792
	9.5396325	47.2651108
	9.5396955	47.2650803
	9.5397159	47.265085
	9.5398081	47.2651056
	9.5398987	47.2649852
	9.5399026	47.2649049
	9.5397903	47.2647466
	9.5397603	47.2646676
	9.5398166	47.2645542
	9.539853	47.2644545
	9.5399271	47.2643123
	9.5399665	47.2642491
	9.5400233	47.2641753
	9.5400713	47.2641377
	9.5401822	47.2640293
	9.5402057	47.2639716
	9.5402209	47.2639059
	9.5403239	47.2634036
	9.5402829	47.2633003
	9.5402695	47.2631586
	9.5403158	47.2630645
	9.5403607	47.2630107
	9.5403944	47.2627686
	9.5403767	47.2627223
	9.5402712	47.2626223
	9.540181	47.2625918
	9.5401013	47.2625686
	9.5398712	47.262413
	9.5397448	47.2623396
	9.5396974	47.2623258
	9.539649	47.2622918
	9.5395943	47.2622224
	9.539569	47.2621669
	9.53949	47.262035
	9.5393739	47.2618916
	9.5393669	47.2618265
	9.5396009	47.2617369
	9.5396959	47.2617194
	9.5397364	47.2616915
	9.5397018	47.2616264
	9.5396739	47.2615642
	9.5396969	47.2615024
	9.5395787	47.2613956
	9.5395605	47.2613822
	9.5395219	47.2613519
	9.5404524	47.2607895
	9.5407062	47.2606407
	9.5410166	47.2604693
	9.5410675	47.2604412
	9.5413755	47.2602807
	9.5416376	47.2601533
	9.5429545	47.2595368
	9.5430763	47.2594723
	9.543152	47.2594235
	9.5432422	47.2593536
	9.5433134	47.2592856
	9.5433751	47.2592137
	9.5434348	47.2591249
	9.5435392	47.2589383
	9.5435996	47.2588453
	9.54368	47.2587524
	9.5437331	47.258702
	9.5437929	47.2586542
	9.5438526	47.2586114
	9.5439304	47.258564
	9.5440129	47.2585207
	9.5441115	47.2584769
	9.5448234	47.2581942
	9.5452209	47.2580363
	9.5453409	47.2579913
	9.545466	47.2579502
	9.5455929	47.2579139
	9.5457065	47.2578855
	9.5458406	47.2578572
	9.5459566	47.2578368
	9.5462461	47.2577913
	9.5463636	47.2577715
	9.546615	47.2577205
	9.546735	47.2576914
	9.5468309	47.2576659
	9.5469457	47.2576327
	9.5479678	47.2573267
	9.5480942	47.2572859
	9.5482007	47.2572461
	9.5483053	47.2572035
	9.5484072	47.2571564
	9.5485015	47.2571098
	9.5485963	47.2570575
	9.5486883	47.2570017
	9.5487753	47.256943
	9.5488616	47.2568814
	9.5496072	47.2563375
	9.5497058	47.2562683
	9.5498989	47.2561452
	9.5500032	47.2560844
	9.5501318	47.2560169
	9.5502596	47.2559549
	9.5504004	47.2558913
	9.5509591	47.2556518
	9.5510739	47.2555975
	9.551187	47.2555398
	9.5513096	47.2554719
	9.5514412	47.2553929
	9.5515427	47.2553265
	9.551641	47.2552577
	9.5517473	47.2551772
	9.5518495	47.2550937
	9.5519456	47.2550083
	9.5520268	47.2549302
	9.5523159	47.2546187
	9.5525012	47.2544166
	9.5525684	47.2543468
	9.5526771	47.2542407
	9.5527796	47.2541503
	9.5528792	47.25407
	9.5529934	47.2539847
	9.5531113	47.2539053
	9.5531824	47.2538585
	9.5541805	47.253201
	9.5543047	47.2531326
	9.5543725	47.2531048
	9.5544575	47.2530772
	9.5545697	47.2530494
	9.5547204	47.25303
	9.5550122	47.2530073
	9.5551403	47.2529925
	9.5552763	47.2529595
	9.5553926	47.2529179
	9.555499	47.2528655
	9.5555923	47.2528054
	9.5556783	47.2527281
	9.5559307	47.25247
	9.5559899	47.2524059
	9.5565125	47.2518614
	9.5571054	47.2512437
	9.5571973	47.251162
	9.5572934	47.2510962
	9.5573914	47.2510387
	9.5574826	47.2509945
	9.5575545	47.2509668
	9.5576099	47.2509466
	9.5577335	47.2509102
	9.55788	47.2508794
	9.5579923	47.2508652
	9.5582213	47.2508417
	9.5585588	47.250807
	9.5587395	47.2507828
	9.5588896	47.2507505
	9.559032	47.2507081
	9.5591679	47.2506563
	9.5592302	47.250626
	9.5592968	47.2505936
	9.5594212	47.25052
	9.5595012	47.2504668
	9.5595698	47.2504094
	9.5596137	47.2503676
	9.5597117	47.2502603
	9.5597841	47.2501711
	9.5600607	47.2498306
	9.5602023	47.2496563
	9.560472	47.2493242
	9.5605433	47.2492477
	9.5606302	47.2491766
	9.560734	47.2491127
	9.5608345	47.2490635
	9.5612518	47.2488809
	9.5613041	47.2488522
	9.5613517	47.2488196
	9.5613777	47.2487915
	9.5614128	47.2487404
	9.5614284	47.2486953
	9.5614286	47.2486352
	9.5614201	47.2485928
	9.5614088	47.248561
	9.5612771	47.2483204
	9.5612607	47.2482905
	9.5614479	47.248237
	9.5615282	47.2482141
	9.5619011	47.2477609
	9.5620485	47.2475744
	9.5624047	47.2471329
	9.5635733	47.246023
	9.5636716	47.2459295
	9.5637498	47.2458518
	9.5643758	47.2452344
	9.5643878	47.2452226
	9.5650955	47.2445246
	9.5656085	47.2440186
	9.5660728	47.2435842
	9.5661139	47.2435215
	9.5667246	47.2429152
	9.5672289	47.2418757
	9.5674105	47.240918
	9.5672655	47.2407137
	9.5670951	47.240562
	9.5668436	47.2402644
	9.5667662	47.2401409
	9.5667228	47.2400917
	9.5666296	47.2400793
	9.566499	47.2399541
	9.5664419	47.239853
	9.566263	47.2396706
	9.5660917	47.2395143
	9.565817	47.239286
	9.5658197	47.2392323
	9.5657082	47.2391435
	9.5655424	47.239004
	9.5653132	47.2388345
	9.5651924	47.2387665
	9.5651053	47.2386603
	9.5649916	47.2385873
	9.5649728	47.2385275
	9.5649	47.2384241
	9.5648066	47.238376
	9.5647208	47.2383077
	9.5646486	47.2382808
	9.5646485	47.238206
	9.5645644	47.2381095
	9.5642997	47.2378722
	9.5642015	47.2377708
	9.5640824	47.2376709
	9.5640171	47.2377212
	9.5640091	47.2376439
	9.5639219	47.2375536
	9.5638167	47.2374679
	9.5636647	47.2373
	9.5636058	47.2372511
	9.5634193	47.2371337
	9.5633503	47.237047
	9.5631961	47.2369335
	9.5631626	47.2369752
	9.562989	47.2369202
	9.5629413	47.2368168
	9.5628728	47.2367558
	9.5627704	47.2367031
	9.5626936	47.2366043
	9.5625256	47.2364283
	9.5624122	47.2362313
	9.5620725	47.2360556
	9.562015	47.2359638
	9.561873	47.2358119
	9.561825	47.235783
	9.5617896	47.2356906
	9.5616293	47.2355714
	9.5613657	47.2353359
	9.5612687	47.235275
	9.5611775	47.2352553
	9.5611912	47.2352245
	9.5608493	47.2349688
	9.5607074	47.2349378
	9.5606533	47.2348257
	9.5602351	47.2345428
	9.5600802	47.2344025
	9.5599303	47.2343503
	9.5598125	47.2342077
	9.5596793	47.2341648
	9.5596302	47.2340841
	9.5595452	47.2339621
	9.5592551	47.2336972
	9.5589494	47.2334896
	9.5590302	47.2333536
	9.5588183	47.2332685
	9.5586535	47.2331413
	9.5584574	47.2330026
	9.558416	47.2329217
	9.5582936	47.232753
	9.5582288	47.2326732
	9.5580632	47.2326511
	9.5582188	47.2325521
	9.5581222	47.2324881
	9.5580483	47.2323681
	9.5579807	47.2323298
	9.5579457	47.2321656
	9.5576749	47.2319382
	9.5576658	47.2318203
	9.557543	47.2315776
	9.5576122	47.2315048
	9.5576199	47.2314552
	9.5575027	47.2312826
	9.5573577	47.2311081
	9.5572309	47.2310307
	9.5572018	47.2309234
	9.5571133	47.2307719
	9.5570547	47.2307114
	9.5568444	47.2306226
	9.5567203	47.2304976
	9.5566797	47.2304817
	9.5565893	47.2303694
	9.5565317	47.2302823
	9.55637	47.2301683
	9.5564119	47.2301204
	9.556524	47.2300351
	9.5565122	47.2300181
	9.5563133	47.2299233
	9.5562836	47.2299332
	9.5562215	47.2298044
	9.5561369	47.2297393
	9.5560321	47.2296145
	9.5559257	47.2293489
	9.5559965	47.229318
	9.5559294	47.2292161
	9.555761	47.2291272
	9.5555879	47.2290057
	9.555501	47.2289636
	9.5554387	47.2288642
	9.5554852	47.2287974
	9.5554041	47.2286869
	9.5553406	47.2285667
	9.5552334	47.2282428
	9.5552024	47.2281775
	9.5549085	47.2279104
	9.5547687	47.2277948
	9.5546339	47.2276453
	9.5544732	47.227503
	9.5544165	47.2274619
	9.5544886	47.2273917
	9.5543731	47.2273247
	9.554455	47.227252
	9.5544274	47.2272345
	9.5543095	47.2271866
	9.5542044	47.2269293
	9.5542569	47.2269053
	9.5546885	47.2266654
	9.5546446	47.2265889
	9.5545798	47.2264944
	9.5544055	47.2263957
	9.554197	47.2262992
	9.553996	47.2261541
	9.5539522	47.2261225
	9.5537081	47.2259288
	9.5535018	47.2257555
	9.5534036	47.2256849
	9.5533149	47.2255534
	9.5532902	47.2254698
	9.5531958	47.2253237
	9.5530347	47.2251187
	9.5528934	47.2250385
	9.5528475	47.2250124
	9.5527013	47.2249762
	9.5524736	47.224991
	9.5526524	47.2248392
	9.5527456	47.2247478
	9.5526995	47.2246707
	9.5524783	47.2245237
	9.5524219	47.2245028
	9.5523499	47.2243369
	9.5522968	47.2242593
	9.5521955	47.2239919
	9.5517691	47.223753
	9.5520713	47.2236726
	9.5527733	47.2237331
	9.5532919	47.2237778
	9.5535483	47.2238029
	9.553695	47.2238172
	9.5539613	47.2239206
	9.554213	47.224051
	9.5543309	47.2241093
	9.554499	47.2239669
	9.5546079	47.2238993
	9.5552311	47.2237919
	9.5554392	47.2237924
	9.5554335	47.2236619
	9.5554131	47.2225117
	9.555786	47.2225731
	9.5558857	47.2226059
	9.5560641	47.2227629
	9.5562153	47.2227927
	9.556921	47.2230588
	9.5572271	47.2231871
	9.5574368	47.2232016
	9.5575675	47.2232357
	9.5576437	47.2232833
	9.5576998	47.2233114
	9.5577825	47.2233831
	9.5578728	47.2234613
	9.5579429	47.2237055
	9.5582006	47.2237833
	9.558392	47.2239195
	9.5584628	47.2240345
	9.5584991	47.2240934
	9.5585475	47.2241186
	9.5587337	47.2239767
	9.5588284	47.223872
	9.5591187	47.2237587
	9.5592459	47.2237531
	9.5595347	47.2237345
	9.559639	47.223752
	9.5597181	47.2237533
	9.5598499	47.2237068
	9.5600052	47.2237155
	9.5601185	47.2236863
	9.5602651	47.2236711
	9.5603684	47.2236281
	9.5605137	47.223551
	9.5606782	47.223457
	9.5609306	47.2233527
	9.5611215	47.2232652
	9.5611974	47.2232115
	9.5612353	47.2231925
	9.5612894	47.2231804
	9.5614005	47.2231908
	9.5614635	47.2231669
	9.561558	47.2230756
	9.5616846	47.2230583
	9.5618405	47.223004
	9.5619156	47.2229643
	9.5619853	47.2228967
	9.5621233	47.2228013
	9.5622356	47.2226825
	9.5623022	47.2226418
	9.56245	47.2225228
	9.5625443	47.2224745
	9.5627953	47.2222323
	9.5629051	47.2221982
	9.5630402	47.2221233
	9.5631516	47.2220057
	9.5632431	47.2219656
	9.5632402	47.2219583
	9.5631949	47.2218473
	9.5632128	47.2216998
	9.5634383	47.2213819
	9.5637191	47.2211225
	9.5637673	47.2211486
	9.5638187	47.221116
	9.5637786	47.2210445
	9.5638186	47.2210382
	9.5638822	47.2209875
	9.563988	47.2208241
	9.5641537	47.2206978
	9.5642017	47.2206377
	9.5642325	47.2206363
	9.5642932	47.220668
	9.564717	47.2207718
	9.5648204	47.220743
	9.5649092	47.2207108
	9.565049	47.2206902
	9.5653132	47.2206128
	9.5654346	47.2205572
	9.5656136	47.2205165
	9.5658009	47.2204688
	9.5659566	47.2204418
	9.5662094	47.2204088
	9.5663116	47.2204404
	9.5664188	47.2204358
	9.5667812	47.2203466
	9.5668714	47.2203061
	9.5669881	47.2202678
	9.567071	47.2201986
	9.5671901	47.2201468
	9.5672369	47.2201076
	9.5672849	47.2200037
	9.5673598	47.2199636
	9.5674452	47.2199649
	9.5675589	47.2200357
	9.5676822	47.2200034
	9.5679216	47.220028
	9.5679701	47.2200153
	9.5680624	47.2199717
	9.5681516	47.2199494
	9.5682447	47.219918
	9.5683473	47.2198905
	9.5684478	47.2198171
	9.5685593	47.2197899
	9.5686595	47.2197274
	9.5686992	47.2196771
	9.5689897	47.2194751
	9.5690784	47.2193409
	9.5691144	47.2193334
	9.5691554	47.2193401
	9.5692633	47.2193734
	9.5698381	47.2187623
	9.570181	47.2184292
	9.570337	47.2182721
	9.5704817	47.2181296
	9.5709488	47.2176367
	9.5711565	47.2174175
	9.5715283	47.217025
	9.5723292	47.21626
	9.572553	47.2161077
	9.5730158	47.2157702
	9.573521	47.215286
	9.573677	47.2151568
	9.5737565	47.2150723
	9.5738599	47.2149959
	9.5740435	47.2148515
	9.5745869	47.2145266
	9.5746527	47.2144752
	9.5750705	47.2141756
	9.5756621	47.2137077
	9.5761796	47.2131117
	9.5773264	47.2115939
	9.5775518	47.2112615
	9.5775395	47.2106742
	9.5779329	47.2098025
	9.5780461	47.2095838
	9.5781551	47.209483
	9.5783258	47.2090461
	9.5784836	47.2088984
	9.5788601	47.2087398
	9.5792182	47.2085772
	9.5793677	47.2084785
	9.5796059	47.2083798
	9.5797655	47.2082947
	9.5798465	47.2081879
	9.5802719	47.2079628
	9.5805781	47.2076933
	9.5809972	47.2074687
	9.5814049	47.2071929
	9.5816595	47.206978
	9.5819772	47.2067281
	9.5825737	47.2063194
	9.5830268	47.2060865
	9.5832183	47.2060175
	9.5834342	47.2059542
	9.5838466	47.2058621
	9.5839152	47.205797
	9.5841715	47.205644
	9.5847258	47.2053875
	9.5848953	47.2053468
	9.5848781	47.204928
	9.5848483	47.2047841
	9.5848092	47.2045706
	9.5847349	47.2045312
	9.5839568	47.2039551
	9.5836129	47.2037521
	9.5833063	47.2034781
	9.5832435	47.2032921
	9.5831223	47.2029335
	9.5829137	47.2026374
	9.5826782	47.2022292
	9.5824845	47.2016375
	9.5818252	47.2010294
	9.5816954	47.2008859
	9.5811691	47.2000083
	9.5809587	47.1995028
	9.5806043	47.1986515
	9.5805254	47.1984612
	9.5805251	47.1976632
	9.5805345	47.1975779
	9.5804168	47.1971815
	9.5804058	47.1969905
	9.5804503	47.1960628
	9.5803175	47.1957775
	9.5791457	47.1956968
	9.579003	47.1952079
	9.5789971	47.1950116
	9.5787039	47.1945543
	9.5786809	47.194483
	9.5785891	47.1944107
	9.578293	47.1942884
	9.5781535	47.194191
	9.5778767	47.1940864
	9.5778102	47.1940239
	9.5776681	47.1939534
	9.5775683	47.193897
	9.5774355	47.1938611
	9.5773043	47.1937676
	9.577196	47.1936597
	9.5771448	47.1935045
	9.57706	47.193404
	9.5766751	47.1930595
	9.5764879	47.1928698
	9.5759557	47.1926462
	9.5758263	47.1925605
	9.5758063	47.1924821
	9.5755464	47.1923323
	9.5752809	47.192185
	9.5749703	47.1919942
	9.5748536	47.1918943
	9.5747513	47.1918329
	9.5746361	47.1916993
	9.5745771	47.1916781
	9.5744427	47.1915823
	9.5742169	47.191486
	9.5738773	47.1913005
	9.5737059	47.1912429
	9.5735337	47.191133
	9.5734372	47.1910996
	9.5734063	47.1910471
	9.5733164	47.1910227
	9.5732172	47.1909405
	9.572999	47.1909477
	9.5725939	47.1907921
	9.5730911	47.187826
	9.5731821	47.1872193
	9.5732915	47.1869067
	9.573428	47.1864194
	9.5735285	47.185962
	9.5735391	47.1856856
	9.5735283	47.1853864
	9.5735387	47.1850529
	9.5734418	47.1843615
	9.5733828	47.1837204
	9.5735831	47.1833748
	9.5735949	47.1830037
	9.5736348	47.1818733
	9.5736537	47.1811917
	9.5736764	47.1805121
	9.5736375	47.1800615
	9.5735875	47.1794291
	9.5735291	47.1787821
	9.5742961	47.1781046
	9.5742044	47.1780572
	9.5741707	47.1780566
	9.5741258	47.1780559
	9.5739143	47.1779626
	9.5739126	47.1779362
	9.5739561	47.177918
	9.573956	47.1778842
	9.5738869	47.1778096
	9.573844	47.1777128
	9.5738192	47.1777001
	9.5737873	47.1777045
	9.5736922	47.1776638
	9.5735731	47.1775505
	9.5735522	47.1775103
	9.5734908	47.1774528
	9.5734833	47.1774213
	9.5734439	47.1773692
	9.5733473	47.1772406
	9.5734508	47.1771333
	9.5734292	47.1770814
	9.5734619	47.1770259
	9.5733647	47.1769492
	9.5732802	47.1769358
	9.5732668	47.176908
	9.5732847	47.1768964
	9.5733233	47.1766997
	9.5733242	47.1766588
	9.5734678	47.176554
	9.5735153	47.1765131
	9.5735266	47.1764669
	9.5734976	47.1764361
	9.5734689	47.1764235
	9.5733997	47.176359
	9.573357	47.1763496
	9.5732501	47.1762392
	9.5730937	47.1762112
	9.5730935	47.1761382
	9.5731232	47.1761207
	9.5731892	47.1760227
	9.5731598	47.1759379
	9.5731894	47.1759977
	9.5731715	47.1758565
	9.5731507	47.1758171
	9.5731075	47.1758156
	9.5730984	47.1757596
	9.5731379	47.1757031
	9.5731347	47.1756704
	9.5731072	47.1756562
	9.5731338	47.1756248
	9.5731328	47.1755934
	9.5730679	47.1755629
	9.5729724	47.1755671
	9.5729306	47.1755488
	9.5728724	47.1755431
	9.5728243	47.1755222
	9.5727453	47.1755206
	9.572683	47.1755094
	9.5726348	47.1754925
	9.5725934	47.1753989
	9.5725409	47.1753639
	9.5723676	47.1753442
	9.5723058	47.1753203
	9.5723037	47.1752892
	9.5722426	47.1752629
	9.5721884	47.1752213
	9.5721546	47.1752268
	9.5719851	47.1751296
	9.5719275	47.1751173
	9.5717935	47.1751099
	9.5717739	47.1751462
	9.571727	47.1751091
	9.5716549	47.1750819
	9.5716066	47.1750456
	9.5715666	47.1749492
	9.5715739	47.1748889
	9.5714661	47.174842
	9.5714563	47.1748175
	9.5713244	47.1747909
	9.57128	47.1748007
	9.5712621	47.1747857
	9.5712377	47.1747409
	9.57121	47.1747392
	9.5711723	47.1747469
	9.5711164	47.1746957
	9.5708849	47.1746805
	9.5708567	47.1746543
	9.5708263	47.1746479
	9.5708231	47.1746262
	9.5707333	47.1746372
	9.5706971	47.1746294
	9.5706651	47.1746096
	9.570587	47.1746048
	9.5704872	47.1745923
	9.5704536	47.174573
	9.5704065	47.1745284
	9.5702784	47.1744737
	9.5701323	47.1744333
	9.5700031	47.1743776
	9.569908	47.174352
	9.5696877	47.1743575
	9.5695262	47.1742976
	9.5692335	47.1740678
	9.569063	47.1739959
	9.5690355	47.1739568
	9.568787	47.1738929
	9.5686917	47.1738888
	9.5686141	47.1738586
	9.568309	47.1737028
	9.5681851	47.1736826
	9.5680741	47.1736372
	9.567751	47.1733952
	9.5676736	47.1733595
	9.5672703	47.1731922
	9.5671199	47.1730704
	9.567076	47.1730057
	9.5670162	47.1729585
	9.566857	47.1729016
	9.5668342	47.1728644
	9.5667446	47.1728299
	9.5667033	47.1727699
	9.5666218	47.1726738
	9.5666446	47.1725698
	9.5666393	47.1725123
	9.5665806	47.1724419
	9.566481	47.1723727
	9.5664827	47.172328
	9.5664343	47.1722726
	9.5664174	47.1722068
	9.5663933	47.1721846
	9.566415	47.1721481
	9.5663889	47.172107
	9.5663711	47.1720322
	9.5663235	47.1720038
	9.5662048	47.1718941
	9.5661862	47.1718082
	9.5661579	47.1717771
	9.5661132	47.1717484
	9.5661075	47.1717089
	9.566082	47.1715965
	9.5660097	47.1715154
	9.565919	47.1714578
	9.5658476	47.1713373
	9.5658028	47.17124
	9.5657419	47.1711781
	9.5656929	47.1711502
	9.565626	47.1711568
	9.5655611	47.1711422
	9.5654593	47.1710894
	9.56551	47.1710219
	9.5654916	47.1709379
	9.5655143	47.1708569
	9.5654876	47.1708061
	9.5654093	47.1707507
	9.5653259	47.1707313
	9.5652226	47.1706678
	9.5651244	47.1706253
	9.5650459	47.1705593
	9.5650497	47.1705138
	9.5649813	47.1704326
	9.5647779	47.1703118
	9.5646263	47.1702461
	9.5648097	47.1702773
	9.5649162	47.1702952
	9.5650322	47.1703038
	9.5651163	47.1702816
	9.5651281	47.1703124
	9.5652634	47.1703393
	9.5653437	47.1703323
	9.565392	47.1702615
	9.5655007	47.1701991
	9.5656249	47.1700987
	9.565699	47.170071
	9.5657976	47.170056
	9.5658307	47.1700283
	9.5658712	47.1700362
	9.5659559	47.1700024
	9.566089	47.1699743
	9.5661348	47.1699399
	9.5661835	47.1698671
	9.5663202	47.1698348
	9.5664595	47.1698351
	9.5665716	47.1698089
	9.5667564	47.1698276
	9.5667989	47.1697984
	9.5668644	47.1697893
	9.5669579	47.1698553
	9.5670956	47.1698553
	9.5671679	47.1698254
	9.5673079	47.1698134
	9.5673788	47.1697796
	9.5674346	47.1697698
	9.5675254	47.1697788
	9.5676583	47.1698447
	9.5677216	47.1698479
	9.5677522	47.1698656
	9.5678085	47.1698594
	9.5678433	47.169894
	9.5679559	47.1698569
	9.5679956	47.1697943
	9.5681088	47.1697942
	9.568366	47.1697452
	9.5684828	47.1697516
	9.5685522	47.1697104
	9.5686148	47.1696952
	9.5686491	47.1696595
	9.5687038	47.1696616
	9.5687859	47.1695981
	9.5688421	47.1695777
	9.5688579	47.1695916
	9.5688954	47.1695932
	9.5689124	47.1696101
	9.5689255	47.169637
	9.5689588	47.1696797
	9.5690028	47.169703
	9.5690343	47.1697481
	9.569111	47.1698016
	9.569231	47.1698101
	9.5692895	47.1698622
	9.5693371	47.1698746
	9.5694038	47.1698597
	9.5695802	47.1698605
	9.5696796	47.1699175
	9.569727	47.1699878
	9.5698608	47.1699863
	9.5699579	47.1699797
	9.5700421	47.1699238
	9.5700985	47.169858
	9.5703757	47.1697976
	9.5703954	47.1697202
	9.5705004	47.1697185
	9.5706564	47.1697595
	9.5707659	47.169747
	9.5708917	47.1698091
	9.570909	47.1698002
	9.5709198	47.1698047
	9.5713464	47.1694945
	9.5716507	47.1694995
	9.5717771	47.1695498
	9.5718102	47.1696176
	9.5719061	47.1696621
	9.5720504	47.169616
	9.5723353	47.169608
	9.5724695	47.1695917
	9.5724905	47.1695992
	9.5726456	47.1695733
	9.5726758	47.1695465
	9.5727569	47.1695436
	9.5728916	47.1695924
	9.5731379	47.169626
	9.5732778	47.1696283
	9.5733423	47.1696404
	9.5734003	47.1696281
	9.5736544	47.1696547
	9.5737858	47.1696265
	9.5739698	47.1696895
	9.5740751	47.1696494
	9.5742914	47.1697163
	9.574395	47.1697014
	9.5744184	47.1696852
	9.5749001	47.1697645
	9.5749329	47.169801
	9.5750149	47.1698224
	9.5750725	47.1698101
	9.5751464	47.1698441
	9.5752046	47.1698412
	9.5753226	47.1699067
	9.5754244	47.1699489
	9.5756276	47.1700104
	9.5756497	47.1700577
	9.5757566	47.1700805
	9.575893	47.1700897
	9.5759286	47.1701136
	9.5760893	47.1701394
	9.5761801	47.1702031
	9.5762773	47.1702179
	9.576297	47.1702445
	9.5764136	47.1702823
	9.5765182	47.1703084
	9.5765274	47.1703263
	9.5766544	47.1703297
	9.5766975	47.1703902
	9.5768064	47.1704645
	9.5770718	47.1705851
	9.5773127	47.1706391
	9.577429	47.1706965
	9.5781643	47.1708936
	9.5783515	47.170906
	9.5788987	47.1710517
	9.5790016	47.17105
	9.579114	47.171051
	9.5792293	47.1711054
	9.5793364	47.1711095
	9.5794579	47.1711394
	9.5824313	47.1694817
	9.584473	47.1684088
	9.5870664	47.1668757
	9.5876404	47.1665496
	9.5893173	47.1656021
	9.5909273	47.1646872
	9.5914268	47.164571
	9.5916137	47.1645361
	9.5921859	47.1643324
	9.5948472	47.1634517
	9.5967665	47.1628904
	9.5970087	47.162554
	9.597746	47.1615287
	9.5989986	47.1605334
	9.6006427	47.159186
	9.6006373	47.1591091
	9.6007436	47.1590339
	9.600787	47.1590075
	9.6007926	47.158951
	9.6009207	47.158819
	9.6009032	47.1587576
	9.6009728	47.158673
	9.6009419	47.1586355
	9.6008876	47.1585263
	9.600917	47.1584683
	9.6008877	47.1584337
	9.6008308	47.1584034
	9.6007612	47.1582717
	9.6007042	47.1580209
	9.6007934	47.157768
	9.6008335	47.157732
	9.6008603	47.1576116
	9.6008283	47.1575589
	9.6008073	47.157354
	9.6007687	47.1573423
	9.6007383	47.1573053
	9.600697	47.1572855
	9.6006844	47.1572672
	9.6006014	47.1572087
	9.6005819	47.1571678
	9.600503	47.1571393
	9.6004766	47.1571038
	9.600439	47.1570861
	9.6004076	47.1570441
	9.6004239	47.156975
	9.6004181	47.156934
	9.6003886	47.156902
	9.600305	47.1568978
	9.6001941	47.1567933
	9.600189	47.1567702
	9.6003668	47.1567097
	9.6004133	47.1567076
	9.6004923	47.1566636
	9.6006058	47.1565063
	9.6006595	47.1564836
	9.6007247	47.156482
	9.6008069	47.1563856
	9.6008584	47.1562799
	9.6010467	47.15614
	9.6011503	47.1560291
	9.6012761	47.1560344
	9.601262	47.1559138
	9.6012341	47.1558552
	9.6012648	47.1558255
	9.6014519	47.1558104
	9.6017484	47.1557245
	9.6018208	47.1556919
	9.6019706	47.1555752
	9.6019595	47.1555234
	9.6020399	47.1553872
	9.6021227	47.1553333
	9.6021183	47.1553139
	9.6022085	47.1552379
	9.6022099	47.1552045
	9.6021765	47.1551752
	9.6021416	47.1550529
	9.6022085	47.1548694
	9.6023049	47.1547573
	9.6023162	47.1547044
	9.6023728	47.154645
	9.6024313	47.154547
	9.6025824	47.1543939
	9.6027612	47.1542438
	9.6028388	47.1541662
	9.6028443	47.1541334
	9.6028886	47.154092
	9.6029374	47.1540017
	9.6029245	47.1539369
	9.6029915	47.1538094
	9.6029933	47.153614
	9.6030179	47.153569
	9.6030018	47.1534825
	9.6030304	47.1534154
	9.6030596	47.1533928
	9.6030676	47.15335
	9.6030813	47.1532711
	9.6030721	47.1532253
	9.603154	47.1531678
	9.6032129	47.1529529
	9.6031987	47.1528805
	9.6031316	47.1527885
	9.6032363	47.1526393
	9.6033703	47.152609
	9.6033245	47.1524635
	9.6033114	47.1523539
	9.6033316	47.1522281
	9.603224	47.1520777
	9.6031065	47.152025
	9.6029514	47.1518972
	9.6028738	47.1518738
	9.6028447	47.1518467
	9.6028215	47.1517871
	9.6028402	47.1517471
	9.6028258	47.1517192
	9.6028449	47.1516071
	9.6028784	47.1515865
	9.602939	47.1515578
	9.6029475	47.151523
	9.6029881	47.1515181
	9.603045	47.1514683
	9.6031001	47.1514273
	9.6031022	47.1513549
	9.6032362	47.1512363
	9.6034452	47.1511671
	9.6034669	47.1510536
	9.6035219	47.1510244
	9.6035463	47.1509766
	9.6037241	47.150917
	9.6037977	47.1508388
	9.6039017	47.1508008
	9.6038377	47.1507735
	9.6038078	47.1507452
	9.6038012	47.1507038
	9.6038342	47.1506381
	9.6040182	47.1505351
	9.6040969	47.1505365
	9.6040987	47.1504946
	9.6041173	47.1504702
	9.6042658	47.1503712
	9.6043579	47.1503483
	9.6043964	47.1502862
	9.6045258	47.1502791
	9.604576	47.1502647
	9.6046059	47.1502364
	9.6046924	47.1502436
	9.6048289	47.1501716
	9.6049005	47.1500798
	9.6049252	47.1500192
	9.6050472	47.1498699
	9.6051293	47.1498137
	9.6051733	47.1493247
	9.6052123	47.1493057
	9.6052806	47.1492082
	9.6053442	47.1491752
	9.6054521	47.149168
	9.605666	47.1490849
	9.6057004	47.1490178
	9.6058378	47.1489498
	9.6059041	47.1489314
	9.6060112	47.1489469
	9.6060745	47.1489278
	9.6061644	47.1488417
	9.6062257	47.1488072
	9.6063948	47.1487607
	9.606438	47.1487713
	9.606528	47.1487256
	9.6067199	47.148672
	9.6069377	47.1484525
	9.6069996	47.1484184
	9.6073019	47.1483316
	9.6073973	47.148319
	9.6074836	47.1482763
	9.6076285	47.1482571
	9.6077624	47.1482883
	9.6079353	47.148258
	9.6080374	47.1482586
	9.6081803	47.1481637
	9.6082498	47.1480278
	9.6084287	47.1479519
	9.6085208	47.1478826
	9.6085605	47.1478686
	9.608621	47.1478027
	9.6087141	47.1477674
	9.6087834	47.1477776
	9.608817	47.1477589
	9.609031	47.1477608
	9.6091583	47.1477809
	9.6092308	47.1477301
	9.6093567	47.1477272
	9.6093802	47.1477164
	9.6094132	47.1477203
	9.6094728	47.1476581
	9.6095346	47.1476161
	9.609578	47.1476012
	9.6096691	47.1475824
	9.6097009	47.1475626
	9.6097467	47.1475703
	9.6098209	47.1475332
	9.609919	47.1475696
	9.6099754	47.1475597
	9.6100386	47.1475132
	9.6101084	47.1475032
	9.6102391	47.1475167
	9.6103171	47.1475804
	9.6103643	47.1475614
	9.6104027	47.1475343
	9.6104731	47.1475366
	9.6105333	47.1475548
	9.6105687	47.147618
	9.6105931	47.1476315
	9.6106696	47.1475838
	9.6107275	47.1475759
	9.6107692	47.1475912
	9.6108558	47.1475506
	9.6109304	47.1475356
	9.6109472	47.1474922
	9.6110122	47.1474686
	9.6110469	47.1474341
	9.611147	47.1474063
	9.6112277	47.1473945
	9.6113081	47.1473997
	9.6114151	47.1473795
	9.6115552	47.1473951
	9.6116425	47.1474301
	9.6118021	47.1474124
	9.6119924	47.1474363
	9.6120246	47.1474537
	9.612074	47.1475296
	9.6121453	47.1475395
	9.6122431	47.1475137
	9.6123986	47.1475347
	9.61259	47.1475174
	9.6127428	47.1475631
	9.6128332	47.1474722
	9.6128734	47.1474488
	9.6129683	47.1474307
	9.6130345	47.1474191
	9.6131514	47.1474177
	9.6132741	47.1474493
	9.6133181	47.1474733
	9.6133664	47.1474649
	9.6134525	47.1474721
	9.6136986	47.1475464
	9.6137749	47.1475532
	9.613889	47.1475282
	9.613981	47.1475323
	9.614159	47.147603
	9.6142901	47.1476242
	9.6143702	47.147647
	9.6144843	47.1476975
	9.6145559	47.1477669
	9.6146045	47.1477789
	9.6146839	47.1477606
	9.6147492	47.1477623
	9.614978	47.1478503
	9.6151407	47.1479526
	9.6155529	47.1481488
	9.6159024	47.1482894
	9.6159878	47.1483367
	9.6161118	47.1484671
	9.616513	47.1486407
	9.6166176	47.1486958
	9.6167157	47.148767
	9.6168522	47.148954
	9.6171215	47.149034
	9.6172482	47.1490967
	9.6173913	47.1492594
	9.6177421	47.1493803
	9.6181595	47.1495512
	9.6182493	47.1495693
	9.6183104	47.1496006
	9.6183254	47.149641
	9.6185295	47.1496899
	9.6187092	47.1497541
	9.6187775	47.1498254
	9.6187795	47.1498936
	9.6188196	47.1498951
	9.6188591	47.1499299
	9.6188785	47.1500076
	9.6188298	47.15013
	9.6187885	47.1501988
	9.6187582	47.1502362
	9.6187557	47.1502685
	9.6188016	47.1503486
	9.6193627	47.1506832
	9.6194629	47.1507124
	9.6195013	47.1507754
	9.619475	47.1508442
	9.6194955	47.150895
	9.619576	47.1509335
	9.6196543	47.1509377
	9.619682	47.1510092
	9.6196769	47.1510619
	9.6198734	47.1511964
	9.6200319	47.151349
	9.6204867	47.1515376
	9.6205668	47.1516405
	9.620293	47.1521884
	9.6197676	47.1537559
	9.6196737	47.1540362
	9.6196417	47.1551718
	9.620559	47.1560711
	9.6205857	47.156315
	9.6206085	47.1565232
	9.6211372	47.15709
	9.621199	47.1580507
	9.6216562	47.1593964
	9.6218415	47.1599416
	9.6223117	47.1602793
	9.6225224	47.1604306
	9.6228308	47.1607725
	9.6232507	47.1608988
	9.6239037	47.1615045
	9.6245817	47.1624939
	9.6244379	47.1627194
	9.6244379	47.1631497
	9.6242126	47.1634999
	9.6241482	47.1636895
	9.6240409	47.1640689
	9.6240731	47.1643898
	9.6239551	47.1647837
	9.6238693	47.1650609
	9.6239765	47.1655715
	9.6236761	47.16598
	9.6232996	47.1663176
	9.6229251	47.1663009
	9.6225067	47.1665125
	9.6222063	47.1667167
	9.6220454	47.1669355
	9.6220883	47.1671835
	9.6221312	47.1673513
	9.6224061	47.1677875
	9.6219836	47.1680893
	9.6215427	47.1684754
	9.6211525	47.1686705
	9.6209403	47.1694666
	9.6207201	47.1702869
	9.621452	47.1712058
	9.6219787	47.1718671
	9.6220408	47.1719451
	9.6224967	47.1722463
	9.623955	47.172578
	9.6243056	47.1726631
	9.624794	47.1733354
	9.625103	47.1740315
	9.6250469	47.1751023
	9.6250062	47.1759252
	9.625419	47.1776669
	9.6261052	47.1785952
	9.6266691	47.1789247
	9.6272311	47.1791857
	9.6283576	47.1797502
	9.6292577	47.1802112
	9.6296735	47.1803157
	9.6305624	47.1804435
	9.6313458	47.1805202
	9.6317256	47.181075
	9.6320384	47.1815109
	9.6323463	47.1819667
	9.6317275	47.1824968
	9.6313136	47.1828271
	9.6306034	47.1833715
	9.6302488	47.1838407
	9.6298108	47.1843883
	9.629196	47.1850978
	9.6289249	47.185779
	9.6290407	47.1861665
	9.629158	47.186492
	9.6293017	47.1869502
	9.6293688	47.1872411
	9.6290823	47.1874311
	9.6287857	47.1880563
	9.628493	47.1886235
	9.6283007	47.1890021
	9.6282742	47.1895524
	9.6282559	47.1898222
	9.6282878	47.1902123
	9.6284273	47.1907059
	9.628574	47.1908954
	9.6284515	47.1909275
	9.6295426	47.19187
	9.6293819	47.1919807
	9.6291003	47.1921527
	9.6301616	47.1932438
	9.6309561	47.1941813
	9.6312833	47.1945537
	9.6311015	47.1946565
	9.6322921	47.1957996
	9.632099	47.1960958
	9.6324911	47.1963469
	9.6327634	47.1965853
	9.6329069	47.1967584
	9.6330504	47.19706
	9.6330777	47.1972527
	9.6337089	47.1970021
	9.6338752	47.1973183
	9.633899	47.1975991
	9.6337405	47.1980958
	9.6335844	47.1986022
	9.6338089	47.1990063
	9.6339666	47.1992887
	9.6341361	47.1995588
	9.634337	47.2002902
	9.6348075	47.2009639
	9.6351385	47.201646
	9.6355025	47.2020558
	9.6355226	47.20211
	9.6355982	47.2021805
	9.6357247	47.2024421
	9.6358538	47.2025504
	9.6359863	47.2028469
	9.6362076	47.2028988
	9.6363372	47.2029912
	9.6364552	47.2031403
	9.6364764	47.2033411
	9.6359576	47.2034404
	9.6360091	47.2036174
	9.6362948	47.2042528
	9.6365853	47.2042393
	9.6367709	47.2044871
	9.6369031	47.2048203
	9.6367231	47.2049742
	9.6368028	47.2051809
	9.6370742	47.2051098
	9.637056	47.2051989
	9.6369678	47.2053506
	9.6371947	47.2055996
	9.6372722	47.2059041
	9.6374178	47.2061685
	9.6374133	47.2063006
	9.6375195	47.2065187
	9.6378792	47.2063653
	9.6380613	47.2066862
	9.6385655	47.2073462
	9.6383995	47.2075865
	9.6383306	47.2076452
	9.6382064	47.207791
	9.637642	47.208233
	9.63759	47.2083128
	9.6374605	47.2083026
	9.637074	47.2084615
	9.6365423	47.2086067
	9.6363369	47.2087002
	9.6365053	47.2088848
	9.636681	47.2088893
	9.6367577	47.2089241
	9.6368326	47.2089615
	9.6369267	47.2090078
	9.6370554	47.2090972
	9.6370935	47.2091577
	9.6372585	47.2093255
	9.6373086	47.2094843
	9.6374858	47.2097609
	9.6375109	47.2099498
	9.6375421	47.2100293
	9.6375785	47.2102029
	9.6376831	47.2102433
	9.6377516	47.2104109
	9.6378164	47.2104953
	9.6378389	47.2106524
	9.6381042	47.2107435
	9.6382362	47.210871
	9.6381399	47.2109814
	9.6381366	47.2110849
	9.6380693	47.2112019
	9.6379301	47.2113107
	9.6379298	47.2114479
	9.6379757	47.2115362
	9.6379693	47.2117062
	9.6380192	47.2117563
	9.6380125	47.2115872
	9.6380752	47.2113273
	9.6381015	47.2112466
	9.6383291	47.2108612
	9.638682	47.2104826
	9.6387366	47.2104333
	9.6390934	47.210137
	9.6395771	47.209853
	9.6396318	47.2098259
	9.6399909	47.2096595
	9.6406416	47.2094345
	9.641248	47.2091937
	9.6415839	47.2090385
	9.6419524	47.2088436
	9.6420993	47.2087026
	9.6422485	47.2084633
	9.6423139	47.208137
	9.6423576	47.2078347
	9.6423343	47.2077401
	9.6423855	47.2074783
	9.6425312	47.2072008
	9.6431261	47.2067864
	9.6432752	47.2067204
	9.6434378	47.2065906
	9.6437245	47.2064358
	9.6438597	47.2063411
	9.6439114	47.206254
	9.6440241	47.2062234
	9.6441703	47.2062042
	9.64445	47.2060994
	9.6446287	47.2059905
	9.6445689	47.2058158
	9.6441071	47.2058982
	9.6438744	47.2059114
	9.6437596	47.205857
	9.6436244	47.2057635
	9.643566	47.2056431
	9.6436075	47.2053757
	9.643664	47.2051978
	9.6437433	47.2050394
	9.6438529	47.2049126
	9.6440141	47.2048169
	9.6441773	47.2047611
	9.6445071	47.2046983
	9.64486	47.2046278
	9.6450959	47.2045493
	9.6453531	47.2044429
	9.6455477	47.2043477
	9.6458591	47.2041343
	9.6462067	47.2038879
	9.646654	47.2035539
	9.6469549	47.2031882
	9.6470011	47.2031322
	9.6471953	47.2028744
	9.6473243	47.2026953
	9.6475693	47.2024512
	9.6477606	47.2022711
	9.6479841	47.2021158
	9.6480061	47.202064
	9.6481139	47.2019396
	9.6478634	47.2017861
	9.647659	47.2015037
	9.6472846	47.2016411
	9.6471389	47.2015292
	9.6470494	47.2015773
	9.646982	47.2015241
	9.6469273	47.2015044
	9.6466932	47.2011953
	9.6468957	47.2010452
	9.6468656	47.2009524
	9.6467565	47.2008183
	9.646937	47.2007295
	9.6465711	47.2001112
	9.6458976	47.1992734
	9.6452137	47.1984087
	9.6446826	47.1977371
	9.6449972	47.1976223
	9.645837	47.1972204
	9.6469951	47.1962943
	9.6481402	47.1956263
	9.6482733	47.1956068
	9.6481668	47.1951867
	9.6484623	47.1949206
	9.6482047	47.1947133
	9.6479232	47.1944742
	9.6481491	47.194253
	9.6482395	47.1940191
	9.6483473	47.1938261
	9.6483398	47.1937452
	9.6478894	47.1938146
	9.647784	47.1937269
	9.6490379	47.1932953
	9.6492751	47.1931528
	9.6496247	47.1931129
	9.650179	47.1928532
	9.6502248	47.1927949
	9.6504713	47.1927661
	9.6505258	47.1927715
	9.6508911	47.1928012
	9.6512336	47.1927761
	9.651596	47.1928885
	9.6519642	47.1929099
	9.6521882	47.1929877
	9.6523864	47.1929915
	9.6525559	47.1930117
	9.6529545	47.1928351
	9.6536108	47.192709
	9.6536564	47.1926257
	9.6538423	47.1925287
	9.6543742	47.1926408
	9.6545695	47.1927331
	9.6548865	47.1928256
	9.654942	47.1929046
	9.6553288	47.1930278
	9.6556086	47.1930077
	9.656075	47.1930382
	9.6570296	47.1926986
	9.6576401	47.1923999
	9.6578109	47.1923432
	9.6581529	47.1924185
	9.6582226	47.1924278
	9.6582784	47.1923665
	9.6584187	47.1923642
	9.6585917	47.1924336
	9.658857	47.1926069
	9.659354	47.1925858
	9.6603115	47.1934206
	9.6604089	47.1934619
	9.6614255	47.1934521
	9.66157	47.1934993
	9.6622315	47.1937922
	9.6628151	47.1939679
	9.6628722	47.1940373
	9.6624184	47.1950848
	9.6618844	47.1957591
	9.6617605	47.1970631
	9.6621521	47.1977409
	9.6621877	47.198231
	9.6621706	47.1984878
	9.6621936	47.1987105
	9.662055	47.1994444
	9.6616111	47.2002623
	9.6614627	47.2009615
	9.6612141	47.2013901
	9.6611637	47.2019141
	9.66101	47.2027507
	9.660767	47.2035942
	9.6601581	47.2038231
	9.6584029	47.2045967
	9.6564827	47.205389
	9.6564462	47.2053602
	9.6565495	47.2049248
	9.656531	47.2046187
	9.656458	47.2043565
	9.6561997	47.2040223
	9.6560557	47.204202
	9.6554278	47.2045599
	9.6552867	47.2046823
	9.6551115	47.2047623
	9.6548851	47.2050176
	9.6547218	47.2050929
	9.6540489	47.2055626
	9.6532048	47.2058784
	9.6531318	47.2059385
	9.6533399	47.206059
	9.6530224	47.2063114
	9.6528797	47.2065016
	9.6528046	47.2065134
	9.6527016	47.2064601
	9.6525125	47.2062609
	9.6520208	47.2060145
	9.6518513	47.2058762
	9.651566	47.2060285
	9.6514369	47.2061459
	9.6512409	47.2064425
	9.6508763	47.206571
	9.6504651	47.2067836
	9.6503727	47.2069707
	9.6503348	47.2071071
	9.6506245	47.2073633
	9.6507551	47.2073808
	9.6509243	47.207366
	9.6513756	47.2074623
	9.6514026	47.207531
	9.6516167	47.2075446
	9.6524724	47.2076147
	9.652987	47.2075344
	9.6533826	47.2074033
	9.6540936	47.2091896
	9.654415	47.209962
	9.653889	47.2102588
	9.6534091	47.2102056
	9.652403	47.2098723
	9.6519819	47.209687
	9.6516577	47.2095635
	9.651004	47.209259
	9.6507755	47.2091647
	9.6503528	47.2090366
	9.6506872	47.2087142
	9.6511145	47.2081924
	9.6499582	47.2077901
	9.650522	47.2075211
	9.6506028	47.2073948
	9.6502674	47.2070626
	9.650324	47.206972
	9.6504327	47.2067639
	9.6508445	47.2065421
	9.6511795	47.2064192
	9.6513786	47.2061312
	9.6515248	47.2059972
	9.6518342	47.2058183
	9.6517258	47.2056893
	9.6512366	47.2051364
	9.6503552	47.2042672
	9.6501172	47.2043133
	9.6499416	47.20438
	9.6496144	47.2038379
	9.6498209	47.2037322
	9.6496648	47.2033956
	9.6495065	47.2031334
	9.6493582	47.2030217
	9.6491911	47.2029519
	9.6491061	47.2028637
	9.6489218	47.2027232
	9.6487893	47.2025123
	9.6488105	47.2024451
	9.64859	47.2023516
	9.64852	47.202247
	9.6483985	47.2022589
	9.6482687	47.2021871
	9.6481319	47.2021348
	9.6480331	47.2021707
	9.6478451	47.2023186
	9.6476538	47.20248
	9.6473998	47.2027265
	9.6472811	47.202899
	9.6470304	47.2032262
	9.6467402	47.2035959
	9.6462867	47.2039373
	9.6459251	47.2041769
	9.6455986	47.2043942
	9.6453941	47.204504
	9.6451401	47.2046048
	9.644896	47.2046945
	9.6445307	47.2047605
	9.6441097	47.2048549
	9.6439251	47.2049492
	9.643825	47.2050631
	9.6437667	47.2052057
	9.6437037	47.2053879
	9.6436781	47.2056335
	9.6437561	47.2057492
	9.6438983	47.2057962
	9.6440844	47.2057716
	9.6444769	47.2056435
	9.6447812	47.2058014
	9.6448325	47.2058981
	9.6448139	47.2059726
	9.6447159	47.2060645
	9.644499	47.2061484
	9.6442121	47.206272
	9.6437737	47.2064875
	9.6435144	47.2066366
	9.643172	47.206882
	9.6428338	47.2071704
	9.6425936	47.2074445
	9.6424956	47.2076378
	9.6424253	47.2079231
	9.6423859	47.2081343
	9.6423275	47.2084766
	9.6421783	47.20873
	9.6420174	47.2088774
	9.6416349	47.2090881
	9.6412871	47.2092435
	9.6406763	47.2094826
	9.6400396	47.2097092
	9.6396711	47.2098629
	9.6396102	47.20989
	9.6391394	47.210167
	9.6388082	47.2104633
	9.6387545	47.210514
	9.6384047	47.2108879
	9.6382038	47.2112586
	9.6381667	47.211347
	9.6381097	47.2115895
	9.6380886	47.2118862
	9.6382128	47.2120065
	9.6384263	47.2120327
	9.638587	47.2120896
	9.638562	47.2122938
	9.638603	47.2123894
	9.638587	47.2124997
	9.6386267	47.2126378
	9.638578	47.2126954
	9.6387337	47.2127712
	9.6389882	47.2128043
	9.6393606	47.2131364
	9.6395502	47.2135654
	9.6394925	47.213661
	9.6394362	47.2138031
	9.6395102	47.2140121
	9.6397661	47.2142828
	9.6399973	47.2144689
	9.6402309	47.2146239
	9.6402556	47.2147782
	9.640375	47.214889
	9.640851	47.2147924
	9.6418622	47.2142356
	9.6417893	47.2141713
	9.6417268	47.214042
	9.6426725	47.2139696
	9.642849	47.213923
	9.6428166	47.2138419
	9.6437883	47.2134814
	9.6441672	47.213374
	9.644638	47.2138251
	9.6448591	47.2138302
	9.6453965	47.2137341
	9.6457048	47.2136559
	9.6459633	47.2135651
	9.6462258	47.2135072
	9.6463172	47.2136091
	9.6465751	47.2135035
	9.651279	47.2162079
	9.6545491	47.2143634
	9.655902	47.2154621
	9.6568456	47.216157
	9.6584434	47.2149345
	9.6604628	47.2134079
	9.6617546	47.2124296
	9.6631148	47.2113188
	9.6632392	47.2112203
	9.6654065	47.2094048
	9.6659879	47.2089292
	9.6670245	47.2080403
	9.6672394	47.207856
	9.6680908	47.2071333
	9.6684196	47.2068424
	9.6696183	47.2057651
	9.6697902	47.2056289
	9.6701851	47.2052791
	9.6704945	47.2050231
	9.6715819	47.2042619
	9.6724914	47.2036765
	9.674413	47.2025588
	9.6762315	47.2015036
	9.6766092	47.2013464
	9.6768537	47.2012383
	9.6771258	47.2011427
	9.6775801	47.2009797
	9.6781922	47.2007552
	9.6785026	47.2006368
	9.679162	47.200398
	9.6796733	47.2002173
	9.6806204	47.1999718
	9.680879	47.199904
	9.682002	47.199632
	9.68217	47.199593
	9.682698	47.19946
	9.68281	47.199422
	9.683228	47.199307
	9.683757	47.199172
	9.683952	47.199133
	9.684258	47.199057
	9.6853001	47.1987772
	9.6859738	47.1985933
	9.6865776	47.1984125
	9.6872519	47.1982321
	9.6878798	47.1980498
	9.6886432	47.197837
	9.6891598	47.1976799
	9.6896672	47.1975479
	9.6903976	47.1973635
	9.6910368	47.1972089
	9.6913871	47.1971386
	9.6916211	47.197084
	9.6918731	47.1970254
	9.6924551	47.1969048
	9.6928626	47.1968022
	9.6932638	47.1967293
	9.6936946	47.1966341
	9.6943756	47.1964748
	9.6950274	47.1963431
	9.6956569	47.1962109
	9.6959951	47.1961202
	9.6966439	47.1960611
	9.6973137	47.1959888
	9.6977833	47.1959432
	9.6988286	47.1958681
	9.6999892	47.1957817
	9.700918	47.195715
	9.7013303	47.1956847
	9.7020094	47.1956172
	9.702725	47.1955395
	9.7036673	47.1954455
	9.7044076	47.1953636
	9.7051559	47.1952776
	9.7057903	47.195206
	9.7067757	47.1951143
	9.7073299	47.1949756
	9.7080838	47.1948086
	9.7085312	47.1954427
	9.7089931	47.1961409
	9.7095639	47.1969583
	9.7100611	47.1974813
	9.7107054	47.198129
	9.7116581	47.199029
	9.7130137	47.2002245
	9.7135314	47.2006088
	9.7143519	47.2012149
	9.7150152	47.2015087
	9.7160827	47.2019916
	9.7165601	47.2024889
	9.7171623	47.2031442
	9.7180002	47.203444
	9.718397	47.203597
	9.719093	47.203823
	9.719903	47.2040679
	9.7208286	47.2044752
	9.7214249	47.2047358
	9.7225275	47.2050915
	9.723308	47.20541
	9.723643	47.205542
	9.7241733	47.2057542
	9.7243595	47.2061901
	9.7245018	47.20645
	9.7245959	47.2068517
	9.7253817	47.2067109
	9.7258105	47.2066624
	9.7264806	47.2065713
	9.7267579	47.2064924
	9.7274971	47.2063085
	9.7280212	47.2061446
	9.7284362	47.2059926
	9.7288833	47.2058836
	9.7294554	47.2057371
	9.7298706	47.2057298
	9.7304561	47.2056832
	9.7308606	47.2056987
	9.7314397	47.2056947
	9.7325228	47.2054569
	9.7337475	47.2051478
	9.734314	47.2052737
	9.7345626	47.205351
	9.7352133	47.2052256
	9.7352712	47.2052635
	9.7352656	47.2055272
	9.7358932	47.2058401
	9.7363256	47.2059877
	9.7367835	47.2062357
	9.737255	47.2062353
	9.7382356	47.2062231
	9.73848	47.2062233
	9.7387557	47.2062351
	9.7398066	47.2062617
	9.7405112	47.2063011
	9.7410184	47.2064405
	9.7416852	47.2066203
	9.7422975	47.2066852
	9.7436907	47.2068532
	9.7442301	47.2071606
	9.7450208	47.2075292
	9.745808	47.2079035
	9.745822	47.2083958
	9.7458716	47.2091017
	9.7464652	47.2112863
	9.7492209	47.2115135
	9.749893	47.2117138
	9.750297	47.2118273
	9.7507114	47.2119441
	9.751738	47.212242
	9.752297	47.212412
	9.7527574	47.2125371
	9.753602	47.2128035
	9.7536897	47.2130263
	9.754287	47.2141474
	9.7543572	47.214762
	9.7542267	47.2147584
	9.7534626	47.2149199
	9.7534467	47.2149382
	9.753424	47.2149367
	9.7534141	47.2149521
	9.7531681	47.2149912
	9.7519617	47.2147955
	9.751934	47.2148073
	9.7519078	47.2148739
	9.7518805	47.2149061
	9.7517936	47.2155133
	9.7517204	47.2160805
	9.7514203	47.2165275
	9.7516897	47.2170029
	9.7514141	47.2176107
	9.7512368	47.2180249
	9.7505526	47.2183685
	9.7503198	47.2186461
	9.7500737	47.2187978
	9.7503183	47.2190719
	9.7501854	47.2195107
	9.7503565	47.2199389
	9.7506219	47.2204592
	9.7505327	47.2207707
	9.7507979	47.2211319
	9.7508817	47.2230177
	9.7506619	47.2238464
	9.7504552	47.2246202
	9.7509144	47.2256617
	9.7512351	47.226401
	9.7514546	47.2269251
	9.7515973	47.2274619
	9.7517635	47.2280846
	9.7520869	47.2293016
	9.7528101	47.2299699
	9.753419	47.2307744
	9.7540397	47.2315875
	9.7548391	47.232672
	9.7550498	47.2329451
	9.7556852	47.2336807
	9.7558368	47.2342151
	9.7560233	47.2348495
	9.7561569	47.2353455
	9.7563153	47.2359129
	9.7565957	47.2368944
	9.7576375	47.2363147
	9.758285	47.2362357
	9.7590513	47.2362455
	9.760067	47.2358343
	9.7612732	47.2353497
	9.7634882	47.2344673
	9.7644431	47.2343487
	9.7648526	47.2342167
	9.7652107	47.2340999
	9.7658464	47.2343855
	9.7663598	47.2346228
	9.7671687	47.2350089
	9.7684428	47.2356044
	9.769318	47.2358394
	9.7704601	47.2361506
	9.771224	47.2363733
	9.7721198	47.2369829
	9.7728724	47.2374931
	9.7734231	47.2378703
	9.7747851	47.2387659
	9.7763749	47.239146
	9.7775685	47.2394264
	9.7780808	47.2399368
	9.7785104	47.2403331
	9.7790952	47.240908
	9.7799165	47.2409049
	9.7805374	47.2409053
	9.7813099	47.2409124
	9.7819744	47.2408586
	9.7828599	47.2407459
	9.7831711	47.2407174
	9.7838502	47.2406786
	9.7842246	47.2406837
	9.7848866	47.2406831
	9.7858997	47.240699
	9.7864581	47.2406074
	9.7871654	47.2404834
	9.7881627	47.2403071
	9.7885776	47.2404091
	9.7890588	47.2405458
	9.7893573	47.2405653
	9.7899428	47.2406731
	9.7901429	47.2410677
	9.7906335	47.2412709
	9.7911638	47.2415033
	9.7916731	47.2417289
	9.792028	47.2417253
	9.7927557	47.2420702
	9.793123	47.242238
	9.7935215	47.2423856
	9.7938304	47.2427293
	9.7940048	47.2429424
	9.79427	47.243128
	9.7951533	47.2437636
	9.7952252	47.2438563
	9.7954298	47.2440491
	9.7957874	47.2444162
	9.7958027	47.244587
	9.7958239	47.2448527
	9.7962774	47.2450796
	9.7969761	47.2454275
	9.7976032	47.2457405
	9.7983974	47.246126
	9.79877	47.2463188
	9.7979951	47.2466959
	9.7975217	47.2469321
	9.7969761	47.2471999
	9.7965827	47.2474384
	9.7963123	47.2476511
	9.7959784	47.2478164
	9.7956594	47.2480027
	9.7954457	47.2482796
	9.7953113	47.2484502
	9.7951437	47.2486398
	9.794947	47.2489007
	9.7946531	47.2490274
	9.7941681	47.2492384
	9.7936928	47.2494314
	9.7930818	47.2495308
	9.7924416	47.2497965
	9.7919867	47.2498054
	9.7916034	47.2498072
	9.7912496	47.2500818
	9.7908266	47.2506617
	9.7906802	47.2508749
	9.7893444	47.2512568
	9.7882772	47.2515485
	9.787774	47.2516066
	9.7871367	47.2516798
	9.7863009	47.2517593
	9.7855438	47.2524155
	9.784922	47.2529434
	9.7845953	47.253236
	9.7841522	47.2537531
	9.7837714	47.2542195
	9.7836389	47.2547828
	9.7835536	47.254833
	9.7829042	47.2549655
	9.7822728	47.2554625
	9.7818396	47.2562661
	9.7815151	47.2572595
	9.7813855	47.25748
	9.7816331	47.2575175
	9.7816098	47.2575715
	9.782038	47.257697
	9.7825418	47.2578248
	9.7827921	47.2579302
	9.7830209	47.258049
	9.783352	47.25817
	9.7835549	47.2582937
	9.7838207	47.2583272
	9.7844392	47.258374
	9.7850395	47.2584239
	9.7856291	47.258345
	9.7866322	47.2582027
	9.7869777	47.2581182
	9.7874269	47.2580072
	9.7875195	47.2580155
	9.78782	47.258102
	9.7882691	47.2582272
	9.788941	47.2583476
	9.789235	47.2584284
	9.7896733	47.2586286
	9.7902269	47.2587451
	9.7907309	47.2588442
	9.790957	47.2589337
	9.791744	47.2594462
	9.7923737	47.2598334
	9.7931658	47.2603363
	9.794232	47.2609552
	9.7948972	47.2613269
	9.7950707	47.2615414
	9.7952311	47.2617709
	9.7959454	47.2620966
	9.7963278	47.2624389
	9.7969834	47.2626091
	9.7976193	47.2627724
	9.7983146	47.2627606
	9.7991975	47.2627316
	9.7995929	47.2629717
	9.80022	47.2629335
	9.801033	47.2628676
	9.801346	47.2630176
	9.8020745	47.2632966
	9.802723	47.2631852
	9.8033877	47.2631807
	9.8044005	47.2628427
	9.8044603	47.2628483
	9.804665	47.2630582
	9.8055327	47.2629277
	9.8066839	47.2627515
	9.8067442	47.2627642
	9.8071404	47.263008
	9.8076733	47.2629894
	9.807922	47.26297
	9.8084989	47.2628951
	9.8087907	47.2628669
	9.809325	47.2628962
	9.8096139	47.2629186
	9.810017	47.2629219
	9.8105578	47.2629544
	9.8111237	47.2629746
	9.811328	47.262905
	9.8120037	47.2626719
	9.8125871	47.262621
	9.8130576	47.2622673
	9.8133859	47.2623929
	9.8138113	47.262329
	9.8143051	47.2622496
	9.8148177	47.2621555
	9.81518	47.2619042
	9.8154	47.2617523
	9.8156864	47.2614247
	9.8162897	47.2611753
	9.816526	47.2610601
	9.8166284	47.2609545
	9.8167156	47.2608493
	9.8169567	47.2606949
	9.8172764	47.2604982
	9.817594	47.2603294
	9.8179888	47.2600818
	9.8181259	47.2598305
	9.8182809	47.259484
	9.818544	47.2592687
	9.8187508	47.2590595
	9.8192001	47.2589936
	9.8195394	47.2589412
	9.8201164	47.2588305
	9.8204237	47.2584826
	9.8213891	47.2580574
	9.821903	47.2575877
	9.8224687	47.2573436
	9.822831	47.256555
	9.8231132	47.2561516
	9.8235686	47.2557318
	9.8244541	47.2552565
	9.8256198	47.2543725
	9.8265829	47.2536387
	9.8272648	47.2531145
	9.8272082	47.2532667
	9.8278584	47.2544997
	9.8288948	47.2549965
	9.8292678	47.2554513
	9.8296118	47.2561072
	9.8299202	47.2566965
	9.8302053	47.2572438
	9.830521	47.2578568
	9.8311118	47.2586472
	9.8310933	47.2593704
	9.8310978	47.259658
	9.8314381	47.260503
	9.8315875	47.2608915
	9.8326346	47.2614068
	9.833074	47.2616249
	9.8335627	47.2618715
	9.8342213	47.2621999
	9.8346829	47.2624254
	9.835154	47.2628067
	9.8355723	47.2631402
	9.8358841	47.2633851
	9.8365879	47.2632458
	9.837355	47.2630928
	9.8380154	47.2629654
	9.8386361	47.2628406
	9.839485	47.2626751
	9.8398249	47.2627486
	9.8405018	47.2628914
	9.841077	47.2627618
	9.8416015	47.2626462
	9.8424068	47.2624669
	9.8427377	47.2628503
	9.8432971	47.2634702
	9.8437388	47.2639653
	9.8439889	47.2642494
	9.8442818	47.2645698
	9.8448912	47.2650714
	9.8452544	47.2651165
	9.8458081	47.265242
	9.8463608	47.2655983
	9.8469551	47.2657457
	9.8474953	47.2663533
	9.8478368	47.2667332
	9.8481942	47.2671402
	9.8483191	47.2672823
	9.8484233	47.267341
	9.8494687	47.2679493
	9.8498931	47.2681978
	9.849607	47.2683681
	9.8493504	47.2684598
	9.8492494	47.2684668
	9.8485172	47.2682326
	9.8471644	47.2682969
	9.846537	47.2685794
	9.8460255	47.268573
	9.8454939	47.2686127
	9.8450176	47.2686615
	9.8443585	47.2687115
	9.8429828	47.2691121
	9.8429343	47.2690868
	9.8424453	47.2685488
	9.8415194	47.2684107
	9.8415151	47.2684438
	9.8411042	47.2686606
	9.8404732	47.2690005
	9.8400693	47.2692023
	9.8397374	47.2693817
	9.8389091	47.2694585
	9.8386825	47.2698826
	9.8357199	47.2705117
	9.8354208	47.2705594
	9.8341722	47.2711186
	9.8329247	47.2716831
	9.8307583	47.2718428
	9.8308096	47.272944
	9.8302348	47.2739315
	9.8302709	47.2750519
	9.82987	47.2753732
	9.8287952	47.2782466
	9.8280064	47.2787091
	9.8266866	47.2787063
	9.826404	47.2787057
	9.8237362	47.2798785
	9.824218	47.281258
	9.8248366	47.2819136
	9.825207	47.282335
	9.825967	47.282671
	9.8312546	47.2843492
	9.8305862	47.2846097
	9.8294938	47.2849112
	9.8285852	47.2854618
	9.827717	47.286202
	9.8271077	47.2866847
	9.8268132	47.2869537
	9.826569	47.2872253
	9.826066	47.2877503
	9.8259763	47.2877658
	9.8253745	47.2879937
	9.825121	47.2880014
	9.8248994	47.2880712
	9.824722	47.2882694
	9.8248645	47.2886104
	9.8245784	47.2886755
	9.8240945	47.2886491
	9.8239258	47.288591
	9.8238045	47.2885074
	9.8235727	47.288503
	9.8233321	47.2885196
	9.8229917	47.2887834
	9.8228682	47.2887784
	9.822512	47.2886508
	9.8223822	47.2886392
	9.8222865	47.2887117
	9.8222309	47.2888242
	9.8218599	47.2888845
	9.8216687	47.2889986
	9.821653	47.2890412
	9.8215505	47.2891263
	9.8214792	47.2892719
	9.8214732	47.2893912
	9.8213914	47.2894461
	9.8212398	47.2895007
	9.8212566	47.2896091
	9.8212216	47.2896996
	9.8209219	47.289874
	9.8208039	47.2898879
	9.8205636	47.2898691
	9.8197278	47.2899405
	9.8194999	47.2899881
	9.8192513	47.290155
	9.8190781	47.2903385
	9.8189481	47.2904196
	9.8185769	47.2904316
	9.8182016	47.2905062
	9.8179616	47.2906267
	9.8177797	47.2906104
	9.8176478	47.290671
	9.817312	47.2905951
	9.8170195	47.2905959
	9.816786	47.2905529
	9.8167518	47.2904709
	9.8167459	47.2904112
	9.8166811	47.2903976
	9.8166653	47.2903467
	9.8164653	47.2902822
	9.8163458	47.2902922
	9.8161928	47.2903247
	9.8160752	47.2903794
	9.8159703	47.2904806
	9.815836	47.2905867
	9.8155047	47.290567
	9.815248	47.2905724
	9.8150522	47.2906522
	9.8148678	47.2906569
	9.8147017	47.2906915
	9.814494	47.2906641
	9.814419	47.2906925
	9.8143567	47.2907452
	9.8142037	47.2907733
	9.8140967	47.2907529
	9.8139177	47.290783
	9.8135596	47.2907995
	9.8134478	47.2907372
	9.8134049	47.2906818
	9.8133031	47.2906211
	9.8130495	47.2905591
	9.8113523	47.2906586
	9.809762	47.2908364
	9.8082207	47.2905961
	9.8080372	47.2907735
	9.8077866	47.2907594
	9.8060454	47.2910691
	9.8061229	47.2912617
	9.8060357	47.2912726
	9.8058902	47.2912152
	9.8057819	47.2912254
	9.8056833	47.2913422
	9.8055614	47.2913394
	9.8054458	47.2915246
	9.8053344	47.2916257
	9.8051994	47.2916396
	9.8049936	47.2916278
	9.802541	47.2912974
	9.8025483	47.2918931
	9.802405	47.291898
	9.8017326	47.2919522
	9.8004438	47.2920644
	9.8002528	47.291884
	9.7993478	47.2916771
	9.798194	47.2914279
	9.7977278	47.2920037
	9.7972284	47.2919176
	9.796568	47.291817
	9.7953594	47.2916311
	9.7950106	47.2918715
	9.7949595	47.2919442
	9.7949628	47.2920228
	9.7948691	47.2923657
	9.7942428	47.2924128
	9.793513	47.2924688
	9.7934086	47.2927881
	9.7935784	47.2931312
	9.7927292	47.2936422
	9.7916089	47.2943517
	9.790617	47.294987
	9.7896629	47.295592
	9.7889567	47.296034
	9.7880836	47.2965812
	9.7878463	47.2969199
	9.7874718	47.2974747
	9.7877494	47.2978718
	9.7878683	47.2983233
	9.787471	47.2987965
	9.7875059	47.2990062
	9.7872948	47.2990815
	9.786577	47.300451
	9.786575	47.300622
	9.7866527	47.3017868
	9.7867345	47.3028914
	9.7867951	47.3038549
	9.7865768	47.3039844
	9.7859328	47.3044122
	9.7849047	47.304693
	9.7845206	47.3048858
	9.7841263	47.3049103
	9.7840901	47.305466
	9.7830867	47.3055444
	9.782547	47.3057706
	9.781932	47.3060218
	9.7817542	47.3060101
	9.7814562	47.3060989
	9.7809927	47.306066
	9.7807003	47.306094
	9.780423	47.3063903
	9.7801526	47.3064263
	9.7797849	47.3064097
	9.7795564	47.3063233
	9.7793013	47.3064465
	9.7791688	47.3066032
	9.7789472	47.3066407
	9.7786715	47.3067236
	9.7779138	47.3069121
	9.7776539	47.3069031
	9.7770481	47.3069431
	9.7760763	47.3070127
	9.7749446	47.3070903
	9.7735862	47.3071914
	9.7730959	47.3072255
	9.7723557	47.3072782
	9.7716383	47.3072428
	9.7710633	47.3072192
	9.7703583	47.3071907
	9.7694147	47.3072164
	9.7687846	47.3072292
	9.7680298	47.3072537
	9.7676409	47.3070706
	9.7669084	47.306741
	9.7661485	47.3064005
	9.7657084	47.3062001
	9.7653055	47.3060192
	9.7647999	47.3057854
	9.7638951	47.3056649
	9.7631974	47.3057574
	9.7624463	47.3058475
	9.761467	47.3057153
	9.7604171	47.3055721
	9.7599348	47.3057306
	9.7592895	47.305922
	9.7583142	47.3061274
	9.7576962	47.3062392
	9.7572471	47.3063261
	9.7564812	47.3065671
	9.7558619	47.3067599
	9.7548696	47.3067786
	9.7540058	47.3069018
	9.7534719	47.3072066
	9.7529055	47.3075339
	9.7526734	47.3080361
	9.7525244	47.3083395
	9.7523148	47.3084186
	9.7519406	47.3085524
	9.7511916	47.3085652
	9.7510535	47.3086911
	9.750598	47.3089435
	9.7504586	47.3090295
	9.7501811	47.3091888
	9.7498796	47.3093127
	9.748964	47.309861
	9.7488291	47.3101527
	9.7487435	47.3104345
	9.7485964	47.3110671
	9.7479039	47.3118223
	9.7473318	47.3124412
	9.7471158	47.3125033
	9.746807	47.3127334
	9.7464712	47.3131838
	9.7462825	47.3137875
	9.7461114	47.3143682
	9.7454216	47.31501
	9.7450308	47.3153797
	9.7439069	47.316089
	9.7435721	47.3163191
	9.7428156	47.3168583
	9.7422971	47.3172166
	9.7419932	47.3175667
	9.7416777	47.3180278
	9.7412331	47.3182933
	9.7409823	47.31852
	9.7406996	47.3187507
	9.7406527	47.318934
	9.740592	47.3191064
	9.7407141	47.3195508
	9.7409328	47.3200994
	9.7403879	47.320425
	9.7400899	47.3209939
	9.7398354	47.3214584
	9.7395154	47.3220411
	9.7390625	47.3228208
	9.7388376	47.3231927
	9.7382903	47.3234384
	9.7375728	47.3237603
	9.7368876	47.3241035
	9.7368104	47.3244576
	9.7361582	47.324924
	9.7354871	47.3253881
	9.7345067	47.3262933
	9.7342388	47.3265355
	9.7338683	47.3268721
	9.7323125	47.3269549
	9.7316005	47.3269874
	9.7304526	47.3270489
	9.7298682	47.330115
	9.7293178	47.3329818
	9.728799	47.3333347
	9.728044	47.3339233
	9.7276468	47.3342527
	9.7263459	47.3353322
	9.7262877	47.3354189
	9.7261844	47.3354573
	9.7260618	47.335476
	9.7258738	47.3354604
	9.725711	47.3355282
	9.7254742	47.3354886
	9.725251	47.3354264
	9.7250815	47.3354351
	9.724563	47.3357287
	9.7243487	47.3357859
	9.7240864	47.3357781
	9.7238649	47.3357
	9.7231809	47.3358359
	9.7228322	47.3358746
	9.7225919	47.3359704
	9.7228786	47.3372107
	9.7231302	47.3383603
	9.7232839	47.3390469
	9.7242007	47.3391643
	9.724231	47.3393026
	9.7243324	47.3395363
	9.7243562	47.3397001
	9.7244726	47.3398021
	9.7246338	47.3398544
	9.7247626	47.3400242
	9.7248307	47.3401685
	9.724842	47.3403941
	9.7248058	47.3405031
	9.7254366	47.3414361
	9.7254586	47.3415811
	9.7256104	47.3418145
	9.7260138	47.3420239
	9.7262799	47.3424128
	9.7264545	47.3425169
	9.726675	47.3424377
	9.7271476	47.342789
	9.7269392	47.3428539
	9.726752	47.3428385
	9.7261372	47.3426816
	9.7256665	47.3426938
	9.7253787	47.3425697
	9.7243358	47.3424826
	9.7241414	47.3425035
	9.724113	47.3425673
	9.7238064	47.342851
	9.7237045	47.3431545
	9.7234191	47.3434611
	9.7233043	47.3437874
	9.7230049	47.3441338
	9.7230242	47.3446908
	9.7229974	47.3449115
	9.7228649	47.3453026
	9.7214994	47.3434282
	9.7224283	47.3432294
	9.720567	47.341655
	9.7194478	47.3407076
	9.7179343	47.340457
	9.7166331	47.3393995
	9.715906	47.3387944
	9.7153607	47.3383273
	9.714993	47.3380443
	9.7144426	47.3375681
	9.713515	47.338452
	9.7129062	47.3390247
	9.7123271	47.3395738
	9.7117891	47.3402663
	9.7108556	47.3409408
	9.7107695	47.3413707
	9.7103769	47.3417604
	9.7101105	47.3419485
	9.7088705	47.3422871
	9.7067816	47.342758
	9.706033	47.3434127
	9.7056953	47.3437625
	9.7051031	47.3443599
	9.7052777	47.344931
	9.7050602	47.34513
	9.7036622	47.3449987
	9.7033165	47.3451207
	9.7029997	47.3452955
	9.7024799	47.3454971
	9.7017788	47.3456654
	9.7014827	47.3458422
	9.7008802	47.3459894
	9.700372	47.346065
	9.6996617	47.3461842
	9.698797	47.3464423
	9.69737	47.3456143
	9.6970372	47.345378
	9.6966753	47.3450396
	9.6963773	47.3448602
	9.6961622	47.3445907
	9.6955325	47.3442792
	9.6939191	47.3449344
	9.6930458	47.3453306
	9.6923135	47.3456534
	9.6916089	47.3461559
	9.690963	47.346412
	9.6908021	47.346417
	9.6902319	47.3463678
	9.6892545	47.3463214
	9.6889908	47.3462693
	9.6880247	47.3462726
	9.6866066	47.3463116
	9.6860522	47.3462317
	9.6857421	47.3459972
	9.68549	47.345966
	9.6850482	47.3460627
	9.6845628	47.3460447
	9.6834609	47.3458289
	9.6826707	47.3456505
	9.6825149	47.345657
	9.6823448	47.345625
	9.6823419	47.3458562
	9.6819315	47.3457321
	9.6814297	47.3456148
	9.6806038	47.3454991
	9.6799531	47.3452472
	9.6796758	47.3457708
	9.6789387	47.3456848
	9.6781853	47.3455869
	9.6766607	47.3450409
	9.675859	47.3449649
	9.6752429	47.3447897
	9.6747247	47.3446025
	9.6739096	47.3444821
	9.6729984	47.3442556
	9.6721326	47.3438338
	9.6717439	47.3437625
	9.671317	47.343621
	9.6701743	47.3451032
	9.6699804	47.3453823
	9.6687872	47.3474161
	9.6679164	47.3490224
	9.6673861	47.3500221
	9.6673652	47.3501023
	9.667308	47.3504256
	9.6672784	47.3506336
	9.667324	47.3510279
	9.6675999	47.3517373
	9.6677542	47.3520029
	9.6677322	47.3520155
	9.6678986	47.3522628
	9.6674967	47.3524741
	9.6668683	47.3528047
	9.665669	47.3534554
	9.6654787	47.3535433
	9.6652275	47.3538742
	9.6650043	47.3541745
	9.6646655	47.3544406
	9.6644124	47.3545852
	9.6642104	47.354688
	9.6640663	47.3547325
	9.663889	47.3547826
	9.6638088	47.3548072
	9.6636117	47.3548585
	9.6631757	47.3549517
	9.6626431	47.355067
	9.6628433	47.3554134
	9.6630344	47.355903
	9.6632838	47.3564527
	9.6634517	47.3567753
	9.6637058	47.3571347
	9.663937	47.3574817
	9.664321	47.3579872
	9.6649527	47.3588824
	9.665365	47.3594808
	9.6652552	47.3595223
	9.6652011	47.3595404
	9.6651539	47.3595868
	9.6650779	47.3598571
	9.6649874	47.3600427
	9.6647181	47.3603719
	9.6643361	47.3605795
	9.6634901	47.3608187
	9.6631185	47.3609998
	9.6629742	47.3609614
	9.6627641	47.3610747
	9.6615062	47.3617387
	9.6607622	47.3621448
	9.6603676	47.3621599
	9.6590937	47.3624069
	9.6587214	47.3622455
	9.6581656	47.3625238
	9.6576362	47.3628496
	9.6568766	47.363269
	9.6557657	47.3638592
	9.6552626	47.3642717
	9.6548079	47.3648607
	9.6544938	47.3648348
	9.6536634	47.3652018
	9.6529537	47.3655245
	9.6516854	47.3660801
	9.6503309	47.3666742
	9.6495492	47.3674458
	9.6474958	47.3673501
	9.6462908	47.3673514
	9.6428869	47.3673965
	9.6394602	47.3674978
	9.6368982	47.3674823
	9.6353723	47.3673698
	9.6342513	47.3672191
	9.6336017	47.3671317
	9.6303975	47.3664187
	9.6284049	47.365888
	9.6262729	47.3650807
	9.6244598	47.3661451
	9.6227121	47.3647701
	9.6196722	47.362429
	9.6107327	47.355706
	9.6052835	47.3514775
	9.6038173	47.3501321
	9.6007126	47.3469074
	9.600088	47.346156
	9.5996599	47.3454983
	9.5993193	47.3448173
	9.59634	47.3375255
	9.5947963	47.3337548
	9.5923453	47.3272926
	9.5892637	47.319113
	9.5890394	47.3186311
	9.5887827	47.3181993
	9.588613	47.317973
	9.5882928	47.317549
	9.588051	47.3173029
	9.5835354	47.3126155
	9.5825684	47.3118073
	9.5814429	47.3110644
	9.5804662	47.3105444
	9.5789382	47.3098531
	9.5655848	47.3041205
	9.5655647	47.3041102
	9.5648862	47.303729
	9.5618537	47.3018391
	9.5592261	47.3001917
	9.5574369	47.2990776
	9.5573265	47.2990068
	9.5572503	47.2989566
	9.5572033	47.2989254
	9.5571332	47.2988774
	9.5570495	47.2988198
	9.5569849	47.2987746
	9.5568138	47.2986487
	9.5567346	47.2985886
	9.5566484	47.2985211
	9.5565838	47.2984695
	9.5565198	47.2984176
	9.5564452	47.2983553
	9.5563502	47.2982732
	9.5562586	47.2981919
	9.5561591	47.2981014
	9.5560559	47.2980028
	9.5559803	47.2979289
	9.5558957	47.2978435
	9.5558232	47.2977676
	9.5557455	47.2976844
	9.5556705	47.2975997
	9.5555984	47.297518
	9.5555393	47.2974472
	9.5554908	47.2973883
	9.5554404	47.2973253
	9.5553026	47.2971458
	9.5552384	47.2970567
	9.5551577	47.2969403
	9.5551107	47.2968696
	9.5550787	47.29682
	9.5550343	47.2967496
	9.5550028	47.2966984
	9.554958	47.2966235
	9.5548842	47.2964935
	9.5548319	47.2963964
	9.554812	47.2963582
	9.5547881	47.2963115
	9.5547297	47.296192
	9.5547007	47.2961298
	9.5546623	47.2960437
	9.5546363	47.2959833
	9.5546148	47.2959314
	9.554563	47.2958001
	9.5544992	47.2956203
	9.5521967	47.2887358
	9.5521166	47.2885047
	9.5520699	47.2883781
	9.5519597	47.2880954
	9.5518806	47.2879054
	9.5517661	47.2876468
	9.5516384	47.2873773
	9.5515899	47.2872793
	9.551434	47.2869796
	9.5513882	47.2868952
	9.5513322	47.2867942
	9.5512798	47.2867018
	9.5512167	47.2865932
	9.5511474	47.2864764
	9.5510609	47.2863352
	9.550933	47.2861331
	9.5508248	47.2859687
	9.5508084	47.2859441
	9.5507919	47.2859196
	9.5507781	47.2858992
	9.5507615	47.2858747
	9.5507475	47.2858543
	9.5507252	47.2858217
	9.5507111	47.2858014
	9.5506971	47.2857811
	9.550683	47.2857607
	9.5506686	47.2857405
	9.5506572	47.2857242
	9.5506429	47.2857039
	9.5506288	47.2856838
	9.5506143	47.2856635
	9.5506028	47.2856472
	9.5505913	47.285631
	9.5505797	47.2856148
	9.550568	47.2855986
	9.5505563	47.2855825
	9.5505446	47.2855664
	9.5505329	47.2855503
	9.5505153	47.285526
	9.5505008	47.285506
	9.5504859	47.2854857
	9.550468	47.2854617
	9.5504531	47.2854416
	9.5504383	47.2854216
	9.5504263	47.2854055
	9.5504113	47.2853855
	9.5495274	47.2842072
	9.549374	47.2840058
	9.5492169	47.2838057
	9.5482703	47.2826279
	9.548199	47.2825391
	9.5463706	47.2802637
	9.5463546	47.2802416
	9.5463367	47.2802175
	9.5463246	47.2802015
	9.5462871	47.280154
	9.5462743	47.2801382
	9.5462481	47.280107
	9.5462314	47.2800876
	9.5462076	47.2800606
	9.5461797	47.2800301
	9.5461329	47.279981
	9.5461108	47.2799586
	9.546073	47.2799217
	9.5460303	47.2798817
	9.5459905	47.2798458
	9.5459579	47.2798175
	9.5459188	47.2797847
	9.5458763	47.2797503
	9.5458328	47.2797165
	9.5458107	47.2796997
	9.5457929	47.2796871
	9.545766	47.2796668
	9.5457334	47.2796436
	9.5456921	47.2796154
	9.5456595	47.2795932
	9.5455919	47.2795498
	9.5455434	47.27952
	9.5454785	47.2794812
	9.5454172	47.2794467
	9.5434444	47.2783332
	9.5430212	47.2780943
	9.5404137	47.2766333
	9.5400379	47.2764186
	9.5347781	47.2738772
	9.5347535	47.2738649
	9.5340666	47.2735346
	9.5331471	47.2730917
	9.5331203	47.2730787
	9.5330884	47.2730623
	9.5330465	47.2730403
	9.5330105	47.2730205
	9.5329646	47.2729947
	9.5329199	47.2729678
	9.532876	47.2729405
	9.5328347	47.2729135
	9.5328017	47.2728913
	9.5327697	47.2728688
	9.5327291	47.2728392
	9.5326939	47.2728122
	9.5326632	47.2727881
	9.532622	47.272754
	9.5324322	47.2725932
	9.5321769	47.2723766
	9.5320675	47.2722834
	9.5320046	47.2722297
	9.5319395	47.2721687
	9.5318828	47.272113
	9.53184	47.2720695
	9.5317769	47.272001
	9.5317247	47.2719406
	9.5316059	47.2717989
	9.5314681	47.271634
	9.5312057	47.2713217
	9.531129	47.2712295
	9.5310481	47.2711259
	9.5309722	47.271012
	9.5309374	47.2709562
	9.5308787	47.2708536
	9.5308281	47.2707518
	9.5307487	47.270581
END
END
