789720
1
	21.1118968	42.2873317
	21.1123976	42.2870134
	21.1166528	42.2859284
	21.117419	42.2857204
	21.1183559	42.2853584
	21.1196102	42.2848699
	21.1217351	42.2836401
	21.1217759	42.2836097
	21.1226497	42.2831719
	21.1242375	42.2821327
	21.1244744	42.2820112
	21.1255964	42.281406
	21.1258635	42.2812637
	21.1271869	42.2810097
	21.1292385	42.28061
	21.1301291	42.2804372
	21.1304388	42.2803779
	21.1318195	42.280154
	21.1335344	42.2819676
	21.1346112	42.2813622
	21.1348562	42.2811899
	21.1351418	42.2807615
	21.1352703	42.2805015
	21.135781	42.2798772
	21.1360947	42.2792766
	21.1363277	42.2789222
	21.1366948	42.2786485
	21.1368726	42.2785619
	21.1371687	42.2784541
	21.137343	42.2783718
	21.1376047	42.2782722
	21.1376983	42.2782103
	21.1378107	42.2780264
	21.137891	42.2778823
	21.137935	42.2777903
	21.1381227	42.2775677
	21.1382046	42.2775098
	21.1382034	42.2766074
	21.1381636	42.2760499
	21.1381223	42.2758695
	21.1381405	42.2754457
	21.1388482	42.2753287
	21.1400072	42.2752701
	21.1409438	42.2752487
	21.1427209	42.2755769
	21.1426626	42.2753917
	21.142558	42.2750731
	21.1422453	42.2741359
	21.1422078	42.2739596
	21.1421346	42.2738808
	21.1416906	42.2738639
	21.141337	42.2737077
	21.1414208	42.273475
	21.1412141	42.2733179
	21.1408453	42.2733064
	21.140476	42.2733112
	21.1401316	42.2732771
	21.1401583	42.2732045
	21.1401592	42.2732021
	21.1402542	42.2729066
	21.140539	42.2722591
	21.1406398	42.2720508
	21.1409231	42.2715054
	21.141028	42.2711717
	21.1411616	42.271177
	21.1417495	42.2708957
	21.1418859	42.2709067
	21.1420026	42.2706809
	21.1421615	42.2703282
	21.1421758	42.2702556
	21.1421056	42.2701509
	21.1420657	42.2700248
	21.1420871	42.2699594
	21.1420715	42.2697843
	21.1419757	42.269635
	21.1420028	42.2695737
	21.1422082	42.2695415
	21.1423449	42.2695007
	21.1425024	42.2695605
	21.143167	42.2692492
	21.1435977	42.2689109
	21.1437657	42.2687916
	21.144086	42.2685234
	21.1442122	42.2683981
	21.1445051	42.2680626
	21.1444939	42.2678002
	21.1445086	42.2675023
	21.1447867	42.2676366
	21.1449675	42.2676519
	21.1451198	42.2677259
	21.1453125	42.2678831
	21.145313	42.2678834
	21.1453163	42.2678861
	21.1455257	42.2680591
	21.1458554	42.267901
	21.1460148	42.2680415
	21.1462831	42.2681245
	21.1465271	42.2680502
	21.1466905	42.2679422
	21.14673	42.2679164
	21.1466951	42.2676944
	21.1466027	42.2673321
	21.1465065	42.2672316
	21.146376	42.267163
	21.1460945	42.267025
	21.1459168	42.2667491
	21.1460508	42.2668092
	21.1463948	42.266613
	21.1464887	42.2664911
	21.1465929	42.266348
	21.1467122	42.266052
	21.1468776	42.2659082
	21.1466988	42.2658437
	21.1465176	42.2657591
	21.1463862	42.2656724
	21.146341	42.2655954
	21.1462257	42.2654255
	21.1461216	42.2652775
	21.146026	42.2651539
	21.1466832	42.264756
	21.1466202	42.2645981
	21.1466155	42.2645893
	21.1466542	42.2645354
	21.1464345	42.2639338
	21.1460854	42.263762
	21.1459536	42.2636833
	21.1457971	42.2635164
	21.1457003	42.2633921
	21.1451887	42.2627251
	21.1451372	42.262663
	21.1450712	42.2625077
	21.1447283	42.2620725
	21.1447281	42.2620724
	21.1447277	42.2620717
	21.1447276	42.2620713
	21.1446642	42.2619738
	21.1445862	42.2617633
	21.144445	42.2613384
	21.1444125	42.2612156
	21.1443835	42.2611061
	21.1444053	42.2609697
	21.1444068	42.26086
	21.1444959	42.260589
	21.144512	42.2605227
	21.1444816	42.2602913
	21.1444816	42.26029
	21.1444813	42.2602883
	21.1444809	42.2602863
	21.1443846	42.2596908
	21.1443286	42.2594258
	21.1443283	42.259424
	21.1446466	42.2587058
	21.1450384	42.2578417
	21.145574	42.2566902
	21.1457839	42.2561956
	21.1456754	42.2559102
	21.145674	42.2559068
	21.1447873	42.2535087
	21.1459082	42.2530904
	21.1462947	42.2529485
	21.1467233	42.2526356
	21.1470829	42.2516751
	21.1466656	42.2512991
	21.1469711	42.2493569
	21.1467387	42.2490555
	21.1463695	42.2488577
	21.1462282	42.2482294
	21.1463156	42.2476123
	21.1458349	42.2453018
	21.1453212	42.2447184
	21.1450195	42.244369
	21.1443928	42.2438209
	21.1440976	42.2436903
	21.1437626	42.2434056
	21.1430624	42.2428109
	21.1422286	42.2421026
	21.1418076	42.2417139
	21.1408532	42.2408326
	21.1392911	42.2406677
	21.1381159	42.2401085
	21.1378862	42.2399635
	21.1366679	42.2392199
	21.1364844	42.2391957
	21.1353587	42.239035
	21.1343656	42.2392519
	21.1327503	42.2392751
	21.1306973	42.238944
	21.13059	42.2386573
	21.1302107	42.2376581
	21.1300933	42.2373478
	21.1299489	42.2369672
	21.1297746	42.2365097
	21.1297167	42.2363681
	21.1296172	42.2361156
	21.1292159	42.235061
	21.1284692	42.2331099
	21.1282527	42.2325577
	21.1280629	42.2322686
	21.1278116	42.2318856
	21.1275945	42.2315546
	21.1272405	42.2310153
	21.1267875	42.2303249
	21.1260402	42.2291861
	21.1247479	42.2272558
	21.1233869	42.2251432
	21.1228465	42.2223668
	21.1223689	42.2210556
	21.1219712	42.2199634
	21.1217446	42.2193413
	21.1213496	42.2182567
	21.1212206	42.2179006
	21.1210958	42.2175566
	21.1208485	42.2168742
	21.1204024	42.2156433
	21.1200709	42.2147281
	21.1197561	42.2138602
	21.119573	42.2133673
	21.1192343	42.2124559
	21.1190703	42.211997
	21.1188975	42.2115072
	21.1186954	42.2109379
	21.1186127	42.2107052
	21.118507	42.2104039
	21.1183751	42.2100623
	21.1183666	42.2100404
	21.1181027	42.2093253
	21.1191045	42.2067369
	21.1191413	42.2064351
	21.1194309	42.2061377
	21.1196226	42.2057412
	21.1198859	42.2055023
	21.1199263	42.2054578
	21.1200195	42.205285
	21.1203073	42.204984
	21.1203753	42.2048471
	21.1206678	42.2045938
	21.1211536	42.2040436
	21.121188	42.2039285
	21.1215667	42.2037296
	21.1239974	42.2027386
	21.1249364	42.202385
	21.1251427	42.202374
	21.1253792	42.2021884
	21.12654	42.2021026
	21.1267497	42.2020494
	21.1279618	42.2018989
	21.129518	42.201928
	21.130811	42.201845
	21.1309889	42.2018782
	21.13325	42.2016162
	21.1348329	42.2014342
	21.1363486	42.2008529
	21.1385917	42.2005752
	21.1394564	42.2000798
	21.1405495	42.199948
	21.1415161	42.1999839
	21.145509	42.1995512
	21.1481025	42.1991511
	21.1502534	42.1987158
	21.1512726	42.1984904
	21.1520168	42.1982171
	21.1525178	42.1981851
	21.1532717	42.1978039
	21.155126	42.1976431
	21.1564669	42.1976235
	21.1581343	42.1980637
	21.1603198	42.1974727
	21.1607313	42.197447
	21.161368	42.1972083
	21.1616555	42.1970836
	21.1623595	42.1965971
	21.1627515	42.1962388
	21.163322	42.1953336
	21.1636063	42.1950981
	21.164584	42.1937191
	21.1647232	42.1934164
	21.1653972	42.1927866
	21.1664119	42.1921296
	21.1665928	42.1919799
	21.166912	42.1918172
	21.1671338	42.1909951
	21.1675551	42.1908527
	21.1679035	42.1910972
	21.1679943	42.1908011
	21.1681647	42.1904203
	21.1682348	42.1900983
	21.1678949	42.1898959
	21.167827	42.189863
	21.16796	42.1897406
	21.1680436	42.1895566
	21.1680495	42.1893795
	21.1681797	42.1893375
	21.1682242	42.1892786
	21.168145	42.1892329
	21.168148	42.1891814
	21.1682596	42.1890475
	21.16838	42.1890019
	21.1685846	42.188806
	21.1689224	42.1883863
	21.1690387	42.1884818
	21.1690646	42.1885527
	21.1691062	42.188581
	21.169585	42.1883545
	21.1699103	42.1883404
	21.169907	42.1882391
	21.1697921	42.1881413
	21.169931	42.1879964
	21.1699673	42.1878483
	21.1699501	42.187675
	21.1701162	42.1874342
	21.1701729	42.1871388
	21.1701686	42.1870351
	21.1702633	42.1870114
	21.1702932	42.1870843
	21.1702947	42.1872178
	21.170748	42.1870233
	21.1709558	42.1869725
	21.171174	42.186877
	21.1712042	42.1867786
	21.1711447	42.1866999
	21.1709164	42.186613
	21.171028	42.1861398
	21.171141	42.1859259
	21.170717	42.1858448
	21.1704118	42.1858096
	21.1703318	42.1861958
	21.1699554	42.1862117
	21.1699873	42.1860259
	21.1697915	42.1859878
	21.1695444	42.1859831
	21.1694106	42.1857254
	21.1692393	42.1855004
	21.1682962	42.1855936
	21.1682249	42.1855669
	21.1683744	42.185491
	21.1690184	42.1852879
	21.1692908	42.1851248
	21.1694307	42.1846492
	21.169424	42.1845647
	21.1694625	42.1844644
	21.1696354	42.1843701
	21.1696947	42.1842294
	21.169713	42.1841158
	21.1697426	42.1840087
	21.1699312	42.18389
	21.1700242	42.1837875
	21.1700661	42.1837124
	21.1700855	42.1833139
	21.1701195	42.183072
	21.1701008	42.1828984
	21.1705447	42.1825364
	21.1708981	42.1820626
	21.1711372	42.1816081
	21.171343	42.1812953
	21.1714662	42.1809699
	21.171852	42.1803997
	21.1721722	42.1801446
	21.1724824	42.1799807
	21.1731036	42.1802976
	21.1739448	42.1796438
	21.174059	42.1794747
	21.1738604	42.1794061
	21.1733913	42.1791794
	21.1732433	42.1791938
	21.1735545	42.1790342
	21.1739225	42.1786158
	21.1740218	42.1784535
	21.1741856	42.1782582
	21.1743741	42.1779997
	21.1746827	42.1777242
	21.1748529	42.1773286
	21.1749832	42.176952
	21.1753207	42.1766862
	21.1755122	42.1761843
	21.1756834	42.1758469
	21.1760529	42.1753527
	21.1761805	42.1749013
	21.1764346	42.1746866
	21.176481	42.1743167
	21.1767178	42.1738167
	21.1768232	42.1737295
	21.1765423	42.1734169
	21.1764502	42.1733254
	21.176487	42.1731445
	21.1766332	42.1731155
	21.1767215	42.1731249
	21.1772518	42.1730572
	21.1775955	42.1729873
	21.1778759	42.1729266
	21.1780157	42.1727886
	21.1780632	42.1725759
	21.1781581	42.1723058
	21.1782247	42.172255
	21.178394	42.1720022
	21.1784601	42.1718473
	21.1784727	42.1715706
	21.1783576	42.1712313
	21.1786743	42.1709713
	21.1787224	42.1708955
	21.1788347	42.1708619
	21.1788597	42.170726
	21.1787058	42.1705538
	21.178642	42.1704029
	21.178521	42.1700971
	21.1786777	42.1699678
	21.1787127	42.1698532
	21.1789518	42.1696301
	21.1791599	42.1690853
	21.1794979	42.1685689
	21.1799476	42.1683732
	21.1800385	42.1680276
	21.1802977	42.1677007
	21.1804634	42.1676337
	21.1804406	42.1674488
	21.1804192	42.1673021
	21.1804566	42.1671127
	21.1806178	42.1668632
	21.1806364	42.166686
	21.1807569	42.1666478
	21.1810552	42.1664737
	21.181159	42.1664002
	21.1813172	42.1663537
	21.1819597	42.1662423
	21.1825201	42.1661793
	21.1827101	42.1662086
	21.1828739	42.1661726
	21.1831708	42.1660049
	21.1834611	42.1657628
	21.1837644	42.1655922
	21.1843141	42.1655552
	21.1849498	42.1653051
	21.1852365	42.1651774
	21.1856445	42.1645652
	21.1860044	42.164381
	21.1866001	42.1639545
	21.1853875	42.1635516
	21.1843463	42.1634848
	21.1844444	42.162986
	21.1855117	42.1630291
	21.1861082	42.1633941
	21.1862295	42.1633211
	21.18634	42.1632545
	21.1867422	42.1629811
	21.1863902	42.1626572
	21.1861201	42.1623307
	21.1866808	42.1620787
	21.1867202	42.1619628
	21.1867855	42.1618606
	21.1879984	42.1612538
	21.1884105	42.1608604
	21.1892079	42.1603949
	21.1904773	42.1599939
	21.1907795	42.1598769
	21.1913477	42.1593248
	21.1915054	42.1588615
	21.1915915	42.1587389
	21.1917073	42.1584849
	21.1917363	42.1580217
	21.191644	42.1579721
	21.1914665	42.1579641
	21.1912888	42.1578138
	21.1912842	42.157637
	21.1914687	42.1573658
	21.1917529	42.1572216
	21.1915872	42.1567288
	21.1915003	42.1567147
	21.1915063	42.1566323
	21.1916345	42.1566225
	21.1919021	42.1563516
	21.1919973	42.1563491
	21.1920947	42.1561618
	21.1922367	42.1554971
	21.1927152	42.1551538
	21.1931619	42.1550466
	21.1937143	42.1549025
	21.1939512	42.1546168
	21.1941437	42.1542506
	21.1944621	42.154184
	21.1948292	42.1542108
	21.1951093	42.1541372
	21.1949951	42.1538328
	21.19498	42.1533894
	21.1950642	42.1528891
	21.1952109	42.1523166
	21.1955269	42.152051
	21.1961053	42.1518374
	21.1964648	42.1514731
	21.1969502	42.1513502
	21.1974955	42.1510689
	21.1976775	42.1510123
	21.1982084	42.1510232
	21.1992718	42.1507292
	21.1995541	42.1508787
	21.1997334	42.1510832
	21.2002094	42.1512027
	21.2000153	42.1509627
	21.1998842	42.1506472
	21.1996572	42.1503045
	21.1995889	42.1501299
	21.1996248	42.1499089
	21.1996228	42.1496907
	21.19973	42.1496563
	21.1999581	42.1489131
	21.2005497	42.1514114
	21.2001517	42.151859
	21.200588	42.1524746
	21.2017342	42.1549518
	21.2017141	42.155753
	21.2016423	42.1561024
	21.2014709	42.156339
	21.202389	42.1574603
	21.2026006	42.1579461
	21.202632	42.158149
	21.20294	42.1584537
	21.2035027	42.1592436
	21.2039259	42.1600722
	21.2047684	42.160995
	21.2057352	42.1626169
	21.2063465	42.1647722
	21.2062388	42.1649402
	21.2061307	42.1653104
	21.2065184	42.1655563
	21.2064591	42.1659628
	21.2065335	42.1662995
	21.2062832	42.1667087
	21.2061286	42.1667926
	21.20604	42.1669183
	21.2052199	42.1682618
	21.2047111	42.1689025
	21.2063429	42.1683924
	21.2071466	42.1683197
	21.208058	42.1681603
	21.2086572	42.1684959
	21.2098369	42.168701
	21.210063	42.1686045
	21.2108131	42.1679095
	21.210853	42.167374
	21.2111354	42.166874
	21.2112222	42.1664739
	21.2116466	42.1660561
	21.2117316	42.1656713
	21.2120118	42.1654284
	21.2124757	42.1652167
	21.2138743	42.165014
	21.2153749	42.164382
	21.2162876	42.1639093
	21.2168362	42.1635158
	21.2177241	42.163081
	21.2186278	42.162499
	21.2188989	42.1623774
	21.2191434	42.162388
	21.2205856	42.1616455
	21.2218153	42.1617314
	21.2221547	42.1617107
	21.2230514	42.1615372
	21.2239594	42.1614192
	21.2248605	42.1618371
	21.2250391	42.1617697
	21.2254783	42.1613115
	21.2258835	42.1606543
	21.2259653	42.1594985
	21.2258745	42.1592826
	21.2264927	42.158914
	21.2270184	42.1588283
	21.2282588	42.159423
	21.2294409	42.1598085
	21.2305217	42.1598583
	21.2309582	42.1599597
	21.2313511	42.1599698
	21.2318347	42.1598217
	21.2324443	42.1600395
	21.2335793	42.1601391
	21.2343065	42.1603796
	21.2353931	42.160424
	21.2362352	42.1603957
	21.2362357	42.1604384
	21.2361377	42.160482
	21.236178	42.160687
	21.2361051	42.1609591
	21.2360817	42.1614839
	21.2362142	42.1617937
	21.2362121	42.1621889
	21.2365628	42.1624037
	21.2369114	42.1628064
	21.2376245	42.1633722
	21.2375844	42.163577
	21.2377168	42.1640458
	21.2378099	42.1641914
	21.2377843	42.1644207
	21.2397196	42.1652645
	21.2410188	42.1659469
	21.2413494	42.166621
	21.2417482	42.1670766
	21.24241	42.1680175
	21.2425895	42.1687916
	21.2428347	42.1692982
	21.2423138	42.1706422
	21.2419526	42.1710034
	21.2418969	42.1710591
	21.2422993	42.1712569
	21.2419502	42.1715443
	21.2412722	42.1722416
	21.2412613	42.1724464
	21.2411559	42.1725541
	21.2409575	42.1726448
	21.2408968	42.1728467
	21.2405871	42.1729637
	21.2411411	42.1739116
	21.2411451	42.1740919
	21.2428056	42.1754591
	21.2428227	42.1762009
	21.2429607	42.1763113
	21.2431111	42.1763749
	21.2432754	42.1764444
	21.2435655	42.176386
	21.2439074	42.1764311
	21.2440908	42.1765028
	21.2442219	42.1769641
	21.2453519	42.1790681
	21.2466195	42.1812557
	21.2479714	42.1831338
	21.2474527	42.1840481
	21.2504244	42.1862227
	21.2509876	42.1871649
	21.2528974	42.1882012
	21.2528995	42.1883421
	21.2529665	42.1883069
	21.253472	42.1885923
	21.2537461	42.188946
	21.2543238	42.189034
	21.2545472	42.1891568
	21.2549981	42.1892582
	21.2551212	42.189424
	21.2552867	42.1895114
	21.2558103	42.1895666
	21.2571323	42.1899356
	21.2597742	42.1896034
	21.2599054	42.1898706
	21.2601124	42.1899463
	21.2602026	42.1901285
	21.2613924	42.190697
	21.2616421	42.1904558
	21.2620121	42.1902893
	21.2646378	42.1907306
	21.2647264	42.190715
	21.2644508	42.1911038
	21.2645435	42.1911382
	21.2650929	42.1908394
	21.2654316	42.1905449
	21.2656223	42.190179
	21.265655	42.189591
	21.2658119	42.189082
	21.2659284	42.1888259
	21.2661571	42.1885615
	21.2664339	42.1878264
	21.2665446	42.1873937
	21.2665756	42.186818
	21.2664348	42.1863719
	21.2656627	42.1857175
	21.2652932	42.1855187
	21.2652288	42.1855577
	21.2647536	42.1854209
	21.264414	42.1852669
	21.2635731	42.1847501
	21.2629569	42.1843455
	21.2625971	42.184045
	21.2621436	42.1835469
	21.2620677	42.1833582
	21.2620801	42.1824514
	21.2621066	42.1819857
	21.2622142	42.1815581
	21.2624991	42.1809836
	21.2629197	42.1804642
	21.2635863	42.1796409
	21.2639482	42.1788566
	21.2640053	42.1784418
	21.2639007	42.1779229
	21.2636853	42.1776127
	21.2631453	42.177394
	21.2616793	42.1766049
	21.2615513	42.176095
	21.2615966	42.175481
	21.2620452	42.1750782
	21.2622281	42.1749766
	21.2624962	42.1749264
	21.2629714	42.1749361
	21.2638997	42.1752755
	21.2642247	42.1753156
	21.2644301	42.1752706
	21.2646621	42.1751521
	21.2665487	42.1754871
	21.2668259	42.1754346
	21.2675104	42.1749513
	21.2672737	42.1747794
	21.2672005	42.1747263
	21.2669211	42.1742084
	21.2669366	42.1738638
	21.2670338	42.1738157
	21.2674885	42.1737974
	21.268202	42.1739679
	21.2691321	42.1741229
	21.2697628	42.1739716
	21.2701175	42.1739488
	21.270186	42.1739444
	21.27058	42.1737295
	21.2707214	42.173832
	21.2707704	42.1739828
	21.270803	42.174675
	21.2709547	42.175135
	21.2711683	42.1753301
	21.2712693	42.1756137
	21.2714828	42.1756267
	21.2717048	42.1757899
	21.2717271	42.1760649
	21.2716004	42.1761138
	21.2715747	42.1762009
	21.2716891	42.1764013
	21.271758	42.1767488
	21.2718663	42.1768231
	21.2720472	42.1768239
	21.2720917	42.1765131
	21.2722735	42.1762894
	21.2736571	42.1768909
	21.2749216	42.1781453
	21.2751424	42.1782299
	21.2765697	42.1792307
	21.276886	42.1793601
	21.2774498	42.1794872
	21.2775013	42.1797086
	21.2777777	42.1799612
	21.2779828	42.1802625
	21.2777925	42.1803583
	21.2772989	42.1807872
	21.2773356	42.1809109
	21.2775472	42.1811136
	21.2776229	42.1814384
	21.2780307	42.1814402
	21.2784417	42.1816158
	21.2786936	42.181971
	21.2790291	42.181779
	21.2795347	42.181648
	21.2798865	42.1813967
	21.2802856	42.1814041
	21.2806208	42.1815279
	21.2808106	42.1822471
	21.2810239	42.1824958
	21.2809943	42.182629
	21.2807559	42.1828683
	21.2812797	42.1831067
	21.2814608	42.1834277
	21.2820448	42.184054
	21.2817611	42.1853939
	21.2827977	42.1861064
	21.2830134	42.1863374
	21.2829361	42.1867743
	21.2830437	42.1875096
	21.2835121	42.187699
	21.2836828	42.1878379
	21.2838865	42.1881551
	21.2840063	42.1882642
	21.2841705	42.1883115
	21.2851974	42.1884151
	21.285422	42.1886281
	21.2857777	42.1887384
	21.2862021	42.1886124
	21.2877309	42.188625
	21.2885942	42.1886751
	21.2894497	42.1888669
	21.2900217	42.1893418
	21.290356	42.1894794
	21.2905269	42.1896138
	21.2906241	42.1899583
	21.2907556	42.1900196
	21.2908047	42.1904453
	21.2911617	42.1910255
	21.2912622	42.1912946
	21.2912257	42.1914759
	21.2913714	42.1915301
	21.2914228	42.1917019
	21.2911977	42.1921262
	21.2910778	42.192234
	21.2910377	42.1924249
	21.2909447	42.1924698
	21.2910843	42.1925759
	21.2910779	42.1927033
	21.2913621	42.1928423
	21.2913657	42.1929215
	21.2910329	42.193373
	21.2909171	42.1933956
	21.2909631	42.1936592
	21.2912736	42.1939028
	21.2913483	42.1939081
	21.2917482	42.1941684
	21.2920359	42.1941392
	21.2924018	42.1940155
	21.2933074	42.1938267
	21.2936203	42.1938201
	21.2937923	42.1939263
	21.2942687	42.1940244
	21.2944919	42.194297
	21.2946608	42.1943834
	21.2948421	42.1946522
	21.2950034	42.1946583
	21.2951549	42.1945939
	21.2952377	42.1946487
	21.2952171	42.1947932
	21.2952662	42.1948785
	21.2955534	42.1948331
	21.2956301	42.1949307
	21.2957609	42.1948462
	21.2960888	42.1950285
	21.2962809	42.1953559
	21.2963814	42.1954291
	21.2963542	42.1957305
	21.2964017	42.1960566
	21.2966944	42.1961596
	21.2965867	42.1967775
	21.2964389	42.1970832
	21.2964429	42.1974253
	21.2963827	42.1975773
	21.2987392	42.2009195
	21.299597	42.2010136
	21.3000711	42.2003425
	21.3004332	42.2000983
	21.3007923	42.2000556
	21.3009001	42.200086
	21.30078	42.2003006
	21.3008082	42.2003611
	21.3010957	42.2004263
	21.3011001	42.2005679
	21.3012364	42.2006871
	21.3013829	42.200705
	21.3016784	42.2004331
	21.3018476	42.2004245
	21.3018779	42.2005315
	21.3026411	42.2005338
	21.3030246	42.2002308
	21.3034818	42.2000084
	21.3035366	42.1998631
	21.3037298	42.1998017
	21.3038128	42.1999368
	21.3043477	42.1997041
	21.3050382	42.1995463
	21.3051032	42.1996862
	21.3056269	42.1999052
	21.3059814	42.1999018
	21.3062171	42.1998269
	21.3064577	42.1998075
	21.3067034	42.1998428
	21.3071975	42.1997928
	21.3075259	42.1995219
	21.3081184	42.1998613
	21.3083221	42.1998261
	21.3088037	42.1999177
	21.3086246	42.2020186
	21.309347	42.2037303
	21.3160487	42.2083455
	21.317325	42.2138498
	21.3310247	42.2110223
	21.3338402	42.2078903
	21.3351688	42.2072457
	21.3358692	42.2071547
	21.3361918	42.207025
	21.3366085	42.2069519
	21.3366718	42.2065135
	21.3370787	42.2061707
	21.337804	42.2048371
	21.338198	42.2039731
	21.3387922	42.2037637
	21.3393853	42.2039204
	21.340035	42.204326
	21.340698	42.2050202
	21.3413675	42.2061238
	21.3418355	42.2068413
	21.3428091	42.207419
	21.3436225	42.2074897
	21.3440278	42.2077117
	21.3447437	42.2078574
	21.3450946	42.2079687
	21.345537	42.2080003
	21.3463472	42.2080163
	21.3469151	42.2079841
	21.3476272	42.2080926
	21.3481446	42.2081405
	21.3487085	42.208262
	21.3487992	42.2092137
	21.3491942	42.2098345
	21.3498635	42.2103312
	21.3506265	42.2105766
	21.3512786	42.2111305
	21.3520494	42.212302
	21.3520573	42.2131219
	21.3524308	42.213659
	21.3525707	42.2140058
	21.3522537	42.2141813
	21.3524413	42.2143807
	21.3528738	42.2145502
	21.3533714	42.214494
	21.353995	42.2144788
	21.3539927	42.2146464
	21.3537989	42.2149315
	21.3537408	42.2152491
	21.3537718	42.2154947
	21.3538048	42.2158361
	21.3537091	42.2162406
	21.3537451	42.2169561
	21.3542608	42.2174485
	21.3551994	42.2177046
	21.3556768	42.2181921
	21.3559139	42.2186309
	21.3563372	42.2194311
	21.3564862	42.2198877
	21.3572549	42.2204076
	21.3580715	42.2209411
	21.3586295	42.2213764
	21.3591027	42.2214863
	21.3594571	42.2214261
	21.3597496	42.2214818
	21.3599366	42.2215791
	21.3600583	42.2217118
	21.3605324	42.2221913
	21.3608975	42.2222685
	21.3614876	42.2223584
	21.3617007	42.2222666
	21.3619938	42.2220424
	21.3622389	42.2219472
	21.3627806	42.222
	21.3629987	42.2220129
	21.3633312	42.2219174
	21.3635992	42.2217842
	21.3639751	42.2217471
	21.364662	42.2216797
	21.364813	42.2217324
	21.3650485	42.2217327
	21.3651881	42.2216194
	21.3654078	42.2216122
	21.3655754	42.2215498
	21.3658118	42.2214203
	21.3663246	42.2211925
	21.3667282	42.2211478
	21.3670149	42.2211534
	21.3672968	42.2213289
	21.3675637	42.2215315
	21.3677918	42.222086
	21.3679882	42.2224653
	21.3683216	42.2228952
	21.3684475	42.2229364
	21.3688378	42.2231689
	21.3700871	42.2234888
	21.3709359	42.2237754
	21.3711288	42.2237944
	21.371773	42.2243291
	21.371644	42.2250282
	21.3717515	42.2253553
	21.3717245	42.2257216
	21.3716262	42.2260419
	21.3709729	42.2269183
	21.3705215	42.2271044
	21.3702879	42.2271169
	21.369776	42.2273743
	21.3707281	42.2278839
	21.3710497	42.2279447
	21.3717999	42.2285132
	21.3721827	42.228737
	21.372602	42.2294602
	21.3725839	42.2299181
	21.372864	42.2302924
	21.3732088	42.2305157
	21.3735743	42.2306282
	21.3739718	42.2307351
	21.3745365	42.2307958
	21.3749127	42.2309012
	21.3750077	42.23099
	21.3749619	42.2313174
	21.3747906	42.2316087
	21.3746244	42.2318574
	21.3742263	42.2323691
	21.3743018	42.2327062
	21.3742002	42.2328525
	21.3741592	42.2330738
	21.3740082	42.23353
	21.3740586	42.2337202
	21.3743559	42.2338767
	21.3744462	42.2341391
	21.3745297	42.2343447
	21.3746313	42.2346591
	21.3747883	42.234798
	21.3747325	42.2350968
	21.3749137	42.2352226
	21.3751539	42.2355196
	21.3751969	42.2358727
	21.3753887	42.2360503
	21.3759413	42.2363623
	21.3763786	42.2366379
	21.3766651	42.2368264
	21.3770068	42.2370215
	21.3771554	42.2371971
	21.3772411	42.2373876
	21.3773516	42.2376307
	21.3771921	42.2376176
	21.3770923	42.2377388
	21.377073	42.2380444
	21.3769295	42.2381944
	21.3766117	42.2383193
	21.3763453	42.2383925
	21.3759666	42.2384666
	21.375826	42.2385933
	21.3757812	42.2387269
	21.3756651	42.2389722
	21.3755023	42.2390559
	21.3751806	42.2390932
	21.375027	42.2390814
	21.3749154	42.2390748
	21.3747324	42.2391737
	21.3745225	42.239383
	21.3744254	42.2395214
	21.3741681	42.2395143
	21.3739234	42.2394688
	21.373438	42.2395211
	21.3729615	42.2395714
	21.3726853	42.239696
	21.3724498	42.2397592
	21.3720196	42.2396794
	21.3719109	42.2396918
	21.371792	42.2397445
	21.3717141	42.2399469
	21.3717307	42.2402198
	21.3716315	42.2403685
	21.371306	42.2405165
	21.3711352	42.2407467
	21.3709956	42.2409841
	21.3708171	42.2410621
	21.3704921	42.2410366
	21.3702877	42.2410709
	21.3701849	42.2411441
	21.3698984	42.2414937
	21.3697615	42.2415657
	21.3695389	42.2415904
	21.369219	42.2415801
	21.3688971	42.2415776
	21.3688299	42.2416068
	21.368818	42.241706
	21.3688051	42.2419025
	21.3686835	42.2419532
	21.3685284	42.2419604
	21.3681447	42.2418457
	21.3678229	42.2418202
	21.3674276	42.2418201
	21.3672888	42.2419263
	21.3672787	42.2421455
	21.367229	42.242314
	21.3668701	42.2424804
	21.3666564	42.2426295
	21.3664475	42.2426999
	21.3660622	42.2426539
	21.3654762	42.2429284
	21.3653419	42.2429259
	21.3651926	42.2428625
	21.3650533	42.2427435
	21.3647194	42.2426055
	21.3644106	42.2426542
	21.363959	42.2428432
	21.3635918	42.2429975
	21.3633417	42.2429502
	21.3630752	42.2427962
	21.3628079	42.2428407
	21.3626413	42.2430084
	21.3626455	42.2433364
	21.3625091	42.2436325
	21.3621092	42.2440326
	21.3619437	42.2442954
	21.3618965	42.244646
	21.3616716	42.2449573
	21.3607919	42.2454248
	21.3605559	42.2453942
	21.3602662	42.2453073
	21.3601116	42.2452133
	21.3598728	42.245185
	21.358665	42.2454177
	21.3584161	42.2456426
	21.358246	42.2459458
	21.3581107	42.2460931
	21.3580467	42.2461719
	21.3579895	42.2463787
	21.357985	42.2466063
	21.3580437	42.2469302
	21.3580634	42.2470482
	21.3578955	42.2471282
	21.3576449	42.2472679
	21.3574169	42.2474444
	21.3573656	42.2475116
	21.3571794	42.2477845
	21.3570098	42.2479035
	21.3568701	42.2479639
	21.3565288	42.2481084
	21.3564236	42.2482004
	21.3562416	42.2483968
	21.3560713	42.2485072
	21.3558358	42.2485265
	21.355662	42.248551
	21.3554811	42.2486424
	21.355272	42.2489049
	21.3550589	42.2491187
	21.354909	42.2492211
	21.3544728	42.2492297
	21.3541324	42.2495277
	21.3539827	42.249817
	21.3539081	42.2500817
	21.3540536	42.2504303
	21.3540626	42.2505503
	21.3539738	42.2506605
	21.3535991	42.2508908
	21.3535997	42.2510934
	21.3534607	42.2512052
	21.353398	42.2513094
	21.3533789	42.2514275
	21.3534164	42.2514979
	21.3534725	42.251761
	21.3534425	42.2519076
	21.3533564	42.2519876
	21.3531319	42.2519443
	21.3526919	42.2518119
	21.352362	42.2518016
	21.3521729	42.2517327
	21.3521176	42.2517163
	21.3519562	42.2516002
	21.3519261	42.2515803
	21.3518364	42.2515609
	21.3516878	42.2516011
	21.3516337	42.2516638
	21.3515639	42.2517705
	21.3515348	42.2518383
	21.3514996	42.2519358
	21.3514659	42.2519986
	21.3513087	42.2520772
	21.3510913	42.2521213
	21.3510233	42.2521153
	21.3507837	42.2520551
	21.3504785	42.2520327
	21.3503688	42.2520293
	21.3501731	42.2520195
	21.3500524	42.2520962
	21.3500146	42.2522495
	21.3500246	42.2523752
	21.3499224	42.252508
	21.3497149	42.2525999
	21.3495513	42.2525775
	21.3494097	42.2524606
	21.3492925	42.2523729
	21.3492049	42.2523302
	21.3490609	42.2523663
	21.3490189	42.2524068
	21.3490132	42.2524698
	21.3491613	42.2527458
	21.3491348	42.2528611
	21.34908	42.2529817
	21.3488264	42.2531058
	21.3485866	42.2531368
	21.3483926	42.2531275
	21.3483109	42.2531242
	21.3479147	42.2531674
	21.3475834	42.2532894
	21.3475023	42.2533876
	21.3474107	42.2534917
	21.3470998	42.2537694
	21.3469029	42.2538971
	21.3466554	42.2540517
	21.346604	42.254082
	21.3462325	42.254197
	21.3461219	42.2542607
	21.3460211	42.254358
	21.3459174	42.2545079
	21.345909	42.2547317
	21.3459068	42.2549924
	21.3459397	42.2551064
	21.3461057	42.2552435
	21.3460969	42.2553442
	21.3460477	42.2554174
	21.3459061	42.2554771
	21.3457815	42.255611
	21.3457694	42.2557634
	21.3455769	42.256002
	21.3455214	42.256078
	21.3454594	42.2563117
	21.3454025	42.2565178
	21.3453892	42.2567103
	21.3452964	42.256852
	21.3452236	42.2569594
	21.3449957	42.2572009
	21.3447776	42.2574254
	21.3447958	42.2576507
	21.3448489	42.2578913
	21.3447754	42.2580179
	21.3446144	42.2581827
	21.3442084	42.2582585
	21.3438393	42.2582724
	21.3436097	42.25833
	21.3433028	42.2585797
	21.3431339	42.258247
	21.34276	42.2575105
	21.3424113	42.2572981
	21.3420519	42.2573184
	21.3417842	42.2572318
	21.3415954	42.2569988
	21.3413674	42.2567109
	21.3411034	42.2563325
	21.3410729	42.2560943
	21.3410287	42.2558941
	21.3404261	42.2555918
	21.3401206	42.25543
	21.3400517	42.255406
	21.3397458	42.2549851
	21.339641	42.2548447
	21.3397237	42.2545536
	21.3398267	42.2541982
	21.3398902	42.2537972
	21.3400875	42.2534574
	21.3402349	42.2532187
	21.3402991	42.2528711
	21.3402054	42.2522157
	21.3403148	42.2519765
	21.3406263	42.2516835
	21.3406928	42.2515251
	21.3406491	42.2514406
	21.3404351	42.2512154
	21.3401465	42.2509199
	21.3401205	42.2504762
	21.3401179	42.250196
	21.339971	42.2498729
	21.3399156	42.2497427
	21.3397347	42.2495023
	21.3396454	42.2494038
	21.3395708	42.2493118
	21.3394916	42.2492016
	21.339417	42.2490978
	21.3393227	42.2490417
	21.3390611	42.2492401
	21.3387994	42.2493201
	21.3387451	42.2492935
	21.3385708	42.2491981
	21.3384065	42.2490761
	21.3380909	42.24883
	21.3379554	42.2488269
	21.3376473	42.2488415
	21.3372341	42.2488747
	21.3370366	42.2488575
	21.3368434	42.2488255
	21.3366873	42.248759
	21.3365708	42.2486772
	21.3365191	42.2486367
	21.3364498	42.248586
	21.3363426	42.2484565
	21.3361867	42.248355
	21.3357602	42.2482235
	21.3356849	42.2482363
	21.3356187	42.2482604
	21.3354819	42.2482513
	21.3353662	42.2482462
	21.3351542	42.2481358
	21.3347903	42.2480655
	21.3345128	42.2480779
	21.3343725	42.2480771
	21.3343108	42.2481352
	21.3341254	42.2481072
	21.3339485	42.2480846
	21.3338274	42.2480491
	21.3336715	42.2480367
	21.3332737	42.2481297
	21.3331546	42.2483616
	21.3330331	42.2484222
	21.332986	42.2484277
	21.3328868	42.2484433
	21.3326	42.2484355
	21.332297	42.2484941
	21.3320314	42.2487741
	21.3317163	42.2489142
	21.3310966	42.2489812
	21.3309503	42.2490565
	21.3310068	42.2491858
	21.3309887	42.2492347
	21.3309002	42.2492689
	21.3307437	42.2493157
	21.3305367	42.2493336
	21.3304539	42.2493894
	21.3302537	42.2495494
	21.3302503	42.2495771
	21.3302276	42.2496791
	21.3302413	42.2497589
	21.3300541	42.2498321
	21.3298172	42.249772
	21.3297674	42.2498265
	21.3298059	42.25007
	21.3296017	42.2502342
	21.3294102	42.2503294
	21.3292913	42.25036
	21.3289771	42.2504343
	21.328989	42.2504762
	21.329064	42.2505902
	21.3290895	42.2506471
	21.329155	42.2507498
	21.329144	42.2508581
	21.3289489	42.2509984
	21.3288809	42.2511315
	21.3286109	42.2513014
	21.3285584	42.2513631
	21.3286076	42.2514799
	21.3285659	42.2516527
	21.3284441	42.2518484
	21.3284908	42.2519877
	21.3285098	42.2520762
	21.3284537	42.2521601
	21.3275906	42.2523635
	21.3274777	42.2526283
	21.3273931	42.2528498
	21.3273165	42.2528725
	21.3272522	42.2528611
	21.3271825	42.2528567
	21.327165	42.2528949
	21.327128	42.2531029
	21.3271194	42.2531842
	21.3270656	42.2532446
	21.3269918	42.2532925
	21.3269181	42.2533608
	21.3268214	42.2534521
	21.3267428	42.2535081
	21.3266594	42.2535627
	21.3265678	42.2536045
	21.3265031	42.2536836
	21.3264433	42.2538066
	21.326399	42.2539557
	21.3263269	42.2539938
	21.3261361	42.2540091
	21.3259434	42.2540925
	21.3257323	42.2543616
	21.3256406	42.2543889
	21.3254959	42.2543687
	21.3253585	42.2543613
	21.3252033	42.254379
	21.325077	42.254526
	21.3248676	42.2545622
	21.3244849	42.2545463
	21.324291	42.2546278
	21.3241271	42.2546695
	21.3239474	42.2546187
	21.3237625	42.2544719
	21.3234591	42.2544768
	21.3233218	42.2545382
	21.323052	42.2546153
	21.3227796	42.2546967
	21.3225784	42.2546375
	21.3224224	42.2547223
	21.3222595	42.2548069
	21.3221433	42.2548526
	21.3219718	42.2549386
	21.3217182	42.2549997
	21.3215501	42.2549906
	21.3213046	42.2549879
	21.3209506	42.2550591
	21.3206009	42.2551156
	21.3204936	42.2551762
	21.3203586	42.255191
	21.3200904	42.2551188
	21.3197116	42.2553246
	21.319515	42.2552989
	21.3194036	42.2553323
	21.3192736	42.2553459
	21.319114	42.2554367
	21.3188314	42.2555583
	21.3186867	42.2556156
	21.3185448	42.2556441
	21.3185921	42.2558642
	21.3184266	42.2558819
	21.3181927	42.2558628
	21.318016	42.2558022
	21.3177165	42.2557652
	21.3175137	42.255921
	21.317185	42.2560059
	21.3170642	42.2560401
	21.3168986	42.2562079
	21.3168411	42.2562182
	21.3167878	42.2561252
	21.3166117	42.2561132
	21.3164761	42.256165
	21.3163752	42.2561607
	21.3162596	42.2562143
	21.316176	42.2563291
	21.3158856	42.2562896
	21.315646	42.2564326
	21.3156025	42.2564761
	21.3155378	42.2564837
	21.3153743	42.2565457
	21.3152985	42.2565495
	21.315237	42.256578
	21.3148097	42.256622
	21.314707	42.2565996
	21.3144836	42.256702
	21.3144472	42.2566718
	21.3143882	42.2566263
	21.3142889	42.2565884
	21.3142498	42.256579
	21.3140458	42.2565737
	21.3137437	42.2565905
	21.3135288	42.2567288
	21.3133753	42.2567307
	21.3128429	42.2565728
	21.3126224	42.2566863
	21.3122836	42.2567288
	21.3122861	42.2567877
	21.3122057	42.256857
	21.3120539	42.2568849
	21.3119501	42.2568605
	21.3118536	42.2569185
	21.3116781	42.2569435
	21.3115519	42.2568855
	21.3113577	42.2570487
	21.3112352	42.2570407
	21.31106	42.2569722
	21.3108311	42.2569742
	21.3107406	42.2569556
	21.3104951	42.25687
	21.3101404	42.256756
	21.3099144	42.2567274
	21.3099111	42.2567269
	21.3097581	42.2566375
	21.3095638	42.2565905
	21.3095405	42.2564788
	21.3092668	42.2563633
	21.3091535	42.2561362
	21.3090752	42.2561482
	21.3088893	42.2560841
	21.3083929	42.2560942
	21.3081606	42.2560306
	21.3078812	42.2560472
	21.307775	42.2560396
	21.3076523	42.2560457
	21.3075543	42.2559923
	21.3070001	42.2558559
	21.3064049	42.2556084
	21.3060262	42.2555903
	21.3052292	42.2554548
	21.3050347	42.2553738
	21.3048422	42.2553291
	21.3046707	42.2552399
	21.3044019	42.2552115
	21.3041451	42.2550761
	21.3040175	42.2550765
	21.3037423	42.2549719
	21.3035694	42.2548563
	21.303434	42.254781
	21.303288	42.254705
	21.3030517	42.2547039
	21.3020826	42.2544561
	21.3019142	42.2543811
	21.3017158	42.2542293
	21.301594	42.2540506
	21.3015334	42.2539677
	21.3014193	42.2540612
	21.3013311	42.2542448
	21.3013009	42.2544247
	21.3014107	42.254685
	21.3013945	42.254951
	21.301411	42.2552442
	21.3014352	42.2556641
	21.3013716	42.2557585
	21.3013185	42.2557438
	21.3012166	42.2559211
	21.3011647	42.2561342
	21.3011063	42.2562798
	21.3010887	42.2564767
	21.3010198	42.2565757
	21.3009229	42.2566814
	21.3007248	42.2568322
	21.3005095	42.2569749
	21.3003567	42.2570831
	21.3001212	42.257241
	21.2999774	42.2573549
	21.299866	42.2574603
	21.2997625	42.2575433
	21.2997021	42.2575944
	21.299583	42.257651
	21.2994875	42.2577159
	21.2994349	42.2577571
	21.2993187	42.2577701
	21.2992108	42.2577874
	21.2990971	42.2578466
	21.2990268	42.2579167
	21.298932	42.2579899
	21.2988679	42.2580295
	21.2987358	42.258063
	21.298597	42.2580782
	21.2984425	42.2580905
	21.2983284	42.2581041
	21.298168	42.2581748
	21.2980409	42.2582454
	21.2979506	42.2582945
	21.2978933	42.2583242
	21.297824	42.258351
	21.2976555	42.2583716
	21.297443	42.2583615
	21.2971995	42.2583888
	21.2970743	42.2584011
	21.296932	42.2584129
	21.2968136	42.2584185
	21.2966431	42.2584531
	21.296493	42.2584967
	21.2963351	42.2585324
	21.2962217	42.2585453
	21.2960544	42.258552
	21.2959359	42.258576
	21.2957555	42.258629
	21.2956215	42.2587187
	21.2955508	42.2587556
	21.2954406	42.2588122
	21.2953672	42.25893
	21.2952869	42.2589981
	21.2951977	42.2590628
	21.295092	42.2590991
	21.2949942	42.2591101
	21.2947585	42.2590775
	21.294557	42.2590716
	21.294309	42.2590941
	21.2941321	42.2591049
	21.2939631	42.259136
	21.2938624	42.2591952
	21.2935732	42.259399
	21.293533	42.2594878
	21.2934476	42.259569
	21.2933398	42.2596475
	21.2931762	42.2597389
	21.2930535	42.2597711
	21.2927235	42.2597835
	21.2926038	42.2597301
	21.2924938	42.2596144
	21.2924319	42.2595306
	21.2923074	42.2593451
	21.2922786	42.2593025
	21.2921744	42.2591982
	21.2921272	42.2590978
	21.2919927	42.2590005
	21.2918005	42.2589294
	21.291337	42.258811
	21.2906437	42.2586428
	21.2904625	42.2585902
	21.2902826	42.2585883
	21.2900506	42.2586582
	21.2896835	42.258778
	21.289389	42.2588973
	21.2891765	42.2589803
	21.2889285	42.2590374
	21.2888555	42.25907
	21.2887114	42.2591769
	21.2884844	42.259328
	21.288367	42.2594608
	21.2883549	42.2595711
	21.288339	42.259734
	21.2883088	42.2598217
	21.2881925	42.260038
	21.2879499	42.2604056
	21.2878923	42.2604607
	21.2877251	42.2605484
	21.2875715	42.2606284
	21.2875058	42.2607292
	21.2874627	42.2608635
	21.287457	42.2610154
	21.2874179	42.2610911
	21.2874134	42.2612174
	21.2873453	42.2613696
	21.2872853	42.2614588
	21.2871499	42.2615733
	21.287077	42.2616879
	21.2870063	42.2618895
	21.2869349	42.2620022
	21.2867761	42.2621598
	21.2866083	42.2622941
	21.2864509	42.2624562
	21.2862896	42.262648
	21.2862427	42.2626985
	21.2861384	42.262825
	21.2859832	42.2630303
	21.2858775	42.2631478
	21.2857602	42.2632951
	21.2856929	42.2633719
	21.2856221	42.2634557
	21.285483	42.2636401
	21.2854001	42.2637789
	21.2853128	42.2639047
	21.2852563	42.2640602
	21.2851496	42.2642669
	21.2850917	42.2643964
	21.2850473	42.2645627
	21.2849016	42.26475
	21.28477	42.2648803
	21.2846458	42.2650361
	21.2844853	42.2651946
	21.2842121	42.2655297
	21.2841562	42.2656464
	21.2841412	42.2656759
	21.2841285	42.2659199
	21.2841635	42.2661149
	21.2842098	42.2663353
	21.2842812	42.266578
	21.2843793	42.2669568
	21.2844476	42.2670758
	21.2845069	42.2672173
	21.2845276	42.2675212
	21.2844974	42.2676084
	21.2844753	42.2677057
	21.2844674	42.2678485
	21.2843784	42.2679671
	21.2843405	42.2681856
	21.2842578	42.2683269
	21.2841564	42.2684443
	21.2840588	42.2685253
	21.283998	42.2686372
	21.2838959	42.2687254
	21.28372	42.2687465
	21.2835749	42.2688552
	21.2833621	42.2689665
	21.2832291	42.2691134
	21.2831374	42.2692764
	21.2831033	42.269404
	21.2828475	42.2695748
	21.2827118	42.2696735
	21.2825311	42.2697262
	21.2822159	42.2697667
	21.2820101	42.2697597
	21.2818226	42.269738
	21.2816456	42.2697971
	21.2815862	42.2699349
	21.2815328	42.2700407
	21.2814318	42.2701551
	21.2813778	42.2702248
	21.2814648	42.2703438
	21.281499	42.2703988
	21.2814831	42.2704632
	21.2813265	42.2705769
	21.2812559	42.2706936
	21.2812472	42.2708404
	21.2812725	42.270982
	21.2812674	42.2711402
	21.2812934	42.2712489
	21.2812786	42.27143
	21.2812316	42.2715842
	21.2810106	42.2718246
	21.2807566	42.2719951
	21.2806327	42.2721009
	21.2805024	42.2722799
	21.2804349	42.2724072
	21.2802662	42.2727049
	21.2800907	42.2730805
	21.280065	42.2731252
	21.2800545	42.2732903
	21.2800607	42.2734769
	21.2800612	42.2735908
	21.2800197	42.2736899
	21.2799708	42.2738593
	21.2799787	42.2740493
	21.2799447	42.2741613
	21.2798865	42.2742414
	21.2797458	42.2743181
	21.2793397	42.2744622
	21.2790685	42.2745439
	21.278999	42.2745754
	21.2789775	42.2745836
	21.2784765	42.274821
	21.2783342	42.2748887
	21.2777165	42.2752647
	21.2777157	42.2753346
	21.2775971	42.2757174
	21.2775922	42.2757343
	21.2772273	42.2769142
	21.2770061	42.2776191
	21.2769663	42.2777398
	21.2768712	42.2780454
	21.2768631	42.2780805
	21.2766957	42.2781264
	21.2764533	42.2782553
	21.276223	42.2783893
	21.2760617	42.2784729
	21.2757327	42.2785605
	21.275447	42.2785389
	21.2751919	42.2784612
	21.2748252	42.2782754
	21.2746079	42.2781683
	21.2743555	42.2780574
	21.2741485	42.2779614
	21.2738504	42.2778984
	21.2736402	42.2779506
	21.2734784	42.2780307
	21.2732888	42.2783889
	21.2731066	42.2786196
	21.2729096	42.278947
	21.272771	42.2790532
	21.2726819	42.2791351
	21.2725194	42.2793065
	21.2723013	42.2795656
	21.2719464	42.2801446
	21.2718816	42.2806901
	21.2718116	42.2809109
	21.2717533	42.2811065
	21.2716111	42.2813718
	21.2715348	42.2814874
	21.271388	42.2816728
	21.2713803	42.281755
	21.2713914	42.2818121
	21.2714182	42.2818753
	21.2715075	42.2819671
	21.271707	42.2820488
	21.2718339	42.2821024
	21.2720843	42.282189
	21.2722516	42.2823383
	21.2722688	42.2826336
	21.2722664	42.2828782
	21.2722553	42.2831181
	21.272283	42.2832638
	21.272402	42.2833853
	21.2724643	42.2835409
	21.2724323	42.2836222
	21.2724047	42.2835942
	21.272317	42.2836299
	21.2722591	42.2836092
	21.2718117	42.2834365
	21.2713965	42.2833753
	21.271269	42.2833187
	21.2708703	42.2831942
	21.2705914	42.2831738
	21.2701869	42.2829206
	21.2700711	42.2828778
	21.2698564	42.2828605
	21.2696164	42.2829422
	21.2694946	42.2830145
	21.2694214	42.2831146
	21.2693964	42.2831607
	21.2691381	42.2834867
	21.2689622	42.2836006
	21.2687873	42.2837805
	21.2686868	42.2839557
	21.268602	42.284197
	21.2685321	42.2843113
	21.2684116	42.2843963
	21.2683092	42.2842608
	21.268258	42.2842293
	21.2679761	42.2841948
	21.2677604	42.28415
	21.2674645	42.2841564
	21.2671492	42.2842553
	21.2666765	42.2844339
	21.2664629	42.2846766
	21.2663245	42.2847642
	21.2660845	42.2849238
	21.2659318	42.2849489
	21.2657844	42.2849333
	21.2655917	42.2848793
	21.2653821	42.2847808
	21.2651565	42.2846866
	21.264858	42.2844967
	21.2645332	42.2843331
	21.2639443	42.2840752
	21.2639018	42.2840756
	21.2635005	42.284065
	21.2633097	42.2840836
	21.2631503	42.2841266
	21.263011	42.2841314
	21.2626642	42.284053
	21.2624652	42.2840281
	21.2623402	42.2840366
	21.2621652	42.2840931
	21.2620043	42.2842268
	21.2618881	42.2843425
	21.2618855	42.2843546
	21.2618854	42.2843558
	21.2618852	42.2843572
	21.2618063	42.2847173
	21.2618174	42.2848227
	21.2618279	42.2849211
	21.2618286	42.2849282
	21.2618414	42.2849548
	21.2620119	42.2854102
	21.2622261	42.2860646
	21.2623325	42.2865045
	21.262428	42.2868247
	21.2624747	42.2871476
	21.2625561	42.2874058
	21.2626993	42.2878756
	21.2627178	42.2880656
	21.2629005	42.2885621
	21.2629843	42.2886802
	21.2631949	42.2889397
	21.2633889	42.2892131
	21.2635419	42.2894841
	21.2636169	42.2896702
	21.2638232	42.2899578
	21.2638309	42.2900272
	21.263667	42.2902724
	21.263414	42.2904965
	21.2631827	42.2907096
	21.2629853	42.2907941
	21.2625778	42.290898
	21.2624454	42.2910255
	21.262133	42.291145
	21.2620201	42.291277
	21.2620276	42.2915551
	21.2620905	42.2917656
	21.2621797	42.2921308
	21.2620115	42.2923383
	21.2617259	42.2925107
	21.2612531	42.2926841
	21.260908	42.2929216
	21.2608286	42.2929709
	21.2608479	42.2931449
	21.2607661	42.2934616
	21.2605843	42.2936803
	21.2605191	42.2937442
	21.2603537	42.293899
	21.2603313	42.2939251
	21.2601658	42.2941651
	21.2600383	42.2942518
	21.2598338	42.294337
	21.259399	42.2945177
	21.2591053	42.2946876
	21.258926	42.2948495
	21.2587	42.2949707
	21.2586093	42.295086
	21.2585633	42.2952215
	21.258489	42.2954182
	21.2584054	42.2955572
	21.2583141	42.2956947
	21.2582329	42.295763
	21.2579833	42.2959306
	21.2579905	42.2959516
	21.2578863	42.2960989
	21.2577581	42.2962217
	21.2575903	42.2963716
	21.2574739	42.2965518
	21.2572988	42.2968931
	21.2572932	42.2970688
	21.2574738	42.2975546
	21.2577674	42.2977435
	21.2581192	42.2979588
	21.2585288	42.2982406
	21.2587465	42.2983942
	21.2589295	42.2985051
	21.2592803	42.2988365
	21.2595899	42.2990519
	21.2602077	42.2995241
	21.2606101	42.2999419
	21.2609489	42.3001563
	21.2609306	42.3002615
	21.2609044	42.3004134
	21.2609357	42.3007191
	21.2610804	42.3010307
	21.2612461	42.3013959
	21.261351	42.3017007
	21.2620136	42.3022249
	21.262294	42.302424
	21.2624227	42.3025357
	21.2624942	42.302668
	21.2626011	42.3028528
	21.262652	42.3029307
	21.2627863	42.3030973
	21.2631499	42.3035193
	21.2632519	42.3037533
	21.2632829	42.3038295
	21.2633686	42.303984
	21.2636155	42.3042674
	21.2637204	42.3043257
	21.2638726	42.3044881
	21.2639822	42.3045727
	21.2640573	42.3046332
	21.2644437	42.3048111
	21.2644911	42.3048113
	21.2648238	42.3052422
	21.2649729	42.3053228
	21.2652386	42.3054683
	21.2658654	42.305777
	21.2660033	42.3059937
	21.2661543	42.3062288
	21.2662857	42.3065033
	21.2663347	42.3066173
	21.2663701	42.3067662
	21.2663983	42.3069049
	21.2664469	42.3071355
	21.2664937	42.3074014
	21.2665093	42.3074837
	21.2666921	42.3074326
	21.2668332	42.3073855
	21.2671726	42.3077488
	21.2673381	42.3079285
	21.2673245	42.3079493
	21.2675673	42.3080988
	21.2675988	42.3081168
	21.2679124	42.3082592
	21.268089	42.3083089
	21.2680986	42.3084346
	21.2681173	42.3086706
	21.2680902	42.3088076
	21.2680683	42.3089052
	21.2679396	42.3091688
	21.2679918	42.3091894
	21.2682619	42.3092633
	21.268285	42.3092707
	21.2684282	42.3093158
	21.2682727	42.3095567
	21.2682077	42.3096523
	21.268361	42.3097003
	21.2685435	42.3097222
	21.2687135	42.309747
	21.2689582	42.3097511
	21.2690974	42.3097499
	21.2691983	42.3097501
	21.2691643	42.3097921
	21.2690353	42.3102605
	21.2693896	42.3103568
	21.2694297	42.3103584
	21.2694354	42.3103585
	21.2699563	42.3103349
	21.2700703	42.3104816
	21.2698718	42.3107227
	21.2697296	42.3108618
	21.2695184	42.3110723
	21.2692724	42.3113432
	21.2689652	42.3115895
	21.2690025	42.3116811
	21.2690129	42.3117196
	21.2690868	42.3118324
	21.2691543	42.3119746
	21.2692074	42.3123073
	21.2693041	42.3124056
	21.2693907	42.3124727
	21.2694765	42.3125413
	21.2696663	42.3126969
	21.2700431	42.3130446
	21.2701466	42.3131501
	21.2702023	42.3132015
	21.2703925	42.3133982
	21.2707124	42.3137396
	21.2707167	42.3137439
	21.2708196	42.3138681
	21.2708497	42.3139065
	21.2711002	42.314173
	21.271244	42.3143169
	21.271416	42.3144279
	21.2715393	42.3145454
	21.2717561	42.3147711
	21.2720023	42.3149761
	21.2722388	42.3151655
	21.2723815	42.3152488
	21.2724851	42.3153472
	21.272602	42.3154672
	21.2728147	42.3156796
	21.2731414	42.3159841
	21.2733082	42.3161374
	21.2734228	42.3161918
	21.273434	42.3161969
	21.2737623	42.3163964
	21.2740211	42.3165249
	21.2743163	42.3167372
	21.2748329	42.3169334
	21.2754894	42.3172206
	21.2756838	42.3172697
	21.2758928	42.3170648
	21.2760334	42.3169523
	21.276157	42.3170843
	21.276234	42.3170565
	21.2762521	42.3170497
	21.2767826	42.3169726
	21.2771669	42.3171047
	21.2769839	42.3172588
	21.2769627	42.3173428
	21.2769632	42.3173878
	21.2769263	42.3174638
	21.276766	42.3176898
	21.2771644	42.3178702
	21.2773	42.3180521
	21.2774615	42.3180796
	21.2778586	42.3183022
	21.2774162	42.3190496
	21.2774855	42.3191155
	21.2784003	42.3195936
	21.2784372	42.3195228
	21.2789793	42.3198599
	21.279266	42.3200323
	21.2795161	42.320192
	21.2797528	42.3203423
	21.2801069	42.3205888
	21.280518	42.3208955
	21.280729	42.3210331
	21.2808721	42.3210974
	21.2811786	42.3211881
	21.2814655	42.3212908
	21.2818289	42.3214444
	21.2818943	42.3214602
	21.2820082	42.3214192
	21.2821357	42.321408
	21.2822153	42.3214006
	21.2822578	42.3213971
	21.2824397	42.3213256
	21.2825749	42.3212801
	21.2828284	42.3211727
	21.2833542	42.3209866
	21.2833274	42.3208779
	21.2835989	42.3208747
	21.2839672	42.3209129
	21.2843033	42.3207854
	21.2849582	42.3205935
	21.2853513	42.3204955
	21.2855917	42.3203945
	21.2858843	42.320315
	21.2859868	42.32029
	21.2863721	42.3202739
	21.2866499	42.3204622
	21.2876701	42.3212397
	21.2876302	42.3212665
	21.2875851	42.3214428
	21.2875528	42.3215924
	21.2875629	42.3216801
	21.287547	42.3218063
	21.287365	42.3217837
	21.2872285	42.3217656
	21.2870857	42.3217236
	21.286798	42.3216623
	21.2862689	42.3216537
	21.2862262	42.3217596
	21.2861546	42.3218897
	21.2861488	42.3219571
	21.2861192	42.322067
	21.2861078	42.3222278
	21.2860432	42.3224103
	21.2860252	42.3225154
	21.2860458	42.3226426
	21.2860228	42.3227018
	21.2859683	42.3228875
	21.285958	42.323036
	21.2859421	42.3231971
	21.2859122	42.3236805
	21.2859072	42.32377
	21.2858835	42.323871
	21.2858804	42.3239942
	21.2858264	42.3242042
	21.2858386	42.324584
	21.2850541	42.3247088
	21.283623	42.3249145
	21.2836904	42.3250076
	21.2839429	42.325307
	21.2839638	42.3253318
	21.2831209	42.3255817
	21.283001	42.3256346
	21.2830699	42.3259978
	21.2832028	42.3263577
	21.2832721	42.3269655
	21.2834378	42.327219
	21.2834288	42.3273956
	21.2834868	42.3276027
	21.283517	42.3277491
	21.2834849	42.3282092
	21.2834766	42.3283344
	21.2833599	42.3284652
	21.2832341	42.3285545
	21.2831248	42.3287383
	21.2830696	42.3289831
	21.2830927	42.3291032
	21.2831941	42.3293692
	21.2834229	42.3295596
	21.2838997	42.3299045
	21.2844179	42.3302531
	21.284728	42.3303835
	21.2848461	42.330507
	21.2849498	42.3305628
	21.2850533	42.3306186
	21.2851639	42.3306969
	21.2853191	42.3307426
	21.2854203	42.3307559
	21.2856819	42.330858
	21.2855752	42.3310058
	21.2862559	42.3315087
	21.2865063	42.3317298
	21.2868299	42.3319905
	21.2871304	42.3322636
	21.2871315	42.3322645
	21.287137	42.3322694
	21.2874626	42.3325514
	21.2875844	42.3326618
	21.2874406	42.3327679
	21.2876603	42.3330064
	21.2876972	42.3330749
	21.287589	42.3331967
	21.2875312	42.3332382
	21.2874411	42.3333026
	21.287363	42.3333773
	21.2872593	42.3334741
	21.2869476	42.3337458
	21.2868164	42.333902
	21.286531	42.3341737
	21.2864537	42.3342832
	21.286266	42.3344713
	21.2861486	42.3346066
	21.2857297	42.3348391
	21.2852787	42.3350926
	21.2850345	42.3352796
	21.2847602	42.3354061
	21.2845771	42.3354727
	21.2845014	42.3353846
	21.2844164	42.3353799
	21.2844065	42.3353793
	21.2838848	42.3350928
	21.2835725	42.3349315
	21.2832797	42.3347754
	21.2829596	42.3345896
	21.2829581	42.3345887
	21.2829554	42.3345871
	21.2826345	42.3344057
	21.282336	42.3342342
	21.2819401	42.3340286
	21.281932	42.3340245
	21.2819316	42.3340244
	21.2819313	42.334024
	21.2817945	42.3339327
	21.2817896	42.3339294
	21.2817894	42.3339294
	21.2816546	42.3338694
	21.2816465	42.3338647
	21.2814755	42.3337665
	21.281475	42.3337662
	21.2814737	42.3337657
	21.2814699	42.3337637
	21.2813337	42.33369
	21.2810592	42.3335353
	21.2809743	42.333482
	21.2808159	42.3333842
	21.2807817	42.3334082
	21.2804873	42.333248
	21.2802692	42.3330839
	21.280073	42.3329859
	21.279894	42.3328747
	21.2797233	42.3327712
	21.2797159	42.332767
	21.27935	42.3325588
	21.2792749	42.3325225
	21.2792362	42.332502
	21.2789079	42.3323631
	21.2788327	42.3323194
	21.2785827	42.3321631
	21.27855	42.3321411
	21.2784185	42.3320615
	21.2780103	42.3318283
	21.2779985	42.3316972
	21.2779911	42.3315759
	21.2779913	42.3315724
	21.2780017	42.3312505
	21.277991	42.3308272
	21.2774058	42.3301928
	21.2771562	42.3299476
	21.2769259	42.3296879
	21.2765909	42.3293387
	21.2764636	42.3291953
	21.2762493	42.3288117
	21.2761136	42.3288637
	21.2757963	42.3285875
	21.2756647	42.3285159
	21.2755422	42.3285055
	21.2752194	42.3285759
	21.2749419	42.328584
	21.2747916	42.3285514
	21.2746367	42.3285304
	21.2745438	42.3284945
	21.2744732	42.328475
	21.2744748	42.3284282
	21.2742646	42.3283648
	21.2740301	42.3283252
	21.2738522	42.3282268
	21.27358	42.3281376
	21.273219	42.3279889
	21.2731482	42.3279711
	21.2727413	42.3277879
	21.2725955	42.3277391
	21.2722781	42.32766
	21.2719318	42.3275481
	21.2718609	42.3275136
	21.2716237	42.3273944
	21.27139	42.3271486
	21.2713356	42.3271024
	21.2709663	42.3267372
	21.2706911	42.3264756
	21.2706585	42.326445
	21.2705596	42.3263582
	21.2703408	42.3262031
	21.2702422	42.3261235
	21.2701447	42.3260424
	21.2700096	42.3259549
	21.2707043	42.3255095
	21.2706812	42.325486
	21.2701338	42.3252176
	21.2698897	42.3251058
	21.2697645	42.325055
	21.2696348	42.3249897
	21.2692734	42.325192
	21.2689443	42.3253913
	21.268561	42.3256074
	21.2684461	42.3256699
	21.2680219	42.3259005
	21.2678994	42.3259443
	21.2676457	42.3260074
	21.2675031	42.3260314
	21.267286	42.3260673
	21.2671263	42.3261678
	21.2665148	42.3260313
	21.2663631	42.3260235
	21.266007	42.3260103
	21.265948	42.3259937
	21.2655476	42.3259093
	21.2653212	42.3258614
	21.2650173	42.3258485
	21.2647255	42.325838
	21.2641974	42.3258229
	21.263877	42.3258085
	21.2635233	42.3258057
	21.2633044	42.3258645
	21.2631187	42.3259238
	21.2630004	42.3259449
	21.2626972	42.3260206
	21.2624761	42.3260662
	21.2623965	42.3260897
	21.2623377	42.3260935
	21.2621958	42.326119
	21.2619183	42.3261716
	21.2616916	42.3262134
	21.2612076	42.3263158
	21.2608582	42.3263859
	21.2607144	42.326414
	21.2602223	42.3265187
	21.2598106	42.3265725
	21.2595326	42.326608
	21.2593654	42.3266274
	21.2588659	42.3266779
	21.2587233	42.3267155
	21.2584691	42.326808
	21.2583895	42.3268386
	21.2580021	42.327002
	21.2576366	42.3271349
	21.2569811	42.3274092
	21.2562432	42.3276891
	21.2556876	42.3278738
	21.2552998	42.3279948
	21.2549951	42.3281201
	21.254663	42.3282504
	21.2543901	42.3283485
	21.2541305	42.3284252
	21.2534706	42.3286288
	21.2531478	42.3287265
	21.2526743	42.3288141
	21.2525683	42.3288218
	21.2525632	42.3287064
	21.2525623	42.3286235
	21.2525562	42.3285427
	21.2525735	42.3284385
	21.2522994	42.3283035
	21.2520047	42.3282129
	21.2515463	42.3281113
	21.2514718	42.3280957
	21.2513219	42.3280295
	21.2510607	42.3277894
	21.2509635	42.3277205
	21.2509013	42.3276641
	21.2508931	42.3276558
	21.2508151	42.3275788
	21.2508046	42.3275677
	21.250753	42.3275126
	21.2506645	42.3274369
	21.2506527	42.3274281
	21.2506046	42.3273925
	21.2505291	42.3273078
	21.2504893	42.3272705
	21.2503199	42.327124
	21.2501486	42.3269842
	21.2500132	42.3268998
	21.2497025	42.3266661
	21.2496007	42.3265818
	21.2495378	42.3265381
	21.249483	42.3264636
	21.2494573	42.326437
	21.2493211	42.3263223
	21.2491636	42.3261702
	21.2488313	42.3258444
	21.2485528	42.3256435
	21.2484697	42.3255432
	21.2484555	42.3255316
	21.2483003	42.3254029
	21.2477171	42.3251039
	21.2474726	42.3249976
	21.2473027	42.3249854
	21.2471373	42.3249063
	21.2470329	42.3248702
	21.2470214	42.3248596
	21.2468754	42.3247819
	21.2467719	42.3247265
	21.2466395	42.324656
	21.2463104	42.3245088
	21.2461205	42.324424
	21.2460342	42.3243743
	21.2459634	42.3243306
	21.2457919	42.3242934
	21.245701	42.3243071
	21.2454475	42.3240683
	21.245264	42.3238368
	21.2448272	42.3232722
	21.2446151	42.3230058
	21.2444292	42.3228452
	21.2438697	42.3224989
	21.2437254	42.3224201
	21.2436703	42.3223722
	21.2434124	42.3221823
	21.2433002	42.322119
	21.2431306	42.322172
	21.2430473	42.3221509
	21.2427168	42.3220273
	21.2425992	42.3219866
	21.2423626	42.3218962
	21.2422237	42.3218362
	21.2421311	42.3217793
	21.2418711	42.3217493
	21.2416634	42.3216844
	21.2411108	42.3214536
	21.2410678	42.3214276
	21.2408816	42.3212547
	21.2407984	42.3211971
	21.2405242	42.3210033
	21.2399845	42.3206801
	21.2399238	42.3206021
	21.2397829	42.3204186
	21.239061	42.3196293
	21.2387246	42.3192818
	21.2384236	42.3190499
	21.2381732	42.318885
	21.2380284	42.3188089
	21.2378171	42.3187453
	21.2374175	42.3184596
	21.2373677	42.3184607
	21.2369718	42.3184694
	21.2369568	42.3184669
	21.2368103	42.3184429
	21.2366356	42.3183998
	21.2366267	42.3183982
	21.2364458	42.3183652
	21.2360289	42.3183268
	21.2360198	42.3183266
	21.2358752	42.3183218
	21.2358645	42.3183213
	21.2357	42.318313
	21.2355667	42.3183223
	21.2352782	42.3182634
	21.2352661	42.3182591
	21.2350158	42.3181711
	21.2349432	42.3181106
	21.2349882	42.3180772
	21.2348397	42.3178042
	21.2347033	42.3175869
	21.2344568	42.3174732
	21.2343966	42.317403
	21.2343321	42.317366
	21.2343285	42.3173044
	21.2342257	42.3172246
	21.2341551	42.3171895
	21.2341039	42.3171385
	21.2338209	42.3169605
	21.2337167	42.3169029
	21.2335169	42.3168075
	21.2334464	42.3168052
	21.2333021	42.3167238
	21.233147	42.3166467
	21.2329762	42.3165692
	21.2326931	42.3164865
	21.2323701	42.3164029
	21.2322595	42.3163453
	21.2322212	42.3163437
	21.2322194	42.3163645
	21.2321376	42.3163606
	21.2318579	42.3162121
	21.2318052	42.3161268
	21.2317307	42.3161087
	21.2316361	42.3160535
	21.231343	42.3159715
	21.2312023	42.3158955
	21.2306726	42.3158741
	21.2303807	42.3158289
	21.2301351	42.315806
	21.2300807	42.3157969
	21.2299312	42.3157953
	21.2296893	42.3157355
	21.229375	42.3156622
	21.2292036	42.3156235
	21.229121	42.3155986
	21.2285855	42.3154021
	21.2285792	42.3154133
	21.2285242	42.3155152
	21.2285036	42.3155983
	21.2284746	42.3157746
	21.2282554	42.3157209
	21.2281343	42.3156962
	21.2280032	42.3156582
	21.227805	42.3156015
	21.2275906	42.3155436
	21.2274161	42.3155125
	21.2273467	42.3154744
	21.2272467	42.3154487
	21.227076	42.3154075
	21.2269639	42.3153838
	21.2268324	42.3153711
	21.2266508	42.3153272
	21.2264147	42.3153001
	21.2261591	42.3152139
	21.2261133	42.3151921
	21.2260419	42.3151408
	21.2260192	42.3151012
	21.2248416	42.315372
	21.2247134	42.3153607
	21.2246624	42.3153554
	21.2245233	42.3153465
	21.2243466	42.3152959
	21.2242388	42.3152471
	21.2240712	42.315223
	21.2239156	42.3152419
	21.2236817	42.3151755
	21.2235469	42.31515
	21.2234603	42.3151915
	21.2232943	42.3152213
	21.2231534	42.3152145
	21.2231012	42.3152189
	21.2230366	42.3152184
	21.2229413	42.3152037
	21.2228231	42.3151801
	21.2226836	42.3151832
	21.2225846	42.3151692
	21.2224947	42.315169
	21.222283	42.3151618
	21.2221099	42.3151523
	21.22206	42.3151508
	21.2220255	42.3151414
	21.2220251	42.3151413
	21.2219783	42.3151447
	21.2218655	42.3151338
	21.2217675	42.3151149
	21.221644	42.3151111
	21.2215178	42.3150972
	21.2214366	42.3151156
	21.2213338	42.3151365
	21.2213306	42.3151372
	21.2212503	42.3151369
	21.2210658	42.315165
	21.2208967	42.3151643
	21.2207012	42.3151668
	21.2206674	42.3151718
	21.2206651	42.315172
	21.2206649	42.315172
	21.2205184	42.315127
	21.2203661	42.3150898
	21.2203585	42.3150879
	21.2203552	42.3150872
	21.2201275	42.3150359
	21.2201141	42.3150364
	21.2197562	42.3150506
	21.219451	42.3150786
	21.21945	42.3150786
	21.2193296	42.3150757
	21.2193284	42.3150757
	21.2193262	42.3150757
	21.2193259	42.3150757
	21.2193232	42.3150756
	21.2192163	42.3150735
	21.2191211	42.3150733
	21.2190272	42.3150673
	21.2189066	42.3150524
	21.2185367	42.3150496
	21.2184389	42.3150533
	21.2182455	42.315045
	21.2181689	42.3150161
	21.2180932	42.3149832
	21.2180237	42.314974
	21.2179226	42.3149394
	21.217874	42.3149212
	21.2178121	42.3149165
	21.2176186	42.3148726
	21.2175673	42.3148583
	21.2174965	42.3148697
	21.2174415	42.314881
	21.2173877	42.3148705
	21.2173208	42.3148849
	21.21732	42.3148845
	21.2172656	42.3148628
	21.2172212	42.3148395
	21.2171794	42.3148223
	21.2171216	42.3148049
	21.2170908	42.3147983
	21.2170369	42.3147783
	21.2169822	42.3147529
	21.2169317	42.3147301
	21.2168845	42.3147029
	21.2168025	42.314673
	21.2167662	42.3146576
	21.2167242	42.3146411
	21.2166585	42.3146239
	21.2165737	42.314596
	21.2165671	42.3145957
	21.2165161	42.3145926
	21.2164518	42.3145748
	21.2164008	42.3145723
	21.2164045	42.3145477
	21.2163586	42.3145373
	21.21632	42.3145327
	21.2163037	42.3145308
	21.2162572	42.3145238
	21.216211	42.3145168
	21.2161571	42.3145053
	21.2161182	42.3144969
	21.216074	42.3144857
	21.2160511	42.3144798
	21.2159142	42.3144478
	21.215855	42.3144305
	21.2158168	42.3144191
	21.2158167	42.3144191
	21.2158161	42.314419
	21.2158094	42.3144174
	21.2157672	42.3144072
	21.2156262	42.3143732
	21.215554	42.3143562
	21.2153921	42.3143177
	21.2153567	42.3143094
	21.2152288	42.3142752
	21.2151495	42.3142602
	21.2151092	42.3142525
	21.2150548	42.3142963
	21.2149523	42.3142654
	21.21495	42.3142647
	21.2149494	42.3142645
	21.2148974	42.3142455
	21.214811	42.3142018
	21.2145913	42.3140965
	21.2144664	42.3140291
	21.2144029	42.3139904
	21.2143638	42.3139687
	21.2142883	42.3139264
	21.214208	42.3138644
	21.2141395	42.3138115
	21.2140526	42.3137616
	21.2139656	42.3137115
	21.2138808	42.3136633
	21.2137487	42.3135752
	21.2136771	42.3135383
	21.2135692	42.313484
	21.2134708	42.3134347
	21.2133754	42.3133898
	21.2133092	42.3133585
	21.2132127	42.3133085
	21.2131185	42.3132544
	21.2130695	42.3132235
	21.2128938	42.3131238
	21.2128018	42.3130779
	21.2127509	42.3130566
	21.212531	42.3129703
	21.2120676	42.3127367
	21.2120031	42.3127183
	21.2116362	42.312522
	21.2114754	42.312408
	21.211697	42.3123183
	21.2117708	42.3122727
	21.2119396	42.3121487
	21.2120273	42.3120583
	21.2121289	42.3119975
	21.2122213	42.3119258
	21.2122264	42.3119217
	21.212227	42.3119213
	21.2123257	42.311854
	21.2124772	42.311745
	21.2125929	42.3116729
	21.212667	42.3115939
	21.2127709	42.3115291
	21.2127771	42.3115252
	21.2128608	42.3114681
	21.2129645	42.3113849
	21.2130637	42.3113177
	21.2131784	42.3112658
	21.2131856	42.3111993
	21.2131313	42.3111506
	21.2126363	42.3107322
	21.213051	42.3104206
	21.2126995	42.3102665
	21.2122322	42.3105275
	21.2120514	42.3106792
	21.2119206	42.310741
	21.2117786	42.3107861
	21.2115979	42.3108462
	21.2111215	42.3108792
	21.2109492	42.3108869
	21.2107546	42.3108393
	21.2104984	42.3107356
	21.210417	42.3107041
	21.2103724	42.3106783
	21.2102549	42.3106342
	21.2100722	42.3106042
	21.2098837	42.3105953
	21.2096711	42.3105928
	21.2091761	42.310694
	21.2089552	42.3107313
	21.2088747	42.3107537
	21.2087731	42.3107493
	21.2087284	42.3107664
	21.2086837	42.3107835
	21.2087112	42.3108168
	21.2084861	42.3108856
	21.2084328	42.3109397
	21.2083793	42.3109939
	21.2083343	42.3110466
	21.2082695	42.3111305
	21.2082077	42.3112199
	21.2081431	42.3113154
	21.2077924	42.311168
	21.20758	42.3110566
	21.207378	42.3109618
	21.2063533	42.3104906
	21.2060321	42.3103508
	21.205903	42.3102308
	21.2057915	42.3101898
	21.2056803	42.3099262
	21.2058067	42.3097169
	21.2058751	42.3097092
	21.2063034	42.3097067
	21.2065622	42.3095221
	21.206433	42.3093937
	21.2062938	42.309255
	21.2058668	42.3087806
	21.2059079	42.3087607
	21.2065456	42.3085226
	21.2072123	42.3082661
	21.2074066	42.3081904
	21.2077602	42.3080328
	21.2075896	42.3075452
	21.2075093	42.3073411
	21.2074694	42.3072276
	21.2074302	42.3071464
	21.207262	42.307175
	21.2070223	42.3071696
	21.2068603	42.3072547
	21.2067923	42.3072409
	21.2066658	42.3071435
	21.2066053	42.3070968
	21.2064825	42.3069482
	21.205977	42.3063681
	21.2065524	42.3062572
	21.2067773	42.3062126
	21.2069723	42.3061566
	21.2074113	42.3059871
	21.2076561	42.3058786
	21.2075464	42.3057737
	21.2070744	42.3053396
	21.2066544	42.3048986
	21.2066288	42.304851
	21.2066044	42.3048056
	21.2064449	42.3045074
	21.20642	42.3044995
	21.2060432	42.3040926
	21.2064246	42.3035797
	21.2065413	42.3034842
	21.2068139	42.3034185
	21.2070437	42.3033697
	21.2072076	42.303186
	21.2073105	42.303092
	21.2074383	42.303049
	21.2080459	42.3023969
	21.2083268	42.3022188
	21.2084864	42.3020155
	21.2088047	42.3017197
	21.2090526	42.3016626
	21.2091144	42.3015102
	21.2091459	42.3013884
	21.2088864	42.3013114
	21.2086988	42.3012141
	21.2084158	42.3010219
	21.2084122	42.3010148
	21.2083273	42.3008424
	21.2082817	42.3007227
	21.2082485	42.3007063
	21.2079933	42.3005808
	21.2079363	42.3005527
	21.2079069	42.3005412
	21.2078733	42.3002635
	21.2076297	42.299982
	21.2075964	42.2999413
	21.2075289	42.2998909
	21.2073597	42.2997822
	21.2073348	42.3001553
	21.2069174	42.3001305
	21.2061198	42.3000606
	21.2046712	42.2999688
	21.203644	42.2999005
	21.2029902	42.2998564
	21.2030676	42.299517
	21.2030772	42.2993751
	21.2031088	42.2990827
	21.2031872	42.2984788
	21.2032347	42.2982627
	21.2032645	42.2979737
	21.2034069	42.2968789
	21.2034783	42.2963374
	21.2035703	42.2957434
	21.2036232	42.2954767
	21.2036496	42.2952448
	21.2036772	42.2951318
	21.2037179	42.2947633
	21.2035178	42.2948658
	21.2034226	42.2948943
	21.2033408	42.2949323
	21.2030169	42.2950313
	21.2029389	42.2950577
	21.2027347	42.2950522
	21.2024353	42.2950359
	21.2023861	42.2950352
	21.2020375	42.2950141
	21.2019678	42.2950104
	21.2014672	42.2949833
	21.2003702	42.2949297
	21.2002431	42.294918
	21.2001218	42.294905
	21.1998426	42.2948931
	21.1996403	42.2948806
	21.1994377	42.2948652
	21.1992129	42.2948544
	21.1988048	42.2948335
	21.1985992	42.2948183
	21.1983505	42.2948061
	21.1982296	42.2947958
	21.1978847	42.2947746
	21.1974033	42.2947444
	21.1977426	42.2939684
	21.1978382	42.2937471
	21.1978513	42.2937102
	21.1980632	42.2931725
	21.1981049	42.293124
	21.1981082	42.293108
	21.1981289	42.2930093
	21.1981247	42.292794
	21.1981555	42.2924186
	21.1981556	42.2924172
	21.1981749	42.2920562
	21.1982065	42.2919655
	21.1977014	42.2919116
	21.1974816	42.2918556
	21.1969149	42.2915764
	21.1962231	42.2911038
	21.1961943	42.2910838
	21.1959997	42.2909336
	21.1957646	42.2907488
	21.1956727	42.2906859
	21.1955629	42.2904731
	21.1955023	42.2904373
	21.1954476	42.2904229
	21.195171	42.2903468
	21.1950727	42.2903175
	21.1948468	42.2902886
	21.1947617	42.2902759
	21.1942109	42.2901697
	21.1936402	42.2899773
	21.1931767	42.2898165
	21.1931452	42.2898821
	21.193007	42.290169
	21.1929416	42.2902505
	21.1925764	42.2905129
	21.1925015	42.2905688
	21.1922878	42.29048
	21.1916304	42.2902197
	21.1912462	42.29079
	21.1907907	42.2906192
	21.1905318	42.290794
	21.1903886	42.2908801
	21.1900828	42.2909099
	21.1900537	42.2909127
	21.1896017	42.2909548
	21.1895063	42.2910938
	21.1894799	42.2911629
	21.1894471	42.2912966
	21.1894195	42.291416
	21.1893851	42.2915043
	21.1893467	42.2916386
	21.1893248	42.2916937
	21.1893198	42.2918355
	21.1893306	42.2920865
	21.1893777	42.2922826
	21.1893899	42.2925064
	21.1895837	42.2928841
	21.1897079	42.2931096
	21.1897884	42.2933947
	21.1900177	42.2938121
	21.1900531	42.293919
	21.1899084	42.294085
	21.1897744	42.2943099
	21.1897522	42.2943386
	21.189721	42.294378
	21.1896977	42.294407
	21.1893791	42.2947906
	21.1893684	42.2948035
	21.1893089	42.2949189
	21.1892584	42.2949571
	21.1892131	42.294998
	21.1889329	42.2952561
	21.1880109	42.2961333
	21.1877918	42.2962857
	21.1876444	42.2963663
	21.1875204	42.296462
	21.1875044	42.2964666
	21.1870884	42.2965804
	21.1868131	42.2965826
	21.1867056	42.2965046
	21.1864334	42.29622
	21.1860422	42.2963665
	21.1858013	42.2964999
	21.1855136	42.2966601
	21.1854744	42.296665
	21.1850268	42.2972051
	21.1848554	42.2974123
	21.1845768	42.297702
	21.1843788	42.2977391
	21.1839238	42.2980164
	21.1835377	42.2982481
	21.1828395	42.2986765
	21.1818725	42.2994357
	21.1810685	42.3006093
	21.1810614	42.3006221
	21.1809307	42.3008335
	21.1803554	42.3021015
	21.1802225	42.3023419
	21.1800914	42.3025841
	21.1798353	42.3030877
	21.1797949	42.303189
	21.1798002	42.3032823
	21.1796315	42.3033252
	21.1795318	42.3032486
	21.1792446	42.3030797
	21.1790172	42.3030099
	21.178813	42.3030281
	21.1787529	42.3030467
	21.1785324	42.3031192
	21.1779302	42.3032473
	21.1777614	42.3031821
	21.1776969	42.3031404
	21.177673	42.3030195
	21.1774742	42.3027267
	21.1773358	42.3026301
	21.1771535	42.3025493
	21.1769177	42.3023633
	21.1768339	42.3022376
	21.1768014	42.3020619
	21.1767471	42.3017076
	21.1766477	42.3015106
	21.1766012	42.3014193
	21.1765982	42.3014136
	21.1764046	42.3010197
	21.1763102	42.3009045
	21.1759685	42.3004564
	21.1758418	42.3003505
	21.1755812	42.3002812
	21.1753401	42.3002233
	21.1752804	42.3002072
	21.1751546	42.3001995
	21.1751315	42.3002129
	21.1750936	42.3002349
	21.1748008	42.3002724
	21.1746686	42.3002842
	21.1743833	42.3003011
	21.1741775	42.3003037
	21.1740958	42.3002751
	21.1739212	42.3002646
	21.1736113	42.3002793
	21.1736053	42.3002796
	21.1733067	42.3003133
	21.1730641	42.3003258
	21.1729587	42.3003325
	21.1727849	42.3003064
	21.1725096	42.3002577
	21.1721874	42.3001714
	21.1721833	42.3001702
	21.1721822	42.3001699
	21.1721819	42.3001698
	21.1718039	42.300086
	21.1715112	42.3000677
	21.1714045	42.3000441
	21.1706802	42.3000555
	21.1706003	42.3000678
	21.1705222	42.3001115
	21.1702792	42.3001133
	21.1700774	42.3000136
	21.1698405	42.3000071
	21.1695188	42.3000303
	21.1695095	42.300031
	21.1694028	42.3000166
	21.1692661	42.2999686
	21.1691245	42.2999266
	21.1689862	42.2998339
	21.1689052	42.2997352
	21.1689022	42.2997316
	21.1685153	42.2996016
	21.1683408	42.299528
	21.1680257	42.2994099
	21.1677432	42.2993328
	21.1676384	42.2992543
	21.1676343	42.2992513
	21.1675805	42.2990593
	21.1675146	42.2988659
	21.1674572	42.2986359
	21.1674792	42.29853
	21.1674549	42.2983601
	21.1674033	42.2982822
	21.1673978	42.2982539
	21.167397	42.2982492
	21.1674	42.298218
	21.1673876	42.2982074
	21.1673365	42.2981138
	21.1672894	42.2980593
	21.1672124	42.2979865
	21.1671545	42.2979138
	21.1670906	42.2977829
	21.1671205	42.2977038
	21.1671368	42.2976146
	21.1670604	42.2975363
	21.166875	42.29742
	21.1668118	42.2973658
	21.1665786	42.2972621
	21.1665155	42.2972195
	21.1664238	42.2971213
	21.1664113	42.2970782
	21.1662438	42.2967325
	21.1661075	42.2965363
	21.1660011	42.2963295
	21.1659072	42.2961259
	21.1659768	42.2958889
	21.1660509	42.2956772
	21.1661093	42.2956531
	21.1663152	42.2955364
	21.1663871	42.2954724
	21.1663385	42.2954833
	21.1659317	42.2954756
	21.1656792	42.2954326
	21.1654719	42.2953961
	21.1654435	42.2952202
	21.1653754	42.2950452
	21.1653642	42.2950163
	21.1653067	42.2950158
	21.1652694	42.2950201
	21.1652084	42.2950322
	21.1650001	42.295028
	21.1647572	42.2950153
	21.1646431	42.2949468
	21.1645368	42.2948634
	21.1644639	42.2947721
	21.1643934	42.2946424
	21.1643879	42.2946322
	21.1643636	42.2945861
	21.1641475	42.2944956
	21.1640168	42.2944567
	21.1637301	42.2943599
	21.1634697	42.2942612
	21.1632883	42.2941824
	21.1630445	42.2940457
	21.1628165	42.2939249
	21.1627816	42.2938939
	21.1626201	42.2937777
	21.16246	42.2936432
	21.1623955	42.2935696
	21.1623162	42.2935242
	21.1620486	42.2933091
	21.1619586	42.293189
	21.1619573	42.2931873
	21.1619566	42.2931865
	21.1619563	42.2931858
	21.1618607	42.2930457
	21.1617636	42.2929562
	21.1616748	42.2928571
	21.1616732	42.2928553
	21.1616054	42.29274
	21.1616029	42.2927356
	21.1615419	42.2926686
	21.1615305	42.2926276
	21.1615294	42.2926236
	21.161429	42.2923141
	21.1614218	42.2922451
	21.1612753	42.2918607
	21.161198	42.2916053
	21.1611391	42.2914656
	21.1611123	42.291406
	21.1611023	42.2913836
	21.1610325	42.2911498
	21.1609622	42.2910273
	21.1608493	42.2909212
	21.1607576	42.2907882
	21.1605748	42.2905834
	21.1605029	42.2904311
	21.1604841	42.2904033
	21.1602928	42.2901189
	21.16013	42.2899234
	21.1599855	42.2896182
	21.1599165	42.2894574
	21.159777	42.2893138
	21.1595502	42.289134
	21.159475	42.2890115
	21.1593689	42.2889183
	21.1592539	42.2887469
	21.1591082	42.2886109
	21.1590072	42.2885287
	21.1588749	42.2884585
	21.1584923	42.2883169
	21.1584263	42.2882691
	21.1583852	42.2881775
	21.1583313	42.2881339
	21.1578567	42.2880192
	21.1574445	42.2879169
	21.1572795	42.2879095
	21.1569654	42.287847
	21.1565293	42.2877984
	21.1550581	42.2874738
	21.1542268	42.2872132
	21.1537696	42.2870414
	21.1531806	42.2867483
	21.1530484	42.2866987
	21.1527846	42.2866942
	21.1525621	42.2868142
	21.1524437	42.2871784
	21.1523265	42.287388
	21.1521989	42.2875747
	21.1520757	42.2876717
	21.152005	42.287664
	21.1520079	42.2875883
	21.1519571	42.2874333
	21.151697	42.2871842
	21.1515138	42.2869902
	21.1505264	42.2869088
	21.1497907	42.2866489
	21.1493196	42.2866348
	21.1488445	42.2865613
	21.1485046	42.2864301
	21.1482818	42.286429
	21.1481833	42.2864246
	21.1478058	42.2863379
	21.1475185	42.2863276
	21.1472894	42.2862815
	21.1470451	42.2862578
	21.1468037	42.2862055
	21.1467493	42.2862092
	21.1461545	42.2862247
	21.145778	42.2861941
	21.1454519	42.2862717
	21.1451982	42.286339
	21.1448001	42.2863898
	21.1446751	42.2863985
	21.1445404	42.2864156
	21.1444053	42.2864324
	21.1443667	42.2864381
	21.1443068	42.2864468
	21.144255	42.2864544
	21.1442018	42.2864563
	21.1441485	42.2864584
	21.144127	42.2864879
	21.1441056	42.286486
	21.1439757	42.2864996
	21.1438574	42.2865128
	21.1437453	42.2865429
	21.1434801	42.2866279
	21.1432845	42.2866774
	21.1429448	42.28686
	21.1426065	42.2870303
	21.1425088	42.2870678
	21.1424832	42.2870787
	21.1423389	42.2871401
	21.142142	42.287224
	21.1420725	42.2872536
	21.1420062	42.2872818
	21.1420021	42.2873011
	21.1417841	42.2875088
	21.1417173	42.2877849
	21.1415944	42.2881372
	21.1415142	42.2886544
	21.1415332	42.2888333
	21.1413651	42.2889952
	21.1412615	42.2891317
	21.1410086	42.2892816
	21.1408788	42.289369
	21.140795	42.2894279
	21.1408016	42.289447
	21.1407805	42.2894934
	21.1406011	42.2896851
	21.1404171	42.2897711
	21.1402695	42.2898458
	21.1399925	42.2900571
	21.1397819	42.2902688
	21.1396781	42.2903717
	21.1395511	42.2904888
	21.1395311	42.2905067
	21.1394538	42.2905757
	21.1393415	42.2906549
	21.1392525	42.2906971
	21.1390501	42.2907257
	21.1389949	42.2907781
	21.1385363	42.2908806
	21.1383734	42.2908897
	21.1381475	42.2909571
	21.1381574	42.291096
	21.1383427	42.2913594
	21.1383688	42.2915653
	21.1376845	42.2917563
	21.1374449	42.2918497
	21.1374164	42.2919473
	21.1374021	42.2921435
	21.1373462	42.2923319
	21.1371373	42.292556
	21.1372645	42.2927287
	21.1370603	42.2931308
	21.1367842	42.2935998
	21.1367183	42.2936731
	21.1366985	42.2936953
	21.1366168	42.2937967
	21.1362754	42.2938877
	21.1362577	42.2940574
	21.1360546	42.2940448
	21.1356527	42.2938528
	21.1354324	42.293755
	21.1352683	42.2937432
	21.1352004	42.293734
	21.1349086	42.293746
	21.1347602	42.2938056
	21.1345179	42.2937491
	21.1345086	42.2938105
	21.1344517	42.2939858
	21.1340419	42.2941959
	21.1337603	42.2946361
	21.1335658	42.2948471
	21.1333555	42.2950187
	21.1331345	42.2951727
	21.1329252	42.2953709
	21.133049	42.2956494
	21.1329538	42.2956783
	21.132908	42.2956719
	21.1328858	42.2956506
	21.1328253	42.2956739
	21.1325335	42.2956909
	21.1324117	42.2955543
	21.1323579	42.2955187
	21.1323226	42.2954993
	21.1322571	42.2954225
	21.1321643	42.2953157
	21.1321022	42.2952288
	21.132064	42.2951468
	21.1320087	42.2950333
	21.1318573	42.2948497
	21.131761	42.294738
	21.1316065	42.2946094
	21.1315585	42.2945851
	21.1316053	42.2944849
	21.1315096	42.29423
	21.131244	42.2939184
	21.1305562	42.2932586
	21.1303556	42.293154
	21.129984	42.2929615
	21.1296863	42.2928306
	21.129209	42.2926206
	21.128622	42.2922568
	21.1281946	42.2921651
	21.1271761	42.2920671
	21.1265244	42.2918896
	21.1259854	42.2917373
	21.1257077	42.291651
	21.124978	42.2914266
	21.1246936	42.2913198
	21.1237755	42.2916221
	21.12359	42.2916446
	21.1230382	42.2915609
	21.1227648	42.2914768
	21.122509	42.291482
	21.1223118	42.291498
	21.1215802	42.291461
	21.1212485	42.2914032
	21.121051	42.2913705
	21.1202371	42.2912384
	21.1199219	42.2911351
	21.1195412	42.2911687
	21.1192673	42.2911824
	21.1189878	42.2911391
	21.1187876	42.2910851
	21.1187457	42.2910806
	21.1185963	42.2909275
	21.1184049	42.2908201
	21.1178835	42.2904085
	21.1164694	42.2899677
	21.1159371	42.2899116
	21.1155074	42.2895834
	21.1154654	42.2895804
	21.1147762	42.2894979
	21.1143705	42.2894521
	21.1143043	42.2894342
	21.1139353	42.2892946
	21.1134393	42.2890706
	21.1132641	42.2889592
	21.1132298	42.2888791
	21.1130334	42.288688
	21.1126148	42.2883223
	21.1124761	42.2880902
	21.1121562	42.2877174
	21.1118968	42.2873317
END
END
