6458796
1
	6.9418567	46.6170901
	6.9439808	46.6153663
	6.9443201	46.614782
	6.9451463	46.6137994
	6.945619	46.6133643
	6.9473663	46.6108343
	6.9478988	46.6103634
	6.9492261	46.6069402
	6.9497241	46.6047193
	6.9500648	46.6038313
	6.9503447	46.60349
	6.9520821	46.6013832
	6.9521922	46.6012929
	6.9531864	46.6018688
	6.9537062	46.602082
	6.9542592	46.6022251
	6.9560224	46.6024358
	6.957544	46.6026986
	6.9583415	46.6029783
	6.9596419	46.6034872
	6.9627788	46.6050615
	6.9628668	46.6045108
	6.9629179	46.6040786
	6.9632192	46.6037116
	6.9635065	46.6030112
	6.9639035	46.6024115
	6.9639709	46.6021389
	6.9643433	46.6020595
	6.9647217	46.6017749
	6.966025	46.600554
	6.9666142	46.5998182
	6.9673228	46.5991489
	6.9694999	46.5963675
	6.969758	46.5959155
	6.9706109	46.5953106
	6.9710775	46.5946526
	6.9725095	46.593508
	6.9730522	46.5931553
	6.974076	46.5923093
	6.974592	46.5918099
	6.9758437	46.5902084
	6.975989	46.5897085
	6.9764291	46.5888137
	6.9766232	46.5880589
	6.9772035	46.5870847
	6.9775561	46.5867111
	6.9789669	46.584569
	6.9794432	46.5840434
	6.9795743	46.5836745
	6.9800749	46.5828494
	6.9806003	46.5822965
	6.9831021	46.5808069
	6.9834704	46.5805413
	6.9856564	46.5796674
	6.9870724	46.5791553
	6.9874377	46.5790808
	6.9893149	46.5783217
	6.9897214	46.5779636
	6.9917984	46.5768521
	6.994619	46.5762482
	6.9958703	46.5756357
	6.9973332	46.5751487
	6.9994707	46.5740408
	6.9999832	46.5735706
	6.9997387	46.5734869
	6.9989213	46.5732371
	6.9985206	46.5729658
	6.9983319	46.5729136
	6.9979435	46.5725191
	6.9976982	46.5720068
	6.9971261	46.5714991
	6.9967072	46.5713065
	6.9960515	46.5711785
	6.9957018	46.5709463
	6.9951734	46.5702383
	6.9946557	46.5698491
	6.9942013	46.5694202
	6.9933948	46.5689372
	6.9930718	46.5686326
	6.9929768	46.5680498
	6.9927818	46.5678354
	6.9925894	46.5677678
	6.9920134	46.5677793
	6.991876	46.5676776
	6.9917899	46.5674879
	6.9917215	46.566625
	6.9913058	46.5664096
	6.9907002	46.5662086
	6.990388	46.5658224
	6.9889111	46.5647714
	6.9880199	46.5638669
	6.9877876	46.5634446
	6.987277	46.5630932
	6.9869323	46.5630135
	6.9860142	46.5625234
	6.985639	46.5619719
	6.985595	46.5613811
	6.9849869	46.5608999
	6.9850223	46.5605061
	6.9849068	46.5599353
	6.9850357	46.5588059
	6.9847198	46.5585943
	6.9843829	46.5581131
	6.9828893	46.557056
	6.9827266	46.5565804
	6.9825228	46.5564686
	6.9822013	46.5561762
	6.9820145	46.5558884
	6.9817828	46.5548412
	6.9823656	46.5542152
	6.9826061	46.5536909
	6.9829692	46.5535076
	6.9835865	46.553461
	6.9840139	46.5532341
	6.9842867	46.5530237
	6.9851654	46.5528411
	6.9853864	46.5528893
	6.9856977	46.55284
	6.9866977	46.5525077
	6.9873787	46.5524647
	6.9879393	46.5520986
	6.988188	46.5521061
	6.9885426	46.5522059
	6.9889527	46.5521818
	6.9897472	46.5518564
	6.9902095	46.5519051
	6.9906463	46.5518663
	6.9910403	46.5517092
	6.991368	46.5519995
	6.9916983	46.5519146
	6.9921834	46.5519647
	6.9924433	46.552164
	6.9929435	46.5521282
	6.9930376	46.5521941
	6.9932684	46.5521835
	6.9942623	46.5525836
	6.9942983	46.5527479
	6.9944096	46.5528375
	6.9944817	46.5529961
	6.9946807	46.5530674
	6.9950397	46.5533067
	6.9951987	46.5532346
	6.9955435	46.5533009
	7.0107741	46.545762
	7.0087051	46.54504
	7.0078921	46.5444311
	7.0072259	46.5434286
	7.0070645	46.5429479
	7.0069139	46.542762
	7.0069974	46.5419003
	7.0073433	46.541586
	7.0051171	46.5397766
	7.0047844	46.5392596
	7.0043961	46.5383614
	7.0044329	46.5379336
	7.0048411	46.5378727
	7.0050302	46.5376361
	7.0049369	46.5372684
	7.0044502	46.5365391
	7.0034729	46.5360867
	7.0033106	46.5357863
	7.0029754	46.5355403
	7.0028408	46.535194
	7.0026779	46.5350831
	7.0014916	46.5346555
	7.0009791	46.5340755
	7.0013997	46.5330662
	7.0024443	46.5315557
	7.0040438	46.5304387
	7.0050287	46.5295513
	7.0044784	46.5289868
	7.0029115	46.5275864
	7.0027223	46.5273137
	7.0022498	46.5273679
	7.0019671	46.5272208
	7.0013094	46.5271448
	7.0011271	46.5270184
	7.0011858	46.5269048
	7.0011389	46.5259089
	7.0007992	46.5250677
	7.0008359	46.523137
	7.0003969	46.5225226
	7.0001765	46.5223549
	6.999979	46.5213105
	7.0002528	46.5203083
	7.0001343	46.5198267
	6.9999606	46.5193452
	6.9987681	46.5179717
	6.9984176	46.5173302
	6.9995397	46.5154772
	6.9998573	46.5150822
	7.0001833	46.5141301
	7.0008397	46.5132626
	7.0010068	46.5104758
	7.0021895	46.5101308
	7.0021862	46.5092002
	7.0029892	46.5076728
	7.0024978	46.507225
	7.0013616	46.5064286
	6.9996918	46.5060902
	6.9969521	46.5048897
	6.996172	46.5044048
	6.9956247	46.5038723
	6.9943544	46.5034707
	6.9931894	46.5029158
	6.9914306	46.5017193
	6.9913314	46.5015934
	6.9908708	46.4995543
	6.990889	46.4989566
	6.9907356	46.4984604
	6.9909607	46.4973272
	6.9918371	46.4953847
	6.9918566	46.4947499
	6.9920078	46.4938949
	6.9919218	46.4929785
	6.9922751	46.4920555
	6.991803	46.4916203
	6.991158	46.4903238
	6.990725	46.4895966
	6.9899466	46.4890695
	6.98945	46.4881225
	6.9895562	46.4877464
	6.988687	46.4869569
	6.9878553	46.4860872
	6.9878042	46.4850531
	6.9879086	46.4837601
	6.9876225	46.4827829
	6.9872678	46.4822394
	6.9852313	46.4803382
	6.9849216	46.4796735
	6.9845353	46.4794261
	6.9837871	46.4786415
	6.9833222	46.478358
	6.9829885	46.4779209
	6.9822325	46.476594
	6.9816193	46.4763186
	6.9813247	46.4753879
	6.9803081	46.4744574
	6.9795026	46.4741675
	6.9792636	46.4741784
	6.9787033	46.4738348
	6.9784451	46.473731
	6.9779242	46.4732082
	6.9778291	46.4728904
	6.9780295	46.4722885
	6.9782539	46.4719296
	6.9783217	46.471615
	6.9789183	46.4703581
	6.9785961	46.4699699
	6.9784039	46.4696093
	6.9781544	46.4683309
	6.9782624	46.4678815
	6.978201	46.4674495
	6.9783593	46.4672073
	6.9789491	46.4667329
	6.9789572	46.4657883
	6.978741	46.4651848
	6.9786436	46.4643927
	6.9786855	46.46406
	6.9788182	46.4637637
	6.9790249	46.4624152
	6.9789686	46.4613805
	6.9790624	46.461066
	6.9794962	46.460573
	6.9800246	46.4596576
	6.9800517	46.4595407
	6.9798972	46.4593422
	6.9799641	46.4591176
	6.9801608	46.4589564
	6.9804869	46.4588678
	6.981008	46.4588249
	6.9815547	46.4588271
	6.982569	46.4589481
	6.9826995	46.4589037
	6.983779	46.4574687
	6.9843702	46.4568144
	6.98572	46.4557223
	6.9877755	46.4542911
	6.9884046	46.4537719
	6.9894121	46.4531282
	6.9897137	46.4528595
	6.9900698	46.4522942
	6.9902461	46.4514403
	6.9908972	46.4513979
	6.9910588	46.4507509
	6.9914957	46.449853
	6.991654	46.4496018
	6.9919163	46.4493599
	6.9921152	46.4489109
	6.9921162	46.448794
	6.9913164	46.4479363
	6.991148	46.4478456
	6.9909544	46.447647
	6.9908265	46.4473766
	6.9901163	46.4466991
	6.9898977	46.4463834
	6.9896421	46.4458156
	6.9889571	46.4452552
	6.988226	46.4439659
	6.985927	46.4418877
	6.9847021	46.4405334
	6.9841622	46.4397486
	6.9836113	46.4387299
	6.9837456	46.4382357
	6.9839428	46.4379936
	6.9847893	46.437907
	6.9858036	46.437974
	6.9874565	46.4379357
	6.9887826	46.4380994
	6.9888879	46.4381104
	6.9887956	46.4380759
	6.9892121	46.4381689
	6.9894056	46.4382583
	6.9928226	46.4388835
	6.9948339	46.439566
	6.9952228	46.4397475
	6.9961919	46.4405789
	6.9969719	46.4406719
	6.9976197	46.4410163
	6.9980079	46.4412876
	6.9986827	46.4415152
	6.9990729	46.4415347
	6.9994611	46.441806
	6.9997189	46.4421039
	7.0009526	46.4424235
	7.0020543	46.4429675
	7.0023518	46.4431936
	7.002506	46.443437
	7.0039348	46.4437574
	7.0063752	46.4445314
	7.0070255	46.4445788
	7.0075711	46.4446978
	7.0081292	46.4448799
	7.0092564	46.4455138
	7.0095548	46.4456229
	7.0099714	46.4456065
	7.0102962	46.4456707
	7.0111121	46.4461685
	7.0121502	46.4465593
	7.017202	46.4479185
	7.0176618	46.4473625
	7.0177152	46.4472825
	7.0178593	46.4470664
	7.0183416	46.4486424
	7.0190046	46.4504261
	7.0192951	46.4515696
	7.019578	46.4520025
	7.019808	46.4525611
	7.0201498	46.4538038
	7.0207159	46.4563427
	7.021034	46.4572884
	7.0211931	46.4585934
	7.0202363	46.4594445
	7.0211413	46.4602574
	7.0219808	46.4611151
	7.0226919	46.4617474
	7.0248667	46.4633297
	7.026774	46.4641732
	7.0270442	46.464579
	7.0272359	46.4650565
	7.0278808	46.4658414
	7.0284593	46.4668151
	7.0385193	46.4743174
	7.0394009	46.4748332
	7.0420433	46.4760616
	7.0440669	46.4765822
	7.0457645	46.4777903
	7.0464724	46.4780146
	7.0477495	46.4789761
	7.0486023	46.4802162
	7.049648	46.4809406
	7.0509224	46.4818233
	7.0544303	46.4827456
	7.0590933	46.4852241
	7.0595787	46.4858911
	7.0607705	46.4870272
	7.0610898	46.4872734
	7.065826	46.4890399
	7.0688995	46.48754
	7.0698754	46.4870637
	7.070031	46.4869878
	7.0724007	46.4864002
	7.077589	46.4888329
	7.0796361	46.4884659
	7.082429	46.4877745
	7.0869577	46.4877887
	7.0889065	46.486931
	7.0927389	46.487468
	7.0950164	46.4880702
	7.0980222	46.4884061
	7.100368	46.4869874
	7.1029981	46.4878594
	7.1053596	46.4893179
	7.106161	46.4902338
	7.106328	46.4913136
	7.1066793	46.4922223
	7.1084798	46.4928531
	7.1096249	46.4943425
	7.1101703	46.4948003
	7.1126797	46.4953437
	7.1180972	46.497546
	7.1227892	46.4986902
	7.1265894	46.5027711
	7.1263998	46.5031727
	7.130955	46.5046637
	7.1362354	46.5086078
	7.1370379	46.51308
	7.1400504	46.5168789
	7.1398827	46.5184168
	7.1405148	46.518909
	7.1404421	46.5198767
	7.1408621	46.5202987
	7.1416297	46.5207146
	7.1422998	46.520881
	7.1427474	46.5212537
	7.1431837	46.5218286
	7.1436957	46.524748
	7.1453015	46.5270143
	7.1483542	46.528463
	7.1483836	46.5284754
	7.1489455	46.5285168
	7.1497267	46.5283166
	7.1507889	46.5278208
	7.1511773	46.5278124
	7.1519759	46.5275346
	7.1528526	46.5273322
	7.1536635	46.5273013
	7.1541536	46.5274037
	7.1546209	46.5272802
	7.154968	46.5273634
	7.1562248	46.5274135
	7.1569186	46.526992
	7.1576275	46.5269303
	7.1578189	46.5268132
	7.1583435	46.5268145
	7.1585747	46.5269115
	7.1589323	46.5269194
	7.1592988	46.5272001
	7.1596498	46.5271798
	7.160605	46.527589
	7.1612175	46.5277339
	7.1617979	46.5281586
	7.162713	46.528403
	7.1629235	46.528547
	7.1634618	46.5285459
	7.1639025	46.5289703
	7.1643101	46.5292182
	7.1645502	46.5295785
	7.1653698	46.5298509
	7.166147	46.5304453
	7.1666498	46.5307287
	7.1671023	46.5308638
	7.1670947	46.5310119
	7.1683802	46.531483
	7.1686992	46.53174
	7.169852	46.532159
	7.1700601	46.5321218
	7.1705432	46.5322594
	7.1707026	46.5323938
	7.1707291	46.5325467
	7.1711886	46.5328189
	7.1714761	46.5329905
	7.1720975	46.5332376
	7.1726439	46.5332781
	7.1728448	46.5333343
	7.1738699	46.5339438
	7.174205	46.5340882
	7.1750697	46.5346378
	7.1756698	46.5350918
	7.1761202	46.5352956
	7.1763706	46.535512
	7.1766387	46.5356211
	7.1769233	46.5359428
	7.1775138	46.5361833
	7.1779151	46.5364509
	7.1782057	46.5364814
	7.1789261	46.5368223
	7.1792884	46.5370686
	7.1796326	46.537218
	7.1808169	46.5380067
	7.1809991	46.5380791
	7.1815168	46.5381427
	7.1820132	46.5383364
	7.1823391	46.5383699
	7.1873278	46.5425883
	7.1906521	46.5448787
	7.1921777	46.5465571
	7.1934221	46.5461361
	7.2008133	46.5416919
	7.201075	46.5400003
	7.2036898	46.5370741
	7.2076536	46.5329056
	7.2099203	46.5341535
	7.2118809	46.5359357
	7.2123662	46.5363769
	7.2125148	46.5365881
	7.2123253	46.5367769
	7.2123232	46.536843
	7.212634	46.5369607
	7.213181	46.5375108
	7.2136399	46.5377681
	7.2140716	46.5376034
	7.2141723	46.537624
	7.2144225	46.5380404
	7.2146409	46.5382489
	7.2147517	46.5384897
	7.2151866	46.5388847
	7.2153551	46.5389218
	7.2158766	46.5394759
	7.2159519	46.5397199
	7.2163064	46.5400141
	7.216882	46.5404919
	7.2168803	46.5407013
	7.217161	46.5408832
	7.2173978	46.5411436
	7.2176331	46.541522
	7.2176404	46.5416479
	7.2181088	46.5421145
	7.2188479	46.5426958
	7.219014	46.5429417
	7.2192854	46.543092
	7.2195024	46.5433524
	7.2197678	46.5435167
	7.2200987	46.5439149
	7.2204663	46.5439863
	7.2207474	46.544199
	7.2208667	46.5442348
	7.2208015	46.5442989
	7.2208955	46.5444125
	7.2213332	46.5445017
	7.2215116	46.5447068
	7.2217056	46.5448067
	7.2218922	46.5452244
	7.2218871	46.5454499
	7.2219796	46.5456236
	7.2220306	46.5459325
	7.2221614	46.546189
	7.2222985	46.5463178
	7.2222587	46.5464024
	7.2227175	46.5466367
	7.2226809	46.5467485
	7.2225376	46.5468695
	7.2225353	46.5469451
	7.2231117	46.5476014
	7.2233957	46.5478469
	7.2238193	46.5479125
	7.2239718	46.5480984
	7.224151	46.5481282
	7.2243755	46.5482577
	7.2254276	46.5492337
	7.2261829	46.5494402
	7.2264394	46.549654
	7.2269861	46.5497596
	7.2273289	46.5500081
	7.2276088	46.5500246
	7.2278353	46.5501519
	7.2282964	46.5503051
	7.2286338	46.5503692
	7.2288838	46.5503607
	7.2295248	46.5507155
	7.2301408	46.5507407
	7.2308684	46.5513039
	7.2314619	46.5513399
	7.2318879	46.5510914
	7.2320228	46.551192
	7.2322008	46.5512267
	7.2327686	46.5515261
	7.2333814	46.5520638
	7.2334431	46.5523302
	7.2336478	46.5525482
	7.2340985	46.5526282
	7.2345501	46.5529644
	7.2350571	46.5532083
	7.2357436	46.5537652
	7.2361392	46.5539957
	7.2365128	46.5540674
	7.2366945	46.5539503
	7.2367085	46.553788
	7.2368909	46.5537892
	7.2370801	46.5537934
	7.2387411	46.5540281
	7.2404746	46.5542381
	7.2409958	46.554347
	7.2430407	46.5549802
	7.2440831	46.5552069
	7.2470526	46.5562285
	7.2477685	46.5565895
	7.2488095	46.5572209
	7.2498119	46.5577174
	7.2505673	46.5579885
	7.2514402	46.5582328
	7.252912	46.558757
	7.2531072	46.5588652
	7.253263	46.5590724
	7.2539532	46.5593434
	7.2550859	46.559885
	7.2557366	46.5602908
	7.2574929	46.5615711
	7.258599	46.5622925
	7.2597691	46.5634008
	7.2607651	46.5644246
	7.2638506	46.5675155
	7.2652303	46.5696613
	7.2666571	46.5715622
	7.2676048	46.5723118
	7.2676351	46.5725322
	7.2680538	46.5735678
	7.2680968	46.5736903
	7.2687062	46.5737634
	7.2693886	46.5743366
	7.2707639	46.5757855
	7.2711949	46.5761303
	7.2712207	46.5764582
	7.2715478	46.5766953
	7.2720961	46.5772521
	7.2728518	46.5776878
	7.2732732	46.5782563
	7.2739213	46.5786819
	7.275117	46.5791615
	7.2754835	46.5791685
	7.2759508	46.5797133
	7.2764721	46.5798358
	7.2771319	46.5809586
	7.2782052	46.5816761
	7.2799379	46.5832414
	7.2809247	46.5835489
	7.2813586	46.5841108
	7.283671	46.5837822
	7.2868867	46.5827166
	7.2875508	46.5824975
	7.2878786	46.5823594
	7.2889487	46.5817081
	7.2896116	46.5816386
	7.2899014	46.581566
	7.2905772	46.5811354
	7.290793	46.5810741
	7.2914467	46.5810635
	7.2929404	46.5807263
	7.293395	46.5805677
	7.2937914	46.5803665
	7.2939713	46.5803641
	7.2944533	46.5802146
	7.2948482	46.5802757
	7.2950478	46.5802364
	7.2955535	46.5799232
	7.2958499	46.5798688
	7.2961372	46.5797585
	7.2963167	46.5797615
	7.2965845	46.5796003
	7.2966999	46.579568
	7.2968577	46.5796006
	7.2971741	46.5794655
	7.2979964	46.5792952
	7.2980997	46.5792252
	7.29829	46.5792091
	7.2984319	46.5793875
	7.2985923	46.5794568
	7.2988571	46.5793495
	7.2992036	46.5791029
	7.2993335	46.5791235
	7.299338	46.5792372
	7.2993077	46.579361
	7.3001005	46.5794392
	7.3035488	46.5797794
	7.3080479	46.5813188
	7.3108019	46.5854281
	7.3125398	46.5891708
	7.3151352	46.5903985
	7.3207037	46.5918347
	7.3147859	46.6004192
	7.3162011	46.6093714
	7.3182556	46.6161496
	7.3177989	46.6185575
	7.3121255	46.6216998
	7.3121847	46.6242996
	7.3124688	46.6304769
	7.3132658	46.6366248
	7.3127168	46.6368041
	7.3124167	46.6366958
	7.3118953	46.6363084
	7.311543	46.6361551
	7.3109166	46.6359745
	7.3088669	46.6357023
	7.3082398	46.6358095
	7.3071676	46.63633
	7.3069058	46.6365726
	7.3069053	46.6367795
	7.3065128	46.6370669
	7.3052053	46.637695
	7.3041196	46.6383684
	7.3043538	46.6387105
	7.3042225	46.6389982
	7.3040503	46.6399695
	7.3038537	46.6402571
	7.3031079	46.640778
	7.3031987	46.641048
	7.3036285	46.6415162
	7.3040455	46.6418766
	7.3046324	46.6422191
	7.3064331	46.6429139
	7.3068895	46.6432112
	7.3073452	46.6437965
	7.3077626	46.6440399
	7.3080891	46.6440672
	7.3086503	46.6442478
	7.3100852	46.645032
	7.3105024	46.6453293
	7.3106972	46.6457973
	7.311258	46.6461578
	7.3110876	46.6464095
	7.3113869	46.6468776
	7.3118692	46.6473099
	7.3127832	46.6474639
	7.3145436	46.6487522
	7.3150383	46.6494903
	7.315493	46.6505703
	7.3158188	46.6509305
	7.3173845	46.6517688
	7.3182981	46.6521026
	7.3161402	46.6531797
	7.3150935	46.6538802
	7.3144657	46.6541674
	7.3117839	46.6557206
	7.3106725	46.6561421
	7.3094292	46.6570402
	7.3084875	46.6574709
	7.3077293	46.65765
	7.3070493	46.657892
	7.3058326	46.6585653
	7.3044343	46.6586985
	7.3041983	46.6590401
	7.3039742	46.6598224
	7.3037349	46.6614863
	7.3025313	46.6620696
	7.3018113	46.6626084
	7.3012227	46.6628776
	7.3007251	46.6632818
	7.3000059	46.6635058
	7.2986323	46.6641338
	7.2984086	46.6647632
	7.2981725	46.6651047
	7.2978452	46.6653292
	7.2977786	46.6658239
	7.2976472	46.6660936
	7.29732	46.6662731
	7.2965738	46.6668118
	7.2962076	46.6669463
	7.2957493	46.6673056
	7.2954605	46.667773
	7.2952641	46.6679526
	7.2952244	46.6681325
	7.2948711	46.668294
	7.2945836	46.6684984
	7.2940489	46.6690332
	7.2928963	46.6698546
	7.2925682	46.6700381
	7.2876267	46.6688526
	7.2854601	46.6691991
	7.2818115	46.6656679
	7.2791049	46.661886
	7.2782525	46.6608204
	7.2772932	46.6610485
	7.2761881	46.6596571
	7.2754863	46.6597955
	7.2749775	46.6597713
	7.2744873	46.6598255
	7.2743739	46.6598736
	7.2743428	46.6600601
	7.2740516	46.6604748
	7.2736423	46.660681
	7.2731575	46.6611378
	7.272861	46.6616428
	7.2710881	46.6621368
	7.2703779	46.6621113
	7.2696675	46.6619117
	7.2679317	46.6619376
	7.2674105	46.6620488
	7.26673	46.6623806
	7.265906	46.6626493
	7.2652515	46.6630081
	7.2640087	46.6634829
	7.2631316	46.6639943
	7.2627	46.6641286
	7.2621107	46.6645145
	7.2618879	46.664739
	7.2612592	46.6651878
	7.2609698	46.6657721
	7.2605777	46.6657895
	7.2600554	46.6656807
	7.2597061	46.6655952
	7.2595294	46.6660023
	7.2590146	46.666153
	7.2590393	46.6663874
	7.2584749	46.6665344
	7.2583295	46.6668319
	7.2580216	46.6670652
	7.2579347	46.667498
	7.2577643	46.6677293
	7.2571103	46.6681156
	7.2566289	46.6686342
	7.2564555	46.6691778
	7.2561816	46.6691794
	7.2560845	46.6694555
	7.2555151	46.6696708
	7.2554145	46.6698712
	7.2551778	46.6699858
	7.2552625	46.6701559
	7.2550949	46.6705202
	7.254816	46.6705192
	7.2545845	46.6708626
	7.2544478	46.670939
	7.2542506	46.6709098
	7.2540608	46.6712091
	7.2540947	46.6714214
	7.2537459	46.6720663
	7.253432	46.6721442
	7.2527984	46.6721253
	7.251774	46.6723637
	7.2505816	46.6727376
	7.2490085	46.6735901
	7.2471564	46.6750286
	7.2469766	46.675711
	7.2471029	46.6762068
	7.2469515	46.6764141
	7.2467642	46.676476
	7.2464058	46.6769271
	7.2461798	46.6776542
	7.246225	46.6778737
	7.24608	46.6780477
	7.2461667	46.6784152
	7.2460945	46.6787112
	7.2461078	46.6790183
	7.246271	46.6793052
	7.2460256	46.679737
	7.2462208	46.6799213
	7.2463342	46.6802257
	7.2463281	46.6804874
	7.2465433	46.6806272
	7.2463395	46.6810825
	7.2464688	46.6813647
	7.2462188	46.681823
	7.2462045	46.6821558
	7.2458438	46.6825724
	7.2460384	46.6828073
	7.2461021	46.6830713
	7.2471018	46.683778
	7.2473153	46.6840378
	7.2473465	46.6843181
	7.2477435	46.6846182
	7.2479263	46.6849878
	7.2480166	46.6855219
	7.2482563	46.6859239
	7.2485452	46.6860608
	7.2488636	46.6861363
	7.2491112	46.6862942
	7.249189	46.6864697
	7.2491883	46.6866541
	7.2493445	46.6868658
	7.2500557	46.6871953
	7.2504988	46.6877601
	7.2511495	46.6884115
	7.2514018	46.6887859
	7.2515898	46.6895951
	7.2514638	46.689786
	7.2507976	46.6899761
	7.2506072	46.6902367
	7.2502795	46.6904745
	7.2502765	46.6913156
	7.2502428	46.6916304
	7.2501506	46.6918281
	7.2499604	46.6920122
	7.2493588	46.6920787
	7.2487435	46.6923115
	7.2487149	46.6930176
	7.2484724	46.6931881
	7.2480015	46.6932683
	7.2478835	46.6933536
	7.2478499	46.6936234
	7.2472917	46.6943421
	7.2472385	46.6945804
	7.2473552	46.6948594
	7.2477525	46.6952694
	7.2477581	46.6955393
	7.2474698	46.6957322
	7.2471167	46.6957406
	7.2468289	46.6958076
	7.2466323	46.6959332
	7.2467228	46.6962077
	7.2465782	46.6964278
	7.2459503	46.6965347
	7.2456754	46.6966377
	7.2457007	46.6968761
	7.245439	46.6969296
	7.2451959	46.6972665
	7.2451297	46.6974823
	7.2451359	46.6975723
	7.2455527	46.6980273
	7.2455849	46.6981488
	7.2453032	46.6983147
	7.2443227	46.6983085
	7.244244	46.6983669
	7.2440201	46.6988253
	7.2439722	46.6994009
	7.2436236	46.699994
	7.2431128	46.7002225
	7.2431053	46.7004878
	7.2433196	46.7008885
	7.2425925	46.7012831
	7.2424282	46.7015032
	7.2419107	46.7017856
	7.2419606	46.7024379
	7.2421279	46.7030736
	7.2420471	46.7038144
	7.2410569	46.7046222
	7.240819	46.7053055
	7.239901	46.706028
	7.2397425	46.706455
	7.2396154	46.7072329
	7.2396121	46.7081099
	7.2393608	46.7088876
	7.2382262	46.7098076
	7.237688	46.7100268
	7.2370144	46.7098325
	7.2365493	46.7096166
	7.2354271	46.7093942
	7.2326567	46.7081938
	7.232491	46.7079331
	7.2312986	46.7070358
	7.2310163	46.7069046
	7.2294611	46.7066688
	7.229311	46.7066021
	7.229062	46.7063149
	7.2288369	46.7061932
	7.2285624	46.706158
	7.2281691	46.7062015
	7.2278582	46.7062968
	7.2276012	46.7061762
	7.2266491	46.7055366
	7.2264496	46.7053517
	7.226179	46.7047356
	7.225599	46.7044688
	7.2254632	46.7043515
	7.2254619	46.7039984
	7.2253846	46.7039129
	7.2245587	46.7036277
	7.223954	46.7036087
	7.2236061	46.7036832
	7.2232158	46.703596
	7.2225784	46.7029865
	7.222389	46.7029166
	7.2217969	46.7030135
	7.2214462	46.7028357
	7.2210455	46.7020431
	7.2209126	46.7018632
	7.2206391	46.7014931
	7.220664	46.7013772
	7.2204476	46.7009456
	7.2189045	46.7002163
	7.2184537	46.6997242
	7.2184795	46.6994174
	7.2184039	46.6991253
	7.2186013	46.6980177
	7.2185212	46.6976222
	7.2183264	46.6973088
	7.2180463	46.6970636
	7.2175702	46.6963859
	7.2173354	46.696177
	7.2168146	46.6957138
	7.2167119	46.6956306
	7.2161813	46.6959425
	7.2156798	46.6963366
	7.2146905	46.6967174
	7.2142519	46.696772
	7.2139196	46.6967052
	7.2135255	46.6967488
	7.2133189	46.6969185
	7.2126885	46.6970126
	7.21241	46.6969828
	7.2121476	46.6968986
	7.2118946	46.6969331
	7.2117125	46.6969041
	7.2102156	46.6970967
	7.2100644	46.6971718
	7.2098484	46.6975528
	7.2092406	46.697678
	7.2090454	46.6979144
	7.208587	46.6978981
	7.2083835	46.6977884
	7.2080185	46.6977072
	7.2077809	46.6977007
	7.2075865	46.6977465
	7.2071638	46.6980202
	7.2071021	46.6981334
	7.2071245	46.6983091
	7.2068879	46.6986447
	7.206712	46.6987252
	7.2061196	46.6987728
	7.2057471	46.6988586
	7.2053809	46.6990902
	7.2051199	46.6993979
	7.2042225	46.6994105
	7.2040098	46.6993125
	7.2038129	46.6993022
	7.2021328	46.6996738
	7.2017856	46.6995868
	7.2013411	46.6994065
	7.2010246	46.6994216
	7.2002723	46.699261
	7.1990828	46.6994093
	7.198181	46.6993032
	7.1975519	46.6993309
	7.1970413	46.6992163
	7.1962973	46.6994767
	7.1958789	46.6995056
	7.1945505	46.7000991
	7.1937798	46.7006802
	7.1929988	46.7010253
	7.1929161	46.7011157
	7.1926563	46.7007948
	7.1926064	46.7007437
	7.1855627	46.7031447
	7.1826291	46.7023795
	7.1786666	46.7074473
	7.1727892	46.708823
	7.1725611	46.7090217
	7.1717404	46.7094167
	7.1710462	46.7094428
	7.1697541	46.7099189
	7.1671675	46.7105257
	7.1654686	46.7109767
	7.1639761	46.7114681
	7.163777	46.7112855
	7.1636428	46.7113168
	7.1633786	46.7116427
	7.1627253	46.7120383
	7.1604562	46.7126469
	7.1586577	46.7125712
	7.1562045	46.7138558
	7.1560485	46.7140106
	7.1565395	46.7150065
	7.1533395	46.715336
	7.1526168	46.713939
	7.1518872	46.7134203
	7.1517574	46.7138731
	7.1510826	46.7140738
	7.1505447	46.714369
	7.150405	46.7146076
	7.1484856	46.7150337
	7.1478349	46.7152973
	7.1459995	46.7158088
	7.1451911	46.7154784
	7.14465	46.7153628
	7.1435284	46.7148778
	7.1427449	46.7147603
	7.1422371	46.7150163
	7.1420758	46.7147382
	7.1415898	46.7146295
	7.1414862	46.7144992
	7.141417	46.7142258
	7.1413004	46.714074
	7.1410857	46.7139301
	7.1394958	46.7136349
	7.1386253	46.71379
	7.1376595	46.713845
	7.1370291	46.7137325
	7.1361727	46.7139327
	7.1336391	46.7143926
	7.1310689	46.7152536
	7.1300496	46.7151384
	7.1290866	46.7152993
	7.1284164	46.7152561
	7.1274358	46.7153222
	7.1265812	46.7152155
	7.1256393	46.7157599
	7.1236594	46.7150473
	7.1223207	46.7150555
	7.1222623	46.7149691
	7.1221195	46.7149993
	7.1220793	46.7149358
	7.1219187	46.7148964
	7.1208009	46.7155121
	7.1204767	46.7159343
	7.1200903	46.7162698
	7.1199494	46.7165272
	7.119432	46.7166389
	7.1190636	46.716794
	7.118674	46.7168045
	7.1180399	46.7169966
	7.118025	46.7171121
	7.1178039	46.7173701
	7.1174857	46.7181714
	7.1172141	46.7183865
	7.1168962	46.7184888
	7.1167761	46.7185791
	7.1162601	46.7187891
	7.1162705	46.7192678
	7.1161163	46.7195258
	7.1156811	46.719774
	7.1151269	46.7199578
	7.1146735	46.7202298
	7.1139651	46.7205142
	7.1135055	46.7190948
	7.1124013	46.7178948
	7.1111126	46.7170567
	7.1107761	46.7168929
	7.1098779	46.7166196
	7.1093425	46.7162771
	7.1083024	46.7158954
	7.1078487	46.7156619
	7.1073552	46.7150947
	7.1068884	46.7146598
	7.1066666	46.7143631
	7.1062796	46.7132781
	7.1057041	46.7124434
	7.1054706	46.7119291
	7.1054439	46.7115925
	7.1055222	46.7111997
	7.1053658	46.7106775
	7.1050153	46.7102626
	7.1045087	46.7101298
	7.1034831	46.7101925
	7.1029329	46.7103411
	7.1017051	46.7109311
	7.1012806	46.7110522
	7.1006936	46.7110208
	7.1000173	46.7106401
	7.0998393	46.7102527
	7.0999327	46.7099597
	7.0997034	46.7096127
	7.0984396	46.7086581
	7.098106	46.7082604
	7.0975512	46.7081067
	7.0959105	46.7078328
	7.0951541	46.7075148
	7.0935724	46.7087208
	7.0933185	46.7089752
	7.0929905	46.7091246
	7.0924033	46.7092
	7.0921518	46.7093025
	7.0918117	46.7094781
	7.0913669	46.7098342
	7.0908691	46.7100953
	7.0904464	46.7107255
	7.0892208	46.7102353
	7.0882839	46.7097614
	7.0879449	46.709642
	7.0863363	46.7093364
	7.0851714	46.7092785
	7.0849871	46.7091354
	7.0847209	46.7092612
	7.0846705	46.7093087
	7.0842762	46.7093768
	7.0837858	46.7093564
	7.0809901	46.7088188
	7.0811503	46.7087362
	7.0817592	46.7080257
	7.0818037	46.7078821
	7.0815052	46.70683
	7.0814188	46.7062391
	7.0809727	46.7060032
	7.0794737	46.7058228
	7.078365	46.7059053
	7.0778771	46.7058992
	7.0772912	46.7056206
	7.0770483	46.7050214
	7.0771882	46.7043618
	7.0775467	46.7041615
	7.0778753	46.7037494
	7.0787763	46.702018
	7.0783814	46.7018974
	7.0782799	46.7019825
	7.0779116	46.7020182
	7.0779196	46.7019121
	7.0778691	46.7018987
	7.077795	46.7019233
	7.0774998	46.7018127
	7.0773078	46.7018079
	7.0771267	46.7017213
	7.0770102	46.7017395
	7.0768762	46.7016752
	7.0765508	46.7016787
	7.0763147	46.7015431
	7.0760238	46.7015395
	7.075984	46.7015146
	7.0760566	46.7014457
	7.0760498	46.7013647
	7.0758317	46.7012734
	7.0755375	46.7012693
	7.0753598	46.7012073
	7.075101	46.7012851
	7.0750099	46.7011979
	7.0748348	46.7011809
	7.0746913	46.7012339
	7.0746231	46.7011508
	7.0742093	46.7010831
	7.0739781	46.701099
	7.0739316	46.7011645
	7.0736486	46.7012931
	7.0732555	46.7013198
	7.073174	46.7012846
	7.0729483	46.7013349
	7.0728562	46.7012985
	7.0724169	46.7013874
	7.0722311	46.7013422
	7.0720083	46.7012523
	7.071963	46.7011927
	7.0720074	46.7010235
	7.0717931	46.7009035
	7.0719023	46.7006854
	7.0714441	46.7004037
	7.0713626	46.7002119
	7.0713888	46.7001054
	7.0712824	46.700016
	7.071207	46.7000287
	7.0710283	46.6999331
	7.070858	46.6997937
	7.0708498	46.699681
	7.0706755	46.6995579
	7.0705626	46.6993532
	7.0703822	46.6993048
	7.0703308	46.6993523
	7.069844	46.6993277
	7.0692777	46.6991292
	7.0688323	46.6991461
	7.0686697	46.6990836
	7.0684473	46.6990689
	7.0683194	46.6989914
	7.0680909	46.6989743
	7.0680776	46.6988083
	7.0678072	46.6985083
	7.0674799	46.6983557
	7.0674703	46.698246
	7.067306	46.6981331
	7.066665	46.6978426
	7.0664878	46.6977075
	7.06654	46.6972045
	7.0661402	46.6965024
	7.0651786	46.6953048
	7.0619021	46.692433
	7.0607112	46.6913037
	7.057145	46.6910921
	7.0567007	46.6911151
	7.0550437	46.6916282
	7.0543741	46.6917281
	7.0531464	46.6917968
	7.0522335	46.6921237
	7.0516329	46.6922681
	7.050191	46.6925401
	7.0494006	46.6926135
	7.0485869	46.6927781
	7.0478987	46.6928784
	7.0479884	46.6918209
	7.0480962	46.6915119
	7.048069	46.6906664
	7.0471284	46.6889177
	7.047091	46.6886964
	7.0465407	46.6879019
	7.0460106	46.6874674
	7.044958	46.6867291
	7.0442927	46.6863339
	7.043898	46.6862196
	7.043749	46.6861333
	7.0428658	46.6856162
	7.0415687	46.6847495
	7.0410227	46.684507
	7.0406871	46.6844442
	7.0397963	46.6841691
	7.0386679	46.683762
	7.0382793	46.6836218
	7.0379662	46.6835089
	7.0371226	46.6833057
	7.035388	46.6830402
	7.0345786	46.6827539
	7.0329835	46.6819607
	7.0300756	46.680865
	7.0285128	46.6801566
	7.0263734	46.6794586
	7.0248067	46.6784242
	7.0217179	46.6774008
	7.0215545	46.6771917
	7.0214882	46.6772249
	7.0210818	46.6769834
	7.0206403	46.676604
	7.0202736	46.6759431
	7.0196684	46.6752473
	7.0191372	46.6750224
	7.0188818	46.6749837
	7.0184952	46.6750241
	7.0176533	46.6746424
	7.0172922	46.6742833
	7.0168947	46.6731982
	7.0168393	46.672857
	7.0165677	46.6726672
	7.0166357	46.6720455
	7.0163384	46.6717926
	7.0161304	46.6717414
	7.0161152	46.6717731
	7.015809	46.6716556
	7.0155827	46.6716755
	7.0153776	46.671749
	7.0150112	46.6716702
	7.0149599	46.6717881
	7.0147895	46.6718132
	7.0146129	46.671666
	7.0143829	46.671657
	7.0142755	46.6715276
	7.0141153	46.6715436
	7.0139767	46.6716247
	7.0137962	46.6714446
	7.0137332	46.6712406
	7.0139351	46.6709587
	7.014833	46.6702455
	7.0151189	46.6701551
	7.015766	46.6700829
	7.0154852	46.6689478
	7.0152469	46.6674171
	7.0149571	46.666765
	7.0134147	46.6652276
	7.0134767	46.6651115
	7.0127728	46.6646856
	7.0124415	46.6642767
	7.0126342	46.6640223
	7.0128549	46.6637571
	7.0127047	46.6635296
	7.0134894	46.6621046
	7.01313	46.6621768
	7.0126974	46.6621876
	7.0122733	46.662311
	7.0114032	46.6624052
	7.0087532	46.6621883
	7.0046714	46.6610692
	7.0042131	46.6606911
	7.003924	46.6601378
	7.004111	46.6596689
	7.0040953	46.6595193
	7.0038646	46.6592864
	7.0036792	46.6586789
	7.0038024	46.6585358
	7.003751	46.6584317
	7.003912	46.6582626
	7.0032873	46.6584412
	7.0024706	46.6584967
	7.0022392	46.6584668
	7.0016233	46.6582035
	7.0016103	46.6582
	7.0000982	46.6578362
	6.9999458	46.6575806
	6.998463	46.6569093
	6.9969913	46.6565335
	6.9955443	46.6559885
	6.9949688	46.6558738
	6.9930673	46.6556596
	6.9914128	46.6556934
	6.9914025	46.6556936
	6.9906725	46.655757
	6.9898182	46.6558309
	6.9878739	46.6563567
	6.9852719	46.6574634
	6.9832297	46.6564472
	6.9824406	46.6557929
	6.9803491	46.6575647
	6.9797057	46.6584987
	6.978964	46.6594074
	6.9785714	46.6597321
	6.978678	46.659885
	6.978464	46.6600259
	6.9772627	46.6612228
	6.9764552	46.6616737
	6.9757314	46.6620069
	6.9745378	46.6612508
	6.9742118	46.6609913
	6.9742617	46.6609516
	6.9726123	46.6602359
	6.9721847	46.6601604
	6.9713651	46.6602773
	6.9708387	46.6604424
	6.9691772	46.6612027
	6.9687523	46.6612598
	6.9678179	46.661507
	6.9659961	46.6611673
	6.9655726	46.6611833
	6.9642941	46.6609502
	6.964275	46.6600916
	6.9638561	46.6599574
	6.9635534	46.6599181
	6.9631932	46.6597437
	6.9632561	46.659696
	6.9625583	46.6592984
	6.9620291	46.6588746
	6.9621203	46.6584614
	6.9601004	46.6581687
	6.960541	46.6573351
	6.9597669	46.6569736
	6.9593885	46.6567449
	6.958422	46.6560307
	6.9573672	46.6566589
	6.9572957	46.6567356
	6.9572838	46.6569169
	6.9561101	46.6569267
	6.9560871	46.6563526
	6.9559652	46.6559995
	6.9561372	46.6559551
	6.9555067	46.6550951
	6.9542111	46.6553261
	6.9542337	46.6554135
	6.9538559	46.6554665
	6.9530949	46.6549569
	6.9526055	46.6551882
	6.9520236	46.6552285
	6.9514916	46.6553843
	6.9514326	46.6553653
	6.9512717	46.6556087
	6.9505867	46.6558267
	6.9498367	46.6558245
	6.9493679	46.655781
	6.949022	46.6557003
	6.9486919	46.6552794
	6.9484338	46.6551114
	6.9481317	46.6546199
	6.9477349	46.6533388
	6.9475622	46.6531863
	6.9471766	46.6525802
	6.9471572	46.6524538
	6.9466881	46.652497
	6.9468902	46.6521157
	6.9472998	46.6516385
	6.9472238	46.6514628
	6.9469607	46.6512834
	6.9467344	46.651024
	6.9469767	46.6507887
	6.9470762	46.6505214
	6.9465497	46.650212
	6.9464429	46.6500798
	6.9466843	46.6492202
	6.9464999	46.6488636
	6.9464948	46.6487382
	6.9467558	46.6485056
	6.9467673	46.6482376
	6.9463398	46.6479707
	6.9460037	46.647688
	6.9453928	46.6473477
	6.9452181	46.6471807
	6.9451277	46.6470942
	6.9451397	46.6467419
	6.9453009	46.646568
	6.9464025	46.6459018
	6.9470553	46.6457905
	6.9471008	46.6456804
	6.9469267	46.645267
	6.9465294	46.6452713
	6.9463762	46.6454517
	6.9460832	46.6456321
	6.9459131	46.6454197
	6.9460073	46.644983
	6.9458101	46.6444828
	6.946239	46.6439342
	6.9463936	46.6438488
	6.9464964	46.6438828
	6.9465301	46.6437052
	6.946663	46.6437187
	6.9468666	46.6435636
	6.9466595	46.6431657
	6.9454285	46.6427833
	6.9451543	46.6418495
	6.944033	46.6417857
	6.9434852	46.6410986
	6.9442198	46.6411288
	6.9444636	46.640639
	6.9445026	46.6403377
	6.9466677	46.6382673
	6.9457234	46.6377322
	6.9464097	46.637555
	6.9465478	46.6375912
	6.9466035	46.6375034
	6.9471592	46.6373454
	6.9475793	46.6370913
	6.9479187	46.6367844
	6.9488511	46.6356512
	6.9487833	46.6356157
	6.9489235	46.6354662
	6.9491355	46.6348371
	6.9492168	46.6340657
	6.9493019	46.6340694
	6.9492872	46.6332042
	6.9506967	46.6330529
	6.9501544	46.6316377
	6.9493103	46.6308302
	6.9486439	46.6298495
	6.9482884	46.6292005
	6.9479653	46.6288299
	6.9480422	46.6278977
	6.9487539	46.6276328
	6.9490884	46.6273168
	6.9503047	46.6265196
	6.9506772	46.6261865
	6.9505097	46.6259328
	6.9500212	46.6259701
	6.9500593	46.6257516
	6.9502293	46.6256716
	6.9500945	46.6255349
	6.9497651	46.6254313
	6.9498976	46.6252953
	6.9496956	46.6251461
	6.9497242	46.6249834
	6.9493444	46.6250198
	6.9492159	46.624883
	6.948951	46.6248521
	6.9488984	46.6248098
	6.9489666	46.6247133
	6.9489356	46.6246381
	6.9488403	46.6245491
	6.9484265	46.6243675
	6.9483231	46.6241192
	6.9490714	46.6230402
	6.9493689	46.6227762
	6.9494446	46.6228157
	6.9499924	46.6223244
	6.9512409	46.6213425
	6.9516027	46.6211617
	6.9513192	46.6209118
	6.9509631	46.6206883
	6.9513754	46.6199541
	6.951666	46.6196188
	6.9511718	46.6194729
	6.9506635	46.6188498
	6.9503662	46.6183043
	6.9498203	46.617747
	6.9477974	46.6167391
	6.9466103	46.6172156
	6.9461583	46.617338
	6.9460091	46.6174903
	6.9456875	46.6176753
	6.9457095	46.6177281
	6.9453751	46.6180883
	6.9453935	46.6181944
	6.9455169	46.6182928
	6.9453444	46.6184832
	6.9452449	46.6187824
	6.9450209	46.6188219
	6.9450197	46.6189028
	6.9448812	46.6189745
	6.9447626	46.6188396
	6.944475	46.6187583
	6.944601	46.6186692
	6.9442115	46.6184719
	6.9442643	46.6183881
	6.9442223	46.6182891
	6.9440214	46.618297
	6.9437512	46.6181766
	6.9438177	46.6179524
	6.9432855	46.6177074
	6.9430606	46.6175247
	6.9428593	46.6174951
	6.9426457	46.6172987
	6.9424724	46.6172285
	6.9424293	46.6171474
	6.9424677	46.6171003
	6.9422365	46.6171254
	6.9422096	46.6172079
	6.9418567	46.6170901
END
END
