828917
1
	30.2261934	53.9406726
	30.2279815	53.9396217
	30.2299314	53.9386164
	30.2450309	53.9310215
	30.2428984	53.9289468
	30.2398409	53.9267252
	30.2395243	53.9240075
	30.2345485	53.921484
	30.2352716	53.9211349
	30.2384112	53.9189434
	30.2400876	53.9181543
	30.2410444	53.9179629
	30.2417415	53.917782
	30.2436485	53.9169009
	30.2447466	53.9165376
	30.245281	53.9164452
	30.2455617	53.91641
	30.2457597	53.9163832
	30.248155	53.9154269
	30.2497495	53.9148445
	30.2514928	53.9157208
	30.2515003	53.9157234
	30.2548053	53.9168735
	30.2587789	53.9175188
	30.2592259	53.918074
	30.2637943	53.9158116
	30.2647644	53.915111
	30.2650916	53.9138866
	30.2684939	53.9115327
	30.2697931	53.9111826
	30.2719815	53.9107328
	30.2708686	53.9099339
	30.269941	53.9087353
	30.2672463	53.9054163
	30.2653913	53.9042251
	30.2633989	53.9032514
	30.263788	53.9017722
	30.2600362	53.9002107
	30.2646344	53.8976029
	30.2642901	53.89696
	30.2645133	53.8967699
	30.2633662	53.8956625
	30.2627147	53.8946787
	30.2646595	53.8940711
	30.2644413	53.8937225
	30.2654824	53.8931561
	30.2673905	53.8926123
	30.2626725	53.8873645
	30.2629035	53.8872368
	30.2633279	53.8871707
	30.2552107	53.8772421
	30.2601924	53.8746339
	30.2643205	53.8736891
	30.2652509	53.8761408
	30.2740225	53.8716455
	30.2749779	53.8722565
	30.2760082	53.8728059
	30.2759606	53.8730926
	30.2741852	53.8732618
	30.2740267	53.8739974
	30.2753661	53.8743596
	30.2751757	53.8744604
	30.2772067	53.8751756
	30.278602	53.8751383
	30.2799691	53.8748717
	30.2812621	53.8738782
	30.2839917	53.8762829
	30.2894163	53.8727482
	30.2850513	53.8700173
	30.2832163	53.868537
	30.2909296	53.8671551
	30.2860406	53.8606351
	30.2845816	53.8572132
	30.2849806	53.8552262
	30.2842406	53.8516902
	30.2845796	53.8481842
	30.2824306	53.8462082
	30.2822206	53.8433432
	30.2827836	53.8419742
	30.2826226	53.8383193
	30.2822398	53.8355565
	30.2834838	53.8337371
	30.2865278	53.8329571
	30.2882706	53.8331663
	30.2913131	53.8335616
	30.2925555	53.8341238
	30.2945596	53.8351913
	30.2963716	53.8357253
	30.3001306	53.8420653
	30.3011506	53.8454342
	30.3064888	53.8482817
	30.3088945	53.8494636
	30.3114096	53.8499713
	30.3143708	53.8515529
	30.3142697	53.8517356
	30.3138845	53.8522286
	30.31731	53.8539048
	30.3219587	53.8509095
	30.3250495	53.8518931
	30.3285685	53.8536145
	30.3305855	53.8527159
	30.3306499	53.8482603
	30.3440824	53.8520703
	30.3441177	53.8493944
	30.3446732	53.8489135
	30.3455072	53.8483916
	30.3477274	53.8498932
	30.3488279	53.8510787
	30.3493365	53.8516233
	30.3534993	53.8518511
	30.353671	53.8507372
	30.3558597	53.8507879
	30.3567609	53.8469904
	30.3552589	53.8461296
	30.3566212	53.8430945
	30.3580136	53.8430836
	30.3599938	53.8430142
	30.360034	53.8424986
	30.3609321	53.8424819
	30.3603598	53.8514767
	30.3638798	53.8515771
	30.3638996	53.8568141
	30.3672287	53.856591
	30.3731533	53.8525111
	30.374071	53.8528735
	30.3769595	53.85085
	30.3803909	53.848446
	30.38185	53.8471295
	30.3826225	53.8473447
	30.3842781	53.8461893
	30.3862725	53.8450683
	30.3790423	53.8412522
	30.3872573	53.8357477
	30.388459	53.8361656
	30.392642	53.8330564
	30.3969607	53.8348254
	30.3987204	53.8355046
	30.4000874	53.8349366
	30.4012264	53.8351536
	30.3966587	53.8397843
	30.4008779	53.8415339
	30.419045	53.8487006
	30.4207084	53.8536775
	30.4161594	53.8583966
	30.4151219	53.8587445
	30.4112684	53.8600364
	30.3978008	53.852564
	30.3871174	53.8466355
	30.3760194	53.8557225
	30.3907983	53.8661764
	30.3970802	53.8695826
	30.3995646	53.8686531
	30.4057554	53.8720439
	30.4061009	53.8722331
	30.4041893	53.8737218
	30.4037994	53.8740254
	30.4060464	53.8751354
	30.4105208	53.8757426
	30.4203364	53.8737164
	30.4230294	53.8709354
	30.4232472	53.8692286
	30.4225134	53.865664
	30.4234095	53.8639351
	30.4229219	53.8521008
	30.4314046	53.8560771
	30.4336681	53.8583646
	30.4361069	53.8610613
	30.4381738	53.8606377
	30.4366282	53.858661
	30.4397034	53.8578607
	30.437275	53.85515
	30.4364419	53.8519018
	30.4408606	53.8502463
	30.4417677	53.8502961
	30.4440299	53.8534494
	30.449464	53.8544646
	30.4531542	53.8551455
	30.4541882	53.8556216
	30.455538	53.8565633
	30.4572976	53.8582314
	30.4663302	53.8525182
	30.473464	53.8555579
	30.4758474	53.8586656
	30.4600339	53.8625514
	30.4449331	53.8680553
	30.4380937	53.8709859
	30.4393765	53.8745365
	30.4256383	53.8765774
	30.425459	53.8776056
	30.4239792	53.8860922
	30.4307952	53.8871819
	30.4281482	53.8909566
	30.4215875	53.8900888
	30.4170677	53.8899076
	30.4156213	53.8898323
	30.4058681	53.8887638
	30.3999291	53.8885662
	30.3951464	53.8894948
	30.3848342	53.8891591
	30.3825764	53.8946239
	30.3824829	53.8953136
	30.3848211	53.8958162
	30.3848521	53.8971859
	30.3816462	53.8976743
	30.3805592	53.9000197
	30.3825448	53.9033363
	30.3863604	53.9041798
	30.3848639	53.9066835
	30.3847264	53.9069136
	30.382551	53.910553
	30.3819776	53.9121363
	30.380798	53.915393
	30.377145	53.917766
	30.376854	53.9185017
	30.3761688	53.9188316
	30.3729678	53.9205154
	30.373599	53.9208555
	30.3801451	53.9241826
	30.3776994	53.9261443
	30.3789193	53.9268014
	30.3710024	53.9313942
	30.3688763	53.9328611
	30.3700767	53.9332952
	30.3725424	53.9353697
	30.3731	53.93626
	30.3717935	53.9380744
	30.3670375	53.9369963
	30.3644842	53.9379418
	30.3637907	53.9386714
	30.3660743	53.9402547
	30.364372	53.9410004
	30.3661434	53.9426642
	30.3675957	53.942254
	30.3765582	53.9487226
	30.3727539	53.9505598
	30.3719463	53.9525778
	30.3705746	53.953318
	30.3642536	53.9557361
	30.3638763	53.9575124
	30.3612532	53.9603904
	30.3436233	53.9704271
	30.3397401	53.9676772
	30.3390321	53.9681449
	30.337941	53.9675722
	30.338701	53.9669216
	30.3361918	53.9652506
	30.3326557	53.9629323
	30.3393146	53.9594141
	30.33538	53.9579684
	30.3334682	53.957181
	30.3313921	53.9560029
	30.325903	53.9537985
	30.3255967	53.9568625
	30.3249914	53.9589282
	30.3239905	53.9631954
	30.3194041	53.9623772
	30.3184229	53.9641202
	30.3097535	53.9640853
	30.3068167	53.9601027
	30.3016793	53.9538408
	30.3160844	53.949209
	30.3188773	53.9478817
	30.3149035	53.9449666
	30.311942	53.9461407
	30.3091127	53.9440108
	30.3085865	53.9441788
	30.3077892	53.9440525
	30.3068569	53.943743
	30.3050105	53.9427445
	30.3022833	53.9417639
	30.3016571	53.942415
	30.2981788	53.9414506
	30.2967557	53.9431573
	30.2918328	53.9448317
	30.28669	53.9443719
	30.2862229	53.9425854
	30.2843593	53.9395485
	30.2844492	53.9389202
	30.2845607	53.9387513
	30.2847838	53.9386043
	30.285161	53.9383511
	30.2851663	53.9381259
	30.2850654	53.9380759
	30.284412	53.9380915
	30.2835302	53.9381384
	30.2817652	53.9382633
	30.2799166	53.9385738
	30.278877	53.9385074
	30.2777068	53.9383101
	30.2770975	53.9382041
	30.2766991	53.9380352
	30.2761626	53.9377695
	30.2755677	53.9378476
	30.2738346	53.9373817
	30.2719472	53.9364599
	30.271059	53.9361408
	30.2683468	53.9354402
	30.26465	53.9371559
	30.2619678	53.93504
	30.2567321	53.937339
	30.2538997	53.9350337
	30.2326188	53.9447065
	30.2261934	53.9406726
END
2
	30.3167396	53.8127462
	30.3167825	53.8119607
	30.3182416	53.8118847
	30.3260522	53.8118593
	30.3260308	53.8120874
	30.3283053	53.8121127
	30.3318672	53.8140131
	30.3328972	53.8137851
	30.333498	53.813405
	30.334013	53.8127462
	30.3338843	53.8032939
	30.333498	53.8028504
	30.3334122	53.7996822
	30.3342061	53.7955633
	30.3350644	53.7945113
	30.3375535	53.7932945
	30.3403001	53.792965
	30.3484111	53.7931678
	30.3479176	53.8027744
	30.3478961	53.8031799
	30.3578739	53.8030912
	30.3583889	53.8047892
	30.3492694	53.8047258
	30.3484969	53.8086792
	30.3462224	53.8088059
	30.3464799	53.8102883
	30.3469592	53.8107482
	30.3481773	53.8108068
	30.3484012	53.8108355
	30.3483184	53.8134348
	30.3498688	53.8133797
	30.3497754	53.816396
	30.3446571	53.8166496
	30.3372131	53.8166386
	30.3372505	53.821193
	30.3464877	53.8211985
	30.3464784	53.8288394
	30.3400898	53.8288119
	30.3391932	53.8288064
	30.3390064	53.8292915
	30.337575	53.8310365
	30.3187352	53.8311125
	30.3167396	53.8258314
	30.3168469	53.8167748
	30.3177052	53.8167241
	30.3176623	53.8147732
	30.3174048	53.8146212
	30.3175121	53.8127462
	30.3167396	53.8127462
END
END
