11352923
1
	24.227986	56.8965825
	24.2305168	56.8952834
	24.2315965	56.8947294
	24.234563	56.8932053
	24.2363257	56.8922993
	24.2362915	56.8922793
	24.2387217	56.8910522
	24.2396687	56.8905538
	24.2415804	56.8895786
	24.2423672	56.8891642
	24.2431336	56.8887606
	24.2434515	56.8885931
	24.2457987	56.8873542
	24.2461394	56.8871671
	24.2464432	56.8870002
	24.2464605	56.8869907
	24.2474908	56.8866133
	24.2488935	56.885893
	24.2483502	56.8854604
	24.247969	56.8850378
	24.2450357	56.8827801
	24.2449739	56.8827325
	24.2454156	56.882549
	24.245909	56.8823467
	24.2468568	56.8819505
	24.2469831	56.8818975
	24.2484112	56.881233
	24.248781	56.8810925
	24.2502004	56.8805537
	24.251087	56.8801825
	24.251165	56.8801498
	24.2516683	56.8799392
	24.2520425	56.8797825
	24.2522108	56.879712
	24.2524416	56.8796154
	24.2535272	56.8791609
	24.253571	56.8791426
	24.2536797	56.879097
	24.2552169	56.8784535
	24.2557853	56.8782155
	24.2563537	56.8779776
	24.2563644	56.8779731
	24.2577059	56.8774056
	24.2577106	56.8774094
	24.2577959	56.8773737
	24.2584502	56.8770997
	24.2598105	56.8765301
	24.2610767	56.8760115
	24.2651251	56.8743533
	24.267719	56.8732611
	24.2696043	56.8724408
	24.2710131	56.8718278
	24.2715843	56.8715838
	24.2732134	56.8709147
	24.2748516	56.8702418
	24.2763774	56.8712497
	24.2765466	56.8713434
	24.2770717	56.8716409
	24.277875	56.8713183
	24.2782221	56.8714806
	24.2783988	56.8715638
	24.2787045	56.8717051
	24.2800892	56.8722438
	24.2802236	56.8723156
	24.2811006	56.8727057
	24.2792447	56.8734075
	24.2787729	56.8735785
	24.2784614	56.8736812
	24.2794804	56.8748777
	24.2771994	56.8755324
	24.274776	56.8762543
	24.2741389	56.8776793
	24.2737723	56.8786483
	24.2730882	56.8807737
	24.2715729	56.8815287
	24.272472	56.8823403
	24.2720978	56.8828692
	24.2716356	56.8834365
	24.2716081	56.8834702
	24.2714957	56.8836432
	24.2709989	56.8843506
	24.2703348	56.885118
	24.2650697	56.8911998
	24.261403	56.8952386
	24.2612149	56.8953935
	24.2614791	56.8956147
	24.2607464	56.8965013
	24.2601747	56.8971778
	24.2592725	56.8982703
	24.2587254	56.8990899
	24.2572674	56.9008241
	24.2568563	56.9012217
	24.2560028	56.9022038
	24.2556066	56.9026611
	24.2555422	56.9027725
	24.2543441	56.904163
	24.2540809	56.9044628
	24.2540066	56.9045474
	24.2559883	56.904618
	24.2559734	56.904842
	24.2559506	56.9049125
	24.2559267	56.9050607
	24.2559564	56.9050922
	24.2559507	56.9052003
	24.2559474	56.905261
	24.2559322	56.9053673
	24.2558654	56.9059163
	24.2558159	56.9063745
	24.2558043	56.9067335
	24.2557709	56.9072986
	24.2556757	56.9080829
	24.255666	56.9082024
	24.2555721	56.9090183
	24.2554939	56.9096852
	24.2554165	56.9104515
	24.255369	56.9108582
	24.2553163	56.9112421
	24.2552905	56.911526
	24.2551214	56.9115482
	24.2534555	56.9117641
	24.2530127	56.9117304
	24.2529603	56.9118171
	24.2529392	56.9118522
	24.2521456	56.9131655
	24.2521339	56.9134044
	24.2521185	56.9137203
	24.2567653	56.9139594
	24.2626166	56.9142158
	24.2621846	56.9146175
	24.2603625	56.9156869
	24.2597956	56.9158938
	24.2626361	56.917079
	24.2627024	56.9181541
	24.2626838	56.9182643
	24.2626922	56.918506
	24.2627133	56.9187065
	24.262728	56.9187746
	24.262713	56.9187908
	24.2624726	56.919298
	24.2599283	56.9199295
	24.2580443	56.9203933
	24.2585805	56.9203926
	24.2643325	56.9204047
	24.2645524	56.9204508
	24.2653454	56.9204558
	24.2699722	56.9204126
	24.2705408	56.9204072
	24.2720556	56.9204589
	24.2731703	56.9205324
	24.2756111	56.9205832
	24.2785757	56.9206433
	24.282547	56.9206527
	24.2849714	56.9206827
	24.2889572	56.9207223
	24.289879	56.9207323
	24.2919708	56.9207492
	24.2924404	56.9207423
	24.2938336	56.9206202
	24.294453	56.9205727
	24.2948114	56.9205461
	24.2953933	56.9206178
	24.2959473	56.9206117
	24.2981118	56.9206397
	24.3036871	56.9206595
	24.3050547	56.9206277
	24.3064933	56.9206229
	24.3073664	56.9205208
	24.307461	56.9205097
	24.3085297	56.9203848
	24.3087633	56.9203575
	24.308831	56.9203496
	24.3129615	56.92017
	24.3163682	56.9199423
	24.3176953	56.9198273
	24.318768	56.9196889
	24.319072	56.9195292
	24.3192094	56.9195211
	24.3237288	56.9193074
	24.3254845	56.9191803
	24.326947	56.9190657
	24.3299326	56.9188428
	24.3315779	56.9185425
	24.3318738	56.9184835
	24.3340567	56.918037
	24.3351521	56.9178378
	24.3378364	56.9173497
	24.3383322	56.9172595
	24.3398358	56.9169984
	24.3404556	56.9168907
	24.3404793	56.9168785
	24.3406793	56.9167915
	24.3416475	56.9166513
	24.3427867	56.916503
	24.3436223	56.9164161
	24.3455643	56.9162653
	24.3460192	56.9162326
	24.3464977	56.9159208
	24.3462792	56.9157225
	24.3459784	56.9154363
	24.3457063	56.9151792
	24.344048	56.9134813
	24.3423481	56.9120965
	24.3407248	56.910652
	24.3406887	56.9106544
	24.3363567	56.9092361
	24.3361191	56.90917
	24.336018	56.9091113
	24.3352645	56.9083864
	24.3351432	56.9081108
	24.334587	56.9077467
	24.3310188	56.9041693
	24.331676	56.9034208
	24.331931	56.9031191
	24.3321318	56.9028783
	24.3320974	56.9026286
	24.3320525	56.9023396
	24.3325164	56.9023367
	24.3362553	56.9017139
	24.3392523	56.9012584
	24.3408145	56.901066
	24.3429587	56.8988672
	24.344855	56.8984038
	24.3451779	56.898344
	24.3457778	56.8982326
	24.346331	56.8981311
	24.3469085	56.8982984
	24.3478299	56.8985777
	24.3492968	56.8990777
	24.3495718	56.8993137
	24.3500278	56.8995632
	24.3500135	56.8996613
	24.3500425	56.8997074
	24.3499738	56.8997764
	24.3498946	56.8998606
	24.3497543	56.9000099
	24.3495718	56.900204
	24.3501516	56.900732
	24.3504865	56.9010072
	24.3507355	56.9012011
	24.3511	56.9015579
	24.3521559	56.9023358
	24.3526315	56.9024859
	24.3530859	56.9026087
	24.353558	56.9028113
	24.3537695	56.9029537
	24.3542607	56.9032646
	24.3544741	56.9035463
	24.3548417	56.9041279
	24.3551851	56.9042838
	24.3554948	56.9044084
	24.357577	56.9044515
	24.3590202	56.9045496
	24.3625481	56.9052369
	24.3626738	56.9068078
	24.3627527	56.9068058
	24.3633616	56.9070438
	24.3645849	56.9075628
	24.3645721	56.9081437
	24.3645666	56.9084373
	24.364566	56.9086581
	24.3645603	56.9088936
	24.3645566	56.9091323
	24.3645267	56.9095004
	24.3644969	56.9098577
	24.36449	56.9101403
	24.3644815	56.9102649
	24.3644709	56.9104116
	24.3644701	56.9104343
	24.3644654	56.9104853
	24.3644259	56.9107909
	24.3644258	56.9108045
	24.3644535	56.9108045
	24.3644534	56.9108338
	24.3644261	56.9108337
	24.364406	56.9111003
	24.3643885	56.9113275
	24.364374	56.9114956
	24.3643674	56.9115762
	24.3642815	56.9126723
	24.3642653	56.9130023
	24.3640107	56.9130861
	24.3637677	56.913155
	24.3635324	56.9132282
	24.3632668	56.9133031
	24.3634997	56.9138745
	24.3644467	56.9145661
	24.3659152	56.9153058
	24.3664526	56.9155412
	24.3673832	56.9159606
	24.3689454	56.9167301
	24.3694994	56.9169824
	24.3697157	56.9170695
	24.3699757	56.9171748
	24.3706959	56.9174225
	24.3727968	56.9178905
	24.3738617	56.9180725
	24.3742641	56.9181615
	24.3767323	56.9185632
	24.3786095	56.9186647
	24.3800627	56.9187314
	24.3819056	56.9187504
	24.3838479	56.9188577
	24.3844921	56.9187
	24.3850837	56.9187263
	24.3859219	56.918831
	24.3882632	56.9189462
	24.3886357	56.9187075
	24.3890354	56.9186312
	24.3891131	56.9186601
	24.3896555	56.9188619
	24.3902433	56.9189475
	24.3909975	56.9188595
	24.3910427	56.918861
	24.3918038	56.9188795
	24.3924264	56.9188784
	24.3938329	56.9188841
	24.3943153	56.9189056
	24.3963089	56.9189495
	24.3969974	56.9190341
	24.3991772	56.9193399
	24.3993916	56.91937
	24.4012051	56.9196293
	24.4013172	56.9196453
	24.4015596	56.9196299
	24.4094712	56.9203998
	24.4124939	56.9206753
	24.4183732	56.921194
	24.4215021	56.9214861
	24.4220136	56.9215824
	24.4252343	56.9218549
	24.4253669	56.921872
	24.4280881	56.9221509
	24.4296706	56.9222937
	24.4301738	56.9226227
	24.4341542	56.9252246
	24.4382181	56.9278143
	24.4370441	56.9305403
	24.4359028	56.9331343
	24.4339841	56.9347733
	24.4339917	56.9349166
	24.4324184	56.9360797
	24.4306386	56.9375886
	24.4298554	56.9382691
	24.4293046	56.9387475
	24.4288893	56.9391149
	24.4276667	56.939137
	24.4270216	56.9391533
	24.4265268	56.9391692
	24.4248642	56.9392227
	24.4233118	56.9392543
	24.4220123	56.9392962
	24.4188331	56.9393671
	24.4139257	56.9395003
	24.4123163	56.9396359
	24.4084033	56.9399656
	24.4083186	56.9399736
	24.408148	56.939989
	24.4080642	56.9399967
	24.4027213	56.9404784
	24.4000421	56.938722
	24.3974759	56.9370397
	24.3957899	56.9358778
	24.3931975	56.9342313
	24.3885988	56.9313893
	24.3892688	56.9300243
	24.3910594	56.9265478
	24.3913091	56.926096
	24.3897731	56.9252645
	24.3894163	56.9252316
	24.388961	56.9252713
	24.3887782	56.925284
	24.3886495	56.9252851
	24.3884639	56.9252718
	24.3883511	56.9252577
	24.3882165	56.9252377
	24.3881755	56.9254759
	24.3881249	56.9254863
	24.3880743	56.9254922
	24.3876954	56.9255249
	24.3869342	56.9255953
	24.3840178	56.9265287
	24.3836936	56.9271284
	24.3836492	56.9274595
	24.3835703	56.9274722
	24.3842615	56.9277379
	24.3845902	56.9280339
	24.3845823	56.9282147
	24.3844146	56.9283471
	24.3840331	56.9284861
	24.383963	56.9284718
	24.3838202	56.9285491
	24.3837205	56.9286436
	24.3838862	56.928718
	24.3840975	56.9287455
	24.3841796	56.9287391
	24.384432	56.9287922
	24.38514	56.9292946
	24.385284	56.9294544
	24.3853529	56.92959
	24.385695	56.9300672
	24.3850421	56.9306185
	24.3818414	56.9332003
	24.380174	56.9335579
	24.3795339	56.9337679
	24.3791069	56.934026
	24.3772115	56.9346757
	24.3773735	56.935275
	24.3773957	56.935357
	24.3774821	56.9355264
	24.3774957	56.9355616
	24.377598	56.935714
	24.3777498	56.9358759
	24.3779338	56.9360397
	24.3781112	56.9362057
	24.3781979	56.9362894
	24.3786457	56.9366953
	24.378798	56.9368615
	24.3787956	56.936952
	24.3786814	56.9371266
	24.378353	56.9373097
	24.3781956	56.9373231
	24.3779227	56.9373544
	24.3774512	56.9374321
	24.3771052	56.9376197
	24.3770744	56.937719
	24.3770738	56.9379428
	24.3765725	56.9384423
	24.3763822	56.9385121
	24.3761427	56.9385725
	24.3757467	56.9385686
	24.3754346	56.9386148
	24.3750886	56.9386673
	24.3749024	56.938682
	24.3747881	56.938691
	24.3747553	56.938857
	24.3746716	56.9392797
	24.3746562	56.9395301
	24.3745949	56.9401274
	24.3743686	56.9410752
	24.3743902	56.9421026
	24.3743981	56.942479
	24.3744447	56.9424848
	24.3742521	56.9429503
	24.3742747	56.9431741
	24.3742369	56.9436636
	24.3741943	56.9441917
	24.374377	56.9444027
	24.3744295	56.944482
	24.3744184	56.9445505
	24.3743834	56.9445893
	24.3743416	56.9446221
	24.3743653	56.9461122
	24.3743897	56.94765
	24.3744018	56.9484116
	24.3744138	56.9491698
	24.374435	56.950504
	24.3744555	56.9517916
	24.374487	56.9518135
	24.373801	56.9518851
	24.3737706	56.9519587
	24.3737412	56.9520737
	24.3736268	56.9523244
	24.3731813	56.9531562
	24.3729445	56.9535785
	24.3727372	56.9536976
	24.3720371	56.9540443
	24.3693364	56.9539394
	24.3682224	56.9539111
	24.3683708	56.9537067
	24.3683008	56.9536202
	24.3681338	56.9535363
	24.367983	56.9535168
	24.3678139	56.9535048
	24.3675858	56.953518
	24.3673213	56.9535512
	24.3668567	56.9536574
	24.3668342	56.9536849
	24.3666431	56.9537371
	24.366745	56.9538816
	24.3667012	56.9540739
	24.3665311	56.9542129
	24.3658851	56.9542391
	24.3656005	56.9540555
	24.3653124	56.954125
	24.3651261	56.9541699
	24.3649376	56.9543458
	24.3648979	56.9544454
	24.3653191	56.9547592
	24.3657162	56.9550796
	24.3657108	56.9552563
	24.3655152	56.9553605
	24.365256	56.9554141
	24.3649079	56.9553538
	24.3646717	56.9552396
	24.3642716	56.9551001
	24.3639565	56.9550497
	24.3635119	56.9550296
	24.3629561	56.9549705
	24.3625979	56.9548782
	24.3623953	56.9548722
	24.3619555	56.954973
	24.36198	56.9551267
	24.3622379	56.9553752
	24.3623661	56.9557736
	24.362585	56.9561951
	24.3627091	56.9565241
	24.3627938	56.9568759
	24.3631765	56.9571253
	24.363582	56.9572893
	24.3643611	56.9575176
	24.3648087	56.9577544
	24.3647987	56.9580728
	24.3640743	56.9584271
	24.3637803	56.9586499
	24.3635356	56.95903
	24.3634497	56.9591932
	24.3632732	56.9594462
	24.3628816	56.9598017
	24.3624337	56.9600009
	24.3622381	56.9600467
	24.3618051	56.9600886
	24.3612875	56.9598374
	24.3601229	56.959386
	24.3594865	56.9592322
	24.3588153	56.9592303
	24.358317	56.9593048
	24.3578357	56.9594154
	24.3571471	56.9596753
	24.3569972	56.9600595
	24.357663	56.960798
	24.3576105	56.96105
	24.3573271	56.9612427
	24.3570094	56.9612856
	24.3566688	56.9612326
	24.356218	56.9611319
	24.3552873	56.9608477
	24.3544748	56.960772
	24.3538207	56.960737
	24.3527335	56.9607905
	24.3520259	56.960972
	24.3517235	56.9612375
	24.3512979	56.9614866
	24.3507381	56.9616316
	24.3505739	56.9616811
	24.3503276	56.9617555
	24.3501634	56.961805
	24.3500818	56.9618301
	24.3500069	56.9618597
	24.3499397	56.9618944
	24.3498786	56.9619332
	24.3498224	56.961975
	24.3497184	56.9620638
	24.3496165	56.962153
	24.3495631	56.9621955
	24.3493995	56.9623214
	24.349182	56.9624891
	24.3490768	56.9625739
	24.3489761	56.9626602
	24.3488812	56.9627483
	24.3487936	56.9628388
	24.3487164	56.9629273
	24.3486179	56.9630506
	24.3485081	56.9631988
	24.3484099	56.963335
	24.3483799	56.9633764
	24.3482857	56.9635022
	24.348244	56.9635553
	24.3481921	56.9636185
	24.3481422	56.9636763
	24.3480393	56.9637911
	24.3476732	56.9641996
	24.3459214	56.9649952
	24.3456763	56.9654398
	24.3455303	56.9657441
	24.3452173	56.9659963
	24.3448095	56.9662663
	24.344633	56.9665947
	24.3446942	56.9670359
	24.344666	56.9673016
	24.3444402	56.9675152
	24.3441352	56.9676836
	24.3437477	56.9677365
	24.3431122	56.9676784
	24.3428906	56.96735
	24.3430142	56.9669859
	24.3428843	56.966631
	24.3426898	56.9664353
	24.3423423	56.9662687
	24.3420245	56.9661765
	24.3415086	56.9662307
	24.340896	56.9663685
	24.3397658	56.9666322
	24.3387333	56.9666859
	24.338381	56.9665187
	24.3382046	56.9663331
	24.3382808	56.9660385
	24.3384637	56.9654647
	24.3388497	56.9650912
	24.3391881	56.9647583
	24.3391868	56.9646123
	24.3391241	56.9644593
	24.3387812	56.9643047
	24.3384002	56.9642449
	24.3381306	56.9641797
	24.3377406	56.9641614
	24.3373277	56.9642142
	24.3369862	56.9643313
	24.3367806	56.9644958
	24.3364009	56.9648098
	24.3362096	56.9651239
	24.3361047	56.9654358
	24.335849	56.9656915
	24.3352532	56.9660752
	24.335098	56.9661567
	24.3343776	56.9665493
	24.3341138	56.9667415
	24.3338519	56.9669863
	24.3336932	56.9672279
	24.3334264	56.9675009
	24.3331079	56.9677232
	24.3325469	56.9677873
	24.3317673	56.9676587
	24.3308127	56.967422
	24.3303504	56.9673877
	24.32996	56.9674143
	24.3294888	56.9675064
	24.3290833	56.9675743
	24.3289359	56.9676923
	24.3287983	56.9680445
	24.3286095	56.968396
	24.3281325	56.9685312
	24.3273907	56.9685301
	24.327187	56.9685032
	24.3266671	56.9684344
	24.3261894	56.9683045
	24.3257373	56.9682091
	24.325508	56.9681752
	24.3251784	56.9681496
	24.3247866	56.9682442
	24.324675	56.9682957
	24.3245042	56.9683746
	24.3242437	56.9682996
	24.3237298	56.9680082
	24.3221635	56.9671108
	24.3221663	56.9668621
	24.3221675	56.9667514
	24.320886	56.9668968
	24.3192787	56.9665376
	24.3176955	56.9661897
	24.3157338	56.9663041
	24.3142605	56.9668032
	24.3139936	56.9666776
	24.3110708	56.9652836
	24.3082047	56.9639158
	24.3069083	56.9631898
	24.3065561	56.9628367
	24.3052371	56.9615144
	24.3038356	56.9612085
	24.3040092	56.961029
	24.3034825	56.960924
	24.3017593	56.9605161
	24.3016189	56.9604531
	24.2994583	56.9594695
	24.2993098	56.959421
	24.2991208	56.9593587
	24.2975402	56.9588363
	24.2959007	56.9584396
	24.2930365	56.957434
	24.2912093	56.9570759
	24.2895976	56.9562175
	24.2888381	56.9558032
	24.2888249	56.9558085
	24.2885418	56.9556471
	24.2882597	56.955481
	24.2879646	56.9553202
	24.287573	56.9551151
	24.2874905	56.9550753
	24.2874095	56.9551211
	24.2868071	56.9554645
	24.2862595	56.9557776
	24.2852807	56.9563373
	24.2845745	56.9567703
	24.284367	56.9569017
	24.2838289	56.9572299
	24.2838245	56.9572302
	24.2837163	56.9572345
	24.2825432	56.9572782
	24.2789794	56.9574295
	24.2775584	56.9574242
	24.2761393	56.9574209
	24.2752437	56.9574154
	24.2720822	56.9574413
	24.270028	56.9574816
	24.269917	56.9571782
	24.2701164	56.9566339
	24.2699498	56.9563074
	24.2693721	56.9555965
	24.2690404	56.9553836
	24.268739	56.9551307
	24.2684525	56.9539351
	24.2689363	56.9531505
	24.2693377	56.9522672
	24.2699325	56.9506678
	24.2695384	56.9505832
	24.2694872	56.9505722
	24.2681489	56.9502849
	24.268061	56.9502635
	24.2679832	56.9502446
	24.2667845	56.9497835
	24.2663663	56.9496778
	24.2658004	56.9495349
	24.2657697	56.9495272
	24.2651724	56.949377
	24.2642271	56.9491394
	24.2634064	56.9489331
	24.2632354	56.9490513
	24.2583943	56.9523968
	24.2564498	56.9562071
	24.2562461	56.9561966
	24.2552474	56.9561448
	24.2538295	56.9560935
	24.2534755	56.9560242
	24.2531059	56.9558262
	24.2527898	56.954769
	24.2526668	56.954358
	24.2526563	56.9543226
	24.2524122	56.9540506
	24.2521372	56.9537425
	24.2502907	56.9516783
	24.2497877	56.951116
	24.2497122	56.9510323
	24.2496853	56.9510015
	24.2495611	56.9509216
	24.2486157	56.9498057
	24.2476681	56.9487462
	24.2457454	56.9456865
	24.2455334	56.9453492
	24.2454596	56.9452301
	24.2451635	56.9447526
	24.2449487	56.9444062
	24.2446051	56.943852
	24.2444987	56.9436803
	24.244488	56.9436631
	24.2443643	56.9434616
	24.2442328	56.9432514
	24.2433226	56.9430204
	24.2430154	56.9429425
	24.2423625	56.9427768
	24.241795	56.9426328
	24.241615	56.9425871
	24.2413546	56.942521
	24.2406816	56.9423502
	24.24014	56.942007
	24.240073	56.9419647
	24.239047	56.9413145
	24.2381756	56.9407622
	24.2381107	56.9407211
	24.2380595	56.9406888
	24.2380459	56.94068
	24.2375506	56.9403665
	24.2372044	56.9401467
	24.2367863	56.9398817
	24.2361813	56.9394983
	24.2360246	56.9393989
	24.2360063	56.9393873
	24.2359881	56.9393758
	24.2355271	56.9390153
	24.2343149	56.9380674
	24.2342951	56.938001
	24.2334284	56.9373535
	24.2351041	56.9361149
	24.2350031	56.9359829
	24.2361744	56.930464
	24.2362508	56.9300827
	24.2362589	56.9300424
	24.2366957	56.9279304
	24.2372627	56.9251565
	24.23747	56.9239548
	24.2376839	56.9227145
	24.2361324	56.9227122
	24.2361518	56.9225274
	24.2363479	56.9206599
	24.236364	56.9205243
	24.2363948	56.9202649
	24.2364313	56.9195753
	24.2365153	56.9179883
	24.2365936	56.9165088
	24.2366752	56.9155201
	24.2367028	56.9151862
	24.2367157	56.915104
	24.2367508	56.9148824
	24.2367786	56.9140447
	24.2368024	56.9133251
	24.2368052	56.913245
	24.2368082	56.9131526
	24.2368094	56.9131183
	24.2367767	56.9129356
	24.2366719	56.9125851
	24.2366621	56.9125526
	24.236534	56.9121223
	24.2357565	56.9095248
	24.2357555	56.9095222
	24.2357175	56.9093633
	24.2354722	56.9083134
	24.2352454	56.9073462
	24.2348675	56.905731
	24.2346678	56.9048782
	24.2346407	56.9047624
	24.2346387	56.9047575
	24.2337724	56.9025216
	24.2336943	56.9023199
	24.2335968	56.9020683
	24.2332659	56.9020792
	24.2330353	56.9020868
	24.2300224	56.900321
	24.2300819	56.9002904
	24.2311069	56.8997654
	24.231141	56.8997479
	24.2315998	56.8995129
	24.2322693	56.8991698
	24.2323595	56.8991236
	24.2337475	56.8984124
	24.2322227	56.897524
	24.2320412	56.8974182
	24.2320327	56.8974309
	24.2316743	56.8976179
	24.2306869	56.8981231
	24.2294507	56.8973933
	24.227986	56.8965825
END
END
