11352519
1
	25.2204096	57.3183142
	25.2246198	57.3150174
	25.2289129	57.3078575
	25.22903	57.307724
	25.2290156	57.3075733
	25.229182	57.3072346
	25.2291509	57.3066932
	25.2295839	57.3059031
	25.2295156	57.3057981
	25.2289395	57.3056226
	25.2288637	57.3055627
	25.228863	57.3054868
	25.2296581	57.3052015
	25.2304166	57.3047326
	25.2320094	57.30354
	25.2323572	57.3030586
	25.2326153	57.3028243
	25.2336278	57.3022772
	25.2337363	57.302169
	25.233883	57.3017654
	25.2327025	57.301614
	25.232675	57.3014116
	25.2324502	57.3012905
	25.2324229	57.3012059
	25.2324301	57.3011875
	25.2324993	57.3010094
	25.232724	57.3004573
	25.2331637	57.299644
	25.2337538	57.2983827
	25.233701	57.2977232
	25.2336293	57.2975559
	25.2332655	57.2972088
	25.2332484	57.2971281
	25.2332289	57.2970357
	25.2332654	57.2969556
	25.2336075	57.2966688
	25.2338449	57.29653
	25.23539	57.2959251
	25.234394	57.2951288
	25.2344911	57.2951218
	25.2347102	57.2952488
	25.2355547	57.295993
	25.2369715	57.2970836
	25.2385918	57.2982593
	25.2396273	57.2990397
	25.2410311	57.299778
	25.2448976	57.3001546
	25.2453368	57.3001818
	25.2469344	57.3003153
	25.2505017	57.3008096
	25.252089	57.2986579
	25.2552775	57.2973722
	25.2556798	57.2966418
	25.2569986	57.2965421
	25.2580323	57.296409
	25.2589579	57.2961428
	25.260191	57.2969163
	25.2612977	57.2973881
	25.2630694	57.2969108
	25.2639172	57.2964665
	25.2656575	57.2952958
	25.2682412	57.2938891
	25.2717604	57.2927293
	25.2756983	57.2915945
	25.2782659	57.2907901
	25.2797859	57.2908493
	25.2813753	57.289469
	25.282609	57.2881172
	25.2857367	57.2879312
	25.2880581	57.2884671
	25.2891177	57.2885791
	25.2940589	57.2895516
	25.2944079	57.2927849
	25.294398	57.2948123
	25.2958394	57.2939028
	25.2977648	57.2948292
	25.2982793	57.2956005
	25.2990814	57.2956803
	25.3023506	57.296105
	25.3025643	57.2957939
	25.3040847	57.296682
	25.3045673	57.2969638
	25.3036453	57.2980382
	25.3017007	57.298729
	25.3004084	57.3017648
	25.3008252	57.3018729
	25.300069	57.3021735
	25.2998018	57.3019981
	25.2985253	57.3023391
	25.2971353	57.3029541
	25.297756	57.305932
	25.2982208	57.3074682
	25.3017736	57.3069638
	25.3023824	57.3069503
	25.3110565	57.3062722
	25.3119623	57.3077432
	25.3123659	57.3100067
	25.3156158	57.3101624
	25.3172492	57.3121962
	25.3176981	57.3127328
	25.3195709	57.3150419
	25.3181892	57.3176683
	25.31618	57.3180286
	25.3133672	57.3186092
	25.3109242	57.3187424
	25.3097277	57.3190634
	25.3094232	57.3225103
	25.3052018	57.3228329
	25.3027517	57.3230967
	25.2998549	57.3233284
	25.2991152	57.3233396
	25.2987499	57.3235305
	25.2965168	57.3226924
	25.2962841	57.3229545
	25.2964709	57.3247094
	25.2960523	57.3246331
	25.2950452	57.3234806
	25.2938593	57.3240401
	25.2927978	57.3246388
	25.2882168	57.324073
	25.2880071	57.3240014
	25.2877225	57.3241768
	25.2865423	57.3242671
	25.2841074	57.3242202
	25.2830444	57.3238025
	25.2829171	57.3236076
	25.2808553	57.322908
	25.2795205	57.322399
	25.2793439	57.3224033
	25.2784874	57.3220505
	25.2781291	57.3219631
	25.2777357	57.3219946
	25.2765687	57.3219695
	25.276276	57.3219181
	25.2759659	57.3219024
	25.2755266	57.3219752
	25.2750405	57.3220394
	25.2745529	57.3221633
	25.2744307	57.3222328
	25.2743545	57.3222666
	25.2742008	57.3222434
	25.2740826	57.3222413
	25.2739558	57.3222776
	25.2737136	57.3222843
	25.2735725	57.3222674
	25.2732996	57.3221396
	25.2731631	57.3220878
	25.2725232	57.3219379
	25.2721034	57.3218672
	25.2719692	57.3218626
	25.2716086	57.3218762
	25.2705852	57.3218248
	25.2701235	57.3218107
	25.2692647	57.3218781
	25.2684741	57.3221067
	25.2672865	57.3224449
	25.2665564	57.3226455
	25.2661771	57.3228637
	25.2660426	57.3228874
	25.265721	57.3228555
	25.2646526	57.3234327
	25.2629408	57.3244487
	25.2617314	57.3245567
	25.2616972	57.3239683
	25.2595448	57.3241753
	25.2595751	57.3244747
	25.2595393	57.3246004
	25.2594402	57.324645
	25.2593	57.3246573
	25.2591773	57.3245986
	25.2585609	57.323901
	25.2586698	57.3235785
	25.2581649	57.3231769
	25.2576903	57.3233969
	25.2571875	57.3248159
	25.2566	57.3267026
	25.2561782	57.3283132
	25.2565573	57.3290168
	25.2563547	57.3293992
	25.2548822	57.3294188
	25.2529283	57.3295282
	25.2460455	57.3312745
	25.2457011	57.331751
	25.2452146	57.332234
	25.2449275	57.3325623
	25.2435374	57.3340424
	25.2428429	57.3348115
	25.2379027	57.3358808
	25.2370039	57.3354074
	25.2367961	57.3351065
	25.2366275	57.3346685
	25.2361346	57.3337288
	25.2361366	57.3331348
	25.2360816	57.3328026
	25.2362636	57.3323374
	25.2361973	57.3319995
	25.2362697	57.3318621
	25.2362749	57.3318217
	25.2363246	57.3314385
	25.236359	57.3311736
	25.2363935	57.3307277
	25.2363437	57.3300599
	25.2364413	57.3295332
	25.2365707	57.3291369
	25.2371707	57.3285251
	25.2371937	57.3283912
	25.2371401	57.328267
	25.2356293	57.3269392
	25.2354208	57.3266175
	25.2351692	57.3258269
	25.2349103	57.3246591
	25.2348451	57.3244808
	25.2346835	57.3240391
	25.2345724	57.3235056
	25.2340691	57.3219244
	25.2330596	57.3201431
	25.2330212	57.3199801
	25.2227382	57.3214676
	25.2204096	57.3183142
END
END
