11352910
1
	24.3647769	57.1840872
	24.3647954	57.1840757
	24.3649583	57.1841525
	24.3651667	57.1842146
	24.3652484	57.1842288
	24.3655233	57.184254
	24.3657961	57.1842512
	24.3661195	57.1842172
	24.3665982	57.1840976
	24.3668788	57.1839624
	24.3670568	57.1838276
	24.3672503	57.1836403
	24.3673877	57.183477
	24.3675385	57.1832695
	24.3677155	57.1830346
	24.3679137	57.1827716
	24.3679841	57.1826996
	24.3680865	57.1826248
	24.3682024	57.1825401
	24.3682988	57.1824612
	24.3683589	57.1823875
	24.3683801	57.1823456
	24.3683842	57.1823244
	24.3684481	57.181997
	24.3685871	57.1819988
	24.3686675	57.1820309
	24.3687144	57.1820794
	24.3687762	57.1821975
	24.3687558	57.18226
	24.3688494	57.1824213
	24.3688734	57.1824503
	24.3689784	57.1825753
	24.3691166	57.1826692
	24.369153	57.1827132
	24.3692066	57.1827918
	24.3694166	57.1828586
	24.3695132	57.1829982
	24.3696084	57.1831062
	24.3697507	57.1832092
	24.3699371	57.1833121
	24.3700553	57.1834097
	24.3701015	57.1834297
	24.3701346	57.1835346
	24.3701698	57.1835487
	24.3703805	57.183538
	24.3705328	57.183485
	24.370706	57.1833719
	24.3707761	57.1832742
	24.370803	57.1830499
	24.3707722	57.1829804
	24.3709326	57.1828392
	24.3709908	57.1828499
	24.3710419	57.1829553
	24.3710656	57.1831207
	24.3712501	57.1833422
	24.371359	57.1834072
	24.3714693	57.1834156
	24.3715098	57.1834895
	24.3712798	57.1838833
	24.3712932	57.1839678
	24.3713853	57.1840062
	24.37154	57.1839958
	24.3716416	57.1839518
	24.371838	57.1839824
	24.3720507	57.1840391
	24.3722497	57.1840753
	24.3723096	57.1840511
	24.3724531	57.183921
	24.3724357	57.1838781
	24.3721001	57.183643
	24.3720259	57.1835563
	24.3720293	57.1835206
	24.372108	57.1834938
	24.3723205	57.1835013
	24.3724524	57.1835296
	24.3726286	57.1834759
	24.3726795	57.183485
	24.3727532	57.1835287
	24.3727348	57.1836431
	24.3727446	57.183713
	24.3728328	57.1837757
	24.3730309	57.18385
	24.3733767	57.1838828
	24.373301	57.1839438
	24.3733609	57.1839477
	24.3734197	57.1839515
	24.3740336	57.1839156
	24.3759042	57.1838947
	24.376257	57.1840846
	24.3774809	57.1845264
	24.3776478	57.1845168
	24.378047	57.184352
	24.3786158	57.1844321
	24.3796883	57.1847653
	24.3798553	57.1847648
	24.3804219	57.1846358
	24.3850396	57.18534
	24.385714	57.1855354
	24.3858833	57.1855677
	24.3860671	57.1854721
	24.3862304	57.1854108
	24.3862937	57.1853883
	24.3863571	57.1853659
	24.386423	57.185345
	24.3864933	57.1853274
	24.3865664	57.1853132
	24.3866407	57.1853029
	24.3867149	57.1852966
	24.386788	57.1852953
	24.3868616	57.1853012
	24.3869356	57.1853123
	24.3870092	57.1853262
	24.3870811	57.1853416
	24.3871469	57.1853639
	24.3872111	57.1853855
	24.3872809	57.1853963
	24.387358	57.1853898
	24.3874247	57.1853694
	24.3874859	57.1853455
	24.3875504	57.1853239
	24.3876159	57.1853033
	24.3876831	57.1852847
	24.3877536	57.1852693
	24.3878277	57.1852629
	24.3879035	57.1852666
	24.38798	57.1852745
	24.3880561	57.1852809
	24.3881307	57.1852799
	24.3882039	57.1852703
	24.3882769	57.1852573
	24.38835	57.1852462
	24.3884239	57.1852417
	24.3884993	57.1852424
	24.3885752	57.1852467
	24.3886503	57.1852538
	24.3887226	57.1852662
	24.388792	57.1852839
	24.3888615	57.1852996
	24.388934	57.1853072
	24.38901	57.1853073
	24.3890865	57.1852994
	24.3891601	57.1852834
	24.3892257	57.1852609
	24.3892758	57.1852299
	24.3893032	57.18519
	24.3893106	57.1851491
	24.3893095	57.1851082
	24.3893012	57.1850675
	24.389285	57.1850267
	24.3892838	57.1849859
	24.3893084	57.1849477
	24.3893492	57.1849136
	24.3894002	57.1848815
	24.389455	57.1848499
	24.3895105	57.1848215
	24.3895689	57.1847967
	24.3896327	57.1847749
	24.3897045	57.1847573
	24.3897817	57.184749
	24.3898574	57.1847521
	24.3899271	57.1847657
	24.3899945	57.1847835
	24.39006	57.1848044
	24.3901236	57.1848279
	24.3901847	57.1848536
	24.3902367	57.1848827
	24.390286	57.1849131
	24.3903432	57.1849412
	24.3904113	57.1849632
	24.3904821	57.1849781
	24.3905537	57.1849876
	24.3906275	57.18499
	24.390702	57.1849771
	24.3907655	57.1849456
	24.3908022	57.1849097
	24.3908226	57.1848712
	24.3908363	57.1848304
	24.39084	57.1847883
	24.3908347	57.1847469
	24.3908206	57.1847086
	24.3907776	57.1846732
	24.3907233	57.1846389
	24.3906873	57.1846041
	24.3906878	57.1845669
	24.3907036	57.1845261
	24.3907326	57.1844854
	24.3907744	57.1844485
	24.3908282	57.1844185
	24.3908847	57.1843911
	24.3909413	57.1843642
	24.3909978	57.184337
	24.391061	57.1843121
	24.391126	57.1842878
	24.391177	57.1842584
	24.3912042	57.1842206
	24.3912278	57.1841816
	24.391251	57.1841426
	24.3912743	57.1841036
	24.3912977	57.1840645
	24.3913212	57.1840255
	24.3913579	57.1839832
	24.3914203	57.1839464
	24.3914884	57.1839406
	24.3915516	57.183963
	24.3916146	57.1839856
	24.3916777	57.1840082
	24.3917408	57.1840309
	24.3918068	57.1840497
	24.3918823	57.1840329
	24.3919326	57.1839975
	24.3919519	57.1839595
	24.3919435	57.1839197
	24.3919228	57.1838799
	24.3918999	57.18384
	24.3918847	57.1837998
	24.3918767	57.1837591
	24.3918688	57.183718
	24.3918633	57.1836766
	24.3918623	57.1836353
	24.3918681	57.1835942
	24.3918827	57.1835536
	24.391908	57.1835148
	24.3919425	57.1834784
	24.3919831	57.1834434
	24.3920269	57.1834093
	24.3920756	57.1833781
	24.3921278	57.1833491
	24.3921786	57.1833186
	24.3922223	57.1832833
	24.3922542	57.1832454
	24.3922766	57.1832065
	24.3922916	57.1831672
	24.3922939	57.1831261
	24.392276	57.1830849
	24.3922314	57.1830464
	24.3921714	57.1830195
	24.3921031	57.1830037
	24.3920289	57.1829946
	24.3919542	57.1829897
	24.3918786	57.1829898
	24.3918119	57.1829705
	24.3917683	57.182935
	24.39175	57.182895
	24.3917362	57.1828546
	24.3917067	57.1828172
	24.3916688	57.1827823
	24.3916147	57.1827518
	24.3915465	57.1827296
	24.3914755	57.182716
	24.391402	57.1827085
	24.3913266	57.1827061
	24.3912509	57.182708
	24.3911753	57.1827086
	24.3911004	57.182705
	24.3910269	57.1826974
	24.3909548	57.1826801
	24.3908949	57.182653
	24.3908508	57.1826202
	24.3908159	57.1825831
	24.3907854	57.1825437
	24.3907639	57.1825041
	24.3907572	57.1824639
	24.390765	57.1824232
	24.3907762	57.1823824
	24.3907829	57.1823414
	24.3907739	57.1823007
	24.3907413	57.1822638
	24.3907034	57.1822282
	24.39067	57.1821908
	24.3906362	57.1821532
	24.3906075	57.1821151
	24.3905914	57.1820763
	24.3906049	57.1820367
	24.3906315	57.1819966
	24.3906398	57.1819765
	24.3906484	57.181956
	24.3906639	57.1819146
	24.3906594	57.1818744
	24.3906325	57.1818363
	24.3905994	57.1817992
	24.3905658	57.1817622
	24.3905414	57.1817366
	24.3905312	57.1817257
	24.3904964	57.1816893
	24.3904669	57.1816517
	24.3904609	57.1816106
	24.3904716	57.1815685
	24.3904907	57.1815286
	24.3905343	57.181494
	24.3905481	57.1814911
	24.3906054	57.1814789
	24.3906778	57.1814681
	24.3907397	57.1814446
	24.3907794	57.1814103
	24.3908186	57.1813748
	24.3908739	57.1813462
	24.3909353	57.1813225
	24.3910064	57.1813036
	24.3910906	57.1812963
	24.3911632	57.1813095
	24.3912104	57.1813425
	24.3912481	57.181378
	24.3912811	57.1814146
	24.3913126	57.181452
	24.391337	57.1814903
	24.3913625	57.1815287
	24.3914017	57.1815655
	24.3914616	57.1815921
	24.3915325	57.1816079
	24.3916053	57.1816163
	24.3916811	57.1816177
	24.391758	57.1816121
	24.3918334	57.1815995
	24.3919049	57.1815803
	24.3919702	57.1815574
	24.3920287	57.1815316
	24.3920805	57.1815021
	24.3921257	57.1814686
	24.3921578	57.1814306
	24.3921695	57.1813897
	24.3921744	57.1813481
	24.3921871	57.1813077
	24.3922187	57.1812703
	24.3922569	57.1812353
	24.3922989	57.1812021
	24.392345	57.1811703
	24.3923956	57.1811396
	24.3924508	57.1811097
	24.3925117	57.1810803
	24.3925816	57.1810533
	24.3926566	57.1810336
	24.3927315	57.1810263
	24.3928009	57.1810365
	24.392866	57.1810595
	24.3929266	57.1810885
	24.3929782	57.1811219
	24.393016	57.1811584
	24.3930353	57.1811965
	24.3930327	57.1812362
	24.3930126	57.181277
	24.3929821	57.1813172
	24.3929481	57.1813551
	24.3929084	57.1813898
	24.3928563	57.181423
	24.3928347	57.1814569
	24.392871	57.1814933
	24.3929418	57.1815236
	24.3930171	57.1815356
	24.3930921	57.1815351
	24.3931651	57.18153
	24.3932367	57.1815169
	24.3933079	57.1814979
	24.3933794	57.1814795
	24.3934518	57.1814681
	24.3935255	57.18147
	24.3935999	57.1814773
	24.3936742	57.1814847
	24.3937486	57.1814921
	24.3938229	57.1814994
	24.3938973	57.1815067
	24.3939683	57.1815354
	24.3940139	57.1815754
	24.3940234	57.1816222
	24.3940475	57.1816694
	24.3940948	57.1817085
	24.3941759	57.18171
	24.3942596	57.1816897
	24.3943448	57.1816751
	24.3944311	57.1816661
	24.3945166	57.181663
	24.3945971	57.1816752
	24.3946736	57.1816989
	24.3947526	57.1817212
	24.3948373	57.1817342
	24.3949226	57.181744
	24.3950079	57.1817484
	24.3950933	57.1817454
	24.3951787	57.181737
	24.395264	57.1817256
	24.3953479	57.1817116
	24.3954292	57.1816937
	24.3955085	57.1816733
	24.3955868	57.181652
	24.3956647	57.1816313
	24.3957431	57.1816126
	24.3958227	57.1815976
	24.395906	57.1815879
	24.3959931	57.1815852
	24.3960814	57.1815912
	24.396168	57.1816075
	24.3962496	57.1816351
	24.3963184	57.1816679
	24.3963742	57.1817043
	24.3964181	57.1817441
	24.3964515	57.1817875
	24.3964759	57.1818338
	24.3964938	57.1818807
	24.396506	57.1819276
	24.3965131	57.1819746
	24.3965158	57.1820214
	24.3965148	57.1820681
	24.3965084	57.1821146
	24.3964918	57.182161
	24.3964751	57.1822075
	24.3964694	57.1822538
	24.3964817	57.1822997
	24.3965242	57.182345
	24.3965879	57.1823812
	24.3966615	57.1824041
	24.3967433	57.1824077
	24.396824	57.1823845
	24.396878	57.1823472
	24.3969306	57.1823102
	24.3970053	57.1822853
	24.3970856	57.1822677
	24.3971707	57.1822626
	24.3972498	57.1822496
	24.3972998	57.1822115
	24.3973376	57.1821678
	24.3973821	57.182127
	24.3974423	57.1820932
	24.3975057	57.1820612
	24.3975729	57.1820315
	24.397645	57.1820047
	24.3977261	57.1819825
	24.397817	57.1819679
	24.3979094	57.1819644
	24.3979943	57.1819752
	24.3980656	57.182001
	24.3981319	57.1820313
	24.3981963	57.182063
	24.3982568	57.1820966
	24.3983182	57.1821298
	24.3983989	57.1821437
	24.3984848	57.1821544
	24.3985689	57.1821701
	24.3986374	57.1821989
	24.3986833	57.182241
	24.3987162	57.1822848
	24.3987419	57.1823295
	24.398766	57.1823743
	24.3987941	57.1824183
	24.3988282	57.1824613
	24.398863	57.1825039
	24.398903	57.1825458
	24.3989553	57.1825839
	24.3990287	57.182609
	24.3991125	57.1826275
	24.3991973	57.1826359
	24.3992811	57.1826292
	24.3993646	57.1826114
	24.399448	57.1826149
	24.3995301	57.1826308
	24.3996083	57.1826535
	24.3996778	57.1826814
	24.3997527	57.1827045
	24.3998399	57.1827192
	24.3999295	57.1827228
	24.4000097	57.1827116
	24.4000731	57.1826811
	24.4001351	57.1826456
	24.4002117	57.182621
	24.4002928	57.1826032
	24.4003762	57.1825969
	24.4004605	57.1826099
	24.400545	57.1826221
	24.4006304	57.18262
	24.4007148	57.1826047
	24.4007785	57.182573
	24.4008478	57.1825444
	24.4009259	57.1825222
	24.4010083	57.1825118
	24.4010947	57.182515
	24.4011808	57.1825256
	24.4012627	57.1825412
	24.4013423	57.182561
	24.4014252	57.1825709
	24.4015129	57.1825686
	24.4015977	57.1825561
	24.4016766	57.1825372
	24.4017528	57.1825154
	24.4018292	57.1824934
	24.4019087	57.1824736
	24.4019921	57.1824576
	24.4020758	57.1824446
	24.4021596	57.1824347
	24.4022437	57.1824292
	24.4023285	57.1824329
	24.4024131	57.182449
	24.4024927	57.1824796
	24.4025432	57.1825171
	24.4025849	57.1825572
	24.4026189	57.1825995
	24.4026445	57.1826435
	24.402672	57.1826877
	24.4027118	57.1827304
	24.4027737	57.1827693
	24.4028527	57.182791
	24.4029361	57.1827999
	24.4030274	57.1828029
	24.4031133	57.1827893
	24.4031709	57.1827515
	24.4032094	57.1827097
	24.4032457	57.182668
	24.4032856	57.1826273
	24.4033276	57.182587
	24.4033872	57.1825479
	24.403462	57.1825174
	24.4035446	57.1824985
	24.4036291	57.1824925
	24.4037119	57.182498
	24.4037952	57.1825084
	24.4038786	57.1825224
	24.4039616	57.1825392
	24.4040436	57.1825578
	24.4041219	57.1825787
	24.4041967	57.1826015
	24.4042706	57.1826249
	24.4043461	57.1826473
	24.4044258	57.1826672
	24.4045106	57.1826824
	24.404596	57.1826914
	24.4046815	57.1826957
	24.4047672	57.1826951
	24.4048527	57.1826864
	24.4049383	57.1826755
	24.405024	57.1826696
	24.4051096	57.1826718
	24.4051942	57.1826812
	24.4052758	57.1827015
	24.4053457	57.1827335
	24.4053986	57.1827699
	24.4054542	57.182805
	24.4055165	57.18284
	24.405599	57.1828509
	24.4056856	57.1828509
	24.4057722	57.1828482
	24.4058588	57.1828473
	24.4059454	57.1828478
	24.406032	57.182849
	24.4061185	57.1828519
	24.4062001	57.1828662
	24.4062745	57.1828925
	24.4063425	57.1829234
	24.4064009	57.1829576
	24.4064575	57.1829928
	24.4065214	57.1830257
	24.4065939	57.183053
	24.4066741	57.1830615
	24.4067602	57.1830507
	24.4068442	57.18303
	24.4069194	57.1830056
	24.4069887	57.1829774
	24.4070584	57.1829496
	24.4071355	57.1829258
	24.4072223	57.1829096
	24.4073016	57.1829188
	24.4073692	57.1829473
	24.4074282	57.1829846
	24.4074783	57.1830247
	24.4075176	57.1830666
	24.4075562	57.1831082
	24.4076051	57.1831471
	24.4076616	57.1831818
	24.4077256	57.183213
	24.4078006	57.1832413
	24.4078807	57.1832636
	24.4079625	57.1832786
	24.4080456	57.1832862
	24.4081311	57.1832875
	24.4082182	57.1832828
	24.4083042	57.1832715
	24.4083867	57.1832529
	24.4084636	57.1832288
	24.4085361	57.1832028
	24.4086065	57.183176
	24.4086771	57.1831496
	24.4087501	57.1831247
	24.4088257	57.1831017
	24.4089024	57.18308
	24.4089807	57.1830598
	24.4090634	57.1830449
	24.4091519	57.1830445
	24.4092302	57.1830618
	24.4093063	57.1830818
	24.4093929	57.1830744
	24.4094727	57.1830562
	24.4095511	57.1830342
	24.4096353	57.1830265
	24.4097249	57.1830407
	24.4097782	57.1830795
	24.4098102	57.1831232
	24.4098392	57.1831668
	24.4098682	57.1832102
	24.4099328	57.1832471
	24.410019	57.183254
	24.4101006	57.1832388
	24.4101819	57.183222
	24.4102623	57.183204
	24.4103422	57.1831861
	24.4104264	57.1831735
	24.410516	57.1831808
	24.4105884	57.1832155
	24.4106131	57.1832608
	24.4106221	57.1833071
	24.4106339	57.1833536
	24.4106433	57.1834003
	24.4106533	57.183447
	24.4106671	57.1834936
	24.4106898	57.1835399
	24.4107322	57.1835817
	24.410804	57.1836123
	24.4108862	57.1836313
	24.4109696	57.1836428
	24.411054	57.1836503
	24.4111393	57.1836573
	24.4112157	57.1836635
	24.4112924	57.1836683
	24.4113692	57.1836725
	24.4114459	57.1836767
	24.4115226	57.1836815
	24.4115991	57.1836875
	24.4116752	57.1836956
	24.4117496	57.1837066
	24.4118213	57.1837219
	24.4118892	57.183743
	24.4119523	57.183771
	24.4120065	57.1838025
	24.4120528	57.1838359
	24.4120936	57.1838709
	24.4121315	57.1839071
	24.4121683	57.1839441
	24.412202	57.1839819
	24.4122332	57.1840202
	24.412263	57.1840587
	24.4122927	57.1840973
	24.4123234	57.1841357
	24.4123565	57.1841737
	24.4123931	57.1842109
	24.412432	57.1842467
	24.412473	57.1842805
	24.412518	57.1843128
	24.4125688	57.1843439
	24.4126272	57.1843742
	24.4126946	57.1844039
	24.4127651	57.1844315
	24.4128364	57.1844547
	24.4129081	57.1844711
	24.4129802	57.1844783
	24.4130525	57.1844743
	24.413125	57.1844611
	24.4131974	57.1844445
	24.41327	57.1844299
	24.4133462	57.1844134
	24.4134218	57.1844046
	24.4134845	57.1844216
	24.4135283	57.1844591
	24.4135795	57.1844904
	24.4136395	57.1845176
	24.4137158	57.1845288
	24.4137923	57.1845241
	24.4138674	57.1845146
	24.4139398	57.1844985
	24.4140073	57.1844765
	24.4140716	57.1844537
	24.4141349	57.1844304
	24.4141961	57.1844042
	24.4142549	57.184375
	24.4143184	57.1843523
	24.4143905	57.1843448
	24.4144655	57.1843514
	24.414542	57.1843653
	24.4146188	57.1843795
	24.4146953	57.1843879
	24.414772	57.1843944
	24.4148488	57.1843985
	24.4149216	57.1843922
	24.4149822	57.1843623
	24.4150171	57.1843219
	24.4150091	57.1842829
	24.4149634	57.184245
	24.4149722	57.184207
	24.4150043	57.1841694
	24.4150521	57.184132
	24.4151077	57.1841013
	24.4151718	57.1840796
	24.4152497	57.1840728
	24.415324	57.1840858
	24.4153891	57.1841083
	24.4154481	57.1841359
	24.4154926	57.1841702
	24.4155214	57.1842099
	24.4155746	57.1842407
	24.4156487	57.1842526
	24.4157261	57.1842535
	24.4158037	57.1842511
	24.4158792	57.1842455
	24.4159534	57.1842325
	24.4160276	57.1842209
	24.4161019	57.1842206
	24.4161761	57.1842336
	24.4162482	57.1842616
	24.4163019	57.184295
	24.41634	57.1843304
	24.4163706	57.1843672
	24.416401	57.1844052
	24.4164153	57.1844464
	24.4164676	57.1844761
	24.4165447	57.1844778
	24.4166221	57.1844752
	24.4166989	57.1844774
	24.416775	57.1844832
	24.4168502	57.1844939
	24.41692	57.1845133
	24.4169786	57.1845405
	24.4170292	57.1845725
	24.4170763	57.1846055
	24.417127	57.1846369
	24.4171835	57.1846648
	24.4172565	57.1846878
	24.4173324	57.1847031
	24.4174085	57.1847086
	24.4174833	57.1847021
	24.4175573	57.1846904
	24.4176313	57.1846783
	24.4177052	57.1846659
	24.4177786	57.184653
	24.4178532	57.1846423
	24.4179297	57.1846379
	24.4180073	57.1846374
	24.4180851	57.1846374
	24.4181624	57.1846348
	24.418239	57.1846298
	24.4183154	57.1846234
	24.4183913	57.1846158
	24.4184669	57.184607
	24.4185319	57.1845857
	24.418592	57.1845599
	24.4186673	57.1845488
	24.4186852	57.1845476
	24.4187477	57.1845435
	24.4188284	57.1845452
	24.4189043	57.1845553
	24.418972	57.1845744
	24.4190351	57.1845992
	24.4190997	57.1846226
	24.4191262	57.1846297
	24.4191695	57.1846397
	24.4192411	57.1846552
	24.4193132	57.1846704
	24.4193851	57.184686
	24.4194561	57.1847027
	24.4195254	57.1847208
	24.4195931	57.184741
	24.4196594	57.1847645
	24.4197185	57.1847931
	24.4197236	57.1847972
	24.4197617	57.1848279
	24.4197882	57.1848675
	24.4198121	57.1849075
	24.4198345	57.1849475
	24.4198562	57.1849877
	24.4198778	57.1850279
	24.4198977	57.1850683
	24.4199296	57.1851061
	24.4199789	57.185138
	24.4200374	57.1851669
	24.4200966	57.185196
	24.4201534	57.1852263
	24.4202121	57.1852542
	24.4202776	57.1852755
	24.4203525	57.1852863
	24.4204293	57.1852901
	24.4205063	57.185293
	24.4205834	57.1852952
	24.4206605	57.1852975
	24.4207375	57.1853005
	24.4208142	57.1853053
	24.4208899	57.185313
	24.4209645	57.1853245
	24.4210374	57.1853408
	24.4211011	57.1853652
	24.4211518	57.1853971
	24.4211989	57.1854311
	24.4212519	57.1854616
	24.4213147	57.185486
	24.4213802	57.1855083
	24.421448	57.1855284
	24.4215213	57.1855415
	24.4215993	57.1855484
	24.4216722	57.1855613
	24.4217333	57.1855868
	24.4217868	57.1856171
	24.4218371	57.1856492
	24.4218883	57.1856809
	24.4219444	57.1857095
	24.4220036	57.1857362
	24.4220637	57.1857623
	24.4221259	57.1857873
	24.4221913	57.1858104
	24.4222591	57.1858311
	24.4223286	57.1858494
	24.4223996	57.1858656
	24.4224721	57.1858801
	24.4225462	57.1858919
	24.4226216	57.185901
	24.4226973	57.1859093
	24.4227725	57.1859189
	24.4228465	57.1859313
	24.4229201	57.1859452
	24.4229915	57.1859616
	24.423059	57.1859821
	24.4231207	57.1860079
	24.4231784	57.1860358
	24.4232345	57.1860644
	24.4232912	57.1860928
	24.4233481	57.1861209
	24.4234042	57.1861492
	24.4234647	57.1861752
	24.423535	57.1861948
	24.4236126	57.1861947
	24.4236903	57.1861949
	24.4237666	57.1862009
	24.4238428	57.1862075
	24.4239189	57.1862153
	24.4239937	57.1862258
	24.4240651	57.1862424
	24.4241256	57.1862683
	24.4241817	57.1862973
	24.4242447	57.1863226
	24.4243164	57.186337
	24.4243937	57.1863363
	24.4244709	57.1863351
	24.4245478	57.1863381
	24.4246247	57.1863416
	24.4247016	57.1863459
	24.4247783	57.1863515
	24.4248537	57.18636
	24.4249279	57.1863712
	24.4250019	57.1863843
	24.4250763	57.1863986
	24.425147	57.1864172
	24.4252062	57.1864444
	24.4252486	57.1864807
	24.4252794	57.1865192
	24.4253063	57.1865582
	24.4253371	57.1865964
	24.4253725	57.1866333
	24.4254109	57.1866697
	24.4254596	57.1867039
	24.4255286	57.1867227
	24.4256056	57.186726
	24.4256828	57.1867257
	24.4257601	57.1867248
	24.4258312	57.1867404
	24.4258955	57.1867641
	24.4259594	57.1867876
	24.4260365	57.1867893
	24.4261127	57.1867788
	24.426184	57.1867592
	24.4262558	57.1867443
	24.4263305	57.1867484
	24.4264061	57.1867603
	24.4264787	57.1867751
	24.426546	57.186795
	24.4266058	57.1868221
	24.4266807	57.186835
	24.4267597	57.1868287
	24.4268233	57.1868054
	24.4268853	57.1867801
	24.4269505	57.1867544
	24.4270176	57.1867355
	24.4270881	57.1867425
	24.4271605	57.1867636
	24.4272346	57.1867764
	24.4272988	57.186768
	24.4273586	57.1867444
	24.4274035	57.1867171
	24.4274405	57.1866869
	24.4274639	57.1866522
	24.4275094	57.1866225
	24.4275692	57.1866031
	24.4276336	57.1865913
	24.4277	57.186584
	24.4277691	57.1865826
	24.4278372	57.1865885
	24.4278959	57.1866063
	24.4279494	57.18663
	24.4280152	57.1866408
	24.4280847	57.1866434
	24.4281505	57.1866357
	24.4282103	57.1866179
	24.4282628	57.186593
	24.4282843	57.1865572
	24.428319	57.1865251
	24.4283846	57.1865088
	24.4284519	57.1865045
	24.428517	57.1865091
	24.428581	57.1865214
	24.4286405	57.186546
	24.428678	57.1865764
	24.4287055	57.1866105
	24.4287268	57.186648
	24.4287216	57.1866836
	24.4286873	57.1867147
	24.4286443	57.1867444
	24.4286075	57.1867759
	24.4285778	57.1868095
	24.428552	57.1868438
	24.4285353	57.1868795
	24.4285515	57.1869168
	24.4286075	57.1869367
	24.4286757	57.1869338
	24.4287422	57.1869228
	24.4288033	57.1869064
	24.4288629	57.1868875
	24.4289251	57.1868734
	24.4289941	57.1868707
	24.4290592	57.1868802
	24.429118	57.1869001
	24.4291813	57.1869142
	24.4292486	57.1869117
	24.4293079	57.1868936
	24.4293633	57.1868714
	24.4294158	57.186848
	24.4294694	57.1868251
	24.4295258	57.1868039
	24.429585	57.1867856
	24.4296486	57.1867718
	24.4297161	57.1867693
	24.4297854	57.1867735
	24.4298542	57.1867756
	24.4299209	57.1867692
	24.4299865	57.1867601
	24.4300509	57.1867478
	24.430114	57.1867312
	24.4301728	57.1867113
	24.4302265	57.186689
	24.4302764	57.1866639
	24.4303212	57.1866356
	24.4303588	57.1866044
	24.4303967	57.1865737
	24.4304429	57.1865468
	24.4304937	57.1865222
	24.4305455	57.1864982
	24.4305981	57.1864747
	24.4306513	57.1864513
	24.4307038	57.1864276
	24.4307573	57.1864051
	24.4308188	57.1863874
	24.4308864	57.1863816
	24.4309555	57.1863848
	24.4310239	57.18639
	24.4310912	57.1863957
	24.4311585	57.1864025
	24.4312258	57.1864082
	24.4312938	57.1864107
	24.4313616	57.1864046
	24.4314245	57.1863885
	24.4314825	57.1863692
	24.4315395	57.1863494
	24.431599	57.1863316
	24.4316601	57.1863149
	24.4317215	57.1862989
	24.4317844	57.1862846
	24.4318498	57.1862734
	24.4319172	57.1862683
	24.4319854	57.1862688
	24.4320541	57.1862717
	24.4321226	57.1862735
	24.4321906	57.1862716
	24.4322579	57.1862676
	24.4323246	57.1862591
	24.4323843	57.1862406
	24.432423	57.1862088
	24.4324507	57.1861718
	24.4324532	57.1861355
	24.4324191	57.1861058
	24.4323718	57.1860773
	24.4323405	57.1860435
	24.4323197	57.1860085
	24.4323154	57.1859726
	24.4323243	57.185936
	24.4323456	57.1858995
	24.4323783	57.1858642
	24.4324168	57.1858333
	24.43246	57.1858059
	24.4325089	57.1857794
	24.4325616	57.1857545
	24.4326169	57.1857332
	24.4326767	57.1857159
	24.4327437	57.1857058
	24.4328143	57.1857059
	24.4328812	57.1857159
	24.4329417	57.1857324
	24.4329986	57.1857523
	24.4330535	57.1857757
	24.433106	57.185801
	24.4331538	57.1858273
	24.4331959	57.1858559
	24.4332276	57.1858885
	24.433237	57.1859255
	24.4332663	57.1859586
	24.4333196	57.1859844
	24.4333833	57.1859973
	24.4334504	57.1860031
	24.4335187	57.1860063
	24.4335873	57.1860067
	24.4336555	57.1860038
	24.4337225	57.185997
	24.4337873	57.1859868
	24.4338503	57.1859729
	24.433912	57.1859551
	24.4339698	57.1859332
	24.4340193	57.185908
	24.4340633	57.18588
	24.4340974	57.1858482
	24.4341162	57.1858119
	24.4341313	57.1857747
	24.4341549	57.1857398
	24.4341978	57.1857107
	24.4342505	57.1856867
	24.4343073	57.1856665
	24.4343679	57.1856493
	24.4344317	57.1856345
	24.434496	57.1856215
	24.4345612	57.1856114
	24.4346285	57.1856053
	24.4346967	57.1856016
	24.4347649	57.1855996
	24.4348331	57.1855992
	24.4349011	57.1856005
	24.4349691	57.1856031
	24.4350371	57.1856068
	24.435105	57.1856113
	24.4351727	57.1856164
	24.43524	57.185622
	24.4353067	57.185629
	24.4353718	57.1856419
	24.4354361	57.1856399
	24.4354995	57.1856227
	24.4355652	57.1856129
	24.4356331	57.1856095
	24.4357016	57.1856078
	24.4357696	57.1856088
	24.4358373	57.185615
	24.435905	57.1856214
	24.4359725	57.1856219
	24.4360399	57.1856169
	24.4361067	57.1856088
	24.4361726	57.1855981
	24.4362375	57.1855867
	24.4363021	57.1855752
	24.4363673	57.1855647
	24.436433	57.1855549
	24.4364963	57.1855408
	24.4365478	57.1855174
	24.4365899	57.1854875
	24.4366281	57.1854552
	24.4366682	57.1854245
	24.4367037	57.1853935
	24.4367418	57.1853629
	24.4367961	57.1853376
	24.4368589	57.1853226
	24.4369258	57.1853141
	24.4369938	57.1853081
	24.4370613	57.1853037
	24.43713	57.1853052
	24.4371983	57.1853038
	24.4372631	57.1852911
	24.4373183	57.1852689
	24.4373625	57.1852393
	24.4373941	57.1852056
	24.4374161	57.1851704
	24.4374357	57.1851352
	24.4374605	57.185101
	24.4374925	57.1850686
	24.4375281	57.1850377
	24.4375726	57.1850084
	24.4376274	57.1849838
	24.4376405	57.18498
	24.4376876	57.1849663
	24.4377508	57.184953
	24.4378163	57.1849423
	24.4378865	57.184938
	24.4379355	57.1849407
	24.4379558	57.1849418
	24.4380156	57.1849565
	24.4380542	57.1849879
	24.4380998	57.1850167
	24.4381655	57.1850318
	24.4382301	57.1850293
	24.438292	57.1850128
	24.4383429	57.1849851
	24.4383805	57.1849535
	24.4384124	57.1849215
	24.4384466	57.18489
	24.4384716	57.1848692
	24.4384833	57.1848595
	24.4385207	57.1848297
	24.4385654	57.184801
	24.4386229	57.1847756
	24.4386902	57.1847618
	24.43876	57.1847597
	24.4388257	57.1847679
	24.4388898	57.1847804
	24.4389534	57.1847947
	24.4389807	57.1848013
	24.4390156	57.1848098
	24.4390758	57.1848307
	24.4391342	57.1848262
	24.4391911	57.1848043
	24.4392472	57.1847778
	24.4392844	57.1847608
	24.4393007	57.1847534
	24.4393494	57.1847281
	24.4393972	57.1847026
	24.4394482	57.1846782
	24.439506	57.1846561
	24.4395689	57.1846402
	24.4396344	57.1846299
	24.4397009	57.1846231
	24.4397685	57.18462
	24.4398374	57.1846218
	24.4399057	57.1846279
	24.4399706	57.184639
	24.4400252	57.1846621
	24.4400257	57.1846623
	24.4400798	57.1846861
	24.4401436	57.1846964
	24.4402126	57.1846973
	24.4402799	57.1846917
	24.4403447	57.1846809
	24.4404089	57.1846674
	24.4404732	57.1846536
	24.4405383	57.1846422
	24.4406051	57.1846357
	24.4407256	57.1846353
	24.4408461	57.1846348
	24.4409663	57.1846399
	24.441086	57.1846492
	24.4412057	57.1846546
	24.4413251	57.1846501
	24.4414419	57.1846268
	24.4415404	57.184585
	24.441619	57.1845373
	24.441696	57.1844869
	24.4417693	57.1844353
	24.4417797	57.1844281
	24.4418439	57.1843839
	24.4419253	57.1843351
	24.4420182	57.1842937
	24.4421243	57.1842606
	24.4422463	57.1842492
	24.4423681	57.1842585
	24.4424779	57.1842838
	24.4425777	57.1843217
	24.442578	57.1843218
	24.4426498	57.1843735
	24.4427005	57.1844333
	24.4428169	57.1844448
	24.4429294	57.1844213
	24.4430415	57.1843971
	24.4431542	57.184375
	24.4432749	57.1843846
	24.4433794	57.1844237
	24.4434504	57.1844753
	24.4434855	57.1845532
	24.4435004	57.1846412
	24.4435392	57.1846961
	24.4436368	57.184685
	24.4436692	57.1846582
	24.4436859	57.1846268
	24.4437021	57.1845939
	24.4437332	57.1845626
	24.4437768	57.1845331
	24.4438219	57.1845045
	24.4438683	57.184478
	24.4439155	57.1844547
	24.4439634	57.1844356
	24.4440116	57.1844219
	24.4440599	57.184415
	24.4441111	57.1844239
	24.444163	57.1844474
	24.444211	57.1844783
	24.4442386	57.1845106
	24.444247	57.184543
	24.4442481	57.1845755
	24.4442342	57.1846082
	24.4442214	57.1846408
	24.4442311	57.1846728
	24.4442656	57.1847023
	24.444326	57.1847144
	24.4443865	57.1847073
	24.4444445	57.1846973
	24.4445012	57.1846838
	24.4445538	57.1846655
	24.4445862	57.1846368
	24.4446164	57.1846072
	24.4446677	57.1845869
	24.4447309	57.184573
	24.4447947	57.1845698
	24.4448495	57.1845823
	24.4448996	57.1846016
	24.4449492	57.1846214
	24.444998	57.1846417
	24.4450488	57.1846591
	24.4451122	57.1846512
	24.4451623	57.1846259
	24.4451965	57.1845979
	24.4452198	57.1845679
	24.445235	57.1845354
	24.4452347	57.1845012
	24.4452192	57.1844709
	24.4451761	57.1844433
	24.4451355	57.1844163
	24.4451293	57.1843879
	24.445146	57.1843577
	24.4451818	57.1843272
	24.4452352	57.1842994
	24.4452931	57.1842817
	24.4453513	57.1842737
	24.4454087	57.1842731
	24.4454653	57.184281
	24.4455211	57.1842971
	24.4455698	57.1843204
	24.445581	57.1843546
	24.4456303	57.1843748
	24.4456907	57.1843728
	24.4457401	57.1843532
	24.4457662	57.1843225
	24.4457538	57.1842878
	24.445752	57.1842549
	24.4457835	57.1842252
	24.4458233	57.1841988
	24.4458755	57.1841816
	24.4459335	57.1841702
	24.4459916	57.18416
	24.4460502	57.1841505
	24.4461093	57.1841417
	24.446156	57.1841207
	24.446163	57.1840824
	24.4461364	57.1840507
	24.4460987	57.1840244
	24.446062	57.1839974
	24.4460265	57.1839697
	24.4459955	57.1839413
	24.4459827	57.1839111
	24.4459949	57.1838785
	24.4460223	57.1838451
	24.4460546	57.1838127
	24.4460872	57.1837835
	24.4461258	57.1837583
	24.4461756	57.1837369
	24.4462404	57.1837264
	24.4463027	57.1837319
	24.4463487	57.1837528
	24.4463907	57.1837773
	24.4464369	57.1838003
	24.4464878	57.1838158
	24.4465386	57.1837925
	24.4465528	57.1837594
	24.4465512	57.1837262
	24.4465507	57.1836929
	24.4465465	57.1836596
	24.4465466	57.1836263
	24.4465662	57.1835956
	24.4466109	57.1835725
	24.4466667	57.1835524
	24.4467236	57.1835356
	24.4467808	57.1835255
	24.4468388	57.1835228
	24.4468982	57.1835286
	24.4469563	57.183545
	24.4470053	57.1835711
	24.447035	57.1835991
	24.4470621	57.1836284
	24.4470896	57.1836582
	24.4471172	57.1836879
	24.4471453	57.1837174
	24.4471741	57.1837461
	24.4472082	57.1837743
	24.4472559	57.1837975
	24.4473139	57.1838034
	24.4473702	57.1837859
	24.4473998	57.1837545
	24.4474172	57.1837229
	24.4474302	57.183691
	24.4474445	57.1836589
	24.4474547	57.1836262
	24.4474786	57.1835949
	24.4475285	57.183576
	24.4475899	57.1835651
	24.4476502	57.183555
	24.4477108	57.1835483
	24.447771	57.1835464
	24.4478327	57.183551
	24.4478879	57.1835659
	24.4479361	57.1835866
	24.4479897	57.1836036
	24.4480433	57.1836206
	24.4480969	57.1836376
	24.4481504	57.1836546
	24.448201	57.1836743
	24.448247	57.1836973
	24.4482874	57.1837235
	24.448321	57.1837525
	24.4483404	57.1837845
	24.4483581	57.1838168
	24.4483838	57.1838471
	24.4484159	57.183876
	24.4484683	57.183899
	24.4485188	57.1838866
	24.4485581	57.1838586
	24.4485828	57.1838265
	24.4485933	57.1837936
	24.4485965	57.1837597
	24.4485949	57.1837258
	24.4485899	57.1836925
	24.4485715	57.1836603
	24.4485411	57.1836289
	24.4485117	57.1835978
	24.4484964	57.1835667
	24.4485025	57.1835355
	24.4485239	57.1835048
	24.448558	57.1834751
	24.4486023	57.1834467
	24.4486558	57.1834258
	24.4487131	57.1834142
	24.4487636	57.1833949
	24.4488026	57.1833687
	24.4488262	57.1833374
	24.4488457	57.1833054
	24.4488671	57.1832739
	24.4488926	57.1832433
	24.448919	57.1832129
	24.4489464	57.1831828
	24.448975	57.1831527
	24.4490049	57.1831226
	24.4490362	57.1830924
	24.4490707	57.1830633
	24.4491104	57.1830368
	24.4491571	57.1830144
	24.4492128	57.1829975
	24.4492741	57.1829877
	24.4493362	57.1829844
	24.4493987	57.1829858
	24.4494613	57.18299
	24.4495233	57.182995
	24.4495847	57.1829997
	24.449646	57.1830052
	24.4497072	57.1830111
	24.4497685	57.1830166
	24.4498299	57.183021
	24.449892	57.1830229
	24.4499541	57.1830196
	24.4500101	57.1830056
	24.4500552	57.1829809
	24.4500896	57.1829513
	24.4501102	57.1829191
	24.4501242	57.1828859
	24.4501398	57.1828533
	24.450165	57.182823
	24.4502004	57.1827953
	24.4502384	57.182769
	24.4502607	57.1827556
	24.4502798	57.1827441
	24.4503257	57.1827209
	24.4503769	57.1826997
	24.4504303	57.1826816
	24.4504853	57.1826663
	24.4505421	57.1826535
	24.4506012	57.1826434
	24.4506627	57.1826392
	24.4507249	57.1826365
	24.4507858	57.1826296
	24.4508437	57.1826172
	24.4508981	57.182601
	24.4509488	57.182581
	24.4509924	57.1825562
	24.4510183	57.1825252
	24.4510401	57.182493
	24.4510743	57.1824652
	24.4511195	57.1824421
	24.4511671	57.1824211
	24.4512178	57.1824021
	24.4512728	57.182385
	24.4513317	57.1823695
	24.451391	57.1823558
	24.4514505	57.182345
	24.4515104	57.182338
	24.4515707	57.1823359
	24.4516317	57.1823383
	24.4516931	57.1823434
	24.4517542	57.1823512
	24.4518142	57.1823616
	24.451873	57.1823732
	24.451931	57.182385
	24.4519886	57.182397
	24.4520463	57.182409
	24.4521045	57.1824208
	24.4521634	57.1824322
	24.4522224	57.1824431
	24.4522612	57.1824498
	24.4522814	57.1824533
	24.4523404	57.1824626
	24.4523992	57.1824558
	24.4524537	57.1824297
	24.4524618	57.1824191
	24.4524795	57.1823959
	24.4524822	57.1823618
	24.4524689	57.182333
	24.4524228	57.1823074
	24.4523738	57.1822817
	24.4523566	57.1822535
	24.4523546	57.182221
	24.4523633	57.1821865
	24.4523869	57.1821524
	24.4524278	57.1821211
	24.4524742	57.1820933
	24.4525236	57.1820713
	24.4525768	57.1820584
	24.4526344	57.1820572
	24.4526949	57.1820663
	24.4527531	57.1820821
	24.4528067	57.1821004
	24.4528587	57.182119
	24.4529096	57.182138
	24.4529595	57.1821576
	24.4530087	57.1821779
	24.4530559	57.1821994
	24.4530994	57.1822223
	24.4531421	57.1822459
	24.4531868	57.1822693
	24.4532368	57.1822918
	24.4532568	57.1822976
	24.4532932	57.1823082
	24.4533518	57.1823136
	24.453411	57.1822994
	24.4534411	57.1822694
	24.4534438	57.1822667
	24.4534437	57.1822334
	24.4534421	57.1821998
	24.4534338	57.1821661
	24.4534221	57.1821324
	24.4534158	57.1820987
	24.4534239	57.1820653
	24.4534508	57.1820349
	24.45349	57.1820091
	24.453535	57.1819844
	24.4535814	57.1819606
	24.453631	57.1819414
	24.4536912	57.1819355
	24.4537563	57.1819442
	24.4538054	57.1819637
	24.4538361	57.1819946
	24.4538946	57.1819896
	24.4539356	57.1819639
	24.4539934	57.1819503
	24.4540537	57.1819428
	24.4541149	57.1819382
	24.454178	57.1819359
	24.4542388	57.1819469
	24.4542848	57.181973
	24.4543131	57.182002
	24.45434	57.1820322
	24.4543688	57.1820623
	24.454395	57.1820927
	24.4544126	57.1821209
	24.4544149	57.1821246
	24.4544212	57.1821581
	24.4544235	57.182192
	24.4544353	57.1822249
	24.454454	57.1822571
	24.4544793	57.182288
	24.4545224	57.1823124
	24.4545834	57.1823203
	24.4546418	57.1823317
	24.4546923	57.1823513
	24.4547318	57.1823773
	24.4547478	57.1824103
	24.4547781	57.1824395
	24.4548232	57.1824622
	24.4548749	57.1824821
	24.4549373	57.1825004
	24.4549916	57.1824941
	24.4550304	57.1824675
	24.4550647	57.1824389
	24.4550956	57.1824094
	24.45513	57.1823824
	24.4551925	57.182372
	24.4552645	57.1823816
	24.4553075	57.1824075
	24.4553103	57.1824418
	24.4553189	57.1824751
	24.4553499	57.1825038
	24.4554022	57.1825247
	24.4554643	57.1825225
	24.4555162	57.182505
	24.4555601	57.1824771
	24.4555907	57.1824479
	24.4556046	57.1824162
	24.4555893	57.1823834
	24.4555749	57.1823505
	24.455573	57.1823173
	24.4555778	57.1822839
	24.455599	57.1822506
	24.4556393	57.1822205
	24.4556862	57.1821985
	24.4557384	57.1821818
	24.455795	57.1821676
	24.4558546	57.1821539
	24.4559147	57.1821433
	24.4559749	57.1821366
	24.456035	57.1821341
	24.4560949	57.1821371
	24.4561549	57.1821474
	24.4562145	57.1821663
	24.4562642	57.1821903
	24.4562977	57.182218
	24.4563127	57.18225
	24.4563109	57.182284
	24.4562996	57.1823177
	24.4562819	57.1823497
	24.4562575	57.1823813
	24.4562624	57.1824126
	24.456313	57.1824399
	24.4563725	57.1824471
	24.4564298	57.1824402
	24.4564862	57.1824248
	24.4565357	57.182402
	24.4565741	57.1823802
	24.4566359	57.1823849
	24.4566969	57.1823953
	24.4567567	57.1824131
	24.4568053	57.1823976
	24.4568475	57.1823724
	24.4568913	57.1823483
	24.4569364	57.1823252
	24.4569817	57.1823022
	24.4570273	57.1822793
	24.4570732	57.1822564
	24.4571191	57.1822336
	24.4571681	57.182213
	24.4572237	57.1821969
	24.4572849	57.1821889
	24.4573468	57.1821873
	24.4574088	57.1821859
	24.4574708	57.182184
	24.4575329	57.1821842
	24.4575942	57.1821894
	24.4576507	57.1822028
	24.4577031	57.1822219
	24.4577529	57.1822438
	24.4577981	57.1822679
	24.4578369	57.1822949
	24.4578755	57.1823215
	24.4579199	57.1823442
	24.4579729	57.1823616
	24.4580266	57.1823784
	24.4580804	57.1823952
	24.4581388	57.1823941
	24.4581971	57.1823927
	24.4582523	57.1823843
	24.4583048	57.1823694
	24.4583565	57.1823526
	24.4584093	57.1823383
	24.4584654	57.1823282
	24.4585243	57.1823195
	24.4585838	57.1823145
	24.4586413	57.1823154
	24.4586933	57.1823252
	24.4587371	57.1823455
	24.4587798	57.1823691
	24.4588294	57.1823881
	24.4588838	57.1824031
	24.4589383	57.1824122
	24.458992	57.1824076
	24.459045	57.1823902
	24.4590894	57.1823671
	24.4591191	57.1823397
	24.4591518	57.1823141
	24.4592014	57.1822956
	24.4592556	57.1822823
	24.4593114	57.1822732
	24.4593683	57.1822679
	24.4594263	57.182266
	24.4594848	57.1822672
	24.4595433	57.1822714
	24.4596011	57.1822786
	24.4596572	57.1822877
	24.4597103	57.1823004
	24.4597592	57.182319
	24.459801	57.1823443
	24.4598297	57.182372
	24.4598505	57.1824011
	24.4598684	57.1824313
	24.4598805	57.1824623
	24.4598915	57.1824934
	24.4599081	57.182524
	24.459931	57.1825542
	24.4599612	57.1825821
	24.4600033	57.1826044
	24.4600563	57.1826197
	24.4601106	57.182631
	24.4601659	57.1826404
	24.4602218	57.1826495
	24.460278	57.1826583
	24.4603341	57.1826668
	24.4603903	57.1826755
	24.4604464	57.1826844
	24.4605023	57.1826936
	24.4605552	57.1827073
	24.460594	57.1827312
	24.4606125	57.1827618
	24.4606338	57.1827917
	24.4606622	57.1828187
	24.4606945	57.1828447
	24.460739	57.1828685
	24.4607911	57.1828863
	24.460846	57.1828977
	24.4609027	57.1829042
	24.4609603	57.1829069
	24.4610189	57.1829051
	24.4610765	57.1828987
	24.4611311	57.1828875
	24.4611839	57.182873
	24.4612366	57.1828588
	24.4612907	57.1828483
	24.4613483	57.1828425
	24.4614081	57.1828409
	24.4614675	57.1828435
	24.4615239	57.1828504
	24.4615752	57.1828647
	24.461623	57.1828844
	24.4616703	57.1829045
	24.4617199	57.1829203
	24.4617774	57.1829305
	24.4618361	57.1829271
	24.4618845	57.1829077
	24.4619225	57.182883
	24.4619505	57.1828544
	24.4619683	57.1828233
	24.4619742	57.182791
	24.4619704	57.1827589
	24.4619601	57.1827281
	24.4619407	57.1826988
	24.461913	57.1826699
	24.461884	57.1826412
	24.4618607	57.1826123
	24.4618487	57.1825826
	24.4618461	57.182551
	24.4618563	57.1825189
	24.4618839	57.1824879
	24.4619261	57.1824626
	24.4619743	57.1824453
	24.4620264	57.1824319
	24.4620823	57.1824191
	24.4621438	57.1824082
	24.4622062	57.1824028
	24.4622642	57.1824066
	24.4623124	57.1824229
	24.4623448	57.1824489
	24.46237	57.1824783
	24.4623999	57.1825058
	24.4624379	57.18253
	24.4624797	57.1825522
	24.4625293	57.1825675
	24.462589	57.1825633
	24.4626495	57.1825595
	24.4627032	57.1825721
	24.4627527	57.1825882
	24.4627981	57.1826074
	24.4628392	57.1826309
	24.4628753	57.1826594
	24.4628969	57.1826907
	24.4629045	57.1827225
	24.4629038	57.1827532
	24.4628883	57.1827825
	24.4628556	57.1828118
	24.4628262	57.1828411
	24.46282	57.1828704
	24.4628408	57.1829017
	24.4628868	57.1829211
	24.4629376	57.1829367
	24.4629885	57.1829523
	24.4630394	57.1829678
	24.4630902	57.1829834
	24.4631411	57.182999
	24.4632708	57.1830112
	24.4634109	57.1829857
	24.4635423	57.1829629
	24.463673	57.1829395
	24.4638035	57.1829157
	24.4639341	57.1828917
	24.464065	57.1828681
	24.4641967	57.1828449
	24.4643296	57.1828259
	24.4644653	57.1828397
	24.4646009	57.1828535
	24.4647366	57.1828673
	24.4648722	57.1828811
	24.4650079	57.1828948
	24.4651435	57.1829086
	24.4652792	57.1829224
	24.4653215	57.1828499
	24.4724449	57.1705527
	24.474685	57.166684
	24.4933799	57.1343647
	24.4959616	57.1301645
	24.4975534	57.127556
	24.4993296	57.1246481
	24.5010399	57.1218486
	24.5022068	57.1199343
	24.5048098	57.1157301
	24.5057857	57.1142155
	24.5066304	57.1127797
	24.5084422	57.1096995
	24.5085709	57.1094146
	24.5087831	57.108762
	24.5091055	57.1081065
	24.5112113	57.1091898
	24.5124224	57.1099562
	24.5146218	57.1109801
	24.517268	57.1113222
	24.5193168	57.1118628
	24.5213304	57.1126548
	24.5230188	57.1136967
	24.524511	57.1142854
	24.5262122	57.1147518
	24.5291709	57.1152402
	24.5320188	57.1160996
	24.5337381	57.1167009
	24.5355805	57.1173481
	24.5374966	57.1184132
	24.5393539	57.1193422
	24.5405802	57.1198824
	24.5417507	57.1201401
	24.5444117	57.1206015
	24.5461623	57.1212696
	24.5490547	57.1220707
	24.5522487	57.1232683
	24.5539814	57.1243077
	24.5562826	57.1258246
	24.5587476	57.1274213
	24.5622706	57.1298143
	24.562788	57.1307873
	24.5631283	57.1323788
	24.5634427	57.1348018
	24.5635408	57.1355707
	24.5641201	57.1365665
	24.5643826	57.1368726
	24.5665259	57.1381497
	24.5685136	57.138941
	24.5705084	57.1393716
	24.5728795	57.1395681
	24.5743511	57.1392852
	24.5776539	57.138271
	24.5798363	57.1375308
	24.5830168	57.1364365
	24.5858753	57.1360044
	24.5889744	57.1359566
	24.5922944	57.136259
	24.5955105	57.1366053
	24.5980104	57.1365979
	24.6002666	57.1363636
	24.6036782	57.136226
	24.604965	57.1359838
	24.6074931	57.135516
	24.612881	57.1335533
	24.6162951	57.1326587
	24.6165355	57.1326097
	24.6165869	57.1326214
	24.6203637	57.1323105
	24.6230318	57.1322007
	24.6252799	57.13246
	24.6275447	57.1329443
	24.6295249	57.1331794
	24.6325601	57.1333746
	24.6358283	57.1332665
	24.6387563	57.1325263
	24.641043	57.1318166
	24.6433582	57.1306792
	24.6450793	57.1303944
	24.6474423	57.1300561
	24.64927	57.1295914
	24.6509147	57.1289571
	24.6538884	57.1280021
	24.6553758	57.1269167
	24.6561072	57.1264809
	24.6580372	57.1260838
	24.6596591	57.1255841
	24.6613251	57.125109
	24.6620695	57.1249187
	24.6637671	57.1248509
	24.6637077	57.1250866
	24.6637959	57.1252322
	24.6637593	57.1253056
	24.6634606	57.1255032
	24.6626895	57.1257842
	24.6618797	57.1267508
	24.6618184	57.1275957
	24.6622514	57.1283273
	24.6627811	57.1287745
	24.6634495	57.1291517
	24.6644213	57.1294096
	24.6650208	57.1294895
	24.66503	57.1297012
	24.6651331	57.1297867
	24.665237	57.129906
	24.6654889	57.1298668
	24.6658224	57.1299218
	24.6661329	57.1302819
	24.6665524	57.1303676
	24.667	57.1304324
	24.6672085	57.1304003
	24.667381	57.1304872
	24.6673641	57.130601
	24.667235	57.1306665
	24.6670223	57.1307507
	24.6669256	57.13069
	24.6668199	57.1306238
	24.6667697	57.1306512
	24.6664274	57.1308245
	24.6663872	57.1309428
	24.6664383	57.1311006
	24.6666121	57.131132
	24.6667171	57.131065
	24.666811	57.1310141
	24.6669872	57.1310937
	24.6669145	57.1313065
	24.6668159	57.1313514
	24.6664584	57.1313309
	24.66628	57.1312998
	24.6661029	57.1313133
	24.6660888	57.1314253
	24.6662322	57.131535
	24.6665247	57.1314812
	24.6666571	57.1315142
	24.6666433	57.1317093
	24.6667012	57.1318224
	24.6668166	57.1319408
	24.6669404	57.1321561
	24.6670634	57.1322366
	24.6673332	57.1324441
	24.6676178	57.1324837
	24.6679849	57.1327501
	24.668409	57.1328826
	24.6684189	57.1329456
	24.6682305	57.1330657
	24.667865	57.1329894
	24.6676111	57.1330984
	24.6677334	57.1332009
	24.6680872	57.1332935
	24.6682914	57.1334299
	24.6685844	57.1337108
	24.6687597	57.1339988
	24.6688671	57.1341494
	24.6690818	57.1342521
	24.6692623	57.1342388
	24.6693442	57.1341118
	24.6691963	57.1338731
	24.6694654	57.1337058
	24.6695987	57.133802
	24.6699869	57.1340823
	24.6702351	57.1342064
	24.6700857	57.1343699
	24.6697405	57.1344459
	24.6695168	57.1345017
	24.6695669	57.1345687
	24.6698336	57.1346145
	24.6701889	57.1347211
	24.6704977	57.1347666
	24.6706417	57.1347449
	24.6706753	57.1347442
	24.670988	57.1347378
	24.6713066	57.1347937
	24.6715779	57.134897
	24.671734	57.1350113
	24.6719366	57.1350416
	24.6721097	57.1350355
	24.6721677	57.1350456
	24.6722648	57.1350975
	24.6722756	57.1351603
	24.6721526	57.1352761
	24.6720295	57.1353867
	24.6720223	57.1355229
	24.6721322	57.1357423
	24.6721856	57.1360352
	24.6722467	57.1362182
	24.6722494	57.13637
	24.6722893	57.1364483
	24.6723963	57.1365106
	24.6724743	57.1365625
	24.6725417	57.1365674
	24.6726624	57.1366701
	24.6728638	57.1366804
	24.6730624	57.1366762
	24.6732546	57.1366449
	24.6734438	57.136601
	24.6736233	57.1365127
	24.6737362	57.1364517
	24.673908	57.1364222
	24.6740139	57.1364216
	24.6743143	57.1365392
	24.6748381	57.136788
	24.6752708	57.1370489
	24.6754886	57.1371697
	24.6757222	57.1374672
	24.676624	57.1377051
	24.6765657	57.1378002
	24.675668	57.1378528
	24.6757311	57.1380173
	24.6770684	57.1381531
	24.6773901	57.1387374
	24.6777913	57.1388989
	24.6780439	57.1390379
	24.6780078	57.1391182
	24.677534	57.1395755
	24.677464	57.1397604
	24.6777146	57.1398094
	24.6780789	57.139866
	24.6782085	57.1399161
	24.6783276	57.1400072
	24.6783668	57.1402147
	24.6784108	57.1404878
	24.6784516	57.1405497
	24.6785546	57.1406189
	24.6787531	57.1407126
	24.6789364	57.1408325
	24.6790017	57.1408879
	24.6791163	57.1410411
	24.6791342	57.1411658
	24.6792447	57.1412919
	24.6794272	57.1414432
	24.6795723	57.1415276
	24.679567	57.1417189
	24.6793999	57.141791
	24.6789664	57.1415702
	24.6788762	57.1415695
	24.6786894	57.141705
	24.6786588	57.1418415
	24.6786666	57.1419564
	24.6787103	57.142162
	24.6794082	57.142692
	24.6794878	57.1428645
	24.6796269	57.1430837
	24.6797848	57.1431969
	24.6798412	57.1432264
	24.680147	57.1432909
	24.6805688	57.1433636
	24.6808157	57.1434622
	24.680586	57.143608
	24.6802009	57.1436501
	24.6797169	57.14379
	24.6796829	57.143836
	24.6796549	57.1440119
	24.6797636	57.1441187
	24.6799558	57.1442239
	24.6801764	57.1442717
	24.6805259	57.1442589
	24.6806545	57.1442679
	24.6808999	57.1443685
	24.681135	57.1444504
	24.6812212	57.1444632
	24.6814182	57.1445609
	24.681861	57.145028
	24.6820365	57.1451028
	24.682211	57.1452086
	24.6823814	57.1454086
	24.6823045	57.1454296
	24.6822277	57.1454506
	24.6821508	57.1454715
	24.6820739	57.1454925
	24.681997	57.1455135
	24.6819202	57.1455345
	24.6818436	57.1455556
	24.6817925	57.1455903
	24.6817654	57.1456379
	24.681738	57.145686
	24.6816861	57.1457223
	24.6816161	57.1457493
	24.6815435	57.1457747
	24.6814718	57.1458008
	24.6814044	57.1458298
	24.6813394	57.1458604
	24.6812787	57.145892
	24.6812685	57.1458978
	24.6812588	57.1459036
	24.6812495	57.1459093
	24.6812408	57.1459149
	24.6812326	57.1459205
	24.6812252	57.1459259
	24.6812185	57.1459312
	24.6812156	57.1459337
	24.6812127	57.1459363
	24.6812108	57.1459381
	24.6812077	57.1459413
	24.6812038	57.145946
	24.6812009	57.1459505
	24.6811991	57.1459547
	24.6811986	57.1459587
	24.6812497	57.1460059
	24.6819682	57.1459496
	24.6827453	57.1467828
	24.6822316	57.1471554
	24.6818494	57.1471968
	24.6813581	57.1470195
	24.6810496	57.1472724
	24.6817713	57.1475683
	24.6824476	57.1473872
	24.6825672	57.1474357
	24.6824888	57.1482217
	24.6820668	57.1484637
	24.6825482	57.148627
	24.682902	57.1490957
	24.682432	57.1491729
	24.6824756	57.1496399
	24.6829076	57.1502981
	24.6827009	57.1504559
	24.6822981	57.1505795
	24.6820006	57.1508331
	24.6817724	57.1513506
	24.6813057	57.1515856
	24.6813126	57.1518252
	24.6816165	57.1519104
	24.681798	57.1521389
	24.6819195	57.1524566
	24.6809546	57.1526401
	24.680604	57.1527321
	24.6803628	57.1528378
	24.6801453	57.1530032
	24.6799332	57.1530864
	24.6795863	57.1532602
	24.6794148	57.1534775
	24.6792155	57.1536812
	24.6791261	57.1538078
	24.6789301	57.1539655
	24.6788814	57.1540577
	24.678856	57.1541616
	24.6786523	57.1542831
	24.6786464	57.1543398
	24.6787859	57.1545691
	24.6786034	57.1546483
	24.6784827	57.1548152
	24.6782778	57.1549552
	24.6780096	57.1552168
	24.6780639	57.1552867
	24.6800078	57.1560617
	24.6804014	57.1562759
	24.6801722	57.1566097
	24.6800441	57.1568917
	24.6799652	57.1572929
	24.6798708	57.157707
	24.6797351	57.1578765
	24.6793467	57.158372
	24.6791347	57.1586207
	24.6788627	57.1587543
	24.6785799	57.1587687
	24.6784677	57.1587664
	24.6783313	57.1588172
	24.6783333	57.1589385
	24.6783748	57.159004
	24.6783429	57.1590499
	24.678276	57.1590843
	24.6781452	57.1591125
	24.6780284	57.1591334
	24.6779438	57.1591771
	24.6779391	57.1592293
	24.6779566	57.1593282
	24.6779631	57.1594124
	24.6779071	57.1594591
	24.6777466	57.1595038
	24.6774505	57.1595706
	24.6772683	57.1596514
	24.6771267	57.1597432
	24.6768896	57.1600233
	24.6766731	57.1602097
	24.677817	57.1605965
	24.6780507	57.1606433
	24.6783372	57.160764
	24.6785061	57.1608919
	24.6785524	57.1609867
	24.6788631	57.1612038
	24.6790866	57.1613715
	24.6793302	57.1614201
	24.6797811	57.1615139
	24.6797743	57.1615221
	24.6795441	57.1618012
	24.6794552	57.1619091
	24.6781956	57.1634364
	24.6777237	57.1639307
	24.6777586	57.1639446
	24.6776496	57.1640254
	24.6778631	57.1643569
	24.6780938	57.1646137
	24.6780891	57.1648586
	24.6778991	57.1650082
	24.6781112	57.1652281
	24.6784351	57.1654824
	24.6786401	57.1656434
	24.6789939	57.165858
	24.6789716	57.1659833
	24.6791712	57.1662289
	24.6795122	57.1665144
	24.6798175	57.1667233
	24.6803917	57.1668033
	24.6808804	57.1667544
	24.6813425	57.1667619
	24.6819592	57.1666831
	24.6825204	57.1667988
	24.6828358	57.1670233
	24.6833575	57.167102
	24.6836687	57.1671806
	24.6834453	57.1675676
	24.683674	57.1678433
	24.6840332	57.1680422
	24.6846557	57.1682227
	24.684575	57.1683991
	24.6842689	57.1690677
	24.6835065	57.1699088
	24.6836766	57.1699606
	24.6833373	57.1704023
	24.6828528	57.1710031
	24.6826259	57.1710355
	24.6825199	57.1710698
	24.681206	57.1714959
	24.6800343	57.1719237
	24.6790063	57.1723573
	24.6770234	57.1730657
	24.6770856	57.1731214
	24.6763379	57.1732884
	24.6739811	57.1741908
	24.6685869	57.1750555
	24.6686111	57.1750806
	24.6662543	57.1754942
	24.6643155	57.1750885
	24.6622181	57.1784365
	24.6601084	57.1791505
	24.6576994	57.1800858
	24.6565331	57.1805496
	24.6557137	57.1808178
	24.6538397	57.1814311
	24.6529283	57.1812747
	24.6515882	57.1810925
	24.648938	57.1807495
	24.6482384	57.1806687
	24.6475139	57.1806144
	24.646128	57.1813442
	24.6459102	57.1812398
	24.6458903	57.1812288
	24.645556	57.1810618
	24.6452224	57.1808647
	24.644943	57.1806804
	24.6447807	57.1805372
	24.6447421	57.1804552
	24.644547	57.1803415
	24.6444556	57.1802968
	24.6444006	57.180349
	24.6419627	57.1799059
	24.6421369	57.1800468
	24.6411936	57.1798222
	24.63916	57.1792425
	24.6388567	57.1792223
	24.6382591	57.1792549
	24.6379146	57.17926
	24.6376099	57.1792722
	24.637587	57.1792713
	24.6375641	57.1792705
	24.6362987	57.1792583
	24.632931	57.1793502
	24.6282817	57.1781195
	24.6268113	57.181764
	24.6264563	57.182644
	24.6269242	57.1845232
	24.6274637	57.186737
	24.6277448	57.1882876
	24.6280609	57.1914625
	24.6280837	57.191877
	24.6282169	57.1929229
	24.6283538	57.1937873
	24.6271358	57.1949023
	24.6267698	57.1952916
	24.626328	57.1957596
	24.6253347	57.1968082
	24.624856	57.1973136
	24.6245201	57.1976681
	24.6238677	57.1983707
	24.6237913	57.1984772
	24.6237511	57.1985336
	24.623122	57.1991556
	24.6228248	57.1994469
	24.6226722	57.1994747
	24.6216515	57.2004274
	24.6201826	57.2018145
	24.6195571	57.2025808
	24.6182849	57.2041272
	24.6167523	57.2059531
	24.6225298	57.2058684
	24.6250318	57.2057904
	24.6267882	57.2057997
	24.6267858	57.2058524
	24.6345358	57.2057045
	24.6369972	57.2056661
	24.6415138	57.2056109
	24.6426483	57.205601
	24.6471197	57.2055444
	24.6480302	57.2055328
	24.6487616	57.20551
	24.6488472	57.2055009
	24.6505152	57.2054669
	24.6517713	57.205476
	24.6519395	57.2054783
	24.6519969	57.2054769
	24.6542831	57.2054204
	24.65438	57.2054219
	24.6558956	57.2054002
	24.6571118	57.2053894
	24.6572386	57.20535
	24.6589047	57.2053276
	24.6601611	57.2053177
	24.6615007	57.205295
	24.6616207	57.2052983
	24.6617649	57.2079476
	24.661838	57.2099322
	24.6619879	57.2126459
	24.6682038	57.2127144
	24.6745037	57.2127798
	24.6790877	57.2128272
	24.6789801	57.2165412
	24.6788326	57.2199226
	24.6792813	57.223318
	24.6792879	57.2233682
	24.6778975	57.223751
	24.6762102	57.2242107
	24.6753938	57.2244027
	24.6751587	57.2244841
	24.6749399	57.2246701
	24.6744278	57.2249104
	24.6737793	57.2252148
	24.671872	57.2262537
	24.6718983	57.2273257
	24.6714122	57.2277017
	24.6703424	57.2290178
	24.6701617	57.2292818
	24.6698223	57.2296553
	24.6697526	57.2297319
	24.6693649	57.2300843
	24.6692414	57.2303048
	24.6690592	57.2305757
	24.6679695	57.2322911
	24.6667545	57.2324029
	24.6662863	57.2324789
	24.6651694	57.2326258
	24.6646079	57.2326865
	24.6639557	57.2326181
	24.6625856	57.2325184
	24.6618354	57.2324536
	24.6610852	57.2323888
	24.6602833	57.2323195
	24.6596826	57.2322676
	24.6595527	57.2322531
	24.6585021	57.2323354
	24.6574747	57.2324228
	24.6573737	57.2324312
	24.6561658	57.2325104
	24.6559653	57.2325116
	24.6557055	57.2324917
	24.6539831	57.2322598
	24.6526216	57.2320886
	24.6512533	57.2319141
	24.6510953	57.2318961
	24.6488937	57.2316448
	24.6487419	57.2316364
	24.6473035	57.2316711
	24.6456583	57.2316816
	24.6432146	57.2338536
	24.6422279	57.23472
	24.6409881	57.2357658
	24.6397446	57.2368977
	24.6386945	57.2378095
	24.6374611	57.2389433
	24.6362317	57.2400495
	24.6361178	57.2401158
	24.6347324	57.2409211
	24.6338512	57.2414479
	24.6339274	57.2416794
	24.6342096	57.2424473
	24.634502	57.2431489
	24.634581	57.2435781
	24.634673	57.2438268
	24.6346781	57.2438589
	24.634482	57.2441349
	24.6344225	57.2447105
	24.6341998	57.2470051
	24.6340073	57.2488411
	24.6339878	57.2488813
	24.6338536	57.2489749
	24.6336835	57.2490778
	24.6322304	57.249945
	24.6317152	57.2502536
	24.6315987	57.2503597
	24.6315992	57.2504853
	24.6317438	57.2507611
	24.6318222	57.2509779
	24.6318705	57.2511088
	24.6319062	57.2512287
	24.6318278	57.251355
	24.6315229	57.2515452
	24.6313101	57.2517239
	24.6310448	57.25193
	24.630665	57.2522179
	24.6304484	57.2523731
	24.6303964	57.2524643
	24.6304202	57.2525115
	24.6305119	57.2525558
	24.6307961	57.25277
	24.6312887	57.2531076
	24.6314869	57.2532854
	24.6319707	57.253646
	24.6323899	57.2539475
	24.6327605	57.2542381
	24.633115	57.2544866
	24.6332162	57.2545789
	24.6332406	57.2546653
	24.633227	57.2547459
	24.6331559	57.2548313
	24.6339437	57.255323
	24.6352624	57.256146
	24.6386528	57.2582619
	24.6388759	57.2584258
	24.6390916	57.260192
	24.6391588	57.2612756
	24.638957	57.2620015
	24.638897	57.2624361
	24.6385784	57.2647429
	24.6384256	57.2656024
	24.6383482	57.2659472
	24.6381485	57.2668375
	24.6365321	57.2680015
	24.6357681	57.2685964
	24.6355768	57.2688043
	24.6348582	57.269465
	24.6311289	57.2697117
	24.6290754	57.2699034
	24.6288901	57.2699199
	24.6245286	57.2708938
	24.622814	57.2712894
	24.6181906	57.2722702
	24.618004	57.2723206
	24.6179969	57.2723224
	24.6179209	57.2723418
	24.6175108	57.2724245
	24.613315	57.2733115
	24.6117028	57.2736657
	24.6110002	57.2739114
	24.6073604	57.2751386
	24.6044833	57.2762519
	24.6040864	57.2766638
	24.6017719	57.2794613
	24.6014903	57.2797467
	24.6008452	57.2806369
	24.5998692	57.2818374
	24.599715	57.2818621
	24.5989071	57.2829613
	24.5977565	57.2848038
	24.5977804	57.2848067
	24.5979559	57.284976
	24.5991193	57.2858574
	24.5993766	57.286067
	24.5997218	57.2863181
	24.5996021	57.2864377
	24.5991892	57.2868432
	24.5990051	57.2870297
	24.5986771	57.287352
	24.598205	57.2878038
	24.5978682	57.2881348
	24.5974059	57.2885348
	24.5969505	57.2887152
	24.596655	57.2888323
	24.596319	57.2892814
	24.5948163	57.2895276
	24.5929797	57.2906194
	24.5929389	57.2911533
	24.5880871	57.2934036
	24.5863048	57.2938947
	24.5858432	57.294465
	24.5858608	57.2944754
	24.58543	57.2944587
	24.5846703	57.2943798
	24.584282	57.2943144
	24.5836731	57.2941228
	24.5830701	57.2939281
	24.5823489	57.2937052
	24.5816809	57.2934948
	24.5806931	57.2931857
	24.5804023	57.2930923
	24.5798848	57.2931628
	24.5791886	57.2932388
	24.5764692	57.2924914
	24.576247	57.2923807
	24.5761358	57.2922179
	24.5760356	57.2920719
	24.5752645	57.2909485
	24.5748588	57.2907277
	24.5747702	57.2907755
	24.5731649	57.2915062
	24.571084	57.2925115
	24.5700141	57.2929679
	24.5724551	57.2956593
	24.5733067	57.2965536
	24.5743024	57.2975991
	24.5736687	57.2990149
	24.5729001	57.3005955
	24.5756058	57.3027036
	24.5758041	57.3028816
	24.5772906	57.3042162
	24.5763021	57.3048433
	24.5768826	57.305259
	24.5775507	57.3059874
	24.5787022	57.3064421
	24.5792518	57.3066363
	24.5796062	57.3068174
	24.5801203	57.3072811
	24.5798817	57.3073619
	24.5797559	57.3075197
	24.5759619	57.3082295
	24.5733597	57.3089686
	24.5711747	57.310273
	24.5716901	57.3107165
	24.5731547	57.3120519
	24.5731789	57.3121167
	24.5732144	57.3129275
	24.5732033	57.3143284
	24.5731816	57.3144237
	24.5726902	57.3173221
	24.568997	57.3183758
	24.5653083	57.3193846
	24.5651427	57.3195739
	24.565022	57.3195944
	24.5649686	57.3196607
	24.564996	57.3197175
	24.5650435	57.3197774
	24.5648928	57.3198352
	24.5646385	57.3197266
	24.5644023	57.3197597
	24.5642786	57.3197209
	24.5639915	57.3197231
	24.563811	57.3197618
	24.5635353	57.3196871
	24.5634468	57.3197235
	24.5632018	57.3197882
	24.5631651	57.3198535
	24.5630246	57.3198947
	24.5628987	57.3198997
	24.5627974	57.3198894
	24.5626173	57.3199771
	24.561788	57.3200323
	24.5617132	57.3200046
	24.5613718	57.3201088
	24.5610962	57.3200846
	24.5609754	57.320272
	24.5606396	57.3206721
	24.5604749	57.3209298
	24.5601601	57.3209625
	24.5597113	57.3208352
	24.559555	57.3208265
	24.5592423	57.3209139
	24.5588409	57.3208311
	24.5585121	57.3209581
	24.5584076	57.3208154
	24.5581348	57.3206881
	24.5577711	57.3206743
	24.5578416	57.3208369
	24.557165	57.3209108
	24.5568847	57.3208152
	24.5570488	57.3205754
	24.5569176	57.3203873
	24.5566394	57.3203418
	24.556533	57.3202143
	24.5569672	57.3202615
	24.5568932	57.3200936
	24.5569252	57.3199478
	24.5566545	57.3198354
	24.5563765	57.3199127
	24.5561718	57.3198279
	24.5556846	57.3197025
	24.5557282	57.3196615
	24.5559817	57.3196375
	24.5563109	57.3194392
	24.5562494	57.3193003
	24.5558635	57.319372
	24.5554793	57.3193361
	24.5553369	57.3193779
	24.5549235	57.3193038
	24.5549268	57.3191663
	24.5542507	57.318962
	24.5544388	57.3187684
	24.5538924	57.3184768
	24.5536612	57.3185738
	24.5533021	57.3183405
	24.5527285	57.3183936
	24.5525827	57.3183753
	24.5525828	57.3180848
	24.5525637	57.3173806
	24.5525704	57.3169079
	24.5506905	57.317449
	24.5494275	57.3178342
	24.5481356	57.3182072
	24.5467066	57.3186256
	24.5451779	57.3190765
	24.5429643	57.3194411
	24.5419023	57.3196277
	24.5416614	57.3200433
	24.5404908	57.3198804
	24.5392725	57.3194953
	24.5382652	57.3191957
	24.5371717	57.3188587
	24.5364348	57.3186341
	24.5354914	57.31834
	24.531756	57.3171754
	24.5305236	57.3168392
	24.5292071	57.3164101
	24.5287234	57.316264
	24.5257412	57.3153633
	24.5242323	57.314825
	24.5231284	57.3144311
	24.521425	57.3138245
	24.5209891	57.3136693
	24.5183673	57.3127387
	24.5176346	57.3124801
	24.5166607	57.3121364
	24.5163199	57.3120032
	24.5161337	57.3119305
	24.51498	57.3114796
	24.5135996	57.3109781
	24.5132472	57.310877
	24.5105033	57.3103185
	24.5086831	57.3099393
	24.5076742	57.3097188
	24.5075597	57.3096972
	24.506374	57.3094576
	24.5045206	57.3090724
	24.5020543	57.3085612
	24.5017164	57.3084973
	24.5007236	57.3082916
	24.4982021	57.3077684
	24.4941001	57.3069223
	24.4939176	57.3068781
	24.4933865	57.3067717
	24.4918336	57.3064903
	24.4896607	57.3060445
	24.487368	57.3055715
	24.4858296	57.3052168
	24.4842526	57.3049264
	24.4829405	57.3046243
	24.4827246	57.3045872
	24.4813218	57.3042877
	24.4790947	57.3038189
	24.4780241	57.3035991
	24.4774685	57.3034691
	24.4761931	57.3032044
	24.4753539	57.3030107
	24.4737597	57.3026518
	24.4725467	57.302404
	24.4740518	57.3004112
	24.4741038	57.3002491
	24.4754686	57.2986077
	24.4752392	57.2985876
	24.474043	57.2984705
	24.4704095	57.2981227
	24.4674965	57.2978485
	24.4677654	57.301309
	24.4658173	57.301416
	24.4617695	57.3016878
	24.460281	57.301802
	24.459039	57.3018999
	24.4583729	57.3019549
	24.4565116	57.3018166
	24.4547949	57.3013925
	24.4545957	57.3013871
	24.4545739	57.301497
	24.4540015	57.3013365
	24.4537076	57.3010674
	24.4528606	57.3008473
	24.4520136	57.3006272
	24.4498879	57.3004407
	24.4498799	57.3003936
	24.4493255	57.2971218
	24.4487712	57.2938501
	24.4487665	57.2938222
	24.448755	57.2937546
	24.4508755	57.2909017
	24.45109	57.2905622
	24.4516125	57.2898425
	24.4522287	57.2890495
	24.452602	57.2884902
	24.4531297	57.2878409
	24.4531916	57.2877648
	24.4532204	57.2877293
	24.4538386	57.2868435
	24.4542216	57.2862989
	24.4542249	57.2862775
	24.4541389	57.2861352
	24.4533777	57.2852943
	24.4533838	57.285293
	24.4537473	57.2852144
	24.454155	57.2851057
	24.4564114	57.2848448
	24.4567695	57.2847356
	24.45845	57.2841133
	24.4587574	57.2839724
	24.4587894	57.2839529
	24.4589048	57.2838179
	24.4589659	57.2836522
	24.4590529	57.2834702
	24.4592357	57.2832602
	24.4594902	57.2830195
	24.4597077	57.2828
	24.4597876	57.2827023
	24.4598723	57.282752
	24.46023	57.2829701
	24.4606542	57.2832093
	24.4607479	57.2832598
	24.4610449	57.2833998
	24.4612132	57.2832564
	24.4615023	57.2830195
	24.4616044	57.2830085
	24.4617173	57.2829053
	24.4617781	57.2827884
	24.4619486	57.2825539
	24.4620843	57.2823799
	24.4621715	57.2822422
	24.4622273	57.2820805
	24.4621538	57.281892
	24.4619829	57.2817432
	24.461923	57.2817083
	24.4619059	57.2816984
	24.4620772	57.2816233
	24.4623943	57.2814408
	24.4626022	57.2813502
	24.4621656	57.2810575
	24.4612605	57.2804422
	24.4608394	57.2802394
	24.4606497	57.2801481
	24.4603342	57.2800424
	24.4596097	57.2797968
	24.4595305	57.2794646
	24.4593978	57.2792904
	24.45935	57.2792593
	24.4591417	57.2791567
	24.4586928	57.2790285
	24.4583916	57.2790391
	24.4581727	57.2790336
	24.4579421	57.2790095
	24.4575609	57.2790193
	24.457455	57.2789984
	24.4573458	57.2789096
	24.4573769	57.2786392
	24.4574686	57.2785228
	24.4575799	57.2784546
	24.4577177	57.2784175
	24.4578997	57.2784016
	24.458093	57.2784008
	24.4581168	57.2784051
	24.4581736	57.2784153
	24.4584837	57.2784708
	24.4585641	57.2785021
	24.4586445	57.2785334
	24.4587382	57.2785699
	24.458832	57.2786065
	24.4589864	57.2786449
	24.4590851	57.2786627
	24.4591146	57.278668
	24.4592664	57.2786683
	24.4594307	57.2786226
	24.4595815	57.2785151
	24.4596	57.2784061
	24.4595461	57.2781376
	24.4592901	57.2779621
	24.4593217	57.2778578
	24.4593769	57.2777885
	24.4596401	57.2778507
	24.4599263	57.2779032
	24.4601954	57.2779052
	24.4603698	57.2777974
	24.4603395	57.2776226
	24.4603237	57.2775365
	24.460297	57.2774832
	24.4602378	57.2774388
	24.4602247	57.277423
	24.4602147	57.2773968
	24.4601986	57.2773524
	24.4601558	57.2773086
	24.4601083	57.2772845
	24.4598951	57.277154
	24.4596145	57.2769843
	24.459339	57.2768534
	24.4589485	57.2767345
	24.4588322	57.2765676
	24.458559	57.2764893
	24.4577877	57.2765124
	24.4572537	57.2765864
	24.4572599	57.2765269
	24.4572685	57.2764445
	24.4577712	57.2759399
	24.4577247	57.2757248
	24.457731	57.275434
	24.4575911	57.2752012
	24.4577082	57.2752083
	24.4595058	57.2753169
	24.4609185	57.2754045
	24.4683691	57.2759002
	24.4758223	57.2763956
	24.4763838	57.273772
	24.4770139	57.2711935
	24.4770204	57.2711655
	24.4771037	57.2709295
	24.4779855	57.26717
	24.4788672	57.2634105
	24.4797469	57.2596583
	24.4806282	57.2558988
	24.4815093	57.2521393
	24.4818943	57.2505844
	24.4819161	57.250466
	24.4822434	57.249182
	24.4821416	57.2491275
	24.482225	57.2490965
	24.4800888	57.2477179
	24.4790007	57.2469426
	24.4783386	57.2464699
	24.4782269	57.2464012
	24.4782197	57.2463967
	24.4781949	57.2463814
	24.4788063	57.2461155
	24.4791699	57.246176
	24.4794612	57.2463956
	24.4795917	57.2463567
	24.4797877	57.2462983
	24.4800632	57.2462163
	24.480128	57.2461883
	24.4806588	57.2459587
	24.4807126	57.2459328
	24.480733	57.245923
	24.4808858	57.2458496
	24.4809045	57.2458412
	24.4815585	57.2454086
	24.4822551	57.2453731
	24.4826272	57.2450886
	24.4832837	57.2445866
	24.4833337	57.2445483
	24.4831302	57.2442985
	24.4830125	57.244154
	24.4828681	57.2439747
	24.4828293	57.2439932
	24.4825682	57.2437193
	24.4824716	57.2436265
	24.4819122	57.2434624
	24.4819194	57.2434453
	24.4819155	57.2434025
	24.481876	57.2433519
	24.4818354	57.2433179
	24.4817892	57.2432792
	24.4816388	57.2431986
	24.4814436	57.243103
	24.4812746	57.2429957
	24.4811484	57.2428939
	24.4811082	57.2428413
	24.4810883	57.2428045
	24.4810671	57.2427405
	24.4810545	57.2426987
	24.4810482	57.2425906
	24.4810635	57.2425175
	24.4810943	57.2424669
	24.4811137	57.242452
	24.4815582	57.242111
	24.4815138	57.242006
	24.481459	57.2418619
	24.4813259	57.2416436
	24.4820733	57.2408501
	24.4832061	57.2410902
	24.483535	57.2411616
	24.4847722	57.2376941
	24.4828774	57.2375215
	24.4798572	57.2372588
	24.4761726	57.236939
	24.4740054	57.2367013
	24.4711872	57.2364402
	24.4711082	57.2364318
	24.4684618	57.2361865
	24.4670309	57.2360536
	24.4656001	57.2359208
	24.4655876	57.2359725
	24.4655806	57.2359721
	24.4651718	57.2359483
	24.4648421	57.2359313
	24.4645255	57.235915
	24.46422	57.2358956
	24.4638794	57.235872
	24.4635735	57.2358282
	24.4635239	57.2358249
	24.4632998	57.2357886
	24.4630756	57.2357524
	24.4609144	57.2369401
	24.4607191	57.2369146
	24.4607124	57.2369137
	24.4600407	57.2368288
	24.4571691	57.2363847
	24.4560107	57.2361953
	24.4475756	57.2347699
	24.4462038	57.2339058
	24.441918	57.2313479
	24.4376935	57.228826
	24.4333354	57.2262239
	24.4290342	57.2236553
	24.4313526	57.2240418
	24.4315069	57.2234814
	24.4317273	57.2226437
	24.4320247	57.2218834
	24.4279265	57.2219408
	24.4259312	57.2216203
	24.4222155	57.2193647
	24.4211358	57.2187092
	24.4205799	57.2183717
	24.4199875	57.218012
	24.4151805	57.2150931
	24.4103129	57.2121367
	24.4077537	57.2105658
	24.4076978	57.2105315
	24.4072797	57.2102748
	24.4065145	57.209725
	24.4044697	57.2085497
	24.4010302	57.2064292
	24.3968065	57.2038248
	24.3914359	57.2005125
	24.3860791	57.1972079
	24.3842642	57.1961016
	24.3809222	57.194057
	24.3780736	57.1923141
	24.3755307	57.190758
	24.3722622	57.1887579
	24.3722293	57.1887378
	24.3681808	57.1863002
	24.3680822	57.1861997
	24.3680184	57.1861596
	24.367526	57.1858498
	24.3671872	57.1856355
	24.3659581	57.1848659
	24.3655892	57.1846396
	24.3650102	57.1842466
	24.3647769	57.1840872
END
END
