11352779
1
	21.1597043	56.8849278
	21.1606764	56.884259
	21.1628907	56.8831869
	21.1663651	56.8824493
	21.1680519	56.8817522
	21.1669063	56.8812028
	21.1806706	56.8792635
	21.1865394	56.8792537
	21.1876195	56.879057
	21.1904906	56.8791637
	21.190516	56.8793863
	21.1974485	56.8788346
	21.2065936	56.8782346
	21.2074217	56.8781067
	21.2079903	56.8781067
	21.2079903	56.8782528
	21.2082576	56.8782875
	21.2095905	56.8787863
	21.210206	56.8783629
	21.210868	56.8779803
	21.2121918	56.877323
	21.212491	56.8770204
	21.212631	56.8766865
	21.2127837	56.876057
	21.2128283	56.8755492
	21.2125419	56.875184
	21.2117908	56.8745893
	21.2115108	56.8741893
	21.2113008	56.8736641
	21.2112498	56.8725962
	21.2113326	56.8721684
	21.2115872	56.8717232
	21.2119563	56.8714936
	21.2125482	56.871271
	21.2134457	56.8710501
	21.2136398	56.8705505
	21.2135189	56.8702096
	21.2132261	56.8697156
	21.2131044	56.8691238
	21.2130874	56.8686183
	21.2146657	56.8687016
	21.215386	56.8687531
	21.216089	56.8688614
	21.216863	56.8690394
	21.2182534	56.8698159
	21.2192449	56.8704431
	21.2196253	56.8709356
	21.2218881	56.8753727
	21.222487	56.8760343
	21.223079	56.8763957
	21.2237798	56.8767586
	21.2237837	56.8803366
	21.2235005	56.8825337
	21.2237588	56.8836478
	21.2241744	56.8846724
	21.2243098	56.8848889
	21.2245804	56.8853642
	21.2258564	56.8873709
	21.2271991	56.890984
	21.2272127	56.8936198
	21.2274178	56.8941873
	21.2283201	56.8953148
	21.2139705	56.8950684
	21.2139352	56.8940766
	21.2115565	56.8941139
	21.1960646	56.8937696
	21.1899236	56.8944958
	21.187554	56.8943508
	21.1869305	56.8944828
	21.1862794	56.8943724
	21.1842449	56.8936427
	21.1833643	56.8934614
	21.179857	56.8925484
	21.1757965	56.8914982
	21.1725769	56.8904992
	21.1712622	56.8901876
	21.1701433	56.8900068
	21.1699174	56.8899529
	21.1695061	56.8903545
	21.1686762	56.8909777
	21.1679991	56.8907388
	21.1664779	56.8919886
	21.1663219	56.8919452
	21.1678081	56.8906693
	21.1674708	56.8904763
	21.1668725	56.889741
	21.166227	56.8893606
	21.1647122	56.8881889
	21.1633768	56.8871897
	21.1597043	56.8849278
END
END
