11352594
1
	24.1530564	57.0556174
	24.1532257	57.0556229
	24.1546333	57.0556739
	24.1555205	57.0555857
	24.1558252	57.0555449
	24.1593038	57.0549979
	24.1602223	57.054849
	24.1610217	57.0547193
	24.1618864	57.0545768
	24.1626705	57.0544515
	24.1635716	57.0543051
	24.1659208	57.0543407
	24.1690261	57.0543858
	24.1691662	57.054389
	24.1696801	57.0544007
	24.1699936	57.0544078
	24.1703126	57.0544151
	24.1704134	57.0544173
	24.1707277	57.054403
	24.1717227	57.0543576
	24.1723822	57.0543275
	24.1726161	57.0543158
	24.1741529	57.0542394
	24.1747394	57.0542102
	24.1754203	57.0540839
	24.1756244	57.0540416
	24.1767468	57.0538378
	24.1789095	57.0534426
	24.1816755	57.0529293
	24.182325	57.0528026
	24.1829395	57.0528483
	24.1870813	57.0538617
	24.1871453	57.0535797
	24.1877768	57.0514167
	24.1883906	57.0493016
	24.1888232	57.0478026
	24.1894869	57.045514
	24.1897611	57.0449816
	24.1899857	57.0445452
	24.1908167	57.0446471
	24.1935425	57.0449684
	24.196834	57.0453489
	24.1973524	57.0441468
	24.1983034	57.0418818
	24.1989531	57.0403601
	24.1992472	57.0397205
	24.1942644	57.0390813
	24.1984096	57.0349772
	24.1987846	57.03454
	24.1945275	57.0339971
	24.1941954	57.0339547
	24.1945228	57.033204
	24.1952033	57.0316272
	24.1960189	57.0297107
	24.1968468	57.027746
	24.1977666	57.0256326
	24.1980009	57.0255166
	24.1991657	57.0248882
	24.2049506	57.0218974
	24.2066365	57.0210264
	24.2074212	57.0206152
	24.2075968	57.0205232
	24.2081939	57.0202103
	24.2097576	57.0193909
	24.2105708	57.0187662
	24.2129128	57.0169105
	24.2164083	57.0164107
	24.2174777	57.0162578
	24.2215733	57.0156855
	24.2247124	57.0152439
	24.226171	57.015021
	24.2262188	57.0150148
	24.2290138	57.0146549
	24.2311986	57.0143368
	24.2312398	57.0143308
	24.2312754	57.0143256
	24.2342396	57.013894
	24.2346442	57.0138402
	24.2348288	57.0138165
	24.2376093	57.013408
	24.239122	57.0131898
	24.2407896	57.0129376
	24.2447827	57.0123534
	24.2480628	57.0118859
	24.2525478	57.0112436
	24.25853	57.010343
	24.2602936	57.009887
	24.2605374	57.0098408
	24.2631283	57.0091461
	24.2668936	57.0096112
	24.2672855	57.0096597
	24.2676204	57.0097011
	24.2680064	57.0098067
	24.2686206	57.0099747
	24.2687941	57.0099916
	24.2693222	57.0100746
	24.269689	57.0101034
	24.2703096	57.0101522
	24.2704939	57.0101667
	24.2705367	57.010168
	24.2715849	57.0101995
	24.2722121	57.0102183
	24.2723678	57.010223
	24.273799	57.0091212
	24.27476	57.0083609
	24.2750953	57.0082952
	24.2755342	57.0079244
	24.2775006	57.0063523
	24.2800692	57.0051487
	24.2802802	57.0048668
	24.2806938	57.0043504
	24.277864	57.0034391
	24.2786562	57.002509
	24.2793816	57.0025094
	24.2809043	57.0017935
	24.2830062	57.0023134
	24.2831996	57.0021369
	24.2833873	57.00194
	24.2831927	57.0018753
	24.2797221	57.0007222
	24.2801038	57.0002236
	24.2802276	57.0000619
	24.2804317	56.9997953
	24.2807778	56.9993432
	24.2808989	56.9988863
	24.2809434	56.9987183
	24.2810437	56.9983399
	24.2811149	56.9980713
	24.2811175	56.9980522
	24.2811371	56.9979068
	24.2810771	56.9976784
	24.2810716	56.9976576
	24.2810432	56.9974995
	24.2810956	56.9975019
	24.2810935	56.9974843
	24.281082	56.9973924
	24.281069	56.997288
	24.2810518	56.99715
	24.281001	56.9969526
	24.2809806	56.9968345
	24.2809611	56.9967979
	24.278874	56.9965057
	24.2811502	56.9952754
	24.286895	56.992771
	24.2869457	56.9928039
	24.287241	56.9926736
	24.2875514	56.9925367
	24.2874977	56.9925008
	24.2878852	56.9923301
	24.2881936	56.9921952
	24.2883439	56.9921387
	24.2888508	56.9919068
	24.2888461	56.9919005
	24.2892966	56.9916931
	24.2896878	56.9915219
	24.2897888	56.9914779
	24.2903347	56.9912442
	24.2908224	56.9910148
	24.2911036	56.9908557
	24.2916153	56.9905725
	24.2916075	56.990568
	24.2922319	56.9903607
	24.2922149	56.9903524
	24.2926444	56.9902164
	24.293082	56.9900779
	24.293489	56.9899507
	24.2936878	56.9898904
	24.294164	56.989773
	24.2944961	56.9896971
	24.295636	56.9894364
	24.2959424	56.9893606
	24.2960084	56.9893443
	24.2962107	56.9892942
	24.2971253	56.9890115
	24.2971696	56.9889996
	24.2975387	56.9889003
	24.2979913	56.9888118
	24.2984917	56.9886997
	24.2988294	56.9886526
	24.2993895	56.988567
	24.2995481	56.9885459
	24.3001559	56.9884352
	24.3008778	56.9883187
	24.3017376	56.9881157
	24.3017483	56.9881516
	24.3018071	56.9881354
	24.302306	56.9879988
	24.3024668	56.9879413
	24.303014	56.9878014
	24.3035118	56.9876743
	24.3040041	56.9875485
	24.3040113	56.9875442
	24.3040629	56.9875303
	24.304924	56.9873507
	24.3051083	56.9873122
	24.305193	56.9872946
	24.3053422	56.9872635
	24.3054574	56.9872395
	24.3055727	56.9872154
	24.3056233	56.9872049
	24.3059703	56.9871325
	24.3061474	56.9870956
	24.3060782	56.986894
	24.306046	56.9869004
	24.3053901	56.9854064
	24.3053634	56.9852931
	24.3054582	56.9850958
	24.3084578	56.9829763
	24.3067744	56.9822284
	24.3065228	56.9815972
	24.3057443	56.9808301
	24.3052611	56.9805639
	24.3048681	56.9800094
	24.3061293	56.9797312
	24.3070975	56.9791625
	24.3077941	56.978808
	24.3080241	56.9787598
	24.3085127	56.9785247
	24.3089847	56.9782976
	24.3090465	56.9782679
	24.3091413	56.9782626
	24.3099551	56.9782174
	24.3105186	56.9781861
	24.3110097	56.9781588
	24.3115007	56.9781316
	24.3114466	56.9780677
	24.3141562	56.9779525
	24.3139996	56.9772193
	24.3148839	56.976405
	24.3152421	56.9762154
	24.3156512	56.9759989
	24.3160499	56.9756749
	24.3163272	56.9754129
	24.3166273	56.9751594
	24.3167327	56.9749652
	24.3167738	56.9749647
	24.3166644	56.9748027
	24.3164652	56.97468
	24.3163308	56.9746484
	24.3163215	56.9745952
	24.316351	56.9742734
	24.3163821	56.973935
	24.3164192	56.9735316
	24.3215168	56.9716328
	24.3236244	56.9700738
	24.3242881	56.9688778
	24.3248436	56.9684722
	24.3245042	56.9683746
	24.324675	56.9682957
	24.3247866	56.9682442
	24.3251784	56.9681496
	24.325508	56.9681752
	24.3257373	56.9682091
	24.3261894	56.9683045
	24.3266671	56.9684344
	24.327187	56.9685032
	24.3273907	56.9685301
	24.3281325	56.9685312
	24.3286095	56.968396
	24.3287983	56.9680445
	24.3289359	56.9676923
	24.3290833	56.9675743
	24.3294888	56.9675064
	24.32996	56.9674143
	24.3303504	56.9673877
	24.3308127	56.967422
	24.3317673	56.9676587
	24.3325469	56.9677873
	24.3331079	56.9677232
	24.3334264	56.9675009
	24.3336932	56.9672279
	24.3338519	56.9669863
	24.3341138	56.9667415
	24.3343776	56.9665493
	24.335098	56.9661567
	24.3352532	56.9660752
	24.335849	56.9656915
	24.3361047	56.9654358
	24.3362096	56.9651239
	24.3364009	56.9648098
	24.3367806	56.9644958
	24.3369862	56.9643313
	24.3373277	56.9642142
	24.3377406	56.9641614
	24.3381306	56.9641797
	24.3384002	56.9642449
	24.3387812	56.9643047
	24.3391241	56.9644593
	24.3391868	56.9646123
	24.3391881	56.9647583
	24.3388497	56.9650912
	24.3384637	56.9654647
	24.3382808	56.9660385
	24.3382046	56.9663331
	24.338381	56.9665187
	24.3387333	56.9666859
	24.3397658	56.9666322
	24.340896	56.9663685
	24.3415086	56.9662307
	24.3420245	56.9661765
	24.3423423	56.9662687
	24.3426898	56.9664353
	24.3428843	56.966631
	24.3430142	56.9669859
	24.3428906	56.96735
	24.3431122	56.9676784
	24.3437477	56.9677365
	24.3441352	56.9676836
	24.3444402	56.9675152
	24.344666	56.9673016
	24.3446942	56.9670359
	24.344633	56.9665947
	24.3448095	56.9662663
	24.3452173	56.9659963
	24.3455303	56.9657441
	24.3456763	56.9654398
	24.3459214	56.9649952
	24.3476732	56.9641996
	24.3480393	56.9637911
	24.3481422	56.9636763
	24.3481921	56.9636185
	24.348244	56.9635553
	24.3482857	56.9635022
	24.3483799	56.9633764
	24.3484099	56.963335
	24.3485081	56.9631988
	24.3486179	56.9630506
	24.3487164	56.9629273
	24.3487936	56.9628388
	24.3488812	56.9627483
	24.3489761	56.9626602
	24.3490768	56.9625739
	24.349182	56.9624891
	24.3493995	56.9623214
	24.3495631	56.9621955
	24.3496165	56.962153
	24.3497184	56.9620638
	24.3498224	56.961975
	24.3498786	56.9619332
	24.3499397	56.9618944
	24.3500069	56.9618597
	24.3500818	56.9618301
	24.3501634	56.961805
	24.3503276	56.9617555
	24.3505739	56.9616811
	24.3507381	56.9616316
	24.3512979	56.9614866
	24.3517235	56.9612375
	24.3520259	56.960972
	24.3527335	56.9607905
	24.3538207	56.960737
	24.3544748	56.960772
	24.3552873	56.9608477
	24.356218	56.9611319
	24.3566688	56.9612326
	24.3570094	56.9612856
	24.3573271	56.9612427
	24.3576105	56.96105
	24.357663	56.960798
	24.3569972	56.9600595
	24.3571471	56.9596753
	24.3578357	56.9594154
	24.358317	56.9593048
	24.3588153	56.9592303
	24.3594865	56.9592322
	24.3601229	56.959386
	24.3612875	56.9598374
	24.3618051	56.9600886
	24.3622381	56.9600467
	24.3624337	56.9600009
	24.3628816	56.9598017
	24.3632732	56.9594462
	24.3634497	56.9591932
	24.3635356	56.95903
	24.3637803	56.9586499
	24.3640743	56.9584271
	24.3647987	56.9580728
	24.3648087	56.9577544
	24.3643611	56.9575176
	24.363582	56.9572893
	24.3631765	56.9571253
	24.3627938	56.9568759
	24.3627091	56.9565241
	24.362585	56.9561951
	24.3623661	56.9557736
	24.3622379	56.9553752
	24.36198	56.9551267
	24.3619555	56.954973
	24.3623953	56.9548722
	24.3625979	56.9548782
	24.3629561	56.9549705
	24.3635119	56.9550296
	24.3639565	56.9550497
	24.3642716	56.9551001
	24.3646717	56.9552396
	24.3649079	56.9553538
	24.365256	56.9554141
	24.3655152	56.9553605
	24.3657108	56.9552563
	24.3657162	56.9550796
	24.3653191	56.9547592
	24.3648979	56.9544454
	24.3649376	56.9543458
	24.3651261	56.9541699
	24.3653124	56.954125
	24.3656005	56.9540555
	24.3658851	56.9542391
	24.3665311	56.9542129
	24.3667012	56.9540739
	24.366745	56.9538816
	24.3666431	56.9537371
	24.3668342	56.9536849
	24.3668567	56.9536574
	24.3673213	56.9535512
	24.3675858	56.953518
	24.3678139	56.9535048
	24.367983	56.9535168
	24.3681338	56.9535363
	24.3683008	56.9536202
	24.3683708	56.9537067
	24.3682224	56.9539111
	24.3693364	56.9539394
	24.3720371	56.9540443
	24.3718169	56.9542584
	24.3709173	56.9549736
	24.3708472	56.9552873
	24.3708686	56.9559692
	24.3707001	56.9568326
	24.3707359	56.9574624
	24.3709126	56.9581888
	24.3705397	56.9581778
	24.370645	56.9587194
	24.3708558	56.9597036
	24.370142	56.9598387
	24.3699242	56.9600974
	24.3692692	56.9608014
	24.3687979	56.9613075
	24.3668661	56.9614263
	24.3669905	56.9615836
	24.3670421	56.9616586
	24.3683872	56.9636144
	24.3687926	56.9641534
	24.3686191	56.9646164
	24.3670286	56.9652096
	24.3667648	56.9654248
	24.3700158	56.967617
	24.3705338	56.9673533
	24.3734097	56.9691689
	24.3735389	56.9693109
	24.3737858	56.9694098
	24.3739985	56.9700783
	24.374369	56.9705668
	24.3773087	56.9713307
	24.3775095	56.9713914
	24.3784857	56.9716428
	24.3797484	56.9717548
	24.3812131	56.9718729
	24.3831885	56.9720526
	24.3849085	56.9721818
	24.386859	56.9728685
	24.3885373	56.9737169
	24.3889742	56.9738676
	24.3915368	56.9740353
	24.3919722	56.9746697
	24.3903737	56.9751561
	24.3902807	56.9760837
	24.3903256	56.9761795
	24.3905914	56.9764125
	24.3910844	56.9767137
	24.3915716	56.9768623
	24.391846	56.9769546
	24.3924708	56.9771831
	24.3921704	56.9774641
	24.3924187	56.9777529
	24.3925536	56.9778435
	24.3929019	56.9779686
	24.3931789	56.9780395
	24.3935027	56.9781227
	24.3937685	56.9781194
	24.394079	56.9781172
	24.3943013	56.9781251
	24.3943681	56.9781791
	24.3943334	56.9782499
	24.3941571	56.9783324
	24.3938962	56.9783888
	24.3934303	56.9786194
	24.3930778	56.9787701
	24.3927128	56.9789169
	24.3925194	56.979007
	24.3922497	56.9791097
	24.3920196	56.9792091
	24.3919346	56.9792135
	24.3918486	56.9791723
	24.3917961	56.9790961
	24.3917687	56.9789314
	24.3917794	56.978809
	24.3918151	56.9786758
	24.3919868	56.9784402
	24.3920068	56.9782274
	24.3919924	56.9781158
	24.3920008	56.9780056
	24.3918513	56.9778685
	24.3917116	56.9777661
	24.391534	56.9776896
	24.3914073	56.9776612
	24.3911781	56.9776215
	24.3910439	56.9776583
	24.3908085	56.9777278
	24.3903228	56.9779306
	24.3903078	56.9779199
	24.3902692	56.9780924
	24.3901919	56.978175
	24.3901498	56.9782664
	24.3901345	56.9783503
	24.3901463	56.9784502
	24.3902405	56.9786071
	24.3902949	56.9787238
	24.3902548	56.9788064
	24.3902676	56.9791272
	24.3902363	56.9792127
	24.3901795	56.9793008
	24.3901705	56.9794681
	24.3902067	56.9796334
	24.3899939	56.9798998
	24.3899378	56.9800591
	24.3897988	56.9802304
	24.3897478	56.9803771
	24.3896732	56.9805205
	24.3895166	56.9806986
	24.38937	56.9807687
	24.3889187	56.9807602
	24.3887388	56.9807314
	24.3882613	56.9806735
	24.3879217	56.9806757
	24.3875985	56.9807427
	24.387112	56.9809331
	24.386912	56.9810731
	24.3865878	56.9816659
	24.3863508	56.9818488
	24.3858195	56.9828566
	24.3862355	56.9834999
	24.3866023	56.9843209
	24.3867512	56.9846941
	24.3834889	56.9866122
	24.3821508	56.9860731
	24.3816982	56.9859481
	24.380981	56.9862791
	24.3785459	56.9864846
	24.3776711	56.986542
	24.3759304	56.9867779
	24.3746351	56.9865574
	24.3744354	56.9868563
	24.3743173	56.9870675
	24.3736397	56.9888436
	24.3735275	56.9892326
	24.3733283	56.9896526
	24.3742425	56.9900464
	24.3744102	56.9906837
	24.3750101	56.9906986
	24.3769794	56.9906353
	24.3781177	56.9906319
	24.378348	56.9906169
	24.3788432	56.9906116
	24.3809918	56.9905734
	24.3828551	56.9901869
	24.3845997	56.9900925
	24.3855255	56.9916331
	24.3852416	56.9930523
	24.3873237	56.9953078
	24.387632	56.9971332
	24.4002882	56.9978208
	24.4067202	56.9982357
	24.4082489	56.9983183
	24.4114635	56.9985557
	24.4119436	56.9990119
	24.4125767	57.0004228
	24.4145166	57.0004819
	24.4160064	57.0005134
	24.4180098	56.9989939
	24.424216	56.9994466
	24.4304795	56.9999751
	24.4341534	57.0001409
	24.4353608	57.0006419
	24.435921	57.0017903
	24.4360763	57.0019942
	24.43556	57.002432
	24.4365917	57.0028954
	24.4370026	57.0036846
	24.4355792	57.004299
	24.436332	57.006226
	24.4393984	57.0085121
	24.4396143	57.0083541
	24.4405369	57.0077553
	24.4413325	57.0072692
	24.440214	57.0065187
	24.4392842	57.0059988
	24.4386152	57.0052625
	24.4381877	57.0051016
	24.4380484	57.0050462
	24.4380901	57.0049883
	24.4381136	57.00494
	24.4381131	57.0048984
	24.4380805	57.0048525
	24.437999	57.0047542
	24.4379665	57.0047171
	24.437962	57.004682
	24.4379695	57.004636
	24.4380494	57.0045985
	24.438181	57.0045235
	24.4382407	57.0044839
	24.4382527	57.0044707
	24.4382883	57.0044312
	24.4382917	57.0043764
	24.4382619	57.0042341
	24.438245	57.0041662
	24.4382603	57.0041027
	24.438336	57.0040498
	24.4384559	57.0040012
	24.4386922	57.0039587
	24.4389162	57.0038835
	24.4390799	57.0038084
	24.4392593	57.0037048
	24.4394266	57.0035881
	24.4394175	57.0034616
	24.4392836	57.0034256
	24.4391571	57.0034172
	24.4389273	57.0034025
	24.4388722	57.0033782
	24.4388267	57.0033603
	24.4388478	57.0032631
	24.4389921	57.0032383
	24.4392367	57.0032192
	24.4393355	57.0031932
	24.4394474	57.0031638
	24.4394262	57.0031342
	24.439357	57.0030426
	24.4390911	57.0029941
	24.4388664	57.0029532
	24.4383199	57.0028397
	24.4381763	57.0028107
	24.4380299	57.0027799
	24.4379706	57.0027236
	24.4378948	57.0026468
	24.4379434	57.0026105
	24.4380272	57.0025491
	24.4382505	57.0026212
	24.4382931	57.0026453
	24.4383782	57.002693
	24.4384076	57.0027098
	24.4385081	57.0027661
	24.4386855	57.0027108
	24.4386846	57.0026546
	24.4386841	57.0025893
	24.4385782	57.0024333
	24.4385602	57.0024069
	24.4397465	57.0021821
	24.439514	57.0017567
	24.4406292	57.0018645
	24.4408529	57.0018559
	24.4413981	57.0019305
	24.4421745	57.0020133
	24.4429424	57.0020871
	24.4436612	57.0021835
	24.4443714	57.0022485
	24.4445345	57.00225
	24.4447709	57.0022635
	24.4485555	57.0024892
	24.4672307	57.0037933
	24.4685377	57.0027643
	24.4687463	57.0028568
	24.4688367	57.0028985
	24.4715048	57.0029103
	24.4727672	57.0030754
	24.4740102	57.0030175
	24.4744085	57.003069
	24.4749238	57.0025216
	24.4762256	57.0022676
	24.477961	57.0018783
	24.4791658	57.0019778
	24.4797023	57.0019399
	24.4797475	57.0019437
	24.4797192	57.0019903
	24.4801356	57.002011
	24.4803179	57.0020201
	24.4806764	57.0020514
	24.4810001	57.0020801
	24.4812328	57.0021149
	24.4822948	57.0018015
	24.4854593	57.0019274
	24.4858563	57.0019095
	24.4859038	57.0019156
	24.4862534	57.0019725
	24.4863013	57.0019811
	24.4865199	57.0020354
	24.4914037	57.0030874
	24.4912281	57.0027164
	24.4911423	57.0021218
	24.49149	57.002171
	24.4957656	57.0032446
	24.4953394	57.003989
	24.4952242	57.0042049
	24.4980645	57.0048055
	24.4989179	57.0043065
	24.4998823	57.0045214
	24.5014161	57.0050925
	24.5020205	57.0046869
	24.5028556	57.0048202
	24.5060099	57.0061911
	24.5063207	57.0063472
	24.5064504	57.0063132
	24.5065998	57.0063244
	24.5069553	57.0063793
	24.5072946	57.0065066
	24.5077295	57.0065315
	24.5080527	57.0065268
	24.5082809	57.0065616
	24.508258	57.0066063
	24.5083207	57.0066184
	24.5083887	57.0066176
	24.5084531	57.0065593
	24.5084611	57.0064848
	24.5083847	57.00643
	24.5084281	57.0063241
	24.5084798	57.0062944
	24.5085991	57.0062702
	24.5086865	57.0062791
	24.5087929	57.0063046
	24.5088643	57.0063381
	24.5090121	57.0064111
	24.509179	57.0064914
	24.5093193	57.0065984
	24.5094137	57.0066909
	24.5095933	57.0067831
	24.5096479	57.0068273
	24.5101773	57.007329
	24.5105797	57.0076452
	24.5108884	57.0077461
	24.5111147	57.00769
	24.5113452	57.0076832
	24.5118863	57.0077568
	24.5121616	57.007369
	24.5121698	57.0072764
	24.5122894	57.0073038
	24.5122962	57.0072833
	24.5122779	57.0072413
	24.5121503	57.007184
	24.5120887	57.0070514
	24.5121861	57.0069911
	24.5123265	57.0068574
	24.5124746	57.0067994
	24.5125019	57.0067645
	24.5125396	57.0066599
	24.5124625	57.0065832
	24.5125039	57.006525
	24.5126275	57.0065112
	24.5127192	57.0065204
	24.5128663	57.0065977
	24.5131034	57.0066961
	24.5133215	57.0067683
	24.5135497	57.0068157
	24.5136345	57.0068435
	24.5136538	57.0068664
	24.5137649	57.0070311
	24.5139335	57.0070984
	24.5141766	57.0067855
	24.5143702	57.0068162
	24.5146301	57.0065921
	24.5146834	57.0065432
	24.515083	57.0064087
	24.5153726	57.0064111
	24.5156036	57.006464
	24.5157694	57.0065603
	24.515863	57.006664
	24.5159823	57.0067282
	24.5161471	57.006749
	24.5162588	57.0067378
	24.5164554	57.006676
	24.5166586	57.0066177
	24.5167236	57.0065635
	24.5167957	57.0065417
	24.5169538	57.0065518
	24.5171518	57.0065941
	24.5173179	57.0067083
	24.5174571	57.0067795
	24.5175693	57.0068078
	24.5178261	57.0068211
	24.5179716	57.0068672
	24.5183495	57.0070703
	24.5185952	57.0072344
	24.5186232	57.0073528
	24.5185784	57.0074427
	24.5185865	57.0075504
	24.5186205	57.0076329
	24.5186937	57.00769
	24.5188061	57.007729
	24.5189246	57.0077321
	24.5191679	57.0077168
	24.5194707	57.0077227
	24.5198657	57.007739
	24.5199976	57.00776
	24.5202108	57.0077286
	24.5203193	57.0077012
	24.5203978	57.0076721
	24.52047	57.0076575
	24.5205424	57.0076572
	24.5206479	57.0076747
	24.5207602	57.0077065
	24.5208003	57.0077459
	24.5207945	57.0078069
	24.5207951	57.00785
	24.5208091	57.0079038
	24.520922	57.0079823
	24.5211533	57.0080532
	24.5214505	57.0081274
	24.5218491	57.0082467
	24.522151	57.0083363
	24.522222	57.0083618
	24.5222899	57.008386
	24.5223757	57.0084071
	24.5224042	57.0085614
	24.5224245	57.0085972
	24.5225366	57.0086183
	24.5226484	57.0086107
	24.5226941	57.0085889
	24.5227398	57.0085564
	24.5228051	57.0085238
	24.5228179	57.0084951
	24.5228438	57.0084698
	24.5228566	57.008441
	24.5228953	57.008387
	24.522928	57.0083689
	24.5231117	57.0083287
	24.523335	57.0083026
	24.5237291	57.0082471
	24.5239071	57.0082715
	24.5239931	57.0083034
	24.5242187	57.0084318
	24.5244513	57.0085924
	24.52479	57.0088171
	24.5253399	57.0090733
	24.5255112	57.009087
	24.5256699	57.0091402
	24.5256902	57.0091796
	24.525692	57.0093088
	24.5256662	57.0093449
	24.5258527	57.0095092
	24.5260824	57.0094616
	24.5265103	57.0094605
	24.5269749	57.0095532
	24.5264517	57.011155
	24.5264924	57.0113717
	24.5264655	57.0114752
	24.5263373	57.0119677
	24.5263451	57.0120984
	24.5260301	57.0132341
	24.523385	57.0223647
	24.5209941	57.0308396
	24.5206793	57.0319612
	24.5204012	57.0329332
	24.5198415	57.0348203
	24.5195696	57.0357107
	24.5191085	57.0373325
	24.5186848	57.038954
	24.5182922	57.0403667
	24.5178838	57.0418723
	24.5174597	57.0434729
	24.5170148	57.045106
	24.5165996	57.0467176
	24.5163375	57.0476688
	24.516098	57.0485027
	24.5154758	57.0505317
	24.515448	57.050603
	24.5152285	57.0514196
	24.5152552	57.0514262
	24.5211055	57.0528065
	24.5241063	57.053499
	24.5260893	57.0553516
	24.5258851	57.0572965
	24.5248873	57.0602446
	24.5251283	57.0605738
	24.5391617	57.0678502
	24.5421954	57.0681167
	24.5428093	57.0667063
	24.5448126	57.066607
	24.5463252	57.0626031
	24.5482691	57.0610444
	24.5483911	57.0609466
	24.5491157	57.0610104
	24.5564124	57.0616641
	24.5615045	57.0570281
	24.5623111	57.0562975
	24.5678232	57.0584541
	24.5686066	57.0587606
	24.5780164	57.0625192
	24.5756497	57.0645578
	24.5744967	57.0653884
	24.5712377	57.0675122
	24.5703472	57.0683986
	24.5688971	57.0694491
	24.5684054	57.0692517
	24.5680404	57.069124
	24.5669173	57.0687317
	24.5647517	57.0704909
	24.5646545	57.0705294
	24.5644571	57.0703991
	24.562472	57.0702578
	24.5598616	57.0700869
	24.5598029	57.0701271
	24.5585825	57.0706878
	24.5570544	57.0716853
	24.5555011	57.072643
	24.5550019	57.0731584
	24.5570084	57.0734932
	24.5583829	57.0737815
	24.5610192	57.0741929
	24.56095	57.074308
	24.5621603	57.0745242
	24.5622378	57.0743943
	24.565424	57.074987
	24.5644449	57.075347
	24.5609819	57.0763134
	24.5610701	57.0763719
	24.5629042	57.0775902
	24.5629994	57.0776506
	24.563269	57.0776989
	24.5632209	57.0779786
	24.5630283	57.0790976
	24.5627406	57.0803901
	24.562552	57.0810831
	24.5623693	57.081932
	24.5615147	57.0829227
	24.5611198	57.0829036
	24.5607916	57.083369
	24.5604507	57.0839239
	24.5593833	57.0856249
	24.5577875	57.0851813
	24.5554168	57.0845225
	24.5550076	57.0844844
	24.5514115	57.0843215
	24.5512437	57.084307
	24.550978	57.0842892
	24.550114	57.084196
	24.5470494	57.0835952
	24.5457434	57.083367
	24.5456244	57.0833504
	24.5454668	57.0833207
	24.5454283	57.0833151
	24.5448997	57.0832243
	24.5422044	57.08567
	24.5417935	57.0860286
	24.5418373	57.0863982
	24.5415964	57.0866334
	24.5331337	57.0841975
	24.5325627	57.0841229
	24.5320508	57.0838862
	24.5297291	57.0832151
	24.5292756	57.083125
	24.5286514	57.0829047
	24.5255383	57.0820036
	24.5247674	57.0819102
	24.5242241	57.0816188
	24.5196733	57.080142
	24.5185348	57.0798652
	24.5181183	57.0797285
	24.5175835	57.0795495
	24.5160599	57.079056
	24.5144435	57.07852
	24.5112809	57.0774452
	24.5112371	57.0774852
	24.5111137	57.0774375
	24.5051204	57.0829803
	24.5047834	57.0831666
	24.5045865	57.0836217
	24.5045485	57.0840817
	24.504982	57.0849663
	24.5057621	57.0854881
	24.5063217	57.0858612
	24.5072415	57.0866109
	24.5075835	57.086787
	24.51223	57.0901053
	24.5126027	57.0903983
	24.5180396	57.092445
	24.520145	57.0931191
	24.518096	57.0946485
	24.5155893	57.0951939
	24.5080423	57.0968757
	24.5079902	57.096845
	24.5033444	57.0951155
	24.5026973	57.0949121
	24.5025674	57.0948598
	24.502485	57.0948156
	24.502213	57.0947612
	24.5006725	57.0941358
	24.4998232	57.0936428
	24.498748	57.0931246
	24.4980619	57.0926658
	24.497416	57.0925937
	24.4956423	57.0918866
	24.4937205	57.0911204
	24.4926375	57.0906174
	24.4919131	57.0902512
	24.490284	57.0894452
	24.4886746	57.0889344
	24.4887174	57.0889158
	24.4882023	57.0887176
	24.4875206	57.0884792
	24.4863077	57.0880636
	24.4846824	57.0876149
	24.484386	57.0875036
	24.4841661	57.0873855
	24.4840771	57.087344
	24.4830053	57.0869024
	24.4826981	57.0867756
	24.4815718	57.0863873
	24.4792118	57.085567
	24.4770804	57.0848974
	24.4754569	57.0843639
	24.4752275	57.0843068
	24.475387	57.084121
	24.476024	57.0824232
	24.4753122	57.0816597
	24.4747896	57.0815035
	24.4737582	57.081335
	24.4728092	57.0812298
	24.4724	57.081172
	24.4720849	57.0810515
	24.4714663	57.0806944
	24.4703903	57.0805554
	24.4689699	57.0807078
	24.4687312	57.0806057
	24.4681042	57.080284
	24.4679593	57.080219
	24.4680446	57.0799448
	24.4682116	57.0795008
	24.4679591	57.0789852
	24.4675326	57.0779718
	24.4663873	57.0773458
	24.4656585	57.077088
	24.4656023	57.0770638
	24.4652966	57.0768743
	24.4651312	57.0767705
	24.4650734	57.0767442
	24.4649178	57.0760159
	24.4645536	57.075486
	24.4640269	57.0751093
	24.4632349	57.0748794
	24.462436	57.0747611
	24.460777	57.0745732
	24.4610684	57.0738869
	24.4593108	57.0734112
	24.4584113	57.0731627
	24.4565192	57.0724748
	24.4557306	57.0723658
	24.4552107	57.0722766
	24.4548149	57.0722439
	24.4532984	57.0720014
	24.4524156	57.0718785
	24.4514023	57.071956
	24.4509149	57.0718195
	24.4507467	57.0717716
	24.4502602	57.071635
	24.448042	57.0708097
	24.4457011	57.0711132
	24.4440396	57.07133
	24.4399535	57.071954
	24.4392577	57.0722051
	24.437562	57.0727663
	24.4365732	57.0730686
	24.4360268	57.0732747
	24.4353248	57.0730558
	24.4332242	57.0724263
	24.4319394	57.0720357
	24.4313978	57.0719325
	24.4312847	57.0719092
	24.4309954	57.0718421
	24.4307096	57.0717884
	24.4304474	57.0717485
	24.4301723	57.0717288
	24.4299522	57.0717233
	24.4296631	57.0717275
	24.4289346	57.0717627
	24.428456	57.0717961
	24.4274839	57.0718748
	24.4269969	57.0719035
	24.4266137	57.0719089
	24.426433	57.0719031
	24.4260839	57.0718549
	24.4257002	57.0718198
	24.4248415	57.071678
	24.4249892	57.0714825
	24.4254557	57.0709057
	24.4222984	57.0701961
	24.4241274	57.0694297
	24.4268395	57.0691345
	24.4265135	57.0680053
	24.4229962	57.068137
	24.4222874	57.0682456
	24.4210233	57.0684569
	24.4197765	57.0686918
	24.4196474	57.0687487
	24.4177568	57.0685019
	24.4171027	57.0684102
	24.416008	57.0682223
	24.4174926	57.0668363
	24.4135272	57.0659471
	24.4123761	57.0657274
	24.4120929	57.0657065
	24.4113558	57.0656364
	24.4107463	57.0655865
	24.4104989	57.0655663
	24.4079514	57.0653523
	24.4066431	57.0652702
	24.4060868	57.0652677
	24.4054747	57.0652672
	24.4050389	57.0652668
	24.4027799	57.0648678
	24.4001556	57.0646439
	24.3996767	57.0645858
	24.3990404	57.0645201
	24.3984597	57.0641303
	24.3947145	57.0637772
	24.3934153	57.0636918
	24.3920458	57.0627925
	24.3906305	57.0620323
	24.3889208	57.0618123
	24.3881988	57.0612161
	24.3868016	57.061303
	24.3853797	57.0607321
	24.3847696	57.0604947
	24.3843009	57.0595482
	24.3842461	57.0594263
	24.3841799	57.059278
	24.3839576	57.0587754
	24.3829501	57.0582388
	24.3809923	57.0573633
	24.3794411	57.0580426
	24.377777	57.0587266
	24.3776608	57.0587788
	24.3776427	57.0587721
	24.377542	57.0587514
	24.3764584	57.0587448
	24.3746165	57.0587224
	24.3744445	57.0587249
	24.3743762	57.058738
	24.3743538	57.0587696
	24.3742465	57.0586355
	24.3723003	57.0595798
	24.36972	57.0608352
	24.3689242	57.0612043
	24.3682779	57.0612784
	24.3682543	57.0612835
	24.3655725	57.0618552
	24.3652857	57.0619725
	24.363112	57.062439
	24.3628352	57.0620559
	24.3627644	57.0619722
	24.3625946	57.0617631
	24.3617637	57.06079
	24.361622	57.0606222
	24.3614285	57.060403
	24.3609908	57.0598872
	24.3608605	57.0596874
	24.3601391	57.0585973
	24.359802	57.0579762
	24.3594183	57.0574357
	24.3591832	57.0570437
	24.3584334	57.0557049
	24.3582724	57.0554937
	24.3579639	57.054909
	24.3578598	57.0549253
	24.3576497	57.0547718
	24.3572351	57.0546803
	24.356603	57.054428
	24.3543522	57.0535374
	24.354289	57.053556
	24.3531232	57.0529857
	24.3509004	57.0520816
	24.349006	57.0513073
	24.3490037	57.0513342
	24.348614	57.0512988
	24.3480711	57.0512361
	24.3476345	57.0512244
	24.3472155	57.0512218
	24.345523	57.0511786
	24.3449823	57.0511655
	24.3440779	57.0511171
	24.3432829	57.0510666
	24.3430872	57.0512506
	24.3428693	57.0513107
	24.340329	57.0482903
	24.3406793	57.0481844
	24.3409079	57.0481204
	24.3409357	57.0481133
	24.3420324	57.047847
	24.3416515	57.0472845
	24.3415005	57.0470658
	24.3413458	57.0468408
	24.3409933	57.0463221
	24.3409452	57.0462668
	24.3407383	57.0459422
	24.3404643	57.0455411
	24.3402021	57.0451606
	24.3399529	57.0447919
	24.3396434	57.0443387
	24.3394451	57.044057
	24.3391094	57.0436355
	24.3386519	57.0431483
	24.3383819	57.0428975
	24.3380843	57.0426067
	24.3378055	57.0423184
	24.3374938	57.0419809
	24.3370987	57.0416079
	24.3366882	57.0412225
	24.3362752	57.040866
	24.3353156	57.0399131
	24.3351831	57.040176
	24.3350036	57.041243
	24.3348627	57.0416734
	24.3334254	57.0408869
	24.3331925	57.0405349
	24.332869	57.0399229
	24.3326522	57.0395016
	24.3325978	57.0394161
	24.3324465	57.0392264
	24.3321394	57.0389419
	24.3319541	57.0387768
	24.3321581	57.0384502
	24.33222	57.0381649
	24.3324381	57.0371589
	24.3313599	57.036511
	24.3311188	57.0363582
	24.3293594	57.0360667
	24.3298133	57.0359783
	24.3291431	57.03587
	24.3285175	57.0357809
	24.3284715	57.0357743
	24.3282248	57.0355961
	24.3275813	57.0351776
	24.3273665	57.035081
	24.3270999	57.0349907
	24.3267781	57.0349087
	24.3263772	57.0348175
	24.3260084	57.0347356
	24.3256768	57.0346559
	24.3252525	57.0345437
	24.3250926	57.0346902
	24.324996	57.034789
	24.3246925	57.0350862
	24.3245982	57.035192
	24.3251208	57.0355652
	24.3248749	57.0358096
	24.3247702	57.0359137
	24.3246528	57.0359888
	24.3244977	57.0358097
	24.3240731	57.0355534
	24.323165	57.0352027
	24.322774	57.0350503
	24.3227402	57.0350431
	24.3226877	57.0350325
	24.3226367	57.0350257
	24.322577	57.0350196
	24.3225341	57.0350145
	24.3225047	57.0350098
	24.3224669	57.035002
	24.3224336	57.0349941
	24.3223798	57.0349809
	24.3223083	57.0349672
	24.322278	57.0349634
	24.3222401	57.0349595
	24.3221813	57.0349533
	24.3221325	57.0349457
	24.3220447	57.0349289
	24.3219778	57.0349161
	24.3219516	57.0349111
	24.3219416	57.0348847
	24.3216833	57.0342052
	24.3215224	57.0338733
	24.3214898	57.0337517
	24.3214216	57.0334343
	24.3216731	57.0330038
	24.3219768	57.032678
	24.321637	57.0323277
	24.3213853	57.0320446
	24.321197	57.0318874
	24.3209181	57.0317405
	24.3206797	57.0316351
	24.3202159	57.0314971
	24.3188679	57.0315387
	24.3182119	57.0315589
	24.3180497	57.0315639
	24.3179094	57.0314499
	24.3177757	57.0313087
	24.3176721	57.0312493
	24.3173671	57.0311122
	24.3170655	57.0309989
	24.3169343	57.0309249
	24.3164758	57.0307897
	24.3160412	57.0306156
	24.3156749	57.0303661
	24.3156592	57.030341
	24.3153746	57.029888
	24.3151658	57.0294376
	24.3149889	57.0292268
	24.3147484	57.0290425
	24.314558	57.0288206
	24.314451	57.0285026
	24.3144962	57.0282746
	24.3143603	57.0281298
	24.3144031	57.0278731
	24.3142752	57.0276921
	24.3141835	57.027556
	24.3141545	57.0274052
	24.3142791	57.0272121
	24.3142012	57.0271118
	24.3142206	57.0269735
	24.3142757	57.0268535
	24.314257	57.026745
	24.2828007	57.0352608
	24.2827373	57.035278
	24.2822802	57.0350989
	24.2804353	57.0357716
	24.2807555	57.0359115
	24.2709189	57.0388217
	24.2708217	57.0388443
	24.2707724	57.0387985
	24.2635179	57.0410899
	24.2651743	57.0427376
	24.2654741	57.0430288
	24.2554887	57.0418829
	24.2528658	57.0415358
	24.2524753	57.0426693
	24.2497931	57.0486828
	24.2498461	57.0487
	24.2499212	57.0487234
	24.2499103	57.0487934
	24.2498498	57.0490138
	24.2452022	57.0597859
	24.2449522	57.0603317
	24.2434785	57.0639473
	24.2419966	57.0672978
	24.2432235	57.0690564
	24.2419727	57.0687427
	24.2410315	57.068528
	24.2356722	57.067238
	24.2330607	57.0666093
	24.2307284	57.0691764
	24.2300543	57.0699716
	24.2294189	57.0708206
	24.229239	57.0711459
	24.2290101	57.0713901
	24.2289619	57.0714539
	24.2288327	57.0716016
	24.2279752	57.0726153
	24.2273933	57.0731703
	24.2273537	57.0732045
	24.2263111	57.0744561
	24.2247921	57.0740965
	24.2218498	57.0733296
	24.2185953	57.0725605
	24.212718	57.0710637
	24.207689	57.069802
	24.2048225	57.0690383
	24.2041437	57.0688595
	24.2004682	57.0678913
	24.1995421	57.0676433
	24.1961037	57.0667704
	24.1951332	57.0665174
	24.1911157	57.06547
	24.1869514	57.0643843
	24.1837585	57.0635522
	24.1789877	57.0623089
	24.1776709	57.0619813
	24.1743411	57.0611459
	24.1720517	57.0605906
	24.1709744	57.0603235
	24.1707793	57.0602752
	24.1704918	57.0602116
	24.1688437	57.0597929
	24.1667161	57.0592674
	24.1664735	57.0592056
	24.1632455	57.0583811
	24.1597391	57.0574974
	24.1569165	57.0567688
	24.1560873	57.0565637
	24.155624	57.0564516
	24.1534951	57.0558951
	24.1530564	57.0556174
END
END
