11352787
1
	25.6866359	56.6130524
	25.6888161	56.608021
	25.6930052	56.6027432
	25.69578	56.6066829
	25.7001195	56.6096489
	25.702235	56.6101632
	25.7158903	56.6121015
	25.7270556	56.6151463
	25.7349962	56.6153853
	25.745574	56.6163803
	25.7531658	56.6151959
	25.756711	56.614526
	25.762091	56.6149789
	25.7715672	56.6102871
	25.7843937	56.6070461
	25.7855438	56.613348
	25.7838936	56.6162647
	25.7797432	56.6178605
	25.7794432	56.6205292
	25.7763679	56.6205292
	25.7760929	56.6188235
	25.7647419	56.6214921
	25.7547159	56.621811
	25.7483982	56.6236719
	25.7264805	56.6282408
	25.7061741	56.6216185
	25.7028844	56.6177451
	25.6866359	56.6130524
END
END
