2857455
1
	8.0510007	53.0635734
	8.0518713	53.0612882
	8.0512682	53.0611604
	8.0511931	53.0595766
	8.0511461	53.0595317
	8.0512487	53.0582441
	8.0531134	53.0545205
	8.0548862	53.0538876
	8.0563399	53.0536936
	8.0586216	53.0529757
	8.0599174	53.0526597
	8.0612452	53.0524078
	8.0614592	53.0524118
	8.0620051	53.0528077
	8.062247	53.0529187
	8.0661295	53.0495081
	8.0697569	53.0462005
	8.0704138	53.0452286
	8.0714067	53.0436988
	8.0729704	53.041288
	8.0740673	53.0395292
	8.0752531	53.0376254
	8.0754321	53.0340169
	8.0772748	53.0347718
	8.0820331	53.0366146
	8.0823902	53.0367531
	8.082456	53.0367786
	8.0849636	53.0344208
	8.0878632	53.0317661
	8.08912	53.0305763
	8.0891965	53.0305034
	8.089239	53.0304629
	8.089481	53.0302323
	8.0903288	53.0294274
	8.0915926	53.0281765
	8.0941783	53.0256208
	8.0984436	53.0215393
	8.0990345	53.0210394
	8.1020608	53.0180754
	8.1030109	53.0171448
	8.1038798	53.0162939
	8.1066934	53.0136122
	8.1133374	53.00715
	8.1177867	53.0028924
	8.1185346	53.0022215
	8.1244827	52.9989899
	8.1243577	52.998441
	8.1243318	52.998178
	8.1243827	52.997953
	8.1242728	52.997796
	8.1241588	52.997724
	8.1239268	52.997659
	8.1237349	52.9975711
	8.1237229	52.9974151
	8.1239038	52.9973501
	8.1240288	52.9972431
	8.1238348	52.9968001
	8.1235499	52.9966402
	8.1234219	52.9964002
	8.1232299	52.9963122
	8.122763	52.9962092
	8.12263	52.9961102
	8.1224901	52.9957743
	8.1222281	52.9955073
	8.1217732	52.9951523
	8.1209933	52.9949693
	8.1209043	52.9948244
	8.1209343	52.9942674
	8.1211073	52.9935925
	8.1210984	52.9934542
	8.1210883	52.9932985
	8.1210503	52.9932105
	8.1212233	52.9925246
	8.1211903	52.9924176
	8.1210773	52.9923186
	8.1206394	52.9920357
	8.1204184	52.9917237
	8.1203884	52.9915557
	8.1203954	52.9914257
	8.1204424	52.9912698
	8.1203914	52.9911398
	8.1199995	52.9907278
	8.1199285	52.9905598
	8.1199385	52.9903919
	8.1200385	52.9900029
	8.1201015	52.9898959
	8.1200695	52.9898009
	8.1196915	52.989484
	8.1188747	52.988885
	8.1186507	52.9886291
	8.1186077	52.9883321
	8.1186457	52.9879731
	8.1188107	52.9871232
	8.1187077	52.9868333
	8.1185737	52.9867603
	8.1179688	52.9866883
	8.1178148	52.9865883
	8.1171829	52.9862343
	8.1172319	52.9860923
	8.1172969	52.9859863
	8.1175849	52.9857304
	8.1177478	52.9856384
	8.1181108	52.9854784
	8.1181738	52.9854174
	8.1181588	52.9853484
	8.1179578	52.9846775
	8.1180058	52.9844985
	8.1186607	52.9840486
	8.1186697	52.9839186
	8.1186137	52.9838226
	8.1186397	52.9837166
	8.1188187	52.9836706
	8.1188837	52.9835746
	8.1188777	52.9833157
	8.1189237	52.9831977
	8.1193756	52.9828727
	8.1194546	52.9824917
	8.1194446	52.9823008
	8.1186963	52.9814912
	8.1184278	52.9814269
	8.1179168	52.9813819
	8.1178819	52.9813089
	8.1177959	52.9810689
	8.1173849	52.9806569
	8.1176449	52.980577
	8.1178319	52.980401
	8.1177699	52.9797221
	8.117305	52.9792031
	8.117237	52.9790091
	8.117338	52.9782502
	8.1174269	52.9780242
	8.1176289	52.9779483
	8.1177329	52.9778303
	8.1177609	52.9776893
	8.1174349	52.9775133
	8.117338	52.9771433
	8.117329	52.9769074
	8.1176209	52.9766244
	8.1181248	52.9763954
	8.1185718	52.9762504
	8.1186478	52.9762774
	8.1191937	52.9760145
	8.1194076	52.9757895
	8.1196976	52.9754765
	8.1198776	52.9754225
	8.1200026	52.9752706
	8.1199816	52.9745796
	8.1200106	52.9740417
	8.1199846	52.9738057
	8.1198136	52.9736837
	8.1195756	52.9737177
	8.1194017	52.9736297
	8.1190227	52.9733708
	8.1184898	52.9730308
	8.1179949	52.9726958
	8.117576	52.9723939
	8.1172	52.9720509
	8.1167951	52.971532
	8.1168261	52.971315
	8.1168501	52.971223
	8.11715	52.9708031
	8.117488	52.9703571
	8.117584	52.9700481
	8.117595	52.9698342
	8.117257	52.9695292
	8.1160422	52.9686633
	8.1154703	52.9683043
	8.1153813	52.9681374
	8.1150574	52.9679274
	8.1150084	52.9677364
	8.1145944	52.9677404
	8.1144605	52.9676674
	8.1143705	52.9671295
	8.1143985	52.9669885
	8.1145215	52.9668705
	8.1146624	52.9668365
	8.1148764	52.9668785
	8.1149334	52.9669395
	8.1150324	52.9669275
	8.1153143	52.9668135
	8.1158623	52.9661606
	8.1166961	52.9652907
	8.1167301	52.9650167
	8.1166001	52.9648827
	8.1167371	52.9645168
	8.1167351	52.9641848
	8.1166541	52.9638488
	8.1166631	52.9636969
	8.1168541	52.9634489
	8.1168421	52.9633079
	8.1162832	52.962701
	8.1162122	52.962545
	8.1162472	52.962259
	8.1163922	52.962133
	8.1167701	52.962079
	8.1170741	52.9619071
	8.117393	52.9618541
	8.117629	52.9618461
	8.117773	52.9617551
	8.117827	52.9615031
	8.1180299	52.9613661
	8.1181229	52.9611062
	8.1185349	52.9607552
	8.1194417	52.9596683
	8.1195777	52.9593364
	8.1197387	52.9592564
	8.1197307	52.9590194
	8.1195887	52.9587294
	8.1193138	52.9583675
	8.1193198	52.9582495
	8.1202416	52.9572686
	8.1202526	52.9570666
	8.1202966	52.9569366
	8.1208165	52.9564447
	8.1210785	52.9563307
	8.1213825	52.9561707
	8.1214854	52.9560897
	8.1218504	52.9551818
	8.1215954	52.9547699
	8.1216034	52.9546409
	8.1218044	52.9541939
	8.1219664	52.9541099
	8.1225663	52.953946
	8.1229902	52.95374
	8.1234512	52.953607
	8.1236281	52.953633
	8.1237161	52.953458
	8.1241381	52.953298
	8.124327	52.9530881
	8.124363	52.9527901
	8.1239961	52.9522712
	8.1237201	52.9519092
	8.1234752	52.9517032
	8.1232842	52.9515662
	8.1231962	52.9513863
	8.1226233	52.9492085
	8.1225696	52.9487461
	8.122557	52.9485899
	8.1226083	52.9484744
	8.1228382	52.9482607
	8.1230205	52.9480766
	8.1231779	52.9479597
	8.1232634	52.9476907
	8.1235058	52.9476846
	8.1235988	52.9472286
	8.1236935	52.9468296
	8.1236729	52.9464164
	8.1236841	52.9461718
	8.1237132	52.946013
	8.1237316	52.9458074
	8.1233769	52.945753
	8.1233752	52.9454619
	8.1233912	52.945153
	8.1234342	52.944726
	8.1234182	52.944657
	8.1232412	52.944654
	8.1231303	52.94452
	8.1231353	52.944413
	8.1233002	52.9442721
	8.1234422	52.9442031
	8.1236742	52.9439591
	8.1237822	52.9437571
	8.1237962	52.9434861
	8.1238072	52.9432952
	8.1235232	52.9430632
	8.1233212	52.9427842
	8.1232932	52.9425822
	8.1233012	52.9424413
	8.1236672	52.9422353
	8.1238092	52.9421623
	8.1235602	52.9416634
	8.1232623	52.9409494
	8.1231803	52.9406555
	8.1230033	52.9406525
	8.1227893	52.9405985
	8.1227553	52.9401375
	8.1227473	52.9399345
	8.1228193	52.9396676
	8.1230283	52.9394386
	8.1233113	52.9393206
	8.1235672	52.9393326
	8.1236872	52.9392976
	8.1238492	52.9392026
	8.1238982	52.9389927
	8.1240422	52.9388897
	8.1242821	52.9388207
	8.1245641	52.9387257
	8.124918	52.9383557
	8.124925	52.9382107
	8.12482	52.9379738
	8.1246551	52.9377568
	8.1247201	52.9376388
	8.124822	52.9375778
	8.124888	52.9374628
	8.124858	52.9372838
	8.124963	52.9371429
	8.125143	52.9371009
	8.125176	52.9368639
	8.125124	52.9367189
	8.12495	52.9366429
	8.124864	52.9364289
	8.12489	52.935941
	8.1248201	52.935762
	8.1247451	52.935712
	8.1244801	52.935506
	8.1240562	52.9353191
	8.1238402	52.9353151
	8.1237072	52.9352271
	8.1236202	52.9350101
	8.1230323	52.9345602
	8.1230793	52.9340712
	8.1231933	52.9338012
	8.1234393	52.9336143
	8.1236033	52.9334993
	8.1237462	52.9334083
	8.1237112	52.9333013
	8.1235593	52.9332133
	8.1234873	52.9330803
	8.1235123	52.9329733
	8.1237932	52.9324924
	8.1240142	52.9324354
	8.1240992	52.9323324
	8.1241052	52.9322254
	8.1238632	52.9319464
	8.1238492	52.9318515
	8.1232543	52.9315385
	8.1230663	52.9313785
	8.1223375	52.9313635
	8.1220365	52.9314665
	8.1217386	52.9315085
	8.1213906	52.9313825
	8.1213576	52.9312755
	8.1209287	52.9308026
	8.1208967	52.9306686
	8.1209867	52.9304476
	8.1212396	52.9301426
	8.1214016	52.9300737
	8.1215056	52.9299557
	8.1214576	52.9297647
	8.1216206	52.9292917
	8.1215576	52.9290168
	8.1216716	52.9286968
	8.1215776	52.9286358
	8.1214196	52.9286318
	8.1212476	52.9285478
	8.1212157	52.9284758
	8.1213356	52.9281509
	8.1215566	52.9280599
	8.1217446	52.9278609
	8.1219745	52.9275939
	8.1221985	52.9274799
	8.1224745	52.9274719
	8.1225664	52.9275829
	8.1229364	52.9276709
	8.1230944	52.9276749
	8.1234213	52.9277889
	8.1245831	52.9278119
	8.1248061	52.9276969
	8.1251351	52.927442
	8.125283	52.92724
	8.125485	52.927152
	8.125821	52.927144
	8.1258729	52.927266
	8.1261019	52.927423
	8.1263959	52.92743
	8.1265718	52.927446
	8.1267868	52.927472
	8.1267018	52.9275909
	8.1270218	52.9278579
	8.1273947	52.9278879
	8.1275217	52.9277359
	8.1280396	52.9276289
	8.1282446	52.927476
	8.1285895	52.927293
	8.1289285	52.927205
	8.1294204	52.927201
	8.1295354	52.927278
	8.1299973	52.927476
	8.1301093	52.927587
	8.1303003	52.9276969
	8.1309622	52.9278539
	8.1311711	52.9278309
	8.1314371	52.9277999
	8.13166	52.9276749
	8.131804	52.927549
	8.13185	52.92743
	8.1314271	52.927243
	8.1311971	52.927144
	8.1314021	52.926992
	8.131697	52.926984
	8.131839	52.926904
	8.131808	52.926763
	8.1316731	52.9267131
	8.1316191	52.9266021
	8.1316381	52.9262591
	8.131814	52.9262631
	8.131907	52.9263581
	8.132004	52.9264081
	8.132102	52.9264001
	8.1324299	52.9261791
	8.1329978	52.9262131
	8.1333698	52.9262821
	8.1335408	52.9263771
	8.1337767	52.9263851
	8.1342837	52.9261181
	8.1351525	52.9256942
	8.1355635	52.9253702
	8.1357234	52.9253632
	8.1362673	52.9254812
	8.1365963	52.9255802
	8.1370562	52.9258622
	8.1374072	52.9259192
	8.1376621	52.9259232
	8.1377421	52.9259002
	8.1378481	52.9257592
	8.138436	52.9257942
	8.138755	52.9257292
	8.1395668	52.9256522
	8.1396638	52.9256642
	8.1399758	52.9257292
	8.1402957	52.9256302
	8.1405417	52.9254542
	8.1408676	52.9256182
	8.1412616	52.9256262
	8.1416605	52.9255272
	8.1419325	52.9255912
	8.1421104	52.9255912
	8.1423174	52.9257632
	8.1424474	52.9259192
	8.1429293	52.9261331
	8.1431393	52.9262671
	8.1434512	52.9262971
	8.1437702	52.9262441
	8.1440122	52.9261181
	8.1440671	52.9258202
	8.1441911	52.9257292
	8.144898	52.9257442
	8.1454639	52.9258242
	8.1456059	52.9257552
	8.1456159	52.9255762
	8.1456229	52.9254242
	8.1458089	52.9252602
	8.1460898	52.9251953
	8.1466188	52.9252403
	8.1467187	52.9252063
	8.1468877	52.9249963
	8.1472167	52.9247413
	8.1473706	52.9244323
	8.1477556	52.9242264
	8.1479955	52.9241724
	8.1482295	52.9241994
	8.1485895	52.9244813
	8.1489004	52.9245583
	8.1489759	52.9245458
	8.1492923	52.9245883
	8.1496213	52.9246913
	8.1501732	52.9247023
	8.1504252	52.9247793
	8.1507951	52.9252143
	8.151205	52.9252823
	8.151633	52.9253622
	8.1521059	52.9253473
	8.1524069	52.9252793
	8.1525868	52.9252253
	8.1529188	52.9252673
	8.1536567	52.9254582
	8.1538656	52.9256072
	8.1541206	52.9256452
	8.1546535	52.9256102
	8.1547955	52.9255042
	8.1549515	52.9252213
	8.1552444	52.9248823
	8.1556244	52.9247483
	8.1562013	52.9246643
	8.1566717	52.924815
	8.1569412	52.9247983
	8.1572231	52.9246953
	8.1573691	52.9245424
	8.1576011	52.9238714
	8.157739	52.9234895
	8.1577381	52.9231345
	8.1571441	52.9224556
	8.1570382	52.9218607
	8.1570382	52.9210867
	8.1569282	52.9209528
	8.1566592	52.9208388
	8.1564213	52.9204798
	8.1564163	52.9202168
	8.1564243	52.9200489
	8.1565543	52.9198279
	8.1567192	52.9196749
	8.1570572	52.9196219
	8.1575401	52.9194539
	8.157972	52.919091
	8.158297	52.918504
	8.158347	52.9179771
	8.158357	52.9178781
	8.158367	52.9176531
	8.158161	52.9170882
	8.158209	52.9165543
	8.1576631	52.9157113
	8.1571722	52.9153344
	8.1570232	52.9151504
	8.1568812	52.9144945
	8.1566813	52.9141815
	8.1562873	52.9138156
	8.1560944	52.9133346
	8.1561814	52.9132086
	8.1565453	52.9130106
	8.1567073	52.9129307
	8.1567343	52.9127897
	8.1565933	52.9124997
	8.1567193	52.9123357
	8.1569232	52.9122097
	8.1571902	52.9119998
	8.1572372	52.9118468
	8.1571872	52.9116568
	8.1571812	52.9114278
	8.1575202	52.9109739
	8.1575072	52.9108399
	8.1572122	52.9104699
	8.1571142	52.9101
	8.1567333	52.909852
	8.1566423	52.909719
	8.1566923	52.909516
	8.1570792	52.9092611
	8.1568063	52.9088531
	8.1569113	52.9087231
	8.1569193	52.9085552
	8.1568853	52.9084602
	8.1571062	52.9083802
	8.1575762	52.9084252
	8.1577391	52.9083152
	8.1578431	52.9081852
	8.1576132	52.9080932
	8.1575132	52.9081282
	8.1572132	52.9081932
	8.1569993	52.9081282
	8.1566383	52.9071893
	8.1567479	52.9064859
	8.1565673	52.9062704
	8.1565793	52.9056975
	8.1569773	52.9052055
	8.1574197	52.9046837
	8.1580381	52.9045116
	8.1583991	52.9043856
	8.159009	52.9043706
	8.1599958	52.9039657
	8.1603578	52.9038557
	8.1611696	52.9037527
	8.1616366	52.9034737
	8.1624914	52.9029318
	8.1627694	52.9028908
	8.1631013	52.9029318
	8.1635313	52.9026198
	8.1636973	52.9024669
	8.1638032	52.9023259
	8.1640122	52.9016889
	8.1643022	52.901418
	8.165296	52.901258
	8.1659829	52.900926
	8.1665838	52.9007121
	8.1668078	52.9005631
	8.1670828	52.9002121
	8.1674287	52.8999911
	8.1682526	52.8996742
	8.1684765	52.8995332
	8.1686025	52.8993842
	8.1689475	52.8991752
	8.1692864	52.8990642
	8.1695284	52.8985873
	8.1697943	52.8984153
	8.1699423	52.8982023
	8.1701863	52.8980764
	8.1701503	52.8979924
	8.1704812	52.8976794
	8.1705866	52.897624
	8.1707132	52.8975574
	8.1707972	52.8975154
	8.1712391	52.8973704
	8.1715791	52.8972905
	8.171858	52.8972025
	8.172399	52.8970345
	8.1727189	52.8969435
	8.1730579	52.8968285
	8.1734998	52.8966725
	8.1736008	52.8966265
	8.1738827	52.8964895
	8.1739877	52.8964096
	8.1740127	52.8962906
	8.1741387	52.8961496
	8.1745876	52.8960166
	8.1749266	52.8959286
	8.1752835	52.8958746
	8.1755805	52.8958556
	8.1759294	52.8959476
	8.1762494	52.8958216
	8.1762764	52.8957146
	8.1762184	52.8953217
	8.1762124	52.8950697
	8.1762374	52.8949637
	8.1770133	52.8947767
	8.1778871	52.8946158
	8.1780311	52.8944978
	8.1782341	52.8943948
	8.17865	52.8943458
	8.1797028	52.8941508
	8.1823544	52.8936779
	8.1840032	52.8933989
	8.185123	52.8932009
	8.1875776	52.892766
	8.1895243	52.892411
	8.1896873	52.8923041
	8.1899623	52.8920641
	8.1901173	52.8919311
	8.1905112	52.8915301
	8.1913331	52.8907292
	8.192147	52.8899353
	8.1929308	52.8891684
	8.1937117	52.8884365
	8.1940928	52.888079
	8.1943586	52.8878296
	8.1953775	52.8871926
	8.1966693	52.8863837
	8.198721	52.8850989
	8.1995838	52.8845609
	8.2006547	52.883901
	8.2018195	52.8831871
	8.2023374	52.8826002
	8.2032093	52.8816193
	8.2039412	52.8807954
	8.2048271	52.8797925
	8.205507	52.8789986
	8.2059909	52.8784347
	8.2063048	52.8780487
	8.2065668	52.8777287
	8.2066908	52.8776137
	8.2069497	52.8775688
	8.2072817	52.8775798
	8.2079306	52.8775988
	8.2088355	52.8774198
	8.2090114	52.8773468
	8.2098483	52.8771448
	8.211952	52.8760839
	8.2125319	52.875791
	8.2135018	52.875379
	8.2165803	52.8740742
	8.2168572	52.8739592
	8.2178491	52.8735632
	8.218482	52.8733073
	8.218618	52.8732503
	8.2196708	52.8727843
	8.2201877	52.8725823
	8.2224374	52.8716974
	8.2234842	52.8712855
	8.2264448	52.8701756
	8.2266448	52.8701066
	8.2269497	52.8702436
	8.2271027	52.8703776
	8.2278156	52.8702476
	8.2284515	52.8701186
	8.2290384	52.8700457
	8.2301072	52.8698737
	8.231339	52.8696607
	8.2324669	52.8694657
	8.2328428	52.8694617
	8.2339196	52.8695417
	8.2349415	52.8695837
	8.2358543	52.8701827
	8.2372291	52.8711865
	8.238063	52.8717965
	8.2393338	52.8727004
	8.2402096	52.8732763
	8.2403246	52.8733453
	8.2416954	52.8738752
	8.2418474	52.8739822
	8.2419254	52.8739982
	8.2421204	52.8740362
	8.2429142	52.8740742
	8.2435001	52.8741462
	8.244364	52.8741692
	8.244465	52.8741392
	8.2445	52.8738303
	8.244543	52.8737573
	8.2451529	52.8737723
	8.2456598	52.8738303
	8.2462087	52.8738753
	8.2468626	52.8741842
	8.2469376	52.8741812
	8.2474055	52.8741922
	8.2482984	52.8741582
	8.2495222	52.8741042
	8.2504371	52.8740662
	8.25093	52.8740593
	8.2518479	52.8740323
	8.2527933	52.8739538
	8.2535193	52.8738358
	8.2538325	52.8738373
	8.2542455	52.8738333
	8.2548384	52.8738073
	8.2552893	52.8738303
	8.2557003	52.8738603
	8.2560996	52.8739106
	8.2566023	52.8739796
	8.2569501	52.8740623
	8.257268	52.8741447
	8.2577879	52.8741693
	8.2579829	52.8742003
	8.2587108	52.8742003
	8.2590637	52.8742912
	8.2594387	52.8742872
	8.2595907	52.8743832
	8.2596227	52.8745352
	8.2598686	52.8747192
	8.2600626	52.8747682
	8.2601896	52.8749742
	8.2604435	52.8751921
	8.2607728	52.8753582
	8.2612024	52.8756041
	8.2612954	52.8756881
	8.2613844	52.8758781
	8.2615933	52.8760161
	8.2621243	52.8760391
	8.2623342	52.876138
	8.2625072	52.876447
	8.2626572	52.876569
	8.2633761	52.876752
	8.263937	52.876939
	8.2641679	52.8770379
	8.2643039	52.8770609
	8.2648548	52.8770719
	8.2650558	52.876981
	8.2652198	52.876828
	8.2653138	52.876901
	8.2656167	52.8771559
	8.2658257	52.8773169
	8.2660216	52.8773199
	8.2663166	52.8773129
	8.2668635	52.8773929
	8.2673984	52.8773199
	8.2675004	52.8772629
	8.2675234	52.8771909
	8.2673144	52.8770689
	8.2673394	52.87695
	8.2675864	52.876706
	8.2677094	52.876638
	8.2681213	52.87663
	8.2682563	52.876695
	8.2687302	52.876679
	8.2691022	52.876721
	8.2696271	52.876802
	8.269998	52.876897
	8.27019	52.8768568
	8.2706465	52.8768338
	8.2713123	52.8768791
	8.2718238	52.876775
	8.2719427	52.876737
	8.2720277	52.876611
	8.2722897	52.876508
	8.2728996	52.876493
	8.2732525	52.876508
	8.2739204	52.876534
	8.2743104	52.876607
	8.2744803	52.876752
	8.2746133	52.87684
	8.2747103	52.876847
	8.2749333	52.876737
	8.2751662	52.876771
	8.2757102	52.876927
	8.2758121	52.8772479
	8.2760401	52.8773969
	8.2762111	52.8775189
	8.276924	52.8778159
	8.2772729	52.8778929
	8.2777558	52.8778809
	8.2779738	52.8778849
	8.2783647	52.8779039
	8.2785377	52.8779879
	8.2786337	52.8780489
	8.2788227	52.8781979
	8.2793806	52.8784458
	8.2795416	52.8783768
	8.2798255	52.8782129
	8.2798725	52.8780719
	8.2798635	52.8778469
	8.2800055	52.8777439
	8.2801865	52.8776639
	8.2807754	52.8777099
	8.2809783	52.8775799
	8.2811383	52.8775259
	8.2814323	52.8775649
	8.2815842	52.8776639
	8.2820223	52.8778031
	8.2823485	52.8778339
	8.2825588	52.877907
	8.2827438	52.8779611
	8.2828737	52.8779692
	8.283056	52.8779959
	8.2834573	52.8779252
	8.2838725	52.8779728
	8.2839449	52.8780394
	8.2842523	52.878133
	8.2844272	52.8781625
	8.2846488	52.8780719
	8.2848587	52.8777929
	8.2853187	52.8776449
	8.2858776	52.8774769
	8.2857476	52.87732
	8.2855346	52.877255
	8.2854617	52.877149
	8.2857096	52.876889
	8.2859086	52.876847
	8.2862755	52.877023
	8.2864715	52.877023
	8.2867335	52.876908
	8.2869774	52.87671
	8.2875133	52.876615
	8.2877733	52.8765651
	8.2882252	52.8765731
	8.2885792	52.8765501
	8.2890241	52.876679
	8.2893221	52.8766341
	8.289763	52.8764541
	8.2905869	52.8764431
	8.2910648	52.8764281
	8.2912228	52.8764091
	8.2913028	52.8763511
	8.2914217	52.8763511
	8.2917607	52.8765271
	8.2922076	52.876752
	8.2924216	52.87684
	8.2924696	52.877015
	8.2927795	52.877114
	8.2930464	52.8771046
	8.293282	52.8768597
	8.2936025	52.8767954
	8.2940376	52.8768338
	8.2941403	52.8766531
	8.2943664	52.8765939
	8.2945858	52.8766023
	8.2948102	52.8766411
	8.2951942	52.876836
	8.2954291	52.876843
	8.2956091	52.876786
	8.2956521	52.8767141
	8.2952172	52.8763203
	8.2952832	52.8761905
	8.2955203	52.876138
	8.2958513	52.8762814
	8.2959988	52.8764187
	8.2960921	52.8767784
	8.2963802	52.8769568
	8.2967031	52.8770112
	8.2969858	52.8769921
	8.2988966	52.8769468
	8.2992577	52.8769047
	8.2996208	52.8767234
	8.3005242	52.8763786
	8.3010708	52.8762377
	8.3015901	52.876263
	8.3019619	52.8763909
	8.302965	52.8767263
	8.3034741	52.8769756
	8.3049037	52.8773881
	8.3062164	52.8777636
	8.3064755	52.8776982
	8.3068034	52.877561
	8.3071583	52.877534
	8.3078002	52.877278
	8.3081242	52.877072
	8.3085491	52.8768551
	8.309168	52.8766911
	8.3097689	52.8768401
	8.3104598	52.87721
	8.3110607	52.877389
	8.3115736	52.877397
	8.3118656	52.8774
	8.3122565	52.877442
	8.3128274	52.877442
	8.3131794	52.877496
	8.3141022	52.877931
	8.3145802	52.8782169
	8.3148791	52.8782169
	8.3152921	52.8782239
	8.315779	52.8782319
	8.3160919	52.8782629
	8.3163979	52.878041
	8.3164949	52.878045
	8.3167138	52.878053
	8.3170298	52.878011
	8.3171528	52.877927
	8.3183106	52.87795
	8.3192894	52.8784649
	8.3205032	52.8789839
	8.3211081	52.8794448
	8.3210342	52.8797428
	8.3216131	52.8804067
	8.321937	52.8806387
	8.322264	52.8807647
	8.3227709	52.8808447
	8.3233628	52.8808187
	8.3237837	52.8806507
	8.3245766	52.8806507
	8.3251815	52.8806507
	8.3255914	52.8807227
	8.3257234	52.8807917
	8.3262333	52.8808607
	8.3264793	52.8810856
	8.3274562	52.8819785
	8.3277181	52.8822675
	8.328122	52.8824515
	8.3289799	52.8826225
	8.3291584	52.8828054
	8.3296793	52.8829971
	8.3301809	52.8831159
	8.3303225	52.8832143
	8.3302839	52.8833538
	8.3309476	52.8838243
	8.3322632	52.884365
	8.3327766	52.8843114
	8.3328826	52.8842271
	8.3329807	52.8838252
	8.3330932	52.8838295
	8.3330883	52.8830424
	8.3331773	52.8826645
	8.3333832	52.8818216
	8.3336872	52.8806872
	8.3340281	52.8802847
	8.3342801	52.8797658
	8.334976	52.8787889
	8.3356809	52.877873
	8.3366666	52.8768213
	8.3401937	52.8727167
	8.34151	52.8709304
	8.3433838	52.8684051
	8.3437267	52.8678902
	8.3441307	52.8671732
	8.3455465	52.8629277
	8.3467652	52.8608291
	8.3483259	52.8590062
	8.3492302	52.857836
	8.3507492	52.8560356
	8.3539233	52.8559092
	8.3557656	52.8525971
	8.3579883	52.8524573
	8.3626052	52.8522157
	8.3635652	52.8535058
	8.3643788	52.8538167
	8.3654806	52.8540507
	8.3660135	52.8541586
	8.3676368	52.8544246
	8.3678581	52.8544515
	8.3699158	52.8546077
	8.3719885	52.8548597
	8.3738049	52.8550983
	8.3751242	52.8553393
	8.3765628	52.8554167
	8.3770047	52.8554007
	8.3778492	52.8554313
	8.3793353	52.8552257
	8.3804242	52.8550307
	8.3810431	52.8548627
	8.381824	52.8545428
	8.3827668	52.8541188
	8.3837127	52.8536729
	8.3847525	52.852918
	8.3852055	52.852246
	8.3857284	52.8503502
	8.3869631	52.8501771
	8.3876246	52.8502216
	8.3881873	52.8503289
	8.3896089	52.850472
	8.3905567	52.8506091
	8.3931927	52.8502276
	8.3936665	52.850156
	8.3942548	52.8499253
	8.3951056	52.8497709
	8.3955816	52.849744
	8.3959234	52.8494814
	8.3958949	52.8493209
	8.3971712	52.8492671
	8.3976596	52.8493314
	8.3981625	52.8493054
	8.4001072	52.8493394
	8.401252	52.8492284
	8.4020359	52.8492674
	8.4033817	52.8495034
	8.4040046	52.8488135
	8.4053214	52.8487625
	8.4057581	52.8486795
	8.4063792	52.8484735
	8.4059323	52.8453575
	8.4059005	52.8440834
	8.4065388	52.8426452
	8.4068049	52.8417454
	8.4069659	52.8405076
	8.4056028	52.8394919
	8.4051025	52.8390326
	8.4041956	52.8382197
	8.4033278	52.8374417
	8.401989	52.8362399
	8.4010301	52.835378
	8.4002193	52.83466
	8.3995624	52.8341491
	8.3979076	52.8328672
	8.3971278	52.8322613
	8.3961549	52.8318604
	8.395895	52.8317534
	8.3951883	52.8315808
	8.3928614	52.8313157
	8.3929563	52.8308671
	8.3932544	52.8304755
	8.3934433	52.8299836
	8.3932174	52.8297896
	8.3937613	52.8286557
	8.3943832	52.8281378
	8.3949502	52.8276611
	8.3950223	52.8271657
	8.3952283	52.826694
	8.3954622	52.8263875
	8.3960091	52.82599
	8.3963996	52.8255043
	8.3977661	52.8255483
	8.3986136	52.8256406
	8.3999588	52.8259408
	8.4032559	52.825898
	8.4051476	52.825929
	8.4055845	52.8258901
	8.4065084	52.8257491
	8.4093639	52.8253141
	8.4115516	52.8249602
	8.4136693	52.8247692
	8.4138552	52.8247502
	8.4145511	52.8246662
	8.415126	52.8245672
	8.4168918	52.8246092
	8.4212301	52.8240513
	8.421801	52.8240513
	8.4233318	52.8240673
	8.4247766	52.8240553
	8.4255314	52.8240673
	8.4258374	52.8240743
	8.4272662	52.8241703
	8.428418	52.8243073
	8.4301477	52.8247312
	8.4325084	52.8253112
	8.4360618	52.8261881
	8.4370557	52.8255132
	8.4381175	52.8244713
	8.4382525	52.8244373
	8.4383991	52.8239279
	8.4385406	52.8236206
	8.438748	52.8232982
	8.4393327	52.8229859
	8.4396931	52.822911
	8.4398957	52.8228588
	8.4401522	52.8227815
	8.4404252	52.8226285
	8.4410931	52.8223695
	8.4415324	52.822219
	8.4421489	52.8220076
	8.4424469	52.8217246
	8.4430038	52.8215916
	8.4436067	52.8213277
	8.4442586	52.8212097
	8.4451974	52.8209047
	8.4460373	52.8209657
	8.4464113	52.8209577
	8.4469482	52.8208247
	8.448028	52.8208437
	8.4487949	52.8206068
	8.4493968	52.8203208
	8.4509156	52.8202028
	8.4523683	52.8202258
	8.4531802	52.8204778
	8.4541341	52.8204698
	8.454635	52.8206948
	8.4561928	52.8210187
	8.4567997	52.8210267
	8.4576775	52.8211867
	8.4578955	52.8211407
	8.4580025	52.8209657
	8.4582404	52.8208738
	8.4585564	52.8208438
	8.4588943	52.8207678
	8.4594403	52.8208358
	8.4597892	52.8209237
	8.4606361	52.8209128
	8.461254	52.8209088
	8.4616479	52.8209088
	8.4625088	52.8209808
	8.4628567	52.8211187
	8.4635086	52.8210227
	8.4644575	52.8213357
	8.4649674	52.8213437
	8.4656673	52.8214887
	8.4661014	52.8215604
	8.4664482	52.8216177
	8.4673711	52.8217317
	8.4676039	52.8217081
	8.467738	52.8217327
	8.4680991	52.8219359
	8.4681252	52.8218386
	8.4684988	52.8220299
	8.4692504	52.8222361
	8.4697957	52.8223579
	8.4701376	52.8226118
	8.4704165	52.8227382
	8.4705748	52.8228598
	8.4708913	52.8229927
	8.4711554	52.8230945
	8.4731812	52.8227531
	8.4719307	52.8212213
	8.4716029	52.8206195
	8.4713406	52.8197153
	8.4712546	52.8190074
	8.4717539	52.8174894
	8.4729288	52.8158678
	8.4735064	52.8147156
	8.4737541	52.8138052
	8.4736702	52.8128899
	8.473402	52.8121221
	8.4724541	52.8094527
	8.4716388	52.8083552
	8.4709096	52.807736
	8.4706154	52.8074367
	8.4703199	52.807001
	8.470144	52.8065805
	8.4700954	52.8059927
	8.4700898	52.8050109
	8.469992	52.8044871
	8.4697632	52.804096
	8.4694144	52.8037625
	8.4690274	52.8035259
	8.4681035	52.8031027
	8.4656079	52.8020805
	8.4654852	52.8020298
	8.4651594	52.8018769
	8.4640977	52.8014752
	8.4634381	52.8013484
	8.4628888	52.8013169
	8.4615537	52.8013721
	8.4610977	52.8013459
	8.4605333	52.8012988
	8.4598393	52.8011544
	8.4593612	52.8010053
	8.4590234	52.8008665
	8.4621948	52.7984876
	8.4630641	52.7990527
	8.4638038	52.7999083
	8.4660764	52.7988173
	8.4676731	52.7982493
	8.4702647	52.7980813
	8.4723804	52.7979824
	8.4770027	52.7977644
	8.4786519	52.7978916
	8.4787358	52.7979593
	8.4788491	52.7979242
	8.4803887	52.7980568
	8.4851278	52.7984026
	8.4866635	52.7986228
	8.4914835	52.7994595
	8.4918845	52.799579
	8.4996747	52.801835
	8.5036279	52.8029714
	8.5095062	52.8047379
	8.5094622	52.8052202
	8.5128396	52.8056879
	8.5127688	52.8059452
	8.5140203	52.8061009
	8.5143899	52.8050391
	8.5168565	52.8053349
	8.5162287	52.8081682
	8.5191432	52.8082668
	8.5190172	52.8089036
	8.520241	52.8088083
	8.5228549	52.8092937
	8.5229466	52.8097286
	8.5224364	52.8117668
	8.5225875	52.8117597
	8.522699	52.8117544
	8.526183	52.81145
	8.5314412	52.8119257
	8.531454	52.8119795
	8.5319917	52.8142419
	8.529779	52.8146226
	8.5302734	52.8158695
	8.5303074	52.8159605
	8.5304064	52.8161015
	8.5306543	52.8162465
	8.5309033	52.8163954
	8.5313712	52.8164684
	8.5333939	52.8164564
	8.5361465	52.8159795
	8.5362065	52.8164105
	8.5364454	52.8169794
	8.5369813	52.8172734
	8.5366779	52.8182414
	8.5391069	52.8185818
	8.5406014	52.8187147
	8.5467813	52.8192503
	8.5456882	52.8207316
	8.5461019	52.8208333
	8.5444692	52.8234837
	8.5439632	52.8233687
	8.5425144	52.8254975
	8.5429594	52.8256504
	8.5421175	52.8269433
	8.5403597	52.829617
	8.539329	52.8311321
	8.5432997	52.8310388
	8.5466628	52.8319097
	8.5474276	52.8319677
	8.5489044	52.8323377
	8.5494523	52.8323827
	8.5502082	52.8325967
	8.551205	52.8325047
	8.5551246	52.8333223
	8.5602296	52.8345996
	8.5710955	52.8371844
	8.5739329	52.8378745
	8.5772819	52.8386466
	8.57914	52.8392825
	8.5819103	52.839833
	8.5846788	52.8405889
	8.5852715	52.8407506
	8.5853041	52.8407595
	8.5854447	52.8407979
	8.5860616	52.8410808
	8.5864696	52.8411948
	8.5866476	52.8412126
	8.5870684	52.8412546
	8.5874836	52.8413434
	8.5883548	52.84158
	8.5889611	52.8417365
	8.5894453	52.8417788
	8.5899559	52.8417768
	8.5903306	52.841805
	8.5910206	52.8419596
	8.5916984	52.8421011
	8.5917757	52.8421184
	8.5920484	52.8421795
	8.5934649	52.8424752
	8.595133	52.8426223
	8.5952255	52.8426346
	8.5948472	52.8431506
	8.5974584	52.8434967
	8.5987173	52.8437152
	8.5990656	52.8438357
	8.5995461	52.8439959
	8.5997526	52.843995
	8.6015222	52.8444755
	8.601748	52.8445154
	8.6022536	52.8439618
	8.6024767	52.8439003
	8.6031868	52.8441329
	8.603657	52.8443674
	8.6050637	52.8448305
	8.6065134	52.8452764
	8.6068474	52.8453794
	8.614521	52.8473991
	8.6175927	52.8481381
	8.6204493	52.8488815
	8.622207	52.849339
	8.6232058	52.849568
	8.6244677	52.8501118
	8.6254032	52.8503593
	8.6276915	52.8508396
	8.6337844	52.8510087
	8.6316124	52.8547711
	8.6313774	52.8553485
	8.6281758	52.8569594
	8.6278116	52.8574536
	8.6277701	52.8578081
	8.6277042	52.8580022
	8.6276781	52.858079
	8.6277501	52.858273
	8.6278898	52.8584562
	8.6277061	52.8587508
	8.6287718	52.8589646
	8.6292376	52.8587611
	8.6302852	52.8583405
	8.6310583	52.8583396
	8.6398308	52.8609613
	8.64343	52.8615314
	8.6376096	52.8712151
	8.6377812	52.871523
	8.6379896	52.8716179
	8.6413411	52.8774066
	8.6403561	52.8777868
	8.6403483	52.8778813
	8.6403376	52.878011
	8.639667	52.8782543
	8.640248	52.8784815
	8.6395873	52.8841192
	8.6467729	52.8865781
	8.6432712	52.8939955
	8.6379448	52.8938978
	8.6378714	52.8948642
	8.6430033	52.8949257
	8.6424215	52.8959668
	8.6416386	52.8983015
	8.6422265	52.8983815
	8.6426505	52.8985565
	8.6431666	52.8990022
	8.6432874	52.8991065
	8.6452169	52.9007829
	8.6463429	52.9017612
	8.6466398	52.9020201
	8.6465647	52.9022198
	8.6464848	52.9024321
	8.6468468	52.9045688
	8.6477906	52.9045948
	8.6482775	52.9042559
	8.6485185	52.9041409
	8.6487745	52.9041449
	8.6491244	52.9042709
	8.6490714	52.9045918
	8.6494214	52.9046788
	8.6498533	52.9047098
	8.6503497	52.9043523
	8.6507918	52.9041019
	8.6513962	52.9040225
	8.6521043	52.9039617
	8.6501799	52.9023774
	8.6513561	52.9026381
	8.6532668	52.9021081
	8.6536364	52.9015633
	8.6539553	52.9012091
	8.6544566	52.9011013
	8.6549116	52.9008953
	8.6556324	52.9010743
	8.6555654	52.9012502
	8.6565583	52.9015052
	8.6557514	52.9019782
	8.6554665	52.9022261
	8.6554355	52.9024971
	8.6548313	52.902834
	8.6544616	52.903211
	8.6546811	52.9036768
	8.6537983	52.9037197
	8.6533685	52.9039695
	8.6529449	52.904384
	8.65242	52.9046831
	8.6518523	52.9047855
	8.651373	52.9048599
	8.6503612	52.9049763
	8.6502462	52.9048023
	8.6495903	52.9049078
	8.6492294	52.9050568
	8.6490214	52.9053048
	8.6489024	52.9056787
	8.6487715	52.9060867
	8.6482315	52.9067816
	8.6481805	52.9070746
	8.6474526	52.9075285
	8.6466378	52.9077305
	8.6464118	52.9079295
	8.6463428	52.9081774
	8.6464288	52.9089514
	8.6463718	52.9093793
	8.6461948	52.9098333
	8.6460089	52.9100692
	8.6457429	52.9103062
	8.6454969	52.9105272
	8.645196	52.9111261
	8.6446151	52.91187
	8.6468756	52.912519
	8.6518699	52.9139528
	8.651489	52.9146087
	8.651148	52.9151927
	8.6502182	52.9167375
	8.6535316	52.9179504
	8.6560592	52.9177484
	8.6577594	52.9176134
	8.6611225	52.9166995
	8.6636252	52.9168656
	8.6669494	52.9172455
	8.6670196	52.9173045
	8.6671281	52.9173117
	8.6668792	52.9191667
	8.6691647	52.9198495
	8.6703925	52.9183959
	8.6712582	52.9174735
	8.6726587	52.9156807
	8.6734866	52.9147538
	8.6718227	52.9142831
	8.6727817	52.9133706
	8.6743575	52.9136519
	8.6750055	52.9136232
	8.6763836	52.9135284
	8.6780525	52.9134621
	8.6777526	52.9144212
	8.6823826	52.9145914
	8.6813559	52.9159195
	8.6804201	52.9172006
	8.688548	52.9182235
	8.6886912	52.9148715
	8.6889347	52.9147295
	8.6891268	52.9146205
	8.6892373	52.9141754
	8.6906159	52.9139444
	8.6906766	52.9150006
	8.691007	52.9179991
	8.6908536	52.9180304
	8.6909684	52.9187482
	8.6912017	52.9189135
	8.6914367	52.9190018
	8.6916707	52.9190263
	8.691824	52.9190729
	8.6923765	52.9193595
	8.693068	52.9197081
	8.6935846	52.9199734
	8.6939011	52.9201758
	8.6939374	52.9204222
	8.6936855	52.9208376
	8.6934854	52.9214644
	8.6932499	52.9221219
	8.6930396	52.9227836
	8.6928196	52.9236187
	8.6927467	52.9238974
	8.6927617	52.9242008
	8.6931705	52.9245999
	8.6936464	52.9250077
	8.6937374	52.9251527
	8.6932774	52.9260986
	8.6930815	52.9265335
	8.6931085	52.9268195
	8.6925565	52.9268615
	8.6930535	52.9282123
	8.6931084	52.9285483
	8.6930844	52.9286393
	8.6930584	52.9287963
	8.6924335	52.9296772
	8.6928995	52.9298031
	8.6924395	52.9304511
	8.6921326	52.930745
	8.6917166	52.931046
	8.6913167	52.9315309
	8.6910957	52.9318019
	8.6906458	52.9317789
	8.68943	52.9340906
	8.6898859	52.9342926
	8.6898809	52.9344456
	8.6898859	52.9347926
	8.6899729	52.9350895
	8.6902348	52.9359144
	8.6902038	52.9361774
	8.6899919	52.9365324
	8.6895009	52.9364864
	8.689154	52.9370013
	8.6886331	52.9377752
	8.6883851	52.9381452
	8.6880961	52.9385731
	8.6876492	52.9389121
	8.6879292	52.9393091
	8.6860374	52.9411058
	8.6857975	52.9413348
	8.6856215	52.9413184
	8.6854195	52.9414228
	8.6853481	52.9416282
	8.6853385	52.9417808
	8.6857472	52.9423497
	8.6853305	52.9445925
	8.6858034	52.9446115
	8.6859034	52.9456343
	8.6859694	52.9463013
	8.6859724	52.9472172
	8.6858624	52.9474801
	8.6852025	52.948182
	8.6846766	52.9480681
	8.6839537	52.948762
	8.6835288	52.9491699
	8.6835028	52.9500398
	8.6834808	52.9508217
	8.6840297	52.9508407
	8.6840797	52.9515807
	8.6841146	52.9521186
	8.6840616	52.9534614
	8.6836487	52.9534544
	8.6837597	52.9548233
	8.6838716	52.9561781
	8.6844356	52.9568301
	8.684377	52.9577766
	8.6843733	52.9579301
	8.6847155	52.9596298
	8.6841396	52.9597407
	8.6851144	52.9623844
	8.6853304	52.9624746
	8.6857491	52.9634336
	8.6859119	52.9637843
	8.6866417	52.9644979
	8.6871095	52.9650018
	8.6874064	52.9652866
	8.6874842	52.9654662
	8.6883342	52.9667678
	8.687407	52.9670229
	8.6871861	52.966676
	8.6868861	52.966763
	8.6869401	52.9669089
	8.6856812	52.966974
	8.6853945	52.9678469
	8.6842636	52.9677806
	8.6843705	52.96814
	8.6842549	52.9681735
	8.6841322	52.9681521
	8.6820511	52.9682339
	8.6817079	52.96663
	8.6802741	52.9667339
	8.6808709	52.9680109
	8.6728209	52.9683206
	8.6716475	52.968372
	8.6669326	52.9685784
	8.6637504	52.9687405
	8.6622246	52.9688074
	8.6574745	52.9690722
	8.6571065	52.9676224
	8.6569627	52.9673828
	8.6564869	52.9650728
	8.6560212	52.963029
	8.6543327	52.9629581
	8.6539889	52.9647825
	8.6529555	52.9646708
	8.6516875	52.9670985
	8.6512679	52.9679971
	8.6495928	52.9700865
	8.648896	52.9710966
	8.6473406	52.9712482
	8.6430058	52.9772726
	8.648026	52.9802753
	8.6489079	52.9808593
	8.6432027	52.9871335
	8.6451914	52.9881524
	8.6458198	52.988459
	8.6468777	52.9892546
	8.6489065	52.9906903
	8.6461471	52.9918521
	8.6486458	52.9942138
	8.6490667	52.9940648
	8.6517043	52.9965335
	8.6513633	52.9967165
	8.653697	52.9988832
	8.6557696	53.000733
	8.6561306	53.0005851
	8.6568015	53.001523
	8.6563245	53.0016219
	8.6576453	53.0040217
	8.6581212	53.0039337
	8.659566	53.0066804
	8.65879	53.0067918
	8.6596872	53.008803
	8.658036	53.0090068
	8.657087	53.0091882
	8.6567951	53.0093637
	8.6558646	53.0088851
	8.6555006	53.0086182
	8.6535879	53.0081262
	8.6434425	53.0054715
	8.6405329	53.0080352
	8.640397	53.0079962
	8.640276	53.0080762
	8.640291	53.0082102
	8.6374244	53.0106749
	8.6361586	53.0116818
	8.6342429	53.0131546
	8.6322212	53.0147984
	8.6321232	53.0147634
	8.6319592	53.0149164
	8.6320572	53.0149504
	8.6319542	53.0150504
	8.6312553	53.0157133
	8.6274496	53.0187873
	8.626572	53.01817
	8.6258045	53.0176595
	8.6210309	53.0144014
	8.6208166	53.0143621
	8.6203019	53.0140062
	8.6175489	53.0120699
	8.6171959	53.0120106
	8.6171705	53.0119147
	8.6169915	53.0114947
	8.6167416	53.0113387
	8.616541	53.0112756
	8.6146689	53.0099919
	8.6146021	53.010015
	8.6125069	53.0086239
	8.6119071	53.0081991
	8.6120045	53.0081481
	8.6125911	53.0076867
	8.6127398	53.0075579
	8.613491	53.0069253
	8.613586	53.0068494
	8.613747	53.0067169
	8.614437	53.0061693
	8.6160426	53.0048283
	8.6165178	53.0044314
	8.616667	53.0043068
	8.6181904	53.0030344
	8.6184915	53.0027829
	8.6192186	53.0021756
	8.6193985	53.0020254
	8.6194382	53.0019922
	8.6202274	53.001333
	8.6210652	53.000655
	8.6217096	53.000086
	8.6184398	52.9985404
	8.6177751	52.998239
	8.6167657	52.9977813
	8.6164508	52.9976332
	8.6150293	52.9969646
	8.6143988	52.996668
	8.613932	52.9964484
	8.6131297	52.9960858
	8.6126863	52.9958625
	8.6124354	52.9957055
	8.6116485	52.9953499
	8.6111237	52.9951127
	8.6109139	52.9950179
	8.6103247	52.9947516
	8.6099582	52.9945859
	8.608451	52.9939047
	8.6068697	52.993179
	8.6065619	52.9929907
	8.6053864	52.9924988
	8.6053516	52.9924822
	8.6043569	52.9920257
	8.6038341	52.9917858
	8.6032707	52.9915272
	8.6027031	52.9912667
	8.601588	52.9907283
	8.6014701	52.9906719
	8.6014055	52.9906344
	8.6011941	52.9905115
	8.6000064	52.9899779
	8.5989755	52.9895221
	8.5984091	52.9892825
	8.5981106	52.9891562
	8.5979537	52.9891142
	8.5968763	52.9887129
	8.595586	52.9882323
	8.595629	52.9881483
	8.5953581	52.9880493
	8.5952741	52.9881333
	8.5937813	52.9875494
	8.5917796	52.9868784
	8.5917202	52.9868362
	8.5915975	52.9867419
	8.5915443	52.9867839
	8.5894337	52.9894374
	8.5884712	52.9906475
	8.5874713	52.9919288
	8.5870871	52.9924195
	8.5865282	52.9931333
	8.5849246	52.9951985
	8.5836528	52.9967733
	8.5834788	52.9962703
	8.5828889	52.9962133
	8.582531	52.9963003
	8.582422	52.9974682
	8.5818571	52.9977202
	8.5816201	52.9982041
	8.5811212	52.9983491
	8.5809632	52.9987991
	8.5806682	52.999223
	8.5802663	52.999383
	8.5806962	52.999486
	8.5804153	52.999601
	8.5792235	52.9997719
	8.5786556	53.0001689
	8.5789435	53.0008138
	8.5790795	53.0012938
	8.5790675	53.0015647
	8.5791795	53.0017217
	8.5797694	53.0026596
	8.5811069	53.0036421
	8.5812228	53.004229
	8.5826351	53.004791
	8.5825439	53.0050134
	8.5847996	53.0061812
	8.5862883	53.0064292
	8.5871082	53.0065962
	8.5878671	53.0068712
	8.5879141	53.0071571
	8.588625	53.0075621
	8.5888489	53.0078741
	8.5891359	53.008103
	8.5897948	53.008378
	8.5916265	53.0098008
	8.5921124	53.0099648
	8.5925113	53.0103498
	8.5928813	53.0104268
	8.5932302	53.0106248
	8.5932092	53.0110867
	8.5935232	53.0111167
	8.5938261	53.0114417
	8.5938551	53.0116576
	8.5942401	53.0116396
	8.5942501	53.0116396
	8.5942071	53.0117466
	8.5940911	53.0117086
	8.594157	53.0123137
	8.5942041	53.0127455
	8.594297	53.0128415
	8.5943	53.0137114
	8.5943632	53.0141361
	8.594376	53.0142224
	8.5939571	53.0143713
	8.594326	53.0149013
	8.594448	53.0148673
	8.5952589	53.0157212
	8.5959778	53.0164381
	8.5961537	53.0182929
	8.5977155	53.0200777
	8.5979994	53.0203597
	8.5980414	53.0207526
	8.5979154	53.0209356
	8.5988353	53.0220115
	8.5990712	53.0224924
	8.5994702	53.0228774
	8.600187	53.0241133
	8.6010066	53.0251916
	8.6008551	53.0253542
	8.6006011	53.0256381
	8.6003425	53.0260289
	8.6003128	53.0260812
	8.6019567	53.026593
	8.6026776	53.026757
	8.6031927	53.0271947
	8.6036301	53.0278191
	8.6041694	53.0283058
	8.6046353	53.0289777
	8.6048663	53.0291267
	8.6053122	53.0292977
	8.6078888	53.0308845
	8.6055042	53.0322044
	8.6049272	53.0318384
	8.6048823	53.0319794
	8.6019037	53.0323993
	8.6036014	53.0333412
	8.6032745	53.0335512
	8.6031436	53.0335399
	8.6030785	53.0335362
	8.6023746	53.0338332
	8.6006099	53.0326283
	8.600331	53.0327193
	8.5962346	53.0327003
	8.5959656	53.0327923
	8.5958546	53.0326243
	8.5908884	53.0342611
	8.5900355	53.035295
	8.5885837	53.0364508
	8.5873979	53.0364768
	8.586789	53.0363818
	8.586633	53.0363588
	8.5865281	53.0364998
	8.586907	53.0367898
	8.5864961	53.0367978
	8.5863521	53.0368508
	8.5843784	53.0372747
	8.5825877	53.0376027
	8.5815258	53.0397734
	8.5811529	53.0406843
	8.5815228	53.0412613
	8.5819167	53.0417072
	8.5822647	53.0418792
	8.5822367	53.0419432
	8.5823194	53.0420336
	8.5823667	53.0420882
	8.5837044	53.0426571
	8.5839544	53.0428131
	8.5844653	53.043321
	8.5850409	53.0436542
	8.5854672	53.043901
	8.5856391	53.044034
	8.5852012	53.044122
	8.5848803	53.0442359
	8.5849142	53.0443809
	8.5850492	53.0444309
	8.5850372	53.0446899
	8.5851522	53.0447739
	8.5853702	53.0447899
	8.5858291	53.0451328
	8.5859881	53.0451209
	8.5861411	53.0452318
	8.5861101	53.0454918
	8.586179	53.0456858
	8.5861141	53.0458268
	8.5870439	53.0462467
	8.5870529	53.0465057
	8.5867879	53.0467157
	8.5867779	53.0469177
	8.586342	53.0474256
	8.586349	53.0475323
	8.5856741	53.0478185
	8.5851942	53.0479175
	8.5850492	53.0480395
	8.5849721	53.0481031
	8.5849292	53.0481385
	8.5841833	53.0484745
	8.5833325	53.0489704
	8.5830325	53.0495233
	8.5830075	53.0500953
	8.5833668	53.0511473
	8.5853606	53.051657
	8.5857651	53.051642
	8.5871559	53.0516397
	8.5880317	53.0517812
	8.5889816	53.0517011
	8.5892275	53.0519271
	8.5893965	53.0521481
	8.5898054	53.0522741
	8.5897304	53.052613
	8.5897224	53.052793
	8.5904243	53.05301
	8.5915811	53.053239
	8.5915081	53.0558177
	8.5916381	53.0559966
	8.5917711	53.0560156
	8.5915741	53.0567949
	8.5914759	53.0574543
	8.5918368	53.0575177
	8.5947069	53.0582892
	8.5953267	53.0587889
	8.5954653	53.0593822
	8.5959026	53.0614339
	8.5973078	53.0627211
	8.5976141	53.0625469
	8.598667	53.0624099
	8.5990379	53.0624859
	8.5990269	53.062284
	8.6000218	53.0611921
	8.6003867	53.0609601
	8.6006507	53.0607961
	8.6008097	53.0607771
	8.6011056	53.0607921
	8.6017365	53.0608031
	8.6025074	53.0612311
	8.6031703	53.0610171
	8.6059529	53.0615241
	8.6045371	53.0631919
	8.6048665	53.0631884
	8.604851	53.0632434
	8.6048919	53.0632808
	8.6074575	53.0634702
	8.6074959	53.0633937
	8.6075917	53.0634342
	8.6091923	53.0648357
	8.6101382	53.0656936
	8.611312	53.0655186
	8.6124448	53.0653586
	8.6123915	53.0669047
	8.6123648	53.0676774
	8.6125228	53.0690852
	8.6128977	53.0691152
	8.6129737	53.0691042
	8.6138806	53.0691422
	8.6168461	53.0693062
	8.617724	53.0693562
	8.617459	53.0700311
	8.617337	53.0700881
	8.6169811	53.071012
	8.6169481	53.071103
	8.617178	53.071088
	8.6183099	53.0709612
	8.6204505	53.0707711
	8.6206795	53.071416
	8.6208365	53.071443
	8.6209475	53.071649
	8.6208445	53.07174
	8.6214024	53.0734988
	8.6216171	53.0734603
	8.6217653	53.0734338
	8.623909	53.0730598
	8.6258717	53.0729118
	8.6264266	53.0737887
	8.6268195	53.0745627
	8.6269205	53.0747616
	8.6298121	53.0750786
	8.6313268	53.0751736
	8.6325126	53.0751926
	8.6331045	53.0756275
	8.6342934	53.0765045
	8.6315468	53.0769974
	8.6322927	53.0780423
	8.6330464	53.0790759
	8.6307019	53.0792471
	8.6317677	53.080194
	8.6321267	53.080602
	8.6330045	53.0813419
	8.6337174	53.0817459
	8.6333135	53.0819788
	8.6318117	53.0828757
	8.6316877	53.0829477
	8.6316067	53.0829747
	8.6312768	53.0833447
	8.6281053	53.0845345
	8.6226181	53.0857554
	8.623214	53.0861593
	8.6246908	53.0876892
	8.6249667	53.0877082
	8.6250747	53.0879331
	8.6262875	53.089204
	8.6274233	53.0903869
	8.6273993	53.0904969
	8.6288941	53.0920497
	8.6289671	53.0921827
	8.6301599	53.0934265
	8.6311287	53.0943194
	8.6312287	53.0943004
	8.635505	53.0989929
	8.6336913	53.0996408
	8.6331334	53.0997668
	8.6311594	53.1007564
	8.6309953	53.100825
	8.629092	53.1014266
	8.6244417	53.1030974
	8.6235418	53.1032644
	8.6233768	53.1030394
	8.6183796	53.1047142
	8.6185606	53.1049282
	8.6179337	53.1051452
	8.6165049	53.1056491
	8.615612	53.107129
	8.615387	53.1077429
	8.6150511	53.1077629
	8.6148761	53.1081628
	8.6141682	53.1090327
	8.6144182	53.1092047
	8.6142122	53.1093687
	8.6139782	53.1092577
	8.6135673	53.1096427
	8.6129914	53.1101696
	8.6111497	53.1079149
	8.6099329	53.106565
	8.6065324	53.1079038
	8.6061535	53.1075639
	8.6058995	53.1074919
	8.6055826	53.1074839
	8.6034299	53.1081558
	8.6031649	53.1083038
	8.602671	53.1087617
	8.602435	53.1092307
	8.6022761	53.1096696
	8.6017941	53.1110315
	8.6014822	53.1118634
	8.6012572	53.1120384
	8.6010142	53.1121763
	8.6004953	53.1122983
	8.6005443	53.1125153
	8.5984826	53.1130652
	8.595667	53.1139381
	8.5954391	53.1137092
	8.5939523	53.1142661
	8.5936474	53.1144651
	8.5908748	53.115289
	8.5909688	53.1154489
	8.5923395	53.1171388
	8.5921576	53.1172188
	8.5936703	53.1188256
	8.5920786	53.1194965
	8.5908547	53.1199194
	8.589235	53.1203544
	8.5853346	53.1210983
	8.5834609	53.1214612
	8.5782557	53.1224571
	8.576029	53.1197444
	8.576275	53.1196104
	8.5741794	53.1170437
	8.5708959	53.1134811
	8.570057	53.114087
	8.5694811	53.114602
	8.5688152	53.1151359
	8.5684033	53.1155259
	8.5680263	53.1159948
	8.5686302	53.1161818
	8.5690781	53.1163568
	8.5694241	53.1166128
	8.5671944	53.1187295
	8.5667655	53.1186035
	8.5650458	53.1185995
	8.5646368	53.1184475
	8.5642679	53.1178596
	8.5642999	53.1175166
	8.5631341	53.1177686
	8.556716	53.1191074
	8.5533316	53.1197944
	8.5531306	53.1198663
	8.5475934	53.1210072
	8.5462656	53.1215071
	8.5430821	53.122384
	8.5428552	53.1221401
	8.536041	53.1244063
	8.5354941	53.1245798
	8.5351144	53.124653
	8.5297832	53.1256806
	8.5279844	53.1261036
	8.5268926	53.1263365
	8.524654	53.1269425
	8.5229742	53.1273054
	8.5205726	53.1277634
	8.5130167	53.1291822
	8.5127628	53.1286782
	8.5123079	53.1282553
	8.511517	53.1277783
	8.511329	53.1275724
	8.5096933	53.1283313
	8.5093093	53.1276144
	8.5093993	53.1274004
	8.5085025	53.1262295
	8.5060128	53.1265955
	8.4993239	53.1288652
	8.4958874	53.130048
	8.4949855	53.1289842
	8.5011576	53.1259315
	8.5010076	53.1257415
	8.5031263	53.1247987
	8.5045161	53.1242767
	8.5046041	53.1240857
	8.50541	53.1237538
	8.5066948	53.121549
	8.5064128	53.1212471
	8.5061219	53.1211291
	8.5059689	53.1210071
	8.5057629	53.1207481
	8.505062	53.1200722
	8.5047541	53.1189963
	8.5001528	53.1211901
	8.5000228	53.121274
	8.4945866	53.1238337
	8.4912511	53.1254096
	8.4880776	53.1269164
	8.4851821	53.1289151
	8.4802798	53.1323217
	8.4753555	53.1357244
	8.472147	53.1379791
	8.4681466	53.138482
	8.4687095	53.1391349
	8.4643762	53.1395999
	8.4626705	53.1396879
	8.4624445	53.1402788
	8.4625125	53.1405198
	8.4619446	53.1408207
	8.4614246	53.1405118
	8.4607138	53.1400618
	8.4606428	53.1398818
	8.4603538	53.1397109
	8.4598149	53.1394169
	8.459397	53.1390159
	8.459065	53.138486
	8.459006	53.138047
	8.4588671	53.138055
	8.4579212	53.1379561
	8.4577072	53.1378681
	8.4574403	53.1376511
	8.4568434	53.1373071
	8.4564334	53.1371811
	8.4558275	53.1370402
	8.4549127	53.1367392
	8.4541738	53.1364532
	8.4537479	53.1362312
	8.4525131	53.1355713
	8.4518202	53.1351524
	8.4509743	53.1345794
	8.4501924	53.1339615
	8.4492446	53.1330766
	8.4485557	53.1325776
	8.4480238	53.1321267
	8.4478068	53.1316847
	8.4474879	53.1317267
	8.4474579	53.1319397
	8.4462801	53.1321917
	8.4456212	53.1323137
	8.4449263	53.1323257
	8.4435385	53.1315667
	8.4429416	53.1311958
	8.4417208	53.1306998
	8.4391312	53.1297769
	8.4368735	53.129003
	8.4363056	53.128873
	8.4352848	53.12869
	8.4345579	53.128606
	8.433852	53.1284881
	8.4335411	53.1283501
	8.4332501	53.1281901
	8.4330631	53.1279611
	8.4327392	53.1277061
	8.4313934	53.1272902
	8.4300546	53.1271832
	8.4294887	53.1270302
	8.4288798	53.1269272
	8.4280549	53.1267752
	8.427585	53.1266912
	8.4265112	53.1263973
	8.4248534	53.1258823
	8.4243095	53.1256953
	8.4234406	53.1252414
	8.4230087	53.1251724
	8.4228307	53.1251694
	8.4225318	53.1252374
	8.4219062	53.1254451
	8.4187449	53.1247224
	8.4158227	53.1240398
	8.4130942	53.1233992
	8.4096408	53.1225647
	8.4016979	53.1206952
	8.4010494	53.1228398
	8.4003077	53.125754
	8.3991538	53.130392
	8.3982555	53.1336034
	8.3976036	53.1364831
	8.3972586	53.1379059
	8.3986094	53.1381999
	8.3983874	53.1403856
	8.3982944	53.1410915
	8.3981684	53.1416595
	8.3980735	53.1420034
	8.3978545	53.1424644
	8.3967057	53.1441202
	8.39442	53.1476608
	8.3931122	53.1497776
	8.3917976	53.1522105
	8.3902078	53.1550789
	8.3900411	53.1553494
	8.3894227	53.1557479
	8.3887018	53.1575447
	8.3885488	53.1578836
	8.3884668	53.1582306
	8.3876919	53.1611793
	8.387434	53.1620302
	8.3864601	53.1650248
	8.3863791	53.1658797
	8.3863551	53.1664017
	8.3864481	53.1673216
	8.3865261	53.1677865
	8.387119	53.1686294
	8.3885917	53.1701523
	8.3888427	53.1706632
	8.3887267	53.1706552
	8.3859881	53.1711671
	8.3840574	53.1717771
	8.3832405	53.171891
	8.3824337	53.1717961
	8.3817098	53.1716051
	8.3811929	53.1713761
	8.3810119	53.1712961
	8.380534	53.1709411
	8.3800151	53.1701942
	8.3796381	53.1693773
	8.3787443	53.1686374
	8.3770675	53.1672525
	8.3760307	53.1665926
	8.3749469	53.1660737
	8.3736211	53.1656237
	8.3723123	53.1652658
	8.3711555	53.1650668
	8.3699907	53.1649638
	8.3691598	53.1649488
	8.367914	53.1649528
	8.3626138	53.1652157
	8.3584854	53.1654407
	8.3543951	53.1656657
	8.3530463	53.1657157
	8.3522974	53.1656657
	8.3516895	53.1655247
	8.3508916	53.1652497
	8.3501137	53.1649487
	8.3492009	53.1646128
	8.3467843	53.1638199
	8.3439177	53.162938
	8.3406782	53.1619621
	8.3392944	53.1615121
	8.3385096	53.1613901
	8.3375037	53.1613131
	8.335363	53.1613701
	8.3327914	53.1613251
	8.3317746	53.1614731
	8.3306808	53.161977
	8.3295369	53.162313
	8.3284391	53.162484
	8.3272063	53.162557
	8.3263344	53.1625799
	8.3255416	53.1625869
	8.3244787	53.162484
	8.3238727	53.1624151
	8.3234779	53.16229
	8.322583	53.162011
	8.3213732	53.1612411
	8.3197695	53.1600242
	8.3193645	53.1594103
	8.3182467	53.1583874
	8.316388	53.1567736
	8.3155562	53.1559497
	8.3134905	53.1541039
	8.3123647	53.15286
	8.3122117	53.15278
	8.3117408	53.1524521
	8.3111619	53.1521811
	8.310443	53.1519061
	8.3089782	53.1510592
	8.3084633	53.1506932
	8.3068066	53.1501863
	8.3061467	53.1498733
	8.3064266	53.1496744
	8.3064866	53.1495834
	8.3059867	53.1492624
	8.3060547	53.1490874
	8.3059797	53.1490114
	8.3052808	53.1483355
	8.3054388	53.1467827
	8.3047483	53.1468049
	8.3047229	53.1468057
	8.3034911	53.1465347
	8.3033761	53.1464437
	8.3030702	53.1462297
	8.3028542	53.1461957
	8.3015884	53.1461727
	8.3011365	53.1461077
	8.3004346	53.1459018
	8.2999536	53.1456578
	8.2994957	53.1452838
	8.2992868	53.1449099
	8.2992008	53.1446469
	8.2992468	53.144136
	8.2993168	53.143911
	8.2995927	53.143548
	8.2996537	53.1431291
	8.2995767	53.1426901
	8.2993428	53.1422242
	8.2991778	53.1419462
	8.2991508	53.1416942
	8.2993318	53.1416032
	8.3008165	53.1398214
	8.2987869	53.1392755
	8.298085	53.1390585
	8.2974051	53.1387986
	8.2965982	53.1382916
	8.2963533	53.1380736
	8.2962321	53.1378807
	8.2960493	53.1375897
	8.2953298	53.1364955
	8.2951485	53.1362198
	8.2944906	53.1355299
	8.2931968	53.134492
	8.2928238	53.1342711
	8.2913201	53.1334471
	8.2902602	53.1324892
	8.2898273	53.1324323
	8.2895163	53.1323443
	8.2892434	53.1322453
	8.2892494	53.1321503
	8.2897373	53.1318603
	8.2893684	53.1317343
	8.2889454	53.1310974
	8.2889644	53.1309174
	8.2888085	53.1308564
	8.2888365	53.1306775
	8.2880716	53.1305475
	8.2879406	53.1304375
	8.2878156	53.1301585
	8.2879456	53.1298995
	8.2876327	53.1294686
	8.2879626	53.1291746
	8.2874987	53.1289756
	8.2877227	53.1288507
	8.2881136	53.1285487
	8.2879096	53.1282707
	8.2879766	53.1281287
	8.2881196	53.1280227
	8.2881246	53.1279308
	8.2875387	53.1271678
	8.2872227	53.1271528
	8.2869298	53.1271108
	8.2868758	53.1269659
	8.2869848	53.1268129
	8.2869308	53.1266949
	8.2872717	53.1265689
	8.2873347	53.126119
	8.2872167	53.126104
	8.2872989	53.125788
	8.2864539	53.1237572
	8.285665	53.1213275
	8.2861419	53.1212895
	8.2861879	53.1211715
	8.286038	53.1209915
	8.285777	53.1206526
	8.285959	53.1205836
	8.2861729	53.1206596
	8.2862939	53.1206146
	8.2862989	53.1205186
	8.2863859	53.1203666
	8.2864899	53.1202706
	8.2868898	53.1201836
	8.2870338	53.1200806
	8.2870758	53.1200076
	8.2865659	53.1195237
	8.2863299	53.1195077
	8.2863989	53.1193327
	8.2866769	53.1193017
	8.2868279	53.1190428
	8.2868139	53.1189358
	8.2867189	53.1188598
	8.2864439	53.1187828
	8.2863699	53.1187218
	8.2863789	53.1185198
	8.286209	53.1183518
	8.286059	53.1182188
	8.286065	53.1180779
	8.285934	53.1179289
	8.2853221	53.1177919
	8.2852351	53.1178409
	8.2850971	53.1178679
	8.2849691	53.1179439
	8.2849465	53.1179118
	8.2844932	53.117242
	8.2844412	53.117086
	8.2844462	53.116979
	8.2847502	53.116437
	8.2848402	53.1162351
	8.2848472	53.1161051
	8.2847722	53.1160101
	8.2836234	53.1144423
	8.2834154	53.1142823
	8.2833074	53.1140533
	8.2833194	53.1138433
	8.2832244	53.1137673
	8.2831895	53.1136604
	8.2823946	53.1121605
	8.2808728	53.1094218
	8.279869	53.10769
	8.279644	53.107461
	8.2795751	53.1072931
	8.2795076	53.1070379
	8.2794451	53.1069922
	8.2792261	53.1063202
	8.279217	53.1062934
	8.2791885	53.1062089
	8.2790202	53.1057102
	8.2788592	53.1053633
	8.2788343	53.1053442
	8.2783804	53.1051171
	8.2782711	53.1050393
	8.2781828	53.1049823
	8.2780307	53.1048522
	8.2780423	53.1044664
	8.2779503	53.1043484
	8.2782503	53.1038604
	8.2784493	53.1034485
	8.2784597	53.1034059
	8.2792701	53.1000719
	8.2797081	53.0982491
	8.2801091	53.0972816
	8.280139	53.0971382
	8.2769305	53.0965861
	8.2768186	53.0965663
	8.2718073	53.0963563
	8.2716004	53.0963373
	8.2707483	53.0960895
	8.2670621	53.0950174
	8.2664332	53.0947354
	8.2658933	53.0945145
	8.2657673	53.0944605
	8.2651564	53.0942085
	8.2642225	53.0938965
	8.2638646	53.0937435
	8.2634195	53.0936286
	8.2633097	53.0935946
	8.2620749	53.0933966
	8.2604491	53.0931146
	8.2599582	53.0930336
	8.2588444	53.0927786
	8.2585034	53.0926987
	8.2529223	53.0910848
	8.2509946	53.0905359
	8.2508406	53.0904939
	8.2441537	53.0885901
	8.2438648	53.0884333
	8.2436838	53.0884379
	8.2434819	53.0883843
	8.2428989	53.0882311
	8.2424499	53.0881131
	8.2364059	53.0865143
	8.2328094	53.0868772
	8.2306498	53.0858124
	8.2282012	53.0846495
	8.2273403	53.0840965
	8.2266214	53.0838216
	8.2245177	53.0832526
	8.2244357	53.0832376
	8.2243336	53.0832165
	8.2243255	53.0832148
	8.2238838	53.0831237
	8.2222932	53.0843519
	8.2202546	53.0862009
	8.219368	53.0860519
	8.219296	53.0860671
	8.21927	53.0860353
	8.2154381	53.0853894
	8.2148852	53.0861293
	8.2146752	53.0867432
	8.2143183	53.0871402
	8.2129695	53.0870492
	8.2084652	53.0866672
	8.2084562	53.0868082
	8.2077843	53.0867972
	8.2075663	53.0868272
	8.2063855	53.0874991
	8.2062575	53.0876481
	8.2062265	53.088674
	8.2061405	53.088777
	8.2056406	53.088887
	8.2046888	53.0893339
	8.2043712	53.0900911
	8.2015962	53.0908287
	8.2006898	53.0908801
	8.2006434	53.0908827
	8.1994036	53.0908097
	8.1991056	53.0908407
	8.1993586	53.0912987
	8.1988996	53.0917636
	8.1974409	53.0916916
	8.1972519	53.0915306
	8.1960071	53.0915076
	8.1958481	53.0915156
	8.1957961	53.0915916
	8.1958631	53.0918096
	8.1950642	53.0919846
	8.1946513	53.0918936
	8.1942514	53.0919926
	8.1946153	53.0925835
	8.1945863	53.0931525
	8.1942754	53.0938124
	8.1944053	53.0939834
	8.1945583	53.0940674
	8.1948123	53.0941323
	8.1949722	53.0941133
	8.1956251	53.0941133
	8.1959981	53.0941443
	8.1961041	53.0947663
	8.1960951	53.0949413
	8.1961034	53.0950662
	8.1957088	53.0953523
	8.1951963	53.0955837
	8.1948584	53.0957345
	8.1950712	53.0959013
	8.1949988	53.0959375
	8.1958222	53.0965688
	8.1965747	53.0973394
	8.1968939	53.097642
	8.1979847	53.0986988
	8.1984677	53.0989428
	8.1989676	53.0992028
	8.1996765	53.0996447
	8.2024133	53.1014433
	8.202942	53.1018495
	8.2030179	53.1019455
	8.2030849	53.1021475
	8.2030089	53.1024674
	8.2029779	53.1025594
	8.202889	53.1027004
	8.202838	53.1027804
	8.202839	53.1028984
	8.202767	53.1031583
	8.202642	53.1038523
	8.202821	53.1049511
	8.2031299	53.1072129
	8.2031299	53.1075948
	8.2030649	53.1088117
	8.2030949	53.1093836
	8.2032009	53.1096506
	8.2035118	53.1103375
	8.2048379	53.1121603
	8.2048931	53.1122354
	8.2045766	53.1123023
	8.2044097	53.1124513
	8.204059	53.1126885
	8.2039437	53.1126793
	8.2037248	53.1126763
	8.2033858	53.1127403
	8.202525	53.1129502
	8.202431	53.1128403
	8.2018281	53.1130302
	8.2013931	53.1133932
	8.2010072	53.1139801
	8.2010012	53.1140991
	8.2008202	53.1141221
	8.2007422	53.1141291
	8.2005762	53.1139121
	8.2003863	53.1137551
	8.1995834	53.1132172
	8.1988455	53.1129662
	8.196081	53.1130722
	8.195812	53.1130882
	8.1957573	53.1130774
	8.195731	53.1130722
	8.195662	53.1130572
	8.195513	53.1130532
	8.1952321	53.1130462
	8.1921096	53.1122483
	8.1909837	53.1122033
	8.1905543	53.1121803
	8.1882862	53.1121075
	8.1876243	53.1119783
	8.1861125	53.1117713
	8.1852136	53.1115654
	8.1807803	53.1104935
	8.1802834	53.1103715
	8.1776338	53.1096276
	8.176321	53.1093836
	8.1754192	53.1092196
	8.174036	53.109061
	8.1737884	53.1090326
	8.1706059	53.1089296
	8.1647218	53.1087926
	8.16381	53.1088226
	8.1608184	53.1087396
	8.1521458	53.1084116
	8.1436281	53.1081217
	8.1298771	53.1077203
	8.1294823	53.1077017
	8.1266077	53.1076557
	8.1256079	53.1074917
	8.1239682	53.1071407
	8.1215615	53.1066178
	8.118359	53.1059088
	8.1161094	53.1054169
	8.1150126	53.1052179
	8.1134828	53.1049969
	8.1129779	53.104799
	8.111963	53.104562
	8.1108532	53.104245
	8.1089225	53.1037651
	8.1048181	53.1028642
	8.1035733	53.1024942
	8.1015587	53.1017053
	8.0989201	53.1006594
	8.0955976	53.0993355
	8.0942048	53.0987716
	8.0907844	53.0973788
	8.0907588	53.0973686
	8.0816748	53.0937361
	8.080066	53.0930872
	8.0764076	53.0916154
	8.0758467	53.0913904
	8.0748289	53.0909814
	8.0734051	53.0904515
	8.0714495	53.0899684
	8.0715005	53.0897362
	8.0714281	53.089729
	8.0714697	53.0895437
	8.0712725	53.0895461
	8.0712081	53.0895445
	8.0711129	53.08953
	8.0712981	53.0894223
	8.0713455	53.085678
	8.0712756	53.0845813
	8.0712513	53.0837189
	8.07141	53.0830122
	8.0709408	53.0825954
	8.0681973	53.079778
	8.0665693	53.0781633
	8.0652346	53.0768285
	8.0628433	53.0744162
	8.0618189	53.0733626
	8.0588801	53.0704223
	8.0619234	53.0676011
	8.0510007	53.0635734
END
END
