2938912
1
	8.5598937	49.8430092
	8.5604595	49.8414397
	8.5614226	49.8387645
	8.5615892	49.8383018
	8.5617778	49.8377778
	8.5619017	49.8374356
	8.5626057	49.8354914
	8.5630711	49.8342062
	8.5632084	49.8337633
	8.5633114	49.8332983
	8.5633424	49.833126
	8.5633801	49.8329163
	8.563423	49.8325176
	8.5634414	49.8320355
	8.5634731	49.8307195
	8.5635116	49.8304864
	8.5636019	49.8302797
	8.5637256	49.8301322
	8.5638014	49.8300547
	8.563895	49.8299793
	8.564151	49.8298285
	8.5643017	49.8297641
	8.5644186	49.8297217
	8.5647533	49.8296442
	8.565131	49.8295889
	8.5660803	49.8295234
	8.5655414	49.8306873
	8.5667777	49.8310612
	8.5680126	49.8314462
	8.5680885	49.8314792
	8.5691284	49.8319311
	8.5699253	49.8320221
	8.5710151	49.8322361
	8.5722119	49.832709
	8.5725399	49.832843
	8.5742368	49.8332444
	8.5751222	49.8335261
	8.5757556	49.8337054
	8.5761644	49.8338609
	8.5763373	49.8338839
	8.578742	49.8342239
	8.5819125	49.8345859
	8.5826694	49.8346239
	8.5826814	49.8349708
	8.5840992	49.8352038
	8.5840962	49.8355048
	8.5896709	49.835828
	8.5903669	49.8359963
	8.5904656	49.8359592
	8.5901129	49.8370781
	8.5921229	49.8373369
	8.5936598	49.8374966
	8.5939428	49.8374816
	8.5951476	49.8375616
	8.5951276	49.8378205
	8.5967014	49.8379735
	8.5968114	49.8376266
	8.5979486	49.8376733
	8.5980052	49.8376756
	8.5981562	49.8366457
	8.5982962	49.8366227
	8.5989501	49.8367377
	8.5996799	49.8368477
	8.6001559	49.8369276
	8.6012727	49.8370196
	8.6021056	49.8369776
	8.6030235	49.8368827
	8.6034984	49.8368367
	8.6047365	49.8365639
	8.606516	49.8361078
	8.6090706	49.8354288
	8.6112813	49.8347959
	8.6113243	49.8346509
	8.6114693	49.834376
	8.6117412	49.833857
	8.6122702	49.8327581
	8.6127631	49.8319122
	8.613233	49.8308854
	8.613448	49.8304164
	8.6147058	49.8277387
	8.6148388	49.8275167
	8.6151648	49.8269678
	8.6164536	49.8245841
	8.6168993	49.8237946
	8.6171945	49.8230842
	8.6181814	49.8214294
	8.6182474	49.8212995
	8.6193242	49.8191707
	8.620841	49.816413
	8.621042	49.8159201
	8.6215839	49.8144404
	8.620995	49.8143302
	8.6207231	49.8141813
	8.6207881	49.8141083
	8.6210169	49.8137673
	8.6216698	49.8127876
	8.6217312	49.8126835
	8.6217924	49.8125933
	8.6218239	49.8124834
	8.6218539	49.8122775
	8.6220149	49.8120675
	8.6221799	49.8118545
	8.62229	49.81167
	8.6226308	49.8112666
	8.6227098	49.8112016
	8.6241486	49.8116865
	8.6246387	49.8113649
	8.6246895	49.8113316
	8.6248335	49.8112407
	8.6263823	49.8102367
	8.6265563	49.8101027
	8.6269122	49.8098318
	8.6270912	49.8096988
	8.6274531	49.8094238
	8.6276381	49.8092868
	8.628281	49.8088019
	8.628578	49.8085999
	8.6299868	49.807601
	8.6294839	49.8069291
	8.6292399	49.8066011
	8.6277401	49.8046973
	8.6296808	49.8044234
	8.6343042	49.8037635
	8.6346919	49.8037061
	8.6348241	49.8036865
	8.6348854	49.8036776
	8.6350886	49.8036481
	8.6363749	49.8034615
	8.6365219	49.8034385
	8.6398138	49.8029
	8.6394962	49.8023846
	8.6393465	49.802223
	8.6391856	49.802159
	8.6391553	49.8021223
	8.6400847	49.8018872
	8.6398731	49.8015872
	8.6399814	49.8015657
	8.6437788	49.8006538
	8.6446587	49.8003339
	8.6452506	49.8000669
	8.6457666	49.7997499
	8.6463845	49.799239
	8.6465644	49.799048
	8.6469614	49.7985061
	8.6471894	49.7980291
	8.6475443	49.7969883
	8.6479215	49.7958855
	8.6480453	49.7958704
	8.6482542	49.7958554
	8.650048	49.7957064
	8.6503719	49.7956794
	8.6508418	49.7967363
	8.6512248	49.7967093
	8.6516797	49.7966373
	8.6519007	49.7965573
	8.6526246	49.7963054
	8.6529565	49.7968123
	8.6531995	49.7971563
	8.6546053	49.7967673
	8.6547073	49.7967513
	8.6548023	49.7967403
	8.6551342	49.7973922
	8.6553122	49.7974232
	8.6561521	49.7973312
	8.6562661	49.7976332
	8.656482	49.7976402
	8.656682	49.7975982
	8.6571389	49.7980452
	8.6580528	49.7989341
	8.6576698	49.7990401
	8.6579758	49.799674
	8.6582718	49.8001659
	8.6586757	49.8007229
	8.6588797	49.8011618
	8.6587937	49.8013938
	8.6588677	49.8014588
	8.6597818	49.8022427
	8.6600605	49.8024817
	8.6608164	49.8028896
	8.6610173	49.8029736
	8.6618132	49.8031566
	8.6621262	49.8032516
	8.66345	49.8044845
	8.6647188	49.8050794
	8.6655267	49.8053884
	8.6678653	49.8063073
	8.6680663	49.8063873
	8.6688862	49.8067572
	8.6694131	49.8069942
	8.6707339	49.8062803
	8.6714278	49.8057124
	8.6735775	49.8052774
	8.6747743	49.8049914
	8.6750863	49.8049344
	8.6755012	49.8050144
	8.6764841	49.8054754
	8.676848	49.8063533
	8.677073	49.8068992
	8.677101	49.8071352
	8.677386	49.807267
	8.6780139	49.8070852
	8.6779626	49.807144
	8.677835	49.8071903
	8.6776476	49.8072972
	8.6775387	49.8074017
	8.6771164	49.8075807
	8.6770553	49.8077427
	8.67696	49.8079404
	8.676067	49.8081686
	8.6757995	49.8082234
	8.6755549	49.8084813
	8.6753823	49.808652
	8.6751624	49.8087454
	8.6749353	49.8087998
	8.6744168	49.8089029
	8.6743149	49.8090709
	8.6741706	49.8091836
	8.6738637	49.8094117
	8.6733526	49.8097859
	8.6733347	49.8101086
	8.67345	49.8102384
	8.6733132	49.8104894
	8.673112	49.8106456
	8.6730463	49.8108268
	8.6729904	49.8108377
	8.6728646	49.8108388
	8.6727193	49.8108649
	8.6725866	49.810925
	8.672396	49.811085
	8.6721985	49.8111076
	8.6721827	49.8111345
	8.6717989	49.8111539
	8.6715484	49.8112071
	8.6711539	49.8113617
	8.67081	49.8115433
	8.6707981	49.8115418
	8.6707863	49.8115403
	8.67073	49.8113967
	8.6704859	49.8114988
	8.6704344	49.8118722
	8.6698577	49.812151
	8.6697662	49.8121103
	8.6697514	49.8125155
	8.6695451	49.8127955
	8.6693971	49.8132735
	8.6693713	49.8132849
	8.668928	49.8134802
	8.6691919	49.8138799
	8.6692213	49.8139117
	8.6692614	49.8139541
	8.6695573	49.8140526
	8.6696107	49.8140864
	8.6698106	49.8142291
	8.6701499	49.8143494
	8.6703507	49.8143722
	8.6704871	49.8143655
	8.6706792	49.8142474
	8.6709062	49.8142298
	8.6714805	49.8139045
	8.6715239	49.8138951
	8.6718211	49.8138306
	8.6721375	49.8137777
	8.6724648	49.8138264
	8.6727529	49.8140772
	8.6728236	49.814125
	8.6730332	49.8143791
	8.673119	49.8145007
	8.6731953	49.8146621
	8.6731863	49.8146664
	8.6732566	49.81475
	8.6734896	49.8150118
	8.6735612	49.8150742
	8.6739252	49.8153683
	8.6742772	49.8156227
	8.6743067	49.8156454
	8.6744026	49.8157711
	8.6754545	49.8165196
	8.6763099	49.81729
	8.6766503	49.8176679
	8.6773331	49.8182903
	8.6777638	49.8185622
	8.6779936	49.818673
	8.6782175	49.818763
	8.6783736	49.8188154
	8.6785179	49.8188521
	8.6790906	49.8189256
	8.6795513	49.8189793
	8.6796927	49.8189988
	8.6799127	49.8190364
	8.6798622	49.8190839
	8.6793718	49.8196202
	8.6793776	49.8198728
	8.6793434	49.8203234
	8.6794706	49.8207964
	8.6794713	49.8210921
	8.679466	49.8211157
	8.6793776	49.8210577
	8.6791678	49.8209779
	8.6790691	49.8209538
	8.6789403	49.8209351
	8.6783235	49.8208742
	8.6778206	49.8207817
	8.6776368	49.8207583
	8.6775067	49.8207531
	8.6772908	49.8207496
	8.6766967	49.8207592
	8.6764111	49.8207799
	8.6761898	49.820805
	8.6759618	49.8208491
	8.6758263	49.8208889
	8.6757003	49.8209313
	8.6753771	49.8210585
	8.6746672	49.8213455
	8.674405	49.8214515
	8.6743873	49.8214575
	8.6740802	49.8215621
	8.6736328	49.8216406
	8.673411	49.8217239
	8.6728737	49.8220024
	8.6723136	49.8223295
	8.6722692	49.8225078
	8.6722389	49.8228297
	8.6722126	49.8231834
	8.6721908	49.82329
	8.6720761	49.8238666
	8.6720314	49.8248708
	8.6720843	49.8250951
	8.6722294	49.8251416
	8.6728215	49.8253312
	8.6735634	49.8256711
	8.6739033	49.8258731
	8.6744016	49.8262882
	8.6744766	49.8263466
	8.6742063	49.8273149
	8.6734384	49.8272879
	8.6730374	49.8276129
	8.6728472	49.8279662
	8.6729294	49.8282608
	8.6724968	49.8292712
	8.6724517	49.829733
	8.6735263	49.8301091
	8.6735317	49.8306143
	8.6739327	49.8307527
	8.6738725	49.831142
	8.673376	49.8310146
	8.6732973	49.8316673
	8.6732152	49.8322483
	8.6731815	49.8331414
	8.6727804	49.8334903
	8.6725625	49.8340442
	8.6725465	49.8341362
	8.6725325	49.8342122
	8.6725339	49.8343374
	8.6728669	49.8347172
	8.6733683	49.8354334
	8.6736554	49.8358795
	8.6738781	49.8360565
	8.675376	49.8367271
	8.67544	49.8367679
	8.6794354	49.8389646
	8.6806559	49.8396322
	8.6834388	49.8411544
	8.6837068	49.8412994
	8.6837758	49.8413374
	8.6881132	49.8436651
	8.6905658	49.845061
	8.6918196	49.844809
	8.6920284	49.8446879
	8.6924525	49.844989
	8.6929264	49.84529
	8.6930895	49.8453467
	8.6937856	49.8460172
	8.694871	49.8464773
	8.6954868	49.8470759
	8.6960486	49.847542
	8.696252	49.8476667
	8.6975018	49.8480707
	8.6996315	49.8489786
	8.7001164	49.8491156
	8.7018841	49.8497185
	8.702803	49.8501345
	8.7034499	49.8504624
	8.7044088	49.8509544
	8.7055216	49.8514963
	8.7061445	49.8520952
	8.7062655	49.8522822
	8.7062675	49.8533431
	8.7068264	49.854197
	8.7070703	49.854426
	8.7072703	49.854583
	8.7075003	49.854693
	8.709103	49.8553949
	8.7108418	49.8566687
	8.7119646	49.8573557
	8.7120446	49.8574317
	8.7124065	49.8583896
	8.7130415	49.8589165
	8.7138703	49.8592635
	8.7154171	49.8600604
	8.716228	49.8606633
	8.716373	49.8607703
	8.7171858	49.8613722
	8.7198285	49.8617922
	8.7207753	49.8619982
	8.7243938	49.8628071
	8.7265615	49.8630211
	8.7267125	49.8630511
	8.7269494	49.8630971
	8.7273914	49.8631851
	8.7280643	49.863391
	8.7284092	49.863547
	8.7289251	49.863829
	8.7293251	49.864142
	8.729539	49.864184
	8.729986	49.8642989
	8.7303189	49.8646569
	8.7305849	49.8653478
	8.7306899	49.8653968
	8.7308798	49.8654198
	8.7309914	49.865454
	8.7310826	49.8655199
	8.7310369	49.8656975
	8.7309401	49.865835
	8.7309218	49.8659198
	8.7308888	49.8668357
	8.7308518	49.8678805
	8.7308448	49.8680255
	8.7308178	49.8682585
	8.7305869	49.8685215
	8.7300799	49.8688194
	8.729451	49.8690054
	8.7288911	49.8692154
	8.7278462	49.8694214
	8.7275653	49.8696123
	8.727346	49.8697836
	8.7269494	49.8701123
	8.7268964	49.8702003
	8.7275953	49.8714851
	8.7284441	49.8719051
	8.7288891	49.8732589
	8.7289301	49.8735189
	8.7287366	49.8748793
	8.7284721	49.8751478
	8.7271953	49.8761077
	8.725931	49.8772216
	8.7264758	49.877544
	8.7270794	49.878307
	8.7273353	49.8787949
	8.7271596	49.8790479
	8.7268173	49.879347
	8.7266979	49.8796302
	8.7268242	49.8803158
	8.7267342	49.8804909
	8.7266196	49.8806116
	8.7264576	49.8809059
	8.7262816	49.8811579
	8.7259453	49.8816308
	8.7257962	49.8821176
	8.7257327	49.8822075
	8.7257469	49.8823378
	8.7263066	49.8834141
	8.7265726	49.8836243
	8.7274629	49.8840069
	8.7275511	49.8840501
	8.7279974	49.8843322
	8.7283407	49.8847746
	8.7288675	49.8852365
	8.7294779	49.8858475
	8.7305997	49.8867744
	8.7313936	49.8875373
	8.7325314	49.8880643
	8.7326324	49.8881633
	8.7329314	49.8883423
	8.7336583	49.8885332
	8.735749	49.8889492
	8.7371998	49.8896171
	8.7380196	49.8900361
	8.7382956	49.890402
	8.7389175	49.890448
	8.7394894	49.890525
	8.7392174	49.8912989
	8.7400723	49.8924018
	8.7402353	49.8926108
	8.7404513	49.8931187
	8.7405222	49.8933937
	8.7405632	49.8939656
	8.7404622	49.8948505
	8.7407262	49.8955755
	8.7408102	49.8958074
	8.7411861	49.8962504
	8.742145	49.8967993
	8.7441877	49.8983412
	8.7456325	49.8988561
	8.7470943	49.899642
	8.7478821	49.899985
	8.748894	49.900328
	8.7494909	49.9010879
	8.7493199	49.9019148
	8.7494839	49.9026437
	8.7497079	49.9031816
	8.7495119	49.9042305
	8.748798	49.9052834
	8.748759	49.9053904
	8.748381	49.9064243
	8.748167	49.9067602
	8.7477551	49.9070992
	8.7476421	49.9071832
	8.7475611	49.9072402
	8.7472468	49.907259
	8.7470274	49.9076725
	8.7471612	49.9078551
	8.7472622	49.9081261
	8.7476371	49.908724
	8.7476691	49.908969
	8.7476321	49.909125
	8.7475611	49.909228
	8.7475251	49.9093499
	8.7478441	49.9102508
	8.7478231	49.9104758
	8.7475551	49.9110777
	8.7472391	49.9112877
	8.7467612	49.9118377
	8.7464973	49.9120166
	8.7463923	49.9120586
	8.7460623	49.9120586
	8.7458523	49.9121116
	8.7457464	49.9121696
	8.7453244	49.9125926
	8.7451264	49.9129935
	8.7449695	49.9130615
	8.7447785	49.9130275
	8.7445515	49.9130575
	8.7441996	49.9133055
	8.7441646	49.9133825
	8.7442816	49.9136644
	8.7439276	49.9141224
	8.7437556	49.9142104
	8.7436476	49.9142974
	8.7434917	49.9143434
	8.7429497	49.9144314
	8.7427388	49.9144963
	8.7424548	49.9149653
	8.7420519	49.9152663
	8.7419279	49.9153123
	8.7415619	49.9152893
	8.741178	49.9153922
	8.7397742	49.9161362
	8.7394922	49.9164221
	8.7391233	49.9167121
	8.7390683	49.9168691
	8.7391693	49.91717
	8.7391503	49.917308
	8.7389573	49.917575
	8.7388333	49.917697
	8.7382574	49.9180019
	8.7381834	49.9180399
	8.7376165	49.9186199
	8.7375645	49.9188408
	8.7375945	49.9189558
	8.7379624	49.9190238
	8.7384294	49.9192648
	8.7390033	49.9192798
	8.7395062	49.9194288
	8.7402501	49.9195508
	8.741155	49.9196228
	8.741137	49.9199927
	8.7414279	49.9210156
	8.7415569	49.9213246
	8.7416889	49.9228234
	8.7413049	49.9229684
	8.7412102	49.9241477
	8.7411709	49.9248412
	8.7412059	49.9254251
	8.7423964	49.9254254
	8.7423079	49.9262343
	8.7421946	49.9266923
	8.7420672	49.9271343
	8.7419186	49.927492
	8.74165	49.927929
	8.741558	49.9280885
	8.7414306	49.9282753
	8.7413633	49.9283596
	8.7412289	49.9284918
	8.7410342	49.9286832
	8.7407475	49.9289383
	8.7400432	49.9294678
	8.7390084	49.9300969
	8.7383522	49.9304599
	8.736824	49.9312433
	8.7360599	49.9316062
	8.7357918	49.9317173
	8.7343684	49.9322964
	8.7341867	49.9323661
	8.7341464	49.9323851
	8.7341035	49.9324024
	8.7340204	49.9324335
	8.7339426	49.9324663
	8.7339024	49.9324835
	8.7338594	49.9324991
	8.7336073	49.9325889
	8.7329341	49.932853
	8.73183	49.9332313
	8.7317053	49.9330975
	8.7314733	49.9331588
	8.7321617	49.9346444
	8.7326023	49.9356779
	8.7334271	49.93762
	8.7337064	49.9381217
	8.7337298	49.9381603
	8.7337581	49.9382149
	8.7334039	49.9395585
	8.733355	49.9398635
	8.733246	49.9405314
	8.732995	49.9411153
	8.7324041	49.9420842
	8.7336779	49.9421602
	8.7349247	49.9422822
	8.7350377	49.9423472
	8.7353606	49.9428281
	8.7355106	49.9433541
	8.7354786	49.943774
	8.7354716	49.94403
	8.7354536	49.94419
	8.7353316	49.9452309
	8.7351136	49.9463907
	8.7350627	49.9465207
	8.7342868	49.9476076
	8.7340168	49.9480616
	8.7342288	49.9481495
	8.7344197	49.9482635
	8.7343387	49.9493814
	8.7343557	49.9496944
	8.7342777	49.9502053
	8.7332459	49.9510062
	8.732688	49.9514382
	8.732552	49.9515712
	8.732331	49.9521971
	8.7318191	49.952696
	8.7316731	49.95278
	8.7305713	49.952864
	8.7298054	49.95283
	8.7292135	49.953231
	8.7282436	49.9533599
	8.7277257	49.9535209
	8.7271508	49.9534669
	8.7265268	49.9537299
	8.7263599	49.9538029
	8.7262549	49.9538139
	8.7252766	49.9533482
	8.7249227	49.9534132
	8.7247207	49.9534582
	8.7246167	49.9534552
	8.7245977	49.9533742
	8.7244207	49.9533782
	8.7241658	49.9532942
	8.7240598	49.9530963
	8.7239058	49.9531423
	8.7238208	49.9531912
	8.7235749	49.9530693
	8.7235549	49.9529473
	8.7234009	49.9528103
	8.7233239	49.9527073
	8.7234619	49.9526573
	8.7233359	49.9525283
	8.7231549	49.9525243
	8.723027	49.9526153
	8.722731	49.9526153
	8.72266	49.9525053
	8.722526	49.9524133
	8.722662	49.9523603
	8.722813	49.9523903
	8.722869	49.9523413
	8.722851	49.9521124
	8.722597	49.9519674
	8.722507	49.9520014
	8.722447	49.9519514
	8.722463	49.9518484
	8.7223141	49.9517724
	8.7223041	49.9516774
	8.7221831	49.9516924
	8.7221931	49.9517844
	8.7220751	49.9518644
	8.7220701	49.9518634
	8.7220281	49.9518704
	8.7219691	49.9518814
	8.7219151	49.9518334
	8.7218401	49.9519174
	8.7220411	49.9519444
	8.7220591	49.9520624
	8.7219211	49.9520624
	8.7217541	49.9521614
	8.7215582	49.9521844
	8.7215992	49.9522873
	8.7214472	49.9524323
	8.7211462	49.9522263
	8.7210732	49.9522493
	8.7209802	49.9524403
	8.7206623	49.9525313
	8.7205113	49.9523833
	8.7202374	49.9525053
	8.7201004	49.9525433
	8.7197004	49.9525543
	8.7191085	49.9525773
	8.7180297	49.9524933
	8.7152561	49.9510405
	8.7150651	49.9509635
	8.7148401	49.9511435
	8.7145102	49.9511355
	8.7137263	49.9509145
	8.7136034	49.950901
	8.7133434	49.9508725
	8.7131014	49.9509715
	8.7128604	49.9509445
	8.7127365	49.9509295
	8.7119206	49.9510325
	8.7113826	49.9512724
	8.7108427	49.9511164
	8.7108067	49.9509485
	8.7094289	49.9504605
	8.709272	49.9505285
	8.7084031	49.9502615
	8.7076352	49.9500326
	8.7075142	49.9501665
	8.7071483	49.9503035
	8.7068193	49.9502845
	8.7065783	49.9501935
	8.7063314	49.9499036
	8.7060864	49.9497126
	8.7052185	49.9498536
	8.7043367	49.9502845
	8.7039958	49.9502814
	8.7037033	49.9501951
	8.7027084	49.9498822
	8.7020145	49.9499741
	8.7016706	49.9502331
	8.7012716	49.9503131
	8.7012036	49.9504391
	8.7007847	49.9502371
	8.7006957	49.9500581
	8.7005037	49.9500271
	8.6999668	49.9501191
	8.6995819	49.9499281
	8.6996149	49.9496382
	8.6995949	49.9493562
	8.6994009	49.9492222
	8.698516	49.9494512
	8.6980301	49.9494202
	8.6973012	49.9495922
	8.6959964	49.9493712
	8.6957684	49.9492492
	8.6952975	49.9493062
	8.6950745	49.9493332
	8.6946026	49.9491342
	8.6940817	49.9490242
	8.6936087	49.9486653
	8.6934318	49.9484293
	8.6930998	49.9483333
	8.6921	49.9481773
	8.692071	49.9483063
	8.6902242	49.9483413
	8.6901102	49.9483033
	8.6900582	49.9484743
	8.6898763	49.9483753
	8.6898123	49.9485433
	8.6894283	49.9485963
	8.6890334	49.9488252
	8.6887304	49.9486613
	8.6885115	49.9487532
	8.6882235	49.9487642
	8.6875506	49.9484063
	8.6875596	49.9483183
	8.6871917	49.9483483
	8.6869907	49.9483983
	8.6866717	49.9483333
	8.6864768	49.9484783
	8.6862678	49.9485283
	8.6861018	49.9484703
	8.6859448	49.9484743
	8.6857219	49.9484783
	8.6856769	49.9485623
	8.6854389	49.9485963
	8.6853359	49.9485433
	8.685126	49.9486542
	8.6852039	49.9487222
	8.6853149	49.9488102
	8.685132	49.9488182
	8.685032	49.9491082
	8.684895	49.9490242
	8.684772	49.9490962
	8.68489	49.9492982
	8.684854	49.9494322
	8.684669	49.9497681
	8.6840911	49.9499091
	8.6839941	49.9498941
	8.6838791	49.9499891
	8.6834792	49.9499851
	8.6832912	49.9499391
	8.6832002	49.9499551
	8.6831112	49.9498591
	8.6829673	49.9498021
	8.6827823	49.9499811
	8.6825663	49.9499361
	8.6821274	49.9501221
	8.6814905	49.9502181
	8.677958	49.950783
	8.6771891	49.950855
	8.677194	49.9511047
	8.6734536	49.9515489
	8.6725188	49.9517969
	8.6722918	49.9517947
	8.6717488	49.9510128
	8.6712836	49.9503793
	8.670526	49.9493702
	8.6699292	49.9485408
	8.6692938	49.9476463
	8.6684812	49.9464491
	8.6655766	49.9459323
	8.6646576	49.9457685
	8.663485	49.9455856
	8.6622276	49.9453606
	8.6618102	49.9452887
	8.6575189	49.9445257
	8.6551982	49.9441506
	8.6551614	49.9444736
	8.6534755	49.9445846
	8.6513513	49.9443749
	8.6514219	49.9452855
	8.6511127	49.945313
	8.650324	49.9453842
	8.6497269	49.9453283
	8.6496511	49.9453299
	8.649543	49.9452664
	8.6464301	49.944312
	8.6461428	49.9442736
	8.6459815	49.9441897
	8.6453153	49.9440568
	8.645146	49.9445717
	8.6450906	49.9445643
	8.6413602	49.9440907
	8.6411332	49.9440217
	8.6409933	49.9439337
	8.6409747	49.9439238
	8.6409417	49.9438783
	8.6408462	49.9437463
	8.6406951	49.9435378
	8.6406227	49.9434378
	8.6402828	49.9434769
	8.6394876	49.9435208
	8.6395145	49.9435653
	8.6332066	49.9445665
	8.6330879	49.9442979
	8.6330408	49.9441913
	8.6328984	49.9439106
	8.632879	49.9438539
	8.6328709	49.9438292
	8.6327146	49.9438341
	8.6318897	49.9436362
	8.6315062	49.943574
	8.6313577	49.9435608
	8.6311386	49.9435389
	8.6307789	49.9435592
	8.6305699	49.9436142
	8.6303829	49.9437022
	8.6291212	49.9442109
	8.6287556	49.9423662
	8.6270573	49.9422167
	8.6270768	49.9421224
	8.6271199	49.941914
	8.6271274	49.9417905
	8.6271383	49.9416095
	8.6271471	49.939261
	8.6272538	49.9387218
	8.6286756	49.9388998
	8.629023	49.9389753
	8.6311597	49.9392532
	8.6316047	49.9371665
	8.6320818	49.937089
	8.6320497	49.9368284
	8.6319723	49.9362909
	8.6319166	49.9360499
	8.6317997	49.9357883
	8.6315921	49.9354761
	8.631456	49.935298
	8.6313121	49.9351501
	8.6310683	49.9349521
	8.6309071	49.9348317
	8.6305171	49.934595
	8.6302265	49.9344218
	8.629962	49.9342476
	8.6298091	49.9341217
	8.6296083	49.9339455
	8.6295881	49.9339243
	8.6295082	49.9338161
	8.6294133	49.9336852
	8.6293264	49.9335112
	8.6292596	49.9333385
	8.6292106	49.9331277
	8.6291808	49.9329145
	8.6291451	49.9325942
	8.6290803	49.932593
	8.6290384	49.9325916
	8.6282054	49.9325794
	8.6270078	49.9325503
	8.6268191	49.9325489
	8.6264267	49.9325383
	8.6238373	49.9325046
	8.6238197	49.9324932
	8.6237457	49.9312663
	8.6236924	49.9306342
	8.6236885	49.9305884
	8.6241434	49.930577
	8.6240847	49.9293332
	8.6240094	49.9280741
	8.624424	49.927543
	8.6244173	49.9274509
	8.6240908	49.9261869
	8.6255259	49.925797
	8.6272412	49.9252973
	8.6266299	49.9239819
	8.626291	49.9232591
	8.6257969	49.9211419
	8.625502	49.9198454
	8.6254802	49.9197898
	8.625128	49.9181193
	8.6251795	49.917899
	8.6253842	49.9174282
	8.6254914	49.9167535
	8.62163	49.9161636
	8.6208371	49.9160482
	8.6189063	49.915794
	8.618898	49.9134973
	8.6188977	49.9134241
	8.6188957	49.9132911
	8.6189077	49.9131151
	8.6189427	49.9124022
	8.6204414	49.9127262
	8.6224432	49.9131112
	8.6223202	49.9136871
	8.6239929	49.9140421
	8.6242299	49.9140921
	8.6243849	49.914126
	8.6245528	49.9136491
	8.6250718	49.9137871
	8.6253087	49.9119253
	8.6260476	49.9111434
	8.6276954	49.9106814
	8.6279934	49.9108644
	8.6280794	49.9109254
	8.630434	49.9102545
	8.630561	49.9102195
	8.6300001	49.9090526
	8.6295992	49.9082167
	8.6295662	49.9081527
	8.6293872	49.9079348
	8.6292222	49.9077368
	8.6281584	49.9065769
	8.6280124	49.9063059
	8.6279984	49.905982
	8.6276475	49.9045281
	8.6271555	49.9032693
	8.6271075	49.9028083
	8.6271985	49.9024684
	8.6275805	49.9022354
	8.6284844	49.9018504
	8.6287493	49.9017814
	8.6302381	49.9015725
	8.6304591	49.9014765
	8.63119	49.9010305
	8.6318159	49.9004046
	8.6320649	49.8999697
	8.6322468	49.8996457
	8.6324048	49.8995087
	8.6332147	49.8993597
	8.6333917	49.8990768
	8.6336196	49.8988868
	8.6342225	49.8987988
	8.6346875	49.8986388
	8.6349484	49.8981269
	8.6341081	49.8974405
	8.6338016	49.897177
	8.6336057	49.896979
	8.6335247	49.896899
	8.6329228	49.8960861
	8.6324298	49.8959601
	8.631087	49.8954192
	8.631017	49.8954152
	8.630935	49.8953842
	8.6306791	49.8952852
	8.6304591	49.8952052
	8.6282194	49.8947092
	8.6279875	49.8946562
	8.6252439	49.8940033
	8.6251659	49.8939613
	8.6247459	49.8943093
	8.6243997	49.8946092
	8.624267	49.8947242
	8.624124	49.8948312
	8.6239951	49.8948882
	8.6239381	49.8948432
	8.6238551	49.8947822
	8.6238151	49.8945372
	8.6237241	49.8939123
	8.6235671	49.8934774
	8.6232902	49.8930304
	8.6230622	49.8927564
	8.6225273	49.8922755
	8.6219034	49.8918755
	8.6211465	49.8915586
	8.616819	49.8898722
	8.6167511	49.8898458
	8.6165502	49.8897658
	8.6167541	49.8896588
	8.6193424	49.8883558
	8.6194546	49.8883373
	8.6194569	49.8882982
	8.617089	49.8880233
	8.6168351	49.887987
	8.6167955	49.8880054
	8.6167629	49.8879767
	8.6170325	49.8870251
	8.6167731	49.8869731
	8.6096552	49.8858782
	8.6093252	49.8857672
	8.6060797	49.8845853
	8.6046179	49.8828345
	8.6032971	49.8828645
	8.6030961	49.8828765
	8.6028832	49.8828725
	8.6026902	49.8828915
	8.6026022	49.8828955
	8.6016284	49.8774361
	8.6015894	49.8772191
	8.6015764	49.8770821
	8.6015534	49.8768792
	8.6011755	49.8748504
	8.6006356	49.8730576
	8.6004236	49.8721877
	8.6003786	49.8718327
	8.6001936	49.8707259
	8.6001777	49.8706429
	8.6001547	49.8705509
	8.5999867	49.8697
	8.5999057	49.869338
	8.5998027	49.8686821
	8.5996927	49.8681131
	8.5991428	49.8658894
	8.5991118	49.8657824
	8.5990818	49.8656834
	8.5990548	49.8655954
	8.5990726	49.8654716
	8.597261	49.865247
	8.5975076	49.865024
	8.5976129	49.8645884
	8.5976189	49.8642372
	8.5976479	49.8635882
	8.5977628	49.8634093
	8.5978918	49.8632873
	8.5982118	49.8631083
	8.5983408	49.8629553
	8.5983478	49.8626544
	8.5982048	49.8619634
	8.5981808	49.8618494
	8.5981148	49.8616625
	8.5980238	49.8613955
	8.5980638	49.861159
	8.5980555	49.8604667
	8.5946253	49.8602586
	8.5946423	49.8601366
	8.5866129	49.8590397
	8.5872049	49.8577255
	8.5850543	49.8573977
	8.5851538	49.8569315
	8.5821523	49.8564992
	8.5823711	49.8558514
	8.5827448	49.8545278
	8.5816892	49.8543847
	8.5817926	49.854088
	8.5817355	49.8540802
	8.580897	49.853966
	8.5799986	49.8538642
	8.5758328	49.8534041
	8.5693289	49.8527296
	8.5703754	49.8492952
	8.5665607	49.8509673
	8.5623145	49.8505176
	8.5623634	49.850152
	8.5616851	49.8500732
	8.5618671	49.8497457
	8.5622365	49.8491181
	8.5624539	49.8486944
	8.5626594	49.8482524
	8.5627491	49.8481034
	8.5628698	49.8479858
	8.5630894	49.8477919
	8.5633499	49.8475655
	8.5637495	49.8471798
	8.5643386	49.8465433
	8.5650624	49.8458462
	8.5653621	49.8455666
	8.5658086	49.8451895
	8.5672879	49.8439282
	8.5682445	49.8431649
	8.5655656	49.8430869
	8.5627592	49.8430621
	8.5598937	49.8430092
END
END
