2778058
1
	15.3497141	47.1047452
	15.3497271	47.1044731
	15.3501531	47.103956
	15.3508769	47.1034192
	15.3514294	47.1029525
	15.3518254	47.1026681
	15.3524218	47.102221
	15.3519184	47.1018335
	15.3514838	47.1015239
	15.3509293	47.1012942
	15.3508277	47.1012036
	15.3515947	47.1009424
	15.3517833	47.1009269
	15.3519308	47.1009129
	15.3521244	47.1008618
	15.352388	47.1008154
	15.3528876	47.1007565
	15.3532161	47.1007701
	15.3534885	47.1008657
	15.3536577	47.1009987
	15.3540879	47.1013357
	15.3543773	47.101467
	15.3545072	47.1014972
	15.3549114	47.1015176
	15.3553068	47.1015439
	15.3558265	47.1016779
	15.3561529	47.1017678
	15.356896	47.1020745
	15.3570599	47.1021615
	15.3574796	47.1022834
	15.3577508	47.1023618
	15.358077	47.1024338
	15.3581606	47.1024535
	15.3585073	47.1023127
	15.3586994	47.102202
	15.3588663	47.1019784
	15.3589792	47.1018947
	15.3590727	47.1018373
	15.3593742	47.1016516
	15.3597645	47.1015214
	15.3602489	47.1014622
	15.3602071	47.1010171
	15.3604032	47.1005138
	15.3607418	47.1002804
	15.3611792	47.1000834
	15.361686	47.099888
	15.3620722	47.0999022
	15.3629179	47.0999451
	15.3633265	47.0996829
	15.3634571	47.0995627
	15.3637683	47.0992796
	15.3638872	47.0990111
	15.3639958	47.0988031
	15.3640574	47.0987014
	15.3640947	47.0985469
	15.3641121	47.0984322
	15.3640348	47.0982603
	15.3640318	47.098093
	15.3641763	47.0979246
	15.3644515	47.0975742
	15.3645157	47.0973349
	15.3645635	47.0972489
	15.3645934	47.0972232
	15.3645956	47.0971508
	15.3646663	47.0968739
	15.3647449	47.0967933
	15.3647631	47.0967498
	15.3648942	47.0966239
	15.3649276	47.0965019
	15.3649689	47.0964227
	15.3650335	47.096363
	15.3650632	47.0963006
	15.3655418	47.0955451
	15.3656351	47.0954397
	15.3658252	47.095346
	15.3659238	47.0952695
	15.3661021	47.0950591
	15.3661638	47.0949471
	15.3661638	47.0948599
	15.3661942	47.0947618
	15.3662111	47.0947337
	15.3661844	47.0946912
	15.3661525	47.0946648
	15.3661317	47.094586
	15.3660887	47.0945186
	15.3659615	47.0944279
	15.3659316	47.0943659
	15.3659641	47.0943277
	15.3660067	47.0942539
	15.3659116	47.0942045
	15.3658274	47.0940553
	15.3657276	47.0938937
	15.3653738	47.0935464
	15.3652983	47.0933446
	15.3651503	47.0932152
	15.3651412	47.0931431
	15.3650848	47.0930769
	15.3649298	47.0929484
	15.364912	47.0928441
	15.3649459	47.0927202
	15.3647666	47.0925423
	15.3647844	47.0923801
	15.3646104	47.0922179
	15.3645492	47.092131
	15.3647189	47.0919815
	15.3647688	47.0919112
	15.3648447	47.0916821
	15.3649663	47.0913925
	15.3650947	47.0911552
	15.3654211	47.0906872
	15.3656065	47.0905282
	15.365685	47.090365
	15.3657905	47.09016
	15.3657788	47.0899723
	15.3658821	47.089761
	15.3658973	47.0896534
	15.365866	47.089553
	15.3658634	47.0893565
	15.3658335	47.0893263
	15.3658378	47.0892657
	15.3659372	47.089159
	15.366067	47.0889829
	15.3661284	47.088866
	15.3661118	47.0887412
	15.3661269	47.0886491
	15.3661736	47.0885781
	15.3662113	47.0884918
	15.3662841	47.0883025
	15.3663572	47.0882188
	15.3664217	47.0881822
	15.3665473	47.0880578
	15.3666013	47.088019
	15.3667148	47.0880649
	15.3670932	47.0881467
	15.367258	47.0881567
	15.3674681	47.0882159
	15.3676407	47.0882355
	15.3680069	47.0881976
	15.3682848	47.088308
	15.3683403	47.0883433
	15.368888	47.0884179
	15.3695056	47.0881298
	15.3702271	47.0878376
	15.3717199	47.0873363
	15.3717953	47.0873256
	15.3718946	47.0872927
	15.3719985	47.0873272
	15.3721129	47.0873467
	15.3721471	47.0873821
	15.3721665	47.0874294
	15.372196	47.0874378
	15.372255	47.0874102
	15.3723082	47.0873986
	15.3723793	47.0873356
	15.3725054	47.0873164
	15.3726031	47.0873243
	15.3727455	47.0872852
	15.3728147	47.0872768
	15.372828	47.0872826
	15.3728439	47.0872877
	15.3728655	47.0873015
	15.3728827	47.0872782
	15.3728689	47.0872293
	15.3728273	47.0871974
	15.3727179	47.0871396
	15.3726911	47.087103
	15.3726776	47.0870779
	15.3726816	47.0870115
	15.372673	47.0869903
	15.3725865	47.0869727
	15.3724734	47.0869405
	15.3723999	47.0868877
	15.3723476	47.0868182
	15.3722756	47.0867041
	15.3722722	47.086631
	15.3722526	47.0865286
	15.3722147	47.0864392
	15.3721917	47.0864199
	15.3721074	47.0864128
	15.3720607	47.0864045
	15.3720001	47.0863674
	15.3719069	47.0862078
	15.3718786	47.0861325
	15.3718226	47.086028
	15.371794	47.0858994
	15.3717381	47.0858339
	15.371632	47.0857815
	15.3713275	47.085765
	15.3709957	47.0857151
	15.3709142	47.0856286
	15.3709388	47.0855501
	15.3709314	47.0854638
	15.3709634	47.0853824
	15.3709779	47.0852461
	15.370909	47.0850321
	15.3708678	47.0849906
	15.3706943	47.0849439
	15.3706257	47.0848788
	15.3702874	47.0846985
	15.3702277	47.0846887
	15.3701318	47.0846388
	15.3700383	47.0844933
	15.3700208	47.0844441
	15.3698393	47.0843115
	15.3695915	47.0842939
	15.3695143	47.0842692
	15.3692519	47.0840904
	15.3689912	47.0838701
	15.368942	47.0837166
	15.368731	47.0834249
	15.3686704	47.0833043
	15.3685083	47.0831606
	15.3684232	47.0829983
	15.3684474	47.0826991
	15.368298	47.0825575
	15.3682402	47.0824845
	15.3682869	47.082359
	15.3681215	47.0821695
	15.3680046	47.0820895
	15.3678745	47.0819574
	15.3678601	47.0818315
	15.3677989	47.0816317
	15.3678665	47.0815457
	15.3678265	47.081379
	15.3676885	47.0812267
	15.3674926	47.0811859
	15.367249	47.0810525
	15.3670522	47.0808669
	15.3668975	47.080604
	15.3669261	47.0805952
	15.3668691	47.0804764
	15.3670888	47.0803682
	15.3672389	47.0803033
	15.3677257	47.0800469
	15.3681986	47.079843
	15.3686953	47.0796329
	15.3693365	47.0794174
	15.369709	47.0792929
	15.3700652	47.0791837
	15.3704367	47.0789779
	15.3705659	47.0788706
	15.370874	47.0786139
	15.3709915	47.0784958
	15.371118	47.0783824
	15.37143	47.078108
	15.372176	47.0778888
	15.3726159	47.0780019
	15.3732514	47.0781199
	15.3737673	47.0781249
	15.3740016	47.0781279
	15.3748626	47.0781987
	15.3752623	47.078295
	15.3755698	47.0783991
	15.3761759	47.0785179
	15.3764099	47.0785712
	15.3767266	47.0786333
	15.376987	47.0786919
	15.3768532	47.0785127
	15.3765289	47.0781763
	15.3775863	47.0770275
	15.37752	47.076823
	15.3778855	47.0768192
	15.3779751	47.0765916
	15.3780164	47.0765049
	15.3781197	47.0764355
	15.3782298	47.0763612
	15.3784111	47.0761943
	15.3785152	47.0760758
	15.3786323	47.0759401
	15.3787075	47.0758627
	15.378874	47.0757183
	15.3792113	47.0755102
	15.3794109	47.0753452
	15.3795902	47.0751816
	15.3796646	47.0750855
	15.3797143	47.0750218
	15.3798145	47.0748678
	15.3799225	47.0745881
	15.3799641	47.0744327
	15.3799571	47.0742191
	15.3799077	47.0738543
	15.3798281	47.0736202
	15.3797909	47.0734411
	15.3796752	47.0731696
	15.3793479	47.0728997
	15.3794743	47.0727267
	15.3795075	47.0726425
	15.3795145	47.0726388
	15.3797822	47.0721024
	15.3797871	47.0720978
	15.3797902	47.072099
	15.3799607	47.0719353
	15.3801583	47.0717708
	15.3804412	47.0714765
	15.3803798	47.0710993
	15.3803369	47.0709267
	15.3802451	47.0706025
	15.3801563	47.0703891
	15.3799846	47.0698952
	15.3792641	47.0699801
	15.3787542	47.0700861
	15.3777923	47.070307
	15.376792	47.070534
	15.3762356	47.070606
	15.3760111	47.0706244
	15.3755132	47.0706808
	15.3748364	47.0706925
	15.3748149	47.0703571
	15.3746941	47.0700422
	15.3745008	47.0694809
	15.3743953	47.069015
	15.3743404	47.068873
	15.3743747	47.0687085
	15.3744191	47.0685787
	15.374482	47.0684033
	15.3745024	47.0683249
	15.3745701	47.0682376
	15.3748143	47.0679096
	15.3751151	47.0675783
	15.3752291	47.0674213
	15.375291	47.0673489
	15.3753597	47.067236
	15.3753943	47.0671424
	15.3754051	47.0670434
	15.3753734	47.0668884
	15.3753787	47.0666935
	15.3754333	47.066578
	15.3755064	47.0664797
	15.3756161	47.0664037
	15.375776	47.0663127
	15.3758122	47.0662345
	15.3758493	47.0659972
	15.376039	47.0658857
	15.3762391	47.0657791
	15.3765272	47.0656902
	15.3698597	47.0609302
	15.3697223	47.060855
	15.3696529	47.0607821
	15.3696979	47.0606922
	15.3698717	47.0605597
	15.370033	47.0603127
	15.3701534	47.0601671
	15.3702348	47.0599698
	15.3701622	47.0596351
	15.370175	47.0594694
	15.3702532	47.0592033
	15.3704283	47.0590041
	15.3705221	47.0587862
	15.3704908	47.0586769
	15.3704244	47.0583639
	15.3702704	47.0583353
	15.3702737	47.0580335
	15.3703094	47.0579029
	15.3703564	47.0576556
	15.3699938	47.0573025
	15.3699349	47.0568482
	15.3699208	47.0567439
	15.3698343	47.0563423
	15.369817	47.0563039
	15.3697555	47.0560412
	15.3696043	47.0557396
	15.3695441	47.0555986
	15.3695306	47.0554044
	15.3695076	47.0552861
	15.3694679	47.0547719
	15.3694435	47.0544533
	15.3694422	47.0543381
	15.3693352	47.0541355
	15.3691578	47.0537684
	15.3689835	47.0533852
	15.3689482	47.0532787
	15.3687878	47.0528287
	15.3686347	47.0524163
	15.3683687	47.051413
	15.3684441	47.0513003
	15.3681284	47.0508727
	15.3679647	47.0507121
	15.3676042	47.050484
	15.3673642	47.0503674
	15.3670142	47.0502435
	15.3666681	47.0501525
	15.3659605	47.0500013
	15.3655512	47.0502173
	15.3650372	47.0504321
	15.3635252	47.0506429
	15.3623666	47.0509673
	15.3622648	47.0509472
	15.3618778	47.0510454
	15.3611743	47.0512237
	15.360655	47.0513299
	15.3601296	47.0514405
	15.3600513	47.0514502
	15.3602652	47.051315
	15.3603138	47.0512702
	15.3605598	47.051077
	15.3606798	47.0509886
	15.3610779	47.0506673
	15.3614887	47.0503537
	15.3616926	47.0502342
	15.3614902	47.0497617
	15.3614864	47.0496922
	15.3614999	47.0496268
	15.3615201	47.0494542
	15.3615801	47.0490037
	15.3616341	47.048546
	15.3616333	47.0483769
	15.3615749	47.0481159
	15.3615007	47.0476437
	15.3616656	47.047486
	15.361846	47.0472702
	15.3620951	47.0469652
	15.3622545	47.0467999
	15.3625679	47.0464665
	15.3628715	47.0461514
	15.3629589	47.0460468
	15.3630804	47.0458647
	15.3633696	47.0454488
	15.3636303	47.0450794
	15.3638431	47.044777
	15.3639586	47.0445893
	15.3641081	47.0442614
	15.3642824	47.0438901
	15.3643545	47.0436701
	15.3644606	47.0433449
	15.3644925	47.0432359
	15.3645772	47.0428761
	15.3646382	47.042685
	15.3647828	47.0424778
	15.3649208	47.0423609
	15.3651721	47.0421679
	15.3653888	47.0419581
	15.3656769	47.0416778
	15.3659238	47.0414908
	15.3664027	47.0411936
	15.3666578	47.0410728
	15.3669541	47.0409763
	15.3674746	47.0406856
	15.3677033	47.0405392
	15.3678708	47.0403661
	15.3679533	47.0401551
	15.3679468	47.040047
	15.3678579	47.0397546
	15.3677643	47.0394574
	15.3677238	47.0393093
	15.367648	47.0389885
	15.367596	47.0387732
	15.3675862	47.0387169
	15.3675458	47.0383551
	15.3675059	47.0380004
	15.367473	47.0377126
	15.3674453	47.0371265
	15.3673927	47.0368674
	15.3671969	47.0364005
	15.3671328	47.036162
	15.3671432	47.0358289
	15.3672299	47.0355571
	15.3672546	47.0354397
	15.3672958	47.0352346
	15.3673224	47.0351505
	15.3673793	47.0349776
	15.3674492	47.0348331
	15.3676733	47.03438
	15.3677189	47.0342867
	15.3679719	47.0338741
	15.3681389	47.0336016
	15.3683029	47.0333977
	15.3686581	47.0330631
	15.3688144	47.0327696
	15.3689176	47.032334
	15.3688979	47.0320397
	15.3687807	47.0317886
	15.3685799	47.0314713
	15.3685409	47.0312601
	15.3686041	47.0310952
	15.3686345	47.031009
	15.3688137	47.0307367
	15.3688989	47.0305169
	15.3690322	47.0300572
	15.3690239	47.0297665
	15.3689252	47.0293613
	15.3690171	47.0289345
	15.3691204	47.0285478
	15.3691859	47.0281816
	15.3692296	47.0279431
	15.3694376	47.0276971
	15.3695197	47.0275011
	15.3695966	47.0275029
	15.3695791	47.0272485
	15.3699729	47.0269104
	15.3702212	47.0266918
	15.3704684	47.0264405
	15.3706224	47.0262498
	15.3709231	47.0258687
	15.3713677	47.0252767
	15.3716722	47.0250501
	15.3722598	47.024911
	15.3723611	47.0249102
	15.3729696	47.0249111
	15.3729605	47.0248349
	15.3728893	47.0243915
	15.3728557	47.0238475
	15.372932	47.0231188
	15.373051	47.0230944
	15.3731755	47.0230521
	15.3741107	47.0231425
	15.3748433	47.0230051
	15.3755492	47.0229472
	15.3764034	47.0229356
	15.3767621	47.022854
	15.377274	47.0227336
	15.3780927	47.0225466
	15.3783268	47.022376
	15.3785468	47.0222094
	15.3786143	47.0221583
	15.3786762	47.0221145
	15.3789937	47.0218812
	15.37919	47.0217989
	15.3793201	47.0217473
	15.3800959	47.021425
	15.3809553	47.02139
	15.3818429	47.0211344
	15.382649	47.0209061
	15.3828617	47.0208338
	15.3831648	47.0206632
	15.3832447	47.0206618
	15.3833254	47.0206266
	15.3835012	47.02055
	15.3839424	47.0203589
	15.3847561	47.0200075
	15.3850732	47.0199445
	15.3853841	47.0198879
	15.3860272	47.0197878
	15.3863777	47.0197376
	15.3868683	47.0196913
	15.3873557	47.0195933
	15.3880451	47.0196013
	15.3880655	47.0196695
	15.3891766	47.0198394
	15.3893292	47.0199801
	15.3894899	47.0200736
	15.3896518	47.0201444
	15.3901254	47.0195644
	15.3902706	47.0194178
	15.3904727	47.0192126
	15.3905831	47.0190977
	15.3910183	47.0186985
	15.3914289	47.0184147
	15.391556	47.0183291
	15.3917577	47.0181888
	15.3920409	47.0179249
	15.3925151	47.0174857
	15.3926389	47.0174685
	15.3928165	47.0174589
	15.3930114	47.0174346
	15.3934974	47.0173378
	15.3937104	47.0172681
	15.3940696	47.0171922
	15.3943119	47.0172458
	15.3943074	47.0172292
	15.3946558	47.0169704
	15.3947579	47.0169165
	15.3948827	47.0168361
	15.3951445	47.016667
	15.3953581	47.016483
	15.3957183	47.0163909
	15.3959399	47.0165047
	15.3961104	47.0165501
	15.3964514	47.0164559
	15.3966462	47.0164024
	15.3968182	47.0163664
	15.3971203	47.0163196
	15.3977424	47.0162819
	15.3987073	47.0162415
	15.3988438	47.0163416
	15.40131	47.0163987
	15.4019653	47.0164095
	15.4021383	47.0164124
	15.4032402	47.0164322
	15.4035611	47.0164293
	15.4043117	47.0164095
	15.4045593	47.0164124
	15.4051152	47.016407
	15.4054465	47.0164287
	15.4064401	47.0165646
	15.4071266	47.0166453
	15.4082121	47.0167583
	15.4086514	47.0167951
	15.4100939	47.0169162
	15.411206	47.0170016
	15.4125472	47.017114
	15.4132852	47.0171791
	15.4132518	47.0173868
	15.4142904	47.0172953
	15.4147152	47.0173152
	15.414712	47.0174987
	15.4149183	47.0175497
	15.4150512	47.0175852
	15.4151344	47.0176033
	15.4154688	47.0175573
	15.415745	47.0175132
	15.4187343	47.0176409
	15.4189793	47.0176412
	15.4192105	47.0176444
	15.4195006	47.0176613
	15.4198666	47.0176827
	15.4201334	47.0177096
	15.4200504	47.0180206
	15.4207871	47.0181186
	15.4215352	47.0182192
	15.4223425	47.0183366
	15.4230366	47.0184396
	15.4237053	47.0185389
	15.4243126	47.0186353
	15.4251548	47.0187681
	15.4256785	47.0188409
	15.4262792	47.0189389
	15.4267706	47.0190171
	15.4269478	47.0190486
	15.4276213	47.0191495
	15.4280176	47.019202
	15.4283033	47.0192426
	15.4288925	47.0193427
	15.4297291	47.0194691
	15.4300641	47.0195158
	15.430251	47.0195406
	15.4307114	47.0196161
	15.4308695	47.0197229
	15.431226	47.0197832
	15.4328375	47.0201103
	15.4334991	47.0202442
	15.4353547	47.0206581
	15.4353915	47.0206411
	15.4356955	47.0207102
	15.4363975	47.02085
	15.4369916	47.0209679
	15.4374333	47.02102
	15.437624	47.0210428
	15.4378586	47.0206465
	15.4385205	47.0195668
	15.4389273	47.0189181
	15.4397107	47.0176897
	15.4402138	47.0169024
	15.4404582	47.0165225
	15.4406245	47.0162776
	15.4407066	47.0161388
	15.4407872	47.0160103
	15.4408707	47.0158773
	15.4409248	47.0158942
	15.4409573	47.0159088
	15.4421953	47.0163415
	15.442238	47.0162807
	15.4422815	47.016217
	15.4424023	47.0159938
	15.4425876	47.015571
	15.4426279	47.0155039
	15.4427415	47.0153496
	15.4427689	47.0153106
	15.4440782	47.0156296
	15.444132	47.0156414
	15.4447285	47.0157848
	15.4467122	47.0162676
	15.447471	47.0164457
	15.4476196	47.0164911
	15.4474744	47.0167064
	15.4471622	47.0173629
	15.4465664	47.0176966
	15.4466623	47.0179498
	15.4468746	47.0182497
	15.4476807	47.0181354
	15.4486983	47.0185881
	15.4490902	47.0183123
	15.4492973	47.0181453
	15.4493211	47.0180717
	15.4494411	47.0181212
	15.4496047	47.0180187
	15.4499161	47.0177932
	15.450074	47.0176468
	15.4502298	47.0175154
	15.4505306	47.0173064
	15.4508105	47.0175049
	15.4509615	47.0176175
	15.4511582	47.0177672
	15.4519706	47.0183759
	15.452391	47.0186908
	15.4531327	47.0192612
	15.4530697	47.0195803
	15.4531076	47.0195997
	15.4542165	47.0205174
	15.4553158	47.0213361
	15.45579	47.0215143
	15.4570817	47.0191701
	15.4573559	47.018673
	15.457972	47.0175573
	15.4587662	47.0161218
	15.4594445	47.0149058
	15.459829	47.014187
	15.4603829	47.0130809
	15.4608134	47.0118864
	15.4611158	47.0119321
	15.4612688	47.0119581
	15.4614097	47.0119845
	15.4614607	47.0119994
	15.4618717	47.0120485
	15.4625845	47.0122029
	15.4635112	47.0123219
	15.4639616	47.0123894
	15.465099	47.0126889
	15.4657791	47.0128985
	15.4663106	47.0129499
	15.466868	47.0128378
	15.4671202	47.012857
	15.4673049	47.0128808
	15.4678344	47.0132539
	15.4679324	47.0134108
	15.4679459	47.0135574
	15.4680677	47.0135799
	15.4687238	47.0132175
	15.4692811	47.0142238
	15.4697236	47.0139783
	15.4712179	47.014485
	15.4729509	47.0149925
	15.4737208	47.0152174
	15.4739395	47.014939
	15.4740929	47.0147361
	15.4741512	47.0147573
	15.4761317	47.0154554
	15.478146	47.016201
	15.4854925	47.0193742
	15.4874162	47.0201583
	15.4879001	47.0203546
	15.4883634	47.0205428
	15.4886379	47.0206717
	15.4883659	47.0209262
	15.4882857	47.0210321
	15.4882182	47.0212666
	15.4885211	47.0214002
	15.4880642	47.0218001
	15.4884848	47.0219768
	15.4882532	47.0221791
	15.4884523	47.0222747
	15.4881994	47.0224923
	15.4864027	47.0217933
	15.4855639	47.021457
	15.4850706	47.0220988
	15.4849078	47.022255
	15.4848603	47.0222934
	15.4846887	47.0223745
	15.4844308	47.022424
	15.4842618	47.0224957
	15.484136	47.022608
	15.4835832	47.0232536
	15.483319	47.0235583
	15.4830473	47.0238383
	15.4827706	47.0241524
	15.4824237	47.0245
	15.4834274	47.0248791
	15.4844555	47.0252679
	15.4846979	47.0253723
	15.4848436	47.0254176
	15.4854139	47.0256434
	15.4860239	47.0258831
	15.4862323	47.0259868
	15.4865648	47.0261491
	15.4864327	47.0263115
	15.4861619	47.026778
	15.4858827	47.0272589
	15.4857282	47.0275567
	15.4856102	47.0277824
	15.4855421	47.0279049
	15.4853178	47.0283302
	15.4852417	47.028504
	15.4851645	47.0287448
	15.4850111	47.0290411
	15.4848489	47.0293198
	15.485169	47.0294126
	15.4849753	47.0298271
	15.4849186	47.029935
	15.4847644	47.0302431
	15.4854008	47.0305163
	15.4852787	47.0305975
	15.4852288	47.030633
	15.4848863	47.0308527
	15.4847898	47.0309302
	15.484731	47.0309728
	15.4843588	47.0312022
	15.484345	47.0312485
	15.4843132	47.0312814
	15.4850425	47.031631
	15.4865652	47.0323375
	15.4871649	47.0326281
	15.4878571	47.0329451
	15.4889195	47.0334233
	15.4896855	47.0337458
	15.491149	47.0342951
	15.4908915	47.0346034
	15.4908708	47.0346124
	15.4913441	47.0347859
	15.4917189	47.0349264
	15.4921581	47.0350757
	15.4926864	47.0352729
	15.4928234	47.0354589
	15.4930272	47.0355036
	15.4933692	47.0355443
	15.4935941	47.0355986
	15.494277	47.0357949
	15.4946143	47.0359083
	15.4951145	47.0359682
	15.4953224	47.0357831
	15.4958323	47.0359782
	15.4962804	47.0362939
	15.496481	47.0364668
	15.4968159	47.0367125
	15.4969019	47.0367698
	15.497656	47.0375373
	15.498289	47.0378409
	15.498456	47.0379554
	15.498542	47.038034
	15.4999505	47.038456
	15.5000248	47.03847
	15.500772	47.0386844
	15.5016579	47.0389114
	15.5020907	47.039025
	15.5022255	47.0390571
	15.5024746	47.0391583
	15.5026807	47.0393807
	15.5029239	47.0395458
	15.5032446	47.0397323
	15.5035696	47.0399205
	15.5040464	47.0401227
	15.5042506	47.0401911
	15.5046181	47.0402939
	15.50504	47.0403754
	15.5055006	47.04049
	15.5059803	47.0406284
	15.506116	47.0405267
	15.5061458	47.0405709
	15.5056556	47.0409456
	15.5052376	47.0413828
	15.504982	47.0416793
	15.504532	47.0422043
	15.5042861	47.0424556
	15.5039077	47.0428019
	15.5036581	47.0430344
	15.5035329	47.0431223
	15.5032267	47.0433451
	15.5028382	47.0435482
	15.5025621	47.0436889
	15.5022842	47.0438457
	15.5020554	47.0440102
	15.5016591	47.0442082
	15.5015366	47.0443107
	15.5010819	47.0444962
	15.5010079	47.0445245
	15.500581	47.044687
	15.5002003	47.0448936
	15.4999767	47.0450673
	15.4997644	47.0452607
	15.4996497	47.0454181
	15.4995252	47.045541
	15.4993554	47.0462751
	15.4991512	47.0466929
	15.4990626	47.046834
	15.4988569	47.0471879
	15.4987899	47.0473174
	15.4986707	47.047627
	15.4986107	47.0479146
	15.4987126	47.0485771
	15.498817	47.0490179
	15.4989055	47.0492871
	15.499033	47.0496562
	15.499093	47.0500489
	15.4991046	47.0502958
	15.4991278	47.0506462
	15.4991415	47.0508766
	15.4991942	47.051031
	15.4992448	47.051171
	15.4994376	47.0516139
	15.4995693	47.0518473
	15.4997642	47.052087
	15.4998074	47.0522198
	15.499799	47.0523369
	15.4997674	47.0524094
	15.499661	47.0526685
	15.4996339	47.0528184
	15.4993178	47.0532685
	15.4990628	47.0535995
	15.4985665	47.0540029
	15.4981471	47.0542836
	15.4979164	47.0544128
	15.4977061	47.0544688
	15.4973502	47.0544911
	15.4972777	47.0544958
	15.4970517	47.0548948
	15.4974428	47.0549844
	15.4978284	47.0551354
	15.4981666	47.0553204
	15.4983856	47.0554696
	15.4987686	47.055762
	15.4991798	47.0559976
	15.4999304	47.0563711
	15.5001328	47.0564846
	15.5003364	47.0566399
	15.5004966	47.0565308
	15.501023	47.0569471
	15.501406	47.057297
	15.501976	47.0578223
	15.5015187	47.0581033
	15.5018595	47.058674
	15.5023616	47.0594733
	15.5025588	47.05975
	15.50333	47.0605685
	15.5037744	47.0609306
	15.5040498	47.0613093
	15.5042151	47.0615292
	15.5045666	47.0629289
	15.5047268	47.0635853
	15.5048601	47.0639313
	15.505023	47.0641351
	15.5050935	47.0642644
	15.5051472	47.0644619
	15.5051798	47.0647779
	15.5051183	47.0653392
	15.5050785	47.0658504
	15.5050676	47.066092
	15.5052088	47.0664479
	15.5052715	47.066535
	15.5053548	47.0666065
	15.5055153	47.0667232
	15.5056974	47.0667922
	15.5060691	47.0669007
	15.5067689	47.0670379
	15.5073499	47.0671786
	15.5075734	47.0672503
	15.5076936	47.067331
	15.5077412	47.0674163
	15.5077662	47.0674856
	15.5077962	47.0675186
	15.5081959	47.0675848
	15.5083907	47.0675945
	15.5085713	47.0675969
	15.5086138	47.0676428
	15.5086398	47.0676708
	15.508622	47.0681854
	15.5085441	47.0684764
	15.5085194	47.0686782
	15.5085064	47.0687481
	15.5083706	47.069491
	15.5082502	47.0697547
	15.5081771	47.0699114
	15.5082845	47.070114
	15.5091965	47.0710104
	15.5092808	47.0711258
	15.5092433	47.071468
	15.5090438	47.0721417
	15.5089724	47.0723551
	15.5089432	47.0725814
	15.5092926	47.0734037
	15.5090743	47.0734363
	15.5090282	47.0734407
	15.5089766	47.0734431
	15.5089454	47.0734438
	15.5086318	47.0734113
	15.5085184	47.0733958
	15.5082891	47.0733679
	15.5079259	47.0733479
	15.5076584	47.0733517
	15.5075681	47.0734076
	15.5075846	47.0737602
	15.5075889	47.0738818
	15.5075976	47.0741021
	15.507202	47.0743311
	15.5065287	47.0742203
	15.5067064	47.0744043
	15.5067257	47.0744351
	15.5067479	47.0745783
	15.5067649	47.0747009
	15.5067093	47.0748423
	15.5066535	47.0751342
	15.5066799	47.075328
	15.5066644	47.0754994
	15.5065262	47.075731
	15.5066077	47.0762
	15.5067796	47.0764808
	15.5069909	47.0767428
	15.5070663	47.0768325
	15.5071013	47.0769507
	15.5069243	47.0771492
	15.5070025	47.0772926
	15.5070883	47.0774716
	15.5070423	47.0776747
	15.5069717	47.077735
	15.5069772	47.0778705
	15.5070622	47.0779914
	15.5071425	47.0779943
	15.5075526	47.078218
	15.5079038	47.0784002
	15.508006	47.0785889
	15.5081144	47.0787514
	15.5081514	47.0790607
	15.5080938	47.0791232
	15.5079052	47.0792835
	15.5082091	47.0793208
	15.5085088	47.0793316
	15.5088429	47.0794479
	15.5090479	47.079574
	15.5092174	47.0796567
	15.5094108	47.0797039
	15.5095054	47.0797454
	15.5096509	47.079836
	15.5098415	47.0799318
	15.5101228	47.0800448
	15.5106619	47.080334
	15.5107566	47.0803891
	15.5109349	47.0805287
	15.5110412	47.0807623
	15.5111743	47.0810402
	15.5113115	47.0814111
	15.511391	47.0815395
	15.5114974	47.0816619
	15.5116425	47.0817947
	15.5119083	47.081946
	15.5122264	47.0820926
	15.5123593	47.0822043
	15.5124806	47.08238
	15.5126697	47.0827638
	15.5129287	47.0827235
	15.5129869	47.0829496
	15.5130308	47.0834465
	15.5130314	47.0837137
	15.512744	47.0849448
	15.5125513	47.0852475
	15.5125678	47.0853955
	15.5126624	47.0854866
	15.5127783	47.0857141
	15.5128936	47.0859569
	15.5130102	47.0861041
	15.5132015	47.0864324
	15.5134581	47.0868803
	15.5135466	47.0871217
	15.5136186	47.0872254
	15.5136426	47.08728
	15.5139417	47.0878858
	15.514264	47.0884537
	15.5144108	47.0887834
	15.5144719	47.0889823
	15.514393	47.0892425
	15.5143093	47.0893816
	15.5139862	47.0898487
	15.5139012	47.0900214
	15.5138525	47.0901433
	15.5138587	47.090275
	15.513908	47.0904189
	15.5132516	47.090495
	15.5127152	47.09046
	15.5124292	47.090658
	15.512137	47.0908602
	15.5119388	47.0910106
	15.5118736	47.0910899
	15.5118255	47.0911769
	15.512099	47.0912432
	15.512493	47.0913586
	15.5129218	47.0914999
	15.5132064	47.0915954
	15.5135652	47.0916987
	15.5137566	47.0917435
	15.5138112	47.0917557
	15.514002	47.0917983
	15.5142179	47.0918516
	15.5144327	47.0919047
	15.5150238	47.0920742
	15.515288	47.0921454
	15.5153532	47.092163
	15.5156149	47.0922336
	15.5166343	47.0924796
	15.5168401	47.0925476
	15.5170952	47.0926465
	15.5174048	47.0927888
	15.5175481	47.0928697
	15.5178736	47.0930198
	15.5184586	47.0932712
	15.5188273	47.0934297
	15.5194157	47.0937091
	15.5196665	47.0938276
	15.5198723	47.0939402
	15.5199667	47.0939963
	15.5200669	47.0940557
	15.5201894	47.0941696
	15.5202476	47.0942147
	15.5203115	47.0943371
	15.5203774	47.0944878
	15.5204397	47.0946382
	15.5204752	47.094725
	15.5205319	47.0948038
	15.5206182	47.0948829
	15.5207088	47.0949439
	15.5208384	47.0950371
	15.5210175	47.0951432
	15.5215652	47.0954826
	15.5217172	47.0955839
	15.5219794	47.0957806
	15.5221781	47.095908
	15.5224056	47.0960561
	15.5226128	47.0961479
	15.522797	47.0962244
	15.5230961	47.0963236
	15.523425	47.0964228
	15.5236925	47.0965139
	15.5238103	47.0965607
	15.5241369	47.0967269
	15.5243006	47.0968452
	15.5244095	47.0969217
	15.5244571	47.0969535
	15.5245558	47.0970195
	15.5246919	47.0971161
	15.5249356	47.0972788
	15.5252224	47.0974684
	15.5255953	47.0977388
	15.5258444	47.097995
	15.5263029	47.0983737
	15.5266106	47.0985922
	15.526893	47.0986711
	15.5273334	47.0986719
	15.527512	47.0986177
	15.5278849	47.0984575
	15.5283651	47.0982981
	15.5289334	47.0981897
	15.5292339	47.0981478
	15.5296936	47.0982316
	15.529953	47.0982612
	15.5301123	47.0982907
	15.5305105	47.0983786
	15.5307337	47.0984049
	15.5310953	47.0984846
	15.5312405	47.098553
	15.5316199	47.0987318
	15.5319169	47.098857
	15.5319778	47.0988854
	15.5322418	47.0989476
	15.5324475	47.0989977
	15.5325767	47.099026
	15.5326801	47.0990395
	15.533036	47.0991056
	15.5334813	47.0991253
	15.5337154	47.099168
	15.5338517	47.0992189
	15.5339301	47.0992756
	15.5341642	47.0995081
	15.5342006	47.0995416
	15.5341499	47.0995596
	15.5341222	47.0995794
	15.5337373	47.0998956
	15.5331513	47.1005323
	15.532883	47.1008238
	15.5327973	47.101062
	15.5325863	47.1012718
	15.5321083	47.101747
	15.5320226	47.1017601
	15.5320082	47.1016517
	15.5319635	47.1015186
	15.531844	47.1013774
	15.5316944	47.1013691
	15.531505	47.1014644
	15.5313107	47.1017363
	15.5310296	47.1019843
	15.5308715	47.1022266
	15.5307496	47.1024361
	15.5303587	47.1028632
	15.53046	47.1029667
	15.5303418	47.1030932
	15.5301777	47.1031991
	15.530133	47.1032977
	15.530098	47.1033346
	15.529759	47.1033059
	15.5292401	47.1032147
	15.5287321	47.1031392
	15.5286247	47.1030923
	15.5285994	47.1030915
	15.5284256	47.1030258
	15.5281952	47.1029757
	15.5279309	47.1029404
	15.5276582	47.1029355
	15.5270983	47.1030685
	15.5268353	47.1030307
	15.5265324	47.1030143
	15.5257553	47.1029215
	15.5257481	47.1029634
	15.5257034	47.1029971
	15.5258675	47.1034644
	15.5262681	47.1035819
	15.5265757	47.1036925
	15.5269439	47.1039137
	15.527143	47.1041864
	15.5276606	47.1051013
	15.527733	47.1051769
	15.5271767	47.1054881
	15.5272504	47.1056163
	15.5284763	47.106224
	15.5298043	47.1066971
	15.5302073	47.1068786
	15.5301579	47.1070798
	15.5300432	47.1072703
	15.5302447	47.107304
	15.5305024	47.1073678
	15.5307166	47.1074108
	15.5305579	47.1084027
	15.5305169	47.1090031
	15.5304418	47.1093539
	15.5303104	47.1096164
	15.5302507	47.109916
	15.530592	47.1101657
	15.5307811	47.1103965
	15.5305325	47.1104293
	15.5297458	47.1103965
	15.5296891	47.1104129
	15.5297422	47.1105164
	15.5297389	47.1106225
	15.5291911	47.1106538
	15.5286399	47.1107258
	15.5285119	47.1107247
	15.5283583	47.1106747
	15.5282491	47.1105028
	15.5282406	47.1103623
	15.528186	47.1102078
	15.528099	47.1101022
	15.5274266	47.1098618
	15.5272454	47.1098024
	15.5266434	47.1096051
	15.5267184	47.1095308
	15.526355	47.1094332
	15.525814	47.1093577
	15.5250086	47.1090894
	15.5246212	47.1088444
	15.5244096	47.1084471
	15.5242082	47.1082543
	15.5237356	47.1079733
	15.5232816	47.1078025
	15.5230853	47.1076761
	15.5229352	47.1075795
	15.5220428	47.1074959
	15.5215871	47.107259
	15.5212134	47.1069744
	15.5204387	47.1070035
	15.519956	47.106997
	15.5192049	47.1071359
	15.5185974	47.1072311
	15.5179678	47.1073809
	15.5175923	47.1073775
	15.5175736	47.1072125
	15.5175906	47.1070035
	15.5176452	47.1068385
	15.5172562	47.1064796
	15.5170019	47.1064959
	15.5168364	47.1064645
	15.5165275	47.1063681
	15.5163125	47.1063252
	15.51592	47.1063821
	15.5157221	47.1064274
	15.5152989	47.1064715
	15.5148757	47.1065005
	15.5150463	47.1068722
	15.5136487	47.1070952
	15.513577	47.1069977
	15.5135617	47.1069094
	15.511993	47.107341
	15.5110992	47.107681
	15.5101635	47.1080711
	15.5102203	47.1082054
	15.5103373	47.1085747
	15.5104384	47.1088125
	15.5103356	47.1088532
	15.5104295	47.1089537
	15.5105944	47.109066
	15.5110311	47.1092795
	15.5111798	47.1093684
	15.5113947	47.1095548
	15.511753	47.1099666
	15.5120678	47.1102862
	15.5126158	47.1105997
	15.5128283	47.1107653
	15.5129913	47.1109405
	15.513185	47.1111961
	15.513296	47.1113439
	15.5136928	47.1120592
	15.5138392	47.1122923
	15.5139597	47.1126636
	15.5144533	47.1138129
	15.5145454	47.1140877
	15.5146021	47.1141649
	15.5146493	47.1147741
	15.5146966	47.1148737
	15.5148241	47.1154491
	15.5149375	47.11574
	15.5152729	47.1163203
	15.5154689	47.1165268
	15.5157366	47.1168903
	15.51742	47.1176294
	15.5185827	47.1182583
	15.519556	47.1187415
	15.5198727	47.1188773
	15.5202459	47.119081
	15.5204599	47.1192316
	15.5206927	47.1195258
	15.5212033	47.120135
	15.5205337	47.12038
	15.5204787	47.1206408
	15.5202936	47.1208287
	15.5202719	47.1209242
	15.5202762	47.1210649
	15.5203037	47.1212027
	15.5204021	47.1214399
	15.5204512	47.1216623
	15.520512	47.1218246
	15.5205886	47.1219585
	15.520619	47.1222379
	15.520551	47.1224554
	15.5203066	47.1227969
	15.5199161	47.1231639
	15.5198424	47.1232751
	15.5197484	47.1235497
	15.5196977	47.1238222
	15.5195546	47.1240564
	15.5188257	47.1247521
	15.5186174	47.1248948
	15.5182776	47.1250838
	15.5179912	47.1251949
	15.5177569	47.1253101
	15.517365	47.125622
	15.517284	47.1257135
	15.517232	47.1258906
	15.5172074	47.1259546
	15.5170555	47.1261593
	15.517057	47.1262153
	15.5174618	47.1264538
	15.5170303	47.1268128
	15.5168155	47.127034
	15.5166498	47.127361
	15.5161651	47.1277242
	15.5157254	47.1275308
	15.5153245	47.1282363
	15.5151098	47.1284047
	15.5146025	47.1279761
	15.5140483	47.1282961
	15.5138867	47.1284603
	15.5138315	47.1285355
	15.5136024	47.1284687
	15.5132015	47.1284228
	15.5129029	47.1284729
	15.5126125	47.1285063
	15.5123978	47.1286023
	15.5122423	47.1287066
	15.5120337	47.1288973
	15.5117576	47.1290281
	15.5110295	47.1292462
	15.5109834	47.1292608
	15.5108461	47.1290603
	15.5107101	47.1289401
	15.5105349	47.1287785
	15.5103173	47.128472
	15.5100633	47.1281975
	15.5099068	47.1280703
	15.5097257	47.1279591
	15.5094858	47.1278687
	15.5092235	47.1278031
	15.5090848	47.1277871
	15.5087437	47.1277703
	15.508368	47.1277891
	15.5081133	47.1278159
	15.5079487	47.1278343
	15.5077346	47.1277295
	15.50757	47.1275478
	15.5074006	47.1274286
	15.5072654	47.127355
	15.507049	47.127467
	15.506889	47.1274926
	15.5065327	47.1274646
	15.5061634	47.1274734
	15.5058976	47.1274598
	15.5051202	47.1274326
	15.5048826	47.127443
	15.5045545	47.1274934
	15.5042875	47.1275046
	15.5040218	47.1274558
	15.503696	47.1274518
	15.5035061	47.1274787
	15.5032538	47.1275246
	15.5029409	47.1275902
	15.5025399	47.1275478
	15.502446	47.1275458
	15.5020282	47.1275379
	15.501463	47.1275019
	15.500953	47.1275324
	15.5005006	47.1274134
	15.5000667	47.1273617
	15.4994472	47.1273116
	15.4992226	47.1272181
	15.4988864	47.1270198
	15.4987293	47.126904
	15.4985616	47.1267811
	15.4981343	47.1263973
	15.4978323	47.1261409
	15.4975694	47.125921
	15.4972479	47.1257156
	15.4966	47.1252454
	15.496495	47.1251274
	15.4963485	47.1249713
	15.4963281	47.124907
	15.496298	47.1248201
	15.4962858	47.1247735
	15.4962003	47.1246628
	15.4959236	47.124567
	15.4957217	47.1244263
	15.4956249	47.1243493
	15.495541	47.1242862
	15.4954214	47.1242131
	15.4952675	47.1241461
	15.4951186	47.1240907
	15.4950339	47.1240381
	15.4948337	47.1239522
	15.4949011	47.124032
	15.4949224	47.1240591
	15.4950242	47.1242247
	15.4950502	47.1243947
	15.495029	47.1244944
	15.4950087	47.1245044
	15.4949639	47.1246445
	15.4949078	47.1247741
	15.4948259	47.1249028
	15.4944622	47.1251574
	15.4941571	47.1254292
	15.4937842	47.1256485
	15.4935067	47.1258411
	15.4935021	47.1259774
	15.493608	47.1261638
	15.493737	47.1262829
	15.4937289	47.1262907
	15.4939016	47.1264512
	15.4940075	47.1265773
	15.4940443	47.126676
	15.4940029	47.1267457
	15.4939085	47.1268342
	15.4937496	47.1269086
	15.4935413	47.1269329
	15.4931281	47.126845
	15.4927332	47.1267708
	15.4924811	47.1267457
	15.4919389	47.1269196
	15.4917663	47.1271318
	15.4916168	47.1273109
	15.4911317	47.1276609
	15.490728	47.1278813
	15.4901647	47.1281283
	15.489538	47.1283276
	15.4888624	47.128352
	15.4885167	47.1283931
	15.488218	47.128241
	15.4879768	47.1282468
	15.4877652	47.1282944
	15.487484	47.128308
	15.486847	47.1281958
	15.486458	47.1283764
	15.4851947	47.1287441
	15.4844865	47.1288759
	15.4840503	47.1290221
	15.4835717	47.1291528
	15.4831842	47.1293322
	15.482914	47.1294252
	15.4825949	47.1290985
	15.4819258	47.1290309
	15.4817126	47.128908
	15.4813658	47.1288615
	15.4809881	47.128857
	15.4808071	47.1288291
	15.4806398	47.1288006
	15.4804526	47.1286566
	15.4802181	47.1284893
	15.4800407	47.1284151
	15.4799007	47.1282855
	15.4797851	47.1280851
	15.4793993	47.1277528
	15.4801156	47.1269132
	15.4804199	47.1265749
	15.4804518	47.126422
	15.4803259	47.1264397
	15.4800003	47.1264003
	15.4797085	47.1263676
	15.4791461	47.126318
	15.4784068	47.1263656
	15.4783289	47.126524
	15.478169	47.1267122
	15.4777964	47.1267877
	15.4774797	47.1268699
	15.4770771	47.1269495
	15.4766844	47.1269726
	15.4763158	47.1270412
	15.4759551	47.127131
	15.4755885	47.127256
	15.4752228	47.1273423
	15.4746294	47.1275286
	15.474269	47.127586
	15.4736024	47.1276577
	15.472557	47.127642
	15.4720809	47.1276027
	15.4712067	47.1274892
	15.470451	47.127337
	15.469875	47.1274266
	15.4695023	47.1274117
	15.4692476	47.1274633
	15.4685762	47.1278569
	15.4679838	47.1281315
	15.4675152	47.1283837
	15.4671246	47.1285556
	15.4669588	47.1286195
	15.4665442	47.1288832
	15.4663314	47.1289886
	15.4660446	47.129115
	15.4655451	47.1292816
	15.4651855	47.1294324
	15.4654103	47.1298335
	15.4654103	47.130227
	15.4653703	47.130645
	15.4654762	47.1308054
	15.4657709	47.1311384
	15.4654962	47.1312703
	15.4650096	47.1312683
	15.464459	47.13118
	15.4638727	47.1309393
	15.4632044	47.1308747
	15.4624131	47.130925
	15.4619346	47.1310222
	15.4613761	47.1309862
	15.4603022	47.130681
	15.4591722	47.1305464
	15.4585668	47.1304635
	15.4585019	47.1304425
	15.4580683	47.1304391
	15.4564678	47.1303242
	15.4549343	47.1298464
	15.4537465	47.1290389
	15.4529322	47.128731
	15.4527184	47.1286134
	15.4523868	47.128158
	15.4517524	47.1283279
	15.4511629	47.1281403
	15.4507543	47.1280275
	15.4505885	47.1280024
	15.4503377	47.1278256
	15.450039	47.1275449
	15.4496574	47.1275782
	15.4483017	47.1268903
	15.4481598	47.126802
	15.447637	47.126936
	15.4472867	47.1266993
	15.4472557	47.1266286
	15.4467282	47.126768
	15.4463006	47.1268754
	15.4461218	47.1268332
	15.4459759	47.1267646
	15.4457561	47.1266545
	15.4456143	47.1265362
	15.4447061	47.1266613
	15.4444024	47.1267299
	15.4443003	47.1267466
	15.4436383	47.1269269
	15.4434601	47.1268169
	15.4432736	47.1266506
	15.4430518	47.1267169
	15.4419625	47.1269947
	15.441776	47.1270668
	15.441646	47.1270909
	15.4409862	47.1272649
	15.4407178	47.1273879
	15.4402176	47.1274158
	15.439911	47.1274706
	15.439687	47.127488
	15.4391764	47.1276686
	15.4379188	47.128144
	15.4378725	47.1281615
	15.4375758	47.127889
	15.4375369	47.12784
	15.4374125	47.1276774
	15.4371554	47.1276966
	15.4366835	47.1277427
	15.4364914	47.1277466
	15.4362794	47.1277004
	15.4360491	47.1276716
	15.4358697	47.1276226
	15.4356126	47.1275082
	15.4353159	47.1273006
	15.4352226	47.1271785
	15.4352057	47.1270352
	15.4352311	47.126844
	15.4351859	47.1267084
	15.4349937	47.1265613
	15.4348722	47.1264729
	15.4347705	47.1264171
	15.4346829	47.1263912
	15.434454	47.126395
	15.4340952	47.1264537
	15.4338239	47.1265344
	15.433713	47.126542
	15.4335724	47.1265402
	15.4333294	47.1265142
	15.4322344	47.1264758
	15.431803	47.126497
	15.4308837	47.1266767
	15.4305687	47.1268084
	15.4303581	47.126844
	15.430048	47.126846
	15.4296065	47.1266632
	15.4293748	47.1264931
	15.4291911	47.1263316
	15.4288436	47.1261701
	15.4286528	47.126097
	15.4283688	47.1260788
	15.4282318	47.1260836
	15.4278305	47.1261528
	15.4276455	47.1261364
	15.427548	47.1260355
	15.4273714	47.1257337
	15.427134	47.125695
	15.4268204	47.125826
	15.426785	47.125824
	15.4267158	47.1258558
	15.4266367	47.1258596
	15.426518	47.1258961
	15.4264996	47.1258961
	15.42621	47.1259701
	15.4259995	47.1259999
	15.4258865	47.1260067
	15.4257565	47.1260307
	15.425683	47.1260297
	15.4254414	47.1260865
	15.4251433	47.1261134
	15.4249969	47.1261756
	15.4249398	47.1261999
	15.4249285	47.126297
	15.4249315	47.1263553
	15.4249695	47.1270939
	15.4249625	47.1271342
	15.4249396	47.1272646
	15.4249203	47.1273751
	15.4249036	47.1274709
	15.4248989	47.1274976
	15.4249205	47.1275542
	15.4249921	47.1277418
	15.4247224	47.1278076
	15.4243012	47.1279129
	15.4235383	47.1281888
	15.4227132	47.1284272
	15.422497	47.1281763
	15.422251	47.128033
	15.4210531	47.1278706
	15.4206561	47.1277841
	15.420413	47.1277033
	15.4200033	47.127636
	15.4198776	47.1275918
	15.4198634	47.1275812
	15.4197024	47.1275399
	15.4194382	47.1273938
	15.4190299	47.127117
	15.418842	47.127048
	15.4181058	47.1269545
	15.417817	47.126965
	15.4172539	47.1268074
	15.4166421	47.1266828
	15.4165267	47.1267818
	15.4162169	47.1270477
	15.4158015	47.1273246
	15.4154539	47.1275216
	15.4150414	47.1277033
	15.4148197	47.1278711
	15.4147136	47.1280004
	15.414479	47.1282474
	15.4141668	47.1284608
	15.4139111	47.1285483
	15.413791	47.1286934
	15.4136087	47.1288934
	15.4132484	47.1291779
	15.4128451	47.1294111
	15.4125634	47.1296986
	15.4124505	47.1298291
	15.4127976	47.1300347
	15.4129078	47.1301913
	15.4133514	47.1310708
	15.4134461	47.131563
	15.4133472	47.1318859
	15.4131678	47.1321925
	15.4123172	47.1319619
	15.41117	47.1327904
	15.4106981	47.1323665
	15.4103717	47.1324915
	15.4101443	47.1326683
	15.410027	47.1327346
	15.4094101	47.1324298
	15.4093691	47.1325889
	15.4092982	47.1327296
	15.4087347	47.1333399
	15.408503	47.1334847
	15.4083651	47.1335295
	15.4081563	47.1335608
	15.4070693	47.133643
	15.4064619	47.1335914
	15.4062042	47.1336009
	15.4059694	47.1335839
	15.4055438	47.1334948
	15.405226	47.133509
	15.4049534	47.1335676
	15.4045557	47.1336947
	15.4038234	47.1339584
	15.4035327	47.1340454
	15.4033189	47.1341235
	15.4030212	47.1342669
	15.4028923	47.1343315
	15.4026216	47.1343383
	15.4020272	47.1343281
	15.4018573	47.1343464
	15.401188	47.1344796
	15.4008433	47.1345
	15.4007544	47.1344558
	15.4007134	47.1343621
	15.4006225	47.1342574
	15.4002609	47.1340521
	15.3999981	47.1339189
	15.3995236	47.1337422
	15.3993987	47.1337252
	15.3991859	47.1337626
	15.399042	47.1337681
	15.3988972	47.1337334
	15.3987813	47.1336471
	15.3986764	47.133505
	15.3985685	47.1334262
	15.3983727	47.1333378
	15.3983294	47.1332626
	15.3982858	47.1331917
	15.3981809	47.1329362
	15.3981869	47.1327479
	15.3981589	47.1326276
	15.3980939	47.1325284
	15.398014	47.132472
	15.3979081	47.1324387
	15.3977792	47.1324224
	15.3976154	47.1324122
	15.397542	47.1323687
	15.3977454	47.1320514
	15.3978514	47.1318438
	15.3979065	47.1315035
	15.3979757	47.1311796
	15.3979997	47.1310767
	15.3982809	47.1302953
	15.3984773	47.1299483
	15.398692	47.1295369
	15.398774	47.1292918
	15.3989011	47.1288986
	15.3989859	47.1287544
	15.3991456	47.1285718
	15.3993391	47.1283084
	15.3993589	47.12817
	15.3993518	47.1280335
	15.3992925	47.1278393
	15.3992416	47.1276
	15.3992826	47.1273202
	15.3993405	47.1270674
	15.3994281	47.1268358
	15.3995482	47.1266175
	15.3996542	47.1264599
	15.3998495	47.12618
	15.3998916	47.1261196
	15.3999484	47.1260182
	15.3998605	47.1256736
	15.3997729	47.1254342
	15.399661	47.125319
	15.399373	47.125201
	15.3990702	47.1251297
	15.3986475	47.1251502
	15.39824	47.125212
	15.3980083	47.1251416
	15.3978247	47.1250595
	15.3976474	47.1249304
	15.3977441	47.1245887
	15.397729	47.1244928
	15.3976254	47.124269
	15.3976309	47.1239843
	15.3975869	47.1238066
	15.397467	47.1236712
	15.397334	47.1235372
	15.3971624	47.123425
	15.3969865	47.1232881
	15.396805	47.1231624
	15.3966697	47.1230512
	15.3963421	47.1227284
	15.3965037	47.1224605
	15.3967413	47.1222046
	15.396994	47.121983
	15.3970887	47.1214751
	15.3971019	47.1212633
	15.3967955	47.120846
	15.3968383	47.1205737
	15.3965939	47.119903
	15.3964828	47.1197997
	15.395845	47.1191428
	15.3956658	47.118928
	15.395472	47.1187965
	15.3953139	47.1187596
	15.3952842	47.1187559
	15.3951116	47.1187334
	15.3950628	47.1186619
	15.3949818	47.1185598
	15.3948741	47.1183533
	15.3947553	47.1180607
	15.3948224	47.1178998
	15.3947905	47.1176469
	15.3946882	47.1173289
	15.3944089	47.11693
	15.3942516	47.116514
	15.3941747	47.1163411
	15.3937832	47.1155329
	15.3936032	47.1151719
	15.39164	47.1129039
	15.3910638	47.1129025
	15.3907834	47.1128463
	15.390185	47.112864
	15.3900546	47.1128924
	15.389918	47.1128972
	15.3895903	47.1129242
	15.3892046	47.1129714
	15.3887598	47.1131354
	15.3878403	47.1131544
	15.3873101	47.1131066
	15.386465	47.113126
	15.3864362	47.1131267
	15.3863724	47.1133262
	15.3863602	47.1134406
	15.3861749	47.1134032
	15.3861501	47.1134066
	15.3855711	47.1133035
	15.3852742	47.1133069
	15.3849954	47.1131789
	15.3848778	47.1131748
	15.3847353	47.1132503
	15.3845292	47.1133125
	15.3841226	47.1131829
	15.3833922	47.1130991
	15.3825458	47.1130426
	15.3818128	47.1128027
	15.3815742	47.1127818
	15.3812443	47.1128596
	15.3809001	47.1125206
	15.380678	47.1124375
	15.3800435	47.1126141
	15.3793133	47.1126792
	15.379026	47.1122622
	15.3789252	47.1121945
	15.3786964	47.1124026
	15.3785386	47.1126088
	15.3780346	47.1134911
	15.3775722	47.113991
	15.3771709	47.1144704
	15.3765928	47.1152161
	15.3761243	47.1159033
	15.3759766	47.116152
	15.3755785	47.1167235
	15.3754587	47.1169214
	15.3748446	47.1184737
	15.3747722	47.1189012
	15.3746676	47.1193292
	15.374213	47.1200638
	15.373983	47.1202705
	15.3738076	47.12041
	15.3736859	47.1204772
	15.3735972	47.1203224
	15.3734915	47.1202059
	15.3732728	47.1199927
	15.3731411	47.1198406
	15.3731536	47.1197539
	15.3732053	47.1196613
	15.3731266	47.1194971
	15.3730896	47.1193187
	15.3727084	47.118654
	15.3721527	47.1186575
	15.37105	47.1186451
	15.370084	47.1186843
	15.3670533	47.1187803
	15.3640769	47.1189942
	15.3600455	47.1194355
	15.3592129	47.1194916
	15.3592056	47.1192171
	15.3592129	47.1187279
	15.35923	47.1177707
	15.3591889	47.1174341
	15.3592604	47.117044
	15.3596229	47.115845
	15.3600296	47.1158066
	15.3603212	47.1156878
	15.3611006	47.1153089
	15.3614312	47.1150967
	15.3615608	47.1149598
	15.361906	47.1146763
	15.3620599	47.1145079
	15.3623386	47.1142932
	15.3625722	47.1140611
	15.3627601	47.1136804
	15.3628696	47.1133728
	15.3628974	47.1131596
	15.3630291	47.1127175
	15.36307	47.1123689
	15.3631296	47.1121377
	15.3632488	47.1115361
	15.363454	47.1109487
	15.3633468	47.1103012
	15.3633261	47.1098724
	15.3633347	47.1097452
	15.3627331	47.1096989
	15.3623316	47.109723
	15.3619057	47.1096478
	15.3614038	47.1094797
	15.3599432	47.1090438
	15.3594797	47.1089559
	15.3589621	47.1088896
	15.3586098	47.1086726
	15.3583532	47.1085504
	15.3576079	47.108223
	15.3567978	47.1082094
	15.3562602	47.1080236
	15.3557159	47.1077253
	15.3552996	47.1078512
	15.3546434	47.1078942
	15.3542249	47.1077827
	15.354089	47.1077409
	15.3538184	47.1075075
	15.3534389	47.1071588
	15.3528776	47.1074202
	15.3524718	47.1075054
	15.352194	47.1075533
	15.3515426	47.1073994
	15.35109	47.1070687
	15.3507413	47.1068488
	15.3505675	47.1067065
	15.3502393	47.1067103
	15.349877	47.1065936
	15.3502636	47.1060123
	15.3501898	47.1057596
	15.3501033	47.1055877
	15.3499551	47.1052692
	15.3497141	47.1047452
END
END
