2765756
1
	15.3173575	48.1822766
	15.3173961	48.1819787
	15.3174104	48.1818858
	15.3174281	48.181825
	15.3175485	48.181793
	15.3181539	48.1811041
	15.3188073	48.1805291
	15.318926	48.180196
	15.3190806	48.1798318
	15.3192278	48.1794127
	15.3197302	48.1787184
	15.3199067	48.178566
	15.3206588	48.1784294
	15.3210145	48.1782924
	15.3215107	48.1779816
	15.3215123	48.1778905
	15.3214509	48.1778082
	15.3211987	48.1776632
	15.3209691	48.1774402
	15.3209525	48.1771719
	15.3209434	48.176919
	15.3211252	48.1765761
	15.3214136	48.1762058
	15.3217531	48.1761318
	15.3223204	48.1761745
	15.3232353	48.1758769
	15.3236082	48.1758124
	15.32397	48.1757852
	15.3244246	48.1759064
	15.3246682	48.1758962
	15.3250214	48.1759978
	15.3256555	48.1761375
	15.3264457	48.1761924
	15.3268247	48.1761865
	15.327088	48.1761331
	15.3274346	48.1760306
	15.3277382	48.1756321
	15.3279174	48.1754772
	15.328666	48.1751549
	15.3295396	48.1748002
	15.3297225	48.1747948
	15.3302209	48.1748413
	15.3304263	48.1748291
	15.3313066	48.1745345
	15.3320823	48.1743859
	15.3325922	48.17435
	15.3317363	48.1735086
	15.3314043	48.1733234
	15.331179	48.1730159
	15.3311261	48.1724995
	15.331727	48.172297
	15.3323873	48.1720978
	15.3327777	48.1720238
	15.3341777	48.171612
	15.335537	48.1713624
	15.3356346	48.169797
	15.3353069	48.1694439
	15.3353034	48.1693421
	15.3357221	48.1687003
	15.335975	48.1687255
	15.3368019	48.1682629
	15.3376758	48.1682749
	15.3387047	48.1685071
	15.338857	48.1683042
	15.3389587	48.1679751
	15.3389228	48.1677728
	15.3406117	48.1679674
	15.3409937	48.1680667
	15.3416264	48.1683128
	15.3419225	48.1685175
	15.3428015	48.1686575
	15.3443977	48.1686878
	15.3452082	48.1687187
	15.3462414	48.1686189
	15.3478934	48.1686609
	15.347987	48.1682835
	15.3481273	48.1683016
	15.3481284	48.168111
	15.3479165	48.1674298
	15.3476748	48.1670908
	15.3469447	48.166618
	15.3469039	48.1665264
	15.3477332	48.1654186
	15.3477911	48.165486
	15.348062	48.1656406
	15.348615	48.1658082
	15.3487686	48.1658194
	15.3490339	48.1659367
	15.3492992	48.1660746
	15.3494361	48.1662087
	15.3498187	48.166313
	15.3500701	48.1663521
	15.3503075	48.1663987
	15.3505421	48.1665123
	15.3507678	48.1664754
	15.3513101	48.1665701
	15.3514162	48.1666558
	15.3517458	48.1666949
	15.3523406	48.1666651
	15.3526004	48.1665992
	15.3527347	48.1665538
	15.3528782	48.1664594
	15.3529206	48.1663583
	15.3533389	48.1665484
	15.3539573	48.1667182
	15.3541675	48.1669743
	15.3544262	48.1670417
	15.3546445	48.1671455
	15.3550507	48.1674137
	15.3553882	48.1677938
	15.3554993	48.1678814
	15.3557236	48.1679636
	15.3559237	48.1681119
	15.3559318	48.1682359
	15.3566027	48.1686079
	15.3568432	48.1685729
	15.3572151	48.1687211
	15.3576334	48.1689193
	15.3577991	48.1690082
	15.3580659	48.1691201
	15.3590045	48.1693527
	15.3592217	48.1693108
	15.3594761	48.1693241
	15.359719	48.1695548
	15.3599819	48.1698235
	15.3600252	48.1699598
	15.3600135	48.1702602
	15.3600047	48.1703499
	15.3598555	48.1704845
	15.3596186	48.170547
	15.3595601	48.1704845
	15.3595893	48.1704104
	15.359484	48.1703675
	15.3587879	48.1704416
	15.3585568	48.1706191
	15.358513	48.1707089
	15.3583082	48.1708922
	15.358083	48.1709761
	15.3576413	48.1714228
	15.3571763	48.1711731
	15.3566498	48.1713116
	15.3564229	48.1713258
	15.3560239	48.1713779
	15.3559303	48.1714579
	15.3557167	48.1715028
	15.3555061	48.1714677
	15.3551113	48.1715749
	15.3549738	48.1717388
	15.35512	48.1718519
	15.3549299	48.1720333
	15.3546404	48.1721172
	15.3543917	48.1720938
	15.3540817	48.1722557
	15.3537307	48.1721445
	15.3529761	48.172205
	15.3527538	48.1723513
	15.3523735	48.1723981
	15.3519523	48.172601
	15.3520089	48.1728084
	15.3521123	48.1728739
	15.352589	48.1729083
	15.3538467	48.173047
	15.3556793	48.1732421
	15.356842	48.1736495
	15.3581792	48.1738857
	15.3585077	48.1739045
	15.3590673	48.1740106
	15.3595934	48.174062
	15.3605046	48.1742417
	15.3608126	48.1744796
	15.3613245	48.1751944
	15.3617237	48.1758408
	15.3618761	48.1761088
	15.3619916	48.1763891
	15.3630476	48.1763067
	15.363523	48.1762262
	15.364185	48.1760492
	15.3645527	48.1757795
	15.3649992	48.1750438
	15.3652672	48.1743081
	15.3657557	48.1741154
	15.3661261	48.1739035
	15.3663336	48.1736582
	15.3665254	48.1735199
	15.3673817	48.1732659
	15.368238	48.172926
	15.3684534	48.1729085
	15.3688342	48.1728034
	15.3692414	48.1726808
	15.3695093	48.1727071
	15.3701686	48.1726878
	15.3704286	48.1725792
	15.371109	48.1726195
	15.3715319	48.1725529
	15.3718996	48.1726598
	15.372861	48.172672
	15.3730711	48.1727106
	15.3732496	48.1727746
	15.3734593	48.1728678
	15.373591	48.1730399
	15.3736474	48.173178
	15.3739082	48.1732103
	15.3740399	48.1732121
	15.3741367	48.1731403
	15.3749539	48.1731834
	15.3753921	48.1732013
	15.3758195	48.1731977
	15.3761502	48.1731529
	15.3766529	48.1731601
	15.3774647	48.1733017
	15.3775507	48.1734361
	15.3786018	48.1734989
	15.3787201	48.172823
	15.3789889	48.172832
	15.3792416	48.1722906
	15.3796368	48.1717151
	15.3798868	48.1713099
	15.3799486	48.1709836
	15.379876	48.1708438
	15.3795615	48.1706448
	15.3786287	48.1703436
	15.3779136	48.1700568
	15.3774109	48.1696821
	15.3761367	48.1690671
	15.3758518	48.1690026
	15.3759754	48.1686494
	15.3761072	48.168549
	15.3757174	48.1681814
	15.3748491	48.1676077
	15.3745023	48.1673459
	15.3740964	48.1669802
	15.3759566	48.1664226
	15.3768491	48.1661536
	15.3769728	48.166557
	15.3770615	48.1667632
	15.3771717	48.1668923
	15.3777685	48.1667704
	15.378712	48.1670842
	15.3795642	48.1672796
	15.3800669	48.1673011
	15.3803707	48.1673674
	15.381204	48.1676059
	15.3815078	48.1676758
	15.3821341	48.1677045
	15.3828143	48.1677386
	15.3829594	48.1678856
	15.3834164	48.1676579
	15.3840078	48.1679161
	15.3844245	48.1680398
	15.3858009	48.16835
	15.3862901	48.1684988
	15.3870294	48.1686781
	15.3877767	48.1688842
	15.3879622	48.1689703
	15.3887176	48.1691657
	15.3893009	48.1691801
	15.3897956	48.1690492
	15.3906612	48.1689685
	15.3911908	48.1692607
	15.3913924	48.1693289
	15.391844	48.1695584
	15.3919031	48.1697394
	15.392051	48.1699815
	15.3923897	48.170236
	15.3922956	48.1705301
	15.3920322	48.1708725
	15.3920617	48.1710894
	15.3923655	48.1709836
	15.3925107	48.171154
	15.3928467	48.1714516
	15.3931128	48.171681
	15.3933118	48.1717868
	15.3946129	48.1721131
	15.3950161	48.1721866
	15.3963763	48.1725075
	15.3967876	48.1726294
	15.3974597	48.1727441
	15.3982984	48.1728445
	15.4002124	48.173178
	15.4023012	48.1735778
	15.402699	48.1736495
	15.4030915	48.1736746
	15.4029894	48.1740833
	15.4029517	48.1745637
	15.4030431	48.17534
	15.4030593	48.1756393
	15.4028603	48.1769533
	15.4028388	48.1783659
	15.4026829	48.1796977
	15.402691	48.1802659
	15.4025485	48.1808861
	15.4024383	48.1814615
	15.4023765	48.181682
	15.4025351	48.1817071
	15.4022824	48.1825047
	15.402035	48.1834313
	15.4015834	48.1850158
	15.401027	48.1871629
	15.4013065	48.187188
	15.4018334	48.1872364
	15.4028039	48.1873368
	15.4026829	48.1875966
	15.4025915	48.1880483
	15.4026423	48.1883586
	15.4019699	48.1884341
	15.4006969	48.1885598
	15.3992375	48.188798
	15.3982156	48.1889771
	15.3971443	48.1891956
	15.395086	48.1896855
	15.3897681	48.1913364
	15.3885181	48.1917249
	15.3881619	48.1919048
	15.3886249	48.1928891
	15.3884991	48.1962779
	15.3887981	48.1992229
	15.3894967	48.2009531
	15.38955	48.2010874
	15.3901311	48.2025529
	15.3901901	48.2028749
	15.3883771	48.2038909
	15.3872303	48.2045667
	15.3874841	48.2047839
	15.3874801	48.2048309
	15.3877031	48.2049604
	15.3881081	48.2053609
	15.3896141	48.2072089
	15.3897631	48.2074679
	15.3886721	48.2078089
	15.3880271	48.2080699
	15.3877931	48.2078629
	15.3872891	48.2081299
	15.3871551	48.2080149
	15.3864281	48.2081419
	15.3862661	48.2082259
	15.3860701	48.2084469
	15.3858811	48.2090729
	15.3853561	48.2091889
	15.3837871	48.2092079
	15.3834821	48.2094869
	15.3832871	48.2095969
	15.3840971	48.2102179
	15.3840461	48.2103159
	15.3845341	48.2107139
	15.3837671	48.2110919
	15.3833051	48.2114139
	15.3829081	48.2115189
	15.3829401	48.2115419
	15.3827471	48.2116829
	15.3827061	48.2117749
	15.3823871	48.2116829
	15.3818411	48.2119689
	15.3820991	48.2125269
	15.3825151	48.2125229
	15.3830121	48.2129459
	15.3826191	48.2127749
	15.3819791	48.2127749
	15.3813532	48.2130213
	15.3810381	48.2130839
	15.3799591	48.2130969
	15.3797551	48.2128469
	15.3788915	48.2122145
	15.3785121	48.2119779
	15.3774191	48.2119639
	15.3767861	48.2120269
	15.3767161	48.2119479
	15.3762281	48.2119549
	15.3752891	48.2113599
	15.3747961	48.2111829
	15.3730473	48.2102701
	15.3721769	48.2096397
	15.3713813	48.209037
	15.3709	48.2086452
	15.3702444	48.2083226
	15.3697586	48.2081478
	15.369172	48.2082711
	15.3689789	48.2082106
	15.3684674	48.208012
	15.3680627	48.207739
	15.3667859	48.2075366
	15.3643045	48.2072635
	15.3635724	48.2070411
	15.3636824	48.2069071
	15.3627415	48.2067559
	15.3619346	48.206603
	15.3610495	48.2064035
	15.3609687	48.2065005
	15.3594623	48.2061262
	15.3587067	48.2059421
	15.358019	48.2057759
	15.3541284	48.2050568
	15.352953	48.2042018
	15.3522221	48.2035331
	15.3517617	48.2031948
	15.3513646	48.202977
	15.3510314	48.2028215
	15.3509389	48.2028704
	15.3507776	48.2028323
	15.3501329	48.202682
	15.3497965	48.2024969
	15.3494456	48.2022223
	15.3492638	48.2019234
	15.3490628	48.2016004
	15.3489222	48.2013689
	15.3487283	48.2009577
	15.3484843	48.2006049
	15.3483673	48.2004739
	15.34827	48.200367
	15.3480636	48.200211
	15.3477353	48.2000966
	15.3476499	48.200083
	15.3474157	48.2000384
	15.3462888	48.2000175
	15.3456436	48.2000104
	15.3450365	48.199982
	15.3436364	48.1999768
	15.3436641	48.199229
	15.3436531	48.1987443
	15.3435588	48.1982464
	15.3430798	48.1982768
	15.3426835	48.198384
	15.3420363	48.1984557
	15.3416591	48.1984577
	15.3414601	48.1981446
	15.3418165	48.1979235
	15.3423211	48.1977863
	15.3418697	48.197532
	15.3422161	48.1969576
	15.3423304	48.196614
	15.3427474	48.1965776
	15.3432655	48.1964836
	15.3436411	48.1963758
	15.3429524	48.1959248
	15.3421418	48.1959255
	15.3421158	48.195531
	15.3408205	48.1955128
	15.3407294	48.1946126
	15.3406836	48.1944038
	15.3406644	48.1943516
	15.3408648	48.1940223
	15.3401694	48.1939655
	15.3395326	48.1940841
	15.3392785	48.194
	15.3379049	48.1938092
	15.338011	48.1935022
	15.3372023	48.1936497
	15.3357705	48.1936393
	15.3348221	48.193667
	15.3342459	48.1937066
	15.3343272	48.1931881
	15.3344875	48.1926356
	15.3345658	48.1917543
	15.3341241	48.1917199
	15.3334061	48.1917303
	15.3330194	48.191786
	15.3326659	48.1918717
	15.3325369	48.1923456
	15.3321766	48.1922895
	15.331819	48.1922772
	15.3310033	48.1923562
	15.3307817	48.1923135
	15.33024	48.1918922
	15.3301086	48.1916675
	15.3297977	48.1909219
	15.3297026	48.1904247
	15.3296672	48.1901005
	15.3295948	48.189869
	15.3294701	48.1898483
	15.3288196	48.1901115
	15.3287022	48.1900975
	15.3281699	48.1907794
	15.3276282	48.1913549
	15.3261351	48.1911798
	15.3258096	48.1912374
	15.3255821	48.191273
	15.3245574	48.1913295
	15.3243078	48.1913434
	15.3239383	48.1909492
	15.3236618	48.1906709
	15.3233248	48.1904881
	15.3231939	48.190355
	15.3231031	48.1902175
	15.3230794	48.1897144
	15.3232118	48.1893827
	15.3232504	48.1890166
	15.3230725	48.1888181
	15.3224477	48.1889506
	15.3221873	48.1890296
	15.3217767	48.1891309
	15.3214245	48.1891954
	15.3207035	48.1893878
	15.3205211	48.1894761
	15.3203391	48.1896829
	15.3201258	48.1892444
	15.3198861	48.1888047
	15.3197371	48.1886535
	15.3196661	48.1880985
	15.3194514	48.1877257
	15.3192912	48.1875973
	15.3190074	48.1874237
	15.3188671	48.1872927
	15.3187704	48.18714
	15.3186571	48.1868637
	15.3186669	48.1866214
	15.3187271	48.18646
	15.3186264	48.1862111
	15.3185591	48.1860373
	15.3184001	48.1859393
	15.3183724	48.1857944
	15.3184591	48.185615
	15.3183781	48.1852647
	15.3181351	48.1845575
	15.3180657	48.1844449
	15.3179039	48.1841907
	15.3178613	48.1841171
	15.3177399	48.1838238
	15.3176219	48.1835163
	15.3174754	48.1832788
	15.3174233	48.1827962
	15.3173575	48.1822766
END
END
