2772584
1
	13.760642	47.266271
	13.7607568	47.2631957
	13.7607831	47.2596687
	13.7610856	47.256715
	13.7618468	47.2556041
	13.764624	47.2539227
	13.7643724	47.2507592
	13.7646717	47.2489833
	13.7661882	47.2461119
	13.7664956	47.2453486
	13.767598	47.2422276
	13.7708601	47.2378291
	13.7733202	47.2351476
	13.7753383	47.23276
	13.7758088	47.2324314
	13.780096	47.2287621
	13.7816844	47.2266591
	13.781501	47.2260504
	13.7813159	47.225748
	13.7813899	47.2252157
	13.7822053	47.2249312
	13.7822498	47.2245997
	13.7821291	47.2240044
	13.7819537	47.2233311
	13.7813776	47.2228765
	13.7808825	47.2218793
	13.7808293	47.2215277
	13.779823	47.2206511
	13.7795376	47.2202154
	13.7777502	47.2194014
	13.7768575	47.2185969
	13.7769552	47.2162822
	13.7766655	47.2158467
	13.7767578	47.2153814
	13.7766816	47.2145069
	13.7771274	47.2139902
	13.7770528	47.2137133
	13.7783564	47.2126121
	13.7796969	47.209972
	13.7801556	47.2088124
	13.7810707	47.2072188
	13.7811094	47.2063901
	13.7816383	47.2032402
	13.7818899	47.2026086
	13.782201	47.201638
	13.7827624	47.2010393
	13.7830153	47.2006435
	13.7832972	47.2002898
	13.7834708	47.1999417
	13.7834942	47.1996206
	13.7836073	47.1991952
	13.7838833	47.1984591
	13.7837762	47.1983538
	13.7837709	47.1980788
	13.7838175	47.1979512
	13.783997	47.1977644
	13.7845965	47.1970026
	13.7846637	47.1963477
	13.7848725	47.1956993
	13.785296	47.195309
	13.7856192	47.1949159
	13.7860593	47.1943328
	13.7863155	47.1938855
	13.7864864	47.1930891
	13.7865274	47.1928996
	13.7864171	47.1922563
	13.7863975	47.1921846
	13.7861479	47.1918852
	13.7860343	47.1915405
	13.7859438	47.1913778
	13.7856576	47.1910681
	13.7853859	47.1907996
	13.7850119	47.1906104
	13.7846614	47.1903801
	13.7843139	47.1900999
	13.7840688	47.1897864
	13.7838208	47.189536
	13.7835066	47.1892741
	13.7831566	47.1888009
	13.7829498	47.1883335
	13.7824239	47.187684
	13.7826335	47.1868489
	13.7828155	47.1861255
	13.7829255	47.1856757
	13.7827784	47.1845879
	13.782741	47.184078
	13.7830481	47.1835543
	13.7838758	47.18291
	13.7840607	47.1825612
	13.7843438	47.1817184
	13.7844804	47.1810187
	13.7844586	47.1804267
	13.7842434	47.1799135
	13.7841742	47.1796156
	13.7841479	47.1788665
	13.7843133	47.1781421
	13.7845767	47.1777472
	13.7846562	47.177664
	13.7847501	47.1775869
	13.7849545	47.1774598
	13.7850455	47.1772269
	13.7849995	47.1770786
	13.7850646	47.1765895
	13.7851004	47.1764421
	13.7852165	47.1761543
	13.7857312	47.175259
	13.7858165	47.1751045
	13.7858979	47.1749269
	13.7857831	47.1748343
	13.7862467	47.1744934
	13.7867338	47.1741106
	13.7863114	47.1736619
	13.7869476	47.1734518
	13.7875044	47.1733203
	13.7879015	47.173239
	13.7884719	47.1731728
	13.7886564	47.1731215
	13.7890678	47.1730633
	13.7894142	47.1730792
	13.7896196	47.1730546
	13.7897254	47.1729366
	13.7897705	47.1728526
	13.7897781	47.1726382
	13.7897608	47.1724059
	13.7898923	47.172057
	13.7900591	47.1718478
	13.7901895	47.1717416
	13.7901024	47.1710298
	13.7901625	47.1706904
	13.7902996	47.1703917
	13.790441	47.1701656
	13.7901892	47.1700129
	13.7900116	47.1699771
	13.7897875	47.1699568
	13.789614	47.1696228
	13.7894953	47.16929
	13.7895516	47.1691518
	13.7897692	47.1687245
	13.7898606	47.168745
	13.7898407	47.1688394
	13.7901751	47.1687718
	13.7913088	47.1686352
	13.7916954	47.1686199
	13.792385	47.1686622
	13.7923011	47.1685342
	13.7923578	47.1684716
	13.7925894	47.1683652
	13.792744	47.1683121
	13.7935255	47.1681267
	13.7938964	47.1680777
	13.7941781	47.1680722
	13.7942448	47.1681071
	13.7943123	47.1681137
	13.7944471	47.1680471
	13.7944574	47.1677403
	13.7943709	47.1675817
	13.7941366	47.1673681
	13.7940245	47.1670004
	13.7940798	47.1667577
	13.7938488	47.1666067
	13.7936617	47.1664296
	13.793623	47.166324
	13.7936077	47.1661996
	13.7936501	47.1661202
	13.7937226	47.1660561
	13.7939129	47.1659383
	13.79396	47.1658435
	13.7940541	47.165558
	13.7943515	47.1653384
	13.7943554	47.1650081
	13.7943846	47.1648738
	13.7944105	47.1646432
	13.7944048	47.1645439
	13.7943878	47.1644112
	13.7942137	47.1641932
	13.7942663	47.1640442
	13.7943596	47.1639123
	13.7945459	47.1638006
	13.7947692	47.1637347
	13.7950397	47.1637084
	13.7954158	47.1637042
	13.7956113	47.1637543
	13.7957827	47.1636143
	13.7959605	47.163524
	13.7960878	47.1634954
	13.7965874	47.1634643
	13.7970844	47.1633877
	13.7974242	47.1633712
	13.7975426	47.1634045
	13.7983901	47.1635102
	13.798663	47.1635061
	13.7989804	47.1634659
	13.7994446	47.1634347
	13.799872	47.1637756
	13.7999872	47.1638357
	13.8008247	47.1638387
	13.8012663	47.1637994
	13.8019217	47.1639336
	13.8020324	47.1638025
	13.8022975	47.1636839
	13.8027497	47.1635708
	13.8028782	47.1634867
	13.8028754	47.1633902
	13.802834	47.1633081
	13.8026809	47.1632001
	13.8025146	47.1630647
	13.8024752	47.1629802
	13.8025212	47.1623065
	13.8025565	47.1621798
	13.8026923	47.1619789
	13.8026772	47.1617568
	13.8029104	47.1614788
	13.8033209	47.1611787
	13.8035811	47.1610292
	13.8038434	47.1608964
	13.8045064	47.1606808
	13.8047453	47.1605473
	13.8048209	47.1604788
	13.80492	47.1602799
	13.8050177	47.1602702
	13.8051056	47.1602929
	13.8052166	47.1604358
	13.8056642	47.1605523
	13.8059752	47.1605564
	13.8065192	47.1605103
	13.8068916	47.1604627
	13.807245	47.1603945
	13.8075766	47.1604111
	13.8077983	47.1604511
	13.8084832	47.1604216
	13.8087244	47.1603795
	13.8092135	47.160258
	13.8102116	47.1602697
	13.8106616	47.1603252
	13.8115601	47.1604706
	13.8121262	47.1607726
	13.8122822	47.1607593
	13.8125639	47.1608457
	13.8128979	47.1610907
	13.8137361	47.161631
	13.8139146	47.1617007
	13.8140273	47.1616756
	13.8146349	47.1619311
	13.8152625	47.1619777
	13.8158306	47.162069
	13.8166915	47.1622526
	13.8171812	47.1626697
	13.8174323	47.1627984
	13.8179862	47.1629389
	13.8182556	47.1629592
	13.8186445	47.1630559
	13.8188306	47.1631164
	13.8189571	47.1630988
	13.819899	47.1631775
	13.8202448	47.1632203
	13.8205925	47.1632452
	13.8210714	47.1632315
	13.8212894	47.1632901
	13.8216247	47.1633527
	13.8217197	47.1633121
	13.8224177	47.1633831
	13.823136	47.1635589
	13.8232488	47.1635796
	13.823795	47.1635666
	13.8239412	47.1636125
	13.8250755	47.1636908
	13.8252462	47.1636821
	13.8253868	47.1637743
	13.8253856	47.1639486
	13.8253097	47.1640171
	13.8250748	47.1639982
	13.8244768	47.1642857
	13.8241399	47.1642761
	13.8238473	47.1643666
	13.824779	47.1649957
	13.8255509	47.1655788
	13.8262967	47.1661522
	13.8264892	47.166266
	13.8272254	47.1665668
	13.827571	47.1668026
	13.827962	47.1671666
	13.828146	47.1674258
	13.8283112	47.1676467
	13.8285451	47.1679773
	13.8291543	47.1685476
	13.8296931	47.1692195
	13.8304515	47.1697895
	13.8312053	47.1702929
	13.8317251	47.1707491
	13.8317114	47.1714052
	13.8317801	47.1717701
	13.8316766	47.1720677
	13.8317014	47.1723406
	13.8321973	47.1730014
	13.8321862	47.1735179
	13.8322449	47.1737496
	13.8322233	47.1741887
	13.8321964	47.1742981
	13.8320565	47.1750696
	13.8319865	47.175474
	13.8320176	47.1759104
	13.8320187	47.1761549
	13.8320291	47.1766964
	13.8318791	47.1769725
	13.8313681	47.177406
	13.8306545	47.1775291
	13.8306068	47.1777859
	13.830336	47.1780159
	13.8294707	47.1790302
	13.8291706	47.1792517
	13.8289491	47.1795251
	13.8290075	47.1796912
	13.8292939	47.179807
	13.8297809	47.179647
	13.8300206	47.1795781
	13.8304065	47.1796587
	13.8307272	47.1798222
	13.8312568	47.1800432
	13.831945	47.1802919
	13.8323007	47.1803009
	13.8327109	47.1805248
	13.833233	47.1812875
	13.8334483	47.1813182
	13.8335605	47.1810907
	13.8336861	47.1810245
	13.8340813	47.1807462
	13.8341132	47.1806701
	13.8342686	47.1806207
	13.834635	47.180636
	13.8349977	47.1805846
	13.8352429	47.1805596
	13.8359681	47.1805053
	13.8364739	47.1806075
	13.8371721	47.1805675
	13.8375286	47.1805723
	13.8379276	47.1806525
	13.838292	47.1806686
	13.838589	47.1807854
	13.8390127	47.180692
	13.8395685	47.180707
	13.8396068	47.1807571
	13.8394764	47.1811712
	13.8392759	47.1813708
	13.8390396	47.181679
	13.8385973	47.1819415
	13.8386095	47.1820366
	13.8389931	47.1827577
	13.8392211	47.1829276
	13.8394354	47.1830548
	13.8397253	47.1831711
	13.8399308	47.1833026
	13.8400936	47.1834293
	13.8401895	47.1838133
	13.8409418	47.1836935
	13.8413876	47.1835757
	13.8421079	47.1834641
	13.842748	47.1834603
	13.8436707	47.18351
	13.8439996	47.183632
	13.8443515	47.1839499
	13.8442241	47.1841312
	13.8441252	47.1844412
	13.8440682	47.1848162
	13.8438785	47.1853229
	13.8438781	47.1854215
	13.8438967	47.1854919
	13.8441563	47.1857564
	13.8441522	47.1858051
	13.8439969	47.1858969
	13.8435724	47.1856789
	13.8430448	47.1855103
	13.8427498	47.1856339
	13.8421444	47.1859711
	13.8418095	47.1861197
	13.8414768	47.1862298
	13.8412913	47.1863118
	13.841159	47.1866549
	13.841031	47.1867766
	13.8410289	47.1870361
	13.8413707	47.1874098
	13.8415472	47.1874848
	13.8416781	47.1875819
	13.841312	47.1877947
	13.8411226	47.1879515
	13.8411118	47.1882324
	13.8413949	47.1887037
	13.8413892	47.1887805
	13.8415813	47.1889192
	13.8417854	47.1891304
	13.8421912	47.1898442
	13.842383	47.1904194
	13.8423505	47.1909989
	13.8423196	47.1913689
	13.8423548	47.1916178
	13.84263	47.1918086
	13.8431387	47.1916658
	13.8431993	47.1918076
	13.8429847	47.192189
	13.8427901	47.192406
	13.8423496	47.1928113
	13.8420657	47.1934292
	13.8415511	47.1938723
	13.8414075	47.1941251
	13.8417342	47.1941619
	13.8418593	47.194076
	13.8423142	47.1941651
	13.842607	47.194144
	13.8430388	47.1941932
	13.8438168	47.1944816
	13.8439988	47.1945669
	13.8443718	47.1949077
	13.8446259	47.195052
	13.8452182	47.1952726
	13.8453499	47.1952749
	13.8454901	47.195317
	13.8458658	47.195492
	13.8460455	47.1955839
	13.8462912	47.1956697
	13.8466169	47.1956917
	13.8467652	47.1957501
	13.8470076	47.1958847
	13.8474129	47.196061
	13.8477799	47.1961873
	13.8480797	47.1961858
	13.8488271	47.1966224
	13.8493619	47.1967755
	13.8498516	47.1975259
	13.850342	47.1982182
	13.8506351	47.1984767
	13.8510688	47.1987575
	13.8514328	47.1990373
	13.8515878	47.1992258
	13.8520065	47.1993787
	13.8521046	47.1995584
	13.8521226	47.1996493
	13.8522822	47.1999993
	13.8524581	47.2002453
	13.8527524	47.2007216
	13.8533995	47.2017659
	13.8538097	47.2024047
	13.8552115	47.204594
	13.8585245	47.2099671
	13.8598576	47.2120843
	13.861645	47.2149641
	13.8647338	47.2198815
	13.8643567	47.2203278
	13.8631208	47.2214052
	13.861236	47.222892
	13.859517	47.223891
	13.858673	47.224645
	13.857019	47.225647
	13.85538	47.225924
	13.853583	47.22586
	13.8529616	47.2263741
	13.852079	47.226839
	13.8520003	47.2270473
	13.85122	47.227788
	13.850121	47.229644
	13.850005	47.230109
	13.850346	47.230878
	13.851918	47.231457
	13.8519451	47.2320926
	13.852071	47.232541
	13.852876	47.232879
	13.85846	47.233921
	13.858941	47.235068
	13.8592069	47.2351278
	13.859605	47.235403
	13.860107	47.236114
	13.861588	47.236621
	13.86275	47.237638
	13.863977	47.238071
	13.865347	47.238302
	13.866452	47.240156
	13.868127	47.241045
	13.868442	47.242434
	13.868132	47.243526
	13.867734	47.243987
	13.86789	47.24522
	13.867034	47.247246
	13.866263	47.247954
	13.865969	47.248683
	13.865482	47.249128
	13.8643894	47.2514272
	13.864182	47.252169
	13.862375	47.254065
	13.858395	47.25478
	13.854489	47.256174
	13.851633	47.256898
	13.850977	47.257704
	13.850183	47.258164
	13.8491448	47.2584755
	13.847541	47.259136
	13.846913	47.259891
	13.845326	47.260438
	13.844657	47.261084
	13.842974	47.26111
	13.840385	47.261611
	13.839647	47.262351
	13.838592	47.262982
	13.836267	47.263605
	13.834766	47.263546
	13.833327	47.263778
	13.831838	47.264361
	13.830642	47.265129
	13.827429	47.265943
	13.826568	47.266422
	13.825222	47.266544
	13.823621	47.267011
	13.8235077	47.2674417
	13.8230711	47.2679575
	13.822971	47.268353
	13.8225196	47.2690295
	13.82212	47.2692836
	13.821937	47.269672
	13.821333	47.27017
	13.8214666	47.2702405
	13.8216897	47.2705001
	13.821811	47.2707603
	13.822206	47.27105
	13.822473	47.2714792
	13.8228485	47.2726025
	13.823304	47.273305
	13.827246	47.274219
	13.826088	47.275996
	13.82338	47.27819
	13.823522	47.278722
	13.824294	47.279035
	13.8251342	47.2801422
	13.826453	47.281691
	13.827138	47.282988
	13.826321	47.284243
	13.824386	47.285679
	13.823587	47.286993
	13.822988	47.290195
	13.823956	47.291804
	13.825343	47.2932029
	13.823196	47.294161
	13.818149	47.295427
	13.817173	47.296192
	13.8157867	47.2956189
	13.814994	47.295455
	13.8137751	47.2949466
	13.81268	47.294408
	13.809863	47.294023
	13.809702	47.293838
	13.808347	47.293421
	13.807083	47.293372
	13.804537	47.292711
	13.802649	47.291515
	13.803195	47.290279
	13.8029422	47.2900969
	13.802681	47.289852
	13.802272	47.289913
	13.801778	47.289429
	13.801041	47.289137
	13.800135	47.288456
	13.797586	47.287391
	13.7972698	47.2873504
	13.796623	47.28749
	13.796049	47.287342
	13.7949422	47.2875469
	13.7947824	47.2876484
	13.793967	47.287717
	13.792937	47.288182
	13.791582	47.288251
	13.790909	47.288773
	13.7897677	47.2889085
	13.789334	47.289019
	13.788438	47.28671
	13.788655	47.283981
	13.789193	47.283738
	13.791138	47.281434
	13.790001	47.280563
	13.7888102	47.2799165
	13.788526	47.279863
	13.7868135	47.2782595
	13.786249	47.277906
	13.785307	47.276567
	13.784622	47.276085
	13.783932	47.275248
	13.783141	47.274927
	13.782239	47.274941
	13.77789	47.274047
	13.77499	47.271798
	13.768776	47.270168
	13.767049	47.269462
	13.7636596	47.2678224
	13.760642	47.266271
END
END
