2779138
1
	16.3106961	48.2028681
	16.3107315	48.2028595
	16.3114057	48.2027008
	16.3129688	48.2019183
	16.3146193	48.2011065
	16.3155941	48.2006162
	16.3164336	48.2002089
	16.3181864	48.1993213
	16.3184064	48.1992065
	16.3185274	48.1991447
	16.3186108	48.1990992
	16.3182575	48.1990901
	16.3178743	48.1990908
	16.3176645	48.1990857
	16.3162921	48.1990708
	16.3143526	48.199048
	16.3142783	48.1986
	16.3141001	48.1975653
	16.3139269	48.1965205
	16.3132924	48.1953611
	16.3127818	48.1944281
	16.3136947	48.1942081
	16.3147226	48.1939606
	16.3157982	48.1937032
	16.3169056	48.1934349
	16.3163734	48.1924506
	16.3166706	48.1921901
	16.3169271	48.1919696
	16.3175167	48.1916565
	16.3187391	48.1912954
	16.3205438	48.1907537
	16.3203042	48.190228
	16.3203353	48.1900139
	16.3200094	48.1899884
	16.319669	48.1899788
	16.3194149	48.1899852
	16.3189883	48.1900107
	16.317212	48.1901268
	16.3160076	48.1902006
	16.3158222	48.1902119
	16.3156319	48.1902135
	16.3154404	48.190202
	16.3154064	48.1901427
	16.3144745	48.1884275
	16.314488	48.1884172
	16.3145361	48.1883803
	16.3145929	48.1883315
	16.3146228	48.188302
	16.3146577	48.1882621
	16.3146767	48.1882383
	16.3146977	48.1882094
	16.3147306	48.1881586
	16.31476	48.1881051
	16.3147727	48.1880758
	16.3147854	48.188043
	16.3147972	48.188001
	16.3148029	48.1879785
	16.3148189	48.1879518
	16.3148404	48.1879252
	16.3148697	48.1878971
	16.3146955	48.187643
	16.3146028	48.1876534
	16.3145739	48.1876461
	16.3145125	48.1876306
	16.3144818	48.1876098
	16.3144452	48.1876172
	16.3142055	48.1871851
	16.3167233	48.1867353
	16.3170423	48.1866573
	16.3173592	48.1865707
	16.3179983	48.1863987
	16.3201313	48.1858213
	16.3217511	48.1853531
	16.3243935	48.1845681
	16.3258208	48.184147
	16.3263754	48.1840025
	16.3268379	48.1838934
	16.327197	48.18383
	16.327655	48.1837758
	16.3286427	48.1837288
	16.3301359	48.1837308
	16.3308412	48.1837631
	16.3314187	48.1838053
	16.3315079	48.1838122
	16.3317299	48.1838293
	16.3320213	48.1838641
	16.3324933	48.1839542
	16.3330486	48.1841299
	16.3336224	48.1843234
	16.3339958	48.1844744
	16.334278	48.1846207
	16.3345983	48.1848145
	16.3351597	48.1852103
	16.3359559	48.1858277
	16.3364204	48.1863451
	16.3369521	48.1870274
	16.3371021	48.1871809
	16.3373052	48.1873604
	16.3377545	48.1876968
	16.3378104	48.1877343
	16.3380081	48.1878671
	16.3380482	48.187894
	16.3383582	48.1880803
	16.338705	48.1882163
	16.3390566	48.1883152
	16.3388863	48.1885165
	16.3387236	48.1886538
	16.3381873	48.188994
	16.3381778	48.189018
	16.3379923	48.1894886
	16.3375751	48.1904053
	16.3375003	48.1905916
	16.3373797	48.1905789
	16.3373647	48.1905754
	16.3373251	48.1908628
	16.3374109	48.1908739
	16.3374191	48.1909987
	16.3374205	48.1910169
	16.3374238	48.1910692
	16.33751	48.1913277
	16.3374884	48.1913521
	16.3377922	48.1918879
	16.3379848	48.1920956
	16.3383888	48.1928577
	16.3384075	48.1928753
	16.3391907	48.194268
	16.3390906	48.1942966
	16.3392794	48.1946341
	16.3393401	48.1947568
	16.3393751	48.1948574
	16.3393956	48.194962
	16.3394005	48.1950698
	16.3393908	48.1951518
	16.339316	48.1952484
	16.339287	48.1953208
	16.3392629	48.1954004
	16.3392303	48.19555
	16.3391615	48.1958469
	16.3392406	48.1958746
	16.3390389	48.1964269
	16.3390252	48.1964866
	16.3390166	48.1965884
	16.3389936	48.1966553
	16.3387895	48.1971961
	16.3387154	48.1973256
	16.3386513	48.1974912
	16.3385929	48.1976788
	16.3385765	48.1977849
	16.3385744	48.1980138
	16.3385436	48.1981056
	16.3380108	48.1995034
	16.33796	48.1996247
	16.3379795	48.1996398
	16.3379393	48.1997449
	16.3379228	48.1997437
	16.3375945	48.2006104
	16.3372588	48.201647
	16.3372315	48.2018366
	16.3371741	48.2022202
	16.3371581	48.2023071
	16.3371426	48.2025048
	16.3371784	48.2025063
	16.3371632	48.2026746
	16.3371361	48.2027519
	16.3370141	48.2041934
	16.336996	48.2041926
	16.3369348	48.2041897
	16.336864	48.2041863
	16.3367537	48.2041797
	16.3356565	48.20414
	16.3343844	48.2040886
	16.3336691	48.2040593
	16.3324563	48.2042383
	16.3310565	48.2044495
	16.3292649	48.2047194
	16.3280301	48.2049028
	16.3273311	48.205011
	16.3247108	48.2054062
	16.3234787	48.2055984
	16.3221256	48.2058051
	16.3203865	48.2060651
	16.3188751	48.2062961
	16.3175505	48.2064965
	16.3160834	48.2067256
	16.3151803	48.2068657
	16.3147773	48.2069114
	16.3142027	48.2070091
	16.3127356	48.2072374
	16.3127496	48.2072308
	16.3125159	48.206596
	16.3125491	48.2060287
	16.3123853	48.2054808
	16.3125021	48.2054618
	16.31249	48.2052784
	16.3125059	48.2051072
	16.3126082	48.2043294
	16.3125914	48.2043339
	16.3119886	48.2044659
	16.3119473	48.2044744
	16.3116038	48.2045452
	16.3111955	48.2037664
	16.3107704	48.202999
	16.3106961	48.2028681
END
END
