7871680
1
	14.615255	46.9979457
	14.6154245	46.9978799
	14.6158466	46.9975136
	14.6163392	46.9971328
	14.6170111	46.9965613
	14.6180259	46.9958184
	14.6183952	46.9954845
	14.6188784	46.9950213
	14.6200436	46.9940046
	14.6211333	46.9930261
	14.6215738	46.9926036
	14.6220051	46.9921973
	14.6224082	46.9918311
	14.6226441	46.9915877
	14.6227652	46.9909571
	14.6228835	46.9903364
	14.6228678	46.9901191
	14.6228494	46.9892607
	14.6230942	46.9882361
	14.6234154	46.9878139
	14.6240568	46.9869763
	14.6248996	46.9864453
	14.6258931	46.985832
	14.6269262	46.984983
	14.6270424	46.9849069
	14.628418	46.9844377
	14.6285733	46.984291
	14.6292913	46.9834623
	14.6296504	46.9830357
	14.6300675	46.9825424
	14.6306516	46.9821356
	14.6310972	46.9818311
	14.6314959	46.9813221
	14.6323096	46.9809021
	14.6329395	46.9801116
	14.6334227	46.9794732
	14.633902	46.9788558
	14.6345058	46.978088
	14.6347689	46.9777554
	14.6349607	46.9776335
	14.6355301	46.9774832
	14.6356719	46.977396
	14.6361504	46.9773518
	14.6370283	46.9771516
	14.6378092	46.9770225
	14.638698	46.97679
	14.63908	46.9766866
	14.6395261	46.9764995
	14.6399025	46.9762966
	14.6407284	46.9757798
	14.6411741	46.9756117
	14.6412651	46.9755269
	14.6419819	46.9749479
	14.6428488	46.9742803
	14.6431635	46.9741526
	14.6438015	46.9733819
	14.644031	46.9732348
	14.644728	46.972745
	14.6452935	46.9723865
	14.6455381	46.9721055
	14.6457248	46.9717687
	14.6473479	46.9711398
	14.6478645	46.9709916
	14.6485408	46.9708648
	14.6490317	46.9706558
	14.6493637	46.9706064
	14.6502726	46.9702263
	14.6509348	46.9700657
	14.6516061	46.9698982
	14.6522012	46.9698803
	14.6529861	46.9697572
	14.6533883	46.9696814
	14.6542824	46.9695216
	14.6546388	46.9693479
	14.6548887	46.9693434
	14.6552033	46.9693998
	14.6554821	46.9691897
	14.6558005	46.9691339
	14.6561619	46.968931
	14.6566273	46.9689222
	14.6571511	46.9688279
	14.657724	46.9684625
	14.6584403	46.9682817
	14.6586487	46.9681658
	14.6591105	46.9681892
	14.659398	46.9681274
	14.6595612	46.9679924
	14.6600525	46.9678497
	14.6604749	46.9678596
	14.6610181	46.967918
	14.6616079	46.9680054
	14.6625438	46.9679168
	14.663299	46.9676249
	14.664136	46.9675601
	14.6649382	46.967448
	14.6655986	46.9672313
	14.6661534	46.9669408
	14.6665587	46.9666174
	14.6670819	46.9662306
	14.6676938	46.9658546
	14.6683408	46.9655958
	14.668918	46.9653811
	14.6698818	46.9651049
	14.6702073	46.965187
	14.6704323	46.9652739
	14.6704762	46.9651789
	14.6707884	46.9650385
	14.6709165	46.9649998
	14.6715093	46.96456
	14.6715692	46.9644506
	14.672425	46.9642175
	14.672843	46.9640757
	14.6736364	46.963484
	14.6741266	46.9631476
	14.6747231	46.9629723
	14.6751471	46.9627409
	14.6754502	46.962526
	14.6759248	46.9623805
	14.6762281	46.9622281
	14.6767448	46.961926
	14.6770712	46.9617186
	14.6773062	46.9616133
	14.6773258	46.9615237
	14.6775039	46.9613904
	14.6777211	46.9613159
	14.6780028	46.9611527
	14.6783909	46.9608583
	14.6787555	46.9605541
	14.6787417	46.9604243
	14.6787819	46.9602504
	14.6789103	46.960107
	14.6791715	46.9601532
	14.6793605	46.9601291
	14.6795987	46.9600358
	14.6796239	46.9597658
	14.6805582	46.9590838
	14.680789	46.9587574
	14.681017	46.9585424
	14.6815077	46.957845
	14.6820806	46.9572624
	14.6824721	46.9569549
	14.6829997	46.9566607
	14.68328	46.9564215
	14.6835227	46.9560305
	14.683886	46.9558343
	14.6840456	46.9555205
	14.6841726	46.9554199
	14.6848936	46.9551724
	14.6858583	46.9550866
	14.6861396	46.9549955
	14.6863755	46.9549957
	14.6867568	46.9551237
	14.6869033	46.9552205
	14.6879452	46.9551966
	14.6881812	46.9552146
	14.6884127	46.9552722
	14.6888181	46.9554813
	14.6895018	46.9556168
	14.6899753	46.9556507
	14.6908131	46.9556216
	14.691248	46.9556586
	14.6915916	46.9556391
	14.6919174	46.9557929
	14.692135	46.9560075
	14.6926585	46.9563486
	14.6932771	46.9567554
	14.6936809	46.956967
	14.6946282	46.9572518
	14.6948513	46.9572459
	14.6955824	46.9575683
	14.6965632	46.9578868
	14.6967112	46.9580027
	14.6969583	46.9580865
	14.6973672	46.9581713
	14.6979	46.9583808
	14.6981803	46.95855
	14.6986131	46.958735
	14.6991305	46.958877
	14.6993712	46.9590095
	14.7000721	46.9593505
	14.700408	46.9594342
	14.7007531	46.9593686
	14.701051	46.9593404
	14.7013586	46.9602093
	14.7013747	46.9603496
	14.7015495	46.9607358
	14.7017064	46.9609107
	14.7018123	46.9610554
	14.701817	46.9611402
	14.7020693	46.9613211
	14.7024287	46.9616176
	14.7027174	46.9617925
	14.7029701	46.9621219
	14.703281	46.9626879
	14.7035045	46.9632559
	14.7037077	46.9635156
	14.7039897	46.9640288
	14.7042672	46.9644381
	14.704561	46.9647647
	14.7046769	46.9649276
	14.704319	46.9654292
	14.7041103	46.9656058
	14.7039301	46.9657949
	14.7037776	46.9659864
	14.7035879	46.9661612
	14.7031983	46.9664335
	14.702719	46.9666955
	14.7025313	46.9668535
	14.7024303	46.9669773
	14.7020282	46.9675191
	14.7024467	46.9677352
	14.7028486	46.9678959
	14.7032474	46.9679704
	14.703627	46.9680659
	14.7039718	46.9681717
	14.7043671	46.968233
	14.7052189	46.9685019
	14.7055266	46.9685567
	14.7064017	46.9687958
	14.7071699	46.9688519
	14.7077656	46.9688668
	14.7086194	46.9689552
	14.7095089	46.9689863
	14.7104195	46.9689635
	14.7107323	46.9689052
	14.711525	46.9687214
	14.7118922	46.9686932
	14.7122012	46.9686894
	14.7128185	46.968471
	14.7137968	46.9684317
	14.7145546	46.9683264
	14.7149227	46.968232
	14.7152328	46.9680911
	14.7156042	46.967882
	14.7167259	46.9677905
	14.7170211	46.9677598
	14.7183866	46.9680856
	14.7185091	46.9680911
	14.7188476	46.9681861
	14.7189814	46.968267
	14.7197635	46.9686096
	14.7199046	46.9686412
	14.7213494	46.9693477
	14.7216966	46.969567
	14.7219678	46.9696817
	14.7224512	46.9698367
	14.7229012	46.9700512
	14.7235762	46.9703144
	14.7241166	46.9705986
	14.7244499	46.9707561
	14.724714	46.9707746
	14.7254784	46.9706094
	14.7257677	46.970449
	14.7263879	46.9701316
	14.7268118	46.9699414
	14.7276087	46.9697575
	14.7283217	46.9697255
	14.7285522	46.9696704
	14.7291794	46.9691335
	14.7303588	46.968721
	14.7309339	46.9684685
	14.7312716	46.9684117
	14.7315968	46.9684016
	14.7333324	46.9682403
	14.7339401	46.9680607
	14.7342996	46.9679556
	14.7345911	46.9677391
	14.7350249	46.9673717
	14.7351393	46.967214
	14.7355174	46.967177
	14.7359071	46.967212
	14.7362357	46.9673538
	14.7367268	46.9676567
	14.7370937	46.9678515
	14.7373224	46.9680091
	14.737622	46.9683822
	14.7380209	46.9687031
	14.7383274	46.9691393
	14.738509	46.9692328
	14.7386581	46.9692929
	14.7388202	46.9693368
	14.7390974	46.9694268
	14.7395962	46.9696584
	14.7398778	46.9697473
	14.7408896	46.9698498
	14.7415345	46.9699111
	14.742053	46.9699637
	14.7424188	46.9700511
	14.7432575	46.9702213
	14.7436057	46.9702857
	14.7443429	46.9704249
	14.7451136	46.9705537
	14.7455618	46.9706618
	14.7460378	46.9706848
	14.746394	46.9706383
	14.7467065	46.970481
	14.7469909	46.9703036
	14.7471134	46.9701087
	14.7477079	46.9697842
	14.7484059	46.9694918
	14.7494374	46.9691191
	14.7499073	46.9690041
	14.7504998	46.96897
	14.7515087	46.9687209
	14.7518803	46.9686654
	14.7521484	46.9682883
	14.7525754	46.9678075
	14.7524244	46.9677956
	14.752617	46.9676965
	14.7529599	46.9674167
	14.7530256	46.9672572
	14.7528629	46.9667787
	14.75282	46.9665773
	14.7528066	46.9665133
	14.7528227	46.9664675
	14.7528776	46.9664406
	14.7530614	46.9665499
	14.7533886	46.9665664
	14.7536837	46.9666194
	14.754432	46.9668702
	14.7548558	46.9670258
	14.7550167	46.9673424
	14.7552555	46.9675127
	14.7555183	46.9676152
	14.7558536	46.9681679
	14.7564383	46.9682393
	14.7566583	46.968426
	14.7569962	46.9687061
	14.7573556	46.9689037
	14.7577821	46.9691344
	14.7580476	46.9692515
	14.7585126	46.9695434
	14.7586699	46.9698006
	14.7588013	46.9701447
	14.7589113	46.9704339
	14.7590374	46.9708347
	14.7591393	46.9711477
	14.7592225	46.9713289
	14.7592895	46.9715064
	14.7593539	46.9717883
	14.7594612	46.971931
	14.7596918	46.9721397
	14.7601076	46.9725405
	14.7607996	46.9729138
	14.7612209	46.9730894
	14.7619556	46.973009
	14.7623392	46.9729724
	14.7625913	46.9729779
	14.7631063	46.9730072
	14.7638332	46.9729559
	14.764324	46.9729102
	14.7645118	46.9728795
	14.7646164	46.9728022
	14.765067	46.9728425
	14.7654318	46.9729815
	14.7657402	46.9733586
	14.7659548	46.9736368
	14.7660889	46.9738637
	14.7663062	46.9740119
	14.7664825	46.974134
	14.7668587	46.9743176
	14.7671645	46.9744036
	14.767363	46.9744512
	14.7677214	46.9743895
	14.7678934	46.9743335
	14.7682964	46.9742059
	14.7687094	46.9741108
	14.7691788	46.9740046
	14.7694685	46.9739717
	14.7700076	46.9740138
	14.7705166	46.9741395
	14.7709786	46.9744164
	14.7711556	46.9746909
	14.7715713	46.974927
	14.7725289	46.9751521
	14.7729741	46.9751338
	14.7734113	46.9751411
	14.7738003	46.9751613
	14.7742321	46.9752052
	14.7744809	46.9752321
	14.7747954	46.9752912
	14.7750448	46.9752381
	14.7754766	46.9756426
	14.7756993	46.9758402
	14.7758173	46.9759153
	14.7764637	46.9760489
	14.7768312	46.9760781
	14.7771416	46.9760977
	14.7773562	46.9760611
	14.7777377	46.9759683
	14.7779175	46.9759189
	14.7780804	46.9759037
	14.7781367	46.9760044
	14.7782628	46.9762588
	14.7782977	46.9763759
	14.7783245	46.9764711
	14.7783251	46.9765796
	14.7783084	46.9767016
	14.7781196	46.9769531
	14.7778175	46.9772561
	14.7773937	46.977699
	14.777253	46.977935
	14.777228	46.9783126
	14.7773245	46.9786676
	14.777464	46.9788982
	14.777684	46.9791508
	14.7779677	46.9794265
	14.7782306	46.9795656
	14.7784452	46.9798913
	14.7783379	46.9803818
	14.7783701	46.980627
	14.7781126	46.9810259
	14.7778819	46.9810808
	14.7777054	46.9810942
	14.7771094	46.9811247
	14.7769324	46.9812784
	14.7767876	46.9815017
	14.7767339	46.9817542
	14.7771684	46.9821751
	14.7773192	46.9823861
	14.7773777	46.9825813
	14.7772811	46.9828851
	14.7771958	46.9830119
	14.7769753	46.9832437
	14.7767983	46.9833572
	14.7761814	46.9835475
	14.7759244	46.9836669
	14.7751836	46.9840927
	14.7745882	46.9844184
	14.7742073	46.9847441
	14.7738693	46.9850918
	14.7737304	46.9851857
	14.7733651	46.9854065
	14.773064	46.9857339
	14.7729365	46.9858457
	14.7727586	46.9860325
	14.7725108	46.98624
	14.7723174	46.9864409
	14.7721519	46.9865863
	14.7718906	46.9867757
	14.7716894	46.9869117
	14.771343	46.987225
	14.770281	46.98802
	14.7696245	46.9885816
	14.7690716	46.9888932
	14.7685698	46.9892884
	14.768409	46.9895455
	14.7681138	46.9897398
	14.7676116	46.9898616
	14.766704	46.989817
	14.7662184	46.9898537
	14.7659663	46.9899833
	14.7659318	46.9901324
	14.7659731	46.9903668
	14.7660033	46.9905773
	14.7659795	46.9909923
	14.7658472	46.9912816
	14.7657885	46.9913702
	14.7656397	46.9915193
	14.7654613	46.9916327
	14.7650982	46.9918101
	14.764881	46.9918335
	14.7644757	46.9918685
	14.7639781	46.9919124
	14.7634033	46.9919823
	14.7632	46.9920359
	14.7629254	46.9921958
	14.7626255	46.9925092
	14.7624308	46.9927895
	14.7622666	46.993119
	14.7622154	46.9932849
	14.7622132	46.9933614
	14.7621261	46.9935829
	14.7619818	46.9939221
	14.7618882	46.9941415
	14.7619981	46.9941649
	14.7627162	46.9944417
	14.7631327	46.9945255
	14.763243	46.9945618
	14.7635029	46.9947993
	14.7634725	46.9948482
	14.7635514	46.995
	14.7638014	46.9952307
	14.7644454	46.9953891
	14.7645706	46.9956934
	14.7648107	46.9957998
	14.7648657	46.9959879
	14.7651277	46.9963093
	14.7656229	46.9966179
	14.765978	46.9969644
	14.7662983	46.9973435
	14.7662881	46.9975001
	14.7664139	46.997664
	14.7666952	46.9977348
	14.7667483	46.9978262
	14.7667286	46.9979856
	14.7670659	46.9983302
	14.7673867	46.9988333
	14.7675031	46.9989119
	14.7679293	46.9991
	14.7682501	46.9994724
	14.7684601	46.9995652
	14.7688166	46.999578
	14.7690231	46.9996546
	14.7692189	46.9999105
	14.7696896	47.0000377
	14.7718102	47.0013609
	14.7718786	47.001459
	14.7725068	47.001744
	14.7727111	47.001701
	14.7729955	47.0018563
	14.7731988	47.0019335
	14.7733897	47.0019754
	14.7736572	47.0018418
	14.7738033	47.0017202
	14.7741177	47.0010974
	14.7747475	47.0005347
	14.7749891	47.0000594
	14.7756954	46.9995107
	14.7760559	46.9991644
	14.7761937	46.9988066
	14.7762206	46.9984537
	14.7768104	46.9986026
	14.7769635	46.9991774
	14.7770268	46.9995685
	14.7774933	46.9995368
	14.7786517	46.999387
	14.7793392	46.9992621
	14.7801092	46.9989665
	14.7805727	46.9986701
	14.7807173	46.9986739
	14.7808353	46.9987146
	14.7808667	46.9988111
	14.7809412	46.9990815
	14.7813047	46.9995558
	14.7815659	46.9996301
	14.7817821	46.9998582
	14.7818924	47.0000499
	14.782181	47.0003009
	14.782424	47.000429
	14.7825916	47.0005998
	14.7824685	47.0008332
	14.7828762	47.0009589
	14.7830564	47.0011288
	14.7850721	47.0020008
	14.7862094	47.0025082
	14.7867072	47.0028148
	14.7875977	47.0030925
	14.7879812	47.0032318
	14.7882462	47.0034343
	14.7886268	47.0036403
	14.7895959	47.0035779
	14.7903971	47.0035816
	14.7907849	47.0033921
	14.7909483	47.0032591
	14.7917079	47.0026469
	14.792619	47.0021707
	14.7927293	47.0020046
	14.792918	47.0018788
	14.7931486	47.0017251
	14.7937145	47.0013478
	14.7938708	47.0012779
	14.7941814	47.0009797
	14.7945435	47.0008954
	14.7954938	47.0002387
	14.795784	46.9998623
	14.7959715	46.9995771
	14.7966764	46.9997273
	14.7969766	46.9996168
	14.7974645	46.9996587
	14.7978534	46.9997461
	14.7980744	46.999925
	14.7983191	46.9999883
	14.7984406	47.0001626
	14.7984081	47.0003197
	14.7986508	47.0004639
	14.7986854	47.0006651
	14.7987334	47.0011197
	14.7988748	47.0013941
	14.7988761	47.0016726
	14.7986867	47.0018697
	14.7982868	47.0019847
	14.7979856	47.002131
	14.7978802	47.0023957
	14.7980132	47.0026127
	14.7978743	47.0029653
	14.797678	47.003207
	14.797402	47.0032574
	14.7966496	47.0032743
	14.7963755	47.0031995
	14.7961445	47.0030197
	14.7960437	47.0029992
	14.795931	47.0030489
	14.7957258	47.0032582
	14.7956065	47.0034522
	14.7956435	47.0038164
	14.7957457	47.0040575
	14.7958755	47.0041823
	14.7960861	47.0042735
	14.7963862	47.0042946
	14.796685	47.004527
	14.7974191	47.0046683
	14.7975905	47.0046461
	14.798124	47.0046889
	14.7994536	47.0048451
	14.8000729	47.0049018
	14.8002843	47.0050284
	14.8007483	47.0049701
	14.801065	47.0047758
	14.8013791	47.0044784
	14.8015462	47.004084
	14.8016629	47.003842
	14.801918	47.0036253
	14.8024574	47.0036593
	14.8032929	47.0038658
	14.803618	47.0039761
	14.8040815	47.0041625
	14.8042295	47.0043041
	14.8042368	47.0043657
	14.8044503	47.0044215
	14.8048314	47.0044614
	14.8050945	47.0044455
	14.8056468	47.004739
	14.8060338	47.0049589
	14.8064879	47.0055144
	14.8066931	47.0057163
	14.807133	47.006021
	14.8074938	47.0062169
	14.8081364	47.0067448
	14.8081976	47.0069751
	14.8084368	47.0072412
	14.8090607	47.0077059
	14.8094539	47.0078248
	14.8096116	47.0078687
	14.8097889	47.0080019
	14.8100765	47.0081237
	14.8105413	47.008013
	14.8114152	47.008101
	14.8118886	47.0081895
	14.8123346	47.0083629
	14.8128858	47.0085175
	14.8131972	47.008711
	14.8138179	47.0092604
	14.8139088	47.0094923
	14.8141306	47.0098085
	14.8143803	47.0101231
	14.8149645	47.0104355
	14.8150831	47.0103711
	14.8154259	47.0104748
	14.8160996	47.0106454
	14.8170813	47.0109644
	14.8179737	47.0110121
	14.818089	47.0110712
	14.818169	47.0111493
	14.8187156	47.011349
	14.8190326	47.0114366
	14.8194465	47.0114642
	14.8198527	47.0113575
	14.8200583	47.0112747
	14.8204617	47.0110681
	14.821268	47.010804
	14.8218708	47.0106915
	14.8223116	47.0107555
	14.8226378	47.0107963
	14.8227598	47.0107493
	14.8232509	47.0108283
	14.8233671	47.0109752
	14.8237445	47.011056
	14.823917	47.0111757
	14.8245786	47.0113815
	14.8251502	47.0115895
	14.825178	47.0116827
	14.825409	47.0118101
	14.8255845	47.0118523
	14.8257776	47.0118285
	14.8263489	47.0121268
	14.826605	47.0123055
	14.8269714	47.0126621
	14.8274459	47.0129074
	14.8278083	47.0131416
	14.8281945	47.0134887
	14.8282726	47.0136155
	14.8288192	47.0137887
	14.8296086	47.0137905
	14.8301016	47.0136921
	14.8304948	47.0135438
	14.8309406	47.0133364
	14.8319316	47.0132087
	14.8325813	47.013507
	14.8330204	47.0138629
	14.8331531	47.014061
	14.8331333	47.0144172
	14.8330587	47.0146111
	14.833221	47.0151308
	14.833229	47.0153925
	14.8332848	47.0157703
	14.8334326	47.0160929
	14.8335681	47.0162134
	14.8341131	47.0165155
	14.8345996	47.0167695
	14.8351176	47.0171127
	14.8353834	47.0173759
	14.835422	47.0175542
	14.8355853	47.0176787
	14.835768	47.0177091
	14.8359292	47.0177078
	14.8362178	47.0180289
	14.8366097	47.0182849
	14.8367725	47.0184451
	14.8367894	47.0186739
	14.8371236	47.019057
	14.8371837	47.0191883
	14.8372604	47.0193585
	14.8375332	47.0195101
	14.8378293	47.0197844
	14.8378523	47.0199137
	14.8377974	47.0200492
	14.8377547	47.0205699
	14.8375686	47.0211267
	14.8371963	47.0215199
	14.8372518	47.0217338
	14.8374846	47.0221414
	14.8378169	47.0225513
	14.8382233	47.0229188
	14.8384668	47.0230156
	14.8388112	47.0233154
	14.8387622	47.0233511
	14.8394631	47.0244431
	14.8394866	47.024723
	14.8396037	47.0249462
	14.8397489	47.025424
	14.839613	47.0258462
	14.8399308	47.0265137
	14.8399791	47.026943
	14.8401143	47.0273015
	14.8403699	47.0276758
	14.8408175	47.0280025
	14.8414342	47.0283243
	14.8421967	47.0292344
	14.8425231	47.0302046
	14.842738	47.0307648
	14.8429126	47.0308782
	14.8430915	47.0311127
	14.8431116	47.0314303
	14.8443369	47.0321363
	14.8463085	47.0328104
	14.8469694	47.0329305
	14.8449312	47.0355521
	14.8441311	47.0360274
	14.842974	47.0367171
	14.841385	47.037588
	14.840387	47.038371
	14.840638	47.041139
	14.840108	47.042284
	14.8403216	47.0426895
	14.8408376	47.0434572
	14.8416919	47.0446553
	14.8424759	47.0459062
	14.8435097	47.0476042
	14.844473	47.0481
	14.8442147	47.048217
	14.8436442	47.0483846
	14.843233	47.0484437
	14.8429723	47.048468
	14.842427	47.048644
	14.84086	47.048671
	14.840634	47.048489
	14.839532	47.048405
	14.8377739	47.0483746
	14.835205	47.048242
	14.834003	47.048489
	14.8332805	47.0489041
	14.832658	47.049323
	14.831648	47.04959
	14.830539	47.049571
	14.8300765	47.0494117
	14.8295997	47.0491803
	14.8294986	47.0490348
	14.829029	47.048855
	14.8289123	47.0488282
	14.8284271	47.0488253
	14.8275225	47.0486334
	14.8271089	47.048466
	14.826766	47.0484416
	14.825613	47.048208
	14.8254605	47.0481556
	14.8252906	47.0479733
	14.8249536	47.0478682
	14.824673	47.047754
	14.8244232	47.0475629
	14.8242228	47.0473918
	14.8240776	47.0469994
	14.82384	47.046769
	14.823655	47.0466337
	14.823454	47.046341
	14.8234485	47.0460246
	14.823576	47.045764
	14.823508	47.0455671
	14.82334	47.04532
	14.8230145	47.0451774
	14.8229051	47.045179
	14.8226783	47.0450065
	14.8225347	47.0448621
	14.8219745	47.0446412
	14.8219144	47.0445049
	14.8218508	47.0444636
	14.821389	47.044334
	14.8208779	47.0442877
	14.8202105	47.0441918
	14.8198109	47.0441144
	14.8194159	47.0440259
	14.8192203	47.0439449
	14.8185779	47.0438959
	14.818055	47.043797
	14.8177453	47.0436401
	14.817301	47.043224
	14.8170835	47.042528
	14.8171189	47.0422205
	14.81708	47.042155
	14.8169479	47.0420587
	14.8165395	47.0417957
	14.8161444	47.0416039
	14.8158297	47.0415651
	14.8157543	47.0415243
	14.8156136	47.0414014
	14.814905	47.041076
	14.814477	47.0409665
	14.8142448	47.0408491
	14.813929	47.040792
	14.813546	47.0407899
	14.8131133	47.0408382
	14.81231	47.040957
	14.811943	47.0408411
	14.8115984	47.040675
	14.8113615	47.0404993
	14.8111709	47.0403254
	14.8109794	47.0401832
	14.810249	47.039844
	14.8092714	47.0394393
	14.808507	47.0392968
	14.8083348	47.0391959
	14.807665	47.038951
	14.8074321	47.0389821
	14.807158	47.03906
	14.8066689	47.0395199
	14.80632	47.039716
	14.805669	47.039653
	14.8055815	47.0395649
	14.8054682	47.039276
	14.805315	47.038998
	14.804872	47.038878
	14.803928	47.038924
	14.803758	47.039167
	14.802948	47.039235
	14.80251	47.038894
	14.801647	47.038646
	14.8011859	47.0386182
	14.800378	47.038466
	14.799338	47.038574
	14.798974	47.038432
	14.7985654	47.0384062
	14.797991	47.03846
	14.79671	47.037825
	14.796507	47.0376202
	14.795954	47.036792
	14.795266	47.036515
	14.7945509	47.0365574
	14.7942033	47.0364844
	14.793738	47.036471
	14.7933486	47.0366418
	14.79332	47.036782
	14.7930777	47.0369306
	14.7927935	47.0370268
	14.792306	47.03743
	14.7917044	47.0376029
	14.7915796	47.0375821
	14.791361	47.0376052
	14.790977	47.037688
	14.790462	47.037962
	14.790235	47.038405
	14.7900009	47.0385105
	14.7894314	47.0386705
	14.788526	47.038875
	14.7881076	47.0387965
	14.787508	47.0388
	14.7868196	47.0385705
	14.7861823	47.0383659
	14.785505	47.038186
	14.7852929	47.0380601
	14.785177	47.037704
	14.783763	47.037501
	14.783289	47.037564
	14.78277	47.037385
	14.7823919	47.0375453
	14.781959	47.037642
	14.7803568	47.0378732
	14.779681	47.037906
	14.7780996	47.0383429
	14.7779087	47.0383568
	14.7775666	47.0385619
	14.7770413	47.0386663
	14.775789	47.039027
	14.7750388	47.0390785
	14.7745831	47.0391714
	14.7741738	47.0392919
	14.77374	47.039386
	14.7733686	47.0393251
	14.7729599	47.0394036
	14.772408	47.039419
	14.77202	47.039638
	14.771766	47.039607
	14.77144	47.039498
	14.771144	47.03913
	14.770295	47.038869
	14.769882	47.03899
	14.7682543	47.0387237
	14.7676239	47.0385333
	14.7673479	47.0385609
	14.767159	47.038498
	14.7660375	47.0377961
	14.764595	47.037152
	14.7641043	47.0371732
	14.763751	47.037082
	14.763273	47.036729
	14.7611095	47.0358839
	14.760647	47.035678
	14.7604968	47.0355884
	14.7603113	47.0353861
	14.759881	47.035053
	14.7595001	47.0350355
	14.7589831	47.03478
	14.758452	47.034763
	14.757612	47.034271
	14.757103	47.034297
	14.756337	47.034085
	14.7562393	47.0340085
	14.7556033	47.0336547
	14.7551706	47.0332586
	14.754835	47.033081
	14.7545093	47.0332199
	14.7542504	47.0332035
	14.753696	47.033372
	14.753315	47.033089
	14.7526662	47.0329552
	14.7521146	47.0329074
	14.7516539	47.0327768
	14.751165	47.032766
	14.750601	47.032479
	14.7493804	47.0324489
	14.7488934	47.0323603
	14.7486676	47.0322894
	14.7486151	47.0321504
	14.7485469	47.0320974
	14.748037	47.031829
	14.747781	47.0317613
	14.746708	47.031613
	14.7465027	47.0314039
	14.746278	47.031334
	14.7458329	47.0312497
	14.745278	47.031244
	14.744805	47.0310541
	14.7445772	47.030898
	14.7436263	47.0306294
	14.742916	47.03041
	14.742086	47.0304441
	14.7416616	47.0304004
	14.741414	47.030336
	14.741067	47.03008
	14.7408371	47.030047
	14.7400929	47.0295247
	14.738977	47.029015
	14.7386195	47.0289224
	14.7381526	47.028778
	14.7369637	47.0282802
	14.7359136	47.028048
	14.735055	47.027777
	14.7348235	47.0275908
	14.734506	47.027399
	14.7343267	47.0273851
	14.734026	47.027402
	14.7333952	47.0271266
	14.733216	47.026897
	14.7331225	47.0268738
	14.7329977	47.0269283
	14.732369	47.026832
	14.7322021	47.0267389
	14.7318009	47.0262502
	14.7314633	47.0260362
	14.7313241	47.0258729
	14.7312493	47.0257023
	14.7310774	47.025562
	14.7310056	47.0254802
	14.7308842	47.0252713
	14.7305651	47.0250848
	14.7303351	47.0247452
	14.730058	47.02445
	14.7297611	47.0243173
	14.7298194	47.024081
	14.729797	47.023956
	14.7296296	47.0238931
	14.7294895	47.0238963
	14.729208	47.023662
	14.7291623	47.0235562
	14.7292481	47.0232893
	14.7292588	47.0231485
	14.729098	47.023018
	14.7287519	47.0230022
	14.7284059	47.0227535
	14.728194	47.0226786
	14.7281437	47.0226699
	14.7279978	47.0226769
	14.7278943	47.0227357
	14.7277843	47.0227503
	14.727443	47.022642
	14.7271888	47.0225712
	14.7269877	47.0224614
	14.7268696	47.0223664
	14.7270547	47.0220884
	14.7270145	47.0218782
	14.7268717	47.0212597
	14.7270359	47.0209163
	14.7271808	47.0206201
	14.7271996	47.0204976
	14.7273068	47.0203806
	14.7274356	47.0203934
	14.7278694	47.0201004
	14.7278212	47.019965
	14.7277387	47.0196967
	14.7279828	47.019576
	14.7282134	47.019448
	14.7285112	47.0192267
	14.7286339	47.0190416
	14.7286614	47.0189306
	14.7286607	47.0188715
	14.7284998	47.0188331
	14.7283952	47.0187454
	14.7283496	47.0186137
	14.728369	47.0185027
	14.7284334	47.018371
	14.7285963	47.0182535
	14.7286017	47.018162
	14.7285695	47.0179773
	14.7284568	47.0178146
	14.7283978	47.0173684
	14.7286292	47.0167893
	14.7286748	47.0167344
	14.7288867	47.0164235
	14.72912	47.0161602
	14.7290792	47.0160459
	14.7290771	47.0160285
	14.7285085	47.0162096
	14.7281786	47.0164802
	14.7277065	47.0166667
	14.7273498	47.0169867
	14.7271245	47.0172647
	14.7269313	47.0174787
	14.7266899	47.0176816
	14.7267865	47.0180017
	14.7268911	47.0181754
	14.7268938	47.018276
	14.7267731	47.0183747
	14.7265417	47.0184254
	14.7262118	47.0184638
	14.7258933	47.0185411
	14.7256412	47.0186837
	14.7255715	47.0188245
	14.725212	47.0191171
	14.7247909	47.0192761
	14.7246032	47.0193456
	14.7243725	47.0194041
	14.7240396	47.0196896
	14.7239273	47.0197845
	14.7237824	47.0200167
	14.7236295	47.0202764
	14.7234203	47.020408
	14.7230227	47.0205246
	14.7226016	47.0206233
	14.7220973	47.0205447
	14.721872	47.0204149
	14.7213839	47.0201497
	14.7210647	47.0200546
	14.7204404	47.0198942
	14.7199254	47.0199052
	14.7187741	47.019742
	14.7184683	47.0197383
	14.7181867	47.0197072
	14.7179265	47.0195609
	14.7174256	47.0190659
	14.7172184	47.0190343
	14.7169502	47.018643
	14.7166659	47.0184016
	14.716004	47.0181571
	14.715776	47.0181937
	14.7156144	47.0183175
	14.7151618	47.0184588
	14.7149016	47.0187075
	14.7146549	47.0187404
	14.7141748	47.0187057
	14.713936	47.0186106
	14.7136057	47.0186217
	14.7133594	47.0186911
	14.7132333	47.0188648
	14.7131904	47.0192395
	14.7131984	47.0194224
	14.7132145	47.0195943
	14.7127934	47.0198338
	14.712552	47.0198997
	14.712265	47.0199509
	14.7117789	47.0202174
	14.7114114	47.0201497
	14.7110439	47.0201241
	14.7104009	47.0200204
	14.7098074	47.020051
	14.7093441	47.0200661
	14.7087781	47.0199856
	14.7083027	47.0199394
	14.7076248	47.019576
	14.7075249	47.0193854
	14.7072191	47.0191477
	14.706965	47.0190348
	14.7067209	47.0190623
	14.7064768	47.0192542
	14.7055863	47.0195065
	14.7051894	47.0196053
	14.7048916	47.0196747
	14.70461	47.0198009
	14.703997	47.0199076
	14.7039331	47.0197257
	14.703636	47.019078
	14.703257	47.0186164
	14.702887	47.018345
	14.7021822	47.0181058
	14.7018044	47.0178966
	14.7014179	47.0178038
	14.7010571	47.0177333
	14.700814	47.017638
	14.7001748	47.0172633
	14.7000447	47.0172262
	14.699625	47.017028
	14.6996109	47.0169639
	14.6994966	47.0168784
	14.6991317	47.0166598
	14.6990134	47.0165865
	14.6989078	47.0165061
	14.6988082	47.0163801
	14.6986752	47.0163009
	14.698415	47.0163859
	14.6975677	47.0169212
	14.696953	47.0172432
	14.696257	47.017539
	14.6947914	47.0179265
	14.6945199	47.0179458
	14.6940272	47.0181031
	14.693785	47.018158
	14.6928653	47.0181366
	14.692684	47.018158
	14.6924792	47.0182166
	14.691905	47.018537
	14.691208	47.018503
	14.6909003	47.0186055
	14.6906471	47.0187378
	14.690212	47.018828
	14.689939	47.018867
	14.6895517	47.0188554
	14.6891821	47.0187823
	14.6885019	47.0185757
	14.687687	47.018492
	14.68705	47.0185147
	14.685782	47.01856
	14.685141	47.0184405
	14.6843906	47.0182297
	14.6835862	47.0180768
	14.6830453	47.0181892
	14.682926	47.018252
	14.682456	47.018059
	14.6822904	47.0180881
	14.681865	47.0180554
	14.6811403	47.0178878
	14.6808928	47.0178036
	14.6808026	47.0177797
	14.680012	47.0176103
	14.6798507	47.0176026
	14.6795906	47.0176103
	14.6793158	47.0176495
	14.6791263	47.0176938
	14.6787878	47.0177899
	14.6785164	47.0178695
	14.6781857	47.0178511
	14.677675	47.0177702
	14.6771343	47.0176851
	14.676935	47.0176702
	14.6767031	47.0176869
	14.67629	47.01776
	14.6757159	47.0178208
	14.6755307	47.0178283
	14.6751985	47.0177833
	14.6748541	47.0177815
	14.6745982	47.0178329
	14.6743161	47.0179324
	14.6740055	47.0180092
	14.6739278	47.0179237
	14.6718779	47.018119
	14.669941	47.018305
	14.6692929	47.018147
	14.668929	47.018086
	14.6681598	47.0181069
	14.667731	47.0181408
	14.6674229	47.018162
	14.666001	47.018347
	14.6655493	47.0182757
	14.664849	47.018314
	14.6646853	47.0182732
	14.664464	47.0181938
	14.663878	47.01793
	14.6623213	47.0177213
	14.661192	47.017642
	14.6604781	47.017484
	14.6600133	47.0173475
	14.6591629	47.017212
	14.6584025	47.0171143
	14.6572643	47.0168864
	14.656487	47.016711
	14.6554141	47.0160174
	14.655187	47.015888
	14.6545205	47.0157854
	14.6544287	47.0157832
	14.6535268	47.0154601
	14.653045	47.015376
	14.6516424	47.0148191
	14.651174	47.014591
	14.6509402	47.0144532
	14.6505013	47.0142621
	14.650065	47.014123
	14.6493236	47.0141982
	14.6489318	47.0142995
	14.648493	47.014473
	14.646942	47.0142868
	14.6464126	47.0142708
	14.645115	47.0141066
	14.6446978	47.0141353
	14.6440953	47.0140896
	14.643496	47.013994
	14.6429769	47.0141457
	14.6425767	47.0142455
	14.641791	47.014395
	14.6409527	47.014501
	14.6400207	47.0146779
	14.6399254	47.0146687
	14.638825	47.014791
	14.6381685	47.0146667
	14.6376936	47.0146664
	14.6376204	47.014621
	14.6372896	47.014615
	14.636888	47.0145932
	14.6366037	47.0145524
	14.6364539	47.0144644
	14.6357054	47.0143713
	14.635104	47.01426
	14.634606	47.014487
	14.6340157	47.0145001
	14.6335056	47.0144505
	14.6331175	47.0143973
	14.632986	47.01397
	14.6327496	47.0137983
	14.632602	47.01354
	14.6313468	47.0135972
	14.6305385	47.0137075
	14.630349	47.013707
	14.6301087	47.0136722
	14.630016	47.0136199
	14.6299172	47.0135377
	14.629701	47.01344
	14.6290142	47.0134935
	14.6288297	47.013558
	14.6285545	47.0136039
	14.6281688	47.0136118
	14.627747	47.013577
	14.6276006	47.0134276
	14.6271166	47.0129958
	14.6270692	47.0128069
	14.626761	47.012571
	14.6264494	47.0125427
	14.625682	47.012595
	14.6250381	47.012294
	14.624781	47.012109
	14.6248322	47.0119939
	14.6248585	47.011207
	14.624866	47.01112
	14.624317	47.010392
	14.6237576	47.010033
	14.6234303	47.0095453
	14.623138	47.009352
	14.6229141	47.0089435
	14.622687	47.008529
	14.6227869	47.0084273
	14.622839	47.0083703
	14.622866	47.008278
	14.622722	47.007921
	14.6223833	47.0074666
	14.6222227	47.0071359
	14.6220637	47.006953
	14.621821	47.006584
	14.6214439	47.0062153
	14.6211224	47.0059682
	14.6208272	47.0057807
	14.61971	47.0049294
	14.619217	47.0044674
	14.618747	47.0041915
	14.6184728	47.0040094
	14.6184499	47.0039539
	14.6184851	47.0039056
	14.6181494	47.0035107
	14.6179452	47.0032831
	14.6177417	47.0030402
	14.617035	47.00203
	14.615255	46.9979457
END
END
