7871993
1
	14.4582987	48.483117
	14.4585432	48.4825198
	14.4588098	48.481939
	14.4588538	48.4814828
	14.4588353	48.4812365
	14.4589191	48.4808144
	14.459127	48.4803926
	14.4592678	48.4799274
	14.4596028	48.479987
	14.4599188	48.480101
	14.4603623	48.4801389
	14.4609053	48.4801517
	14.4610102	48.4803168
	14.4612294	48.4804599
	14.4613764	48.4804921
	14.4617707	48.4805576
	14.4625158	48.4804791
	14.4630252	48.4804606
	14.4633591	48.4804422
	14.4636893	48.480473
	14.4643338	48.4804426
	14.4651615	48.4803628
	14.4653435	48.4803458
	14.4655315	48.4803278
	14.4656645	48.4803148
	14.4656508	48.4801864
	14.4656494	48.4801075
	14.4657105	48.4800898
	14.4660215	48.4800458
	14.4664215	48.4799918
	14.4668975	48.4799708
	14.4673585	48.4799618
	14.4676075	48.4799478
	14.4678405	48.4799348
	14.4683775	48.4798848
	14.4690868	48.4797911
	14.4694142	48.4804213
	14.4697165	48.4804238
	14.4700365	48.4803918
	14.4703135	48.4802968
	14.4711895	48.4799978
	14.4720545	48.4798718
	14.4721035	48.4798648
	14.4722093	48.4798644
	14.4727735	48.4798018
	14.4733605	48.4796368
	14.4737825	48.4795988
	14.4739625	48.4795818
	14.4743185	48.4795038
	14.4744555	48.4794728
	14.4748515	48.4795008
	14.4748975	48.4795038
	14.4752835	48.4795868
	14.4757375	48.4795078
	14.4757585	48.4795088
	14.4762245	48.4795148
	14.4764135	48.4794578
	14.4768703	48.47956
	14.4769194	48.4797034
	14.4769863	48.4798778
	14.4770842	48.4800717
	14.4771546	48.4802022
	14.4772611	48.4803223
	14.4773983	48.4804828
	14.4776191	48.4807429
	14.4778876	48.4810328
	14.4781857	48.4813539
	14.4785584	48.4817826
	14.478753	48.4820284
	14.4788375	48.4821247
	14.4791489	48.482455
	14.4793952	48.4826937
	14.479723	48.48297
	14.4799597	48.4831549
	14.480218	48.4832786
	14.4802778	48.4833387
	14.4803714	48.4834754
	14.4804221	48.4836302
	14.4804619	48.4837923
	14.4805173	48.4839584
	14.4805723	48.4841146
	14.4806738	48.4842848
	14.480779	48.484464
	14.4808632	48.4846451
	14.4809233	48.4848836
	14.4809945	48.4851302
	14.4810658	48.485404
	14.481124	48.4856489
	14.4811491	48.4857661
	14.4812804	48.4861052
	14.4815492	48.4864462
	14.4817817	48.4866829
	14.4819374	48.4868438
	14.4822105	48.4871836
	14.4824126	48.4874598
	14.4825971	48.4876724
	14.4829675	48.4881706
	14.4832997	48.4880836
	14.4839376	48.4876593
	14.484557	48.4873287
	14.4851763	48.4871144
	14.4852749	48.4870677
	14.4863423	48.4869646
	14.4870139	48.4867144
	14.4885078	48.4865697
	14.4886171	48.4863737
	14.4887662	48.4861712
	14.4889098	48.4859328
	14.4890447	48.4856993
	14.4891003	48.4853376
	14.4891661	48.4851738
	14.4892568	48.4849964
	14.4893283	48.4848867
	14.4894215	48.4846567
	14.4895372	48.4843722
	14.4896761	48.483969
	14.4898494	48.4834666
	14.489935	48.4832225
	14.4900555	48.4830169
	14.4901266	48.4828949
	14.4901748	48.4828558
	14.490357	48.4826423
	14.490674	48.482658
	14.490741	48.48266
	14.49086	48.482663
	14.491046	48.482657
	14.491225	48.482651
	14.491727	48.482631
	14.49194	48.482614
	14.492464	48.482637
	14.4928434	48.4826559
	14.493118	48.482666
	14.49334	48.482671
	14.493929	48.482686
	14.494092	48.482681
	14.494334	48.482673
	14.494528	48.482674
	14.4946377	48.4826557
	14.4947776	48.4827408
	14.4948993	48.4828276
	14.4951692	48.4830987
	14.4952803	48.4832008
	14.4955856	48.4834355
	14.4958515	48.4836772
	14.4960001	48.4838207
	14.4962805	48.4840781
	14.4964546	48.4845183
	14.496549	48.484729
	14.4966119	48.4849112
	14.4967219	48.4851059
	14.4968717	48.4853421
	14.4970275	48.4855649
	14.4971685	48.4857622
	14.4973059	48.4859534
	14.4975437	48.4862151
	14.4976959	48.4863677
	14.4980381	48.4866588
	14.4982703	48.4868284
	14.4984715	48.4869863
	14.498725	48.4871903
	14.4988996	48.487325
	14.4991729	48.4875465
	14.4995614	48.4878001
	14.4998911	48.4880874
	14.5002518	48.4884568
	14.5006507	48.4889569
	14.5008508	48.489242
	14.5009778	48.4895894
	14.5010637	48.4898428
	14.5013204	48.490415
	14.5014347	48.4907221
	14.50153	48.4911678
	14.501928	48.491151
	14.5020591	48.4911712
	14.5021652	48.4911047
	14.5022155	48.4910791
	14.5023419	48.4909502
	14.502479	48.490876
	14.5026352	48.4908165
	14.5028086	48.4907655
	14.503261	48.490613
	14.503607	48.4904717
	14.5037859	48.4902372
	14.503705	48.4900105
	14.503633	48.4898866
	14.5036109	48.4898018
	14.5036172	48.489718
	14.5036865	48.489649
	14.50383	48.489582
	14.5040533	48.4895181
	14.504209	48.489479
	14.504377	48.489493
	14.504446	48.489487
	14.5046442	48.4894409
	14.504871	48.4892998
	14.504976	48.489225
	14.5050954	48.4891607
	14.5052084	48.4890971
	14.5052172	48.489135
	14.505262	48.489355
	14.5052926	48.4894841
	14.505304	48.489619
	14.50534	48.489788
	14.5053833	48.4899946
	14.5054005	48.4900713
	14.5056722	48.4902439
	14.505808	48.4903078
	14.5060107	48.4903552
	14.5061167	48.4904121
	14.5062002	48.4905816
	14.5062699	48.4907726
	14.5063223	48.491008
	14.5063479	48.4912173
	14.5063479	48.4913136
	14.5062712	48.4914801
	14.5063355	48.4916001
	14.5063954	48.4916731
	14.5064441	48.4917301
	14.5065063	48.491854
	14.5065857	48.4919367
	14.5066736	48.4920305
	14.5067638	48.4920739
	14.5068281	48.4920744
	14.506964	48.4920505
	14.5070999	48.4921023
	14.507182	48.4921272
	14.5072717	48.4921828
	14.5073366	48.4922494
	14.5073776	48.4924275
	14.5073113	48.4925043
	14.507224	48.492509
	14.507129	48.492497
	14.506925	48.492489
	14.5067674	48.4925163
	14.5065531	48.4925534
	14.5064285	48.4926126
	14.5062306	48.4927202
	14.5059448	48.4929418
	14.5056995	48.49299
	14.5055576	48.4930096
	14.5053472	48.4930554
	14.5052041	48.4931258
	14.5051074	48.4931908
	14.5049852	48.4932498
	14.5049333	48.493279
	14.5048648	48.4933341
	14.5049228	48.4933992
	14.5049887	48.4934137
	14.5050842	48.4934333
	14.5051961	48.4934769
	14.5052604	48.4935453
	14.5052405	48.4936296
	14.5051849	48.4937018
	14.5051792	48.4937491
	14.5051812	48.4937813
	14.5052331	48.4938444
	14.5055763	48.494261
	14.5059188	48.4942618
	14.5062012	48.4941882
	14.5064366	48.4941302
	14.5067923	48.494031
	14.5070159	48.4939955
	14.5071026	48.4939835
	14.507193	48.4939734
	14.5073711	48.4939739
	14.5076237	48.4939988
	14.5079331	48.4940746
	14.5083029	48.4942723
	14.5086386	48.4944656
	14.5087799	48.4946078
	14.5088283	48.4947019
	14.5088723	48.4948627
	14.5088109	48.495001
	14.5085766	48.4954889
	14.5080573	48.4964782
	14.5077532	48.4970536
	14.5075454	48.4974531
	14.5072627	48.4979785
	14.5070551	48.498397
	14.5067689	48.4989274
	14.5066333	48.4991722
	14.5061784	48.5000356
	14.5056555	48.5010336
	14.5052859	48.5016931
	14.5052702	48.5019446
	14.5052875	48.5020386
	14.5053437	48.5021918
	14.5054393	48.5023172
	14.5055177	48.5023805
	14.5057583	48.5025439
	14.5059298	48.5026329
	14.5062576	48.502759
	14.5071946	48.5031268
	14.507661	48.5033136
	14.508076	48.5035331
	14.5085236	48.5037726
	14.5088299	48.50395
	14.5089266	48.5040407
	14.5090066	48.5041099
	14.5091062	48.5042827
	14.5091264	48.5044473
	14.5091125	48.5046044
	14.5090528	48.5047158
	14.5089909	48.5048405
	14.5088085	48.5049981
	14.5085909	48.5051474
	14.5076849	48.5057527
	14.5075842	48.5058628
	14.5075195	48.5059632
	14.5074562	48.5061218
	14.5073884	48.5063594
	14.5072244	48.5072601
	14.5072073	48.5074619
	14.5071959	48.5075992
	14.5071105	48.5077608
	14.5068262	48.5080368
	14.5064521	48.5083319
	14.5062236	48.5085246
	14.5063734	48.5086042
	14.5065816	48.5086696
	14.5066276	48.5089954
	14.5066187	48.5090862
	14.5069148	48.5092587
	14.5072205	48.509472
	14.5073444	48.5095654
	14.5072724	48.5096943
	14.5071223	48.5099265
	14.507587	48.510119
	14.508006	48.5101982
	14.5082392	48.510803
	14.5086096	48.5110653
	14.5089678	48.5109101
	14.5102185	48.5105085
	14.5105237	48.5104234
	14.5108766	48.5103714
	14.5110791	48.5103766
	14.5113154	48.5104636
	14.511617	48.5106261
	14.5118108	48.5107308
	14.5113201	48.5109898
	14.5108925	48.5112826
	14.5112752	48.5116423
	14.5119998	48.5122691
	14.5121599	48.5125112
	14.5115202	48.5128251
	14.5120374	48.5132331
	14.5126399	48.5136641
	14.5127352	48.5136982
	14.5128107	48.5137109
	14.5129326	48.5136892
	14.513219	48.5135486
	14.5135918	48.5133917
	14.5142829	48.5131146
	14.5145677	48.5130371
	14.5148758	48.5130121
	14.5152714	48.5129754
	14.5155452	48.5129804
	14.5154952	48.5135085
	14.515582	48.513894
	14.5157185	48.5141037
	14.5158097	48.5142504
	14.5158892	48.5148446
	14.5159088	48.5150098
	14.5160201	48.5152226
	14.5160707	48.5154301
	14.5161459	48.5156685
	14.5161105	48.5159807
	14.5160787	48.5161111
	14.515945	48.5162717
	14.5158502	48.5163861
	14.5160532	48.5164038
	14.5165008	48.5164332
	14.5170724	48.516373
	14.5173679	48.5164161
	14.5180603	48.516637
	14.5184137	48.5167431
	14.518906	48.5168712
	14.5192778	48.5169857
	14.5194693	48.5171065
	14.5198694	48.5172432
	14.5201773	48.5173488
	14.520308	48.5173868
	14.5206968	48.5175015
	14.5210289	48.5175826
	14.5211348	48.5176107
	14.521536	48.5176421
	14.5217631	48.5176352
	14.5220544	48.5176528
	14.522287	48.5177512
	14.5225431	48.5177494
	14.5227462	48.5177326
	14.5228308	48.5177287
	14.5232062	48.5178215
	14.5235844	48.5179118
	14.5238311	48.5179828
	14.5240717	48.5180549
	14.5243446	48.5181425
	14.5245261	48.5182198
	14.5247184	48.5182332
	14.5249892	48.518235
	14.5251552	48.5182392
	14.5253411	48.518245
	14.5254066	48.5183116
	14.5254819	48.5183669
	14.5255103	48.5184006
	14.525522	48.518504
	14.5255064	48.5186158
	14.5254732	48.5188576
	14.5251667	48.518986
	14.5243533	48.5192901
	14.5239919	48.5194915
	14.5238626	48.5196537
	14.5237465	48.5198187
	14.5236314	48.5199284
	14.5232267	48.5201989
	14.5229271	48.5203085
	14.5226228	48.5203015
	14.5223446	48.5202054
	14.5220618	48.520169
	14.5219132	48.5201575
	14.5217521	48.5201524
	14.5213407	48.5201584
	14.5212401	48.5201793
	14.5212106	48.5202763
	14.5209864	48.5202771
	14.5207605	48.5202681
	14.5207431	48.5205676
	14.5204228	48.5211331
	14.5202071	48.5214918
	14.520026	48.5218664
	14.5196099	48.5221176
	14.5187635	48.5226332
	14.5177964	48.5232129
	14.5174354	48.5234356
	14.5164255	48.5235801
	14.5150933	48.5236584
	14.5151056	48.5241153
	14.5150594	48.5245143
	14.5151231	48.5246597
	14.5151955	48.5248681
	14.5151699	48.5250572
	14.5151039	48.5252516
	14.5150622	48.5253938
	14.515106	48.5255273
	14.5151294	48.5256065
	14.5152403	48.5257941
	14.5153746	48.5258405
	14.5154272	48.5260455
	14.5152111	48.5261905
	14.5149958	48.5263483
	14.5143937	48.5265385
	14.5143341	48.5265598
	14.5141059	48.5265371
	14.5139377	48.5265031
	14.5137751	48.5264937
	14.5136139	48.5264762
	14.5133055	48.5264614
	14.5131731	48.5264568
	14.5130693	48.5266073
	14.5130248	48.5267124
	14.513007	48.526927
	14.5128047	48.5270113
	14.5125511	48.5271091
	14.5122976	48.5271239
	14.5113281	48.5272014
	14.5111554	48.5272198
	14.5109687	48.527301
	14.5107403	48.5274007
	14.5104115	48.5275796
	14.5100354	48.5277826
	14.5095869	48.5280132
	14.5093211	48.5281674
	14.5090609	48.5278735
	14.5089221	48.5277416
	14.5088168	48.5276365
	14.5086563	48.527714
	14.5082022	48.5279628
	14.5078891	48.5281833
	14.5077321	48.5283246
	14.5075796	48.5284943
	14.5072734	48.5285329
	14.5068962	48.5285814
	14.5064791	48.5286358
	14.5059522	48.5286247
	14.5055743	48.5286152
	14.5052029	48.528495
	14.5047276	48.5282181
	14.5045885	48.5281606
	14.5041919	48.5280722
	14.5038285	48.5279885
	14.5029268	48.527855
	14.5026891	48.527818
	14.5026091	48.5276189
	14.5019793	48.5271663
	14.5016749	48.5269606
	14.5014162	48.5267852
	14.5010841	48.5262505
	14.5005581	48.5262409
	14.5002278	48.5260471
	14.4999577	48.5263809
	14.499854	48.5265234
	14.4995343	48.5270916
	14.499332	48.5273099
	14.4991856	48.5275638
	14.4988209	48.527761
	14.4985937	48.5280099
	14.4981762	48.5285113
	14.4978365	48.5288963
	14.4979031	48.5292717
	14.497846	48.5295117
	14.4973301	48.5295041
	14.4971985	48.5295278
	14.4969275	48.5296116
	14.4963823	48.529906
	14.4960432	48.5301444
	14.4961047	48.5304804
	14.4959234	48.5305316
	14.4956947	48.5303951
	14.4955314	48.5303956
	14.4952069	48.5303836
	14.494822	48.5302551
	14.4945014	48.5301084
	14.4942646	48.5299433
	14.4941447	48.529733
	14.4939304	48.5294704
	14.4938145	48.5291937
	14.4936197	48.5288019
	14.493463	48.528632
	14.4932649	48.5284772
	14.4928246	48.5282103
	14.4923731	48.5281024
	14.4919643	48.5279784
	14.4914162	48.5276277
	14.4906505	48.5271679
	14.4904462	48.5270544
	14.4902939	48.5269445
	14.4901992	48.526811
	14.4900652	48.5266922
	14.4897258	48.5264358
	14.4891644	48.5261526
	14.488695	48.5259213
	14.48836	48.5257328
	14.4882159	48.5255829
	14.4881561	48.5254759
	14.4878607	48.5253003
	14.4875571	48.5251452
	14.4873048	48.5250301
	14.4867673	48.5248462
	14.4865744	48.5247552
	14.4866393	48.5246155
	14.4860368	48.5241339
	14.4857039	48.5237891
	14.4855014	48.5235879
	14.4853728	48.5232645
	14.485365	48.523129
	14.4854852	48.522679
	14.4855631	48.5225647
	14.4856862	48.5223707
	14.4859451	48.5221378
	14.4860938	48.521972
	14.4860332	48.5218363
	14.4859252	48.5216868
	14.4858871	48.5215135
	14.4858561	48.5213216
	14.4858363	48.5211868
	14.4858997	48.5209988
	14.4859367	48.5208912
	14.4860372	48.5207073
	14.4861242	48.5205522
	14.4861159	48.5203674
	14.4861234	48.5202652
	14.4859691	48.5200618
	14.4858273	48.5198791
	14.4857391	48.5198785
	14.4854912	48.5196913
	14.4850882	48.5194798
	14.48457	48.5193506
	14.4844634	48.5191398
	14.4844862	48.5189369
	14.4845122	48.5185855
	14.4843743	48.5180156
	14.4842711	48.5177436
	14.4843676	48.51771
	14.4846023	48.5174459
	14.4847555	48.5169965
	14.4844071	48.5169011
	14.4840961	48.5167546
	14.48429	48.5164499
	14.4844547	48.5161373
	14.4845213	48.5158536
	14.4845754	48.515544
	14.4845661	48.5153137
	14.4844576	48.5151026
	14.4845199	48.5147791
	14.4846583	48.5144962
	14.4846195	48.514248
	14.485034	48.5142937
	14.4854699	48.5135621
	14.4853981	48.5129335
	14.4851122	48.5129461
	14.4843381	48.5128399
	14.4839276	48.5128095
	14.4835772	48.5127815
	14.4831735	48.5127895
	14.4825212	48.5127038
	14.4826325	48.5126285
	14.482793	48.512481
	14.4829909	48.5123018
	14.4830532	48.5121569
	14.482994	48.5118109
	14.4829632	48.5112626
	14.482986	48.5109877
	14.4830322	48.510798
	14.4829679	48.5103048
	14.4831246	48.5098821
	14.4829305	48.5099219
	14.4822526	48.5100114
	14.4819512	48.5100636
	14.4815623	48.5101904
	14.4812653	48.5102819
	14.4804839	48.510321
	14.4805581	48.5100572
	14.479959	48.5099654
	14.479658	48.5098842
	14.4793431	48.5099068
	14.4788975	48.5100037
	14.4779939	48.5103233
	14.4774707	48.5105651
	14.4770994	48.5107408
	14.4769709	48.5107938
	14.4767229	48.5105934
	14.4766985	48.5104743
	14.4767091	48.5101522
	14.4774552	48.5100201
	14.4773743	48.5098258
	14.4772225	48.509615
	14.4769767	48.5094887
	14.4769024	48.5091529
	14.4770696	48.5088548
	14.4772465	48.5085852
	14.476807	48.5084423
	14.4765355	48.5083714
	14.4761378	48.5083077
	14.4760313	48.5081821
	14.4759289	48.5080136
	14.4759414	48.5077941
	14.4758799	48.5074925
	14.4758703	48.5073582
	14.4759404	48.5069694
	14.4760751	48.5066491
	14.4762289	48.5064999
	14.4765621	48.5061726
	14.4767133	48.5060086
	14.4768525	48.5057826
	14.4770802	48.5056032
	14.477223	48.5054998
	14.4772682	48.5052193
	14.4772226	48.5050324
	14.4770533	48.5047067
	14.4765277	48.5039112
	14.4764087	48.5036759
	14.4762235	48.5025494
	14.4762224	48.5022988
	14.476331	48.501935
	14.4765395	48.5015229
	14.476855	48.500725
	14.477207	48.4999252
	14.477338	48.499486
	14.4774775	48.4990752
	14.4775544	48.4988565
	14.4776204	48.4983086
	14.477696	48.498043
	14.47784	48.497802
	14.4779682	48.497623
	14.4780134	48.4974242
	14.4779695	48.4974295
	14.4778007	48.4975011
	14.4776305	48.4975318
	14.4774981	48.4975521
	14.477381	48.497556
	14.4771689	48.4975379
	14.4769912	48.4974711
	14.4768135	48.497528
	14.4766413	48.4975721
	14.476559	48.497569
	14.476329	48.497563
	14.4761355	48.4975611
	14.475921	48.497532
	14.4758331	48.4976626
	14.475734	48.4976963
	14.475599	48.4976029
	14.4755479	48.4975345
	14.4754048	48.4974865
	14.4753071	48.4974883
	14.4752809	48.4975649
	14.4749361	48.4975295
	14.4747073	48.4975216
	14.4745569	48.4974414
	14.4745435	48.4973375
	14.474465	48.497308
	14.4743216	48.4972117
	14.4742168	48.4971461
	14.4740951	48.4971431
	14.473982	48.4971894
	14.4738523	48.4972493
	14.473762	48.49725
	14.4737258	48.4972189
	14.4736501	48.4971608
	14.4736101	48.497114
	14.4735405	48.4969715
	14.4733709	48.4970013
	14.4730679	48.4970158
	14.472756	48.497004
	14.4725962	48.496992
	14.4725635	48.497012
	14.4725726	48.4970723
	14.4726665	48.497152
	14.4726673	48.4972089
	14.4725801	48.4972883
	14.4724024	48.4973598
	14.472233	48.497364
	14.4721479	48.4972908
	14.4720335	48.4972753
	14.471651	48.4973332
	14.4712663	48.4974069
	14.4711533	48.4973847
	14.4709618	48.4973795
	14.4709308	48.4975611
	14.4709204	48.4976424
	14.4709078	48.497722
	14.4708511	48.4978056
	14.470663	48.4979498
	14.4705293	48.4980565
	14.4702052	48.4981725
	14.4699238	48.4981687
	14.4695712	48.4982345
	14.4693858	48.4982683
	14.4692531	48.4982977
	14.4690538	48.4984264
	14.4685634	48.4987807
	14.4684249	48.4988851
	14.4683748	48.4989347
	14.4682588	48.4989947
	14.4681537	48.4990476
	14.468095	48.499
	14.4679433	48.4989262
	14.46773	48.4988871
	14.4675597	48.4990311
	14.4673543	48.4992332
	14.4673345	48.4992825
	14.4672684	48.4993375
	14.4669165	48.499252
	14.466477	48.4991795
	14.4661491	48.4990572
	14.4654452	48.4985492
	14.4656339	48.4982656
	14.466349	48.4973686
	14.4665452	48.4971727
	14.466798	48.4969394
	14.4669694	48.496805
	14.4670056	48.4964567
	14.4670062	48.4958213
	14.4669522	48.4956218
	14.4663661	48.4956163
	14.4658821	48.4955072
	14.4650218	48.4953025
	14.4644414	48.4952957
	14.4637468	48.4949569
	14.4634125	48.4950192
	14.463156	48.494736
	14.462642	48.494385
	14.4618812	48.4938707
	14.4620775	48.4936599
	14.461756	48.49341
	14.4613303	48.493068
	14.4613035	48.4928798
	14.4612318	48.4926505
	14.4612286	48.4923045
	14.4613094	48.4920344
	14.4615644	48.4913018
	14.4615502	48.491099
	14.461208	48.49089
	14.461052	48.490756
	14.460729	48.490457
	14.4602013	48.4899003
	14.4603666	48.4892126
	14.4604364	48.4888092
	14.4604645	48.4880603
	14.460472	48.4875505
	14.4604437	48.487025
	14.4604387	48.4866686
	14.46039	48.4864543
	14.4603863	48.4862524
	14.4604397	48.4860883
	14.4605714	48.4857517
	14.460575	48.4853561
	14.4605659	48.4848464
	14.4606597	48.4846076
	14.4606599	48.4844309
	14.460652	48.4841977
	14.4606219	48.4839609
	14.4605622	48.4838456
	14.4603806	48.4837693
	14.4602479	48.4837327
	14.4598073	48.483738
	14.4593375	48.4836273
	14.4586799	48.4835551
	14.4583658	48.4832691
	14.4582987	48.483117
END
END
