7871648
1
	14.1559726	46.7877809
	14.1560303	46.7874551
	14.1559938	46.7871895
	14.1562583	46.7867449
	14.1564184	46.7867712
	14.1564793	46.7864656
	14.1569602	46.7859293
	14.1577402	46.785836
	14.1576627	46.7856303
	14.1581187	46.785049
	14.1583821	46.7847818
	14.1587283	46.7844415
	14.1590164	46.7839123
	14.1596752	46.783228
	14.160232	46.7833205
	14.1611557	46.7834285
	14.1612485	46.7836842
	14.161888	46.7834318
	14.1626908	46.7834047
	14.1626771	46.7838695
	14.1632846	46.7837736
	14.1642958	46.7835077
	14.1648025	46.7834554
	14.165429	46.7832271
	14.1659207	46.7830757
	14.1662989	46.7835845
	14.1667586	46.7839748
	14.167103	46.784147
	14.167852	46.784393
	14.1681	46.78443
	14.1685911	46.7844437
	14.1689797	46.7845351
	14.1693201	46.7845212
	14.1695905	46.7840288
	14.1698249	46.7837904
	14.1699027	46.7836043
	14.1700609	46.78291
	14.1702168	46.7826206
	14.1707672	46.7819506
	14.1701808	46.781808
	14.1699295	46.7816133
	14.1698238	46.781378
	14.1698767	46.781194
	14.1697219	46.780706
	14.1703571	46.7802615
	14.1706406	46.7802472
	14.1706744	46.780067
	14.1709997	46.7799768
	14.1712811	46.7800811
	14.1714798	46.7801851
	14.1722451	46.7804299
	14.1729644	46.7805344
	14.1735553	46.780366
	14.1741508	46.7801827
	14.1744474	46.7801136
	14.1748074	46.7804062
	14.1750756	46.7806639
	14.1753723	46.7809543
	14.1751311	46.7811905
	14.1753621	46.781379
	14.175725	46.7812945
	14.1763896	46.7804476
	14.1768992	46.7797406
	14.1770328	46.7794601
	14.1771868	46.77888
	14.1772943	46.7787531
	14.1775929	46.7785788
	14.1779249	46.778383
	14.1785064	46.7780312
	14.1793194	46.777446
	14.1796826	46.777311
	14.180178	46.777305
	14.1805621	46.7772851
	14.1813273	46.7772116
	14.1816897	46.7771374
	14.1822175	46.7771045
	14.1831665	46.7772181
	14.183255	46.777833
	14.1833108	46.7779734
	14.1836115	46.7782388
	14.1838872	46.7785784
	14.184053	46.7789149
	14.1841675	46.7794579
	14.1841495	46.7798495
	14.1840277	46.7803943
	14.1839894	46.7805879
	14.1840074	46.7808169
	14.1839717	46.7810076
	14.1837142	46.7813387
	14.1834178	46.7812746
	14.1831748	46.7812776
	14.1830163	46.7813676
	14.18292	46.7815063
	14.183019	46.7818519
	14.1832056	46.7820244
	14.183881	46.7822771
	14.1841611	46.7823357
	14.1843383	46.7822202
	14.1847171	46.7823996
	14.1850094	46.782767
	14.1855781	46.7832704
	14.1862738	46.783569
	14.1866249	46.7838958
	14.1866112	46.7840071
	14.1872756	46.7844367
	14.1875624	46.7845847
	14.1881203	46.7847623
	14.1884343	46.784854
	14.1886369	46.7848811
	14.1888332	46.7848793
	14.1892956	46.7848367
	14.1897934	46.7847087
	14.1901974	46.784734
	14.1906512	46.7847671
	14.1915323	46.7847627
	14.1918901	46.7847226
	14.1923826	46.7846168
	14.1927744	46.7846905
	14.1931588	46.7848799
	14.1934243	46.7852426
	14.1937357	46.7854233
	14.1942711	46.7855667
	14.1948309	46.7857269
	14.1957013	46.7859063
	14.1962891	46.7860551
	14.1972394	46.786637
	14.1981282	46.7871601
	14.1990421	46.7874497
	14.2000694	46.7881566
	14.2006742	46.7883737
	14.2012992	46.7884906
	14.2020462	46.7886295
	14.2025684	46.7890631
	14.2030249	46.7893387
	14.2036115	46.7895944
	14.2041608	46.7896954
	14.2047227	46.7896008
	14.2053882	46.7895029
	14.2055008	46.789522
	14.205643	46.7899642
	14.2057685	46.7901557
	14.206175	46.7900455
	14.206427	46.7899245
	14.2064686	46.7898775
	14.2066829	46.7898426
	14.2066795	46.7900156
	14.2066649	46.7901761
	14.2066429	46.7906499
	14.2067269	46.7908344
	14.2071364	46.7909637
	14.2072443	46.7909791
	14.2075745	46.7909811
	14.2080668	46.7909697
	14.2080909	46.791083
	14.208443	46.7914967
	14.2087125	46.7920005
	14.2090705	46.7919312
	14.2093655	46.7919686
	14.2096108	46.7920365
	14.2095237	46.7914525
	14.2097975	46.7914439
	14.2101947	46.7914163
	14.2103358	46.791281
	14.2105119	46.7911754
	14.2108685	46.7910473
	14.2112992	46.7909775
	14.2115827	46.7909881
	14.2115711	46.7916484
	14.2115815	46.7917428
	14.2124498	46.7920205
	14.2129751	46.7923131
	14.2130344	46.7922274
	14.2129516	46.7919949
	14.2129515	46.7915639
	14.2130262	46.7913498
	14.2130099	46.7912022
	14.2129259	46.790982
	14.213208	46.7909223
	14.2139305	46.7905836
	14.2143186	46.7903769
	14.2143148	46.7902025
	14.2141211	46.7901867
	14.2140335	46.7901229
	14.2140514	46.7900608
	14.2151613	46.7899497
	14.2156934	46.789875
	14.2156384	46.7897899
	14.2155386	46.7896489
	14.2154819	46.7895396
	14.2160037	46.7894315
	14.2161287	46.7895571
	14.2162325	46.7896264
	14.2168663	46.7897052
	14.2168808	46.7900201
	14.2170017	46.7905645
	14.2172643	46.7911659
	14.2174026	46.7914312
	14.2175658	46.791915
	14.2182049	46.7919487
	14.218682	46.7919557
	14.2198599	46.7920483
	14.2210287	46.7920343
	14.2217749	46.7920574
	14.222851	46.7919137
	14.2231629	46.7919585
	14.2236257	46.7920774
	14.224515	46.7922592
	14.2247881	46.7923221
	14.2250552	46.7924013
	14.2254272	46.7923373
	14.2258086	46.7923238
	14.2263889	46.7922292
	14.2264191	46.7923332
	14.2265971	46.7924766
	14.2269828	46.792613
	14.2272023	46.7927888
	14.2271885	46.7928876
	14.2267136	46.7936678
	14.2266612	46.7938583
	14.2265877	46.7939462
	14.2263836	46.7938849
	14.2254634	46.7941851
	14.2248695	46.7943583
	14.2249628	46.7945801
	14.2251782	46.7948526
	14.2254495	46.7953598
	14.2255963	46.7955952
	14.2257621	46.7957429
	14.2260107	46.795833
	14.2264917	46.7959267
	14.2267525	46.7959738
	14.2270846	46.7959639
	14.2278634	46.7959802
	14.228163	46.7961315
	14.2287577	46.7963088
	14.2293316	46.7964968
	14.2296516	46.7965617
	14.2299574	46.7965949
	14.2302595	46.7965954
	14.2308047	46.796556
	14.2311977	46.7964997
	14.2315753	46.7963431
	14.231953	46.7962522
	14.2329683	46.7958918
	14.2332439	46.7958375
	14.233563	46.7956678
	14.2337139	46.7955494
	14.2340468	46.7953837
	14.2342364	46.7953271
	14.2346184	46.7950989
	14.2350975	46.7959775
	14.2353046	46.7957652
	14.2357795	46.7955649
	14.2362652	46.7954203
	14.236726	46.7958222
	14.2369782	46.7961314
	14.2372504	46.79637
	14.2374095	46.7964609
	14.2382137	46.7960061
	14.2388839	46.79562
	14.2398228	46.7954399
	14.2400233	46.7954845
	14.2405147	46.7957439
	14.2416239	46.794776
	14.2421696	46.7948521
	14.2432457	46.7948759
	14.2439082	46.7949755
	14.2445014	46.7951241
	14.2457482	46.7956818
	14.2471287	46.7961715
	14.2488554	46.7969297
	14.2489627	46.7969245
	14.2491931	46.7970162
	14.2495493	46.7972139
	14.2501538	46.7976506
	14.2507913	46.7979331
	14.2511566	46.7980782
	14.2516959	46.7979208
	14.2520759	46.7977166
	14.2523397	46.7975313
	14.2524951	46.7974559
	14.2528416	46.7974111
	14.2532502	46.7972668
	14.2530565	46.7968429
	14.2530032	46.796435
	14.2529718	46.7959591
	14.253268	46.7956703
	14.2535636	46.7955524
	14.2536643	46.7954013
	14.2542185	46.7949661
	14.2545401	46.7946115
	14.2545438	46.7944686
	14.2546573	46.7943306
	14.2549272	46.794196
	14.2551159	46.7940468
	14.2551082	46.7939399
	14.2556062	46.7936302
	14.2558173	46.7934604
	14.2562358	46.79321
	14.2564628	46.7930898
	14.257191	46.7927956
	14.2574944	46.7926766
	14.2579253	46.7925263
	14.2582675	46.7923458
	14.2584902	46.7922172
	14.2585886	46.7920699
	14.2586126	46.791872
	14.2588834	46.7916718
	14.2592123	46.7916699
	14.2593907	46.7914151
	14.2596064	46.7910906
	14.259808	46.790848
	14.2601081	46.7904706
	14.2603343	46.7900772
	14.2604408	46.7896671
	14.2608922	46.7893119
	14.2610165	46.7890694
	14.2613144	46.7888342
	14.2617434	46.7886321
	14.2624036	46.7880617
	14.2631522	46.7878526
	14.2636012	46.7876171
	14.2637643	46.787009
	14.2638673	46.7868388
	14.2649697	46.7859018
	14.2652123	46.7859604
	14.2654431	46.7859943
	14.2655049	46.7858315
	14.2661343	46.7849976
	14.2664618	46.7846632
	14.26675	46.7843445
	14.2668817	46.7840256
	14.2671403	46.7838316
	14.2676215	46.7836729
	14.2678444	46.7835259
	14.2685502	46.7834304
	14.2699789	46.7828137
	14.2700746	46.7827679
	14.2712087	46.7823962
	14.271287	46.7824122
	14.271423	46.782367
	14.272241	46.7820172
	14.2724513	46.7822444
	14.2733433	46.7828004
	14.2737327	46.7829453
	14.2744136	46.7831479
	14.2749413	46.7833535
	14.2753548	46.7831223
	14.2760301	46.7827835
	14.2767905	46.7825408
	14.2774868	46.7820828
	14.2778456	46.7825444
	14.277673	46.7826696
	14.2774971	46.7828425
	14.2779886	46.7831127
	14.2789165	46.7835517
	14.2786909	46.7836617
	14.2784274	46.7837086
	14.2782283	46.783928
	14.2783924	46.7839832
	14.2788999	46.7836969
	14.2790029	46.7836735
	14.2791417	46.7836121
	14.2793783	46.7833755
	14.2795342	46.7832445
	14.2796195	46.783193
	14.2804612	46.782698
	14.2805842	46.7826227
	14.2810042	46.7824654
	14.2815822	46.7820706
	14.2823386	46.7816988
	14.2824588	46.7815751
	14.2827499	46.7813146
	14.2830369	46.781308
	14.2836726	46.7810543
	14.2844518	46.7808711
	14.284935	46.7806062
	14.2855593	46.7801381
	14.2857732	46.7800643
	14.2860851	46.7797971
	14.2860039	46.7797598
	14.2859907	46.779599
	14.2860236	46.7794356
	14.2863265	46.7788667
	14.2862693	46.7785793
	14.2862748	46.778384
	14.2868555	46.7781763
	14.2869567	46.7783171
	14.2873578	46.7784121
	14.2878401	46.7783628
	14.2879998	46.7782205
	14.2881995	46.7779067
	14.288233	46.777607
	14.2888717	46.7775136
	14.2893148	46.7775598
	14.2898127	46.7776217
	14.2902589	46.7775819
	14.2905038	46.7775428
	14.2908029	46.7777331
	14.2910003	46.7778748
	14.2911642	46.7778959
	14.2913125	46.7778164
	14.2915029	46.7775139
	14.2917094	46.7772841
	14.2918715	46.7771288
	14.2920327	46.7769883
	14.292285	46.7768049
	14.2924488	46.7767237
	14.2928112	46.7765217
	14.2930935	46.7763361
	14.2931486	46.7762861
	14.293373	46.7761457
	14.2934643	46.7759966
	14.2934228	46.7758574
	14.2933637	46.7757413
	14.2931251	46.7755692
	14.2930532	46.7754457
	14.293033	46.7752955
	14.2931747	46.7749467
	14.2933826	46.7744712
	14.2933133	46.7743252
	14.2931029	46.774113
	14.2929805	46.7736562
	14.2932186	46.7733435
	14.293697	46.7727243
	14.2938631	46.7726711
	14.2941491	46.7723311
	14.2939817	46.7722216
	14.2939499	46.771994
	14.293639	46.7709203
	14.2936228	46.7705812
	14.2937172	46.770518
	14.294089	46.7701179
	14.294211	46.7700262
	14.2947437	46.7697793
	14.2951235	46.7700937
	14.2955673	46.7698836
	14.2958683	46.7697242
	14.2962751	46.7693728
	14.2966785	46.7691555
	14.2973795	46.7689281
	14.2975367	46.7687622
	14.297653	46.7685501
	14.2979685	46.7680963
	14.298359	46.7676961
	14.2988491	46.7673091
	14.2991703	46.7670885
	14.2995509	46.7667296
	14.2996309	46.7665551
	14.2997915	46.7663033
	14.2999444	46.766044
	14.3000334	46.7658574
	14.3001064	46.7653596
	14.3002202	46.7650621
	14.3003003	46.7649929
	14.3004443	46.7648988
	14.3009238	46.7646744
	14.3010903	46.7647042
	14.3012224	46.7647648
	14.3017979	46.7652071
	14.3021035	46.765347
	14.3028933	46.765739
	14.3031172	46.7658693
	14.3033451	46.7660276
	14.3035565	46.7662255
	14.3037585	46.7664531
	14.3040373	46.7667212
	14.3045525	46.766931
	14.3047444	46.7669723
	14.3049586	46.766957
	14.3053014	46.7667834
	14.3055766	46.7667007
	14.3059446	46.7666322
	14.3064297	46.7664431
	14.3069606	46.7661381
	14.3072806	46.7660567
	14.3076718	46.7659881
	14.3083037	46.7659577
	14.3085733	46.7659147
	14.3088792	46.7657743
	14.3091181	46.7656393
	14.3091513	46.7655225
	14.3094642	46.765004
	14.3100154	46.7641505
	14.3100664	46.7638793
	14.3101221	46.7638077
	14.31021	46.7637505
	14.3103415	46.7637074
	14.3104114	46.7636223
	14.3105549	46.7632178
	14.3104722	46.7630658
	14.3103487	46.7630406
	14.3102129	46.7628521
	14.3102204	46.7627598
	14.3103086	46.7627067
	14.310401	46.7626629
	14.3104832	46.7626882
	14.310808	46.7625627
	14.3112775	46.7622035
	14.3115589	46.7620529
	14.3119257	46.761709
	14.3119962	46.7615974
	14.3119572	46.7615244
	14.3121767	46.7612366
	14.3125558	46.7610016
	14.3126111	46.7608366
	14.3126138	46.7606771
	14.3127059	46.7605203
	14.3128997	46.7603331
	14.3127995	46.7600812
	14.3125793	46.7599822
	14.3125788	46.7599071
	14.312654	46.7598423
	14.3131305	46.7596527
	14.3138536	46.7595094
	14.3145778	46.7593902
	14.3148235	46.7593868
	14.3150781	46.7593228
	14.3152436	46.7592527
	14.3155375	46.7588242
	14.315506	46.7585041
	14.3155584	46.7582696
	14.3153905	46.7577637
	14.315607	46.7575649
	14.3161159	46.7570594
	14.3164227	46.7564486
	14.3163699	46.7563447
	14.3162895	46.7561535
	14.316444	46.7560266
	14.3166441	46.7559736
	14.31742	46.755931
	14.3179377	46.7558572
	14.3181829	46.7557723
	14.31835	46.7556511
	14.3185195	46.7555019
	14.3186159	46.7553944
	14.3187198	46.7551341
	14.3187496	46.7546616
	14.3187754	46.7545356
	14.3188132	46.7544276
	14.3189112	46.7542804
	14.3192427	46.7538392
	14.3194762	46.7534648
	14.3197675	46.7529537
	14.3197895	46.7528748
	14.3202126	46.75254
	14.3204794	46.7522753
	14.3209474	46.7518201
	14.3212522	46.751499
	14.3213556	46.7510623
	14.3213328	46.7508311
	14.3222303	46.7504123
	14.322367	46.7503736
	14.3224909	46.7503536
	14.3228711	46.7503588
	14.323797	46.750718
	14.3239982	46.7507782
	14.3242308	46.7508173
	14.3245048	46.7508168
	14.3248362	46.7507936
	14.3251347	46.750755
	14.3254428	46.7506454
	14.3261778	46.7504128
	14.3265888	46.750284
	14.3270056	46.750169
	14.3274672	46.7500951
	14.327748	46.7500847
	14.3286912	46.7505154
	14.3291425	46.7506717
	14.3296481	46.7509271
	14.3303795	46.7512509
	14.330769	46.7515255
	14.3310533	46.751835
	14.3320926	46.752487
	14.3323944	46.7525862
	14.3335672	46.7531872
	14.3333981	46.753316
	14.3327228	46.7537458
	14.3323719	46.7539445
	14.3316348	46.7542746
	14.3315078	46.7543417
	14.3313423	46.7545508
	14.3313698	46.7546258
	14.331016	46.7552444
	14.330834	46.7553154
	14.3309909	46.7556612
	14.3309618	46.7560099
	14.3308372	46.7563964
	14.3307656	46.7565399
	14.3305669	46.7566347
	14.3304372	46.7567225
	14.3306143	46.756793
	14.3306618	46.7568556
	14.3306704	46.7569188
	14.330584	46.7570312
	14.330539	46.7572611
	14.330694	46.7574899
	14.3309256	46.7577663
	14.3310337	46.7580835
	14.3310628	46.7583279
	14.3310073	46.7584305
	14.3309492	46.7584956
	14.3308641	46.7587878
	14.330885	46.7591519
	14.3309103	46.7592324
	14.3310642	46.7593459
	14.3311979	46.759402
	14.3315771	46.7596093
	14.331605	46.7597388
	14.3316182	46.7599291
	14.3315413	46.7600212
	14.3314398	46.7600693
	14.3313914	46.7601215
	14.3313448	46.7606702
	14.3313628	46.7608479
	14.331281	46.760929
	14.3313278	46.761293
	14.3316903	46.761227
	14.3318896	46.7612496
	14.3325844	46.7613922
	14.333047	46.7614888
	14.3334199	46.7616148
	14.3339709	46.7618018
	14.33462	46.7618672
	14.3350527	46.7619333
	14.3353413	46.7620366
	14.3356954	46.7623203
	14.3361555	46.7624497
	14.3368862	46.7624797
	14.3373956	46.7625485
	14.3377901	46.7626611
	14.3381856	46.7628069
	14.3389865	46.7631271
	14.3400042	46.7635707
	14.3409146	46.7638986
	14.3413574	46.7640716
	14.3419077	46.7643006
	14.3422675	46.7644091
	14.3427603	46.7645707
	14.3430267	46.764713
	14.3433091	46.7649081
	14.3434403	46.7651675
	14.3434246	46.7655751
	14.3434702	46.7659388
	14.3433469	46.7664312
	14.3434647	46.7669303
	14.3435468	46.7672491
	14.3437391	46.7676571
	14.3438579	46.7678601
	14.3442279	46.767762
	14.3444773	46.7676084
	14.3447591	46.7673067
	14.3450043	46.7671231
	14.3452139	46.7673884
	14.3458744	46.768227
	14.3462822	46.7689294
	14.3466534	46.7695249
	14.3461742	46.7696717
	14.346393	46.7700208
	14.3467917	46.7699124
	14.3469498	46.7701305
	14.3471158	46.7704181
	14.3471774	46.7704651
	14.3476575	46.7704384
	14.3481891	46.7707506
	14.3483526	46.7710824
	14.3485916	46.7712617
	14.3486652	46.7712187
	14.3488473	46.7713797
	14.3489711	46.7715283
	14.3482182	46.7719738
	14.3483177	46.7725754
	14.3483552	46.7729303
	14.3486034	46.7730468
	14.3483342	46.773509
	14.3487985	46.773633
	14.3490382	46.7736933
	14.3491767	46.7735587
	14.3494659	46.7729317
	14.3494637	46.7728569
	14.3494224	46.7727613
	14.3493325	46.7726912
	14.3492966	46.7726223
	14.3492772	46.7725023
	14.3492954	46.7722867
	14.3492914	46.7721533
	14.3493193	46.7720828
	14.3493924	46.7719939
	14.3494978	46.7719041
	14.3496123	46.7718483
	14.3497325	46.7719198
	14.350254	46.7724406
	14.350725	46.7728318
	14.3512785	46.7730633
	14.3520076	46.773352
	14.3523998	46.7732713
	14.353271	46.7731044
	14.3532643	46.7732801
	14.3532404	46.7736679
	14.3532633	46.773918
	14.3532024	46.7741456
	14.3529719	46.7744284
	14.3528092	46.7748731
	14.3524719	46.775321
	14.3529656	46.7756198
	14.3528385	46.775808
	14.3530998	46.7764215
	14.3544831	46.7767029
	14.3553416	46.7766348
	14.3564741	46.7767055
	14.3566881	46.7768443
	14.3569184	46.7766771
	14.3571788	46.7766184
	14.3573581	46.7765119
	14.3575441	46.7759766
	14.3578081	46.7759554
	14.357895	46.7761339
	14.358335	46.7759342
	14.3584018	46.7759259
	14.3584546	46.7759484
	14.3585483	46.7761267
	14.358784	46.7764898
	14.3595783	46.7765934
	14.3596683	46.7764693
	14.3602306	46.776666
	14.3611748	46.7771165
	14.3615291	46.7772299
	14.3624341	46.7773843
	14.3621471	46.7777811
	14.3625769	46.7780345
	14.3629606	46.7783075
	14.3637383	46.7789065
	14.3637893	46.7792172
	14.3641472	46.7797923
	14.3643325	46.7796664
	14.3646919	46.7799081
	14.3650836	46.7800585
	14.3654269	46.7802324
	14.3652457	46.7810319
	14.3651297	46.7815763
	14.3667532	46.7817657
	14.3663854	46.782358
	14.3661417	46.7826042
	14.3660868	46.7826914
	14.3660386	46.782904
	14.3660934	46.7832597
	14.3662853	46.7832926
	14.3665411	46.7834314
	14.3668759	46.7832456
	14.367236	46.7831872
	14.3673606	46.7831101
	14.3674896	46.7830142
	14.3676932	46.7829338
	14.3680554	46.7829442
	14.3690009	46.7828082
	14.3696664	46.7826245
	14.3695927	46.7825382
	14.3700456	46.7822963
	14.3703391	46.7823396
	14.3704796	46.7824144
	14.3709003	46.7817561
	14.3710456	46.7815236
	14.3711099	46.7815104
	14.3710957	46.7807306
	14.3712164	46.7800859
	14.3716087	46.779573
	14.3725102	46.7801239
	14.3731162	46.7806058
	14.373687	46.7802831
	14.3742694	46.779859
	14.374685	46.778992
	14.3748299	46.7787099
	14.3748685	46.7786706
	14.375059	46.778708
	14.3759583	46.7791344
	14.3764112	46.7795158
	14.3766252	46.7796422
	14.376858	46.7796996
	14.3770578	46.7798041
	14.3772998	46.7801088
	14.3771977	46.7802368
	14.3773774	46.7803573
	14.3775689	46.7803022
	14.3776797	46.7802866
	14.3778144	46.7803234
	14.3778941	46.7804187
	14.3779608	46.7805929
	14.3782436	46.7806824
	14.3782772	46.7807676
	14.3782462	46.7809742
	14.378151	46.7811235
	14.3781594	46.7812306
	14.3785937	46.7813887
	14.3789322	46.7814805
	14.3790637	46.7815429
	14.3794422	46.7818296
	14.3797636	46.7821001
	14.3797682	46.7823946
	14.3797532	46.7826949
	14.3797918	46.7827924
	14.3799346	46.7828268
	14.380082	46.7828076
	14.3804794	46.7826974
	14.3805978	46.7826419
	14.3807087	46.7825639
	14.3808988	46.7825321
	14.3813584	46.7828573
	14.3816	46.783145
	14.3817025	46.7833663
	14.3817057	46.7836864
	14.3816134	46.7838799
	14.3814219	46.783976
	14.381417	46.7840574
	14.381476	46.7841884
	14.3813246	46.7843156
	14.3812547	46.7843299
	14.381171	46.7844003
	14.3812725	46.7845003
	14.3816361	46.784625
	14.381833	46.7847144
	14.3818394	46.7848017
	14.3819393	46.784955
	14.3822954	46.7851522
	14.3823198	46.7853228
	14.3819971	46.7854637
	14.3817174	46.7855596
	14.3816282	46.7856273
	14.381611	46.7858606
	14.3814876	46.7860218
	14.3815269	46.7862518
	14.3818167	46.7863541
	14.3820438	46.786463
	14.3820958	46.786532
	14.3821044	46.7866872
	14.3821697	46.7868112
	14.3824416	46.7868551
	14.3829348	46.7872043
	14.3831558	46.7873145
	14.3834549	46.7873066
	14.3836845	46.787363
	14.3839805	46.7875212
	14.3841759	46.7876791
	14.3845024	46.7879658
	14.3848479	46.7880778
	14.3853809	46.7880823
	14.3857593	46.7880982
	14.3860415	46.788217
	14.3863436	46.7883921
	14.3865459	46.7884836
	14.3872191	46.788556
	14.3873581	46.7885523
	14.3875616	46.7883973
	14.3878532	46.7884472
	14.3883962	46.788602
	14.3888241	46.7884911
	14.3887948	46.7883385
	14.3889695	46.7882874
	14.3891298	46.7882702
	14.3892166	46.7882744
	14.3893739	46.7883772
	14.3895245	46.7885382
	14.3898174	46.7886696
	14.3902684	46.7886591
	14.390601	46.7886948
	14.390875	46.788737
	14.3911194	46.7887327
	14.3914212	46.788681
	14.3917136	46.7886787
	14.3919127	46.7887142
	14.3924077	46.7889831
	14.3925594	46.7890758
	14.3927186	46.7892059
	14.3927065	46.7894185
	14.392679	46.7895789
	14.3926057	46.7896752
	14.3920378	46.7901748
	14.3922399	46.7906269
	14.3923639	46.790948
	14.3925696	46.7912938
	14.3929255	46.7917315
	14.3929218	46.7917923
	14.3929094	46.7920646
	14.3929353	46.7921306
	14.3931168	46.7924063
	14.3932778	46.7926356
	14.3933678	46.7928322
	14.393475	46.7930377
	14.3937495	46.7931506
	14.3938764	46.7931598
	14.3941388	46.7935199
	14.3941804	46.7935776
	14.3942014	46.7936626
	14.3941625	46.793912
	14.394046	46.7940384
	14.3935587	46.7943197
	14.3934857	46.7943297
	14.3932805	46.7943436
	14.3932332	46.7943925
	14.3932047	46.794481
	14.3932922	46.7945636
	14.3933725	46.7948326
	14.3934271	46.795065
	14.3935143	46.7952192
	14.3935762	46.7952661
	14.3936773	46.7952947
	14.3941486	46.7953083
	14.394255	46.7954008
	14.3943082	46.7954634
	14.3940889	46.7958604
	14.3934327	46.7963406
	14.3932616	46.7964093
	14.3931708	46.7963587
	14.3926783	46.7964037
	14.3925893	46.796532
	14.3924599	46.796645
	14.3923435	46.7966625
	14.3922328	46.7966007
	14.3920533	46.7965097
	14.3915966	46.7964739
	14.3913423	46.7965041
	14.3908622	46.796643
	14.3908158	46.7968516
	14.3908874	46.7970928
	14.3908717	46.7971887
	14.3908365	46.7972816
	14.3905515	46.7974941
	14.3901946	46.7978221
	14.3904418	46.7980971
	14.3905831	46.7982357
	14.3907596	46.798375
	14.3911013	46.7985453
	14.3912912	46.7986246
	14.3920307	46.7988245
	14.3922957	46.7989632
	14.3925692	46.7991393
	14.392968	46.7993981
	14.3932223	46.7996073
	14.3932046	46.7996569
	14.3932943	46.7999628
	14.3929231	46.8001412
	14.3932102	46.8004223
	14.3932725	46.8005235
	14.3932515	46.8005891
	14.3930788	46.8007186
	14.3933393	46.8010744
	14.3934166	46.8010976
	14.3937582	46.8008859
	14.393835	46.8007709
	14.393933	46.8007226
	14.3942097	46.8006308
	14.3946527	46.8005555
	14.3950065	46.8006915
	14.3953036	46.8008317
	14.3954653	46.8009844
	14.395797	46.801158
	14.3961842	46.8013288
	14.3961464	46.8015272
	14.3960193	46.8017315
	14.3959294	46.8019611
	14.3958984	46.8020558
	14.39571	46.8023431
	14.3954383	46.8026389
	14.3952412	46.8030674
	14.3951627	46.8033634
	14.3949968	46.8034156
	14.3945014	46.8033934
	14.3942817	46.8034433
	14.3941483	46.8037116
	14.3939801	46.8039055
	14.3937331	46.803954
	14.3937088	46.8040801
	14.3936705	46.8042235
	14.3933281	46.8044727
	14.3935587	46.8046241
	14.394085	46.8049576
	14.3941755	46.8050922
	14.3941803	46.8052033
	14.3941451	46.8053288
	14.3939616	46.805556
	14.3937953	46.8057877
	14.3934045	46.806933
	14.3933627	46.8072715
	14.3932619	46.8074871
	14.3930978	46.8078057
	14.3930379	46.8082463
	14.3927997	46.8085957
	14.3925762	46.8089145
	14.3924616	46.8092404
	14.3924286	46.8094872
	14.3923153	46.8098992
	14.3922733	46.8100469
	14.3922557	46.8103847
	14.3923013	46.8109507
	14.3923821	46.8114124
	14.3925011	46.8119156
	14.3925929	46.8123329
	14.3926854	46.8127223
	14.3927778	46.8129719
	14.3930486	46.8134887
	14.3932295	46.8138737
	14.3935658	46.8142352
	14.393859	46.8147188
	14.3941487	46.8150238
	14.3943576	46.8152123
	14.3947463	46.8154504
	14.395208	46.8157176
	14.3956234	46.8159771
	14.3960728	46.8162679
	14.3965063	46.816646
	14.3966826	46.8169007
	14.3968156	46.817118
	14.3970333	46.8175202
	14.3971785	46.8178151
	14.397268	46.81805
	14.3974243	46.8186361
	14.3974923	46.8188811
	14.397605	46.819325
	14.397648	46.8196082
	14.3977514	46.8199708
	14.39797	46.82062
	14.3980903	46.8208924
	14.3982999	46.8211126
	14.3988916	46.8215837
	14.3990544	46.8217159
	14.3994699	46.8221431
	14.3995765	46.8223455
	14.3995264	46.8224852
	14.3991415	46.8230543
	14.3990036	46.8231524
	14.3989135	46.8233048
	14.398915	46.8234603
	14.3989603	46.823975
	14.3990825	46.8243771
	14.3991506	46.8249519
	14.3991459	46.8255934
	14.3991482	46.8259424
	14.3992539	46.8265107
	14.3993895	46.8269184
	14.39953	46.8272881
	14.3996567	46.8276191
	14.3998753	46.8281223
	14.4000403	46.828672
	14.4001221	46.8292326
	14.4000687	46.8294068
	14.4000125	46.8295149
	14.4000427	46.8297323
	14.3997595	46.8295796
	14.3990998	46.8292264
	14.3981433	46.8300838
	14.3974512	46.8307161
	14.3971221	46.8311889
	14.397812	46.8313435
	14.3983288	46.8314868
	14.3978746	46.8324506
	14.3965615	46.8321729
	14.3959696	46.8320188
	14.3947101	46.8315685
	14.3936224	46.8312625
	14.3925571	46.8310236
	14.3919197	46.8307349
	14.391759	46.8306741
	14.3914987	46.8305568
	14.3912495	46.8304937
	14.391135	46.8304234
	14.390826	46.8302124
	14.3905598	46.8299753
	14.390161	46.8296828
	14.3896705	46.8295311
	14.3890112	46.8293499
	14.3886354	46.8293018
	14.3877703	46.8291541
	14.3873844	46.8292007
	14.3867628	46.8291931
	14.386235	46.8292466
	14.3858808	46.8292611
	14.3852168	46.8292022
	14.3847632	46.8292898
	14.3841022	46.8293169
	14.3837201	46.8294183
	14.3837229	46.8295264
	14.3838227	46.8296606
	14.3839313	46.829834
	14.3839342	46.8299872
	14.3837435	46.8303026
	14.3836201	46.830408
	14.3834671	46.8305161
	14.3832057	46.8308963
	14.3825465	46.8312438
	14.3821374	46.8313015
	14.3817122	46.8313208
	14.3810473	46.8309565
	14.3799854	46.8304024
	14.3796	46.8299883
	14.3785934	46.8289655
	14.3781012	46.8290758
	14.3779534	46.8290933
	14.3776565	46.8290929
	14.376437	46.8286563
	14.3758548	46.8285121
	14.3750839	46.8284796
	14.3746274	46.8283587
	14.3743561	46.8283396
	14.373975	46.828418
	14.3738226	46.8284829
	14.3735905	46.8286103
	14.3735039	46.8287005
	14.373318	46.8288236
	14.3730172	46.8287652
	14.3728625	46.828715
	14.3723999	46.8287298
	14.3721945	46.8286878
	14.3718823	46.8286576
	14.3715103	46.8286777
	14.3709912	46.8287302
	14.3706111	46.8288559
	14.3700391	46.829102
	14.3694013	46.8294806
	14.3690652	46.8297755
	14.3689399	46.829894
	14.3685545	46.830117
	14.3682569	46.8305118
	14.3679424	46.8308739
	14.3678539	46.8309272
	14.3677415	46.8309233
	14.3673266	46.8307612
	14.367276	46.8308147
	14.3678634	46.8312726
	14.3680582	46.8314584
	14.3686102	46.8318298
	14.3690087	46.8318831
	14.36967	46.8320901
	14.3691406	46.8323666
	14.3686909	46.8329081
	14.3682049	46.8328966
	14.367285	46.8330319
	14.3677154	46.8336095
	14.3679074	46.8337302
	14.3681684	46.8341475
	14.3681169	46.8342419
	14.367953	46.83424
	14.3677708	46.83417
	14.3672597	46.8341008
	14.3668842	46.8340573
	14.3665793	46.8340477
	14.3661455	46.8341008
	14.3661684	46.8342289
	14.3659424	46.8346114
	14.3662824	46.8350146
	14.3664902	46.8351726
	14.366738	46.8354248
	14.3665215	46.83566
	14.3664036	46.8358829
	14.3663798	46.8360649
	14.3663399	46.8361049
	14.3659025	46.8364857
	14.3656949	46.8366181
	14.3656392	46.8368683
	14.3655466	46.8375755
	14.3662728	46.8380089
	14.3666915	46.8384478
	14.3661946	46.8391079
	14.3658259	46.8395255
	14.3656508	46.8399035
	14.3656009	46.8400959
	14.3654862	46.8403792
	14.3651689	46.8408257
	14.3649616	46.8410785
	14.3643661	46.8417951
	14.364177	46.8421538
	14.363537	46.842762
	14.3632251	46.8430919
	14.36309	46.8433442
	14.3630714	46.8434444
	14.3629813	46.8436135
	14.3628523	46.8438947
	14.3627037	46.8442385
	14.363053	46.8443546
	14.3634898	46.8446936
	14.3638542	46.8449307
	14.3642414	46.8451043
	14.3646062	46.8452632
	14.3647167	46.8453925
	14.3646536	46.8457369
	14.3645276	46.8467676
	14.364346	46.8471313
	14.3641995	46.8472993
	14.3641092	46.8478574
	14.3640134	46.8480368
	14.3640481	46.8484583
	14.3639344	46.8489892
	14.3639462	46.8492582
	14.3639667	46.849621
	14.3640662	46.8498638
	14.364243	46.8503101
	14.3643817	46.8506003
	14.3645533	46.8509489
	14.3645081	46.8510012
	14.3643347	46.8510954
	14.3633821	46.8515044
	14.3629783	46.8517521
	14.3629515	46.8518515
	14.362755	46.8519351
	14.3625123	46.851992
	14.3622254	46.8521761
	14.3619847	46.8522361
	14.3617646	46.8522414
	14.3612948	46.8525819
	14.3610616	46.8526663
	14.3606948	46.8529358
	14.360414	46.8529771
	14.3599881	46.8532939
	14.3595871	46.8535558
	14.3591406	46.853521
	14.3586149	46.8536617
	14.3578918	46.8538762
	14.3574655	46.8540791
	14.3572309	46.8541104
	14.3570857	46.8540568
	14.3569341	46.8540363
	14.3565099	46.8541211
	14.3561779	46.8540981
	14.3561205	46.8540277
	14.3559534	46.8540238
	14.3553539	46.8541493
	14.3547179	46.8540358
	14.3545819	46.8540202
	14.3540674	46.8540209
	14.3537269	46.8540954
	14.3534447	46.8542148
	14.353099	46.8542028
	14.3528081	46.8541495
	14.3520226	46.8540683
	14.3517087	46.854104
	14.3513348	46.8542037
	14.3513062	46.8541485
	14.3508926	46.8540771
	14.3502641	46.8541119
	14.3501796	46.8540643
	14.3492624	46.8538996
	14.3488196	46.8537129
	14.3486209	46.8536159
	14.3483479	46.8535403
	14.3472165	46.853369
	14.3469334	46.8532765
	14.3467741	46.8532854
	14.3466203	46.8533311
	14.3464647	46.8533037
	14.3461591	46.8531662
	14.3455473	46.8530495
	14.3449206	46.8532313
	14.3446513	46.8525674
	14.3444194	46.8520107
	14.3442044	46.8515712
	14.3438809	46.8508969
	14.3434968	46.8501067
	14.3430143	46.8490946
	14.3428993	46.8490549
	14.3421741	46.8490411
	14.3412699	46.8493507
	14.3403271	46.849922
	14.339392	46.8502574
	14.338612	46.8503716
	14.338407	46.8503876
	14.3380978	46.8503875
	14.3378069	46.8504103
	14.3374867	46.850419
	14.3373439	46.8503709
	14.3364001	46.8499987
	14.3359782	46.849817
	14.3350618	46.8494648
	14.3344654	46.8494024
	14.3338957	46.8493834
	14.3333617	46.8494603
	14.3319975	46.8497199
	14.3310155	46.8497743
	14.3304372	46.8497894
	14.3285352	46.8503325
	14.3281332	46.8505791
	14.3280469	46.8507079
	14.3279701	46.8506301
	14.3269714	46.850012
	14.327049	46.8497396
	14.3265128	46.849722
	14.3263153	46.8496501
	14.3254902	46.849529
	14.3248681	46.8493604
	14.3243761	46.8490522
	14.3240811	46.8488663
	14.3237747	46.8486314
	14.3236756	46.848479
	14.3235464	46.8483514
	14.323185	46.8480421
	14.3228991	46.8479144
	14.3222268	46.8476654
	14.3212709	46.8473547
	14.3206513	46.8472416
	14.32038	46.847265
	14.3199433	46.8471822
	14.3198447	46.846983
	14.3198518	46.8468785
	14.320031	46.846809
	14.3206285	46.8466713
	14.3213382	46.8465385
	14.3224108	46.8464733
	14.3228794	46.8464711
	14.3233058	46.8465431
	14.3241108	46.8466977
	14.3245869	46.8466551
	14.3246955	46.8466063
	14.3250418	46.8464966
	14.3256002	46.8464099
	14.3258969	46.8463821
	14.326129	46.8464528
	14.3262728	46.8462951
	14.3264172	46.8461061
	14.3265309	46.8457968
	14.3256205	46.845585
	14.3252938	46.8455578
	14.324386	46.8455633
	14.3241042	46.8456108
	14.3237527	46.8457772
	14.3235196	46.8457425
	14.3231444	46.8457366
	14.3229026	46.8457415
	14.3223997	46.8456339
	14.3220034	46.8460875
	14.3215003	46.8459702
	14.3212753	46.8459735
	14.3209679	46.8456473
	14.3207486	46.8453252
	14.3203608	46.8451545
	14.3203704	46.8450478
	14.320613	46.8450171
	14.3207545	46.8450357
	14.320686	46.8448728
	14.3203397	46.8447508
	14.3200598	46.844721
	14.3198691	46.8446801
	14.3197366	46.8446154
	14.3199238	46.8445293
	14.3203552	46.844454
	14.3206053	46.8443626
	14.3208846	46.844178
	14.3213667	46.8439888
	14.3219201	46.8433719
	14.3221259	46.8432
	14.3225558	46.8430657
	14.322601	46.8429327
	14.3225039	46.842883
	14.3222334	46.8424813
	14.321987	46.8423673
	14.3218576	46.8422765
	14.3215105	46.8419587
	14.3216728	46.8416801
	14.3214909	46.8413653
	14.3210565	46.841399
	14.3208125	46.8414547
	14.3206341	46.8415095
	14.3205012	46.8414808
	14.3202969	46.8413982
	14.3193142	46.8413006
	14.3185644	46.8415222
	14.3183532	46.841565
	14.3176801	46.8417695
	14.3174523	46.84175
	14.317085	46.8418323
	14.3167623	46.841937
	14.3163131	46.8418928
	14.3158285	46.8419113
	14.3153133	46.8419404
	14.3144005	46.8422077
	14.3140178	46.842221
	14.3136787	46.8423273
	14.313376	46.8423366
	14.3128923	46.8423203
	14.3122466	46.8423471
	14.3120673	46.8423967
	14.3118991	46.8424388
	14.3117722	46.8423016
	14.3115885	46.8423204
	14.3113765	46.8424596
	14.3111611	46.842427
	14.3108062	46.8422695
	14.3105316	46.8422161
	14.3102812	46.8421816
	14.3097559	46.8423481
	14.3091509	46.842539
	14.3089395	46.8424809
	14.3086847	46.8421129
	14.308473	46.840904
	14.3083996	46.8404109
	14.3084173	46.8396824
	14.308411	46.8393527
	14.307725	46.839265
	14.3077258	46.839716
	14.3069795	46.8398603
	14.3062446	46.8398883
	14.3060183	46.8398195
	14.3058398	46.8396462
	14.305905	46.8393973
	14.306149	46.8391583
	14.3064183	46.8389296
	14.3066147	46.8388496
	14.3068194	46.8388728
	14.3067423	46.8386515
	14.3066822	46.8383551
	14.3067066	46.8380982
	14.306761	46.8378647
	14.3064576	46.8377887
	14.3062449	46.8377154
	14.3059282	46.8375571
	14.3056245	46.8374072
	14.3054075	46.8373556
	14.305226	46.8373734
	14.3044282	46.8375261
	14.3041771	46.8376137
	14.3038555	46.8377002
	14.3037338	46.8377022
	14.3035054	46.8378123
	14.3033129	46.83795
	14.3030857	46.8380378
	14.3026499	46.8382008
	14.3025312	46.8383396
	14.3020122	46.8385954
	14.3018269	46.8386964
	14.3015185	46.8387702
	14.3012283	46.8389713
	14.3009783	46.8390096
	14.3009123	46.8389632
	14.3001442	46.8389861
	14.2997621	46.8389658
	14.2991534	46.8390506
	14.2987635	46.839117
	14.2982905	46.8392229
	14.2977204	46.8391739
	14.2969045	46.8389963
	14.2964525	46.8389359
	14.2961363	46.8388239
	14.295868	46.838795
	14.295354	46.8387745
	14.2951995	46.8388425
	14.2950745	46.8388728
	14.2946106	46.8389909
	14.2942697	46.8390541
	14.2944738	46.8388461
	14.2947962	46.8382722
	14.295229	46.8377796
	14.2948815	46.8376991
	14.2943114	46.8376053
	14.2938915	46.8377765
	14.2936865	46.8377981
	14.2933745	46.8378521
	14.2931541	46.8379368
	14.2929249	46.8380016
	14.2925457	46.8380683
	14.2923915	46.8380645
	14.2921197	46.8380131
	14.2918042	46.8379433
	14.291398	46.8379403
	14.2912936	46.8379568
	14.2907412	46.837865
	14.2901878	46.837685
	14.2897927	46.8375233
	14.2893236	46.8372874
	14.2889655	46.8371743
	14.2887249	46.8372382
	14.2881815	46.8373978
	14.2872332	46.8375555
	14.2873613	46.8373351
	14.2875863	46.8369773
	14.2876679	46.8367446
	14.2878963	46.8362486
	14.2877187	46.836216
	14.2874587	46.8362353
	14.2873512	46.8362232
	14.2871872	46.8360973
	14.286938	46.8359546
	14.2864311	46.8358037
	14.2858098	46.8356329
	14.2853511	46.835459
	14.2851273	46.8354584
	14.2844325	46.8350886
	14.2839279	46.8348066
	14.2833888	46.8344096
	14.2838335	46.8338351
	14.2840561	46.8337693
	14.2842031	46.8337036
	14.2841102	46.8335286
	14.2841232	46.833385
	14.2843717	46.8331955
	14.2845043	46.8330135
	14.2843438	46.832996
	14.2842809	46.8329657
	14.2841245	46.8327977
	14.2840926	46.8327121
	14.28392	46.8326486
	14.2835641	46.8325685
	14.2831046	46.8325464
	14.2824586	46.8322884
	14.2816349	46.8319583
	14.2809134	46.8316338
	14.2804584	46.831444
	14.2800068	46.8312444
	14.2796033	46.8310664
	14.2791866	46.8307437
	14.278964	46.8305652
	14.2789156	46.8304614
	14.2787249	46.8302649
	14.2785623	46.8301353
	14.2783298	46.8298006
	14.2782235	46.8296539
	14.278006	46.8293014
	14.2777668	46.8290776
	14.2774028	46.8288247
	14.2769048	46.8285175
	14.2764531	46.8279419
	14.2758939	46.8274994
	14.2755189	46.8273263
	14.2743471	46.8270983
	14.2738124	46.826963
	14.2739749	46.8270685
	14.2737527	46.8274282
	14.2734039	46.8273566
	14.2733987	46.8272399
	14.27278	46.8271461
	14.2723236	46.8275443
	14.2720747	46.8278475
	14.2719601	46.827912
	14.271793	46.8280046
	14.2711884	46.8282245
	14.2705996	46.8283885
	14.2704559	46.8283286
	14.2702465	46.8288027
	14.2696599	46.8283454
	14.2694271	46.828188
	14.2689731	46.828017
	14.2685158	46.8278611
	14.2680652	46.8277708
	14.2678759	46.8277665
	14.2676401	46.8277298
	14.2677274	46.8274458
	14.2677735	46.8273444
	14.2678658	46.827196
	14.2679055	46.8267567
	14.2675064	46.8267753
	14.2670161	46.8267767
	14.2667072	46.8267529
	14.2664116	46.8267852
	14.2662419	46.826841
	14.2658297	46.8271407
	14.2657698	46.8271071
	14.2657959	46.8269188
	14.2660455	46.8267428
	14.2658439	46.8265427
	14.2655344	46.8265778
	14.2654511	46.8265261
	14.265088	46.82621
	14.2640907	46.8256977
	14.2636423	46.8256083
	14.2627058	46.8254048
	14.2629878	46.825082
	14.2631446	46.8248313
	14.2629352	46.8247593
	14.2625164	46.8245236
	14.2622058	46.8243352
	14.2618699	46.8243526
	14.2617268	46.8244842
	14.2611217	46.8240157
	14.2608254	46.8237656
	14.2606401	46.8235301
	14.260523	46.8233678
	14.2604809	46.823444
	14.2603445	46.8235295
	14.2602159	46.8235931
	14.2600356	46.8236425
	14.2598646	46.8236995
	14.2596216	46.8238251
	14.2594462	46.8239815
	14.2591962	46.8241142
	14.2591125	46.8241114
	14.2588526	46.8244142
	14.258783	46.8245398
	14.2584974	46.8249617
	14.2581103	46.8248264
	14.2580118	46.8247886
	14.2579164	46.8247136
	14.2577975	46.824678
	14.256823	46.8247405
	14.2565011	46.8247741
	14.256414	46.8248947
	14.2564365	46.8253271
	14.2564707	46.8255139
	14.2559222	46.8256458
	14.2546088	46.8257119
	14.2543691	46.8256795
	14.2542514	46.8255865
	14.2541845	46.8254398
	14.2541999	46.8251121
	14.254096	46.8249523
	14.2541428	46.8248188
	14.2542494	46.8246831
	14.2543349	46.8244917
	14.2543817	46.8242669
	14.2545454	46.8241467
	14.2547397	46.8237856
	14.254889	46.8236329
	14.2548871	46.8233158
	14.2550896	46.8228373
	14.2549924	46.8225413
	14.2547934	46.8224882
	14.2541979	46.8224442
	14.253251	46.8225812
	14.252754	46.823155
	14.2523722	46.8232716
	14.2518301	46.8232004
	14.2514367	46.8231261
	14.2509208	46.8231198
	14.2500585	46.8232921
	14.2498105	46.8233965
	14.2495223	46.8235575
	14.2494121	46.8235158
	14.2490124	46.8232793
	14.2485429	46.8232476
	14.2483291	46.8232844
	14.248128	46.8233817
	14.2478823	46.8233197
	14.2475426	46.8232938
	14.2472057	46.8233072
	14.2469739	46.8235492
	14.2466187	46.8239334
	14.2458348	46.8242661
	14.2457015	46.824254
	14.2457805	46.8238439
	14.2458395	46.8235324
	14.2458986	46.8231509
	14.2450599	46.8227965
	14.2437175	46.8227438
	14.2433214	46.8229132
	14.2431124	46.8227152
	14.2422118	46.8222384
	14.2420773	46.8220381
	14.2414356	46.8220955
	14.240733	46.8220312
	14.2404355	46.8217868
	14.2402094	46.8217912
	14.2396144	46.8219936
	14.2397568	46.8213499
	14.2390849	46.8214326
	14.2384391	46.8211751
	14.2371384	46.8213998
	14.2368699	46.8219564
	14.2367495	46.8220523
	14.236323	46.8219774
	14.2359472	46.8222553
	14.235288	46.8224598
	14.2347734	46.8224839
	14.2344423	46.8224538
	14.2339988	46.8227069
	14.2339446	46.8226271
	14.2337844	46.8226078
	14.2336855	46.822762
	14.2333269	46.822802
	14.2328411	46.8231993
	14.2326208	46.8235845
	14.2323682	46.8237216
	14.2321288	46.8235762
	14.2315937	46.8232431
	14.2309075	46.8234074
	14.2307438	46.8235482
	14.2300689	46.8233725
	14.229388	46.8231602
	14.2288953	46.8228592
	14.2284572	46.8229821
	14.2283685	46.8226518
	14.2275557	46.8222448
	14.2268866	46.8219388
	14.2258649	46.821436
	14.2256122	46.8216235
	14.2252435	46.8215174
	14.2248126	46.8213877
	14.224167	46.8209276
	14.2236201	46.8204402
	14.2236456	46.819719
	14.2234092	46.8194855
	14.2230428	46.8191448
	14.2223635	46.8188124
	14.222187	46.8183478
	14.22166	46.8179255
	14.2217719	46.8173891
	14.2214813	46.8172651
	14.2210719	46.8170819
	14.220361	46.8166634
	14.2201511	46.8165619
	14.2190846	46.8161072
	14.2186685	46.8162515
	14.2180623	46.8161441
	14.2167488	46.8159181
	14.2163307	46.8155593
	14.2160461	46.8153177
	14.2155485	46.814898
	14.2154222	46.8144714
	14.2152308	46.8143418
	14.2151292	46.8143052
	14.2146355	46.8140826
	14.2149401	46.8138325
	14.2153771	46.8134927
	14.2150781	46.813383
	14.2144278	46.8133337
	14.2141266	46.8132322
	14.213734	46.8129505
	14.2135449	46.8129104
	14.2134993	46.8128562
	14.2135494	46.8127477
	14.2136179	46.81266
	14.2136215	46.8125733
	14.2135207	46.8124846
	14.2132636	46.8125752
	14.2129767	46.8124713
	14.2126595	46.8124838
	14.2122159	46.812424
	14.2119268	46.8123558
	14.2117567	46.8122837
	14.2114509	46.8123129
	14.2113107	46.8122558
	14.211262	46.8121645
	14.2108752	46.8120072
	14.2105688	46.8120477
	14.2104067	46.812126
	14.2101162	46.8119024
	14.2098809	46.8117172
	14.2096775	46.8116357
	14.2092283	46.8112127
	14.2090214	46.8111104
	14.2088167	46.8110658
	14.2084717	46.8110507
	14.2075959	46.8108582
	14.2075129	46.8108126
	14.2075505	46.8106353
	14.2074921	46.8105392
	14.2072935	46.8103121
	14.2072998	46.8102277
	14.2073694	46.8100903
	14.2072695	46.8100305
	14.20704	46.8099739
	14.2066812	46.8095813
	14.2064521	46.8094656
	14.2063941	46.8094047
	14.2061469	46.8091404
	14.2061347	46.808987
	14.2060559	46.8088657
	14.2059945	46.8087939
	14.2058293	46.8087396
	14.2057095	46.8087342
	14.2052959	46.8084547
	14.2052586	46.8083821
	14.205254	46.8082097
	14.2049427	46.8081017
	14.204802	46.8079554
	14.2048469	46.8078583
	14.2048716	46.8076684
	14.2048166	46.8075977
	14.2041143	46.8071989
	14.2033952	46.8070094
	14.2033777	46.8069039
	14.203174	46.8067381
	14.2027536	46.8066698
	14.2023934	46.8067537
	14.2022904	46.8066698
	14.2023137	46.8065154
	14.2021119	46.8062639
	14.201899	46.8062101
	14.2016682	46.8062024
	14.2014495	46.8059831
	14.201124	46.8058825
	14.2009121	46.8057949
	14.2007208	46.8056476
	14.199943	46.8053826
	14.1995867	46.8052925
	14.1993564	46.8049504
	14.199063	46.8047496
	14.1991517	46.8046532
	14.1990228	46.804543
	14.198838	46.8043519
	14.1985551	46.803844
	14.1984547	46.8037328
	14.1982848	46.8035279
	14.1980576	46.8031793
	14.1979241	46.8029912
	14.1977524	46.8029678
	14.1975895	46.8029136
	14.1973386	46.8027804
	14.1972591	46.8026491
	14.1969308	46.8024333
	14.1965973	46.8023113
	14.1963942	46.8023523
	14.1959062	46.8023452
	14.1955849	46.8022718
	14.1947573	46.8020586
	14.1942816	46.801925
	14.1941074	46.8018816
	14.193797	46.8018544
	14.1936006	46.80191
	14.1932956	46.8018899
	14.1931465	46.801786
	14.1929259	46.8016039
	14.1927648	46.8014078
	14.1923721	46.8012457
	14.1918901	46.8010678
	14.1914556	46.8010038
	14.1909462	46.8008977
	14.1908272	46.8006536
	14.1906854	46.8005541
	14.1905196	46.8005149
	14.1899361	46.8004077
	14.1897954	46.8004164
	14.1896141	46.8003982
	14.1893207	46.8003058
	14.1891167	46.8002389
	14.1889094	46.8001373
	14.1884938	46.7998515
	14.188267	46.799777
	14.1880264	46.7997064
	14.1876003	46.7995437
	14.1873371	46.7992003
	14.1870632	46.7990789
	14.1868926	46.7989899
	14.1867116	46.7988507
	14.1864487	46.7988084
	14.186018	46.7984812
	14.1858427	46.7982867
	14.1856246	46.7980024
	14.1854668	46.7977858
	14.1851898	46.7973569
	14.1851881	46.7972613
	14.1849217	46.7971366
	14.1847939	46.7971644
	14.1846068	46.7972411
	14.1842274	46.7971653
	14.1837594	46.7970145
	14.1836655	46.796889
	14.1834481	46.796794
	14.183096	46.7967087
	14.1829554	46.7968682
	14.1828111	46.796977
	14.1826525	46.7969938
	14.1825426	46.7969572
	14.1824907	46.7968539
	14.1823543	46.7968454
	14.182191	46.7968591
	14.1818879	46.7968419
	14.1815515	46.796768
	14.1812619	46.7966181
	14.1806065	46.7964543
	14.1802725	46.7964206
	14.179738	46.7963725
	14.1795667	46.7963962
	14.1793918	46.7964272
	14.1792345	46.7966013
	14.1791279	46.7966285
	14.1789588	46.7965542
	14.1788519	46.7965475
	14.1787618	46.7965701
	14.1786475	46.7966456
	14.178337	46.7967926
	14.1781616	46.796829
	14.1780185	46.7969154
	14.1779434	46.797079
	14.1776232	46.7970547
	14.1772955	46.7969933
	14.1771824	46.7969347
	14.1768642	46.7970137
	14.1767862	46.7972183
	14.1765211	46.7971813
	14.1764182	46.7971263
	14.1762944	46.7970947
	14.1760014	46.7972433
	14.1758537	46.7973425
	14.1755632	46.797389
	14.1753978	46.7972722
	14.1751469	46.797443
	14.1749627	46.7974908
	14.1748264	46.7974846
	14.1747289	46.7973853
	14.1745873	46.7973942
	14.1742232	46.7975335
	14.1740296	46.7976588
	14.1735906	46.7978618
	14.1734558	46.7978183
	14.173186	46.7974742
	14.1726487	46.7969379
	14.1719494	46.7965162
	14.1715115	46.7962834
	14.1709588	46.7962985
	14.1708357	46.7963303
	14.1705557	46.7965116
	14.1703701	46.7967418
	14.1702581	46.7968292
	14.1700701	46.7969096
	14.1702939	46.7970687
	14.17036	46.7971422
	14.169442	46.7976067
	14.1693022	46.7977183
	14.1690109	46.7978808
	14.1688695	46.7979721
	14.1682613	46.7982478
	14.1678807	46.7983773
	14.1679773	46.7980781
	14.1681052	46.7977434
	14.168111	46.7973143
	14.1674985	46.797114
	14.1670016	46.7970101
	14.1667498	46.7969893
	14.1666622	46.7970783
	14.1663147	46.7969634
	14.1660355	46.7971041
	14.1659269	46.7971055
	14.1658178	46.7969842
	14.1657717	46.7968075
	14.1655087	46.7966331
	14.165429	46.7964029
	14.165314	46.7961988
	14.164983	46.7958112
	14.164946	46.7956557
	14.1646934	46.7952659
	14.1646122	46.7951971
	14.1643862	46.7950286
	14.1638068	46.7950758
	14.1633655	46.7950841
	14.1628207	46.7947465
	14.1626922	46.7946571
	14.1627597	46.7944583
	14.1625856	46.7940982
	14.16245	46.7939181
	14.1620256	46.7936945
	14.1617816	46.7935088
	14.1616139	46.7931342
	14.1614646	46.7930837
	14.1612673	46.79308
	14.1610002	46.7929889
	14.1609472	46.7928827
	14.1604079	46.792781
	14.1602415	46.7926414
	14.1601341	46.7924214
	14.1597202	46.7923154
	14.1581034	46.791258
	14.1579666	46.7912494
	14.1575444	46.791135
	14.1573296	46.790866
	14.1573387	46.7905811
	14.1572057	46.7904913
	14.1573615	46.79003
	14.1572282	46.7896765
	14.1570638	46.7889836
	14.1569683	46.7889199
	14.1567178	46.7885429
	14.1565499	46.7884088
	14.1560719	46.7881317
	14.1559726	46.7877809
END
END
