7871692
1
	14.856247	48.2221392
	14.8563326	48.2202764
	14.8567191	48.2181522
	14.8569565	48.2166601
	14.8574605	48.2143066
	14.8577143	48.2130409
	14.8571941	48.2122411
	14.8567752	48.2115658
	14.8566531	48.2113229
	14.8582874	48.2111185
	14.8584795	48.2110047
	14.8592832	48.2105778
	14.8594116	48.2104912
	14.8594609	48.2103684
	14.8594636	48.2102413
	14.8593991	48.2099988
	14.8593666	48.2099102
	14.8594574	48.2098031
	14.859634	48.2096831
	14.8599028	48.2096187
	14.8600963	48.2095346
	14.8606977	48.2092018
	14.8608912	48.2091126
	14.8611024	48.2090705
	14.8612655	48.2090423
	14.8615601	48.208697
	14.8617798	48.2085464
	14.8620205	48.2083358
	14.8622096	48.208137
	14.862348	48.2077192
	14.8624183	48.2075795
	14.8625027	48.2074802
	14.8628122	48.2072485
	14.8630337	48.2070311
	14.8631857	48.2068426
	14.8632446	48.2066885
	14.8638257	48.2060933
	14.8638638	48.2054769
	14.8641876	48.2052636
	14.8642945	48.2051228
	14.8643372	48.2050174
	14.8643445	48.2049234
	14.8645666	48.2044786
	14.8648452	48.203919
	14.8648829	48.2037811
	14.8650646	48.2035382
	14.8652506	48.2033696
	14.8658774	48.2028589
	14.8661316	48.2027296
	14.8664717	48.2027203
	14.8667222	48.2026521
	14.8668866	48.2025652
	14.8669323	48.2025142
	14.8669389	48.2024355
	14.8669934	48.2023271
	14.8673937	48.2020831
	14.8675851	48.2019687
	14.8676563	48.2018635
	14.8677914	48.2015245
	14.8678206	48.2011901
	14.867777	48.2011008
	14.8681576	48.2007115
	14.8683915	48.2004668
	14.8683252	48.2003838
	14.8686381	48.1997917
	14.8688692	48.1993799
	14.8693191	48.1991544
	14.8695433	48.1990506
	14.869811	48.1989222
	14.8699451	48.1988144
	14.8700103	48.1987336
	14.8700936	48.1983971
	14.8702595	48.1982236
	14.8702226	48.1979322
	14.8704329	48.1977323
	14.8707147	48.1976807
	14.8711304	48.1972851
	14.8715267	48.1968825
	14.8717618	48.1966406
	14.871936	48.1964018
	14.8716581	48.195883
	14.8716115	48.1956213
	14.8716688	48.1953363
	14.8717378	48.1952179
	14.8718452	48.1951257
	14.872001	48.1951436
	14.8723276	48.1950591
	14.8728087	48.1945285
	14.8728144	48.1944278
	14.8729605	48.194312
	14.873137	48.1942516
	14.8733252	48.1942318
	14.8734709	48.1941769
	14.8738495	48.1939787
	14.8740041	48.1937082
	14.8743976	48.1933409
	14.8745163	48.193247
	14.8746147	48.193177
	14.8747909	48.1930938
	14.8750692	48.1930244
	14.875263	48.1928366
	14.8753336	48.1927024
	14.8753364	48.1925516
	14.8753695	48.1925019
	14.8759782	48.1923675
	14.876362	48.1919879
	14.8762485	48.1918197
	14.8762051	48.1917316
	14.8761949	48.1916543
	14.8762108	48.1915884
	14.8765136	48.1911127
	14.8766009	48.1910189
	14.8766614	48.1908191
	14.876742	48.1905635
	14.8767785	48.1903787
	14.8768624	48.1902403
	14.8769434	48.1901476
	14.8771017	48.1901053
	14.8774033	48.1898379
	14.8774921	48.1895615
	14.8774972	48.1893583
	14.8775466	48.1892742
	14.8776173	48.189236
	14.8778483	48.1887816
	14.8777897	48.1885192
	14.8778504	48.1883516
	14.8779413	48.1881821
	14.8784516	48.1878816
	14.8786844	48.1878617
	14.8793189	48.1876238
	14.8805167	48.1870486
	14.880785	48.1868164
	14.8809752	48.1866241
	14.8813754	48.1862998
	14.8821047	48.1857747
	14.8826049	48.185462
	14.8830468	48.1851574
	14.8828014	48.1850347
	14.8828531	48.184921
	14.8829112	48.1845071
	14.8828368	48.1844062
	14.8831217	48.1836378
	14.8833947	48.1829672
	14.8835977	48.183041
	14.8837307	48.1831253
	14.8838493	48.1832659
	14.8841488	48.1834463
	14.884509	48.1836433
	14.8847437	48.1837728
	14.8853883	48.1840049
	14.885648	48.1840676
	14.8856841	48.1841591
	14.8859846	48.1841779
	14.8865308	48.1840598
	14.8866703	48.1840852
	14.8868565	48.1840062
	14.8872223	48.183893
	14.8878707	48.1838506
	14.8879968	48.1837365
	14.8886707	48.1837241
	14.8888578	48.1836821
	14.8891202	48.1836585
	14.8892403	48.1836653
	14.8895321	48.1837428
	14.8896429	48.1837494
	14.8897915	48.1837151
	14.8902889	48.1835377
	14.8904406	48.1831041
	14.8905869	48.1829032
	14.890877	48.1824691
	14.8910565	48.1821523
	14.8912828	48.1820148
	14.8916961	48.1819044
	14.891971	48.1816327
	14.8921668	48.1816022
	14.8923711	48.1812287
	14.8925144	48.1809472
	14.8926039	48.1806995
	14.8927124	48.1805036
	14.8928727	48.1803041
	14.8931769	48.1799846
	14.8934953	48.1796688
	14.8938502	48.179349
	14.8939581	48.179156
	14.8941841	48.1791763
	14.8941888	48.1789605
	14.8941692	48.1787818
	14.894202	48.1787487
	14.8944023	48.1786401
	14.8946722	48.1783938
	14.8948623	48.1781671
	14.8955567	48.1778547
	14.8958667	48.1776464
	14.8959473	48.1775291
	14.8964868	48.1772739
	14.8967282	48.1772521
	14.8972037	48.1771103
	14.8973808	48.1769861
	14.8974257	48.176938
	14.8975025	48.1767959
	14.8981504	48.1762874
	14.8984158	48.1762276
	14.8991939	48.176231
	14.8994592	48.1762981
	14.8996338	48.1762992
	14.8996506	48.1761721
	14.8998452	48.1761326
	14.9003061	48.1763587
	14.9005467	48.1765467
	14.901225	48.1769338
	14.9012792	48.1769617
	14.9013736	48.1769778
	14.9018307	48.1768929
	14.9020383	48.1768258
	14.9024267	48.1766048
	14.9027845	48.1762208
	14.9030461	48.1759175
	14.9032285	48.1756361
	14.9032961	48.1755324
	14.9033828	48.1754392
	14.9035372	48.1754527
	14.9037493	48.1753689
	14.9039058	48.1752122
	14.9038753	48.1751388
	14.9040436	48.1749357
	14.9042802	48.1747563
	14.9047755	48.1743906
	14.9056814	48.1740053
	14.9060718	48.1740866
	14.9064211	48.1739153
	14.9065129	48.1737931
	14.9066933	48.1736546
	14.90715	48.1734418
	14.9073703	48.1733861
	14.9075135	48.1738203
	14.907628	48.1743718
	14.9081713	48.1743732
	14.9083777	48.1742733
	14.9084315	48.1740812
	14.9084296	48.174004
	14.9085814	48.173878
	14.908728	48.1738196
	14.9088262	48.1737133
	14.9083632	48.1730321
	14.9086259	48.1729203
	14.9089581	48.1728327
	14.9095116	48.1726772
	14.9097715	48.1725691
	14.91007	48.172704
	14.9104256	48.1728513
	14.9107922	48.1727553
	14.9109942	48.172718
	14.9116403	48.1725672
	14.9131034	48.172864
	14.9138641	48.1729416
	14.9139703	48.1728171
	14.914588	48.1724177
	14.9148455	48.1722424
	14.9150993	48.172217
	14.9152739	48.1723073
	14.9158337	48.1723179
	14.916211	48.1722263
	14.9175956	48.1717625
	14.9177278	48.1716806
	14.9177134	48.1715224
	14.9178247	48.1713484
	14.9183217	48.170901
	14.9187484	48.1703248
	14.9188549	48.1702706
	14.919014	48.1702032
	14.9190998	48.1701418
	14.9191194	48.1700175
	14.9197175	48.169969
	14.9198454	48.1700012
	14.9199667	48.1699814
	14.9200249	48.169866
	14.9199785	48.169771
	14.9201091	48.1696463
	14.920328	48.1695156
	14.9205914	48.1695592
	14.9206796	48.1696385
	14.9207228	48.1697139
	14.9211857	48.1697478
	14.9212482	48.169642
	14.921241	48.1695392
	14.9221181	48.1692467
	14.9223579	48.1690658
	14.9223992	48.1689362
	14.9225298	48.1687555
	14.9228455	48.1685426
	14.9230271	48.1684524
	14.9234568	48.1683913
	14.9235745	48.1681449
	14.9239683	48.1678444
	14.9249325	48.1673195
	14.9245085	48.1670725
	14.9244537	48.166919
	14.9245323	48.1666766
	14.924756	48.1665243
	14.9251568	48.1663023
	14.9252887	48.1659648
	14.9254118	48.1658596
	14.925539	48.1658581
	14.9258517	48.1657737
	14.9259448	48.1656159
	14.9261014	48.1655655
	14.926298	48.1655676
	14.9269297	48.1651254
	14.9270887	48.1648969
	14.9270894	48.1648024
	14.9273554	48.1647008
	14.9274543	48.1647856
	14.9275276	48.1648302
	14.9279294	48.1646422
	14.9279428	48.164574
	14.927729	48.1645488
	14.9276129	48.1643726
	14.9278022	48.1643983
	14.928634	48.1641389
	14.9288668	48.1639099
	14.9287348	48.1637859
	14.9286358	48.1636425
	14.9287367	48.1634646
	14.9288402	48.1633575
	14.9289644	48.1632727
	14.9292447	48.1630558
	14.9289735	48.1628846
	14.9289113	48.1626066
	14.9293048	48.162413
	14.9294274	48.1624864
	14.9295663	48.1623597
	14.9296079	48.1621115
	14.9294735	48.1620507
	14.9293134	48.1620468
	14.9291465	48.1620028
	14.9291693	48.16186
	14.9294955	48.1618153
	14.9295937	48.1615744
	14.9294748	48.1613243
	14.9298058	48.1612964
	14.9301159	48.1612105
	14.9302579	48.1610981
	14.9304861	48.1611204
	14.9306261	48.1611065
	14.9307295	48.1610464
	14.9311038	48.1610662
	14.9314048	48.1611776
	14.9317713	48.1612157
	14.9324599	48.1614415
	14.9323792	48.1616984
	14.93351	48.1620205
	14.9337446	48.1620239
	14.9338827	48.1620283
	14.9341255	48.1620919
	14.9342132	48.1622464
	14.934372	48.162282
	14.934624	48.1623127
	14.9353961	48.1623363
	14.9355267	48.1622463
	14.9357885	48.1621985
	14.9360591	48.1622738
	14.9365945	48.1622577
	14.9367903	48.1624067
	14.9370977	48.1621912
	14.9374077	48.1622769
	14.9376526	48.162279
	14.9377355	48.1622171
	14.9385686	48.1621203
	14.9392512	48.1620008
	14.9395503	48.1619611
	14.9396922	48.1619924
	14.9403248	48.1617827
	14.9404915	48.1617442
	14.940771	48.1617599
	14.9410536	48.1618262
	14.9411706	48.1618643
	14.9414544	48.1617913
	14.9416067	48.1617552
	14.9417771	48.161748
	14.9419336	48.1617542
	14.9420626	48.1617831
	14.9421106	48.1615115
	14.9419637	48.1612467
	14.9412717	48.1601798
	14.9424345	48.1598436
	14.9427105	48.1603715
	14.9441441	48.1603961
	14.9457615	48.1604672
	14.945939	48.1605407
	14.9464594	48.1606205
	14.9468223	48.1606589
	14.9471066	48.1606629
	14.9473153	48.1607633
	14.947495	48.16095
	14.9480033	48.1611057
	14.9485652	48.1611477
	14.9487884	48.1611322
	14.9490357	48.1610263
	14.9497338	48.1609799
	14.9498842	48.1611677
	14.9502249	48.1612683
	14.9510664	48.1612597
	14.9512785	48.1612658
	14.9517291	48.1612182
	14.9521677	48.1610066
	14.9522578	48.160928
	14.9526188	48.1608094
	14.9528476	48.1609803
	14.9531459	48.1611341
	14.9535579	48.1611621
	14.9537341	48.1612735
	14.9537142	48.1615419
	14.953869	48.1617153
	14.9539859	48.1617494
	14.9547705	48.1617603
	14.9549121	48.1616847
	14.9550191	48.1615354
	14.9553587	48.1613768
	14.9557393	48.161426
	14.9558361	48.1614913
	14.9562173	48.1615728
	14.9563702	48.1615397
	14.9568302	48.1614435
	14.9569967	48.1615669
	14.9572344	48.1616288
	14.957406	48.1616539
	14.9577547	48.1615716
	14.9579693	48.1616253
	14.9581356	48.1615179
	14.9581892	48.161407
	14.9580658	48.1613569
	14.9580229	48.161246
	14.9582697	48.1610241
	14.958613	48.1610671
	14.9590636	48.1609239
	14.9590851	48.1606878
	14.959364	48.1606233
	14.959794	48.1605729
	14.9611584	48.1605563
	14.961476	48.1605766
	14.96149	48.1606502
	14.9625771	48.1606765
	14.9628115	48.1607849
	14.9629158	48.1609141
	14.9630773	48.1609966
	14.9632903	48.1610458
	14.9636848	48.1612544
	14.9645399	48.1610907
	14.9647912	48.1610529
	14.9653743	48.1610531
	14.9664976	48.1608066
	14.9665711	48.1607625
	14.9662147	48.1604351
	14.9662265	48.1603061
	14.966378	48.160202
	14.966668	48.160146
	14.9666288	48.1597896
	14.9664939	48.1593546
	14.9663375	48.159177
	14.9663775	48.1590165
	14.9665304	48.1589608
	14.9678648	48.1589184
	14.9681614	48.1589726
	14.9684865	48.1589769
	14.9690039	48.1589256
	14.969955	48.1587413
	14.9701294	48.1586303
	14.9703356	48.1584718
	14.9705226	48.1585055
	14.9712508	48.1588689
	14.9714466	48.1589698
	14.9716078	48.1591095
	14.9717489	48.1593928
	14.9717917	48.1596053
	14.9716753	48.15982
	14.9715733	48.1599485
	14.9714466	48.1600626
	14.9710227	48.1603351
	14.9707687	48.1604895
	14.9705376	48.1607173
	14.9705305	48.160774
	14.9705065	48.1608399
	14.9705643	48.1612022
	14.9705636	48.1613703
	14.970516	48.161503
	14.9703847	48.1617247
	14.9700666	48.162206
	14.9697605	48.1625289
	14.9690541	48.1630558
	14.9687335	48.1632676
	14.9689151	48.1634056
	14.9696329	48.1636149
	14.9698466	48.1639262
	14.9699413	48.164116
	14.96998	48.1645855
	14.9700309	48.1649611
	14.970132	48.1653206
	14.9700725	48.1655948
	14.9704837	48.1657765
	14.9706282	48.1658569
	14.970819	48.1660093
	14.9707814	48.1662128
	14.970707	48.1664449
	14.9705352	48.1668201
	14.9704193	48.1670676
	14.9701448	48.1676206
	14.9707194	48.1679269
	14.971274	48.1680964
	14.971774	48.1683702
	14.9718824	48.1684601
	14.9718362	48.1688086
	14.9717958	48.1690027
	14.971688	48.1695093
	14.9718352	48.1698091
	14.971733	48.1701585
	14.9712441	48.1704393
	14.9710536	48.1705957
	14.9709767	48.170701
	14.9710421	48.170933
	14.9707051	48.1711232
	14.9705014	48.1712105
	14.9701736	48.1713266
	14.9697434	48.1718823
	14.9695344	48.1724617
	14.9692472	48.1727132
	14.9688596	48.1728529
	14.9685782	48.1730235
	14.9686751	48.1733146
	14.9687895	48.1741175
	14.9697468	48.1744793
	14.9706376	48.1748657
	14.9707771	48.1749818
	14.9711395	48.1754701
	14.9707801	48.175676
	14.9701503	48.1759457
	14.9698568	48.1759974
	14.969558	48.1760734
	14.9689325	48.1761906
	14.9678259	48.1763222
	14.9674091	48.1764082
	14.9664695	48.1765438
	14.9666642	48.1766953
	14.9667621	48.1768264
	14.9664443	48.1770661
	14.96618	48.177261
	14.9657541	48.177485
	14.9654837	48.1775377
	14.964946	48.1775966
	14.9641606	48.1783268
	14.9638535	48.1785321
	14.9635239	48.1787108
	14.9634163	48.1786668
	14.9632669	48.1787496
	14.9630987	48.1788965
	14.9628646	48.179102
	14.9625585	48.179247
	14.9624156	48.1793745
	14.9620065	48.1798055
	14.9616753	48.1801357
	14.9614532	48.1803187
	14.9612421	48.1804077
	14.9607574	48.1805167
	14.9601588	48.1804879
	14.959953	48.1804956
	14.9592677	48.1806131
	14.9581798	48.1812133
	14.9580347	48.1813131
	14.9575906	48.1813792
	14.9579173	48.1816808
	14.9579081	48.1819606
	14.9580366	48.1824519
	14.9587978	48.1826529
	14.9591779	48.1827241
	14.9597503	48.1827356
	14.9603902	48.1827259
	14.9601762	48.183068
	14.9598841	48.1834511
	14.9594931	48.184187
	14.9591167	48.1850405
	14.9589392	48.1850713
	14.9599965	48.1853331
	14.9598551	48.1855169
	14.9595505	48.1857407
	14.9595596	48.1858363
	14.9599246	48.1859202
	14.9607789	48.1858217
	14.960924	48.1867151
	14.9611649	48.1865246
	14.9617531	48.1863537
	14.9622681	48.1863707
	14.9625559	48.1863601
	14.9631586	48.1865009
	14.9634528	48.1865701
	14.9641673	48.1862569
	14.9645938	48.1861173
	14.9649387	48.1859461
	14.9655519	48.1857432
	14.9658831	48.1857294
	14.966164	48.1856139
	14.9666784	48.1854814
	14.9672006	48.1853877
	14.9674217	48.1854238
	14.9675888	48.1847263
	14.9679458	48.1845159
	14.9682148	48.1843774
	14.9688298	48.1843143
	14.9700642	48.1845353
	14.9705145	48.1846128
	14.9710212	48.1847957
	14.9714042	48.1848716
	14.9721193	48.1849658
	14.9722405	48.1851013
	14.9726045	48.1849358
	14.972795	48.184777
	14.9731804	48.1844719
	14.973646	48.1843374
	14.9742809	48.1841975
	14.9746851	48.1841112
	14.9751478	48.1841323
	14.9755935	48.1840058
	14.97631	48.1838737
	14.9766096	48.1838577
	14.9771085	48.1838885
	14.9779204	48.1842315
	14.9777264	48.1849717
	14.9775966	48.1854715
	14.977724	48.1857029
	14.9779461	48.1859849
	14.9780271	48.1859939
	14.9780724	48.1860354
	14.9773195	48.186332
	14.9764315	48.1864079
	14.9756721	48.1866047
	14.9751016	48.186832
	14.9754417	48.1870205
	14.9758489	48.1870123
	14.976649	48.187001
	14.9769883	48.1871705
	14.9779633	48.1867684
	14.9786716	48.1865463
	14.9788294	48.1867764
	14.9787932	48.1869434
	14.9787164	48.18717
	14.9784879	48.1875793
	14.9784429	48.1879323
	14.9784308	48.188183
	14.9784777	48.18832
	14.9785534	48.1887147
	14.9787859	48.1889164
	14.9790651	48.1890317
	14.9791354	48.1889968
	14.9792963	48.1890957
	14.9793532	48.1892268
	14.9790783	48.1894827
	14.9791308	48.1896266
	14.9794629	48.1898061
	14.9795495	48.1899258
	14.9795356	48.1900753
	14.9794055	48.1902596
	14.9792754	48.1903742
	14.9792346	48.1905375
	14.9792904	48.1907183
	14.9795128	48.1911038
	14.9796214	48.1917049
	14.9795163	48.1921148
	14.9797703	48.1921675
	14.9798569	48.1926381
	14.9798585	48.1930032
	14.9796338	48.1930345
	14.9797853	48.193506
	14.9799615	48.1939021
	14.9797845	48.1939226
	14.9798438	48.1941792
	14.9804953	48.1947004
	14.9808375	48.194837
	14.9809931	48.1948239
	14.9811103	48.1951109
	14.9829506	48.1947934
	14.983428	48.1946959
	14.9842646	48.1946403
	14.9849703	48.1945093
	14.9858211	48.1942591
	14.9864197	48.1941801
	14.9874798	48.1942014
	14.9882404	48.1942951
	14.9883343	48.1943575
	14.9892396	48.1942166
	14.990287	48.1940689
	14.9916439	48.1939239
	14.9922841	48.1938835
	14.9925215	48.193918
	14.992982	48.1941095
	14.992956	48.1949074
	14.9929609	48.1954941
	14.9924166	48.1955507
	14.9895528	48.1959201
	14.9865182	48.196287
	14.9828832	48.1967311
	14.9807066	48.1970365
	14.9795367	48.1972155
	14.9785724	48.1973406
	14.9774866	48.1976431
	14.9767166	48.1980007
	14.975667	48.1984164
	14.9741621	48.1988297
	14.9724613	48.1995784
	14.9715448	48.19997
	14.9711003	48.2001207
	14.9702715	48.2004564
	14.9698544	48.2005342
	14.9689336	48.2007993
	14.9676706	48.2011544
	14.9660395	48.2014583
	14.9650554	48.2016699
	14.9641834	48.2019438
	14.9632039	48.2021802
	14.9624247	48.2023861
	14.9617206	48.2028093
	14.9609701	48.2032603
	14.9596644	48.2043781
	14.959268	48.204631
	14.9588804	48.2050381
	14.9586822	48.2053974
	14.9579728	48.2063092
	14.9572448	48.2074182
	14.9564329	48.2083665
	14.9560298	48.2091565
	14.9558045	48.2096206
	14.955326	48.2113402
	14.9547871	48.2122623
	14.9541579	48.2133605
	14.9537205	48.2140697
	14.9536595	48.2142906
	14.9529157	48.215342
	14.9523141	48.2164826
	14.9514987	48.2176452
	14.9511063	48.2180423
	14.9509353	48.2181756
	14.9504639	48.2187148
	14.9500037	48.2192897
	14.9496418	48.2200873
	14.9485044	48.2216969
	14.9476715	48.2227259
	14.9474979	48.2228824
	14.9469148	48.2238493
	14.9462531	48.2247848
	14.9453331	48.2262997
	14.9448418	48.2269156
	14.9444955	48.2272385
	14.9433462	48.2280701
	14.9419779	48.2288449
	14.9414426	48.2292129
	14.9409786	48.2295537
	14.9404714	48.2298931
	14.9400288	48.2302171
	14.9398249	48.2303475
	14.9395967	48.2304199
	14.9390337	48.2305596
	14.9383108	48.230838
	14.9375961	48.231022
	14.937007	48.2311413
	14.9353312	48.2313298
	14.9339657	48.2315687
	14.9325117	48.2316909
	14.9298855	48.2317081
	14.9285709	48.2318001
	14.9277027	48.2318139
	14.9245747	48.2319898
	14.9230276	48.2321097
	14.9223335	48.2321194
	14.9211734	48.2321869
	14.9202011	48.2322812
	14.9187436	48.2324907
	14.9179805	48.2325471
	14.9170322	48.2326924
	14.9161279	48.232799
	14.9149391	48.2328928
	14.9144856	48.2328306
	14.913123	48.2325993
	14.9120488	48.2323763
	14.9114649	48.232225
	14.9099215	48.2317713
	14.908831	48.2316161
	14.9077439	48.2314853
	14.9060302	48.2313833
	14.9053594	48.2313531
	14.9037356	48.2311194
	14.902539	48.2308619
	14.9004217	48.2301108
	14.9002039	48.2299287
	14.8998225	48.2296812
	14.8992498	48.2292228
	14.8985205	48.2287527
	14.8976575	48.228374
	14.8968903	48.2281425
	14.8963239	48.2280354
	14.8960693	48.2280036
	14.8951689	48.2279007
	14.8943387	48.2278895
	14.8933192	48.2279852
	14.8928622	48.2280833
	14.8921031	48.2284217
	14.8914974	48.228835
	14.8908146	48.2294867
	14.8905683	48.2299607
	14.8901499	48.2306269
	14.8897296	48.2311819
	14.8895138	48.2314405
	14.8890921	48.2318403
	14.8887495	48.2320701
	14.8882206	48.2323484
	14.8871944	48.2326039
	14.8865898	48.2327104
	14.8859965	48.2327761
	14.8856693	48.2327668
	14.8840077	48.232585
	14.8836809	48.2325685
	14.882236	48.2326389
	14.8814649	48.232588
	14.8810927	48.2325028
	14.8791335	48.2315292
	14.8781484	48.2311933
	14.8771578	48.230861
	14.8765795	48.2305555
	14.8749193	48.2299578
	14.8744035	48.2296966
	14.8740811	48.2294756
	14.8726952	48.2284194
	14.8723738	48.2282407
	14.8710408	48.2278244
	14.869482	48.2276608
	14.8665113	48.2272893
	14.8632304	48.2271983
	14.8610498	48.2270305
	14.8598683	48.2267738
	14.858871	48.2264541
	14.8578663	48.2259606
	14.857335	48.225534
	14.8570801	48.2251429
	14.8567218	48.2243949
	14.8565885	48.2238681
	14.856247	48.2221392
END
END
