7871857
1
	16.0394711	48.1128134
	16.0397191	48.1125386
	16.0400373	48.112238
	16.0413893	48.1109273
	16.0420505	48.1102798
	16.0420899	48.1102096
	16.0419649	48.1099464
	16.0424944	48.1098368
	16.0435384	48.1096551
	16.0444171	48.1096113
	16.0453612	48.109356
	16.0458151	48.1091338
	16.0448767	48.1082435
	16.045568	48.1080391
	16.0461257	48.1079548
	16.047707	48.1079948
	16.0482638	48.1077874
	16.0487521	48.1076043
	16.0504577	48.1073424
	16.0510349	48.1070069
	16.0504399	48.1064936
	16.0502623	48.1063597
	16.0494623	48.1058513
	16.0486031	48.1052134
	16.0486216	48.1049398
	16.0486465	48.1044845
	16.048385	48.1039404
	16.0480424	48.1037416
	16.0476612	48.1034637
	16.0473265	48.1032359
	16.0468807	48.1028772
	16.0463814	48.1024818
	16.0461412	48.1022829
	16.0459033	48.1020946
	16.0454691	48.1012727
	16.0440612	48.1009823
	16.0440578	48.1007773
	16.0437003	48.1004309
	16.0434718	48.1000943
	16.0431761	48.0998016
	16.0432659	48.0996512
	16.0432434	48.0995368
	16.0426047	48.0993505
	16.0425396	48.0990917
	16.0422334	48.0989182
	16.0419385	48.0985783
	16.0415709	48.0982018
	16.0417663	48.0977041
	16.042242	48.0971486
	16.0424588	48.0966923
	16.0429853	48.0960262
	16.0427429	48.09571
	16.042511	48.0954284
	16.0422644	48.0951943
	16.0422603	48.0949792
	16.0424139	48.0947961
	16.0424105	48.094692
	16.0422133	48.0944118
	16.0422506	48.0942228
	16.0420712	48.0940102
	16.042209	48.0932877
	16.0424477	48.0930411
	16.0423615	48.0926392
	16.0426706	48.0924487
	16.0427771	48.0922377
	16.0433214	48.0916919
	16.043142	48.0913859
	16.0436036	48.0911513
	16.0437706	48.0909637
	16.0439416	48.0906174
	16.0442778	48.0902763
	16.0448036	48.0898118
	16.0450693	48.0896116
	16.0449975	48.089508
	16.0452418	48.0893957
	16.045749	48.0890254
	16.0457384	48.0889353
	16.0458002	48.0884486
	16.0462446	48.0879024
	16.0465466	48.0875017
	16.0465208	48.0869912
	16.0467458	48.0866352
	16.0468039	48.0862287
	16.0466314	48.0859672
	16.046813	48.0856234
	16.0469114	48.0848828
	16.0468118	48.0847011
	16.0471492	48.0842671
	16.0470742	48.0838335
	16.0472247	48.083676
	16.047343	48.0833383
	16.0470934	48.0830073
	16.0470565	48.082905
	16.0472949	48.0824938
	16.0472522	48.0822886
	16.0475738	48.082171
	16.0477098	48.0821366
	16.0477446	48.0822572
	16.0479106	48.0823556
	16.048154	48.0824442
	16.0484136	48.082493
	16.0485948	48.0825006
	16.0489934	48.0824712
	16.0491665	48.0825842
	16.0494459	48.0828927
	16.0496593	48.0832013
	16.0503149	48.0835647
	16.0504802	48.0837353
	16.0508127	48.0837681
	16.051201	48.0839263
	16.0513304	48.0840224
	16.0514813	48.0840931
	16.0517141	48.0841142
	16.0523672	48.0844344
	16.0526857	48.0846077
	16.0535875	48.0849852
	16.053974	48.0852116
	16.0542446	48.0855376
	16.0545745	48.086284
	16.0549273	48.0867103
	16.0555218	48.0874227
	16.0556052	48.0880237
	16.0559165	48.0884113
	16.056537	48.0888408
	16.0568029	48.0889891
	16.0574401	48.0892379
	16.0577004	48.0893155
	16.0584934	48.089518
	16.059192	48.0897059
	16.0606001	48.0901068
	16.0621365	48.0901752
	16.0628812	48.0902442
	16.063803	48.0902495
	16.0643271	48.0899764
	16.0649222	48.0896844
	16.0651314	48.0894242
	16.0652782	48.0893572
	16.0660722	48.089121
	16.0666415	48.0889509
	16.0670672	48.0889116
	16.0674866	48.0888279
	16.0680606	48.0886739
	16.0684312	48.0886393
	16.0689323	48.0883381
	16.0692177	48.0883735
	16.0694461	48.0883344
	16.0698465	48.0879484
	16.0699653	48.0879063
	16.0700678	48.0878969
	16.0701442	48.0878857
	16.070299	48.087748
	16.0702791	48.0874912
	16.0707699	48.0869822
	16.0709753	48.0868714
	16.0714084	48.0864349
	16.0718575	48.0861953
	16.0722428	48.086078
	16.0724427	48.0860347
	16.072671	48.0860785
	16.0731175	48.0860459
	16.0736066	48.0862691
	16.0747249	48.0868014
	16.0752801	48.087007
	16.0762004	48.0873125
	16.0771502	48.0877906
	16.0777653	48.0880574
	16.0784179	48.0881214
	16.0787506	48.0882806
	16.0792978	48.0885239
	16.0799422	48.08824
	16.080336	48.0880197
	16.08064	48.0877022
	16.0805386	48.0870106
	16.0804609	48.08697
	16.0804572	48.0863093
	16.0806602	48.0860583
	16.0806986	48.0857002
	16.0806293	48.0850791
	16.0805179	48.0845885
	16.0803782	48.0839878
	16.0806523	48.0835099
	16.0807412	48.0834152
	16.0807933	48.0830071
	16.0805689	48.0823736
	16.0804027	48.0818912
	16.0803394	48.0815802
	16.0804231	48.0810303
	16.0805842	48.080418
	16.0807801	48.0799933
	16.0811754	48.0796452
	16.0812648	48.0793996
	16.0811491	48.0789486
	16.0810037	48.0783522
	16.0808985	48.0779069
	16.0808861	48.0776452
	16.0809951	48.077181
	16.0810571	48.0768885
	16.0810787	48.0765684
	16.0811299	48.0764484
	16.0812696	48.0763295
	16.0818534	48.0759278
	16.0823915	48.0755496
	16.0828423	48.0747528
	16.082927	48.0745787
	16.083012	48.0741652
	16.0831953	48.0735475
	16.0832904	48.0734922
	16.0835526	48.0730079
	16.0839559	48.0722405
	16.0839795	48.0721572
	16.0841169	48.0721631
	16.0842158	48.0722548
	16.0843102	48.0723471
	16.0848139	48.072628
	16.0855653	48.0727757
	16.085892	48.0729505
	16.0862713	48.0730044
	16.0869315	48.0730333
	16.0875579	48.0729982
	16.0884219	48.0729889
	16.0892876	48.0729124
	16.0901192	48.072965
	16.0908084	48.0731949
	16.0912025	48.0732036
	16.0917166	48.0733142
	16.0920359	48.0735262
	16.0925434	48.0735359
	16.0930825	48.0735108
	16.0934141	48.0735832
	16.093784	48.073647
	16.0943644	48.0737041
	16.0948566	48.0735929
	16.0955784	48.0735153
	16.096165	48.0731682
	16.0965526	48.0729042
	16.0969174	48.0724627
	16.0967996	48.0715676
	16.0968637	48.0712163
	16.0971232	48.0705274
	16.0974353	48.0702537
	16.0967094	48.0700768
	16.0964449	48.0696818
	16.0962305	48.0694416
	16.096108	48.0692551
	16.0957536	48.0686526
	16.0955957	48.0683734
	16.0950137	48.0680641
	16.0948273	48.0678638
	16.094731	48.0677352
	16.0949191	48.0672976
	16.0950043	48.0666532
	16.0953907	48.0662405
	16.0960718	48.0659523
	16.0965797	48.0657296
	16.0972024	48.0654927
	16.0979235	48.0652015
	16.0984611	48.0650498
	16.0992218	48.0647697
	16.0995223	48.0646205
	16.1001313	48.0642992
	16.1004494	48.0642044
	16.1010755	48.064028
	16.1020246	48.0638417
	16.1031821	48.0633152
	16.1039552	48.0629394
	16.1043932	48.0625231
	16.1045432	48.0623137
	16.104955	48.0620207
	16.1055183	48.0615967
	16.1053151	48.0619731
	16.1054293	48.0627086
	16.1060019	48.0632564
	16.1062626	48.0638664
	16.1065901	48.0647043
	16.1067312	48.0649504
	16.10706	48.0651692
	16.1072827	48.0653053
	16.1071845	48.0656322
	16.1068929	48.0657534
	16.1068054	48.0658832
	16.1069617	48.0665012
	16.1072245	48.0665955
	16.1078613	48.066727
	16.1079151	48.0668253
	16.1084328	48.0669424
	16.1085627	48.0669595
	16.1087816	48.0670213
	16.1088	48.0672903
	16.1088737	48.0674958
	16.1091817	48.0678523
	16.1094363	48.068145
	16.1097401	48.0684288
	16.1100723	48.0687957
	16.1104756	48.0692612
	16.1106209	48.0693719
	16.1108525	48.0695162
	16.1110156	48.0694829
	16.1115488	48.0700502
	16.1113894	48.0706446
	16.1117198	48.0707596
	16.1122316	48.0708617
	16.112711	48.0710326
	16.112833	48.0710222
	16.1130047	48.071034
	16.1130739	48.0710772
	16.1130615	48.0711756
	16.1132064	48.0715846
	16.1136913	48.0722669
	16.1135865	48.0723844
	16.1131464	48.0723674
	16.1129235	48.0724107
	16.1128195	48.0724809
	16.1126389	48.072771
	16.1125642	48.0729478
	16.1125465	48.0731249
	16.1125127	48.0734632
	16.1126094	48.0734787
	16.1130324	48.0738387
	16.113199	48.0739483
	16.113846	48.0744209
	16.1142895	48.0748072
	16.1153725	48.0747534
	16.1157342	48.0747029
	16.1161944	48.0746043
	16.1166563	48.0745075
	16.1169559	48.0744691
	16.1176466	48.074311
	16.1182101	48.0741281
	16.119114	48.0736495
	16.1193326	48.0735592
	16.1195039	48.0735382
	16.1196942	48.0735281
	16.1209006	48.0735833
	16.1211034	48.0735617
	16.1213775	48.0735036
	16.1217049	48.0733813
	16.1220317	48.0733804
	16.1234954	48.0734542
	16.1236172	48.0734228
	16.1239107	48.073385
	16.1249387	48.0733106
	16.1250574	48.0735077
	16.1255049	48.0739144
	16.1257754	48.0740731
	16.1261342	48.0742378
	16.1267558	48.0743926
	16.1272264	48.0746791
	16.1282712	48.0753217
	16.1287621	48.0756049
	16.1301765	48.0763444
	16.1299677	48.075719
	16.1296421	48.0752755
	16.1293759	48.0750795
	16.1289027	48.0745819
	16.1283955	48.0738626
	16.128375	48.0734263
	16.1282275	48.073143
	16.1284557	48.0729908
	16.128662	48.0728795
	16.1288067	48.0731495
	16.1292135	48.0733641
	16.1296106	48.0736105
	16.1300301	48.0737664
	16.1309926	48.0742234
	16.1312175	48.0743898
	16.131554	48.0746798
	16.13182	48.0749999
	16.1319096	48.0752252
	16.1322183	48.075594
	16.132016	48.0756201
	16.1323016	48.0759143
	16.1325298	48.0762876
	16.1325717	48.0765138
	16.1325408	48.0766079
	16.132775	48.0770447
	16.1329738	48.0773112
	16.133358	48.0776987
	16.1338247	48.077843
	16.1342647	48.0779988
	16.1345348	48.0781347
	16.1348857	48.0781955
	16.1360586	48.0783025
	16.1367218	48.0782753
	16.1370053	48.0783381
	16.1373096	48.0783373
	16.1374688	48.0774928
	16.1376466	48.076513
	16.1389911	48.0758613
	16.1415982	48.0745985
	16.1427252	48.0732453
	16.1436947	48.072438
	16.1447283	48.0714057
	16.1459851	48.0703471
	16.1469388	48.0697432
	16.1474007	48.0694459
	16.1479356	48.069104
	16.1501748	48.068685
	16.1519334	48.0679487
	16.1525026	48.0676732
	16.1529518	48.0675251
	16.1539342	48.067287
	16.1542031	48.067265
	16.1544292	48.0670642
	16.1542652	48.0663831
	16.1541525	48.0661697
	16.154003	48.0657533
	16.1542988	48.0657872
	16.1544692	48.065645
	16.1549186	48.0655474
	16.1557211	48.065515
	16.1558512	48.0653827
	16.1563956	48.0652717
	16.156495	48.0652794
	16.1569275	48.0652091
	16.1570227	48.0650792
	16.1572536	48.0650616
	16.1581642	48.0650235
	16.1584942	48.0648739
	16.1586793	48.0647365
	16.1589085	48.0647477
	16.1592675	48.0647098
	16.1593155	48.0645809
	16.1597315	48.064504
	16.1599911	48.0644735
	16.1601509	48.0646054
	16.1603347	48.0645412
	16.1603984	48.0644029
	16.1606007	48.0643611
	16.1609412	48.0643678
	16.1610917	48.0644116
	16.1611381	48.064447
	16.1615987	48.0642636
	16.1626827	48.063754
	16.1627719	48.0637897
	16.1629501	48.06375
	16.1634225	48.0634979
	16.1637464	48.0631623
	16.1640375	48.0632258
	16.1642277	48.0630789
	16.1643346	48.0629518
	16.1647208	48.0629876
	16.1654161	48.062793
	16.1656151	48.0626778
	16.1656329	48.0625309
	16.1655973	48.0624713
	16.1656448	48.0623284
	16.1660578	48.0621437
	16.1663282	48.0620941
	16.1668421	48.0620424
	16.1672016	48.0619233
	16.1675819	48.0618498
	16.1677453	48.0619014
	16.168292	48.0617942
	16.1684019	48.0616473
	16.1689902	48.0616671
	16.1692695	48.061689
	16.1701132	48.0617386
	16.1711412	48.0619968
	16.1716789	48.0621238
	16.1716908	48.0621814
	16.1716463	48.0622728
	16.1716581	48.0623502
	16.1717948	48.0624018
	16.1719582	48.062378
	16.1721662	48.062382
	16.1725554	48.0624614
	16.1727485	48.062517
	16.1728852	48.0624892
	16.1730397	48.0624038
	16.1732833	48.0624892
	16.1733011	48.0625686
	16.1734229	48.0626381
	16.1739874	48.0626798
	16.1743885	48.0627394
	16.1749173	48.0627275
	16.1758502	48.0628764
	16.1760582	48.0630352
	16.1763999	48.0631166
	16.1765455	48.0631901
	16.1766494	48.0632735
	16.1772347	48.0633966
	16.177514	48.063472
	16.1776434	48.0636124
	16.1783267	48.0639261
	16.1787189	48.0641207
	16.1794972	48.0647201
	16.1796153	48.0648111
	16.1796934	48.0648712
	16.1794379	48.0649943
	16.179634	48.0654788
	16.1789744	48.0656892
	16.1775959	48.0661498
	16.176253	48.0665588
	16.1753973	48.0670671
	16.175736	48.0673729
	16.1760985	48.0678255
	16.1762233	48.06804
	16.1765204	48.0682663
	16.1770314	48.0683656
	16.1773047	48.0684529
	16.1776375	48.06858
	16.1779286	48.0687428
	16.178398	48.0691517
	16.1787011	48.0694138
	16.1789566	48.069664
	16.1789497	48.0699592
	16.1780627	48.0701674
	16.177132	48.0703225
	16.1764625	48.0705116
	16.1750648	48.0706386
	16.1739109	48.0710917
	16.1735375	48.0712751
	16.1731229	48.0715495
	16.1732497	48.0721233
	16.1727028	48.0721556
	16.1725299	48.0726737
	16.1724368	48.0731177
	16.172421	48.0734516
	16.1724493	48.0746252
	16.1724379	48.0752268
	16.1724032	48.0755314
	16.1723189	48.0760808
	16.171855	48.076278
	16.172094	48.0770763
	16.1726492	48.0776069
	16.1729444	48.0777948
	16.1733199	48.0779933
	16.1746733	48.0782362
	16.175088	48.078593
	16.175601	48.0789969
	16.1758329	48.0793161
	16.1762617	48.0795885
	16.1766342	48.0799876
	16.1769996	48.0803445
	16.1779287	48.0812525
	16.1782221	48.0816467
	16.1786864	48.0822649
	16.1789324	48.0825982
	16.1789464	48.0826827
	16.1780302	48.0831235
	16.1767636	48.0833217
	16.1765779	48.083495
	16.1759672	48.0840309
	16.1755237	48.0843307
	16.175135	48.0845882
	16.175088	48.0857862
	16.1741532	48.0868003
	16.1738557	48.0874769
	16.1735605	48.0876436
	16.1731248	48.0879023
	16.1727172	48.0881764
	16.1719405	48.0886999
	16.1713783	48.0888572
	16.170938	48.0889925
	16.172176	48.0895473
	16.1728261	48.0896154
	16.1732395	48.0896594
	16.1734938	48.0896905
	16.1734928	48.0897408
	16.1729678	48.0901361
	16.172904	48.0900816
	16.1727411	48.0900546
	16.1720214	48.0901004
	16.1718998	48.0901495
	16.1718763	48.0902082
	16.1717999	48.0903052
	16.1716251	48.0903593
	16.1713275	48.0904325
	16.1711921	48.0905552
	16.170611	48.0908301
	16.1703786	48.0910511
	16.1701252	48.0913574
	16.1698502	48.0918196
	16.1694374	48.092237
	16.1692122	48.0923175
	16.168941	48.0925123
	16.1687089	48.0926972
	16.1685218	48.0928687
	16.1683373	48.0931747
	16.1681537	48.0936857
	16.1681645	48.0941959
	16.1681989	48.0942521
	16.1682036	48.0944297
	16.1678476	48.0948683
	16.167564	48.0954074
	16.1674296	48.0955503
	16.1670127	48.0958928
	16.1664882	48.0960399
	16.1660188	48.0960925
	16.1658165	48.0961485
	16.1655002	48.0962798
	16.1649514	48.0963822
	16.164784	48.0964597
	16.1640393	48.0966301
	16.1638888	48.0966108
	16.1636366	48.0966028
	16.1633352	48.0966593
	16.1631039	48.096668
	16.1628479	48.096589
	16.1628204	48.0964996
	16.1627859	48.0963348
	16.1627844	48.0962756
	16.1628019	48.0961413
	16.1627843	48.0960024
	16.1627206	48.0957876
	16.1625047	48.0955705
	16.1622713	48.0952117
	16.1621493	48.0948338
	16.1613134	48.0942958
	16.1609923	48.0937824
	16.1607472	48.093498
	16.160047	48.0930405
	16.1598927	48.0929728
	16.1597657	48.0929259
	16.1596603	48.0929109
	16.1592431	48.0929228
	16.1588566	48.0929882
	16.1591319	48.093522
	16.1591656	48.0936977
	16.1591538	48.0938423
	16.1588156	48.0941699
	16.15826	48.09452
	16.1581146	48.0945696
	16.1578704	48.0948568
	16.1578185	48.0950243
	16.157765	48.0951455
	16.1575859	48.0953663
	16.1572402	48.0955654
	16.1571058	48.0956717
	16.1569349	48.0958526
	16.1565504	48.0962837
	16.1559637	48.0967816
	16.1558501	48.0968042
	16.1556734	48.0968727
	16.1555041	48.0969883
	16.1551345	48.0972773
	16.1543864	48.0977197
	16.1539179	48.0981857
	16.1535362	48.0985736
	16.1528961	48.0994906
	16.1527331	48.0997952
	16.1532983	48.100599
	16.1531435	48.1007265
	16.1528072	48.1010112
	16.1523497	48.101337
	16.1512318	48.1021249
	16.1509782	48.1023683
	16.1502203	48.1028438
	16.1496707	48.1031854
	16.1490454	48.1036421
	16.1489536	48.1041521
	16.1489882	48.1045737
	16.1489074	48.1049933
	16.1487487	48.1056118
	16.1486436	48.1057864
	16.148525	48.1059579
	16.1484138	48.1061332
	16.1479195	48.1065672
	16.1476406	48.1067312
	16.1471253	48.1070065
	16.1469492	48.1070559
	16.1463071	48.1071217
	16.144894	48.1072692
	16.1435417	48.1078506
	16.1425949	48.1081717
	16.1420295	48.1083644
	16.1413528	48.108709
	16.1405929	48.1090721
	16.1401819	48.1092653
	16.139613	48.1093346
	16.1389849	48.1093986
	16.1382971	48.109329
	16.1374381	48.109239
	16.1371392	48.1086925
	16.1371815	48.1077415
	16.137163	48.1076662
	16.1367484	48.1068987
	16.1365071	48.1064615
	16.1364332	48.1061053
	16.1353733	48.105602
	16.1349885	48.1061984
	16.134632	48.1069297
	16.134357	48.1073064
	16.1342649	48.1074251
	16.1340181	48.1078221
	16.1339342	48.1080108
	16.1338767	48.1081529
	16.1338138	48.108429
	16.1338412	48.1087193
	16.1337855	48.1088248
	16.1334706	48.1091153
	16.1333974	48.10926
	16.1333493	48.1094102
	16.1333586	48.1095054
	16.1334376	48.1096738
	16.1337121	48.1098697
	16.1337717	48.109957
	16.133768	48.1100401
	16.1337397	48.1101741
	16.1335319	48.1105365
	16.1334314	48.1108373
	16.1333564	48.1109645
	16.1326603	48.1113961
	16.1320621	48.1118313
	16.1320767	48.1118564
	16.1321242	48.1119552
	16.1322917	48.1120439
	16.1324576	48.1122017
	16.1325927	48.112544
	16.1326862	48.1128697
	16.1327371	48.1129681
	16.1332842	48.1132112
	16.1336064	48.1133871
	16.1336921	48.1135048
	16.1342713	48.113715
	16.1343651	48.1137317
	16.1350338	48.1136784
	16.1352647	48.1137693
	16.1354404	48.1137793
	16.1356595	48.113752
	16.1359205	48.1137833
	16.1361245	48.11384
	16.1363	48.1139079
	16.1364942	48.1139063
	16.1366175	48.1138941
	16.13698	48.1139574
	16.1373018	48.114036
	16.1380989	48.1143308
	16.1384344	48.1144228
	16.138607	48.114463
	16.1390576	48.1145887
	16.139326	48.114625
	16.1395552	48.1146829
	16.1396402	48.1147588
	16.1400032	48.1150146
	16.1404588	48.1151998
	16.1408	48.1153155
	16.140968	48.1153257
	16.1413572	48.1152601
	16.1414937	48.1152739
	16.1419097	48.1153818
	16.1423262	48.1155311
	16.1427257	48.115668
	16.143086	48.1158872
	16.1434343	48.1161922
	16.1435884	48.1163797
	16.1438267	48.1166287
	16.1440546	48.1168466
	16.1440885	48.1169781
	16.1442327	48.117134
	16.1434537	48.117182
	16.1427751	48.1172616
	16.1420266	48.1172426
	16.1416148	48.1173826
	16.1406409	48.1177129
	16.1400115	48.1181573
	16.1393122	48.1184651
	16.1386595	48.118759
	16.1382684	48.1188593
	16.1379346	48.1188277
	16.1376468	48.118797
	16.1374784	48.1187832
	16.1369812	48.1189544
	16.1365357	48.1189302
	16.1357017	48.1190045
	16.1353675	48.119008
	16.1350205	48.1193331
	16.1349764	48.1197653
	16.1348495	48.1199815
	16.1345568	48.1202322
	16.1344999	48.1206817
	16.134404	48.1208218
	16.1341632	48.1210673
	16.1338808	48.1213163
	16.1335752	48.1217935
	16.1330909	48.1221358
	16.1327464	48.1223243
	16.1323812	48.1225266
	16.1317104	48.1226338
	16.1311613	48.122926
	16.1310859	48.1229475
	16.1306225	48.1230799
	16.1303609	48.123187
	16.1301978	48.1233513
	16.1298222	48.1235519
	16.1293715	48.1237075
	16.1291747	48.1237974
	16.1291458	48.1240893
	16.1288949	48.124055
	16.1284779	48.1241622
	16.1280635	48.1241051
	16.1273331	48.1240066
	16.1266228	48.1244158
	16.1261588	48.1243719
	16.1255563	48.1243921
	16.1249244	48.1245443
	16.1246809	48.124731
	16.1244089	48.1249609
	16.1239919	48.1253188
	16.1235983	48.1256265
	16.1231813	48.1259533
	16.1230207	48.1262801
	16.1224042	48.1262628
	16.1212983	48.1262126
	16.1204461	48.1263112
	16.1197494	48.126389
	16.1192806	48.1265826
	16.1187859	48.126548
	16.1185916	48.1265342
	16.1182523	48.1263561
	16.1177861	48.126899
	16.1169029	48.1272309
	16.115797	48.1276821
	16.1151909	48.1279414
	16.1147894	48.1280521
	16.1145796	48.1278446
	16.1144139	48.1277738
	16.1131913	48.1280919
	16.1127977	48.1281679
	16.1126448	48.1281852
	16.1123496	48.1281817
	16.1121812	48.128161
	16.1116451	48.1279881
	16.1115104	48.1279051
	16.1111426	48.1276839
	16.1108888	48.1275213
	16.1101428	48.1274384
	16.1092182	48.1273156
	16.1085629	48.1272153
	16.1082469	48.1271358
	16.1078713	48.1270442
	16.1074336	48.126873
	16.1065893	48.126778
	16.1061645	48.1266448
	16.1059417	48.1265186
	16.1055662	48.1262887
	16.1051233	48.1262904
	16.104512	48.126491
	16.1040691	48.1265619
	16.1034656	48.1266258
	16.1028362	48.1265895
	16.1018986	48.126593
	16.1011524	48.1267188
	16.1006366	48.1266974
	16.1005146	48.1266602
	16.1001939	48.126623
	16.0998016	48.1266354
	16.0996399	48.1266478
	16.0991389	48.1266284
	16.0987307	48.1264532
	16.0985213	48.1263205
	16.0983649	48.1261436
	16.0980521	48.1260462
	16.0977923	48.1260356
	16.0975564	48.1259613
	16.0972913	48.1256676
	16.0971747	48.1254376
	16.0972061	48.124906
	16.09701	48.124561
	16.0970073	48.1242743
	16.0971823	48.1241487
	16.0973201	48.1238426
	16.0971213	48.1236303
	16.0970842	48.1234622
	16.0971107	48.1230888
	16.0967343	48.1230782
	16.0968218	48.1231897
	16.0969013	48.1233489
	16.0968933	48.1234569
	16.0966813	48.1240514
	16.0965991	48.124108
	16.0962863	48.124062
	16.0960769	48.1240921
	16.0958781	48.1241505
	16.0958357	48.1243717
	16.0957058	48.1243681
	16.0955441	48.1243363
	16.0953373	48.1243292
	16.0949901	48.1243416
	16.0948284	48.1243327
	16.0944705	48.1242779
	16.0941816	48.1243292
	16.0938924	48.1243766
	16.0918675	48.1251767
	16.0912817	48.1252758
	16.0910537	48.1252104
	16.0904361	48.1253891
	16.0895693	48.1255448
	16.0891213	48.1255501
	16.0885938	48.1257217
	16.0882545	48.1257624
	16.0881459	48.125681
	16.0881008	48.1255147
	16.0877854	48.1255111
	16.0873559	48.125566
	16.0865262	48.1255996
	16.0851134	48.1255129
	16.084737	48.125704
	16.0840319	48.1259977
	16.0835309	48.1262879
	16.0830087	48.1264701
	16.0829477	48.1265922
	16.082908	48.1268364
	16.0829318	48.1270912
	16.0828974	48.1272628
	16.0827993	48.1273955
	16.0825422	48.1276503
	16.082574	48.1278962
	16.0822983	48.1281439
	16.082012	48.128289
	16.0818848	48.1283916
	16.0818901	48.1284765
	16.081633	48.1285898
	16.0813414	48.1287455
	16.0811638	48.1288552
	16.0809968	48.1288587
	16.0807131	48.12914
	16.0805143	48.1291453
	16.08013	48.1297911
	16.0799757	48.1298718
	16.0798183	48.1299008
	16.0796664	48.129995
	16.0793291	48.130074
	16.0789695	48.1302112
	16.0789819	48.130397
	16.0780908	48.1308566
	16.0777232	48.1310928
	16.077535	48.1311422
	16.0773449	48.1310614
	16.0768649	48.1312413
	16.0765548	48.131323
	16.0757379	48.1315608
	16.0753229	48.1315284
	16.0750003	48.1315109
	16.0746879	48.131686
	16.0745092	48.1318512
	16.0744948	48.1320367
	16.0741224	48.1322839
	16.0734576	48.1325122
	16.0731506	48.1325516
	16.0727685	48.1327294
	16.0721393	48.1329088
	16.0718315	48.1329092
	16.0715813	48.1327315
	16.0712953	48.1328797
	16.0708702	48.1328734
	16.0705034	48.1329352
	16.0702474	48.132979
	16.0695384	48.1328972
	16.069394	48.1328389
	16.0689744	48.1330183
	16.0681728	48.1329139
	16.0679198	48.1327889
	16.0672908	48.1326476
	16.0665425	48.1326906
	16.0662435	48.1326769
	16.0659622	48.132641
	16.0657445	48.1326068
	16.0652382	48.1325588
	16.0643213	48.1325525
	16.0636392	48.1326892
	16.0633025	48.1326191
	16.062744	48.1328478
	16.061731	48.1325262
	16.0612055	48.1323595
	16.0608141	48.132173
	16.0604317	48.1320502
	16.0591627	48.1321698
	16.0584837	48.1322635
	16.0583163	48.1322005
	16.0575682	48.1306404
	16.0568548	48.1291404
	16.0551714	48.1288875
	16.0532005	48.12841
	16.0527631	48.1283087
	16.0509933	48.1278935
	16.0498153	48.1275902
	16.0488406	48.1272299
	16.0485851	48.1271025
	16.0471872	48.1263791
	16.0455235	48.125612
	16.0428963	48.1243997
	16.0418528	48.1239232
	16.0397977	48.1229437
	16.04011	48.1215558
	16.0404941	48.1197711
	16.0406129	48.1192395
	16.0407398	48.1186678
	16.0409103	48.1178947
	16.0411657	48.1167222
	16.0397625	48.1137161
	16.0394711	48.1128134
END
END
