7871966
1
	12.9520148	48.2009768
	12.9525421	48.2007915
	12.9542383	48.2003135
	12.9553016	48.2002427
	12.9558922	48.2004097
	12.9567408	48.2006757
	12.9572468	48.2007774
	12.958418	48.201013
	12.958873	48.201165
	12.9591049	48.201197
	12.9591613	48.2011126
	12.9599139	48.2009771
	12.9600534	48.2008663
	12.9602401	48.2004848
	12.9622362	48.2007617
	12.9624899	48.2007896
	12.9628724	48.2007527
	12.963132	48.2008037
	12.9640308	48.2011593
	12.9645793	48.2014106
	12.9648529	48.2015878
	12.9651662	48.201736
	12.9659904	48.2018987
	12.9669037	48.2020696
	12.9680767	48.2024059
	12.9683543	48.202462
	12.9690144	48.2027247
	12.9695476	48.2030026
	12.9703732	48.2034032
	12.9714238	48.2037019
	12.9718782	48.2038035
	12.9723274	48.2040444
	12.972796	48.2043666
	12.9734556	48.2051109
	12.9730093	48.2052686
	12.9736506	48.2056188
	12.9741575	48.2059842
	12.9741436	48.2064734
	12.9741224	48.2069385
	12.9740113	48.2073465
	12.9739663	48.2076968
	12.9738322	48.2078784
	12.9737426	48.2081619
	12.9734478	48.2085226
	12.9741706	48.2088681
	12.9750531	48.2095944
	12.9756499	48.2102121
	12.976016	48.2105196
	12.9763159	48.2110749
	12.9764736	48.2114034
	12.976516	48.2115021
	12.9766385	48.2116111
	12.9769918	48.2117085
	12.9776151	48.2119395
	12.9784024	48.2124347
	12.9786802	48.2127409
	12.9797601	48.2124331
	12.980028	48.212267
	12.9805843	48.2119811
	12.9807793	48.2118204
	12.9810148	48.2114612
	12.9813627	48.2110885
	12.9818917	48.2105687
	12.9817063	48.2101703
	12.9818479	48.2100475
	12.9823291	48.2098057
	12.9824002	48.2097583
	12.9826065	48.2097011
	12.9827315	48.2095917
	12.9829543	48.2094921
	12.9832582	48.2094026
	12.9842493	48.2093048
	12.9852106	48.2092578
	12.9850615	48.2096995
	12.9848601	48.2099412
	12.9849349	48.2099819
	12.9851278	48.2099414
	12.9855542	48.209917
	12.9862505	48.2099031
	12.9866207	48.2098066
	12.987008	48.2096838
	12.9874733	48.2096153
	12.9878231	48.2096078
	12.9880393	48.2095708
	12.9883909	48.2096092
	12.9888704	48.2097649
	12.9894533	48.2099117
	12.9907362	48.2104763
	12.9908993	48.2103816
	12.9916742	48.2103305
	12.9917431	48.2102636
	12.9918992	48.2100636
	12.9920932	48.2099907
	12.9931929	48.2097647
	12.9941622	48.2095808
	12.9943949	48.2096098
	12.9947258	48.2096055
	12.994866	48.2095504
	12.9953435	48.2095924
	12.9954867	48.2096418
	12.9959451	48.2091025
	12.9962849	48.2091915
	12.9964338	48.2093651
	12.9963528	48.2096044
	12.9963675	48.209756
	12.996551	48.2099413
	12.9968085	48.2099224
	12.9969296	48.209868
	12.9970504	48.2098137
	12.997225	48.209282
	12.9974131	48.2091879
	12.9982212	48.2092519
	12.9987027	48.2094966
	12.9990025	48.2095399
	12.9992321	48.2094718
	12.9994966	48.2093129
	13.0000966	48.2093011
	13.0002632	48.209381
	13.0013272	48.2101642
	13.0015512	48.2102647
	13.0018097	48.2103744
	13.0018873	48.2104559
	13.001931	48.210524
	13.0015753	48.211178
	13.001126	48.2113453
	13.000986	48.2114633
	13.0006977	48.2116204
	13.0004338	48.2116626
	12.9999571	48.2115782
	12.9994607	48.2115586
	12.9990573	48.2115913
	12.9987459	48.2117461
	12.9984328	48.2118397
	12.9979203	48.2121457
	12.9982716	48.212728
	12.9983033	48.2132213
	12.998468	48.2137
	12.9987416	48.2143552
	12.9986522	48.2151273
	12.9985769	48.2153991
	12.9985742	48.2157689
	12.9984328	48.2159757
	12.9979852	48.2164422
	12.9982432	48.2166439
	12.9983239	48.2168316
	12.9985412	48.216814
	12.9991927	48.2165512
	12.9995958	48.2164926
	13.0002211	48.2165492
	13.0005105	48.2166066
	13.0009876	48.2168595
	13.0033453	48.2177509
	13.0036943	48.2179062
	13.004622	48.2185258
	13.0052727	48.2190389
	13.0055056	48.2192875
	13.0065103	48.2208709
	13.007231	48.2220755
	13.0075186	48.2223678
	13.0088648	48.222821
	13.0098695	48.2223162
	13.0109684	48.221828
	13.0138706	48.2206966
	13.0141576	48.2210517
	13.0156432	48.220849
	13.0156816	48.2208017
	13.0158205	48.2207727
	13.0158377	48.2208162
	13.017965	48.2203514
	13.0191234	48.2199728
	13.0196033	48.2198728
	13.020412	48.2197043
	13.0205544	48.2196746
	13.0209092	48.2197248
	13.0215186	48.2200325
	13.0216195	48.2201269
	13.0218082	48.2201696
	13.0221621	48.2203626
	13.0223152	48.2204264
	13.0226484	48.2204135
	13.0230518	48.2204507
	13.0232626	48.2203969
	13.0235764	48.2204355
	13.0239431	48.2204806
	13.0244567	48.2205881
	13.024813	48.220613
	13.0249167	48.2206392
	13.0257279	48.220966
	13.0257527	48.2199468
	13.0258434	48.2191987
	13.0266757	48.2192759
	13.0273983	48.2192421
	13.0286114	48.2190101
	13.0287912	48.2193536
	13.0287523	48.2194703
	13.0288354	48.2196363
	13.0290988	48.2196469
	13.0293177	48.2191583
	13.0296784	48.218447
	13.0338581	48.2193075
	13.0366178	48.2198808
	13.0387719	48.2203199
	13.0377881	48.222439
	13.0396729	48.2228279
	13.0391944	48.2238709
	13.038456	48.2254557
	13.0374989	48.2274996
	13.0350183	48.2269918
	13.0320574	48.2263599
	13.0310801	48.2290201
	13.0318886	48.2292479
	13.0319763	48.2295482
	13.0319873	48.2298673
	13.0320562	48.2300867
	13.0354709	48.230758
	13.0354398	48.2310208
	13.0369668	48.2334534
	13.03811	48.2342096
	13.0379858	48.234392
	13.0385144	48.2347608
	13.0387745	48.2349655
	13.0396068	48.2349453
	13.040584	48.2349213
	13.0414641	48.2349022
	13.0419191	48.2348834
	13.0427647	48.2348624
	13.0442108	48.2348251
	13.0471502	48.2347873
	13.0492773	48.2350184
	13.0515703	48.2352627
	13.0533957	48.2355407
	13.0541091	48.2356155
	13.054833	48.2355806
	13.0556507	48.2355029
	13.05567	48.235487
	13.0568217	48.2343774
	13.0575748	48.2335596
	13.0577954	48.23332
	13.0584644	48.2325722
	13.059158	48.2316313
	13.0591902	48.2315811
	13.0593321	48.2316231
	13.059384	48.2316484
	13.0606035	48.2320412
	13.0618588	48.2323728
	13.0635343	48.2327275
	13.0643218	48.2327896
	13.0650036	48.2330312
	13.0655363	48.2332381
	13.0657921	48.2333305
	13.066227	48.2334471
	13.0680678	48.2336983
	13.0696954	48.2338593
	13.0696868	48.2339
	13.0699902	48.234039
	13.0702578	48.2340973
	13.070442	48.234099
	13.0712315	48.233901
	13.0716058	48.2338698
	13.0718343	48.2338776
	13.0722275	48.2338967
	13.0725185	48.2338996
	13.0724723	48.2341905
	13.072224	48.2348571
	13.0720435	48.2353017
	13.0718853	48.2357379
	13.0718112	48.2360323
	13.0717939	48.2364753
	13.0718242	48.2367629
	13.0720808	48.2374808
	13.0721955	48.2377077
	13.0723985	48.2381239
	13.0724606	48.2382658
	13.0725541	48.2386501
	13.0725392	48.2391235
	13.0725175	48.2393862
	13.0725437	48.2396122
	13.0725999	48.2398114
	13.0727306	48.240064
	13.0729654	48.2403456
	13.0731436	48.2405128
	13.0733245	48.2407846
	13.0733683	48.2408871
	13.0734809	48.2412324
	13.0735009	48.2415417
	13.0734886	48.2417833
	13.0735018	48.242154
	13.0735342	48.2424466
	13.0736522	48.2429001
	13.0738063	48.2434249
	13.0738484	48.24368
	13.0738378	48.2439641
	13.0737304	48.2444747
	13.0735728	48.2448366
	13.0733649	48.2452466
	13.0731663	48.2456938
	13.0731116	48.2461176
	13.0732069	48.2465303
	13.0733625	48.2469801
	13.0734004	48.2472981
	13.0733772	48.2475885
	13.0733008	48.2478487
	13.0731793	48.248073
	13.0729881	48.2483664
	13.0727015	48.2486506
	13.0725081	48.2488947
	13.0722342	48.2493707
	13.0721071	48.2498449
	13.0720825	48.2503208
	13.0721483	48.250628
	13.0722494	48.2509509
	13.0722555	48.2510744
	13.0722237	48.2513066
	13.072183	48.2514955
	13.0720903	48.2517102
	13.071992	48.2518299
	13.0716195	48.2522996
	13.0713423	48.2526209
	13.0710932	48.2528549
	13.0707439	48.2531098
	13.0705078	48.2532509
	13.0700828	48.2534905
	13.0695994	48.2536706
	13.0687235	48.2539465
	13.0684472	48.2540637
	13.0680771	48.2542684
	13.0677722	48.2544516
	13.0674926	48.2546987
	13.0673623	48.2548688
	13.0671064	48.2552379
	13.0668249	48.2555262
	13.0662931	48.2560183
	13.065837	48.2564215
	13.065643	48.2565455
	13.0653926	48.256689
	13.0648961	48.2571837
	13.0647526	48.2574601
	13.0646404	48.257811
	13.0646143	48.2579858
	13.0646593	48.2583437
	13.0647922	48.2589105
	13.0649838	48.2594069
	13.0650644	48.2597088
	13.0650853	48.2601114
	13.065406	48.260381
	13.0658229	48.2606503
	13.0661421	48.2608694
	13.0664207	48.2610406
	13.0667321	48.2611728
	13.0674461	48.2613387
	13.0675217	48.2613382
	13.0677313	48.2612697
	13.0682435	48.2611471
	13.0691292	48.2610007
	13.0693963	48.2609985
	13.0700942	48.2612525
	13.0702375	48.2613799
	13.0703218	48.2614928
	13.070461	48.2616144
	13.0707865	48.261811
	13.0709291	48.2619559
	13.0710599	48.2622595
	13.0711096	48.2624798
	13.0710899	48.2630193
	13.0710712	48.2631332
	13.0710241	48.2633042
	13.0709175	48.2634233
	13.0707209	48.2635631
	13.0702983	48.2637822
	13.0698374	48.2637991
	13.0695951	48.2637814
	13.069393	48.263753
	13.0692228	48.263767
	13.0690762	48.2638249
	13.069001	48.263935
	13.0689625	48.2640756
	13.0690121	48.2643298
	13.0690652	48.2646503
	13.0691753	48.2649989
	13.0691632	48.2651394
	13.0689568	48.2653708
	13.0674883	48.2654418
	13.0671238	48.2654599
	13.0670104	48.2655103
	13.0667864	48.2658006
	13.0659443	48.2668791
	13.0650621	48.2681133
	13.0647392	48.2685497
	13.064353	48.2690746
	13.0641813	48.269329
	13.062737	48.2685274
	13.062504	48.2683984
	13.0607749	48.2675933
	13.0602827	48.2673642
	13.0602034	48.2673323
	13.0586399	48.2667037
	13.0574829	48.2662386
	13.0549045	48.2653759
	13.0523921	48.2646613
	13.0497335	48.2641362
	13.0489877	48.2639889
	13.0408012	48.2624502
	13.040214	48.2623188
	13.0395889	48.2622085
	13.0384617	48.2620264
	13.0383818	48.2620129
	13.0367308	48.2617525
	13.0340747	48.2609606
	13.0340182	48.2609444
	13.0339498	48.2609247
	13.0331041	48.2606818
	13.032649	48.2605681
	13.0321974	48.2604654
	13.0314272	48.260312
	13.0265766	48.2592295
	13.0239872	48.2585443
	13.021707	48.2577999
	13.0197446	48.2570138
	13.0177503	48.2560762
	13.0162468	48.255243
	13.0145747	48.2541678
	13.0130542	48.2530346
	13.0116196	48.2517779
	13.010226	48.2503051
	13.0097373	48.2496824
	13.0096969	48.2496309
	13.00969	48.249622
	13.0090929	48.2488612
	13.0065276	48.2452087
	13.0064795	48.2451404
	13.0064263	48.2450648
	13.0064029	48.2450314
	13.0060354	48.2445048
	13.0048804	48.2429675
	13.00367	48.241585
	13.0016804	48.2396122
	13.0000461	48.2382202
	12.9991789	48.2375375
	12.9984803	48.2370317
	12.9984199	48.2369879
	12.9984139	48.2369837
	12.9984134	48.2369834
	12.9977625	48.2365121
	12.9966869	48.2357514
	12.9962266	48.2354558
	12.9957845	48.2351432
	12.9952285	48.2347196
	12.9944567	48.2341859
	12.9941372	48.2339684
	12.9940628	48.2339177
	12.9936596	48.2336433
	12.9857078	48.2284352
	12.9829818	48.2266494
	12.9823651	48.2262541
	12.9817626	48.2258551
	12.9759986	48.2219079
	12.9739852	48.2204798
	12.9720835	48.2189857
	12.9705397	48.2178391
	12.9700376	48.2173989
	12.9690162	48.2165256
	12.9689685	48.216488
	12.9666287	48.2146516
	12.9645379	48.2132313
	12.9619319	48.2117428
	12.9592962	48.2104953
	12.9586666	48.2102422
	12.9561602	48.2092345
	12.9552286	48.208996
	12.9559689	48.2079639
	12.9566475	48.2062746
	12.9570858	48.2058267
	12.9564839	48.2051756
	12.9559711	48.2049661
	12.9556283	48.2047209
	12.955343	48.204207
	12.9552839	48.2036905
	12.953008	48.202495
	12.9526902	48.2021434
	12.9523404	48.2017812
	12.9522047	48.2016854
	12.9520953	48.2014866
	12.9521618	48.2013354
	12.9520148	48.2009768
END
END
