7871661
1
	13.0995828	46.8510314
	13.1008618	46.8494809
	13.101329	46.8484684
	13.1013764	46.8477277
	13.1022157	46.846253
	13.1041088	46.8460895
	13.1047194	46.845419
	13.106257	46.8442936
	13.1117698	46.8405193
	13.1132188	46.8403403
	13.1139076	46.84021
	13.1168807	46.8406875
	13.1201262	46.8430809
	13.1213647	46.8430108
	13.1259909	46.8439972
	13.127024	46.843441
	13.1312109	46.8436143
	13.1325759	46.8434844
	13.135144	46.8442704
	13.1371527	46.8428691
	13.1405349	46.8422522
	13.1412713	46.8414445
	13.1416374	46.84054
	13.1434439	46.8401232
	13.147522	46.840342
	13.1533659	46.8414754
	13.1605804	46.8418876
	13.1621152	46.841577
	13.164165	46.8410667
	13.1649254	46.8405939
	13.1655318	46.8377835
	13.1699695	46.834692
	13.1692166	46.8338428
	13.1695788	46.8325487
	13.1694834	46.8323385
	13.1709341	46.8321628
	13.1742821	46.830724
	13.1760099	46.8304809
	13.1765999	46.8304844
	13.1775875	46.8300239
	13.1832773	46.8302661
	13.1846086	46.8305193
	13.1873567	46.8303144
	13.1879058	46.8304946
	13.1894498	46.8318371
	13.1923864	46.8320394
	13.1936726	46.8326725
	13.1953975	46.8355365
	13.1963175	46.8362136
	13.1974986	46.8369049
	13.1995671	46.8379667
	13.1998055	46.8384371
	13.2007038	46.8393594
	13.2014656	46.8387914
	13.2027872	46.838294
	13.2046958	46.8389007
	13.2069365	46.8385099
	13.2092443	46.8379612
	13.2107137	46.838583
	13.2114154	46.8386053
	13.2150546	46.8366111
	13.2180772	46.8365464
	13.2195894	46.8366734
	13.2217263	46.8366804
	13.2238565	46.8363481
	13.2286997	46.8393089
	13.2300494	46.8395819
	13.2313832	46.8396707
	13.2354398	46.8438354
	13.237025	46.8449852
	13.2434093	46.8440109
	13.2456961	46.8453188
	13.2555484	46.8474491
	13.256903	46.8480897
	13.2592699	46.847233
	13.2606869	46.8468933
	13.2637691	46.8478073
	13.2668471	46.8467922
	13.2711086	46.8457315
	13.2751583	46.8445923
	13.2812324	46.8453591
	13.2869339	46.8442314
	13.2878403	46.8452084
	13.2884808	46.8466245
	13.2893013	46.847478
	13.2938895	46.8472348
	13.2953837	46.8475402
	13.2970981	46.8477001
	13.2975813	46.847967
	13.2986946	46.8482375
	13.2994009	46.8486723
	13.3003615	46.848919
	13.3004248	46.8489352
	13.3018114	46.8490677
	13.3020098	46.8491115
	13.3029341	46.8493154
	13.3037947	46.8495749
	13.3064314	46.8507234
	13.3072863	46.851151
	13.3073198	46.8512417
	13.3079082	46.8514351
	13.3087926	46.8518662
	13.3092659	46.8522207
	13.3099845	46.8531229
	13.3103861	46.8534787
	13.3108855	46.8537884
	13.3119575	46.8542564
	13.3128132	46.8547292
	13.3137132	46.8550597
	13.3145696	46.8552534
	13.3160954	46.8554246
	13.3166484	46.8556735
	13.3176981	46.8563463
	13.3183523	46.8566765
	13.3187958	46.8570096
	13.3193146	46.8579164
	13.3199534	46.8583407
	13.3209963	46.8586013
	13.3228692	46.860102
	13.3234457	46.8607117
	13.325479	46.862504
	13.3260076	46.8631048
	13.3268004	46.8636858
	13.3277539	46.8645381
	13.3282466	46.8650514
	13.3286814	46.8654183
	13.3290862	46.8653766
	13.3300372	46.8665805
	13.3303559	46.8671427
	13.3306209	46.8673619
	13.3305578	46.8673981
	13.3316544	46.8683285
	13.3325338	46.8692177
	13.3347538	46.8707556
	13.3358894	46.8720455
	13.3367034	46.8726705
	13.3381041	46.8736161
	13.3387765	46.8741609
	13.3394385	46.8753276
	13.3401193	46.875995
	13.340379	46.8763406
	13.3407922	46.8765416
	13.3412043	46.8770372
	13.3417923	46.8779092
	13.3414394	46.8781118
	13.3407637	46.8782268
	13.3395675	46.8785782
	13.3386168	46.8789993
	13.3385859	46.8793156
	13.3372962	46.88026
	13.3371198	46.8803417
	13.3366853	46.8804087
	13.3365234	46.8805446
	13.336192	46.8804031
	13.3355392	46.8807336
	13.3354582	46.8809027
	13.3353732	46.8809008
	13.3354614	46.8812288
	13.3356734	46.8813638
	13.336073	46.8814029
	13.3365157	46.8813137
	13.3365874	46.881457
	13.3369776	46.8816829
	13.337203	46.8817128
	13.338709	46.8824655
	13.3380003	46.8829537
	13.3376969	46.8830055
	13.3377303	46.883265
	13.3396106	46.8834925
	13.3395368	46.884083
	13.3401859	46.8843212
	13.3400529	46.8846237
	13.3396132	46.8848178
	13.3397861	46.8853177
	13.3395888	46.8855262
	13.3396556	46.8856714
	13.3395758	46.8857963
	13.3392768	46.8859529
	13.3386333	46.8861559
	13.3384277	46.8861818
	13.3382595	46.8864074
	13.338309	46.8865402
	13.3393606	46.8870675
	13.3387225	46.8879807
	13.339621	46.8885316
	13.3400522	46.8885792
	13.3409483	46.8884441
	13.3413025	46.8889756
	13.3415606	46.8896672
	13.3404216	46.8914697
	13.3394511	46.8922349
	13.3393855	46.8928979
	13.3392286	46.8931375
	13.3377441	46.8938561
	13.3376423	46.8943636
	13.3372081	46.8956293
	13.337719	46.897158
	13.3386797	46.8989424
	13.3405612	46.9020325
	13.3442327	46.9035181
	13.3462183	46.9055202
	13.348894	46.9083876
	13.3441318	46.9121098
	13.3446256	46.9134627
	13.3450174	46.914536
	13.3455228	46.915054
	13.346832	46.9171898
	13.3497132	46.9182105
	13.3507117	46.9187823
	13.3523627	46.9197279
	13.3532339	46.9224314
	13.3549655	46.9244435
	13.3562027	46.928839
	13.3639279	46.9336406
	13.3629616	46.9360895
	13.3616411	46.9401347
	13.3622044	46.9419765
	13.361385	46.9439446
	13.3644426	46.9473156
	13.3623426	46.9480511
	13.3544214	46.951091
	13.3546033	46.9520917
	13.3539465	46.9562212
	13.3538279	46.9569666
	13.345194	46.9582023
	13.3324913	46.9566629
	13.3314227	46.9577791
	13.3292728	46.957852
	13.3239939	46.9584882
	13.3191914	46.9605314
	13.308938	46.9639038
	13.307994	46.9636428
	13.3021534	46.962031
	13.3002127	46.9616014
	13.2997834	46.9615064
	13.2976407	46.9610321
	13.2957663	46.9593669
	13.2955612	46.9592046
	13.2943031	46.9582091
	13.291646	46.9581045
	13.2915746	46.9581105
	13.2895062	46.9582868
	13.2864258	46.9570986
	13.285697	46.9568175
	13.2844426	46.9570977
	13.2841485	46.9571635
	13.2838754	46.9570975
	13.2833645	46.9569741
	13.2823042	46.9567179
	13.2787071	46.9561875
	13.2785311	46.9553424
	13.2780962	46.9550229
	13.2780473	46.9548421
	13.2754731	46.9538413
	13.2751572	46.9537185
	13.2736361	46.953127
	13.2728842	46.9527527
	13.2726554	46.9525942
	13.271499	46.9517936
	13.2707053	46.9514479
	13.2695232	46.9503367
	13.2694405	46.950023
	13.270819	46.9480956
	13.271321	46.9473936
	13.2723514	46.9459528
	13.2718381	46.9452099
	13.2707206	46.9435979
	13.269661	46.9420693
	13.2708922	46.9357015
	13.2720817	46.9326676
	13.2727728	46.9312596
	13.2725621	46.9308852
	13.2726166	46.9308522
	13.2712306	46.9299038
	13.2708858	46.9294258
	13.2688479	46.9274922
	13.2652935	46.924783
	13.2641945	46.9223692
	13.2639332	46.9213767
	13.2622724	46.9211344
	13.2595725	46.9204935
	13.2595273	46.9205551
	13.2579184	46.9200212
	13.2562641	46.9182493
	13.2556583	46.9181552
	13.2545908	46.9174332
	13.2542688	46.9169824
	13.254132	46.9165605
	13.2541885	46.9164724
	13.2537935	46.9162525
	13.2531535	46.9162241
	13.25284	46.9161367
	13.2523287	46.9158633
	13.2516831	46.9156936
	13.2511365	46.9153591
	13.2495211	46.915321
	13.2494161	46.915244
	13.2492334	46.9152148
	13.2489724	46.9153027
	13.2485613	46.9152531
	13.24781	46.9148036
	13.2471312	46.9146082
	13.2462156	46.9139135
	13.2458846	46.9137911
	13.2457086	46.9132372
	13.2438375	46.9123288
	13.2430803	46.9117384
	13.2426713	46.9107521
	13.2427892	46.9105279
	13.2424093	46.9103582
	13.2420255	46.9092599
	13.2424184	46.9091348
	13.2422329	46.9089018
	13.2426641	46.9086755
	13.2429812	46.908408
	13.2435537	46.907912
	13.2439869	46.9074181
	13.2435019	46.9071029
	13.2433616	46.906942
	13.2431696	46.9068472
	13.2431448	46.9068714
	13.2428801	46.9066819
	13.2426742	46.906585
	13.2421389	46.9064506
	13.2416361	46.9061501
	13.241199	46.9055279
	13.2401256	46.9050301
	13.2380953	46.9042568
	13.2369554	46.9040197
	13.2338603	46.902621
	13.2319953	46.9010248
	13.2308545	46.8995937
	13.2269794	46.8980698
	13.2235844	46.8940884
	13.222127	46.8934991
	13.2189755	46.8917813
	13.2176936	46.8906178
	13.2132489	46.8887171
	13.2131138	46.8875694
	13.2109071	46.8865256
	13.2102276	46.8864166
	13.2089443	46.8866469
	13.2063701	46.8862936
	13.2043486	46.8871749
	13.1981844	46.8889279
	13.1977056	46.8889064
	13.1952419	46.8897418
	13.1947322	46.889779
	13.1932173	46.8882506
	13.189989	46.8882348
	13.1875075	46.8869862
	13.1845797	46.8862908
	13.1796812	46.8883944
	13.1720034	46.8905203
	13.1636724	46.894443
	13.1582691	46.8950151
	13.1614128	46.8921775
	13.1567988	46.8868236
	13.1570227	46.8852493
	13.1546502	46.8830716
	13.1480199	46.8801144
	13.1433198	46.8808484
	13.1410136	46.880191
	13.1368828	46.8762921
	13.1345293	46.8754895
	13.1299046	46.8725663
	13.1291781	46.8725334
	13.1275879	46.8712868
	13.1227015	46.8698152
	13.1187257	46.8702269
	13.1180043	46.8693669
	13.1149266	46.868401
	13.1130888	46.8683588
	13.1101107	46.8652081
	13.1100226	46.8644453
	13.1087602	46.8630384
	13.10979	46.8611958
	13.1079607	46.8597625
	13.1079516	46.8591691
	13.1044345	46.8590134
	13.1042027	46.85804
	13.1034224	46.857423
	13.1032752	46.8550841
	13.1016295	46.8531888
	13.0998178	46.8514996
	13.0995828	46.8510314
END
END
