7871689
1
	14.6777293	48.003038
	14.6783187	48.0024468
	14.6791739	48.0019497
	14.6797549	48.0016387
	14.6814313	48.0017495
	14.681856	48.00169
	14.6821488	48.0016332
	14.6823384	48.0015725
	14.6826228	48.0013297
	14.6828162	48.0011856
	14.6833478	48.0010846
	14.6834668	48.0010235
	14.6844699	48.0007067
	14.6848481	48.0005503
	14.6853406	48.0003124
	14.6856623	48.0001884
	14.6869274	47.9995955
	14.6878189	47.9992113
	14.688905	47.998731
	14.6896038	47.9983023
	14.6899191	47.9980999
	14.6900563	47.9979774
	14.6902345	47.997433
	14.690411	47.9967789
	14.6904486	47.9962254
	14.6904018	47.995971
	14.6901383	47.9955336
	14.6900302	47.9954133
	14.6899168	47.9952853
	14.6897315	47.9942829
	14.6895951	47.9937471
	14.6895653	47.9930267
	14.6894861	47.9922786
	14.6895472	47.9918316
	14.6895232	47.9915963
	14.6897775	47.9916236
	14.6900898	47.9907713
	14.6906276	47.9907667
	14.6908946	47.9907606
	14.691769	47.9906943
	14.6923842	47.9905485
	14.6928761	47.9904045
	14.6943257	47.9901821
	14.6944331	47.9905846
	14.6945803	47.9907691
	14.6943216	47.9922109
	14.6945164	47.9939872
	14.6955786	47.9946172
	14.6958979	47.994864
	14.6961035	47.9949519
	14.6962305	47.9951685
	14.6962583	47.9952747
	14.6964628	47.9953562
	14.6966965	47.9953689
	14.6970757	47.9955489
	14.6972996	47.9957247
	14.697546	47.9960811
	14.6975023	47.9962332
	14.6982491	47.996298
	14.6984933	47.9963594
	14.6987868	47.9964832
	14.6988981	47.9966064
	14.6991485	47.99678
	14.6994721	47.9968551
	14.6994082	47.9970119
	14.699412	47.9970869
	14.6994459	47.9972047
	14.6996613	47.9974007
	14.6998174	47.9974789
	14.7000458	47.9975154
	14.7002015	47.9976196
	14.6999754	47.9979343
	14.7003564	47.9983033
	14.7005116	47.9979229
	14.7007662	47.9979307
	14.7010632	47.9978026
	14.7011836	47.9977033
	14.7016204	47.9977422
	14.7018353	47.9978229
	14.7022419	47.9977226
	14.7027963	47.9977756
	14.7032163	47.9977734
	14.7036424	47.9978161
	14.7040701	47.9976561
	14.7041064	47.9978529
	14.7042334	47.997883
	14.7049249	47.997948
	14.7053402	47.9977494
	14.7055769	47.9978642
	14.7060396	47.9979898
	14.7064748	47.9980508
	14.706846	47.9981975
	14.7074698	47.9984813
	14.7076092	47.9998457
	14.7077856	47.9999299
	14.7079981	48.0001867
	14.7080955	48.0004854
	14.7081171	48.0006578
	14.7081705	48.000944
	14.7105731	48.001065
	14.71156	48.0011127
	14.7117767	48.0011706
	14.7121434	48.001239
	14.7122972	48.0012204
	14.7128027	48.0014366
	14.7129517	48.0012483
	14.7131067	48.0009587
	14.7132486	48.0007389
	14.7139041	48.0000167
	14.7142337	47.9997007
	14.7147278	47.9997246
	14.7150584	47.9996696
	14.7153234	47.9996472
	14.7155542	47.999699
	14.715991	47.9996218
	14.7165945	47.9989753
	14.7166681	47.9987884
	14.7171067	47.9984792
	14.7172345	47.9982917
	14.7174926	47.9981647
	14.7179785	47.9977148
	14.7184633	47.9977349
	14.7187649	47.9976971
	14.7192589	47.99759
	14.7196518	47.997592
	14.72016	47.9975381
	14.7205851	47.9974453
	14.7208778	47.9973314
	14.7211119	47.9973132
	14.7213086	47.9973165
	14.7214331	47.9975118
	14.7215796	47.9974615
	14.7216747	47.9974012
	14.7217768	47.9972944
	14.7222682	47.9970159
	14.7223422	47.9965907
	14.7225587	47.9963878
	14.7227272	47.9964022
	14.7229508	47.9964366
	14.7230464	47.9964741
	14.7230656	47.996561
	14.7230093	47.9965976
	14.722941	47.9965936
	14.7229256	47.996668
	14.7229507	47.9967741
	14.7231923	47.9968869
	14.7238595	47.9969956
	14.7242346	47.9972074
	14.7245788	47.9972299
	14.725142	47.9971272
	14.7251285	47.9972474
	14.7253676	47.9974521
	14.7254837	47.9972694
	14.7256971	47.9974339
	14.7258967	47.9973195
	14.7262036	47.9974672
	14.7264047	47.9975244
	14.7268152	47.9977326
	14.727203	47.9979054
	14.7276846	47.9976499
	14.728241	47.9977841
	14.7286537	47.9978842
	14.7293125	47.998098
	14.7294907	47.9981309
	14.7301323	47.9980347
	14.7307811	47.9978416
	14.7312615	47.9975808
	14.7317244	47.9973799
	14.732025	47.997213
	14.7322449	47.9970664
	14.7323742	47.9968524
	14.7326179	47.9966216
	14.7328153	47.9964542
	14.7331826	47.9959854
	14.7332978	47.9957671
	14.7333171	47.9954732
	14.7333696	47.9952638
	14.7336084	47.9945648
	14.7337907	47.9939857
	14.7337637	47.9937937
	14.7342375	47.9935006
	14.73452	47.9933006
	14.7350056	47.9933423
	14.7350127	47.9927477
	14.7359394	47.9927821
	14.7363038	47.992755
	14.7363074	47.993968
	14.7363208	47.9945873
	14.7363208	47.9950396
	14.736707	47.9960573
	14.7369002	47.9965868
	14.7371094	47.9970947
	14.7372327	47.9974357
	14.737273	47.9978665
	14.7373052	47.9982739
	14.7372381	47.9988572
	14.7371898	47.9991606
	14.7372327	47.999428
	14.7372891	47.9998982
	14.7373561	48.0003577
	14.7371764	48.0006951
	14.7370289	48.0009714
	14.7369028	48.0011437
	14.7366963	48.0014201
	14.7364549	48.0016642
	14.736243	48.001867
	14.7359936	48.0021057
	14.7355456	48.0024592
	14.7354384	48.0025436
	14.7347115	48.0029976
	14.7341992	48.003362
	14.7340919	48.0034409
	14.7336252	48.0038465
	14.732968	48.0044441
	14.7329305	48.0045787
	14.7328581	48.0050112
	14.7331263	48.0058457
	14.733306	48.0064109
	14.7334696	48.0065994
	14.7338344	48.0069762
	14.7339631	48.0071252
	14.7341616	48.0076384
	14.7342206	48.0078788
	14.7342984	48.0081265
	14.7343413	48.008218
	14.7345023	48.0085015
	14.7349126	48.0089627
	14.7350789	48.0091062
	14.7353016	48.0092731
	14.7360687	48.0097989
	14.736766	48.010287
	14.7375063	48.0108863
	14.7381152	48.0113403
	14.7386999	48.0117619
	14.7388957	48.0119791
	14.7391049	48.0122321
	14.7394509	48.0127757
	14.7394939	48.0128457
	14.7395234	48.0130897
	14.7395958	48.013585
	14.7396226	48.0137608
	14.7399686	48.0141196
	14.7402502	48.0142632
	14.7406552	48.014396
	14.7413312	48.0146131
	14.7419052	48.0147853
	14.7426347	48.0149324
	14.7435306	48.0150903
	14.7445015	48.0152662
	14.7450058	48.0153846
	14.7456173	48.0154815
	14.7459338	48.0155819
	14.7463898	48.0158905
	14.7466956	48.0162566
	14.7468887	48.0165939
	14.746996	48.0169025
	14.7468082	48.0173438
	14.7465561	48.0176417
	14.7463898	48.0179538
	14.7462557	48.0182373
	14.7462772	48.0184059
	14.7466634	48.0192312
	14.7477953	48.0200242
	14.7484283	48.0201103
	14.7494422	48.0201606
	14.7502951	48.0202646
	14.7510607	48.020468
	14.7512822	48.0206414
	14.7515933	48.0215132
	14.751942	48.0222595
	14.7528204	48.0231251
	14.7529728	48.0232147
	14.7530202	48.0233592
	14.7530842	48.0235604
	14.7531365	48.0237447
	14.7531248	48.0238633
	14.7531517	48.024127
	14.7531758	48.0243854
	14.7532214	48.0247352
	14.7532402	48.0248805
	14.7533019	48.025006
	14.7532643	48.025076
	14.7532187	48.0251406
	14.753208	48.0251765
	14.7533019	48.0254599
	14.7533636	48.025659
	14.7533501	48.0257505
	14.7532026	48.025955
	14.7530792	48.0261738
	14.7529907	48.0263443
	14.7529612	48.0265183
	14.7528566	48.026938
	14.7528137	48.0270636
	14.7527386	48.0272717
	14.7529344	48.0274833
	14.7532589	48.027747
	14.7534574	48.0278995
	14.7538866	48.0281201
	14.7543157	48.0283264
	14.7546242	48.028495
	14.7549112	48.0287515
	14.7550989	48.0291372
	14.7551955	48.029365
	14.7552062	48.0294816
	14.754828	48.0294852
	14.7546242	48.0294941
	14.7543479	48.02953
	14.7538893	48.0295874
	14.754069	48.0301578
	14.753782	48.0302385
	14.7535003	48.030269
	14.7533501	48.03026
	14.7527359	48.0302672
	14.7526099	48.0306565
	14.7526581	48.0309632
	14.752634	48.0313111
	14.752524	48.0315389
	14.7524194	48.0318833
	14.752862	48.0321344
	14.7531946	48.0322976
	14.7536854	48.0325236
	14.7540126	48.032773
	14.7545008	48.0333218
	14.7540475	48.0336177
	14.7537739	48.0337666
	14.7537938	48.0339752
	14.7534628	48.0343423
	14.7533984	48.0344912
	14.7533341	48.0347692
	14.7531061	48.0355691
	14.7529139	48.0362181
	14.7533618	48.0362809
	14.7535273	48.0369159
	14.7535862	48.0369519
	14.7542123	48.0370816
	14.7542675	48.0375312
	14.7536264	48.0379652
	14.7529934	48.0379508
	14.7528647	48.0380423
	14.752752	48.038166
	14.7523792	48.0382754
	14.752009	48.0384243
	14.7513143	48.0387238
	14.7510408	48.038844
	14.7509603	48.0389049
	14.7509264	48.0389369
	14.750845	48.0389731
	14.7506045	48.0390194
	14.7501914	48.0391181
	14.7497292	48.0392331
	14.7494609	48.0394573
	14.7493895	48.0395485
	14.7493305	48.0395969
	14.7492178	48.039579
	14.7491552	48.0398231
	14.7490944	48.0399771
	14.7487072	48.0400814
	14.7484695	48.0401385
	14.7484202	48.0402087
	14.7484041	48.0402661
	14.748397	48.0402963
	14.7483461	48.0403501
	14.7482325	48.0404598
	14.7481208	48.0404954
	14.7478489	48.0404634
	14.7474529	48.0405528
	14.7469584	48.0408525
	14.7466563	48.041132
	14.7464283	48.0413472
	14.7462727	48.0415176
	14.7460653	48.0417761
	14.7460733	48.0419052
	14.7462513	48.0422313
	14.7464327	48.0426638
	14.7463549	48.0429023
	14.7464864	48.0431246
	14.7465266	48.0432968
	14.7464113	48.0432699
	14.7460358	48.0432358
	14.7458856	48.0432968
	14.7457514	48.0436608
	14.7456826	48.043865
	14.7456468	48.0440661
	14.7456039	48.0444893
	14.7455154	48.0447062
	14.7451569	48.0450108
	14.7451355	48.0450807
	14.7450711	48.0453479
	14.7451408	48.045443
	14.745291	48.0454986
	14.745451	48.0454648
	14.7456666	48.0455972
	14.7456236	48.0456797
	14.7453635	48.0457908
	14.745637	48.0459594
	14.7458131	48.0460762
	14.7458597	48.0462624
	14.7457712	48.0466515
	14.7455673	48.0467914
	14.7453169	48.0468993
	14.7451721	48.046928
	14.7448458	48.0470407
	14.7451596	48.0474226
	14.7455378	48.0475248
	14.7455834	48.0475678
	14.7457112	48.0477331
	14.7455986	48.0479052
	14.7450121	48.0482653
	14.7449387	48.0484503
	14.7450926	48.0485648
	14.744945	48.0487566
	14.7450791	48.048918
	14.7452794	48.0490761
	14.7452723	48.0491565
	14.7451372	48.0492285
	14.7451104	48.0493217
	14.7452133	48.0494595
	14.745291	48.0494595
	14.745405	48.0495361
	14.745355	48.0498131
	14.7451477	48.0498853
	14.7450997	48.0499927
	14.7453297	48.0500588
	14.7453774	48.0499996
	14.7455126	48.0500391
	14.7456267	48.0501634
	14.7457882	48.0505275
	14.7457733	48.0507225
	14.7457606	48.0507727
	14.7456924	48.050891
	14.7455373	48.0510313
	14.7455058	48.0511888
	14.745559	48.0514247
	14.7458288	48.0515559
	14.7459645	48.051442
	14.746095	48.0513857
	14.7461595	48.0514504
	14.7461475	48.0516666
	14.7460553	48.0518147
	14.7459694	48.0519363
	14.7460831	48.0519927
	14.7461417	48.0521379
	14.7461296	48.0523728
	14.7459887	48.0530846
	14.7460462	48.0531523
	14.7462643	48.0530842
	14.746381	48.0530545
	14.746438	48.0531665
	14.7464015	48.0532359
	14.7464813	48.0534361
	14.7466558	48.0536813
	14.7468096	48.0537053
	14.7469661	48.0537463
	14.7469536	48.0539932
	14.7469701	48.0541109
	14.7471595	48.0541762
	14.7473396	48.0542724
	14.7473896	48.0543736
	14.7473633	48.054445
	14.7474078	48.0545488
	14.7468913	48.0546757
	14.7465636	48.0547431
	14.7460996	48.05464
	14.7454285	48.0545464
	14.745182	48.0544042
	14.7451185	48.0542553
	14.74456	48.0542054
	14.7441805	48.0542099
	14.7436196	48.0539287
	14.7431293	48.053982
	14.7426661	48.0539117
	14.7422075	48.0538904
	14.7423915	48.0528837
	14.7420927	48.0527827
	14.7421493	48.0526814
	14.7422584	48.0525762
	14.7425551	48.0520005
	14.7425449	48.0518963
	14.7422968	48.0518267
	14.7414253	48.0517525
	14.7408226	48.0518079
	14.739621	48.0521219
	14.7389188	48.0523408
	14.7386549	48.0523131
	14.7384408	48.052363
	14.7385079	48.0526708
	14.7384864	48.0529487
	14.7385487	48.0532896
	14.7375069	48.0534072
	14.7373572	48.0535148
	14.7370458	48.0535524
	14.7363586	48.0535316
	14.7357382	48.0535879
	14.7350846	48.0534864
	14.7345709	48.0533679
	14.73427	48.052843
	14.7342169	48.0526386
	14.7338164	48.0526158
	14.7335616	48.0524358
	14.7330831	48.0525245
	14.7326218	48.0523569
	14.7324609	48.0521066
	14.7320631	48.0521163
	14.7315865	48.0531196
	14.731355	48.0534332
	14.7311289	48.0535983
	14.7311171	48.0536713
	14.7312514	48.0539388
	14.7316481	48.0543741
	14.7314202	48.0544338
	14.7312893	48.054506
	14.7310811	48.0545666
	14.7309003	48.0547567
	14.7304757	48.0548881
	14.729677	48.0548279
	14.7284008	48.0544625
	14.7278732	48.0543633
	14.7273687	48.05437
	14.7270165	48.0543312
	14.7267507	48.0542498
	14.7266144	48.0541335
	14.7263186	48.054018
	14.7257647	48.0538997
	14.7246242	48.0520713
	14.7245255	48.0517468
	14.7238421	48.0518298
	14.7233647	48.0518133
	14.7233408	48.0520727
	14.7230648	48.0521236
	14.7226909	48.0521656
	14.7222084	48.0522631
	14.7219056	48.0529905
	14.7214034	48.0534086
	14.7207543	48.0536783
	14.720238	48.053831
	14.7200363	48.0537095
	14.7197311	48.0536105
	14.7186252	48.0534622
	14.7183626	48.0534676
	14.7181081	48.0542317
	14.7169652	48.0538705
	14.7167326	48.0539745
	14.716395	48.0542414
	14.7160042	48.0547115
	14.7158778	48.0550543
	14.7149509	48.0548001
	14.7149034	48.0549162
	14.713941	48.0546624
	14.7135381	48.0546048
	14.7133549	48.054536
	14.7133909	48.0544397
	14.7126251	48.0542027
	14.7124026	48.0541032
	14.712417	48.0539596
	14.7110456	48.0535813
	14.7107929	48.0538719
	14.7107454	48.0540628
	14.7106333	48.0542708
	14.7104493	48.054422
	14.7103251	48.0544693
	14.7101572	48.054498
	14.7100612	48.0547683
	14.7098595	48.0552581
	14.7097136	48.0554209
	14.7096583	48.0556639
	14.7096656	48.0558433
	14.7095196	48.056206
	14.7096835	48.056355
	14.7100521	48.0563804
	14.7103211	48.0563349
	14.7105802	48.0564423
	14.7105038	48.0566174
	14.7109265	48.0568991
	14.7110552	48.0571972
	14.7114605	48.0575271
	14.7118035	48.05764
	14.7123207	48.0575016
	14.7122061	48.0579328
	14.7110777	48.0578975
	14.7093818	48.0577542
	14.7093917	48.0580662
	14.7093276	48.0581834
	14.7091436	48.0582768
	14.7082376	48.0584001
	14.7074404	48.0585835
	14.7071279	48.0585152
	14.7069611	48.0583073
	14.706639	48.0582842
	14.7067819	48.0576359
	14.7070636	48.0576499
	14.7072639	48.0576707
	14.7074734	48.0575201
	14.7075769	48.0573682
	14.7077295	48.0568743
	14.7080734	48.0566644
	14.7083615	48.0565273
	14.7085661	48.0561936
	14.708572	48.0560667
	14.7085039	48.0558369
	14.7072344	48.0558851
	14.7070743	48.0555964
	14.7055578	48.0558252
	14.7052206	48.0557874
	14.7050865	48.0554916
	14.704943	48.0553523
	14.7046839	48.055341
	14.704339	48.0554311
	14.7039873	48.0553279
	14.7038886	48.0550229
	14.7038503	48.0547565
	14.7036681	48.0544254
	14.7030933	48.0541412
	14.7023678	48.0539293
	14.7022887	48.0537857
	14.7025408	48.0535271
	14.7007212	48.054015
	14.7008135	48.0542246
	14.7013668	48.0546213
	14.7018901	48.0545448
	14.7019008	48.0547671
	14.7018646	48.0551749
	14.7012879	48.0553652
	14.7004736	48.0557081
	14.699496	48.0557253
	14.69953	48.0558689
	14.699459	48.0559468
	14.6979183	48.0562653
	14.6977638	48.0562908
	14.6975986	48.0559814
	14.6976069	48.055562
	14.6974964	48.0553893
	14.6972072	48.05516
	14.697016	48.0551041
	14.6967728	48.0551062
	14.6965576	48.0551323
	14.6963795	48.0551861
	14.6962781	48.0552563
	14.6959196	48.0549633
	14.6956671	48.0548716
	14.6956023	48.0548195
	14.695618	48.054659
	14.6957796	48.0546337
	14.6957851	48.0545086
	14.6957784	48.0543672
	14.6956859	48.0540955
	14.6955842	48.0538905
	14.6955227	48.0537862
	14.6953875	48.0535869
	14.695194	48.0533808
	14.6953755	48.0533108
	14.6951054	48.0530563
	14.6965486	48.0529237
	14.6966613	48.0529293
	14.696739	48.0529062
	14.6967617	48.0528091
	14.6967207	48.0521881
	14.6969336	48.0518768
	14.6972668	48.0510354
	14.697272	48.0509642
	14.6971203	48.0507973
	14.6967302	48.0506257
	14.6964424	48.0505558
	14.6961144	48.050538
	14.6960144	48.0506014
	14.6961388	48.0510382
	14.6957111	48.0514178
	14.6955764	48.0515294
	14.6952493	48.0517692
	14.6949721	48.0519204
	14.6943743	48.0521196
	14.6938004	48.0517534
	14.6935555	48.0514827
	14.693434	48.0513244
	14.6931781	48.0506577
	14.693906	48.0506527
	14.6941774	48.050579
	14.6946379	48.0502976
	14.6954759	48.0504929
	14.6955479	48.0504724
	14.6956136	48.0503897
	14.6953719	48.0501091
	14.6949596	48.0497469
	14.6947924	48.0495595
	14.6965005	48.0490469
	14.6970895	48.0488982
	14.6975894	48.0487927
	14.697738	48.0487877
	14.6984825	48.0488953
	14.698914	48.0489178
	14.6990798	48.048606
	14.6993475	48.04776
	14.699419	48.0474612
	14.6994237	48.0472191
	14.6994187	48.0471152
	14.6993912	48.0469415
	14.6993924	48.04685
	14.6994043	48.0467046
	14.6994676	48.0465579
	14.6995959	48.0463101
	14.6996471	48.0461975
	14.6995178	48.046152
	14.6986221	48.0459288
	14.6981676	48.0459485
	14.6982045	48.045193
	14.6981172	48.0451604
	14.6961671	48.0448781
	14.69605	48.0448475
	14.6951014	48.0447442
	14.6946665	48.0447958
	14.6941673	48.0448795
	14.6939402	48.0448657
	14.693064	48.045048
	14.6922382	48.0453543
	14.6920379	48.0454495
	14.6910979	48.0458185
	14.6907321	48.045932
	14.6906359	48.0459538
	14.6901018	48.0461709
	14.6893262	48.0464906
	14.6892766	48.0466779
	14.688936	48.0465092
	14.6885873	48.0462687
	14.6881546	48.0461776
	14.6876187	48.0460388
	14.6874795	48.0458809
	14.6872187	48.0456595
	14.6867477	48.0454656
	14.6857719	48.0451521
	14.6850245	48.0455731
	14.6845791	48.0453163
	14.6846041	48.0452232
	14.6849444	48.0448837
	14.6850552	48.0447452
	14.6851585	48.0445343
	14.684959	48.0442477
	14.6845543	48.0439511
	14.6848807	48.0436994
	14.6851957	48.0437126
	14.6863394	48.0430026
	14.6865725	48.0427697
	14.6860203	48.0425648
	14.6864874	48.0423058
	14.6866816	48.042221
	14.6871822	48.0420394
	14.6870138	48.0417047
	14.6867981	48.0412967
	14.6864935	48.0406902
	14.6863215	48.040354
	14.6861384	48.0399133
	14.6860634	48.039719
	14.6858483	48.0390108
	14.6857011	48.0388492
	14.6854747	48.0384567
	14.6853747	48.0381631
	14.6851657	48.0376052
	14.6850061	48.0371623
	14.6849447	48.0368877
	14.6849293	48.036374
	14.6850673	48.0362306
	14.6851345	48.0359723
	14.6851597	48.0355896
	14.6850867	48.0350537
	14.6849849	48.034729
	14.6847394	48.03408
	14.6845893	48.0338482
	14.684438	48.0336816
	14.6848975	48.0335496
	14.6858958	48.0332977
	14.6855004	48.0331011
	14.6849003	48.0327591
	14.6838788	48.033097
	14.6837864	48.0330197
	14.6836933	48.0328725
	14.6835534	48.032546
	14.6834602	48.032218
	14.6832623	48.031847
	14.6830338	48.0316041
	14.6828445	48.031513
	14.6822802	48.0314063
	14.6816692	48.0313282
	14.6812707	48.0313307
	14.6809796	48.0313781
	14.6806784	48.031534
	14.6800937	48.0315336
	14.6798881	48.0310267
	14.6796103	48.0303928
	14.6794338	48.029963
	14.6792352	48.0296584
	14.6790682	48.0294195
	14.6789953	48.029318
	14.6787654	48.0290305
	14.6785345	48.0288699
	14.6782514	48.0284544
	14.6782703	48.0283605
	14.6784536	48.0282183
	14.6790736	48.027991
	14.6791749	48.0277144
	14.6796311	48.0273654
	14.6799335	48.0271626
	14.6803139	48.0269454
	14.6800384	48.0265205
	14.6797297	48.0257688
	14.6795868	48.0253092
	14.6795603	48.025189
	14.6795053	48.0245723
	14.6795045	48.0241738
	14.6795635	48.0237204
	14.6796371	48.023427
	14.6800211	48.0228371
	14.6801598	48.0226472
	14.6805818	48.0219899
	14.6807827	48.0216558
	14.6808675	48.0211862
	14.6810428	48.0211439
	14.6814683	48.0211712
	14.6817395	48.0209635
	14.6820364	48.0207581
	14.683622	48.0207218
	14.6836771	48.0203801
	14.6836834	48.0199069
	14.6836422	48.0197303
	14.6839167	48.0195633
	14.6842618	48.0192735
	14.6848684	48.0189122
	14.6850234	48.0188126
	14.6859811	48.01852
	14.6855591	48.018318
	14.6854629	48.0177124
	14.6854662	48.0174667
	14.685394	48.0171839
	14.6852607	48.0168956
	14.6849552	48.016066
	14.6856897	48.0160032
	14.6863158	48.0159404
	14.6862799	48.0152594
	14.686186	48.0151717
	14.6858624	48.0149691
	14.6858258	48.014589
	14.6858955	48.0138002
	14.6859851	48.0130308
	14.6860836	48.0122255
	14.6858125	48.0122651
	14.6845668	48.0121893
	14.6841361	48.011969
	14.683873	48.0117911
	14.6838213	48.0117128
	14.683836	48.0116455
	14.6838184	48.0115764
	14.6835584	48.0115906
	14.6832549	48.0116587
	14.6825347	48.0117722
	14.6822196	48.0117602
	14.6820265	48.0117848
	14.6815202	48.0118888
	14.6809213	48.0120636
	14.6804598	48.012219
	14.680079	48.0123329
	14.6798478	48.0123743
	14.6795563	48.0124441
	14.6793839	48.0125151
	14.6789095	48.0125864
	14.6789577	48.0118613
	14.6793409	48.0115023
	14.6794782	48.0114681
	14.6795956	48.0114703
	14.6799772	48.0111229
	14.6803041	48.0108872
	14.680752	48.0105416
	14.6809915	48.0103154
	14.6813025	48.0101817
	14.6811539	48.0095763
	14.6811896	48.0088409
	14.6810965	48.0084504
	14.6810232	48.0083453
	14.6808987	48.0080097
	14.6809475	48.0076026
	14.6818045	48.0069769
	14.6821856	48.0067643
	14.6826417	48.0065491
	14.6830021	48.0063723
	14.6836843	48.0059527
	14.6840382	48.0057261
	14.6842617	48.0055624
	14.6844994	48.0053289
	14.6847349	48.0050873
	14.6849265	48.0048186
	14.6850472	48.0045641
	14.6851425	48.0043534
	14.6851653	48.0041897
	14.6848827	48.004125
	14.6846543	48.0041875
	14.6845845	48.003262
	14.683414	48.0031951
	14.6830936	48.0032438
	14.6825827	48.003345
	14.6822495	48.0034156
	14.6821476	48.0034752
	14.6815749	48.0035056
	14.6809309	48.0035058
	14.6802901	48.0035369
	14.6800743	48.0035172
	14.6792754	48.003295
	14.6788867	48.0031683
	14.6787875	48.0031726
	14.6786475	48.0032047
	14.6781225	48.003165
	14.6777293	48.003038
END
END
