7871868
1
	15.8813649	47.7111389
	15.8817162	47.7108665
	15.8819504	47.7106863
	15.8825751	47.7104399
	15.8828121	47.7101964
	15.8830255	47.7099087
	15.8832527	47.7092378
	15.8833739	47.7089985
	15.883616	47.7087212
	15.884373	47.7080816
	15.8846918	47.7078201
	15.8850078	47.7075986
	15.8857781	47.7076256
	15.886406	47.7074604
	15.8867273	47.7074338
	15.8877294	47.7074877
	15.8881002	47.7076361
	15.8882658	47.7076047
	15.8890921	47.7075338
	15.8895223	47.7073873
	15.8900058	47.7071077
	15.8901693	47.7068242
	15.8903163	47.7059689
	15.8904345	47.70579
	15.890478	47.705416
	15.8904646	47.7052199
	15.8904317	47.7050403
	15.890191	47.7047321
	15.8906462	47.7045431
	15.8908039	47.7035675
	15.890508	47.7028713
	15.8904634	47.7024964
	15.8903672	47.7015678
	15.8905633	47.7010686
	15.8903019	47.7005299
	15.8902689	47.7000338
	15.8903801	47.6995906
	15.8904293	47.6994972
	15.890647	47.6993686
	15.8910018	47.6989995
	15.8912468	47.6980994
	15.8905121	47.6975646
	15.8903207	47.6974373
	15.8897668	47.6972106
	15.8891695	47.696911
	15.8887598	47.6966278
	15.8881541	47.6963356
	15.887908	47.696068
	15.887296	47.6953907
	15.8882109	47.6950179
	15.8888868	47.6952514
	15.8899489	47.6955096
	15.8901634	47.6952764
	15.8899499	47.694555
	15.8894518	47.6943129
	15.8888138	47.693684
	15.8889935	47.693329
	15.8891966	47.6927579
	15.8894058	47.6922573
	15.8894361	47.6920925
	15.8891449	47.6917482
	15.8890721	47.6914529
	15.8886187	47.6906043
	15.8888684	47.6895071
	15.8891667	47.6893406
	15.8900321	47.6888286
	15.8909069	47.6883242
	15.8907753	47.6878527
	15.8907316	47.6875817
	15.89084	47.6874615
	15.8909165	47.6874537
	15.8911156	47.6881647
	15.8914447	47.6892797
	15.8915692	47.6897051
	15.8926691	47.6899187
	15.8941857	47.6902115
	15.8949797	47.6903699
	15.8954854	47.6902307
	15.8967545	47.6898736
	15.8970152	47.6898788
	15.8978659	47.6895387
	15.8982089	47.6892823
	15.8994748	47.6890058
	15.8996253	47.6890077
	15.9003084	47.6889175
	15.90085	47.6886839
	15.9016022	47.6885766
	15.9024538	47.6882583
	15.9027463	47.6879521
	15.9031977	47.6875456
	15.9037005	47.6871806
	15.9051104	47.6863923
	15.9056739	47.6860604
	15.9059409	47.6858546
	15.9062683	47.6855651
	15.9065487	47.6853889
	15.9070532	47.685139
	15.9074173	47.6849708
	15.9076009	47.6848983
	15.9080939	47.6848843
	15.908844	47.6848998
	15.9100891	47.684937
	15.9104954	47.6849158
	15.9110394	47.6848739
	15.9111462	47.6845829
	15.9118276	47.6840381
	15.9122908	47.6836693
	15.912526	47.6834962
	15.9131541	47.6833334
	15.9133651	47.683098
	15.9133982	47.6829935
	15.9134526	47.682617
	15.913289	47.6823585
	15.9143297	47.6820513
	15.9149753	47.6818689
	15.915656	47.6816961
	15.9162231	47.6815775
	15.9172289	47.6813144
	15.9177338	47.6817084
	15.9184138	47.6820312
	15.9192276	47.6823378
	15.9205568	47.6825608
	15.9205497	47.6826929
	15.9219865	47.6828275
	15.922523	47.68279
	15.9233073	47.6826441
	15.9236081	47.6825266
	15.924084	47.682161
	15.9244875	47.6817029
	15.924922	47.680818
	15.9250502	47.6802118
	15.9254561	47.6803596
	15.9263778	47.6806262
	15.9276357	47.6810019
	15.9282245	47.6811731
	15.9289678	47.6811915
	15.9298551	47.6812398
	15.9299943	47.6812608
	15.9308896	47.6812399
	15.9316128	47.6812428
	15.9318447	47.6812158
	15.9327702	47.6813242
	15.9330548	47.6813029
	15.9331813	47.6812661
	15.934857	47.6814461
	15.9353197	47.6812816
	15.9357681	47.6811868
	15.9362826	47.6812487
	15.9368094	47.6812782
	15.9373969	47.681179
	15.9378085	47.6810615
	15.9378833	47.6809586
	15.9383065	47.6809876
	15.9387251	47.6810793
	15.9393075	47.681115
	15.9400885	47.6811872
	15.9406945	47.6812791
	15.9410685	47.6813078
	15.9417383	47.6812485
	15.9430404	47.6813159
	15.9433851	47.6813373
	15.9439888	47.6812464
	15.9449261	47.6810491
	15.9449725	47.6817828
	15.9448993	47.6820728
	15.9447406	47.6827048
	15.9446583	47.682904
	15.9446141	47.682961
	15.9449225	47.6830271
	15.9452518	47.6830654
	15.945642	47.6830764
	15.9459448	47.6830353
	15.9462462	47.6829617
	15.9466805	47.6829655
	15.9471867	47.6830273
	15.9483593	47.6828766
	15.9487942	47.6828246
	15.9490849	47.6827521
	15.9492515	47.6826946
	15.9493694	47.6826659
	15.9495897	47.6826735
	15.9497142	47.6833352
	15.9498743	47.6840812
	15.9499557	47.6845377
	15.9504611	47.6848817
	15.9508283	47.6851568
	15.9509556	47.6852544
	15.951102	47.6855156
	15.9508606	47.6860746
	15.9507043	47.6864017
	15.9504886	47.6867034
	15.9503565	47.6867906
	15.9503249	47.6869358
	15.9501927	47.6873015
	15.9500497	47.6875231
	15.9500899	47.6876514
	15.9502617	47.6879284
	15.9507489	47.688579
	15.9506857	47.6890836
	15.9506208	47.6894822
	15.9505768	47.6896123
	15.9505117	47.6899348
	15.9502955	47.6906322
	15.9498952	47.6908943
	15.9497584	47.6910232
	15.9483469	47.6918088
	15.9477658	47.6923103
	15.9473052	47.6924826
	15.9468419	47.692696
	15.9465817	47.6930462
	15.9465576	47.6932217
	15.9463483	47.6937386
	15.9466225	47.6942549
	15.9471183	47.6945784
	15.9473429	47.6946709
	15.9474678	47.6947863
	15.94736	47.6954712
	15.9476141	47.6958639
	15.9481055	47.6961637
	15.9483631	47.6962845
	15.9486693	47.696628
	15.948703	47.696697
	15.9489133	47.6972514
	15.9489882	47.6975502
	15.9487585	47.6981045
	15.9487125	47.6985624
	15.9487513	47.6986774
	15.9491537	47.6985111
	15.9494813	47.6984105
	15.9505598	47.6984052
	15.9519004	47.6983782
	15.9525031	47.6986397
	15.9530637	47.6987472
	15.953585	47.698713
	15.9546084	47.6988128
	15.9548897	47.6988611
	15.955532	47.698865
	15.956469	47.6988474
	15.9578055	47.6991498
	15.9584984	47.6992013
	15.9590878	47.6992205
	15.9598664	47.6990818
	15.9597109	47.6998496
	15.9597204	47.7002438
	15.9596856	47.7006418
	15.9595932	47.7009628
	15.9591566	47.701511
	15.9590956	47.7018297
	15.9592928	47.7025382
	15.9592138	47.703301
	15.9596561	47.7034428
	15.960027	47.7035027
	15.9604027	47.7035229
	15.9607582	47.7035179
	15.9616382	47.7031775
	15.9620584	47.7029587
	15.9625401	47.7028991
	15.9628184	47.7027046
	15.9635563	47.7025007
	15.9640148	47.7023139
	15.965324	47.7019952
	15.9657948	47.7019861
	15.9660471	47.7021805
	15.9661529	47.7022962
	15.9662999	47.7024272
	15.966448	47.702498
	15.9665594	47.7025552
	15.9667493	47.7026186
	15.9670501	47.7026776
	15.9677672	47.7031113
	15.968472	47.7035447
	15.9682016	47.7036518
	15.9682062	47.7038239
	15.9695823	47.7036888
	15.9699183	47.7036848
	15.9700639	47.7037457
	15.9702623	47.7039543
	15.9702583	47.7041233
	15.9701937	47.7042309
	15.9701217	47.7042489
	15.9692822	47.7048132
	15.9690427	47.7049944
	15.9692412	47.7056602
	15.9689835	47.7056759
	15.9685825	47.7056983
	15.968398	47.7065217
	15.9681987	47.7069634
	15.9678787	47.7075012
	15.9679237	47.7077797
	15.9678819	47.7080232
	15.9678522	47.7082765
	15.9674999	47.7088143
	15.9674454	47.7089752
	15.967496	47.7091168
	15.9675734	47.7092445
	15.9676683	47.7096479
	15.9676324	47.709853
	15.9674414	47.7101709
	15.9672609	47.7102936
	15.9670503	47.7103959
	15.9668738	47.7105111
	15.9667212	47.710696
	15.9664098	47.7105747
	15.9664876	47.710426
	15.9663033	47.7102904
	15.9658059	47.7100647
	15.9654466	47.7099297
	15.9651515	47.7098698
	15.9649941	47.709861
	15.9647462	47.7099057
	15.9645575	47.7100354
	15.9643854	47.7100129
	15.9642178	47.7099724
	15.9642901	47.7098402
	15.9640554	47.7097264
	15.9638915	47.7097395
	15.9637143	47.7096513
	15.9635793	47.7095363
	15.9634599	47.7095528
	15.963189	47.7095685
	15.962824	47.7094449
	15.9628308	47.7093366
	15.9623519	47.7091322
	15.9618932	47.7085921
	15.9616984	47.7083153
	15.9613956	47.7079773
	15.9610353	47.7076508
	15.9606979	47.7074917
	15.960407	47.7074954
	15.9600954	47.7075484
	15.9592519	47.707445
	15.9587713	47.7072989
	15.9584068	47.7072286
	15.9579216	47.7072349
	15.9575546	47.7073072
	15.9572883	47.7074202
	15.9566535	47.7075765
	15.9564154	47.7075705
	15.9562519	47.7075376
	15.9557499	47.7075988
	15.9556006	47.7076372
	15.9550893	47.707781
	15.9550312	47.7078565
	15.9547124	47.7080446
	15.9543293	47.7081426
	15.9539131	47.7079853
	15.9537679	47.7080305
	15.9536115	47.7080972
	15.9533826	47.708211
	15.9530228	47.7082909
	15.9527941	47.7083311
	15.9525984	47.7083384
	15.9525093	47.7082494
	15.9523073	47.7081583
	15.9519944	47.7081101
	15.951736	47.7080875
	15.9513378	47.7081411
	15.9510678	47.7082634
	15.9508989	47.7082657
	15.9506977	47.7081683
	15.9506092	47.7081949
	15.9502055	47.7083569
	15.9499604	47.7081348
	15.9494153	47.7084653
	15.9492399	47.7087591
	15.9492233	47.7089459
	15.9493823	47.7092256
	15.9492622	47.7093955
	15.9490275	47.7096391
	15.9487182	47.7097931
	15.9484253	47.7100968
	15.9480919	47.7106
	15.9478717	47.7108357
	15.9478704	47.7112127
	15.9477891	47.7113438
	15.9475992	47.7113687
	15.9473246	47.7115022
	15.9471878	47.7116112
	15.9472073	47.711839
	15.9474061	47.7122007
	15.9475265	47.7126641
	15.9481496	47.7134427
	15.9484744	47.7137065
	15.9488027	47.7140788
	15.9488312	47.7141745
	15.948822	47.7144865
	15.9485283	47.7150699
	15.9485383	47.7152785
	15.9487877	47.7156249
	15.9487673	47.7157672
	15.9488899	47.7160785
	15.9489406	47.7162534
	15.9489465	47.7164618
	15.9490538	47.716796
	15.9490709	47.7171117
	15.9490524	47.7172317
	15.9489996	47.7173499
	15.9488593	47.717452
	15.9485667	47.7175839
	15.9481029	47.7180257
	15.9470048	47.7184304
	15.946345	47.7185389
	15.9461251	47.7186071
	15.9459196	47.7186897
	15.9456399	47.7189655
	15.9454296	47.7192044
	15.9450262	47.7193464
	15.9446407	47.7195974
	15.9444543	47.7196189
	15.9436183	47.7194404
	15.9431473	47.7193949
	15.9425341	47.7192874
	15.9419231	47.719149
	15.9408103	47.7191564
	15.9403685	47.7191881
	15.9394727	47.7193087
	15.9389783	47.7193022
	15.9383982	47.7192082
	15.9378078	47.7191477
	15.9373454	47.7191427
	15.9369742	47.7190331
	15.9364415	47.7190966
	15.936019	47.7189958
	15.9354628	47.7189424
	15.9347327	47.7190313
	15.9342941	47.7192156
	15.9335477	47.7196005
	15.9329597	47.7198675
	15.9322833	47.7199711
	15.9316892	47.7200366
	15.9308901	47.7201488
	15.9305763	47.7203259
	15.9304714	47.7204745
	15.9303191	47.720502
	15.9300522	47.7203881
	15.9297612	47.7202468
	15.9289506	47.7199635
	15.9286312	47.7198785
	15.9279753	47.719799
	15.9274019	47.7198026
	15.9268239	47.7196699
	15.9266174	47.7195862
	15.9262073	47.7195254
	15.9259672	47.7195474
	15.9255651	47.7195384
	15.925125	47.7194397
	15.9245008	47.7194229
	15.9235124	47.7193255
	15.9228945	47.7191887
	15.9223838	47.7189023
	15.9219627	47.7187233
	15.9214847	47.7186399
	15.920831	47.7186179
	15.9202871	47.7186995
	15.9195025	47.7188817
	15.9189666	47.7188231
	15.9177814	47.7193426
	15.9165349	47.7188108
	15.9161981	47.7188433
	15.9157804	47.7187872
	15.9152775	47.7185705
	15.9152625	47.7183683
	15.915307	47.7180798
	15.9154983	47.7178124
	15.9143355	47.7165916
	15.913408	47.7158118
	15.9130937	47.7154466
	15.9128206	47.7152526
	15.911424	47.7149418
	15.9112134	47.7148568
	15.9110128	47.7147056
	15.9100724	47.7143932
	15.909426	47.7143331
	15.9088636	47.7143806
	15.9075812	47.7147433
	15.9069941	47.7148314
	15.9064254	47.7151652
	15.9059107	47.7154063
	15.9053241	47.7155857
	15.9047523	47.7157519
	15.9043255	47.7153771
	15.9039261	47.7152129
	15.9033838	47.7152065
	15.9024407	47.7147862
	15.9021529	47.7147132
	15.9012842	47.7144378
	15.9000284	47.7146437
	15.8995515	47.7147604
	15.8991612	47.7148792
	15.8983305	47.7145309
	15.8978499	47.714175
	15.8969851	47.7140788
	15.8962263	47.7141524
	15.895596	47.714325
	15.8947589	47.7148588
	15.8939741	47.7154558
	15.8935119	47.7151084
	15.893281	47.7147933
	15.8919849	47.7146121
	15.890518	47.7143275
	15.8891469	47.7143466
	15.8877656	47.7136287
	15.8868268	47.7130079
	15.8867388	47.7128848
	15.8859242	47.7122893
	15.8851678	47.7117338
	15.8844493	47.7114086
	15.8836127	47.7111472
	15.8830921	47.7111829
	15.8828623	47.711207
	15.8818419	47.7112989
	15.8814789	47.7113029
	15.8813649	47.7111389
END
END
