7871883
1
	15.7326338	48.260511
	15.7332598	48.2597973
	15.7334648	48.2595612
	15.7347593	48.2581385
	15.73664	48.2586065
	15.7371663	48.2580765
	15.7380951	48.2571179
	15.7393086	48.2558625
	15.7436186	48.2574418
	15.7437305	48.2574013
	15.7437797	48.2573398
	15.7459508	48.2546219
	15.746208	48.2546074
	15.7462183	48.2546128
	15.7464274	48.2547229
	15.7466133	48.2546024
	15.7482355	48.2517524
	15.7487017	48.2517887
	15.7489769	48.2514924
	15.7497603	48.2504129
	15.750286	48.2496908
	15.7510384	48.2488841
	15.7526174	48.2473459
	15.7533084	48.2466666
	15.7533078	48.2461627
	15.7532837	48.245203
	15.7531952	48.2451217
	15.7515121	48.2448883
	15.7514351	48.2443187
	15.7514166	48.2439582
	15.7514485	48.2434873
	15.7507737	48.2434264
	15.7508523	48.2424034
	15.7509542	48.2417037
	15.7513286	48.2395326
	15.7535935	48.2396373
	15.7535154	48.2387348
	15.7537906	48.2387608
	15.7542447	48.2387744
	15.7545966	48.2387575
	15.7554332	48.238845
	15.755622	48.238985
	15.7565377	48.2386722
	15.7570468	48.2385258
	15.7574532	48.2384246
	15.7577058	48.2386415
	15.7600388	48.2385316
	15.7611434	48.238494
	15.7605071	48.2349685
	15.7611511	48.2316757
	15.761363	48.2305512
	15.7621087	48.2303046
	15.7624209	48.2301964
	15.762555	48.230157
	15.7625416	48.2298973
	15.7625402	48.2293386
	15.7625258	48.2289359
	15.7625123	48.2283296
	15.76257	48.2282588
	15.7635058	48.2278141
	15.7646366	48.2272984
	15.7660786	48.2266311
	15.7665967	48.226395
	15.766683	48.2255698
	15.7667902	48.2244233
	15.7668557	48.2237012
	15.7669301	48.2230684
	15.7669869	48.2223212
	15.7670277	48.2218523
	15.767112	48.2218581
	15.7671004	48.2220964
	15.7671527	48.2221488
	15.7693779	48.2221216
	15.7716874	48.2220964
	15.7730516	48.2220092
	15.7746601	48.2218929
	15.7753786	48.2219802
	15.7757131	48.2221894
	15.7761028	48.2223154
	15.7769115	48.222453
	15.7778161	48.222703
	15.7780546	48.2228018
	15.7784473	48.2228774
	15.7790145	48.2229917
	15.780111	48.2232689
	15.7810971	48.2235402
	15.7819876	48.2236824
	15.7820629	48.223789
	15.7817615	48.2239668
	15.7815062	48.224087
	15.7813869	48.2242091
	15.7813397	48.2243274
	15.7813896	48.2243866
	15.7825415	48.2246861
	15.7837044	48.2249894
	15.7843677	48.2251058
	15.7848368	48.2251539
	15.7851976	48.2251465
	15.7864396	48.2253486
	15.7866059	48.2254382
	15.7870614	48.2251474
	15.7875223	48.2249018
	15.7879289	48.2247302
	15.788398	48.2246019
	15.7889212	48.2245261
	15.7894092	48.2244881
	15.7900138	48.2244845
	15.7903744	48.2244863
	15.7909654	48.2245044
	15.7916783	48.2246029
	15.7921773	48.2246733
	15.7914429	48.227627
	15.7921798	48.2279423
	15.790932	48.2302784
	15.7913243	48.2303248
	15.7916742	48.2303662
	15.7932877	48.2306743
	15.7933334	48.2309412
	15.7932339	48.2317401
	15.7948502	48.2318709
	15.7953127	48.2318476
	15.7965713	48.2318333
	15.7971441	48.2317903
	15.7977169	48.2316954
	15.7981714	48.2315897
	15.7991906	48.2314141
	15.8012962	48.2318906
	15.8011752	48.2321772
	15.8012102	48.2322399
	15.8018691	48.2324226
	15.8039882	48.233003
	15.8041361	48.2330639
	15.8044588	48.2331481
	15.8048084	48.2332144
	15.8054215	48.2333093
	15.805322	48.2341315
	15.8051983	48.2359568
	15.8051472	48.2375008
	15.8048702	48.2376244
	15.8043324	48.2378035
	15.8044588	48.2378447
	15.8047573	48.2378715
	15.8050961	48.2379181
	15.8051889	48.2380427
	15.8057743	48.238223
	15.8061395	48.2383432
	15.8067229	48.2385352
	15.8073819	48.2387685
	15.8077983	48.2389429
	15.808711	48.2394241
	15.8095823	48.2398961
	15.8098608	48.2401146
	15.8092509	48.2407095
	15.8080158	48.2422207
	15.8088291	48.2425596
	15.8092101	48.2426809
	15.8090681	48.2428906
	15.8083959	48.2438678
	15.808022	48.244429
	15.8074587	48.2453116
	15.8071013	48.2458806
	15.8057096	48.245775
	15.8043771	48.2456158
	15.8033215	48.2454661
	15.8011725	48.2450295
	15.8003465	48.2448655
	15.8001406	48.2448514
	15.7988743	48.2445062
	15.7979394	48.244286
	15.7965261	48.245553
	15.7964209	48.2460893
	15.7963456	48.2463533
	15.7962326	48.2466959
	15.796107	48.2470952
	15.795928	48.2470592
	15.7957907	48.2470039
	15.7939362	48.2468635
	15.7928173	48.2467757
	15.7919954	48.2467103
	15.791327	48.2466688
	15.7909867	48.2466656
	15.7906753	48.2466975
	15.7903781	48.2467566
	15.7901026	48.2468299
	15.7897672	48.246956
	15.7894988	48.2470964
	15.7891634	48.2473134
	15.7884491	48.2478387
	15.7879565	48.250147
	15.7877804	48.2509756
	15.7854815	48.25473
	15.7835966	48.254564
	15.7828486	48.2585619
	15.7831048	48.2587583
	15.7834044	48.2589578
	15.7836972	48.2592777
	15.7839168	48.2594482
	15.784388	48.2597513
	15.7845779	48.2599858
	15.7845939	48.2606559
	15.7845367	48.2609087
	15.7845962	48.2611797
	15.7847586	48.2617021
	15.7849416	48.2618072
	15.7851818	48.2617782
	15.7854609	48.2617767
	15.7854243	48.262331
	15.7853602	48.2638142
	15.7855935	48.2642665
	15.7856942	48.2667059
	15.7858292	48.2699689
	15.7858543	48.2700527
	15.7859069	48.2700968
	15.7859733	48.2714656
	15.7858177	48.2718417
	15.7860007	48.2719696
	15.7861586	48.2735956
	15.7862478	48.2754515
	15.7861288	48.2759539
	15.7858749	48.2770531
	15.7857628	48.2771262
	15.7862981	48.2772282
	15.7862432	48.2776225
	15.7861082	48.277997
	15.7860236	48.2780183
	15.7850285	48.277965
	15.7848272	48.2778356
	15.7843926	48.2779011
	15.7836629	48.2778402
	15.7833106	48.2777123
	15.7824963	48.2775646
	15.782112	48.2774915
	15.7816888	48.2773926
	15.7809294	48.27749
	15.7803852	48.2774809
	15.7801997	48.2774839
	15.7802385	48.2769161
	15.7802586	48.2766307
	15.7797039	48.2767398
	15.7781993	48.2770246
	15.7769372	48.2771533
	15.7765834	48.2771321
	15.7761737	48.2770597
	15.7756747	48.2770409
	15.775108	48.2768875
	15.7747685	48.2767717
	15.7742769	48.2766651
	15.7736842	48.2766108
	15.7733153	48.276514
	15.772722	48.276525
	15.7715295	48.2766019
	15.7708115	48.2767609
	15.7699857	48.277086
	15.7697112	48.2773439
	15.7691969	48.2777042
	15.767555	48.2777285
	15.7659125	48.2776779
	15.7643729	48.2776289
	15.7641183	48.279053
	15.7639748	48.2790694
	15.7637277	48.2799849
	15.7636482	48.2802899
	15.7620701	48.2801602
	15.7607474	48.2802001
	15.7601799	48.2806589
	15.7595566	48.2810881
	15.7597722	48.2812436
	15.7588755	48.2818477
	15.7584451	48.2820818
	15.7579653	48.2822802
	15.757254	48.2825774
	15.7570932	48.2825508
	15.755313	48.2822563
	15.7538324	48.2820036
	15.7524206	48.2819574
	15.7521547	48.2819516
	15.7509596	48.2819758
	15.7500508	48.2820191
	15.7491925	48.2819334
	15.7481374	48.2816134
	15.7475145	48.2810463
	15.7470134	48.2801608
	15.7463387	48.278948
	15.7461013	48.2786166
	15.7460388	48.2784232
	15.7454042	48.2784822
	15.7449456	48.2785774
	15.7442891	48.2789594
	15.7431588	48.2792684
	15.7425388	48.2787254
	15.7418502	48.2780727
	15.7403755	48.2767945
	15.7402816	48.2767913
	15.7399548	48.2770112
	15.7397917	48.2769908
	15.7375694	48.2761026
	15.736428	48.2756598
	15.7364302	48.2745754
	15.7363622	48.274051
	15.7361282	48.2724734
	15.7359378	48.2716874
	15.7357837	48.2711121
	15.735715	48.2710982
	15.7354528	48.270022
	15.7352502	48.2692176
	15.7354692	48.2685728
	15.7356618	48.2680254
	15.7359071	48.2673382
	15.7362063	48.2664698
	15.736237	48.2663945
	15.7371548	48.2638024
	15.7372133	48.2636081
	15.7391307	48.2622922
	15.739183	48.262226
	15.7366694	48.2616907
	15.7365156	48.261749
	15.7355835	48.2616377
	15.7348662	48.2614643
	15.7345514	48.261363
	15.7342503	48.2612454
	15.7339754	48.261092
	15.7333938	48.260836
	15.7331432	48.2607321
	15.7326338	48.260511
END
END
