7871935
1
	16.1425233	47.5559189
	16.1426418	47.5555938
	16.1427638	47.5553011
	16.1429336	47.5549364
	16.1429697	47.554721
	16.1429388	47.5544414
	16.1430827	47.55428
	16.1431608	47.5540806
	16.1430984	47.5536355
	16.1431955	47.5534816
	16.143227	47.5531092
	16.1433197	47.5526715
	16.1435024	47.5523449
	16.1433553	47.5522382
	16.1434458	47.5519854
	16.1434382	47.551794
	16.1434773	47.551721
	16.1433943	47.551506
	16.1433814	47.5511707
	16.1435693	47.5509623
	16.1436345	47.5507942
	16.1435345	47.550693
	16.1435267	47.550592
	16.1434741	47.5505106
	16.1436733	47.5501482
	16.1437392	47.5498836
	16.144136	47.5494537
	16.1442421	47.5488754
	16.1441112	47.5484817
	16.1442436	47.5482664
	16.1444958	47.5479902
	16.1445679	47.5477765
	16.1447742	47.5476292
	16.1452322	47.5474927
	16.1453493	47.5474229
	16.1456095	47.54724
	16.1457639	47.5472181
	16.1462664	47.5470052
	16.1464022	47.5468115
	16.146489	47.5467545
	16.1468379	47.5464732
	16.146916	47.5464008
	16.1469163	47.5462315
	16.1469201	47.546134
	16.1469911	47.5459979
	16.1470978	47.5457827
	16.1470815	47.5455839
	16.1471061	47.5454576
	16.1471628	47.5453701
	16.1475765	47.5446761
	16.147892	47.5443499
	16.1484399	47.5441432
	16.1487526	47.5440924
	16.1491871	47.5440396
	16.1493154	47.5439406
	16.1493809	47.5437421
	16.149652	47.5436376
	16.1501419	47.5432095
	16.1502321	47.5432885
	16.1505791	47.5430997
	16.1506723	47.5429619
	16.1507914	47.5427514
	16.1507686	47.5425437
	16.1509698	47.5423416
	16.1510849	47.5424159
	16.1511864	47.5422918
	16.151286	47.5420672
	16.1515057	47.5420103
	16.1516394	47.5418009
	16.151536	47.5416593
	16.1514918	47.5415095
	16.1516833	47.5413578
	16.1519904	47.5408932
	16.1520814	47.5406782
	16.1520942	47.5405939
	16.1520006	47.5403724
	16.1519213	47.5400704
	16.1519573	47.5398453
	16.1519634	47.5395948
	16.1518785	47.5389986
	16.1519405	47.5387448
	16.1520609	47.538442
	16.1522601	47.5381263
	16.1523561	47.537867
	16.1523376	47.5375389
	16.1526658	47.537324
	16.1526084	47.5369054
	16.1526662	47.5368486
	16.1527305	47.5365713
	16.1527207	47.536413
	16.1528534	47.5356921
	16.1530529	47.5354134
	16.1530816	47.5352593
	16.1531683	47.5341035
	16.1533037	47.5335552
	16.1534266	47.5332637
	16.1535962	47.5328408
	16.1536681	47.5326966
	16.1537837	47.5324524
	16.1542237	47.5317659
	16.1543163	47.5315841
	16.15438	47.5312992
	16.1544164	47.5311195
	16.1543997	47.5309055
	16.1544732	47.5304247
	16.1545311	47.5302571
	16.1548119	47.5300572
	16.1548803	47.529728
	16.1550485	47.5295892
	16.1550304	47.5293309
	16.1553061	47.5291179
	16.1555139	47.5288161
	16.1555701	47.5285506
	16.1557232	47.5284295
	16.1559639	47.5282328
	16.1560907	47.5277516
	16.1562673	47.5276716
	16.156384	47.5274819
	16.1564745	47.5270123
	16.1567117	47.5269237
	16.1568803	47.5266754
	16.1571882	47.5263906
	16.1576662	47.5260637
	16.1577982	47.5260508
	16.1581117	47.5258599
	16.1583467	47.5255351
	16.1585733	47.5254329
	16.1586217	47.5252733
	16.1586361	47.5250451
	16.1588052	47.5249181
	16.1588782	47.5248521
	16.1590026	47.5246136
	16.1594799	47.5245764
	16.1594772	47.5244676
	16.1606019	47.5236149
	16.1611178	47.5233323
	16.1613517	47.5231367
	16.161301	47.5228544
	16.161247	47.5226365
	16.16095	47.5222899
	16.1608225	47.5217672
	16.1608079	47.5216359
	16.1608822	47.5214007
	16.1608918	47.5212599
	16.1608924	47.5211197
	16.1607157	47.5207774
	16.1603852	47.5204164
	16.1600094	47.5200526
	16.1599421	47.5199857
	16.1596533	47.5197464
	16.1594924	47.519675
	16.1592833	47.5196687
	16.1586018	47.5197987
	16.1584575	47.5198901
	16.1581397	47.5200735
	16.1579238	47.5201598
	16.1576606	47.5201934
	16.1575577	47.5202408
	16.1574603	47.5204011
	16.1573348	47.5205179
	16.1572113	47.5205452
	16.1569694	47.5206411
	16.1563901	47.5213165
	16.1561356	47.5215238
	16.1561131	47.5213993
	16.1560972	47.5211258
	16.1560691	47.5208454
	16.1560514	47.5203741
	16.1559819	47.5198599
	16.1558611	47.519336
	16.1556071	47.5191895
	16.1553771	47.5186965
	16.1552383	47.5183674
	16.1555144	47.5179629
	16.155391	47.5173529
	16.1554058	47.5171363
	16.1555495	47.5169166
	16.1558707	47.5166239
	16.1560794	47.5160638
	16.1562358	47.5158376
	16.1563864	47.5156008
	16.1567176	47.5153175
	16.1569879	47.5151325
	16.1574161	47.5151011
	16.1576623	47.5149062
	16.1574679	47.5147379
	16.1572562	47.5145113
	16.1572389	47.514239
	16.1570809	47.513977
	16.1568692	47.5137961
	16.1567203	47.5135355
	16.1563105	47.5133361
	16.1560759	47.5130014
	16.1557877	47.5128236
	16.1556311	47.5124836
	16.1556256	47.5122473
	16.1559847	47.51191
	16.1560844	47.5115494
	16.1563437	47.5113724
	16.1564984	47.5111609
	16.1564687	47.5108758
	16.1565497	47.5104008
	16.1566747	47.5101899
	16.1567206	47.5097762
	16.1568277	47.5095488
	16.1571546	47.5092122
	16.1574708	47.5092511
	16.1577736	47.5092328
	16.158625	47.5090752
	16.1589015	47.5089717
	16.1596156	47.5088547
	16.1600862	47.508846
	16.1605291	47.5088661
	16.1609848	47.5086777
	16.162064	47.5076767
	16.1623379	47.5074858
	16.1630035	47.506812
	16.1627291	47.5066925
	16.1624562	47.5066191
	16.1621444	47.5065633
	16.1618165	47.5064184
	16.1616314	47.5065146
	16.161468	47.5065175
	16.1610006	47.5061808
	16.1606523	47.5058846
	16.160109	47.5056596
	16.159638	47.5055344
	16.1598088	47.5053537
	16.1597619	47.5049714
	16.1600577	47.5046745
	16.1601785	47.5044718
	16.1607115	47.5046068
	16.1613359	47.5043758
	16.1619132	47.5038511
	16.1621146	47.5037938
	16.1622636	47.5037246
	16.1624872	47.5035411
	16.1630029	47.5031791
	16.1637995	47.5028947
	16.1652217	47.5028643
	16.1654521	47.5029631
	16.1655362	47.5028113
	16.1655554	47.5025602
	16.1654622	47.5023533
	16.1653014	47.5021204
	16.1652298	47.5018441
	16.1651874	47.5015766
	16.1650192	47.501344
	16.1649163	47.5012437
	16.164387	47.5009956
	16.1641121	47.5009427
	16.1635287	47.5008605
	16.1632259	47.5008959
	16.1631249	47.5003771
	16.1633136	47.5001814
	16.1628675	47.5001279
	16.1624696	47.5000604
	16.1623487	47.4999104
	16.1619013	47.4997094
	16.1618035	47.4996242
	16.1618195	47.499424
	16.1615251	47.4991617
	16.1609192	47.4988888
	16.1605429	47.4986554
	16.1601093	47.4984992
	16.1597047	47.4981582
	16.1593412	47.4978604
	16.1593607	47.4976852
	16.1593909	47.4974127
	16.1594779	47.4971958
	16.1595515	47.4972125
	16.1598459	47.497244
	16.1602236	47.4972787
	16.1605484	47.4972354
	16.1606217	47.4974466
	16.1608917	47.4976832
	16.1611079	47.4977946
	16.1614853	47.4977962
	16.1616449	47.4970733
	16.1616215	47.496932
	16.1615188	47.4967799
	16.1614926	47.4961914
	16.1614807	47.4956481
	16.1622484	47.4955902
	16.1625885	47.4957441
	16.163036	47.4959975
	16.1633703	47.4962329
	16.163805	47.4962196
	16.1643153	47.4961409
	16.1645993	47.4957642
	16.1648264	47.4955703
	16.165441	47.4954828
	16.1661419	47.4952102
	16.1657252	47.4949205
	16.164744	47.4943716
	16.163906	47.4939143
	16.1640906	47.4938624
	16.1645686	47.4936829
	16.1650898	47.4934693
	16.165565	47.4932729
	16.1661231	47.4930705
	16.1663057	47.4929115
	16.1666909	47.4926617
	16.1669206	47.4926061
	16.1674116	47.4925089
	16.1675991	47.4924879
	16.1684357	47.4925325
	16.1685296	47.4925586
	16.1686893	47.4925753
	16.1691458	47.4925327
	16.1689456	47.4919277
	16.1694619	47.4915515
	16.1693365	47.4913621
	16.169163	47.4913224
	16.1680156	47.4910997
	16.1676889	47.4909831
	16.167565	47.4908348
	16.1671974	47.4906711
	16.1666924	47.4904836
	16.1666055	47.4903893
	16.166344	47.4901977
	16.1655951	47.4900931
	16.165447	47.490088
	16.165083	47.4901477
	16.1644643	47.490427
	16.1640303	47.4901971
	16.1637135	47.4900243
	16.1637572	47.4897202
	16.1636212	47.4896056
	16.1634083	47.489487
	16.1631187	47.4895804
	16.1629657	47.4894692
	16.1629587	47.4894059
	16.1631072	47.4893542
	16.1633172	47.4893138
	16.1635005	47.4889619
	16.1636318	47.4888722
	16.1637607	47.4887527
	16.1638065	47.4884517
	16.1640094	47.4883752
	16.1642654	47.4882207
	16.1643104	47.4879875
	16.1643971	47.4877808
	16.1645665	47.4876303
	16.1648787	47.4875315
	16.1655877	47.4868855
	16.1658258	47.4865752
	16.1660363	47.4864458
	16.1662069	47.485917
	16.1663025	47.485392
	16.1663751	47.4849025
	16.1663071	47.484598
	16.1661527	47.4840184
	16.1658232	47.4836648
	16.1656636	47.4833746
	16.16566	47.4831866
	16.1657198	47.4829974
	16.166252	47.4827451
	16.1664283	47.4825561
	16.1665502	47.4822535
	16.1667719	47.4819834
	16.1660744	47.4815495
	16.1656675	47.4812451
	16.165552	47.4812228
	16.165159	47.480807
	16.1649063	47.4807659
	16.1647267	47.4806709
	16.1645978	47.4805339
	16.1640865	47.480239
	16.1637845	47.4799697
	16.1635216	47.4796949
	16.1630113	47.4792324
	16.1627105	47.4790338
	16.1622539	47.4786804
	16.1620633	47.4785604
	16.1616011	47.478362
	16.1612	47.478217
	16.1607041	47.4780386
	16.1604489	47.4780186
	16.1603465	47.4779085
	16.1602887	47.4778203
	16.160212	47.4775715
	16.1602893	47.4773416
	16.1604926	47.477182
	16.1604829	47.4770664
	16.1603842	47.4768313
	16.1602104	47.4763542
	16.1599653	47.4761376
	16.1601982	47.4755795
	16.1601675	47.4753019
	16.1599323	47.4749255
	16.1599614	47.4747765
	16.1601898	47.4747278
	16.1600249	47.4744874
	16.1601522	47.4740315
	16.1600142	47.4739295
	16.1601821	47.4735252
	16.1604031	47.4727133
	16.1601814	47.4722897
	16.1601259	47.4720613
	16.1596682	47.4716966
	16.159636	47.4714737
	16.1593404	47.4711368
	16.1593274	47.4709986
	16.1591931	47.4706915
	16.1591181	47.4705714
	16.158938	47.4703721
	16.1590569	47.4701828
	16.1591126	47.47009
	16.1591118	47.4697954
	16.1592	47.4695842
	16.1592362	47.4694185
	16.1592365	47.4693591
	16.1591053	47.4692005
	16.159141	47.4690126
	16.1591418	47.4688804
	16.1591496	47.4683344
	16.159167	47.4681546
	16.1591768	47.4679095
	16.1591526	47.4675932
	16.1592248	47.4674395
	16.1593792	47.4672823
	16.1596429	47.4671512
	16.1598401	47.467062
	16.1602226	47.4669847
	16.1606687	47.4669794
	16.1609178	47.4669245
	16.1614616	47.4669081
	16.1618724	47.4666831
	16.1621649	47.46668
	16.1625502	47.4666931
	16.1630135	47.4663729
	16.1635531	47.4662674
	16.1637322	47.4662079
	16.1639402	47.4660755
	16.1641524	47.4659624
	16.1643743	47.4659862
	16.1646118	47.4658551
	16.1649996	47.4656394
	16.165002	47.4654726
	16.1652577	47.4652998
	16.1655613	47.4652936
	16.1659681	47.465275
	16.1662868	47.4651325
	16.1665266	47.4650966
	16.1667362	47.465205
	16.1670564	47.4652365
	16.1677393	47.4654104
	16.167522	47.4655726
	16.1681902	47.4656486
	16.1686313	47.4656631
	16.1689735	47.4656404
	16.1693725	47.4655016
	16.1696381	47.4654268
	16.1696944	47.4655327
	16.169865	47.4655091
	16.1702533	47.4655162
	16.170587	47.4654927
	16.1706693	47.465531
	16.1707183	47.4655892
	16.1707515	47.4658417
	16.1707364	47.4660056
	16.1707891	47.4664328
	16.1708533	47.4666868
	16.1709727	47.467067
	16.1711338	47.4672371
	16.1713628	47.4675698
	16.1714684	47.4678235
	16.1715875	47.4678878
	16.1719369	47.4677788
	16.1725262	47.4675861
	16.1726684	47.4674925
	16.1729836	47.4672007
	16.1729948	47.4670501
	16.1729807	47.4666203
	16.1730291	47.4662221
	16.1731531	47.465841
	16.1732811	47.4657356
	16.173538	47.465687
	16.1740145	47.4656047
	16.1742422	47.465457
	16.1745154	47.4652004
	16.1750011	47.4650034
	16.1753472	47.4647612
	16.1755385	47.4646792
	16.1758483	47.4648319
	16.1760951	47.4647927
	16.1766297	47.464948
	16.1765331	47.464768
	16.1764224	47.4644571
	16.176415	47.4642935
	16.1766362	47.4640503
	16.176825	47.4639307
	16.1771005	47.4637995
	16.1774712	47.4638293
	16.1782256	47.4639247
	16.1788256	47.4640337
	16.1790184	47.4641466
	16.1791971	47.4640909
	16.1797079	47.4642195
	16.1800665	47.4642065
	16.1802456	47.4644804
	16.1803071	47.4648165
	16.1802166	47.4650626
	16.1805098	47.4654379
	16.1808822	47.4654643
	16.1816916	47.4654052
	16.1820467	47.465125
	16.1821593	47.4650568
	16.1823101	47.4650396
	16.1824169	47.4654109
	16.1825028	47.4655372
	16.182772	47.465653
	16.1830298	47.4656668
	16.1834	47.4657055
	16.1836567	47.4657545
	16.1842536	47.4657563
	16.1846963	47.4657578
	16.1852216	47.4654301
	16.1855142	47.4652956
	16.1858434	47.4651951
	16.1862936	47.4651656
	16.1866715	47.4650815
	16.1868231	47.4650109
	16.1870471	47.464961
	16.1874971	47.4649456
	16.1873541	47.4652716
	16.187163	47.4654283
	16.1870557	47.4658622
	16.1866393	47.4661133
	16.1866368	47.4662597
	16.1862462	47.4666207
	16.1860983	47.4668737
	16.1861276	47.4670979
	16.1858665	47.4673032
	16.185694	47.4676735
	16.185586	47.4681466
	16.1853871	47.4683468
	16.1854081	47.4687577
	16.1852373	47.4692043
	16.185415	47.4694946
	16.185607	47.469741
	16.185594	47.4701451
	16.185986	47.4705161
	16.1862511	47.4705351
	16.1865033	47.4706032
	16.1866325	47.4708354
	16.187043	47.4713013
	16.1873748	47.4715435
	16.1874564	47.4715391
	16.1877483	47.4718148
	16.187912	47.4720344
	16.1883897	47.4720711
	16.18864	47.471922
	16.1889469	47.4717359
	16.1892862	47.4714585
	16.18962	47.4711697
	16.1899991	47.4708628
	16.1902829	47.4706315
	16.1904064	47.4705775
	16.1909641	47.4706157
	16.1915198	47.4706649
	16.19164	47.470795
	16.1918127	47.4710127
	16.1921261	47.4712547
	16.1924365	47.4715058
	16.1926285	47.4718076
	16.1928819	47.4720177
	16.1933244	47.472173
	16.1938496	47.4723345
	16.1940331	47.4724566
	16.1944528	47.4719484
	16.1948772	47.4721101
	16.1946222	47.4725964
	16.1948377	47.4729832
	16.1950219	47.4731155
	16.1954022	47.4731994
	16.1963456	47.4731813
	16.196768	47.4729616
	16.1974532	47.4729058
	16.1978648	47.4727799
	16.1986869	47.47251
	16.1992745	47.4723533
	16.1997646	47.4722145
	16.2001607	47.4719939
	16.2005382	47.4716194
	16.2010297	47.4711224
	16.2013043	47.4710336
	16.2016295	47.4709022
	16.2019702	47.4706368
	16.2022873	47.470265
	16.2027032	47.4699914
	16.2033493	47.4696761
	16.2042341	47.4692221
	16.2046509	47.4689202
	16.204742	47.4688701
	16.2049768	47.4687958
	16.2053178	47.4686502
	16.2055682	47.4686345
	16.2058005	47.4686598
	16.2060501	47.4687237
	16.2062609	47.4688166
	16.2064115	47.4688945
	16.2065133	47.468987
	16.2066845	47.4692974
	16.2066978	47.4693564
	16.2067452	47.4693866
	16.20781	47.4690173
	16.2082568	47.468875
	16.2085211	47.4688112
	16.2097189	47.4684484
	16.2099636	47.4684019
	16.2100172	47.4684687
	16.2105705	47.4683922
	16.2110733	47.4684555
	16.2114039	47.468505
	16.2118407	47.4683241
	16.2123376	47.4681315
	16.213013	47.4678675
	16.2133166	47.4677714
	16.2134483	47.46775
	16.2135198	47.4676434
	16.2138883	47.4677753
	16.2142192	47.4679374
	16.2146186	47.4680718
	16.2152241	47.4682666
	16.2156767	47.4683219
	16.2162565	47.4683506
	16.2169272	47.4684659
	16.2171623	47.468473
	16.2174208	47.4684596
	16.2175537	47.4684783
	16.2175734	47.4686189
	16.2175808	47.468748
	16.2175603	47.4689947
	16.2175701	47.4690996
	16.2176459	47.4693711
	16.2176302	47.469598
	16.2177125	47.4698365
	16.2177463	47.4703643
	16.217717	47.4707192
	16.2177086	47.4708407
	16.2176681	47.4710689
	16.2177423	47.471352
	16.2176903	47.4716671
	16.2174745	47.472041
	16.2175205	47.4723037
	16.2175664	47.4724536
	16.2176326	47.4725897
	16.2176684	47.4726718
	16.2177208	47.4728805
	16.2177836	47.4731911
	16.217921	47.473463
	16.2180655	47.473721
	16.2184085	47.4741676
	16.2187877	47.4746004
	16.2189329	47.4749152
	16.2191216	47.4754417
	16.2191049	47.4755726
	16.2191009	47.4757146
	16.2193111	47.4760114
	16.2192981	47.4764536
	16.2193505	47.4768329
	16.2194172	47.4770636
	16.2194873	47.4772371
	16.2196543	47.4774499
	16.2196234	47.4775607
	16.2200312	47.4776798
	16.2201406	47.4777321
	16.2201691	47.4778385
	16.2205671	47.4780572
	16.2206155	47.4781545
	16.2204216	47.478423
	16.2202233	47.4788638
	16.2202112	47.4790688
	16.2203381	47.4794339
	16.22071	47.4796662
	16.2210794	47.4798838
	16.2224799	47.4803545
	16.2232843	47.4804833
	16.2235578	47.480548
	16.223691	47.4805989
	16.2240569	47.4808154
	16.2243412	47.4809084
	16.2245419	47.4809386
	16.2247495	47.4809117
	16.2253204	47.4809156
	16.2258252	47.4809657
	16.2264169	47.4807939
	16.2267309	47.4807713
	16.226829	47.4807036
	16.2269351	47.4806265
	16.227174	47.4798659
	16.2273477	47.4795079
	16.2275719	47.4790829
	16.22828	47.4792551
	16.2285502	47.4792529
	16.2290997	47.4794699
	16.229411	47.4795415
	16.2299677	47.4797301
	16.2304983	47.4797376
	16.2310029	47.4798621
	16.2316423	47.4799351
	16.2323539	47.4799196
	16.2326689	47.4797887
	16.2334838	47.4794296
	16.2338183	47.4793389
	16.2341287	47.4791726
	16.2341425	47.4790902
	16.2341947	47.4790101
	16.2344929	47.4787538
	16.2346312	47.4787069
	16.2347829	47.478691
	16.2351804	47.4784578
	16.2353036	47.4783644
	16.2354921	47.4782689
	16.236006	47.4780985
	16.2364521	47.4780233
	16.2367263	47.478044
	16.2374676	47.4782021
	16.2375997	47.47829
	16.2378144	47.4785869
	16.2380514	47.4787988
	16.2381571	47.4790004
	16.2384626	47.4792528
	16.2389614	47.4793926
	16.2391514	47.4796471
	16.2391968	47.4798437
	16.2390716	47.4804251
	16.238727	47.4807422
	16.2388835	47.4810228
	16.2390401	47.4811394
	16.2393227	47.4812348
	16.2395204	47.4813446
	16.2395262	47.4814751
	16.2400353	47.4819398
	16.2403037	47.4820093
	16.2406569	47.4822208
	16.2401203	47.4825561
	16.2400168	47.4827864
	16.2397198	47.4829598
	16.2394437	47.483026
	16.2388868	47.4833965
	16.2383112	47.4836155
	16.2378263	47.4837579
	16.2372075	47.4841081
	16.2365268	47.4843024
	16.2351794	47.4849067
	16.2343921	47.4850772
	16.2340434	47.4859107
	16.2339408	47.4862816
	16.2336373	47.4864836
	16.2334326	47.4867334
	16.2333384	47.4872254
	16.2331414	47.4876226
	16.2328342	47.4880571
	16.2325442	47.4880052
	16.2323858	47.4878302
	16.2321058	47.4873697
	16.231999	47.4870997
	16.2316441	47.4867435
	16.2312774	47.4866423
	16.2312536	47.4864546
	16.2309424	47.4862852
	16.2307177	47.4862975
	16.2300351	47.4860348
	16.2293373	47.4862089
	16.2287826	47.4863761
	16.2287212	47.4863993
	16.2285688	47.4863915
	16.2282156	47.4862712
	16.2281072	47.4861963
	16.2279658	47.4860708
	16.2277764	47.4859674
	16.2270933	47.4856611
	16.225942	47.4855823
	16.2253531	47.4857339
	16.2253696	47.485924
	16.2254958	47.4862407
	16.2256153	47.4863842
	16.2257801	47.4866779
	16.2260712	47.4873426
	16.2260603	47.4875135
	16.2261474	47.4876845
	16.2264092	47.4879414
	16.226581	47.4879686
	16.22655	47.4881956
	16.2265616	47.4886567
	16.2264194	47.4888479
	16.2257738	47.4892368
	16.2254179	47.489546
	16.224883	47.489986
	16.2247121	47.4901938
	16.2246289	47.4903016
	16.2244207	47.4906057
	16.2242714	47.4910013
	16.2242022	47.4914591
	16.2240604	47.4918688
	16.2240133	47.4924454
	16.223709	47.4924763
	16.2235905	47.4929239
	16.2233756	47.4939635
	16.2231435	47.494995
	16.2233899	47.4950095
	16.2235915	47.4950105
	16.2238897	47.4951384
	16.2244115	47.4954582
	16.2245919	47.4956257
	16.2247654	47.4956751
	16.2254123	47.495268
	16.2255024	47.4950811
	16.2256856	47.4949449
	16.2260249	47.4947819
	16.2261672	47.4947564
	16.226362	47.4947681
	16.2265856	47.4947976
	16.2268443	47.4951703
	16.2268186	47.4952751
	16.2268223	47.4953614
	16.2268519	47.495543
	16.2270307	47.4957023
	16.2272932	47.495836
	16.2274751	47.4958514
	16.2278684	47.4960304
	16.2280895	47.4962466
	16.2281704	47.4965147
	16.228228	47.4966693
	16.2286336	47.4971851
	16.2289416	47.4972414
	16.2293848	47.4974034
	16.2301099	47.4976125
	16.2304108	47.4976469
	16.2304979	47.4976181
	16.2316655	47.4979581
	16.232551	47.4984199
	16.2332133	47.4986273
	16.2340054	47.4990315
	16.2345162	47.4993906
	16.23495	47.499598
	16.2358325	47.5002073
	16.2364993	47.5007317
	16.2367105	47.500987
	16.2369981	47.5012454
	16.2374955	47.5015622
	16.2379087	47.5016947
	16.2382473	47.5018917
	16.2381982	47.5020769
	16.2381084	47.502269
	16.2379471	47.5028721
	16.2381064	47.5033646
	16.2381026	47.5036997
	16.2380609	47.5039297
	16.2381756	47.5041055
	16.2383786	47.5043887
	16.2385077	47.50456
	16.2386051	47.5046314
	16.2390865	47.5050005
	16.2401781	47.5052807
	16.2406237	47.5053526
	16.241065	47.5054511
	16.2413898	47.5055289
	16.2416692	47.5055694
	16.24126	47.505793
	16.2410346	47.5060442
	16.2409047	47.5062261
	16.2407653	47.5065834
	16.2405974	47.5067803
	16.2404485	47.5070392
	16.2403535	47.507266
	16.2401539	47.507495
	16.239807	47.507643
	16.2396503	47.507833
	16.2394824	47.5079721
	16.2392892	47.5080919
	16.2391783	47.5081882
	16.2391656	47.5083765
	16.2389312	47.50846
	16.2385574	47.5085113
	16.2384128	47.5086758
	16.2381436	47.509123
	16.2382925	47.5092235
	16.2381626	47.509538
	16.2381151	47.509737
	16.2378331	47.5102463
	16.2373231	47.5103426
	16.2370982	47.5105373
	16.2369874	47.5107662
	16.2368797	47.5110272
	16.2366294	47.511023
	16.2362968	47.5111406
	16.2362398	47.5112626
	16.2366104	47.5114551
	16.2364679	47.5116242
	16.2360878	47.5117975
	16.2359706	47.5121206
	16.2360086	47.5123859
	16.2357773	47.5129186
	16.2352642	47.5131903
	16.2351596	47.5132438
	16.235204	47.5136824
	16.2351438	47.5138086
	16.2353529	47.5144483
	16.2357266	47.5149126
	16.2359294	47.5152164
	16.2356158	47.5154325
	16.2360212	47.5157363
	16.2368005	47.5158903
	16.2370602	47.5158924
	16.2372059	47.5158732
	16.2374879	47.5159352
	16.2376684	47.5160743
	16.237887	47.5162927
	16.2379757	47.516438
	16.2380739	47.516669
	16.2380454	47.51693
	16.237925	47.5170327
	16.2377983	47.5170327
	16.2377571	47.5169686
	16.2376209	47.5170392
	16.237415	47.5173108
	16.2371236	47.5177451
	16.2371553	47.5179184
	16.2372091	47.5181965
	16.2369462	47.518742
	16.2369186	47.5189211
	16.2368543	47.5193325
	16.2369272	47.5193624
	16.2366706	47.5198416
	16.2363919	47.5200876
	16.2361606	47.5204599
	16.2360656	47.5204684
	16.2357361	47.5205647
	16.2355936	47.5206331
	16.235356	47.520708
	16.2347415	47.5209604
	16.2342568	47.5216856
	16.2338831	47.521769
	16.2334206	47.5217755
	16.2329042	47.5217541
	16.2327211	47.5217049
	16.232398	47.5217177
	16.2319355	47.5219102
	16.2318531	47.5219616
	16.231435	47.522706
	16.2317137	47.5230867
	16.231902	47.5232692
	16.2319228	47.5237755
	16.231587	47.524383
	16.2314287	47.5249178
	16.2312069	47.5256408
	16.2309092	47.5258675
	16.230548	47.5259702
	16.2302313	47.5262568
	16.2300032	47.5267573
	16.2297498	47.5273006
	16.2293823	47.5277156
	16.229414	47.5280663
	16.2293317	47.5283059
	16.229281	47.5289305
	16.229224	47.5290845
	16.2289705	47.5296577
	16.2286474	47.5303164
	16.2282863	47.5307485
	16.2275324	47.5313174
	16.2272853	47.53145
	16.2270699	47.5317794
	16.2263287	47.5326263
	16.2257332	47.5331096
	16.225182	47.5334133
	16.2247575	47.5339737
	16.2242887	47.5345597
	16.224029	47.5346751
	16.2238199	47.5348633
	16.2236742	47.5351157
	16.2233384	47.535244
	16.2233258	47.5355905
	16.22299	47.5359369
	16.2229837	47.5364031
	16.2228316	47.5367325
	16.2227492	47.5370447
	16.2219763	47.5370019
	16.2210577	47.5369848
	16.2200694	47.5370404
	16.2195689	47.5370575
	16.2184285	47.5369591
	16.2174973	47.5370233
	16.216813	47.5371388
	16.2162555	47.5371302
	16.2154573	47.5370233
	16.2150448	47.5369407
	16.2148513	47.5368558
	16.2147987	47.5368025
	16.2146521	47.5362645
	16.2145017	47.5359929
	16.2142981	47.5356659
	16.2142905	47.5356419
	16.2142729	47.535473
	16.2142423	47.5351195
	16.2141519	47.5348135
	16.214076	47.5347994
	16.2140302	47.534721
	16.213906	47.5346959
	16.213712	47.5346975
	16.2135658	47.5351518
	16.2133717	47.5353357
	16.2132923	47.5354053
	16.2132242	47.5354649
	16.2126223	47.5358948
	16.211919	47.5363273
	16.2116784	47.5364574
	16.211152	47.5368217
	16.2109682	47.5369672
	16.2108649	47.5370676
	16.210203	47.5378985
	16.2101047	47.5380089
	16.2097281	47.5377399
	16.2092083	47.5374486
	16.208958	47.5373472
	16.2080991	47.537158
	16.2077295	47.536991
	16.207029	47.5368238
	16.2064815	47.5366661
	16.205756	47.5365993
	16.2033042	47.5357154
	16.2018538	47.5350112
	16.2008781	47.5346369
	16.2006872	47.5345106
	16.2000343	47.5343786
	16.1996575	47.5343597
	16.1981739	47.5342265
	16.1973664	47.5344608
	16.1965874	47.534525
	16.196091	47.5345068
	16.1959537	47.534487
	16.1956516	47.5345681
	16.1955014	47.5349863
	16.1953241	47.5351848
	16.1949508	47.5353757
	16.1947021	47.5355066
	16.1936762	47.5355522
	16.1932323	47.5356367
	16.1927691	47.5357869
	16.1921111	47.5360466
	16.1913569	47.5364577
	16.1909422	47.5369545
	16.1904322	47.5375086
	16.1900953	47.5373785
	16.1891477	47.537239
	16.1889511	47.5372513
	16.1883469	47.5371408
	16.188278	47.5370374
	16.1879863	47.5372674
	16.1879247	47.5374479
	16.187932	47.5375658
	16.1879928	47.5379969
	16.1882378	47.5382145
	16.1883284	47.5383617
	16.1882778	47.538701
	16.1883682	47.5390115
	16.1883142	47.539443
	16.1881104	47.5396224
	16.1880121	47.5399001
	16.1880121	47.5401359
	16.1877933	47.5404158
	16.1875717	47.5411826
	16.1874154	47.5414869
	16.1876518	47.5422022
	16.1876882	47.5424946
	16.1878083	47.5428508
	16.18771	47.5433324
	16.1874963	47.5433735
	16.1873677	47.5439345
	16.1870787	47.5443122
	16.1868614	47.5446754
	16.1864074	47.5451483
	16.1860387	47.5449598
	16.1853363	47.5442137
	16.1847073	47.5437132
	16.1837869	47.5430875
	16.1832849	47.5426924
	16.1828058	47.5425332
	16.182542	47.542492
	16.1813778	47.542371
	16.1808034	47.5423533
	16.1804437	47.5422089
	16.1802807	47.5422931
	16.1800548	47.5423442
	16.1792968	47.5420026
	16.1777102	47.5411368
	16.1775888	47.5417238
	16.1774665	47.5421794
	16.1773526	47.5427523
	16.1776457	47.5431261
	16.1779504	47.5435438
	16.1783113	47.5440085
	16.1786425	47.544443
	16.1790242	47.5446043
	16.1793053	47.5449106
	16.1794282	47.5452112
	16.17969	47.545602
	16.1799924	47.5460145
	16.1802627	47.546402
	16.180822	47.5470745
	16.1809197	47.5472317
	16.1814045	47.5476286
	16.1816228	47.5479639
	16.1809533	47.5482252
	16.1804533	47.5484657
	16.1795228	47.5490927
	16.178772	47.5496967
	16.1785652	47.5503541
	16.1780873	47.5505068
	16.1775327	47.55058
	16.1770167	47.5495674
	16.176612	47.548425
	16.1764056	47.5479003
	16.1758362	47.5467085
	16.1754868	47.5460918
	16.1750678	47.5450828
	16.1747178	47.5441412
	16.1747267	47.5439338
	16.1741018	47.5441073
	16.1732387	47.5443582
	16.1731732	47.5433214
	16.173184	47.5428313
	16.1731041	47.5423417
	16.1732746	47.5414804
	16.1734674	47.5406827
	16.1737232	47.5401517
	16.1738685	47.5394261
	16.1739046	47.5389814
	16.1740514	47.5385328
	16.1747853	47.5383937
	16.1755208	47.5381578
	16.1761398	47.5378693
	16.1765142	47.5377016
	16.1765965	47.5369208
	16.1768649	47.5361774
	16.177173	47.5356559
	16.1776893	47.5349804
	16.1780326	47.534057
	16.1777701	47.5331469
	16.1777907	47.5328584
	16.1779813	47.532119
	16.1771805	47.5323134
	16.1772023	47.532365
	16.1768603	47.5326035
	16.1766513	47.5323995
	16.1765657	47.5324226
	16.1762932	47.5319918
	16.1762341	47.5318954
	16.1760227	47.5316292
	16.1758923	47.5318362
	16.1758058	47.5319325
	16.175721	47.5320057
	16.175606	47.5320826
	16.1754795	47.5321397
	16.1747772	47.5323651
	16.1741384	47.5325714
	16.1738892	47.5327198
	16.1734131	47.5329075
	16.1730245	47.5329927
	16.1723064	47.5334409
	16.1718998	47.5336929
	16.1716013	47.533924
	16.1714546	47.5339987
	16.1712324	47.5340575
	16.1708018	47.5340353
	16.1705796	47.53403
	16.1704715	47.5340821
	16.1704155	47.5343026
	16.1703582	47.5344487
	16.1702501	47.5345773
	16.1699722	47.5347858
	16.1697797	47.5348564
	16.1696273	47.5349283
	16.1694808	47.5351044
	16.1695501	47.5351594
	16.1699173	47.5353436
	16.1699689	47.5356996
	16.1697637	47.5357779
	16.1695295	47.5358978
	16.1694523	47.5360334
	16.1696992	47.5362434
	16.1696954	47.5363767
	16.1696299	47.5365268
	16.1694515	47.5367426
	16.1693111	47.536872
	16.1695619	47.5370633
	16.1696505	47.5371771
	16.1697588	47.5375568
	16.1694352	47.5376654
	16.1693445	47.5377709
	16.1693522	47.53783
	16.1693258	47.5379933
	16.1691571	47.5381317
	16.1690099	47.538346
	16.1689084	47.5388083
	16.1689203	47.5392772
	16.1690897	47.5396178
	16.1690773	47.5397208
	16.1691592	47.5400713
	16.1692725	47.5403512
	16.1691721	47.5407228
	16.1690511	47.5409156
	16.1691746	47.5411258
	16.1691669	47.5412422
	16.1688426	47.5413743
	16.1686502	47.5416692
	16.1684231	47.541793
	16.1686651	47.5423124
	16.1683835	47.5426146
	16.1682448	47.5429358
	16.1674185	47.5434826
	16.1675369	47.543691
	16.1673799	47.543851
	16.1670778	47.5439542
	16.1669431	47.5445291
	16.1663972	47.5449973
	16.1662443	47.5452626
	16.1659495	47.5454971
	16.1661096	47.5456518
	16.1661307	47.5459675
	16.1660478	47.5464282
	16.1660951	47.5467205
	16.1659313	47.5468925
	16.1657201	47.547289
	16.1659677	47.5474747
	16.1660266	47.5477197
	16.1660187	47.5481724
	16.1663912	47.5488349
	16.1663454	47.5491024
	16.1664447	47.5494034
	16.1665937	47.5497355
	16.1667448	47.5498325
	16.1668064	47.550088
	16.1666829	47.5502538
	16.1667109	47.5505707
	16.1667942	47.5506166
	16.1668855	47.5506548
	16.1669241	47.5509788
	16.1670718	47.5512024
	16.1671134	47.5515489
	16.1672891	47.5515752
	16.167097	47.5519407
	16.1671979	47.5522883
	16.1670174	47.552562
	16.1674944	47.5536732
	16.1682942	47.5543796
	16.1690293	47.5547793
	16.1685546	47.5549598
	16.1678151	47.5550553
	16.167418	47.5549284
	16.1671414	47.5548179
	16.1664198	47.5546315
	16.1660552	47.5547747
	16.1657305	47.5550854
	16.16558	47.5553411
	16.1654995	47.5556298
	16.1656678	47.5562047
	16.1652465	47.5562754
	16.1645828	47.556299
	16.16379	47.556373
	16.1629267	47.5565053
	16.1623034	47.5566775
	16.1620023	47.5566773
	16.1615166	47.5567729
	16.1610848	47.5568512
	16.1609741	47.5568897
	16.1605537	47.5568148
	16.1600218	47.5565842
	16.1593888	47.5563036
	16.1592034	47.5561615
	16.159258	47.5560092
	16.1590979	47.5558937
	16.1586464	47.5557433
	16.1583154	47.5557046
	16.1579887	47.5557392
	16.1575548	47.5556457
	16.1568595	47.5553951
	16.1563594	47.5552349
	16.156208	47.5552453
	16.1560979	47.5553324
	16.1554364	47.5553853
	16.1552544	47.5555572
	16.1544428	47.5555474
	16.1543082	47.5555105
	16.1542281	47.5554319
	16.153886	47.5554958
	16.1537549	47.5555179
	16.153699	47.5555391
	16.1534802	47.5554922
	16.1532332	47.5554835
	16.1529501	47.5555061
	16.152842	47.5555564
	16.1528291	47.5556062
	16.1527133	47.5556763
	16.1522449	47.5557649
	16.152214	47.5558569
	16.1520688	47.5559188
	16.1514248	47.5557296
	16.1512473	47.5555552
	16.1504428	47.5556406
	16.1503173	47.5555651
	16.1501229	47.5555631
	16.149838	47.555647
	16.1495902	47.5557891
	16.1493316	47.555718
	16.1491926	47.5556172
	16.1490408	47.555586
	16.1485155	47.5555709
	16.1479985	47.555612
	16.1476588	47.5556815
	16.1470797	47.555711
	16.1467474	47.5555291
	16.1463102	47.5556624
	16.1461429	47.5558899
	16.145762	47.5558743
	16.1454368	47.5557516
	16.1452627	47.5558204
	16.145044	47.5557944
	16.1448681	47.5557455
	16.1444366	47.5558291
	16.1441771	47.5557776
	16.1437064	47.5559275
	16.1435005	47.5562829
	16.1430557	47.5562679
	16.1428539	47.5563953
	16.142648	47.5565847
	16.1425385	47.5566342
	16.1425233	47.5559189
END
END
