7871529
1
	14.4301403	46.4360969
	14.4303988	46.4357132
	14.4310664	46.4346049
	14.4313311	46.4342089
	14.431843	46.4340555
	14.4328028	46.4338902
	14.4330475	46.4337779
	14.4331211	46.4336169
	14.433964	46.4330573
	14.4341484	46.4327796
	14.43449	46.432113
	14.4344985	46.4320426
	14.4345052	46.4319883
	14.434791	46.4317024
	14.434954	46.431647
	14.4351392	46.4313677
	14.4351331	46.4311964
	14.4358307	46.4309722
	14.43635	46.4310382
	14.436662	46.4309587
	14.4370207	46.430995
	14.4372165	46.4309199
	14.4374401	46.4307879
	14.4377305	46.4308132
	14.4378596	46.4306732
	14.4380556	46.4306417
	14.4382638	46.4304857
	14.4384999	46.4303093
	14.4386817	46.4302289
	14.438906	46.4299148
	14.4392096	46.4297734
	14.4394624	46.4295421
	14.4397561	46.4292828
	14.4403314	46.4288396
	14.4404298	46.4287704
	14.4406005	46.4288117
	14.4406315	46.4286238
	14.4413227	46.4284865
	14.4416652	46.4285471
	14.4417364	46.4284902
	14.4418001	46.428358
	14.4421543	46.4280684
	14.4420361	46.4278927
	14.4421558	46.4276756
	14.4422517	46.4276398
	14.4422007	46.4273746
	14.4420327	46.4267972
	14.4419322	46.426615
	14.4418289	46.4263342
	14.4417086	46.4261173
	14.4414541	46.4255456
	14.4415056	46.4253015
	14.4415585	46.4251811
	14.4417757	46.4244709
	14.4416986	46.4242778
	14.4418728	46.4239968
	14.4418315	46.4238209
	14.4422648	46.4236888
	14.4423677	46.4236698
	14.4423378	46.4233848
	14.4426783	46.4233112
	14.4426317	46.4230613
	14.4432605	46.4228826
	14.443493	46.4226377
	14.44373	46.4225736
	14.4446064	46.4223793
	14.4452296	46.4222411
	14.4455615	46.4221573
	14.445674	46.4219566
	14.4467623	46.4215938
	14.4475496	46.421682
	14.4478328	46.4217914
	14.4480909	46.4218912
	14.4486656	46.4221875
	14.4501181	46.4222566
	14.4507138	46.4223875
	14.4514979	46.4224682
	14.4518356	46.4224041
	14.4520399	46.4223505
	14.4521099	46.422338
	14.4523338	46.4221869
	14.4532784	46.4217667
	14.4542536	46.4214699
	14.4557033	46.4215155
	14.4561637	46.4214112
	14.456497	46.421411
	14.4569292	46.4211815
	14.4574439	46.421116
	14.457858	46.4210676
	14.4580974	46.4211923
	14.4585183	46.4212311
	14.4588216	46.4212385
	14.4594306	46.4212761
	14.4610242	46.4213839
	14.4621439	46.421704
	14.4624081	46.421636
	14.4631565	46.4218126
	14.4638117	46.4219475
	14.4644035	46.4220401
	14.4650717	46.4220765
	14.4658308	46.4219054
	14.4667505	46.4219732
	14.4672114	46.4218728
	14.4674311	46.4216925
	14.4673767	46.4215716
	14.4678055	46.4212788
	14.4684816	46.4211674
	14.4689312	46.4212251
	14.468884	46.4209819
	14.4700121	46.4208837
	14.470966	46.4208145
	14.4717663	46.4206421
	14.4724033	46.4202584
	14.4732054	46.4198587
	14.4734322	46.419668
	14.4737397	46.4196141
	14.4747061	46.4196218
	14.4753984	46.4196286
	14.4759398	46.4198954
	14.4764295	46.4198099
	14.4767405	46.4193718
	14.4769584	46.41927
	14.4771985	46.418913
	14.477455	46.4188303
	14.4778997	46.4186088
	14.4782524	46.4176875
	14.4780826	46.4176566
	14.4779463	46.4174284
	14.4780329	46.4171615
	14.4779268	46.4169979
	14.4781788	46.4161275
	14.4780569	46.415935
	14.4780313	46.4153595
	14.4783375	46.4148419
	14.4781756	46.4145166
	14.4783216	46.4138861
	14.4785185	46.4137228
	14.4788124	46.4134938
	14.4793942	46.4134161
	14.480177	46.413708
	14.4804672	46.4136535
	14.4807049	46.4137654
	14.4815799	46.4138469
	14.481895	46.4141501
	14.4820422	46.4141592
	14.482392	46.4142978
	14.4831414	46.4147636
	14.4839336	46.4149483
	14.4844444	46.4154337
	14.4852743	46.4149735
	14.4857141	46.4147312
	14.4865232	46.4146167
	14.4881442	46.4140976
	14.488592	46.4138916
	14.4890278	46.4137781
	14.4894719	46.4137196
	14.4902889	46.4134414
	14.4914953	46.413214
	14.4922126	46.412924
	14.4923801	46.4131692
	14.4926545	46.4134064
	14.4930023	46.4137656
	14.4934201	46.4140042
	14.4937797	46.4143603
	14.4939069	46.4143611
	14.4939396	46.4144987
	14.4941629	46.4146609
	14.4940661	46.4149385
	14.4940401	46.4152688
	14.4944157	46.4156592
	14.4950568	46.4165326
	14.4953885	46.4169496
	14.4957914	46.4172682
	14.4958123	46.4173207
	14.4965171	46.4179606
	14.4975424	46.4188615
	14.4987561	46.4196134
	14.5001224	46.4200903
	14.5008012	46.4201239
	14.5019143	46.4202678
	14.5026171	46.4202975
	14.5027207	46.4207184
	14.5026867	46.4211712
	14.5026728	46.4221745
	14.5027464	46.4222317
	14.5028337	46.4223694
	14.5031868	46.4229269
	14.5038625	46.4232663
	14.5046798	46.4235517
	14.5051452	46.4237362
	14.5053715	46.424071
	14.5055557	46.4242165
	14.5062062	46.4243875
	14.5071246	46.4248294
	14.5082854	46.4253234
	14.5086288	46.4255103
	14.509562	46.4256874
	14.5100796	46.4259495
	14.5113099	46.4261803
	14.5124301	46.4262663
	14.5136445	46.4262449
	14.5145252	46.4264212
	14.5154684	46.4264198
	14.5165603	46.4261811
	14.5172237	46.4264531
	14.5174364	46.4265101
	14.517677	46.4264684
	14.5188974	46.4266735
	14.5193699	46.4269251
	14.5195876	46.4268709
	14.5200592	46.4270623
	14.520349	46.4270094
	14.5209799	46.4271495
	14.5212822	46.4270919
	14.5217621	46.4272596
	14.521994	46.4268516
	14.5219576	46.4263175
	14.5220771	46.4258818
	14.522242	46.425348
	14.5222564	46.4252258
	14.5222715	46.4250982
	14.5222295	46.4246327
	14.5217978	46.4244112
	14.5221183	46.4238201
	14.5224329	46.4235146
	14.5229705	46.4230154
	14.5233781	46.4227751
	14.5238302	46.4222947
	14.5242545	46.4219955
	14.5247335	46.4216689
	14.5252262	46.4213329
	14.5254902	46.4207817
	14.5256514	46.4205442
	14.5263244	46.4199706
	14.5267332	46.4197277
	14.5270133	46.4192236
	14.5270979	46.4190737
	14.5271103	46.4190686
	14.5273843	46.4189573
	14.5276651	46.4186709
	14.5283036	46.4181913
	14.5289622	46.4179373
	14.5291345	46.4179771
	14.5294868	46.4175957
	14.5296002	46.4173877
	14.5295665	46.4170552
	14.5297686	46.4167457
	14.5302537	46.4167998
	14.5310757	46.4161244
	14.5317777	46.4155231
	14.5319396	46.4153456
	14.532058	46.4146097
	14.5337398	46.4145182
	14.5345825	46.4144086
	14.5351524	46.4144451
	14.5361491	46.4142482
	14.537065	46.4137093
	14.5377288	46.4133188
	14.5382421	46.4129529
	14.5387578	46.41261
	14.5389898	46.4123653
	14.5398729	46.4115908
	14.5400457	46.411161
	14.540152	46.4104613
	14.5401338	46.4102248
	14.540196	46.4099375
	14.5403754	46.4096888
	14.5404571	46.4093931
	14.5406395	46.4088252
	14.5407526	46.4081951
	14.5407865	46.4079813
	14.5408311	46.4076503
	14.5408474	46.4072927
	14.54098	46.4068234
	14.540715	46.4065775
	14.5405813	46.4064428
	14.5404829	46.4063436
	14.5407547	46.4060297
	14.5409727	46.4057671
	14.5411176	46.4056121
	14.5416449	46.4048346
	14.541836	46.4043531
	14.5417787	46.4042719
	14.5419012	46.4041778
	14.5421395	46.4036235
	14.5428405	46.4031448
	14.5431385	46.4029426
	14.5436516	46.4024936
	14.5440369	46.4021518
	14.5443689	46.401729
	14.5446978	46.4014366
	14.544844	46.4013723
	14.5453454	46.4009679
	14.5455337	46.4007202
	14.5459907	46.400556
	14.5462088	46.4004547
	14.5465479	46.4001785
	14.5466404	46.3999284
	14.5468182	46.3996432
	14.5471472	46.3993585
	14.5474176	46.3991382
	14.5476217	46.3991101
	14.5479039	46.3989536
	14.5477712	46.3986266
	14.5474618	46.3980876
	14.5480951	46.3979041
	14.548994	46.3974556
	14.5494759	46.3971278
	14.5502744	46.3965489
	14.5506753	46.3960655
	14.5512127	46.3952753
	14.5514461	46.3949864
	14.55168	46.3942867
	14.5521237	46.3936348
	14.5527297	46.393178
	14.5530496	46.3927971
	14.5532695	46.3922141
	14.553589	46.3917201
	14.5536889	46.3915699
	14.5535524	46.3910997
	14.553568	46.3908145
	14.5535953	46.39072
	14.5538816	46.3905126
	14.5540432	46.3901172
	14.5542775	46.3893553
	14.554264	46.3889984
	14.5542503	46.3886676
	14.5544527	46.3882078
	14.5546056	46.3877928
	14.5549601	46.3874056
	14.5549463	46.3872321
	14.5552535	46.3869144
	14.5553219	46.3866153
	14.5555049	46.3864367
	14.555806	46.3864379
	14.5558481	46.3864208
	14.5561551	46.3861117
	14.5560553	46.3858827
	14.5561652	46.3857115
	14.5562583	46.3855664
	14.5564312	46.3855869
	14.5565437	46.3854788
	14.556705	46.3852993
	14.5568131	46.3851588
	14.5567679	46.3850124
	14.5566978	46.3848111
	14.5566511	46.3846771
	14.5565937	46.3844051
	14.5565439	46.3842008
	14.5567103	46.3840221
	14.5568854	46.383846
	14.5568175	46.3837058
	14.5564482	46.3833863
	14.5561664	46.3833199
	14.5560276	46.3832872
	14.5559801	46.383213
	14.5560585	46.3830526
	14.5561661	46.3828324
	14.556295	46.3826267
	14.5563725	46.3825031
	14.5564502	46.3823572
	14.5565979	46.3820797
	14.5567121	46.381841
	14.5568268	46.3816014
	14.5567408	46.3809471
	14.5567455	46.3807459
	14.5566616	46.3804268
	14.556635	46.3802517
	14.5565164	46.3799082
	14.5564855	46.3796111
	14.556148	46.3794586
	14.5559588	46.3793731
	14.5559382	46.378639
	14.5562968	46.3784428
	14.5565375	46.3782444
	14.5566859	46.3781222
	14.5567545	46.3780477
	14.5569278	46.3778596
	14.5573128	46.3775634
	14.5572868	46.3773352
	14.5570725	46.3771675
	14.5568556	46.3770017
	14.5567649	46.3769144
	14.556885	46.3765447
	14.5571593	46.3764423
	14.5574225	46.3764222
	14.5578763	46.3761079
	14.5579076	46.3759276
	14.5583799	46.3751552
	14.5591989	46.3750664
	14.5595198	46.3750728
	14.5600814	46.3745199
	14.5605397	46.3745329
	14.5609507	46.3746346
	14.5610737	46.3742824
	14.5611766	46.3739128
	14.5612769	46.3737747
	14.5612752	46.3737464
	14.5617353	46.3732887
	14.5617807	46.3732892
	14.5619896	46.3732902
	14.5622013	46.3730946
	14.5624828	46.3729889
	14.5626179	46.3728633
	14.5628359	46.3726374
	14.5629619	46.3725
	14.5634891	46.3722761
	14.5638609	46.3723572
	14.5640985	46.3723302
	14.564545	46.3724087
	14.565175	46.3724536
	14.5651405	46.3730113
	14.5650792	46.3739333
	14.5655101	46.3747574
	14.5657948	46.3748162
	14.5659566	46.3748462
	14.5660173	46.3748976
	14.5660671	46.3749434
	14.5661441	46.3750258
	14.5662974	46.3750224
	14.5678091	46.3753107
	14.56784	46.3753202
	14.5682668	46.375492
	14.5683901	46.3755505
	14.5688377	46.3756722
	14.5690279	46.3757895
	14.5694442	46.3757003
	14.5697496	46.3758113
	14.5700812	46.3756024
	14.5714383	46.3756441
	14.5719816	46.375749
	14.573187	46.3756101
	14.5741222	46.3759474
	14.5743082	46.3760119
	14.5746999	46.3758282
	14.5753424	46.3759662
	14.5754645	46.375993
	14.5762809	46.3761673
	14.5770092	46.3766965
	14.5771772	46.3767455
	14.5773526	46.3767966
	14.5778433	46.3769327
	14.5781945	46.3771019
	14.5783215	46.3771633
	14.5783521	46.3771943
	14.5785307	46.3774723
	14.5787492	46.3778138
	14.5788501	46.3782858
	14.5789217	46.3786342
	14.5789568	46.37885
	14.5809485	46.3804634
	14.5809762	46.3804969
	14.5812955	46.3810395
	14.5816579	46.3816985
	14.5815673	46.3821741
	14.5811534	46.3822952
	14.579911	46.3826556
	14.5798642	46.38267
	14.5796338	46.3827019
	14.5793825	46.38274
	14.5791137	46.3828883
	14.5788435	46.3830399
	14.5785676	46.3831765
	14.5786757	46.3838403
	14.5786832	46.3839044
	14.5786888	46.3839569
	14.5788115	46.3843408
	14.5791082	46.3847032
	14.5793139	46.3849579
	14.5793967	46.385048
	14.5802084	46.3859299
	14.5810649	46.3863545
	14.5812343	46.386447
	14.5818449	46.3867514
	14.5827043	46.3874531
	14.5827768	46.3875646
	14.5828926	46.3877562
	14.583794	46.3883459
	14.5839538	46.3893907
	14.5839906	46.3896323
	14.5842065	46.3899531
	14.5846346	46.3901947
	14.5846174	46.3904611
	14.5846045	46.3905242
	14.5846055	46.3905246
	14.5846405	46.3905568
	14.5855133	46.3915604
	14.5858891	46.3919912
	14.5858609	46.3920948
	14.586135	46.3922513
	14.5860579	46.3923372
	14.5857179	46.3926847
	14.5861844	46.3936352
	14.5863782	46.3940424
	14.5866339	46.3945797
	14.5868445	46.3947875
	14.5869625	46.3950663
	14.5873702	46.3953199
	14.5874096	46.3953444
	14.5875209	46.3957577
	14.5875341	46.3958068
	14.5875004	46.3964997
	14.5870931	46.3967181
	14.5872162	46.3968072
	14.5873479	46.3968966
	14.5870876	46.3972356
	14.5867664	46.3977248
	14.5866761	46.3978566
	14.5871142	46.3982696
	14.5870748	46.3986204
	14.5870367	46.3989594
	14.5869602	46.4000778
	14.587092	46.4001665
	14.5872116	46.4005528
	14.5872058	46.4007252
	14.5869717	46.4011625
	14.5868297	46.4013945
	14.586786	46.4014711
	14.5867741	46.4019755
	14.5868589	46.4025347
	14.5868812	46.4026816
	14.5867797	46.4036019
	14.5865632	46.4042024
	14.5867923	46.4043182
	14.5872336	46.4046982
	14.5877036	46.4052254
	14.5880982	46.4054291
	14.5883156	46.4056497
	14.58832	46.4063596
	14.5884605	46.4070708
	14.58839	46.4074109
	14.5884528	46.4081008
	14.5886972	46.4089138
	14.5889413	46.4093653
	14.5893862	46.4095919
	14.5892081	46.409983
	14.5893816	46.4102717
	14.5890865	46.410407
	14.5891057	46.4105404
	14.588889	46.4105524
	14.5884181	46.4113621
	14.5884899	46.4117244
	14.5884692	46.4117877
	14.5884337	46.4118965
	14.5884724	46.4120469
	14.5883852	46.4124333
	14.5884881	46.413238
	14.5884939	46.4139038
	14.588649	46.4143849
	14.587994	46.414797
	14.5873043	46.4147492
	14.5862267	46.4149568
	14.5858353	46.4150426
	14.5848219	46.4152759
	14.5841697	46.4156022
	14.5839009	46.4157965
	14.583266	46.4158595
	14.58274	46.4166617
	14.5824862	46.417691
	14.5825389	46.4181346
	14.5827722	46.4181567
	14.5829448	46.4181829
	14.5831619	46.418266
	14.5832887	46.4183289
	14.5833736	46.4184494
	14.5835989	46.4185625
	14.5837336	46.4188592
	14.5838018	46.4190426
	14.5838567	46.4192752
	14.5838726	46.4195868
	14.5839912	46.4198738
	14.5840275	46.4200486
	14.5840826	46.4203665
	14.5841354	46.4205837
	14.5842043	46.420768
	14.5843047	46.421221
	14.584307	46.4214426
	14.584267	46.4215974
	14.5841797	46.4219821
	14.5841852	46.4222753
	14.5842122	46.4230392
	14.5842717	46.4233746
	14.5843417	46.4235876
	14.5843505	46.4238152
	14.5844144	46.4240643
	14.5845486	46.424264
	14.5848768	46.4246354
	14.5851962	46.4251176
	14.585223	46.4251442
	14.5853149	46.4253553
	14.5854557	46.4256815
	14.5856935	46.4261179
	14.585916	46.4267851
	14.5861745	46.4271625
	14.5862952	46.4272829
	14.5864527	46.427694
	14.5866738	46.4279578
	14.5867039	46.4281067
	14.5866872	46.4283062
	14.5865934	46.4285977
	14.586361	46.4292883
	14.5863289	46.4295811
	14.5864251	46.4297466
	14.5866418	46.4299474
	14.5872766	46.4302829
	14.5877323	46.4303576
	14.5881601	46.4302753
	14.5887178	46.4303215
	14.5888683	46.4303674
	14.5889924	46.4304533
	14.589757	46.4306431
	14.5898911	46.4307806
	14.5902702	46.4307836
	14.5903996	46.4308307
	14.5905313	46.4309026
	14.5907084	46.4309448
	14.591146	46.4310664
	14.5915613	46.4312493
	14.5916257	46.4312384
	14.5918417	46.4313067
	14.5922279	46.4315553
	14.5927953	46.4318383
	14.5929416	46.4319239
	14.5930052	46.4319969
	14.5931571	46.4320768
	14.5933473	46.4321558
	14.5934943	46.432234
	14.5939047	46.4325876
	14.5941433	46.4327303
	14.594792	46.4329198
	14.5954048	46.4332177
	14.5958548	46.4335928
	14.5962796	46.4340179
	14.5963331	46.4341113
	14.5963973	46.4345269
	14.5963784	46.4347395
	14.5963181	46.4353335
	14.5961844	46.4358432
	14.5961365	46.4359624
	14.5961476	46.4361587
	14.5960969	46.4364062
	14.5959725	46.4368202
	14.5963159	46.4368347
	14.5967743	46.4367397
	14.5976639	46.4367448
	14.5982179	46.4369028
	14.5992596	46.4367352
	14.5995998	46.4369084
	14.600107	46.4369292
	14.6007509	46.4368417
	14.60112	46.4368516
	14.6022864	46.4369095
	14.6029455	46.436795
	14.6036582	46.4369575
	14.6040297	46.436898
	14.6040557	46.436885
	14.6047014	46.4369415
	14.6047954	46.4373827
	14.604891	46.4376105
	14.6051943	46.4379111
	14.6057408	46.4383012
	14.6058172	46.4383482
	14.6064568	46.4386831
	14.6074472	46.4390801
	14.607559	46.4391175
	14.6083518	46.4392805
	14.6093124	46.4394407
	14.6095897	46.4394665
	14.6108047	46.4395237
	14.6113725	46.4395722
	14.611754	46.439648
	14.6118696	46.4396715
	14.6125542	46.4396691
	14.6125689	46.4397268
	14.6130904	46.4397841
	14.6136524	46.4397756
	14.6139922	46.439821
	14.6143966	46.4398418
	14.6153989	46.4399347
	14.6158998	46.439716
	14.6160832	46.4396822
	14.6162882	46.439579
	14.6165624	46.4392532
	14.6171645	46.4392989
	14.6178168	46.4391541
	14.6178231	46.4389388
	14.6182264	46.4389525
	14.6189797	46.4389662
	14.6197875	46.438876
	14.6203705	46.4388453
	14.6210671	46.4388288
	14.6221827	46.4386921
	14.6230041	46.4388217
	14.6235914	46.4389299
	14.6246688	46.4392786
	14.6257272	46.4393305
	14.6260344	46.4393537
	14.6267989	46.4394426
	14.6277378	46.4392484
	14.628342	46.4393022
	14.6284217	46.4393192
	14.6289688	46.4394005
	14.6293723	46.4394701
	14.6298488	46.439504
	14.6303593	46.4395074
	14.6309605	46.4394743
	14.6314596	46.4394795
	14.6314808	46.4394802
	14.6322451	46.4396685
	14.6331119	46.4400191
	14.6335275	46.4401809
	14.6339822	46.4403002
	14.6348861	46.4405326
	14.6354595	46.4406531
	14.6360004	46.4408488
	14.6365228	46.4410025
	14.637086	46.4411362
	14.6371478	46.4413181
	14.6375857	46.4416045
	14.6382099	46.4417978
	14.6388578	46.4420865
	14.6388475	46.4421092
	14.6395416	46.4424601
	14.6405249	46.4428923
	14.6408545	46.4430091
	14.6416079	46.4429337
	14.6420799	46.4429361
	14.6425677	46.4428702
	14.6430018	46.4427975
	14.6435381	46.4427865
	14.6439618	46.4428269
	14.6439247	46.4429793
	14.6443476	46.4433649
	14.6451984	46.4435247
	14.6460977	46.4435958
	14.6465437	46.4436719
	14.6467833	46.4438113
	14.6471208	46.4439958
	14.6477226	46.4441822
	14.6482837	46.4442529
	14.6491054	46.4443173
	14.6496483	46.4444696
	14.6504108	46.4446265
	14.6510281	46.4447488
	14.6516629	46.4448221
	14.6523803	46.4449886
	14.6530142	46.4448577
	14.6534804	46.4448459
	14.6537845	46.444746
	14.6544223	46.4445451
	14.6553171	46.444213
	14.6555713	46.4442649
	14.6556108	46.4442762
	14.6559373	46.4443769
	14.6561473	46.4443858
	14.6567247	46.4444858
	14.6573962	46.4444789
	14.6581322	46.4445888
	14.6585447	46.4446167
	14.6587605	46.4444097
	14.6591821	46.4444459
	14.6596559	46.4444962
	14.6605692	46.4447954
	14.6610065	46.4450137
	14.6612491	46.4452128
	14.6615105	46.4454062
	14.6620524	46.4457881
	14.6626897	46.4460685
	14.6629511	46.4460584
	14.6631742	46.4461944
	14.6633972	46.4464314
	14.6636903	46.4469064
	14.6637961	46.4471098
	14.6640119	46.4475247
	14.6643084	46.4480737
	14.6646812	46.4486764
	14.6649944	46.448917
	14.6657409	46.4494738
	14.6666168	46.4499561
	14.6670553	46.4500014
	14.6673279	46.4498675
	14.6685016	46.4500373
	14.6699578	46.4506438
	14.6706522	46.450636
	14.6710203	46.4510654
	14.6711815	46.4509658
	14.6719694	46.450805
	14.6735925	46.4507321
	14.6747946	46.4506781
	14.6750702	46.4518269
	14.6763001	46.4536663
	14.6761496	46.4542313
	14.6767315	46.4549891
	14.6769745	46.4551959
	14.677296	46.4555085
	14.6776848	46.4557105
	14.6778541	46.4559893
	14.6777076	46.4563758
	14.6780717	46.4569048
	14.6787006	46.4572775
	14.6788693	46.4575874
	14.6791205	46.4577046
	14.679299	46.4578126
	14.6792297	46.4579824
	14.6790031	46.4581749
	14.6787148	46.4584291
	14.6781665	46.4588832
	14.6777712	46.4592208
	14.6775103	46.4594787
	14.6771482	46.4598272
	14.6768699	46.4599788
	14.6767973	46.4601219
	14.6763017	46.4604608
	14.6762228	46.4606924
	14.6760239	46.4610699
	14.6757463	46.461463
	14.6756916	46.4615782
	14.6756421	46.461805
	14.6756932	46.4618607
	14.676752	46.462357
	14.6769911	46.4622819
	14.6773532	46.4622784
	14.6780722	46.4624111
	14.6782605	46.4624696
	14.6783099	46.4625197
	14.6786295	46.4627056
	14.6789411	46.4630978
	14.6790569	46.463332
	14.6793189	46.4637919
	14.6795076	46.4640115
	14.679675	46.464266
	14.6798019	46.4644301
	14.6800491	46.4647997
	14.6802258	46.4650416
	14.6803171	46.4651676
	14.6804683	46.4653902
	14.6806584	46.4656133
	14.6809305	46.4659009
	14.681159	46.4661356
	14.6814565	46.4664148
	14.6817461	46.4666534
	14.6821977	46.4670483
	14.6825798	46.4673329
	14.6827922	46.467499
	14.6829728	46.4676459
	14.6832025	46.4678935
	14.6835567	46.4675607
	14.6838863	46.4672462
	14.6842096	46.4669098
	14.6846159	46.4666349
	14.6851375	46.4662623
	14.6856207	46.4659576
	14.68603	46.4657279
	14.6865664	46.4654406
	14.6869203	46.4653005
	14.6873839	46.4651142
	14.6880092	46.4648976
	14.6887425	46.464611
	14.689345	46.4644129
	14.6898904	46.4643156
	14.690346	46.4642657
	14.6910399	46.4641989
	14.6916571	46.4641143
	14.6921509	46.4640119
	14.6926723	46.4638481
	14.6929824	46.4638113
	14.6933144	46.4638315
	14.6937541	46.4638378
	14.694219	46.4638218
	14.6944969	46.4638389
	14.694631	46.4638714
	14.6952753	46.4641474
	14.6955809	46.4642953
	14.6960798	46.4644323
	14.6964699	46.4644691
	14.696776	46.4644608
	14.6971782	46.4644596
	14.6975831	46.4644884
	14.6978621	46.4644361
	14.6980809	46.4644005
	14.6982847	46.4642106
	14.6983835	46.4640472
	14.6985893	46.4639155
	14.698898	46.4636833
	14.6990509	46.4636098
	14.6991397	46.4636364
	14.6992701	46.4636357
	14.6993946	46.4636876
	14.699538	46.4640265
	14.6996121	46.4641586
	14.6997456	46.4643629
	14.6998537	46.4645008
	14.7001192	46.4647651
	14.7004017	46.4650239
	14.7006666	46.4651911
	14.7009357	46.4654229
	14.7010424	46.4655101
	14.700939	46.465639
	14.7008809	46.4658132
	14.7008816	46.4659684
	14.7008847	46.4662063
	14.7012057	46.4664453
	14.701585	46.4666418
	14.701996	46.4668368
	14.7022393	46.4669499
	14.7023782	46.4673174
	14.702118	46.4675899
	14.7019046	46.4678296
	14.7016032	46.4681736
	14.7014368	46.4684209
	14.7012056	46.4688177
	14.7011411	46.4690092
	14.7010787	46.469209
	14.7010477	46.4694474
	14.7009736	46.4697902
	14.7010334	46.4700145
	14.7011708	46.4703057
	14.7013634	46.4705873
	14.7014998	46.4707957
	14.7015253	46.4709234
	14.7014991	46.4710553
	14.7012984	46.4713487
	14.7011434	46.4716258
	14.7007933	46.4720192
	14.7005771	46.472099
	14.6999371	46.4721365
	14.6997329	46.472163
	14.6995885	46.4722228
	14.6994309	46.4723604
	14.6991304	46.4726203
	14.6986868	46.4731509
	14.6982351	46.4736145
	14.6979622	46.473925
	14.6977101	46.4742944
	14.6975687	46.4744814
	14.6978901	46.4746482
	14.698203	46.4750052
	14.6985433	46.4753806
	14.6988102	46.4756291
	14.6989499	46.4758214
	14.6992428	46.4760481
	14.6994125	46.4761183
	14.6997002	46.4762235
	14.699774	46.4763078
	14.6999986	46.4767418
	14.7002627	46.477093
	14.7005515	46.4773903
	14.7010491	46.4778037
	14.7013871	46.4781531
	14.7015465	46.4785634
	14.7018141	46.4790339
	14.7019578	46.4793078
	14.702177	46.4799827
	14.7021736	46.4802063
	14.7021256	46.4804233
	14.7023818	46.4804067
	14.7024917	46.4803806
	14.7026352	46.4803104
	14.7029357	46.4803216
	14.7032428	46.4803078
	14.7040294	46.4801957
	14.704495	46.4801664
	14.7048804	46.4802098
	14.7051789	46.4802391
	14.7056909	46.4802782
	14.7059974	46.4803058
	14.7067006	46.4804094
	14.7073528	46.4805508
	14.7078287	46.4806333
	14.7083661	46.4806329
	14.7088599	46.4806971
	14.7092395	46.480862
	14.7091863	46.4809578
	14.7092553	46.4812621
	14.7093744	46.4815689
	14.7094125	46.4818604
	14.7094843	46.4820306
	14.7094862	46.4822509
	14.7095912	46.4829124
	14.7096414	46.4833231
	14.7098099	46.4837424
	14.709811	46.4840646
	14.7099935	46.4844295
	14.7103724	46.4848636
	14.7106217	46.4853672
	14.7105919	46.4855866
	14.7105946	46.4856141
	14.7106292	46.4857676
	14.7108215	46.4860365
	14.710968	46.4864334
	14.711163	46.4869185
	14.7112945	46.4872588
	14.7113653	46.4877511
	14.7115018	46.4883359
	14.7115673	46.4886356
	14.7117217	46.4893859
	14.7116557	46.4900986
	14.7117225	46.4906585
	14.7117802	46.491334
	14.711687	46.491675
	14.7115464	46.4919331
	14.7112699	46.4921964
	14.7105899	46.4926555
	14.7111096	46.4928549
	14.7114572	46.4930451
	14.7118218	46.49343
	14.7122952	46.4940402
	14.7127103	46.4945497
	14.7132787	46.4949288
	14.7133744	46.4952859
	14.7134752	46.4956311
	14.7136402	46.4961261
	14.7137644	46.496567
	14.7138767	46.4969299
	14.7140226	46.4974572
	14.7141291	46.4978975
	14.7142507	46.4983727
	14.7143595	46.4988099
	14.7145284	46.4993076
	14.7147636	46.4999596
	14.7154582	46.4997662
	14.7158428	46.4996273
	14.7165078	46.4994549
	14.7169558	46.4993668
	14.7174227	46.4991854
	14.7177203	46.499194
	14.7180984	46.4990071
	14.7183861	46.4987893
	14.718788	46.4988553
	14.7192796	46.4987943
	14.7195541	46.498828
	14.7197203	46.4986109
	14.7197647	46.4986151
	14.7204214	46.4983686
	14.7205485	46.4983997
	14.7212187	46.498266
	14.7213659	46.4982772
	14.7218713	46.4982403
	14.7219551	46.4981374
	14.721954	46.4980771
	14.7224912	46.4977513
	14.7229229	46.4971937
	14.723037	46.497113
	14.7232263	46.4968658
	14.7235331	46.4964787
	14.7238022	46.4960698
	14.7239011	46.4959631
	14.7240298	46.4957301
	14.7245886	46.495197
	14.7248049	46.4947512
	14.7249745	46.4944393
	14.725324	46.4941845
	14.7255976	46.4938853
	14.7269833	46.4932626
	14.7273204	46.4930589
	14.727425	46.4929666
	14.727732	46.4927918
	14.7277805	46.4927006
	14.7280745	46.4923062
	14.7281088	46.4922496
	14.7281315	46.4921142
	14.7280567	46.4918446
	14.7280382	46.491553
	14.7279133	46.491308
	14.7278878	46.4912375
	14.7278946	46.4910786
	14.7281474	46.4905348
	14.7282418	46.4904313
	14.7284024	46.4903281
	14.7284262	46.490353
	14.7284341	46.4904537
	14.7284458	46.4905378
	14.7285024	46.4907038
	14.7285453	46.490836
	14.7286001	46.491022
	14.728962	46.4913497
	14.7290695	46.4913674
	14.7292116	46.491365
	14.7295111	46.4914832
	14.7296846	46.4916134
	14.7297744	46.4916634
	14.7298039	46.4917603
	14.7298074	46.4918611
	14.729887	46.491947
	14.7299947	46.4920218
	14.7302641	46.4921662
	14.730567	46.4923891
	14.7308711	46.4928041
	14.7308246	46.4928334
	14.7306153	46.492965
	14.7305866	46.4932007
	14.7308355	46.4936731
	14.7310007	46.4939119
	14.7316144	46.4943875
	14.7324766	46.4949996
	14.7327535	46.4953688
	14.7331089	46.49569
	14.7340575	46.4962314
	14.7343495	46.4966494
	14.7346479	46.4969744
	14.7347823	46.4971226
	14.7351473	46.4975236
	14.7354937	46.4980076
	14.7359124	46.4986509
	14.736277	46.4991063
	14.7364598	46.4998145
	14.7366629	46.5005228
	14.7369175	46.5009571
	14.7369213	46.5014713
	14.7368278	46.5017861
	14.7371557	46.5020859
	14.737364	46.502348
	14.7375845	46.5027185
	14.7376885	46.5031228
	14.7380259	46.5033798
	14.7390421	46.5038915
	14.7394732	46.5041983
	14.7400207	46.5047201
	14.7407961	46.5050299
	14.7412975	46.5052062
	14.7414091	46.5050912
	14.7416107	46.5048891
	14.7428271	46.5040964
	14.7432266	46.5038262
	14.7434611	46.5036644
	14.7437422	46.5034932
	14.7445891	46.5033363
	14.7451367	46.5032426
	14.7455127	46.5026894
	14.7459274	46.5021326
	14.7460618	46.5018474
	14.7461194	46.5010709
	14.7465084	46.5009112
	14.7469279	46.500828
	14.7472815	46.5007758
	14.7472021	46.5004794
	14.7471764	46.4996158
	14.747098	46.4991007
	14.7472044	46.4990341
	14.7473942	46.4987259
	14.7475626	46.4984903
	14.7478293	46.4981469
	14.7483348	46.4975993
	14.7489818	46.4980709
	14.7495987	46.498553
	14.7501347	46.4989389
	14.7506877	46.4993353
	14.7525865	46.5004693
	14.7530198	46.5007397
	14.7536548	46.5010235
	14.7554608	46.5018832
	14.756303	46.5025201
	14.7571581	46.5030123
	14.7588091	46.5041016
	14.7589286	46.5042296
	14.7590332	46.5043415
	14.759093	46.5044433
	14.7587951	46.5048314
	14.7583316	46.5050912
	14.7578478	46.5051853
	14.7565054	46.5058164
	14.7554112	46.5060587
	14.7545728	46.5072459
	14.7542866	46.507239
	14.752934	46.5083058
	14.7520577	46.5084662
	14.7516676	46.5089683
	14.7509457	46.5099201
	14.7498794	46.5110479
	14.7493677	46.5114924
	14.7480076	46.5132321
	14.7473642	46.5134552
	14.7466652	46.5131623
	14.7453025	46.5139258
	14.7448795	46.5147503
	14.7444464	46.5149838
	14.7444996	46.5155974
	14.7436986	46.5160669
	14.7396556	46.5159492
	14.7324236	46.5157296
	14.7326636	46.5152801
	14.7329556	46.5149702
	14.7319981	46.5140218
	14.731857	46.513288
	14.7315428	46.5130019
	14.7307783	46.5123089
	14.730954	46.5116466
	14.7311544	46.5104887
	14.7320995	46.5089511
	14.732337	46.508212
	14.7322356	46.5075121
	14.7300459	46.5076109
	14.7255875	46.5076858
	14.724719	46.5077471
	14.723722	46.5080383
	14.7232741	46.5079753
	14.7223117	46.5076909
	14.7215694	46.5072039
	14.7201814	46.5070149
	14.7197831	46.5071648
	14.7191744	46.5072908
	14.7170046	46.5073129
	14.7161287	46.5073265
	14.7145824	46.5080656
	14.7133131	46.5083108
	14.7131968	46.5083704
	14.713036	46.5083789
	14.7127985	46.5083431
	14.7122764	46.5084351
	14.7118237	46.5088336
	14.7113165	46.5091316
	14.7106633	46.5092661
	14.7094312	46.5092797
	14.709347	46.5089085
	14.7082782	46.5087978
	14.707766	46.5085832
	14.7069916	46.50835
	14.7067096	46.5083483
	14.7060193	46.508195
	14.7052993	46.5082291
	14.7040185	46.5084438
	14.7034167	46.5086634
	14.7032645	46.5087382
	14.7028947	46.5087499
	14.7025878	46.5087914
	14.7018579	46.5089212
	14.7011933	46.5090543
	14.7008887	46.5091807
	14.7007413	46.5094219
	14.7006108	46.5095183
	14.7001057	46.5096032
	14.7000162	46.5097179
	14.7004319	46.5100124
	14.7007824	46.5102984
	14.7007727	46.51035
	14.7006229	46.5105579
	14.7003401	46.5105895
	14.6999075	46.5106062
	14.6996803	46.510671
	14.6997311	46.51119
	14.6995087	46.5114594
	14.6989915	46.5113314
	14.6987837	46.5115526
	14.6984574	46.5115692
	14.6978387	46.5116757
	14.6976502	46.5118353
	14.6976091	46.5122196
	14.6970024	46.5122744
	14.696043	46.5126986
	14.694994	46.5125007
	14.6938243	46.5121015
	14.6916201	46.512968
	14.6905108	46.5135053
	14.6900033	46.5140175
	14.6895343	46.5144894
	14.6870885	46.5142554
	14.6858946	46.5141389
	14.6845315	46.5135568
	14.6831708	46.512973
	14.6823322	46.5139344
	14.6816966	46.5149822
	14.6815298	46.5150936
	14.681015	46.515566
	14.6793474	46.5156208
	14.6772683	46.5164248
	14.6772489	46.5163974
	14.676695	46.5156146
	14.6760079	46.5153286
	14.6753887	46.5151683
	14.6740436	46.5148201
	14.6733046	46.5142271
	14.6719541	46.5131352
	14.6720604	46.512651
	14.6721029	46.5121311
	14.6722469	46.5119231
	14.672287	46.5117379
	14.6721171	46.5113366
	14.6719187	46.5111286
	14.6709413	46.5107435
	14.66901	46.5099896
	14.6662359	46.510282
	14.6648949	46.5104331
	14.6626189	46.5102187
	14.661259	46.5100139
	14.6606381	46.5099246
	14.6601328	46.5099863
	14.6598448	46.5100432
	14.6576562	46.5093558
	14.6556045	46.5083711
	14.6543957	46.5083484
	14.6539424	46.5079584
	14.651834	46.5072613
	14.6504954	46.5077472
	14.6483823	46.5085093
	14.6479526	46.5094111
	14.6472915	46.5108117
	14.6454996	46.5101959
	14.6436415	46.5099636
	14.64337	46.5100042
	14.6433275	46.5099392
	14.6430985	46.5090081
	14.6429309	46.5089061
	14.642428	46.5086003
	14.6417692	46.5078885
	14.6402606	46.5075376
	14.6390801	46.5072841
	14.636764	46.5070939
	14.635992	46.5070956
	14.6353238	46.5071313
	14.633258	46.5068063
	14.6330711	46.5067653
	14.6323018	46.5065967
	14.6300848	46.5064943
	14.6287391	46.5060848
	14.6276082	46.5064748
	14.626226	46.5065973
	14.6258658	46.5066292
	14.6246632	46.5067344
	14.6243052	46.5067657
	14.623774	46.5066796
	14.6232947	46.5065739
	14.6230374	46.5067364
	14.6227045	46.5068567
	14.6225227	46.5068453
	14.6223149	46.5069217
	14.6221756	46.5070111
	14.622119	46.5071362
	14.6220906	46.5076757
	14.6218805	46.5077179
	14.6208204	46.507778
	14.6202727	46.507869
	14.6198383	46.5080137
	14.6195856	46.5081274
	14.6190001	46.5085499
	14.618849	46.5087238
	14.618875	46.5090162
	14.6185799	46.5098742
	14.618731	46.5103389
	14.6187806	46.510594
	14.6188136	46.5112244
	14.6187333	46.5118419
	14.6187569	46.5122855
	14.6186743	46.5125682
	14.6184925	46.5129614
	14.6186413	46.5136438
	14.618587	46.5138761
	14.6182753	46.5139574
	14.6180321	46.5140451
	14.6171893	46.5144529
	14.6171515	46.5146073
	14.6173262	46.5149501
	14.6173711	46.5151922
	14.6175906	46.5153725
	14.6177228	46.5155984
	14.6177535	46.5160825
	14.6176662	46.5164432
	14.6176497	46.5167779
	14.6178008	46.5174602
	14.6180345	46.5178762
	14.6181431	46.5183619
	14.6180793	46.5185601
	14.6181218	46.518911
	14.6183509	46.5192278
	14.6183296	46.5195008
	14.6180912	46.5200044
	14.6185468	46.5211253
	14.619045	46.5220806
	14.6178456	46.5227905
	14.6169957	46.5230878
	14.6163299	46.5236417
	14.6156098	46.5242265
	14.6150597	46.5244686
	14.6141106	46.5243922
	14.6125925	46.524285
	14.6097971	46.5241209
	14.6090723	46.5241372
	14.6056843	46.5242817
	14.6037908	46.5243955
	14.6023058	46.5246554
	14.6003532	46.5251378
	14.5997323	46.5251395
	14.5981434	46.5251102
	14.5962286	46.5250777
	14.5955817	46.525081
	14.5949915	46.5252272
	14.5944674	46.5252921
	14.5941321	46.5264244
	14.5938083	46.5277099
	14.5935345	46.5289245
	14.5934813	46.5290616
	14.5932819	46.5291129
	14.5935265	46.5296397
	14.593577	46.5299616
	14.5935531	46.5304829
	14.5937764	46.5313316
	14.5940503	46.5321638
	14.5936674	46.5331936
	14.5936116	46.533552
	14.5935744	46.5343184
	14.593593	46.5352713
	14.5936196	46.5358364
	14.5936674	46.5365204
	14.5934644	46.5365016
	14.5931034	46.5365284
	14.5928099	46.5368911
	14.5926852	46.5369768
	14.5925372	46.5369715
	14.5925294	46.5368911
	14.5924411	46.5368232
	14.5923061	46.5368018
	14.5921451	46.536825
	14.5914646	46.5367893
	14.590792	46.5366678
	14.5894285	46.5362712
	14.5880885	46.5359996
	14.5870574	46.5356227
	14.5867458	46.5355726
	14.586177	46.535678
	14.5859095	46.5356727
	14.5856758	46.535737
	14.5855122	46.5358031
	14.5853771	46.5358531
	14.585159	46.5358978
	14.5847798	46.535921
	14.5842578	46.5359139
	14.5838345	46.535896
	14.5835826	46.5358799
	14.5832605	46.5358228
	14.5829723	46.5357745
	14.5825645	46.5355441
	14.5823438	46.5355083
	14.5821672	46.5355441
	14.5819958	46.5356763
	14.5819075	46.5356941
	14.5813803	46.5361497
	14.5809154	46.536273
	14.5804921	46.5363623
	14.5801804	46.5364927
	14.5799207	46.536691
	14.5798532	46.5367803
	14.5791468	46.537118
	14.5788066	46.5373038
	14.5784586	46.5374717
	14.5780326	46.5376825
	14.5777781	46.5377629
	14.57756	46.5377968
	14.576973	46.5378486
	14.5768821	46.5378058
	14.5765601	46.5378451
	14.5762881	46.5378564
	14.5750653	46.5376218
	14.5748109	46.5376337
	14.5745796	46.5376854
	14.5740444	46.5380313
	14.5736914	46.5382198
	14.5731718	46.5384645
	14.5726635	46.5386102
	14.5720451	46.538684
	14.5713419	46.5387928
	14.5706134	46.5389948
	14.5700147	46.539191
	14.569673	46.5391929
	14.5692493	46.5390166
	14.5688631	46.5388819
	14.5685735	46.5388629
	14.5679804	46.5389142
	14.5678385	46.538902
	14.567604	46.5389132
	14.5673453	46.5389447
	14.5670543	46.538991
	14.5668118	46.539017
	14.5665046	46.5390985
	14.5662594	46.5391801
	14.5661785	46.5392579
	14.5658902	46.5393543
	14.565583	46.5394414
	14.5653	46.5395619
	14.5650036	46.5396509
	14.5646371	46.5396843
	14.5644485	46.5396935
	14.5641467	46.539738
	14.563667	46.5397603
	14.5623547	46.53984
	14.5619478	46.5398678
	14.5614008	46.5398956
	14.561293	46.5398566
	14.560532	46.5399041
	14.5599364	46.5398695
	14.5599653	46.5397772
	14.5599627	46.5396885
	14.5598837	46.5395943
	14.5597679	46.539531
	14.5595626	46.5395128
	14.5593757	46.5394839
	14.559202	46.539444
	14.5591783	46.5392956
	14.5592546	46.5389515
	14.5585807	46.5389461
	14.5586169	46.5383783
	14.5587223	46.5379556
	14.5586915	46.5378194
	14.5586863	46.5376602
	14.5587635	46.5375788
	14.5590232	46.537524
	14.5596198	46.5370694
	14.5598718	46.536689
	14.5599309	46.5365723
	14.5600852	46.536284
	14.5601469	46.5362114
	14.5604066	46.5360416
	14.5606355	46.535847
	14.5602292	46.5352226
	14.5599464	46.534959
	14.5592675	46.5344974
	14.5597303	46.5343488
	14.5600081	46.534347
	14.5602755	46.5343753
	14.5609647	46.5340038
	14.5615715	46.5337915
	14.5600132	46.532831
	14.5591466	46.5321464
	14.5573389	46.5310867
	14.556678	46.5307576
	14.5555954	46.5302128
	14.5549243	46.5303508
	14.5543431	46.5305082
	14.5525842	46.5302057
	14.5520751	46.5307364
	14.5509539	46.5307877
	14.5495011	46.5295953
	14.5481922	46.5291177
	14.5471764	46.5289585
	14.5470684	46.5291177
	14.5468139	46.5291513
	14.5464719	46.5291584
	14.5456901	46.5284985
	14.544749	46.528012
	14.5429927	46.5278864
	14.5402982	46.527709
	14.5370528	46.5265373
	14.5365655	46.5264785
	14.5349604	46.5264664
	14.5339506	46.5256766
	14.5334909	46.5253673
	14.5324309	46.5249335
	14.5310694	46.5249922
	14.5291554	46.5244115
	14.5261235	46.523492
	14.5244455	46.5229804
	14.5210921	46.5222926
	14.5168319	46.5214232
	14.5150308	46.5210516
	14.5117528	46.519228
	14.5117779	46.5176931
	14.5118407	46.5144434
	14.5107455	46.5131469
	14.5101929	46.512331
	14.5090399	46.510623
	14.5084597	46.5091916
	14.5076584	46.5077393
	14.5072238	46.507136
	14.5054102	46.5060848
	14.5026471	46.5044821
	14.5011338	46.5042743
	14.5005451	46.5041666
	14.4987561	46.5038856
	14.4974097	46.5029744
	14.4960081	46.5020062
	14.4934685	46.5019854
	14.4917378	46.5019803
	14.4891983	46.5026667
	14.4883417	46.5029018
	14.4877062	46.5031975
	14.4871736	46.504323
	14.4870863	46.5059788
	14.4863887	46.505199
	14.4858804	46.5046308
	14.4858471	46.5045934
	14.4852473	46.5039197
	14.4853197	46.5037727
	14.4856189	46.5031649
	14.4859025	46.5025888
	14.4840596	46.5012646
	14.4831444	46.5009217
	14.4778024	46.4995299
	14.4757919	46.4989455
	14.4744041	46.498542
	14.4739934	46.4984226
	14.4729534	46.4981203
	14.4712771	46.497633
	14.4707648	46.4971938
	14.4692557	46.4965434
	14.4686275	46.4962782
	14.4678006	46.4957258
	14.4668141	46.4948795
	14.4661449	46.4946825
	14.4659307	46.4946194
	14.466249	46.493991
	14.4667871	46.4929284
	14.4669643	46.4925762
	14.4676828	46.4911478
	14.4681241	46.4902932
	14.4683434	46.4898283
	14.468335	46.4897987
	14.4681097	46.4888688
	14.4677564	46.4873094
	14.4671258	46.4844946
	14.4666963	46.4830906
	14.4663454	46.4816172
	14.4665835	46.4809278
	14.466792	46.4804699
	14.4670595	46.4800306
	14.4674963	46.4785588
	14.4674055	46.4781228
	14.4673343	46.4779623
	14.4667994	46.4773742
	14.4664583	46.4770633
	14.4660608	46.4767591
	14.4657516	46.4756016
	14.4656265	46.475147
	14.4656485	46.4747415
	14.4657688	46.4737951
	14.4657295	46.4733861
	14.4654449	46.473131
	14.4640315	46.4726628
	14.4635971	46.4725986
	14.4623383	46.4716522
	14.462039	46.4711706
	14.4618647	46.4708326
	14.4618721	46.4705757
	14.4623236	46.4693893
	14.4622475	46.4688417
	14.4628144	46.4675894
	14.4631677	46.4663184
	14.4630794	46.4651285
	14.4630401	46.4645741
	14.4620758	46.4637763
	14.4623089	46.4629853
	14.463153	46.4610347
	14.4640462	46.4591669
	14.4637468	46.4589488
	14.4621052	46.4592903
	14.4598771	46.45856
	14.457703	46.4578416
	14.4555805	46.4571401
	14.4542547	46.4567285
	14.4538409	46.4566857
	14.4536667	46.4566635
	14.4534236	46.4566326
	14.4532412	46.4566093
	14.45255	46.4565214
	14.4517525	46.4561816
	14.4495563	46.4552417
	14.4463541	46.4538758
	14.44617	46.4534396
	14.4454118	46.4526231
	14.4450536	46.4523475
	14.4439665	46.4511539
	14.4436426	46.4509003
	14.4433261	46.4507516
	14.4426586	46.4505284
	14.4415249	46.4500246
	14.4410047	46.4497406
	14.4405802	46.4493686
	14.4400158	46.4492587
	14.4396895	46.4494244
	14.439157	46.4494312
	14.4385632	46.4492097
	14.4381926	46.4492655
	14.437935	46.4493027
	14.4373755	46.4480059
	14.4366811	46.4463828
	14.4359351	46.4444502
	14.4354223	46.4431009
	14.4345101	46.4429389
	14.4347475	46.4427644
	14.4350468	46.4427137
	14.4351204	46.4427137
	14.4353634	46.4427898
	14.4355268	46.4428984
	14.4355867	46.4429149
	14.4358149	46.442876
	14.4360308	46.4427712
	14.4361977	46.4427255
	14.4363081	46.4427154
	14.4365191	46.4427729
	14.4367826	46.4428292
	14.4370589	46.4427128
	14.4372314	46.4427819
	14.437329	46.4429549
	14.4376906	46.4430737
	14.4381109	46.4430335
	14.4383397	46.4429452
	14.4385164	46.442333
	14.4382541	46.4420408
	14.43837	46.4416001
	14.4385566	46.4414578
	14.4386902	46.4410748
	14.4387042	46.4407754
	14.4382552	46.4406135
	14.4378394	46.4406698
	14.4371519	46.4405042
	14.4361866	46.4401777
	14.4358301	46.440265
	14.4355531	46.4401492
	14.4350154	46.4401386
	14.434623	46.4401129
	14.4341865	46.4400992
	14.4334264	46.439665
	14.4332044	46.4394705
	14.4328134	46.4395067
	14.4321275	46.4393692
	14.4318232	46.4391371
	14.4316456	46.438901
	14.4315555	46.4382481
	14.4311492	46.4380026
	14.430774	46.4376228
	14.4302759	46.4373089
	14.43018	46.4372014
	14.4304193	46.4366504
	14.4301959	46.436431
	14.4301403	46.4360969
END
END
