7871891
1
	15.6413079	48.1627519
	15.6415272	48.1625767
	15.6418119	48.1623225
	15.6420616	48.1621019
	15.6425092	48.1618029
	15.642863	48.161441
	15.643026	48.161139
	15.643047	48.161055
	15.643093	48.160868
	15.6430906	48.1602652
	15.6434924	48.1601748
	15.6431911	48.1596257
	15.642962	48.159287
	15.6428169	48.1589999
	15.6426997	48.1588271
	15.6425794	48.1587203
	15.642502	48.158686
	15.642123	48.1585805
	15.6420191	48.1585878
	15.6421282	48.1585022
	15.6425744	48.1582351
	15.6431904	48.1578464
	15.6434743	48.1576204
	15.6435816	48.1575234
	15.643678	48.15741
	15.64374	48.157351
	15.643764	48.157248
	15.643807	48.157149
	15.6437393	48.1568256
	15.6443011	48.1565082
	15.6446179	48.1565675
	15.645	48.156465
	15.6452588	48.156362
	15.6453001	48.1561966
	15.6455737	48.1560194
	15.6457304	48.1558771
	15.645673	48.155754
	15.645622	48.15563
	15.6457355	48.1554677
	15.6462637	48.1553499
	15.6466783	48.1553663
	15.6468289	48.1552976
	15.647038	48.155081
	15.647127	48.154915
	15.64716	48.154819
	15.64753	48.154875
	15.647649	48.154397
	15.647741	48.1543021
	15.6481141	48.1541706
	15.6482779	48.1542272
	15.64828	48.1544101
	15.648587	48.1544397
	15.6487186	48.1544873
	15.6488204	48.1545982
	15.6493026	48.1544945
	15.649223	48.154287
	15.64923	48.154201
	15.6494257	48.154048
	15.6495496	48.1538798
	15.649704	48.15371
	15.649731	48.153606
	15.6497613	48.1534767
	15.6498521	48.1533879
	15.6500326	48.1533022
	15.6501482	48.1532451
	15.6502203	48.153173
	15.6501132	48.1529926
	15.6502895	48.1528603
	15.6504759	48.1528586
	15.650569	48.152847
	15.6506975	48.1528178
	15.6507302	48.1527215
	15.6510312	48.1526793
	15.651093	48.152848
	15.6512664	48.152945
	15.6514496	48.1529283
	15.6515699	48.1528949
	15.6517158	48.1528079
	15.651721	48.152649
	15.6517142	48.1525306
	15.6518075	48.152548
	15.651998	48.152702
	15.6521873	48.1528228
	15.6524091	48.152789
	15.652554	48.152647
	15.6524558	48.1524048
	15.6521964	48.1523147
	15.6522493	48.152155
	15.6524733	48.1519161
	15.653112	48.1520415
	15.65319	48.152002
	15.6531025	48.1517956
	15.6533953	48.1516077
	15.6536039	48.1515866
	15.653765	48.1515889
	15.653868	48.1516006
	15.654182	48.151624
	15.654272	48.15165
	15.654234	48.151805
	15.654529	48.1518836
	15.6547543	48.1518335
	15.654795	48.151525
	15.65459	48.151464
	15.654684	48.151377
	15.654575	48.151356
	15.654801	48.151242
	15.654931	48.151306
	15.655168	48.151292
	15.655234	48.151247
	15.654973	48.151158
	15.654914	48.151077
	15.654835	48.151049
	15.654875	48.150979
	15.65502	48.150877
	15.655051	48.150729
	15.655232	48.150641
	15.654949	48.150447
	15.654816	48.150358
	15.654551	48.150175
	15.653877	48.149708
	15.653625	48.149524
	15.653308	48.149267
	15.653166	48.149152
	15.652986	48.148981
	15.652824	48.148806
	15.652663	48.148609
	15.652454	48.148316
	15.652239	48.147958
	15.6521223	48.1476892
	15.6514163	48.1476997
	15.6509794	48.1477837
	15.6505368	48.1478626
	15.6497936	48.148036
	15.6494162	48.1481497
	15.649212	48.147923
	15.648818	48.147313
	15.648699	48.147059
	15.648186	48.146047
	15.647997	48.145591
	15.64786	48.145085
	15.647759	48.144903
	15.64765	48.1447678
	15.6479222	48.1446378
	15.648434	48.144428
	15.6486295	48.1442955
	15.6488092	48.144199
	15.649173	48.143927
	15.6492252	48.1438541
	15.6495305	48.143795
	15.6498336	48.1437439
	15.6500162	48.1437363
	15.6501619	48.1437265
	15.6504261	48.143664
	15.6505926	48.1435955
	15.6507522	48.1435411
	15.6508858	48.143489
	15.6517202	48.1433295
	15.6524981	48.1431971
	15.652975	48.143131
	15.6531222	48.1431339
	15.6535935	48.1430893
	15.6544319	48.1429741
	15.6549523	48.1429311
	15.654938	48.142652
	15.65482	48.142311
	15.654783	48.142057
	15.65471	48.141819
	15.654592	48.141343
	15.65458	48.141105
	15.654638	48.140659
	15.65452	48.1402
	15.654175	48.14007
	15.653554	48.139584
	15.653167	48.13924
	15.653064	48.138905
	15.653162	48.138638
	15.65303	48.13814
	15.653024	48.137783
	15.6530568	48.1376838
	15.653189	48.137494
	15.653346	48.136986
	15.653704	48.135843
	15.653871	48.135383
	15.6550719	48.1331631
	15.6548883	48.1331538
	15.6540682	48.1329944
	15.6532231	48.1327701
	15.6524952	48.1324611
	15.6520248	48.1323459
	15.6515948	48.1322157
	15.6513912	48.1321846
	15.6510267	48.132171
	15.6500098	48.1321558
	15.6499213	48.1320822
	15.6499553	48.1319665
	15.6501749	48.1319036
	15.6501879	48.1318402
	15.6499945	48.1316801
	15.64978	48.1316213
	15.6494303	48.1313011
	15.6494001	48.131113
	15.6491776	48.1308048
	15.6487558	48.1305627
	15.6488415	48.1304016
	15.6484796	48.1301571
	15.6485973	48.1296619
	15.6487329	48.1292163
	15.648786	48.1291574
	15.6492319	48.1288119
	15.6493913	48.1287161
	15.6495503	48.1286702
	15.6499942	48.1284274
	15.6502238	48.128317
	15.6503477	48.1283218
	15.6509752	48.1280415
	15.6512575	48.1280739
	15.6518146	48.1280718
	15.6526417	48.1281394
	15.6522369	48.1279075
	15.652425	48.127552
	15.6526331	48.1271456
	15.6533105	48.1267045
	15.6532707	48.1266573
	15.6528603	48.1261212
	15.6521845	48.1258191
	15.6518704	48.1256761
	15.651551	48.125339
	15.651256	48.125018
	15.6509137	48.1246171
	15.650586	48.1242627
	15.6503762	48.1240347
	15.650283	48.123823
	15.6501864	48.1236515
	15.6500571	48.1234554
	15.6498596	48.1231593
	15.6496954	48.1229211
	15.6494598	48.122583
	15.649269	48.1224958
	15.6487145	48.1224545
	15.6482744	48.1224397
	15.6480393	48.1224243
	15.6478444	48.1224289
	15.6476296	48.1224254
	15.647408	48.1225206
	15.6473285	48.1225493
	15.6471207	48.1226002
	15.6465023	48.1224787
	15.6466234	48.1223969
	15.6468686	48.122292
	15.6470516	48.1222127
	15.6472879	48.1221528
	15.647403	48.1221084
	15.6475412	48.1220855
	15.6478126	48.1219814
	15.6481074	48.121837
	15.6483747	48.1215973
	15.6485277	48.1212423
	15.648503	48.1208917
	15.6485045	48.1207701
	15.6485635	48.120625
	15.6486358	48.1201607
	15.6485413	48.1201708
	15.6484285	48.120206
	15.6482692	48.1201304
	15.6482765	48.1200256
	15.6483455	48.1198854
	15.6486255	48.1197749
	15.648668	48.1197068
	15.6485937	48.1195493
	15.6490833	48.1194424
	15.6495002	48.1192104
	15.64995	48.1189879
	15.6503027	48.1188499
	15.6508368	48.1189398
	15.6511629	48.1191169
	15.6518078	48.1193696
	15.6515231	48.1196595
	15.6516371	48.1197014
	15.651986	48.1198378
	15.6531545	48.120427
	15.653268	48.1206052
	15.6537564	48.1204377
	15.6538549	48.1202745
	15.6539482	48.1201698
	15.6541892	48.1200227
	15.6545234	48.1200331
	15.654963	48.1197276
	15.6551386	48.1195268
	15.6551737	48.1193567
	15.6552513	48.1191993
	15.6555139	48.1191001
	15.6560142	48.1190267
	15.656579	48.1189072
	15.6568486	48.1186213
	15.6572485	48.1187207
	15.6575288	48.1185732
	15.657817	48.1186563
	15.6580303	48.1186224
	15.6582527	48.1184726
	15.6586242	48.1185194
	15.6589771	48.1183629
	15.6591511	48.1184112
	15.6594706	48.1182847
	15.6597803	48.1182412
	15.6601379	48.1182645
	15.6604181	48.1181074
	15.6608675	48.1180683
	15.6611604	48.1180215
	15.6615473	48.1178468
	15.6617314	48.1176829
	15.6619622	48.1174674
	15.6623218	48.1171344
	15.6626249	48.1166545
	15.6627178	48.1163499
	15.6627762	48.1160718
	15.6628353	48.1158194
	15.6628934	48.1155594
	15.6633586	48.1149602
	15.6636056	48.1145792
	15.6639675	48.1142594
	15.6641559	48.1140389
	15.6643057	48.1136923
	15.6643611	48.1133048
	15.6644494	48.1127283
	15.6645267	48.1123474
	15.6650956	48.1129155
	15.6655698	48.1126346
	15.666132	48.1122685
	15.6666082	48.1119797
	15.6670143	48.1117781
	15.6673846	48.1116242
	15.6683192	48.1112582
	15.6688656	48.110971
	15.669144	48.1108129
	15.6693858	48.110683
	15.6701812	48.1105429
	15.6707242	48.1104519
	15.6708556	48.1104046
	15.6704111	48.1102433
	15.6710398	48.109931
	15.6713191	48.1097354
	15.6718096	48.1093635
	15.6719816	48.1093523
	15.6721806	48.1093022
	15.6723016	48.1092293
	15.6723121	48.1091553
	15.6717477	48.1089069
	15.6713966	48.1087024
	15.6709895	48.1085131
	15.67075	48.1084334
	15.6704605	48.1083587
	15.6697034	48.108095
	15.6690666	48.107867
	15.6688783	48.1077291
	15.6687045	48.1074777
	15.6683488	48.1072097
	15.6680393	48.1068018
	15.6677282	48.1064199
	15.6673784	48.1057678
	15.6673216	48.1054785
	15.6670735	48.1051459
	15.667217	48.1050231
	15.6677156	48.1047594
	15.6684205	48.1044388
	15.668572	48.1043347
	15.6690414	48.104005
	15.6692831	48.103736
	15.6693472	48.1033985
	15.6695479	48.1028465
	15.6701336	48.1030811
	15.6715065	48.1036347
	15.6720491	48.1038874
	15.6727552	48.1041133
	15.6731967	48.1042428
	15.6735222	48.1043775
	15.6741012	48.1046031
	15.6742099	48.1046956
	15.6743617	48.1048688
	15.6748859	48.1047163
	15.6754402	48.1044361
	15.6755707	48.1044778
	15.6762105	48.1039172
	15.6766058	48.1036171
	15.6771197	48.1032194
	15.6776583	48.1029787
	15.6781101	48.1027857
	15.6783055	48.10271
	15.6786701	48.1024828
	15.6791832	48.1020879
	15.6795161	48.1017308
	15.6799199	48.1012485
	15.680219	48.1009207
	15.68053	48.1006628
	15.6809591	48.1003742
	15.681322	48.1001842
	15.681651	48.0998626
	15.681853	48.0993712
	15.6818755	48.0988345
	15.6819458	48.0984851
	15.6821259	48.0980472
	15.6823488	48.0974464
	15.6826637	48.0971236
	15.6831702	48.0968319
	15.6837242	48.0965218
	15.6841334	48.0964704
	15.6844393	48.0964281
	15.684766	48.0958225
	15.6848472	48.0956955
	15.6849818	48.0954679
	15.6850013	48.0953767
	15.6850962	48.0949631
	15.6851584	48.0945913
	15.685048	48.0941591
	15.6856127	48.0940216
	15.6859982	48.0939719
	15.6864146	48.0939395
	15.6868287	48.0939479
	15.6871552	48.0940472
	15.6872372	48.094057
	15.6875291	48.0939053
	15.6876943	48.0937338
	15.6878716	48.0934526
	15.6878051	48.0931933
	15.6876677	48.0928787
	15.687491	48.0927523
	15.6875433	48.0925065
	15.6875527	48.0922048
	15.6875693	48.092002
	15.6881862	48.0917451
	15.688698	48.0914586
	15.6893556	48.0913719
	15.6898776	48.0911692
	15.690645	48.0909394
	15.6906367	48.0905981
	15.6905738	48.0902162
	15.6903391	48.0897536
	15.6900294	48.0891651
	15.6899355	48.0887878
	15.6900352	48.0887607
	15.6903435	48.0886575
	15.6910797	48.0883735
	15.69158	48.08828
	15.6922179	48.0879476
	15.6928178	48.0875479
	15.6934453	48.0872565
	15.6937001	48.0871851
	15.6946894	48.0869952
	15.6952646	48.0875255
	15.6959516	48.088209
	15.6965165	48.0887519
	15.6968803	48.089086
	15.6970273	48.0892248
	15.6972881	48.0892895
	15.6980989	48.0893444
	15.6985267	48.0893988
	15.6995789	48.0895829
	15.7005069	48.0897775
	15.7008497	48.0900892
	15.7009806	48.0898216
	15.7007363	48.0890814
	15.7006478	48.088822
	15.7005631	48.0884866
	15.7002278	48.0872714
	15.7007295	48.0867198
	15.7014762	48.0863566
	15.7003086	48.0851642
	15.7011576	48.0850374
	15.701834	48.084876
	15.703812	48.0844013
	15.7042948	48.0851234
	15.7047542	48.0859466
	15.7052318	48.0859493
	15.7060448	48.0858994
	15.7064961	48.0857328
	15.7069035	48.0853408
	15.7073516	48.0850636
	15.7079386	48.0851608
	15.7092871	48.085163
	15.710466	48.0849545
	15.7113825	48.0848072
	15.712407	48.0846045
	15.7130604	48.0845354
	15.7136366	48.0843954
	15.7144619	48.0842825
	15.7154212	48.0841196
	15.7162718	48.0839105
	15.716849	48.083718
	15.7175022	48.0835997
	15.7179074	48.0835323
	15.7179645	48.0839924
	15.7186421	48.0841778
	15.7193383	48.0845213
	15.7194055	48.0843866
	15.7195901	48.0842473
	15.7202723	48.0841334
	15.720698	48.084257
	15.721577	48.0844202
	15.7219468	48.0846156
	15.7222276	48.0848573
	15.7223431	48.0852103
	15.7222301	48.0856142
	15.7221308	48.0861297
	15.7219181	48.0873205
	15.7219096	48.0876743
	15.7216424	48.0888589
	15.721213	48.089061
	15.7191388	48.0899962
	15.7180802	48.0895414
	15.717791	48.0898289
	15.7167961	48.0900429
	15.7162772	48.0904339
	15.7153744	48.0905159
	15.714508	48.090591
	15.7138071	48.0907161
	15.7136856	48.0909771
	15.7148955	48.0915796
	15.715711	48.092141
	15.7164719	48.092513
	15.7170794	48.0928831
	15.7172114	48.0929023
	15.7175104	48.0930581
	15.7178111	48.0936209
	15.7177596	48.094176
	15.7178186	48.0943407
	15.7171636	48.0944976
	15.7162946	48.0947622
	15.7160116	48.0949218
	15.7155355	48.0952898
	15.7154435	48.0954494
	15.715391	48.0957439
	15.7154548	48.0958856
	15.7156525	48.0961307
	15.716074	48.096527
	15.7166154	48.0970031
	15.717063	48.0970257
	15.7170679	48.0975111
	15.7166521	48.0981137
	15.7164665	48.0982106
	15.7162133	48.0983136
	15.716028	48.0983131
	15.7151504	48.0986705
	15.7154044	48.0988738
	15.7154859	48.0990174
	15.7154156	48.0992784
	15.7154695	48.0994436
	15.7162873	48.1000723
	15.7161468	48.1003091
	15.7157458	48.1005676
	15.7163405	48.1008546
	15.7167927	48.1010783
	15.7177875	48.1015512
	15.7194725	48.1012377
	15.7204802	48.1012191
	15.7217773	48.101237
	15.7220742	48.1012689
	15.7212907	48.1021774
	15.7219465	48.1023042
	15.7236149	48.1024358
	15.7247749	48.1025064
	15.7256595	48.1025768
	15.7254562	48.1028483
	15.7254685	48.1038061
	15.7252746	48.1044806
	15.7251102	48.1046844
	15.7248495	48.1052297
	15.7252403	48.1053586
	15.7254643	48.1053903
	15.7268483	48.1050756
	15.7285316	48.1045746
	15.7290654	48.1045089
	15.7296796	48.1046321
	15.7301994	48.1046578
	15.7310019	48.1044172
	15.7331397	48.1042164
	15.7330426	48.1046748
	15.7328326	48.1051664
	15.7325391	48.1056004
	15.732478	48.1063578
	15.7325887	48.1070318
	15.732747	48.1074625
	15.7331788	48.1078437
	15.7333357	48.1081825
	15.7337365	48.1086392
	15.7345521	48.1090705
	15.7348866	48.1092064
	15.7354676	48.1095043
	15.735842	48.1097498
	15.7369776	48.1102822
	15.7371464	48.1105989
	15.7369337	48.1106872
	15.7355191	48.1109884
	15.73405	48.1114922
	15.7335042	48.1118258
	15.732868	48.1123471
	15.7323921	48.1126261
	15.7317125	48.1128476
	15.7313573	48.1129877
	15.7305041	48.1133272
	15.7303655	48.113267
	15.7301045	48.113204
	15.7288814	48.1132556
	15.7287312	48.11362
	15.7280255	48.1136617
	15.7275086	48.1146982
	15.7272227	48.1151432
	15.72684	48.1155306
	15.7266034	48.1162082
	15.7264864	48.1165912
	15.726425	48.1168709
	15.7262796	48.1170502
	15.7263346	48.1171961
	15.7264181	48.1181403
	15.7265286	48.1181973
	15.7274936	48.1181366
	15.7282122	48.1181006
	15.7284659	48.1187352
	15.7286451	48.1192084
	15.7287948	48.1198598
	15.728835	48.1202083
	15.7288825	48.1205062
	15.7297984	48.1205911
	15.7307461	48.1206747
	15.7317489	48.1207619
	15.7325437	48.1209046
	15.7339567	48.1209551
	15.7353981	48.1211514
	15.7366062	48.1213594
	15.7375895	48.1214862
	15.7384421	48.1215746
	15.7393602	48.1216015
	15.7397226	48.1214029
	15.7400965	48.1213098
	15.740438	48.1213272
	15.7410358	48.1214579
	15.7410495	48.121616
	15.7415843	48.1217163
	15.7420835	48.1216611
	15.7424013	48.1214869
	15.7426763	48.1214966
	15.7427924	48.1215322
	15.7424846	48.1221403
	15.7430107	48.1222081
	15.7443718	48.1228655
	15.7447715	48.1230041
	15.7448597	48.1232155
	15.7448286	48.1233143
	15.7439591	48.123782
	15.7437801	48.1239224
	15.7435906	48.1244837
	15.7437048	48.124773
	15.7446599	48.12465
	15.744691	48.124423
	15.7453425	48.1245703
	15.7455709	48.1246587
	15.7460352	48.1247318
	15.7460849	48.125159
	15.7461144	48.1255458
	15.7461305	48.1258358
	15.7461252	48.1262189
	15.7459601	48.1267316
	15.7458286	48.1272641
	15.746053	48.1272787
	15.7460555	48.1273398
	15.7459992	48.1276567
	15.7459724	48.1277927
	15.7459482	48.1278375
	15.7459107	48.1280272
	15.7458731	48.1281347
	15.7458758	48.1282421
	15.7458839	48.1283781
	15.7459561	48.1286357
	15.7460929	48.1290134
	15.7457899	48.1290421
	15.7458274	48.1291799
	15.7458971	48.129316
	15.7460473	48.1295133
	15.7463531	48.1296672
	15.7465838	48.12976
	15.7466964	48.1299676
	15.7467501	48.1302362
	15.7467554	48.1307625
	15.7465462	48.1313174
	15.7464336	48.1315716
	15.7463156	48.1319153
	15.7461975	48.1322018
	15.7461439	48.132456
	15.7460956	48.1328068
	15.7460152	48.1332615
	15.7460473	48.1335372
	15.7459615	48.1337341
	15.745704	48.1342174
	15.7455055	48.1345933
	15.7453178	48.1349191
	15.7452802	48.1352199
	15.7452427	48.1354565
	15.74535	48.1357357
	15.7454251	48.1358789
	15.7457469	48.1363766
	15.7461922	48.137046
	15.7463853	48.1372282
	15.7464765	48.1373679
	15.7465999	48.1376113
	15.7465355	48.1380842
	15.7460956	48.1385102
	15.7455324	48.139122
	15.7446464	48.1388865
	15.7442713	48.1387976
	15.7440321	48.1388085
	15.7434965	48.1387632
	15.7428849	48.1385872
	15.7421672	48.1385455
	15.7420966	48.1386126
	15.7414741	48.1387341
	15.7412783	48.1387468
	15.7408189	48.1388067
	15.7407211	48.1393074
	15.7405471	48.1398861
	15.7408978	48.1400257
	15.7412294	48.1397899
	15.7416616	48.139926
	15.741822	48.1401908
	15.7422243	48.1402253
	15.7428767	48.1402434
	15.7434748	48.1402851
	15.743733	48.1408475
	15.7438907	48.140842
	15.7438853	48.1409037
	15.7437249	48.1411214
	15.743956	48.1412574
	15.7443556	48.141174
	15.7446573	48.1411214
	15.7449304	48.1411182
	15.7450107	48.1414044
	15.7450759	48.1415295
	15.7453913	48.1417998
	15.7458045	48.1424601
	15.7460192	48.1429535
	15.7457365	48.1429118
	15.7455027	48.1428265
	15.7453451	48.1427304
	15.7452091	48.1426796
	15.7450297	48.1426832
	15.7450379	48.1428809
	15.7451303	48.1429517
	15.7452064	48.143124
	15.745288	48.1435557
	15.7451765	48.1439511
	15.7449128	48.1443175
	15.7447035	48.1445062
	15.7445323	48.1447003
	15.7444888	48.1447855
	15.7446627	48.1448599
	15.7453586	48.1450449
	15.7451983	48.1451809
	15.7442495	48.1452825
	15.7438064	48.1453714
	15.7435101	48.1453986
	15.7433307	48.1453278
	15.7431812	48.1453151
	15.7424255	48.1453315
	15.7415393	48.1452281
	15.7411343	48.1459065
	15.740895	48.146534
	15.7408216	48.1477601
	15.7408597	48.1480286
	15.7404927	48.1480866
	15.7400197	48.1481102
	15.7407754	48.1488194
	15.7409956	48.1492347
	15.7411913	48.149543
	15.7412484	48.149786
	15.7412321	48.1499982
	15.7414904	48.1502104
	15.741996	48.1504517
	15.7431567	48.1509395
	15.743608	48.1510647
	15.7440565	48.1510991
	15.7444752	48.1510846
	15.7455652	48.1510937
	15.7462639	48.1511844
	15.7466689	48.1514655
	15.7472316	48.1514746
	15.7486479	48.1510864
	15.7493574	48.1506403
	15.7495912	48.1504734
	15.7500832	48.1503338
	15.7504094	48.1504861
	15.7502898	48.1506729
	15.7504475	48.1506747
	15.750597	48.1506475
	15.7519832	48.1505029
	15.7520179	48.1505868
	15.752136	48.1507032
	15.7522863	48.1508322
	15.7523532	48.1508982
	15.7526617	48.1510539
	15.7529729	48.1513547
	15.7532947	48.1515657
	15.7535736	48.1517572
	15.7537427	48.151981
	15.7538016	48.1521133
	15.7538366	48.1523264
	15.7538123	48.1525481
	15.7537533	48.1525839
	15.7538125	48.1529026
	15.7538284	48.1531923
	15.7538822	48.1534949
	15.7540586	48.1540261
	15.7540162	48.1540691
	15.7541638	48.1542733
	15.7542227	48.1544341
	15.7542926	48.1545971
	15.7543275	48.1546866
	15.7545285	48.1551266
	15.7546465	48.1553896
	15.7547592	48.1555918
	15.754912	48.1558066
	15.7550488	48.1559783
	15.7552586	48.1562447
	15.7557315	48.1566273
	15.755442	48.1567616
	15.7549803	48.1569346
	15.7547041	48.1572089
	15.7541095	48.1570106
	15.7536773	48.1574396
	15.7534601	48.1578489
	15.7533673	48.1579178
	15.7532197	48.1582033
	15.7531839	48.1583833
	15.7530363	48.1589122
	15.7528128	48.1596421
	15.7526399	48.1600556
	15.7526272	48.1604663
	15.7526757	48.1606281
	15.7530025	48.1606886
	15.7531944	48.1606534
	15.7535529	48.1605015
	15.7538586	48.1604241
	15.7538249	48.1605212
	15.7536773	48.1605788
	15.7535044	48.1606773
	15.7532429	48.1608686
	15.7532345	48.1612314
	15.7532935	48.1615479
	15.7526525	48.1618278
	15.7524333	48.1618925
	15.7515688	48.1620204
	15.7509679	48.1619895
	15.7503775	48.1620528
	15.749823	48.1620922
	15.7491904	48.1620458
	15.7487919	48.1625338
	15.748307	48.1629866
	15.7481214	48.1634324
	15.7480055	48.1634367
	15.7475163	48.1633706
	15.7469702	48.1633706
	15.746266	48.1633846
	15.7460383	48.1636392
	15.745838	48.1638262
	15.7452518	48.164085
	15.7446045	48.164348
	15.7445307	48.164528
	15.7442334	48.1649133
	15.7439572	48.1651819
	15.7436198	48.1654702
	15.7440078	48.1657093
	15.7443262	48.1660173
	15.7444548	48.1661354
	15.7447584	48.1662325
	15.7446973	48.1668779
	15.7443789	48.1672478
	15.743953	48.1674756
	15.7434701	48.1675473
	15.7426647	48.1676345
	15.7428355	48.1678637
	15.7430189	48.1680859
	15.7430421	48.1681984
	15.7430231	48.1682898
	15.7429915	48.1683587
	15.7428271	48.1685148
	15.7416779	48.1686695
	15.7413659	48.1686456
	15.7409821	48.1685078
	15.7404234	48.1682462
	15.7398499	48.1679312
	15.7389074	48.1676092
	15.7382896	48.1674334
	15.7374547	48.1672393
	15.7366556	48.1671508
	15.7365733	48.1677765
	15.7351859	48.1674531
	15.7343826	48.1673533
	15.7338787	48.1671226
	15.7337501	48.1670509
	15.7333305	48.1667218
	15.7321919	48.1665053
	15.7312768	48.1665053
	15.7307982	48.1664842
	15.7305199	48.1664364
	15.7303027	48.1663562
	15.7295964	48.1659273
	15.7291747	48.1663112
	15.7286729	48.1665798
	15.7280846	48.1666023
	15.7260731	48.1676401
	15.7247153	48.1682997
	15.7246499	48.1684403
	15.7247827	48.1689465
	15.7248966	48.1690323
	15.7250421	48.1689986
	15.7250758	48.1690984
	15.7250758	48.1692432
	15.7248059	48.169426
	15.724768	48.1696342
	15.7251264	48.1697368
	15.7252065	48.1697635
	15.7253415	48.1697635
	15.7259361	48.1701066
	15.7260225	48.1702205
	15.7260605	48.1703401
	15.7260436	48.1704568
	15.7259361	48.1707647
	15.7257632	48.1712386
	15.7255587	48.1718165
	15.724224	48.1741563
	15.7240195	48.1744094
	15.7237319	48.1749237
	15.7245634	48.1751103
	15.7251	48.1751913
	15.7255637	48.1752354
	15.7257529	48.1753442
	15.7250713	48.1768933
	15.7249515	48.1770181
	15.7246307	48.1777532
	15.72433	48.1784332
	15.7240578	48.1787579
	15.7219342	48.1783946
	15.7201534	48.1780865
	15.7199716	48.1781645
	15.7200948	48.1781839
	15.7207745	48.1789407
	15.7208754	48.1794318
	15.7216867	48.1800763
	15.7226478	48.1806516
	15.723008	48.1809221
	15.7239173	48.1816907
	15.7238902	48.181771
	15.7235434	48.182046
	15.7233146	48.1822235
	15.7242233	48.1837666
	15.7231469	48.1843376
	15.7231576	48.1843898
	15.7233811	48.1844554
	15.7252535	48.1853635
	15.7259673	48.1857441
	15.7263243	48.1860107
	15.7263961	48.1859418
	15.7285639	48.184832
	15.7289029	48.1848821
	15.7307048	48.1855025
	15.7309403	48.1856248
	15.7311166	48.1856634
	15.7313207	48.1855829
	15.7321289	48.1846751
	15.7324011	48.1843
	15.7312469	48.1838468
	15.7295295	48.183339
	15.7292675	48.1831565
	15.7296574	48.1829806
	15.7300823	48.1828411
	15.7305353	48.1827527
	15.7309559	48.1826374
	15.7314044	48.1824555
	15.732117	48.1821618
	15.7327294	48.1818163
	15.7335568	48.1811922
	15.7337891	48.1812412
	15.7346646	48.1812571
	15.7352354	48.1813485
	15.7357769	48.1814102
	15.7362755	48.1813894
	15.7368704	48.1813025
	15.7371261	48.1812909
	15.73735	48.1813402
	15.7376257	48.1814551
	15.7379406	48.1816893
	15.7383336	48.1818516
	15.738251	48.182008
	15.7382738	48.1824017
	15.7384588	48.182539
	15.7383634	48.1829167
	15.7382834	48.1831558
	15.7382657	48.1833633
	15.7377253	48.184241
	15.7382724	48.1842177
	15.7386646	48.1841611
	15.7389245	48.1840724
	15.7392995	48.1839792
	15.7398697	48.1839443
	15.7397348	48.1847455
	15.739745	48.1852357
	15.7400389	48.1852956
	15.7399451	48.185691
	15.739028	48.185601
	15.7386021	48.1855071
	15.7374729	48.1852732
	15.7373157	48.1860951
	15.736963	48.1867646
	15.7374442	48.1869048
	15.7364609	48.1876677
	15.7362967	48.1878322
	15.7357402	48.1875298
	15.7352045	48.1876099
	15.7348953	48.1878782
	15.7351184	48.1886104
	15.7351018	48.1892804
	15.7350696	48.1900976
	15.7345814	48.1902562
	15.7340927	48.1903903
	15.7329163	48.1907219
	15.7319572	48.191024
	15.730567	48.1910589
	15.7293932	48.191119
	15.7283099	48.1913019
	15.7268873	48.1916604
	15.7262328	48.1917089
	15.7244784	48.1918786
	15.7244591	48.1913961
	15.7230399	48.1913852
	15.7231037	48.1908334
	15.7223425	48.1907267
	15.7223594	48.1903612
	15.7224238	48.1900915
	15.7225756	48.189514
	15.722669	48.189046
	15.7219222	48.1890119
	15.7210285	48.1889121
	15.7211868	48.1885346
	15.7215027	48.1879162
	15.7216124	48.1876818
	15.7218793	48.187396
	15.7225399	48.1867394
	15.7220115	48.1864513
	15.7206666	48.1864811
	15.7206222	48.1864821
	15.7191437	48.1864694
	15.7181398	48.1864504
	15.718051	48.1866228
	15.7177412	48.1869334
	15.7173453	48.1873394
	15.7172458	48.1877288
	15.7170406	48.1883055
	15.7162697	48.1881271
	15.7148932	48.1877437
	15.7134526	48.1872145
	15.7123288	48.1870298
	15.710051	48.1866389
	15.7094508	48.1865808
	15.7090921	48.1886576
	15.7085058	48.1891921
	15.7079949	48.1888175
	15.7074136	48.1891921
	15.7069512	48.1887331
	15.7066975	48.1885056
	15.706418	48.1885301
	15.7057136	48.1883749
	15.7056841	48.1882206
	15.7054583	48.1881868
	15.7053808	48.1883091
	15.7051246	48.1884377
	15.7046005	48.1883644
	15.7047003	48.1882331
	15.7045222	48.1881163
	15.7042985	48.1881703
	15.7042567	48.1883461
	15.7037157	48.1883332
	15.701225	48.1882796
	15.7006764	48.1891397
	15.6999158	48.1903673
	15.6993479	48.1912926
	15.6992307	48.1914079
	15.6998434	48.1917184
	15.6993415	48.1924354
	15.6984314	48.1936775
	15.6977872	48.194577
	15.6977185	48.1951336
	15.6976101	48.1954717
	15.6971472	48.1956319
	15.6966716	48.1957083
	15.6964718	48.1957877
	15.6960298	48.1959044
	15.694808	48.1960687
	15.693185	48.1964483
	15.6929597	48.1965162
	15.6925976	48.1966682
	15.6922693	48.1967641
	15.6919877	48.1968178
	15.691259	48.196942
	15.690576	48.197049
	15.689833	48.197188
	15.6890137	48.197332
	15.6882154	48.1974592
	15.6875116	48.1975711
	15.6870811	48.1976481
	15.686259	48.1977413
	15.6852393	48.1979161
	15.684717	48.1979557
	15.683384	48.1983302
	15.6818181	48.1987747
	15.6808557	48.1989586
	15.679579	48.1991022
	15.6779994	48.1994186
	15.6773662	48.1995266
	15.677095	48.1995363
	15.6764244	48.1994615
	15.6759652	48.1993569
	15.6751992	48.1992075
	15.6744106	48.1990081
	15.6735741	48.1987729
	15.6714015	48.1985474
	15.670865	48.1984439
	15.6701923	48.1982523
	15.6698876	48.1982033
	15.6697372	48.1982036
	15.668254	48.196373
	15.665554	48.192959
	15.664038	48.191041
	15.6633642	48.19013
	15.664686	48.189908
	15.666105	48.189704
	15.666143	48.189662
	15.664678	48.186
	15.663852	48.183934
	15.66367	48.1834886
	15.663794	48.183253
	15.6638575	48.183177
	15.6640927	48.1828531
	15.6643077	48.1825508
	15.6651247	48.1813749
	15.6652905	48.181088
	15.6654712	48.1810052
	15.6656263	48.1807992
	15.6655439	48.1806847
	15.6619364	48.1794897
	15.6590231	48.1785038
	15.658104	48.1781979
	15.6564278	48.177694
	15.6550028	48.1772921
	15.6538366	48.1770066
	15.6525297	48.1767364
	15.6514381	48.1765383
	15.6507678	48.1764057
	15.649662	48.1762474
	15.6496439	48.1762448
	15.6482069	48.176041
	15.6478632	48.1760041
	15.6474282	48.1759575
	15.6461183	48.1758408
	15.6455841	48.1757467
	15.6456674	48.1754096
	15.6457406	48.1750811
	15.645945	48.17417
	15.6461152	48.173453
	15.6461773	48.1730844
	15.6460504	48.1726031
	15.6458007	48.1716838
	15.6455833	48.1709599
	15.6453352	48.1700654
	15.645118	48.1692529
	15.6449136	48.1685687
	15.6449301	48.1685032
	15.6445044	48.1684578
	15.6438839	48.1683672
	15.6438381	48.1682769
	15.6434156	48.1682005
	15.643195	48.1679085
	15.6429224	48.1676378
	15.6426733	48.1674601
	15.6421001	48.1671708
	15.6419251	48.1671623
	15.641739	48.166999
	15.641478	48.166717
	15.641475	48.166407
	15.641765	48.166154
	15.642168	48.16559
	15.642201	48.165404
	15.642114	48.165154
	15.641819	48.164725
	15.641784	48.164335
	15.641783	48.16421
	15.641905	48.163716
	15.641658	48.163121
	15.6413381	48.1628102
	15.6413079	48.1627519
END
END
