7871853
1
	16.170938	48.0889925
	16.1713783	48.0888572
	16.1719405	48.0886999
	16.1727172	48.0881764
	16.1731248	48.0879023
	16.1735605	48.0876436
	16.1738557	48.0874769
	16.1741532	48.0868003
	16.175088	48.0857862
	16.175135	48.0845882
	16.1755237	48.0843307
	16.1759672	48.0840309
	16.1765779	48.083495
	16.1767636	48.0833217
	16.1780302	48.0831235
	16.1789464	48.0826827
	16.1789324	48.0825982
	16.1786864	48.0822649
	16.1782221	48.0816467
	16.1779287	48.0812525
	16.1769996	48.0803445
	16.1766342	48.0799876
	16.1762617	48.0795885
	16.1758329	48.0793161
	16.175601	48.0789969
	16.175088	48.078593
	16.1746733	48.0782362
	16.1733199	48.0779933
	16.1729444	48.0777948
	16.1726492	48.0776069
	16.172094	48.0770763
	16.171855	48.076278
	16.1723189	48.0760808
	16.1724032	48.0755314
	16.1724379	48.0752268
	16.1724493	48.0746252
	16.172421	48.0734516
	16.1724368	48.0731177
	16.1725299	48.0726737
	16.1727028	48.0721556
	16.1732497	48.0721233
	16.1731229	48.0715495
	16.1735375	48.0712751
	16.1739109	48.0710917
	16.1750648	48.0706386
	16.1764625	48.0705116
	16.177132	48.0703225
	16.1780627	48.0701674
	16.1789497	48.0699592
	16.179786	48.0696806
	16.1806409	48.0693918
	16.1813205	48.0693284
	16.1817848	48.0692236
	16.1821775	48.0691788
	16.1823824	48.0691247
	16.1828898	48.0688874
	16.1832656	48.068631
	16.1837329	48.0684235
	16.1842811	48.0682342
	16.1848119	48.0679809
	16.1853564	48.0678375
	16.1857591	48.0677735
	16.1868518	48.0676891
	16.1878984	48.0676022
	16.1892144	48.0674462
	16.1898515	48.0673744
	16.1906925	48.0672634
	16.1920448	48.0670493
	16.1930304	48.0669025
	16.1938499	48.0667711
	16.1946652	48.0665425
	16.1954063	48.0663412
	16.197232	48.0660117
	16.1985235	48.0657789
	16.199373	48.0656176
	16.2001337	48.0656297
	16.2007646	48.0656236
	16.2013697	48.0655988
	16.2021441	48.0655934
	16.203593	48.0655934
	16.2044414	48.0656049
	16.20516	48.0656237
	16.205849	48.0656515
	16.2078682	48.0656915
	16.2084347	48.065856
	16.208791	48.0659565
	16.2090159	48.0660214
	16.2098082	48.0662502
	16.2094584	48.0674063
	16.2091975	48.0683855
	16.2090674	48.0689246
	16.2095311	48.0692121
	16.2098343	48.0692808
	16.210394	48.0694776
	16.2105281	48.0694118
	16.2109554	48.0694734
	16.2111974	48.0695856
	16.2112215	48.0697572
	16.2113508	48.0697722
	16.2116662	48.0696229
	16.2120431	48.0695367
	16.2124693	48.0696279
	16.2126688	48.0696181
	16.212797	48.0694962
	16.2129153	48.0694785
	16.2131387	48.069489
	16.2132991	48.0694082
	16.2137438	48.0693736
	16.2141802	48.0692919
	16.2144592	48.0692064
	16.2146507	48.0690367
	16.2148202	48.0689814
	16.2152083	48.0689092
	16.2153666	48.0688741
	16.2155718	48.0688633
	16.2155661	48.0689417
	16.2157705	48.0689087
	16.2161259	48.0689366
	16.2163463	48.0690293
	16.216673	48.0691206
	16.2170739	48.0694302
	16.2173383	48.0697112
	16.217591	48.0702685
	16.2178044	48.0707244
	16.2185573	48.0717824
	16.2189519	48.0722633
	16.2191748	48.0724264
	16.2193883	48.0723954
	16.2195718	48.0722927
	16.2198328	48.0722736
	16.2200544	48.072219
	16.2204435	48.0724169
	16.2211354	48.0725214
	16.2212803	48.072368
	16.2217867	48.0723753
	16.2230146	48.0723407
	16.2243488	48.0723583
	16.2265262	48.0724139
	16.2276131	48.0724329
	16.2278887	48.0721569
	16.2278016	48.0718065
	16.2278751	48.0714778
	16.227951	48.071374
	16.2283461	48.0709154
	16.2284021	48.0707752
	16.2285006	48.0704933
	16.2285491	48.0701371
	16.228647	48.0698651
	16.2288558	48.0693885
	16.2290534	48.0689994
	16.229365	48.0683993
	16.2296424	48.0682344
	16.2301992	48.0680595
	16.2308263	48.0678445
	16.2316561	48.0677733
	16.2321797	48.0675146
	16.2324955	48.0674065
	16.2326389	48.0673585
	16.2334828	48.0668519
	16.2340505	48.0665211
	16.2343244	48.0664441
	16.2345552	48.0664131
	16.2351903	48.0664024
	16.2354138	48.0664575
	16.2358809	48.0664418
	16.2364427	48.0663801
	16.2368108	48.0662973
	16.2370887	48.0662742
	16.2380272	48.0661953
	16.2383502	48.0662296
	16.2388777	48.0661877
	16.2390248	48.066254
	16.2391938	48.0664625
	16.2395348	48.0667254
	16.2397538	48.0668603
	16.2398329	48.0670105
	16.2398365	48.0671328
	16.2397503	48.0672479
	16.2396138	48.0673761
	16.239536	48.0674352
	16.2391676	48.0676542
	16.2389843	48.0678194
	16.2389158	48.0680059
	16.2389464	48.0683563
	16.239027	48.0685266
	16.2391321	48.068639
	16.2394481	48.0689737
	16.239654	48.0691422
	16.2401472	48.0695353
	16.2405755	48.069315
	16.2408224	48.0690019
	16.2411386	48.0685948
	16.2412019	48.0684199
	16.2416624	48.0681211
	16.2418203	48.0684517
	16.2421246	48.0686063
	16.2423097	48.0686728
	16.2430543	48.0687496
	16.2437403	48.0687845
	16.2440842	48.0688723
	16.2446166	48.068956
	16.2449214	48.0689452
	16.2452673	48.0689142
	16.2456493	48.0687524
	16.2462217	48.0683578
	16.246346	48.0682606
	16.2470408	48.0679528
	16.2475625	48.0677453
	16.2478897	48.0676571
	16.2481202	48.0676107
	16.2485332	48.0675644
	16.2488535	48.0675837
	16.2493839	48.0676414
	16.2498758	48.0676431
	16.2501837	48.067601
	16.2504973	48.0675327
	16.2509877	48.0674848
	16.2512655	48.0674404
	16.2516705	48.0674201
	16.2519623	48.0673776
	16.2521953	48.0673403
	16.252409	48.0672841
	16.253122	48.0670314
	16.2534304	48.0669394
	16.2543186	48.0667676
	16.2548627	48.0666723
	16.2555479	48.0665605
	16.2558279	48.0664588
	16.2561938	48.0663718
	16.2565663	48.0663437
	16.2572375	48.0662269
	16.2578334	48.0660129
	16.2583035	48.0659153
	16.2601355	48.0653207
	16.2602837	48.0652857
	16.260625	48.0652606
	16.2608708	48.0652425
	16.2614493	48.0652506
	16.2616389	48.0652996
	16.2617506	48.0653628
	16.262084	48.0654174
	16.2624501	48.0654138
	16.2638179	48.0655721
	16.2644998	48.0659473
	16.2646258	48.0660895
	16.2646854	48.0661989
	16.2645076	48.0662204
	16.2641751	48.0663497
	16.2637363	48.0664923
	16.2635527	48.0665463
	16.2628541	48.0666529
	16.2625279	48.0666375
	16.2619611	48.0665762
	16.2615143	48.0666105
	16.2606499	48.0666771
	16.259756	48.0668155
	16.2593863	48.0669119
	16.2586512	48.0673592
	16.2579632	48.0677479
	16.2571312	48.0679737
	16.2567684	48.0680144
	16.2562443	48.0683957
	16.2558938	48.0685909
	16.255055	48.0689834
	16.2546933	48.0691385
	16.254109	48.0694707
	16.2535441	48.0699451
	16.2531182	48.070189
	16.2527363	48.0703942
	16.2524212	48.0704365
	16.2518466	48.0704467
	16.2513113	48.0704656
	16.2509472	48.0708596
	16.2508839	48.071098
	16.2507851	48.0714374
	16.2507972	48.0715999
	16.250984	48.071942
	16.251049	48.0720777
	16.2509108	48.0722454
	16.2507391	48.0724466
	16.2502629	48.0727208
	16.2501065	48.0731137
	16.2501305	48.073443
	16.2503911	48.0738571
	16.2502297	48.0742537
	16.2505627	48.0746017
	16.2505862	48.0748746
	16.2502315	48.0750798
	16.2495245	48.0752044
	16.2488335	48.0756707
	16.2482676	48.0758728
	16.2481461	48.0760877
	16.2482951	48.0766361
	16.2484502	48.0771602
	16.2483971	48.0774495
	16.2481709	48.0776656
	16.2481407	48.077783
	16.2481399	48.0778683
	16.2481762	48.0779625
	16.2484953	48.0784021
	16.2486397	48.0787198
	16.2486401	48.079167
	16.2484816	48.0796022
	16.248439	48.0797144
	16.2484387	48.0797912
	16.2486145	48.0800744
	16.2488589	48.0802966
	16.2487049	48.0805052
	16.2486366	48.0807247
	16.2492978	48.0811927
	16.2499022	48.0812423
	16.2503428	48.0812708
	16.2509691	48.0813465
	16.2519517	48.0817577
	16.2531074	48.0822466
	16.2540084	48.0823885
	16.2548032	48.0831418
	16.2542693	48.0835307
	16.2539312	48.0837526
	16.2536935	48.0839351
	16.2534699	48.0840603
	16.2526136	48.084337
	16.2521367	48.0844857
	16.251569	48.0846642
	16.2507121	48.0847246
	16.2500173	48.0847062
	16.2499425	48.0847522
	16.2499614	48.0852803
	16.2504128	48.085277
	16.2509535	48.0853295
	16.2518261	48.0853995
	16.2519889	48.0853694
	16.2527804	48.0852927
	16.2537295	48.0852118
	16.2542881	48.0851149
	16.2549413	48.0849493
	16.2559474	48.0846854
	16.2560084	48.0847845
	16.2567749	48.0845308
	16.2577663	48.0841503
	16.2579632	48.0841311
	16.2580824	48.08425
	16.2582411	48.0843503
	16.2584443	48.0845709
	16.2584068	48.0846026
	16.2581824	48.0848189
	16.2579192	48.0849965
	16.2578795	48.0850767
	16.2575026	48.0852903
	16.2573441	48.0853374
	16.2573053	48.0854954
	16.2572917	48.085566
	16.2572404	48.0856674
	16.2570656	48.085786
	16.2571787	48.0858375
	16.2572717	48.085805
	16.2576094	48.0855215
	16.2578291	48.0852962
	16.2580246	48.0851786
	16.2583141	48.0851119
	16.2595177	48.084923
	16.2603322	48.0848034
	16.260723	48.0846767
	16.2610758	48.08442
	16.2611611	48.0843576
	16.2614972	48.0841643
	16.2622803	48.0839155
	16.2628723	48.0837691
	16.263733	48.0834443
	16.2638971	48.0833523
	16.2639753	48.0833964
	16.264081	48.0833084
	16.2641232	48.0833658
	16.2641972	48.0832884
	16.2641387	48.0835028
	16.2640559	48.0837384
	16.2641589	48.0840776
	16.2641096	48.0844794
	16.2644386	48.0847075
	16.26459	48.0849024
	16.2646517	48.0852104
	16.2647219	48.0855461
	16.2647055	48.085651
	16.2647303	48.086016
	16.2649027	48.086478
	16.2651214	48.0871202
	16.2651313	48.0873593
	16.2650834	48.0874643
	16.2650031	48.0881278
	16.2650202	48.0882311
	16.2656837	48.0890978
	16.2658209	48.0893629
	16.2658147	48.0894263
	16.2657935	48.0894817
	16.2656927	48.0897576
	16.2658399	48.0901613
	16.2648594	48.0903681
	16.264409	48.0908466
	16.2642877	48.0910231
	16.2640557	48.091306
	16.2638249	48.09146
	16.2630919	48.0915715
	16.2628947	48.091586
	16.2624522	48.0915558
	16.2617425	48.0913504
	16.2614877	48.0919193
	16.2614226	48.0921933
	16.2613648	48.0924953
	16.2614353	48.0928723
	16.2614261	48.093074
	16.2613065	48.0931221
	16.2610216	48.0931613
	16.2609269	48.093201
	16.2606587	48.0934572
	16.2605288	48.093654
	16.2603268	48.0940553
	16.2599326	48.0946562
	16.2597103	48.0945297
	16.2595598	48.0943984
	16.259281	48.0943167
	16.2564705	48.0940439
	16.2563585	48.0940312
	16.2561848	48.0940116
	16.2559264	48.0939701
	16.2556496	48.0939064
	16.255437	48.0938395
	16.2544709	48.0934979
	16.252813	48.0936257
	16.2521495	48.0938184
	16.251549	48.0938846
	16.2512971	48.0939422
	16.2508985	48.094191
	16.2502537	48.09438
	16.249551	48.0945573
	16.248259	48.0947254
	16.2475149	48.0947526
	16.2467636	48.0949482
	16.246048	48.0950417
	16.2458334	48.0951073
	16.2454614	48.0952393
	16.2449226	48.0953318
	16.2438647	48.0950091
	16.243744	48.0945713
	16.2426553	48.0945719
	16.2426008	48.0941415
	16.2423712	48.0941612
	16.2421795	48.0937487
	16.2420019	48.0934375
	16.2417173	48.0929504
	16.2410328	48.0929287
	16.240587	48.0928132
	16.2402864	48.0926664
	16.2397427	48.0928071
	16.2396673	48.0927175
	16.2396163	48.0923074
	16.2397993	48.0918183
	16.239736	48.0914186
	16.2394042	48.0911622
	16.23901	48.090917
	16.2384933	48.0905407
	16.2377702	48.0902697
	16.2369797	48.090021
	16.2366689	48.0904261
	16.2362161	48.0907566
	16.2356091	48.0913301
	16.235078	48.0916461
	16.2346516	48.0918337
	16.2340156	48.0921938
	16.2334773	48.0924504
	16.2331296	48.0925233
	16.2328915	48.0925704
	16.2326725	48.0926136
	16.2325949	48.0925719
	16.2324811	48.0926098
	16.232012	48.0926856
	16.2317296	48.0926757
	16.2313374	48.0926908
	16.2311812	48.0927272
	16.2309254	48.0927398
	16.2307959	48.0927187
	16.2308046	48.0926544
	16.2309654	48.0925199
	16.2315601	48.0923567
	16.2323789	48.0920799
	16.2326985	48.0919543
	16.2330181	48.0917757
	16.233212	48.0915035
	16.2342404	48.0913672
	16.2346339	48.0912144
	16.2350024	48.0909537
	16.2351859	48.0907166
	16.2352678	48.0904268
	16.23514	48.0900015
	16.2350729	48.0897908
	16.2349577	48.0895889
	16.234638	48.0893478
	16.2343089	48.0892094
	16.2342244	48.0893565
	16.2335999	48.089247
	16.2329767	48.0890328
	16.2327379	48.0889212
	16.2321615	48.0884863
	16.2318107	48.0882942
	16.2309214	48.0876274
	16.2306469	48.087335
	16.2306399	48.0871326
	16.2299008	48.0865633
	16.2294069	48.0863054
	16.2292821	48.0862519
	16.229058	48.0860804
	16.2286706	48.085932
	16.2284365	48.0857812
	16.2281492	48.0854788
	16.2278319	48.0849369
	16.2279243	48.084856
	16.2278748	48.0847638
	16.2275257	48.0844455
	16.2271328	48.0841495
	16.2270818	48.0842342
	16.2267259	48.0849042
	16.2263489	48.0849322
	16.2257587	48.0848944
	16.2248811	48.0848849
	16.2245316	48.0847916
	16.2241323	48.0845923
	16.2235624	48.0845736
	16.2224699	48.0845782
	16.2218682	48.0846342
	16.2212475	48.0846518
	16.220832	48.0845642
	16.2204933	48.0848154
	16.220173	48.0855901
	16.2201827	48.086061
	16.220074	48.0863249
	16.2199769	48.0863461
	16.2199902	48.0862412
	16.2199909	48.0861356
	16.2198938	48.0860893
	16.2197055	48.0860727
	16.2193409	48.0858
	16.2188833	48.0857055
	16.218522	48.0856921
	16.2179889	48.0858456
	16.2174308	48.0862569
	16.2172985	48.08628
	16.2168586	48.0862633
	16.2162256	48.0862418
	16.2151152	48.0864303
	16.2147037	48.0867062
	16.2144757	48.0870058
	16.2139409	48.0872127
	16.2132129	48.0871413
	16.2127964	48.0880328
	16.2125842	48.0881175
	16.21245	48.0890481
	16.2125739	48.0892097
	16.2125398	48.0896676
	16.212447	48.0902629
	16.2123686	48.0905738
	16.2122644	48.0906756
	16.2120919	48.0909076
	16.2120861	48.0912155
	16.2121217	48.0914606
	16.212265	48.0916146
	16.21239	48.0916471
	16.2125334	48.0917866
	16.2126113	48.0919106
	16.2126866	48.0921226
	16.2127279	48.0923818
	16.2127214	48.0925392
	16.2127491	48.0929034
	16.2129777	48.0931089
	16.2131986	48.093248
	16.2132859	48.0932474
	16.2136437	48.0934317
	16.213878	48.0936698
	16.2140629	48.0937089
	16.2141195	48.0937559
	16.2141922	48.0941312
	16.2141462	48.094206
	16.2141163	48.0942905
	16.2142995	48.0945178
	16.2145248	48.0947185
	16.2147348	48.0948122
	16.2149304	48.0949256
	16.2149789	48.094993
	16.2149426	48.0950832
	16.2149869	48.0952605
	16.2150474	48.095371
	16.2151158	48.0954502
	16.2151928	48.0954192
	16.2152025	48.095361
	16.215268	48.0953201
	16.2155245	48.0953594
	16.2158341	48.0954546
	16.2158869	48.0955553
	16.2160909	48.095703
	16.2163352	48.0958321
	16.2168025	48.0959271
	16.2171552	48.0959686
	16.21729	48.0959562
	16.2174021	48.0959022
	16.2179691	48.0961294
	16.2182619	48.0962638
	16.2184555	48.0962899
	16.2186179	48.0962731
	16.2186584	48.0965206
	16.2186279	48.0965504
	16.2183895	48.0973724
	16.2192171	48.0979866
	16.2196156	48.0982741
	16.2200505	48.0985899
	16.2204854	48.0989226
	16.221215	48.0994554
	16.2221568	48.1000478
	16.222275	48.1001718
	16.2221834	48.1006398
	16.2218103	48.1012275
	16.2213299	48.1016643
	16.2212263	48.1022114
	16.2223477	48.1025724
	16.2231526	48.1028638
	16.2237774	48.1029815
	16.2240995	48.1030874
	16.2211846	48.10377
	16.2206484	48.1040919
	16.2202854	48.104113
	16.2200607	48.1041028
	16.2196393	48.1040288
	16.219305	48.103955
	16.2189111	48.1038255
	16.2185891	48.1037398
	16.2180364	48.1036128
	16.2173409	48.1035594
	16.2170842	48.1035662
	16.2165894	48.1036552
	16.216387	48.1036316
	16.2159762	48.1035341
	16.215805	48.1035418
	16.215706	48.1035902
	16.2155855	48.1036907
	16.2151026	48.1042865
	16.2147259	48.104882
	16.2145739	48.1052207
	16.2143505	48.1055775
	16.2139197	48.1058764
	16.2135621	48.1061242
	16.2130715	48.1063068
	16.2126538	48.1063727
	16.2118172	48.1064896
	16.2116041	48.1065054
	16.2114998	48.1064895
	16.2114372	48.1064237
	16.2115502	48.1061714
	16.211301	48.1057094
	16.2110869	48.1055154
	16.2109142	48.1051429
	16.2106613	48.1048478
	16.2103893	48.104354
	16.2099383	48.1040841
	16.2096424	48.1035687
	16.209291	48.1034187
	16.2089862	48.1033243
	16.2088124	48.1032779
	16.2086294	48.1031159
	16.2084287	48.1030066
	16.208286	48.1029695
	16.208118	48.1029568
	16.2078935	48.1030215
	16.2077838	48.1031331
	16.2072412	48.1026835
	16.2078897	48.1020696
	16.2086692	48.1015445
	16.208503	48.1013387
	16.2076862	48.1010593
	16.2069951	48.1009166
	16.2060276	48.1007827
	16.2063993	48.1005196
	16.2064353	48.1003906
	16.206429	48.1001274
	16.2063884	48.0999879
	16.2062974	48.0997882
	16.2060055	48.0994292
	16.2058279	48.0991481
	16.2056093	48.0990214
	16.2055423	48.0989196
	16.2055498	48.0987517
	16.205328	48.0985512
	16.204919	48.0986574
	16.2046609	48.0987817
	16.2044482	48.0989165
	16.2041011	48.0991582
	16.2039068	48.0997854
	16.2036512	48.0999168
	16.2032301	48.1000484
	16.2024878	48.0999574
	16.2021886	48.0996242
	16.2014598	48.0985794
	16.201128	48.0982284
	16.2009579	48.0979695
	16.200785	48.0980592
	16.2005201	48.0980637
	16.1998941	48.097892
	16.1997105	48.0978558
	16.1994204	48.0978481
	16.199405	48.0979434
	16.1992159	48.0980808
	16.1988512	48.0981907
	16.1983981	48.0982623
	16.1977657	48.0982944
	16.1976354	48.0983788
	16.1974294	48.0985674
	16.1973332	48.098622
	16.1971345	48.0987254
	16.1969878	48.0986309
	16.1971325	48.0984883
	16.197231	48.0984167
	16.1969812	48.0984072
	16.1967572	48.0984418
	16.1964806	48.0985863
	16.196002	48.0987027
	16.1954315	48.0989094
	16.1947969	48.0990412
	16.1945997	48.0990624
	16.1940043	48.0990117
	16.1937026	48.0990592
	16.1935268	48.0990972
	16.1933365	48.0991596
	16.193223	48.099254
	16.1932054	48.0995234
	16.1930552	48.0995112
	16.1930076	48.0994212
	16.1928476	48.0994012
	16.1924973	48.0994038
	16.1920631	48.0993835
	16.1917443	48.0993325
	16.1918111	48.0992051
	16.191069	48.0991686
	16.1908617	48.099103
	16.1906698	48.0990898
	16.1892051	48.0993001
	16.1889065	48.099326
	16.1885699	48.0992998
	16.1883979	48.0993822
	16.1882062	48.0994343
	16.1874532	48.0995054
	16.187108	48.0996156
	16.186466	48.0998877
	16.1858865	48.0999856
	16.1856452	48.1000578
	16.184663	48.1000321
	16.1846521	48.099912
	16.1843409	48.0998564
	16.1839379	48.0998585
	16.1835374	48.0998297
	16.1832944	48.0998045
	16.1830101	48.0997227
	16.1828169	48.0996457
	16.1824305	48.0995901
	16.1821894	48.0995801
	16.1823804	48.0994926
	16.18307	48.0994799
	16.1838	48.0994122
	16.1844883	48.0992296
	16.1848659	48.0990086
	16.1849723	48.0989205
	16.1852909	48.0986114
	16.1856107	48.0984322
	16.1859326	48.0981005
	16.1862382	48.0979037
	16.1868701	48.0980946
	16.1873817	48.0981931
	16.1876668	48.0981782
	16.1883445	48.0980313
	16.1888368	48.097929
	16.1893189	48.0978161
	16.1896602	48.0977321
	16.190378	48.0973852
	16.1906175	48.0972358
	16.1907755	48.096911
	16.1907833	48.0968133
	16.1907902	48.0965715
	16.1910119	48.0962973
	16.1912055	48.0959952
	16.1914355	48.095855
	16.1918885	48.0956884
	16.1923725	48.0954181
	16.1924662	48.0950774
	16.1926136	48.0948005
	16.1927933	48.0946382
	16.193102	48.0945145
	16.1934724	48.0943392
	16.1936036	48.0941846
	16.1935187	48.0938341
	16.1934801	48.0937362
	16.1935727	48.0936125
	16.1939382	48.0934862
	16.1940899	48.0933899
	16.194152	48.0932579
	16.1941746	48.0930713
	16.1942286	48.0928806
	16.194349	48.092664
	16.1942672	48.0924889
	16.1936646	48.0921552
	16.1932409	48.0917003
	16.1923843	48.0919837
	16.1912468	48.092135
	16.1902854	48.0924528
	16.1899798	48.0923217
	16.189506	48.0920198
	16.1891947	48.0919185
	16.1879683	48.0912281
	16.1868668	48.0910869
	16.1857633	48.0909116
	16.1850765	48.0907158
	16.1844823	48.0904529
	16.1841612	48.089999
	16.1841386	48.0897755
	16.1840576	48.0895149
	16.1839344	48.0893962
	16.1835872	48.0890148
	16.1830873	48.0882964
	16.1828807	48.0878841
	16.182845	48.0875695
	16.1830547	48.0872055
	16.1836498	48.0865921
	16.183588	48.0865731
	16.1829657	48.086737
	16.1824924	48.0868338
	16.1820867	48.0868798
	16.1816104	48.0870178
	16.180894	48.0870457
	16.1805657	48.0870625
	16.1803586	48.0871914
	16.1799442	48.0872491
	16.1798291	48.0872003
	16.1796842	48.087221
	16.17915	48.0875096
	16.1789108	48.087489
	16.1781777	48.0877209
	16.1774963	48.0878502
	16.1771469	48.0880568
	16.1764678	48.0883216
	16.1761992	48.0883943
	16.1759255	48.0884558
	16.1758102	48.0885612
	16.1753879	48.0887938
	16.1746978	48.0890489
	16.1744391	48.0890309
	16.1740771	48.0894111
	16.173666	48.0895473
	16.1734938	48.0896905
	16.1732395	48.0896594
	16.1728261	48.0896154
	16.172176	48.0895473
	16.170938	48.0889925
END
END
