7871614
1
	16.4629489	47.4303856
	16.4634168	47.4302595
	16.4636522	47.4302293
	16.4637938	47.430207
	16.4640093	47.4301776
	16.4643047	47.4300695
	16.4643652	47.430004
	16.464266	47.4296649
	16.4647163	47.4295847
	16.4652199	47.4297681
	16.4654547	47.4297468
	16.4657743	47.4297779
	16.465951	47.4298844
	16.4661496	47.4298713
	16.4663457	47.4297992
	16.4664643	47.4297157
	16.4666314	47.4297108
	16.4668614	47.4298353
	16.4669994	47.4298091
	16.4671374	47.429678
	16.467193	47.4296944
	16.4672972	47.4296944
	16.4673238	47.4296813
	16.4673625	47.4295372
	16.4674327	47.4295257
	16.4675296	47.4295503
	16.4675949	47.4294176
	16.4676385	47.4293848
	16.4677838	47.4293603
	16.4677862	47.4292686
	16.4679702	47.4292669
	16.4680622	47.4293472
	16.4681058	47.4293636
	16.46813	47.4293128
	16.4682317	47.4292931
	16.468268	47.4293161
	16.4682317	47.4295028
	16.4684254	47.4295224
	16.4684738	47.4295061
	16.4684762	47.4294569
	16.4685779	47.4294536
	16.4686166	47.429488
	16.4687086	47.4294831
	16.4688006	47.4294504
	16.4689895	47.4294258
	16.4690379	47.429452
	16.4691687	47.4294471
	16.4691953	47.4294307
	16.4691832	47.4293865
	16.4692849	47.4293439
	16.469527	47.4294569
	16.4695367	47.4295159
	16.4696432	47.4295028
	16.469665	47.4294078
	16.4697037	47.4293996
	16.4697691	47.4294504
	16.4699458	47.4294586
	16.4699773	47.4293881
	16.4700063	47.4293685
	16.4702146	47.4294291
	16.4704034	47.4293963
	16.4704639	47.4294323
	16.4704954	47.4294946
	16.4706455	47.429452
	16.4707206	47.4294897
	16.4707109	47.4295617
	16.470798	47.4295667
	16.470844	47.4295044
	16.4709627	47.4294569
	16.4710208	47.4294766
	16.4710692	47.4294586
	16.4710862	47.4294242
	16.471166	47.429434
	16.4713162	47.4293767
	16.47135	47.4293341
	16.4714324	47.4293046
	16.4714493	47.4292718
	16.4714493	47.4291932
	16.4714178	47.4291768
	16.4711927	47.4291981
	16.4711564	47.4291375
	16.4712411	47.4289852
	16.4712871	47.4289475
	16.4714929	47.4289934
	16.4717277	47.4289852
	16.4717665	47.4289705
	16.4717641	47.428882
	16.471643	47.4288427
	16.4716527	47.4287805
	16.4717931	47.4287297
	16.4718343	47.428733
	16.4718464	47.4287772
	16.4719093	47.4288558
	16.4720764	47.428923
	16.4721078	47.4290376
	16.4721514	47.4290425
	16.4722822	47.4289574
	16.4722797	47.4288853
	16.4723935	47.4288689
	16.4724589	47.4288853
	16.47258	47.4288787
	16.47258	47.4290262
	16.4726429	47.4290638
	16.4727155	47.4290556
	16.4727664	47.4290294
	16.47281	47.4289443
	16.4729262	47.4288902
	16.4729964	47.4287969
	16.4729431	47.4287756
	16.4729238	47.4286953
	16.472885	47.4286675
	16.4728729	47.4286445
	16.4729092	47.4286134
	16.4729116	47.4285348
	16.4729577	47.4285086
	16.4730303	47.4285266
	16.4731659	47.4286855
	16.4732143	47.428692
	16.4732433	47.4286413
	16.4733063	47.428638
	16.4733208	47.4285774
	16.4734709	47.4285561
	16.4735218	47.4285741
	16.4736452	47.4285823
	16.4737929	47.4284988
	16.4737155	47.4284496
	16.4737106	47.428389
	16.4737832	47.4283448
	16.47396	47.4282989
	16.4740205	47.4282269
	16.4741149	47.4282318
	16.47419	47.4281974
	16.4742336	47.4281008
	16.4741948	47.4280664
	16.474144	47.4280745
	16.4741149	47.4280221
	16.4742094	47.4280041
	16.4743595	47.4280401
	16.4744854	47.428032
	16.4745435	47.4279976
	16.4745774	47.4280287
	16.4745314	47.4281532
	16.474604	47.42824
	16.4746427	47.4282547
	16.4746839	47.4282498
	16.4747202	47.4282203
	16.4749793	47.4282351
	16.4750592	47.428145
	16.4749623	47.4280876
	16.475001	47.4280516
	16.4750035	47.4280139
	16.4750616	47.4279648
	16.4751608	47.4279664
	16.4751899	47.427991
	16.475386	47.4279976
	16.4753884	47.4279714
	16.4754974	47.4279173
	16.4755337	47.4278633
	16.4757322	47.4279239
	16.4757588	47.4279091
	16.4757855	47.4278665
	16.4758726	47.427819
	16.4759525	47.4278665
	16.4759259	47.4279189
	16.4759622	47.4279697
	16.4761026	47.4279435
	16.4762213	47.4279648
	16.4763109	47.4280156
	16.4763665	47.4280025
	16.4763665	47.4279681
	16.4762987	47.4278944
	16.476306	47.4278387
	16.4764271	47.4278125
	16.4764513	47.4277404
	16.4765554	47.4277355
	16.4767176	47.427801
	16.47672	47.427878
	16.4766692	47.4279435
	16.4766958	47.4280025
	16.4767975	47.4280025
	16.4768629	47.4279714
	16.476904	47.4279828
	16.4770929	47.4281368
	16.4770662	47.4282498
	16.4770372	47.4283317
	16.4771292	47.4283972
	16.4772962	47.4283956
	16.4773059	47.4283219
	16.4774342	47.4283415
	16.4775166	47.4283251
	16.4775601	47.4282957
	16.4775795	47.4282351
	16.4776933	47.4282236
	16.4778386	47.4281745
	16.4778216	47.4281384
	16.4776812	47.4281057
	16.4776594	47.4280483
	16.477749	47.4280189
	16.4777272	47.4279714
	16.4779717	47.4278469
	16.4780758	47.4278747
	16.4781436	47.4278682
	16.4782187	47.4278125
	16.4783131	47.4277994
	16.4783639	47.4278534
	16.4784293	47.4278387
	16.4784777	47.4278714
	16.4785867	47.4278649
	16.4786932	47.4279026
	16.4787925	47.4279091
	16.4788482	47.4278551
	16.4788336	47.4277584
	16.4789256	47.4277175
	16.4790176	47.4278043
	16.4791459	47.4278305
	16.4791726	47.4278813
	16.4792404	47.4279042
	16.4791944	47.427955
	16.4793421	47.4280189
	16.4794389	47.4279664
	16.479468	47.4279353
	16.479543	47.4279255
	16.4796229	47.4279468
	16.4796955	47.4278993
	16.4796762	47.4277453
	16.4796907	47.4277273
	16.4797367	47.4277289
	16.4798093	47.4277633
	16.4798432	47.4277584
	16.4798771	47.4276929
	16.4799231	47.4276962
	16.4800175	47.4277977
	16.4801192	47.4277994
	16.4801943	47.4277339
	16.4802427	47.4277535
	16.4802088	47.42786
	16.4802572	47.4278796
	16.4803202	47.4278616
	16.4804049	47.4278092
	16.4804533	47.427747
	16.4805114	47.4277191
	16.4805018	47.4276765
	16.4804606	47.4276307
	16.4804558	47.4275668
	16.4805332	47.4274947
	16.4806131	47.427439
	16.4806979	47.4274472
	16.4807802	47.4274292
	16.480831	47.4274341
	16.4808964	47.4274702
	16.4809472	47.4275652
	16.4810441	47.4275668
	16.4811143	47.4275864
	16.4811216	47.427629
	16.4811676	47.4276405
	16.4812257	47.427629
	16.4812813	47.4275652
	16.4812741	47.4275242
	16.4812959	47.4274996
	16.4813976	47.427498
	16.4814678	47.4275177
	16.4815162	47.4275111
	16.4816518	47.427575
	16.4817075	47.4275635
	16.4817341	47.42748
	16.4818261	47.4274046
	16.4818164	47.4273473
	16.4818334	47.4272572
	16.4818576	47.4272523
	16.4819568	47.4272933
	16.4821311	47.4273096
	16.4821917	47.4273653
	16.4823248	47.4274046
	16.4824023	47.4273948
	16.4824531	47.4273293
	16.4826226	47.4273326
	16.4826517	47.4273014
	16.4826178	47.4272523
	16.4826783	47.4272163
	16.4827752	47.4272458
	16.4829132	47.4272408
	16.4830003	47.4271835
	16.4830608	47.4271786
	16.4831189	47.4272212
	16.4833272	47.4272179
	16.483349	47.4271884
	16.4833175	47.4271344
	16.4833417	47.4270836
	16.4834748	47.4270164
	16.4834216	47.4269673
	16.483441	47.4269346
	16.483516	47.4269247
	16.4835959	47.4268576
	16.4837509	47.4268084
	16.4838646	47.4268084
	16.4839809	47.4267921
	16.4840172	47.4267773
	16.4840196	47.4267462
	16.4840583	47.4267298
	16.4841237	47.4267347
	16.4841818	47.4267888
	16.4841818	47.4268772
	16.484252	47.4269018
	16.4844505	47.4269182
	16.4845401	47.4268674
	16.4845353	47.4268183
	16.4845474	47.4267806
	16.484545	47.4267069
	16.4845571	47.4266659
	16.4846103	47.4266332
	16.4847048	47.4264792
	16.4847992	47.4264612
	16.4848331	47.4263777
	16.4849251	47.426322
	16.4851672	47.4263629
	16.4852471	47.426358
	16.4852422	47.4263154
	16.485373	47.4262679
	16.485402	47.4262171
	16.4854311	47.4262089
	16.48577	47.4262515
	16.4858112	47.426204
	16.4860121	47.4261729
	16.486046	47.4261303
	16.4859928	47.4260926
	16.4860073	47.4260337
	16.4859952	47.4259665
	16.4860315	47.4258945
	16.4860969	47.4258453
	16.4863535	47.4257732
	16.4864237	47.4258142
	16.4864019	47.4258912
	16.4864407	47.4259911
	16.4865642	47.4260157
	16.4866005	47.4260091
	16.4866368	47.4259501
	16.4867942	47.425919
	16.4868498	47.4258633
	16.4868111	47.4258224
	16.4868063	47.42577
	16.4869322	47.4257143
	16.4870024	47.4257356
	16.4870266	47.4257208
	16.4870266	47.4256832
	16.4871041	47.4256438
	16.4873316	47.4256307
	16.4873922	47.4257143
	16.4875035	47.4257716
	16.4876173	47.4257667
	16.4876827	47.4257765
	16.4876706	47.4258617
	16.4877142	47.4258666
	16.4877626	47.425847
	16.4878376	47.4257487
	16.4878933	47.425729
	16.4878933	47.4256832
	16.4878643	47.4256799
	16.4878473	47.4256619
	16.487949	47.4255652
	16.4880144	47.4255718
	16.4880604	47.4255226
	16.4880289	47.4254719
	16.4879829	47.4254719
	16.48792	47.4253703
	16.4879781	47.4253277
	16.487995	47.4252081
	16.4882153	47.4253834
	16.4886563	47.425534
	16.4888058	47.4256198
	16.4894959	47.4265087
	16.4896902	47.4267218
	16.4899954	47.4269543
	16.4902738	47.4271143
	16.4916024	47.4276749
	16.4917975	47.4277155
	16.4920372	47.4277367
	16.4935696	47.4277516
	16.4959807	47.4277391
	16.4973631	47.4273155
	16.4988605	47.4271294
	16.4994798	47.4270145
	16.5012881	47.4270026
	16.5020083	47.426964
	16.5021947	47.4269395
	16.5032494	47.4266932
	16.5033132	47.4271901
	16.5033762	47.4273064
	16.5034972	47.427462
	16.5036837	47.4276143
	16.5043494	47.4279861
	16.504761	47.428199
	16.5050201	47.4282809
	16.5050612	47.4282596
	16.5055019	47.4286707
	16.5057464	47.429072
	16.5058263	47.4294373
	16.5057319	47.4299221
	16.5057222	47.4301858
	16.5057609	47.4304707
	16.5058457	47.4307148
	16.5059353	47.4308769
	16.5061459	47.4310341
	16.5067609	47.4313126
	16.507003	47.4314731
	16.5072402	47.432025
	16.5075162	47.4324181
	16.5080174	47.4328062
	16.5091892	47.4335449
	16.5097654	47.4343637
	16.5098429	47.4343359
	16.5112713	47.4349181
	16.5111527	47.4341164
	16.511206	47.4336873
	16.5112786	47.4334613
	16.512293	47.4334314
	16.5125932	47.4334974
	16.5132421	47.4339625
	16.5138542	47.4332011
	16.5142105	47.4334269
	16.5145132	47.4335301
	16.5136333	47.4345805
	16.5132841	47.4344346
	16.5132494	47.4345881
	16.5179029	47.4374529
	16.5144077	47.4400825
	16.5146086	47.4403345
	16.5109384	47.4430938
	16.5111891	47.4432507
	16.5113751	47.4433989
	16.5115045	47.443521
	16.5116269	47.4436616
	16.5117052	47.4437742
	16.5119582	47.4441878
	16.5123818	47.4441887
	16.5124444	47.4442775
	16.5126594	47.4444596
	16.5128092	47.4445769
	16.5129444	47.4446445
	16.513048	47.444671
	16.5131986	47.4446799
	16.5136251	47.4446767
	16.5138037	47.4443689
	16.514191	47.4440666
	16.5147851	47.4436345
	16.5167212	47.4448407
	16.5171086	47.4444215
	16.517571	47.4440187
	16.5182005	47.4435341
	16.5184815	47.4437353
	16.5189386	47.4438429
	16.520679	47.4449888
	16.5205623	47.4452881
	16.5227962	47.4467543
	16.5228809	47.4484019
	16.5225512	47.448356
	16.5207205	47.4481758
	16.5207158	47.4482155
	16.5207747	47.4483228
	16.5212878	47.4485622
	16.5210936	47.4488322
	16.5211391	47.4488718
	16.5212083	47.4489692
	16.5212557	47.4490903
	16.5213216	47.4495344
	16.5213128	47.4496403
	16.5212554	47.4497338
	16.5206546	47.450225
	16.5208798	47.4504919
	16.5208012	47.4505783
	16.5204836	47.4513501
	16.5225318	47.4521707
	16.5256841	47.4533855
	16.5257397	47.4534935
	16.5279671	47.4551224
	16.5283787	47.4557897
	16.5286596	47.4560457
	16.5286184	47.4566367
	16.5282286	47.4573161
	16.5281003	47.4575223
	16.5274079	47.4583539
	16.527081	47.4588073
	16.5263765	47.459544
	16.52609	47.4601661
	16.5258392	47.4608604
	16.5251073	47.4614374
	16.5246933	47.4620276
	16.5244591	47.4624066
	16.5243787	47.463411
	16.5241729	47.4636845
	16.5236657	47.4643807
	16.5230279	47.4647257
	16.5224639	47.4649806
	16.5222168	47.4650893
	16.5221342	47.465097
	16.521812	47.4648153
	16.5212395	47.4643515
	16.5205145	47.4637861
	16.519492	47.4628717
	16.518823	47.4622278
	16.5183556	47.4617084
	16.5175756	47.4607248
	16.5165853	47.4599743
	16.5157527	47.4596721
	16.5156768	47.4594706
	16.5157264	47.4593047
	16.5145141	47.4590045
	16.5147273	47.4589353
	16.5148091	47.458882
	16.5148033	47.4588149
	16.5147624	47.4588089
	16.514744	47.4586989
	16.5099826	47.4569993
	16.5098849	47.4571109
	16.5093738	47.4575731
	16.5073704	47.4568731
	16.5072004	47.4570743
	16.5070067	47.4572837
	16.5065703	47.4572685
	16.5063869	47.4575149
	16.5060359	47.4576034
	16.5054772	47.4574291
	16.5054682	47.4571294
	16.5049742	47.4569753
	16.5042428	47.4570429
	16.5040312	47.4573649
	16.504371	47.4576473
	16.5041955	47.4579196
	16.5039831	47.4582005
	16.5016864	47.4573791
	16.5001165	47.4568567
	16.495974	47.4553742
	16.4951671	47.4549935
	16.4937748	47.4542309
	16.4929733	47.4537895
	16.4916058	47.4531525
	16.4911431	47.4528061
	16.4906391	47.452496
	16.4900524	47.4522418
	16.4895691	47.4523927
	16.488247	47.4515769
	16.4875117	47.4512948
	16.4863012	47.4506047
	16.4850328	47.4498979
	16.4845619	47.4495766
	16.484	47.4489703
	16.4834505	47.4483361
	16.4827812	47.4479366
	16.4821244	47.4474561
	16.4816451	47.4470035
	16.480385	47.4473778
	16.479848	47.4475008
	16.4796414	47.4476349
	16.4793522	47.4476656
	16.4789928	47.4473164
	16.4790341	47.4472214
	16.4791622	47.4471124
	16.4797488	47.446833
	16.4805173	47.4461597
	16.4807156	47.4460535
	16.4810289	47.445957
	16.4816038	47.4455338
	16.4818104	47.44526
	16.4818765	47.4452572
	16.4818641	47.4451818
	16.4817773	47.4451511
	16.4816782	47.4452405
	16.481579	47.4452433
	16.4814096	47.4453634
	16.4813063	47.4453774
	16.4810939	47.4452315
	16.4808354	47.4451958
	16.4807238	47.4452069
	16.4806288	47.4451343
	16.4806577	47.44507
	16.4805875	47.4450002
	16.4804388	47.4449946
	16.4804264	47.4449583
	16.4804635	47.4448996
	16.4804181	47.4448689
	16.4802528	47.4448744
	16.4802033	47.4449303
	16.4801983	47.4450455
	16.4801749	47.4451384
	16.4800581	47.4451601
	16.4798477	47.4451305
	16.4797104	47.445085
	16.4796754	47.4449546
	16.4794855	47.4448835
	16.4793715	47.4449349
	16.4793131	47.4449783
	16.4792342	47.4449645
	16.4790999	47.4448756
	16.4790969	47.4448302
	16.4791437	47.4447669
	16.4790999	47.4446998
	16.4788954	47.4445911
	16.4787347	47.4445733
	16.4787113	47.444518
	16.4788311	47.444435
	16.478834	47.444354
	16.47891	47.4443204
	16.4789012	47.4442533
	16.4789538	47.4442177
	16.4787844	47.4440063
	16.4786763	47.4439747
	16.4785857	47.4440182
	16.478539	47.4440083
	16.4784776	47.444032
	16.4784805	47.4440834
	16.4784396	47.4441347
	16.4783666	47.4441505
	16.4783549	47.4441169
	16.4782848	47.4440893
	16.4780511	47.4440458
	16.478054	47.443953
	16.47813	47.4439174
	16.4782498	47.443791
	16.4781504	47.4437732
	16.4781475	47.4437317
	16.4780336	47.4436941
	16.4777853	47.4436704
	16.4777824	47.4436309
	16.4776655	47.4435934
	16.47761	47.4435598
	16.4776071	47.4435064
	16.4776538	47.4435025
	16.477721	47.4433899
	16.4776859	47.4432654
	16.4775428	47.4432456
	16.4776363	47.4431745
	16.4776304	47.4431212
	16.4776743	47.443058
	16.4775574	47.44305
	16.4772215	47.4428485
	16.4771046	47.4427023
	16.4771163	47.4425936
	16.4772098	47.4425936
	16.4771893	47.4425344
	16.4771046	47.4424632
	16.4770783	47.4423091
	16.4771397	47.4422617
	16.4772069	47.4422499
	16.4772069	47.4422163
	16.4772916	47.4421906
	16.4774347	47.4421866
	16.4774055	47.4421175
	16.4774143	47.4420602
	16.4773646	47.4420226
	16.4772507	47.4420187
	16.4772039	47.4419594
	16.4771192	47.4419476
	16.4769878	47.4419891
	16.4769498	47.442072
	16.4768505	47.4420878
	16.4767833	47.4420701
	16.4767044	47.4420167
	16.476646	47.4420207
	16.476646	47.4419772
	16.4764882	47.441912
	16.4764911	47.4418745
	16.4764502	47.4418547
	16.4763509	47.4418745
	16.4762691	47.4418606
	16.4761435	47.4418922
	16.4761055	47.441827
	16.4760412	47.4417895
	16.4759536	47.4417856
	16.4758952	47.4417362
	16.4756615	47.4416551
	16.4755592	47.4416887
	16.4754891	47.4416907
	16.4754599	47.4416472
	16.4755066	47.4415544
	16.475492	47.441505
	16.4754453	47.441503
	16.4754307	47.4414734
	16.4754248	47.4413983
	16.475346	47.4413884
	16.4752875	47.4414773
	16.4752262	47.4414734
	16.4752262	47.4413588
	16.4751795	47.441337
	16.4751181	47.4413943
	16.4750568	47.4414141
	16.4749662	47.4413924
	16.4748114	47.4413983
	16.4746449	47.4413528
	16.474677	47.4412995
	16.4746711	47.441262
	16.4747033	47.4412442
	16.4747734	47.4412541
	16.4747938	47.4413015
	16.4748727	47.4413015
	16.4749516	47.4412541
	16.4748318	47.4412047
	16.4747763	47.4411454
	16.4746828	47.4411395
	16.4745835	47.441094
	16.4744579	47.441098
	16.4744053	47.4410743
	16.474344	47.441096
	16.4742885	47.4410802
	16.4742885	47.4410288
	16.4741716	47.4409755
	16.4740606	47.4409518
	16.4740489	47.4408925
	16.4739116	47.4408095
	16.4737451	47.4408154
	16.4737655	47.4409024
	16.4736049	47.441011
	16.4734997	47.441013
	16.473415	47.4409439
	16.4733303	47.4409656
	16.4732046	47.44093
	16.4731287	47.4409241
	16.4729037	47.4409636
	16.472822	47.4410407
	16.4727285	47.4409913
	16.4726087	47.4409537
	16.4725298	47.4409043
	16.4723925	47.4408885
	16.4723545	47.4409142
	16.4722786	47.4409103
	16.4721909	47.4408451
	16.4721471	47.440853
	16.4721092	47.4408786
	16.4719631	47.4409122
	16.4719514	47.4409794
	16.4718375	47.4410031
	16.4717148	47.4410012
	16.4716242	47.4410229
	16.4715453	47.4410841
	16.4714898	47.4410387
	16.4714139	47.4410486
	16.4713642	47.4410999
	16.4711773	47.4411157
	16.4711568	47.441092
	16.4710721	47.4411533
	16.4709465	47.4411138
	16.470926	47.4410683
	16.4708617	47.4410782
	16.4707303	47.4410446
	16.4706982	47.4410091
	16.4706397	47.4410051
	16.470593	47.4409794
	16.4704615	47.4409695
	16.4703885	47.4409853
	16.4701606	47.4409103
	16.4700876	47.4408846
	16.4699912	47.4409221
	16.4698159	47.441017
	16.4697663	47.4410051
	16.4695939	47.4410881
	16.4695676	47.4411928
	16.4695355	47.4412145
	16.4693894	47.4412106
	16.4693222	47.4412343
	16.4692375	47.4411987
	16.4690973	47.4412541
	16.468995	47.4412303
	16.4688928	47.4412422
	16.4688081	47.4412323
	16.4686708	47.4412126
	16.4686153	47.441177
	16.4684867	47.4412264
	16.4682705	47.4412007
	16.4681946	47.4410999
	16.4681274	47.4411296
	16.4680807	47.4411217
	16.4680398	47.4410683
	16.4679463	47.4410525
	16.4679112	47.4410762
	16.4678323	47.441017
	16.4677914	47.44093
	16.4677243	47.4409063
	16.4675081	47.4409024
	16.4672744	47.440853
	16.4672276	47.440853
	16.4671897	47.44077
	16.4671312	47.4407364
	16.4669384	47.4406218
	16.4668508	47.4405922
	16.4668216	47.440523
	16.4667222	47.4404914
	16.466547	47.4404657
	16.4664622	47.4404163
	16.4664418	47.4403511
	16.4663688	47.4403313
	16.4663133	47.4403531
	16.4662519	47.4403432
	16.4661584	47.4402997
	16.4659422	47.4402642
	16.4658955	47.4402207
	16.4659569	47.4401456
	16.4660065	47.4400725
	16.4659773	47.4399954
	16.4658984	47.4399144
	16.4658342	47.439867
	16.4657553	47.4398611
	16.4656998	47.4398848
	16.4655946	47.4398453
	16.465507	47.439701
	16.4654281	47.4395706
	16.4653492	47.4395331
	16.4652119	47.4394086
	16.4651418	47.4393829
	16.4650746	47.4393236
	16.4650688	47.4392703
	16.4649782	47.4392268
	16.4648906	47.4391162
	16.4648117	47.4390747
	16.4647357	47.4389462
	16.4647065	47.438885
	16.4646423	47.4388712
	16.4646247	47.4388119
	16.4644845	47.4386558
	16.4644173	47.4385313
	16.4644173	47.4384957
	16.4644319	47.4384108
	16.4643998	47.4383693
	16.4642975	47.4383278
	16.4642479	47.4382725
	16.4641223	47.4381993
	16.4641106	47.4379958
	16.4639119	47.4378555
	16.4638068	47.437816
	16.4636928	47.4377271
	16.4635059	47.4376164
	16.4633101	47.4374505
	16.4633744	47.4373754
	16.4635292	47.4366601
	16.4635034	47.4362332
	16.463312	47.4329805
	16.4632613	47.4321479
	16.4629489	47.4303856
END
END
