7871710
1
	16.1634839	47.9388501
	16.16366	47.9388586
	16.1640974	47.9389242
	16.1642345	47.9385093
	16.1644428	47.9385333
	16.1649491	47.9385894
	16.1652029	47.9386465
	16.1656428	47.9387931
	16.1661571	47.9388665
	16.1663475	47.9388386
	16.1667043	47.9387389
	16.1674309	47.9384706
	16.1679495	47.9383401
	16.1682537	47.9383504
	16.168593	47.9383049
	16.169276	47.9380973
	16.1697362	47.9384427
	16.1702661	47.9388287
	16.1709259	47.9394925
	16.1715147	47.9393693
	16.1719742	47.9392139
	16.1724885	47.9390849
	16.1730225	47.939082
	16.1737929	47.9388928
	16.1740227	47.9388283
	16.1743182	47.9387081
	16.1745808	47.93867
	16.1748934	47.9386673
	16.1748587	47.9380615
	16.1748135	47.9376412
	16.1747865	47.9372507
	16.1747055	47.9366936
	16.1746574	47.9364956
	16.1745129	47.9360616
	16.1746158	47.935915
	16.1746771	47.9354913
	16.1746705	47.9352288
	16.1750688	47.9351057
	16.1751958	47.934874
	16.1756991	47.93422
	16.176209	47.9340675
	16.1770166	47.9338287
	16.1775878	47.9336555
	16.1779183	47.9335778
	16.1783407	47.9335192
	16.1787477	47.9338153
	16.1788812	47.9344429
	16.1790147	47.9344253
	16.1792117	47.9343329
	16.1792883	47.9343197
	16.1793758	47.9343065
	16.1796188	47.9342948
	16.1796166	47.9337332
	16.1799098	47.9336497
	16.1802009	47.9336438
	16.1804395	47.9336878
	16.1807612	47.9337802
	16.1809428	47.9337596
	16.1811092	47.9336848
	16.1814177	47.9336482
	16.1818292	47.9335778
	16.1818729	47.9337171
	16.1818576	47.9338755
	16.182048	47.93394
	16.1824398	47.9339092
	16.1828403	47.9338227
	16.1833655	47.9338975
	16.183847	47.9339854
	16.1843	47.9340617
	16.184602	47.9342083
	16.1852564	47.934179
	16.1856657	47.9342362
	16.1864054	47.9343696
	16.1865892	47.9346555
	16.1871057	47.9347801
	16.1875872	47.9348153
	16.1875762	47.9349532
	16.1880402	47.9350148
	16.1886858	47.9350177
	16.1889134	47.9351922
	16.1892198	47.9351423
	16.1892767	47.9345661
	16.1892921	47.9343784
	16.1891586	47.9343667
	16.1889222	47.9341922
	16.1887471	47.9339913
	16.18885	47.9339576
	16.1891367	47.9339019
	16.1895831	47.9337538
	16.1899486	47.9336277
	16.1899442	47.9332919
	16.1900318	47.9333212
	16.1902966	47.9334253
	16.1905154	47.9335089
	16.1904979	47.9335822
	16.190684	47.933657
	16.1910998	47.933698
	16.1914587	47.9337347
	16.1914588	47.9336687
	16.1918021	47.93162
	16.1936166	47.9316573
	16.1936468	47.9315135
	16.1950063	47.9315295
	16.1960112	47.9315428
	16.1957812	47.9284979
	16.1960324	47.9285052
	16.1971462	47.928366
	16.197186	47.9273629
	16.1972458	47.9268786
	16.1974121	47.926577
	16.1977747	47.9261787
	16.199268	47.925272
	16.1998449	47.9249136
	16.2005691	47.9244827
	16.201161	47.9239823
	16.2014357	47.9239378
	16.2007882	47.9228996
	16.2006085	47.9222987
	16.2004296	47.9217145
	16.2005991	47.9216796
	16.2008386	47.921629
	16.2009024	47.9215555
	16.2011476	47.9211282
	16.2008461	47.9210058
	16.2005314	47.9209389
	16.2005507	47.9208529
	16.2006072	47.9207678
	16.2000325	47.9206912
	16.1991156	47.9205603
	16.1987668	47.9205375
	16.1985474	47.9206003
	16.1983375	47.9207105
	16.1980035	47.9209244
	16.1977651	47.9205607
	16.197646	47.9202691
	16.1975354	47.9199048
	16.1974542	47.9195057
	16.1974653	47.9193592
	16.1973214	47.918977
	16.1971317	47.9184074
	16.1975413	47.9182555
	16.1978512	47.9181305
	16.1983522	47.9178933
	16.1981883	47.9176271
	16.198121	47.9173689
	16.1982971	47.9171552
	16.1989404	47.9171254
	16.1996343	47.9170745
	16.2010148	47.9168388
	16.2009297	47.9165535
	16.200827	47.9163734
	16.2007307	47.9162639
	16.2003041	47.915866
	16.2001679	47.9157765
	16.1994176	47.9153213
	16.1979476	47.9146153
	16.197147	47.9142286
	16.1967247	47.9139689
	16.1965364	47.9138424
	16.1970788	47.91342
	16.1977112	47.9129092
	16.1982099	47.9125198
	16.1987685	47.9120359
	16.1990171	47.9118827
	16.1996767	47.911531
	16.2003096	47.9111943
	16.2005558	47.9110701
	16.2012729	47.910798
	16.2021319	47.9104537
	16.203078	47.9097665
	16.2034946	47.9095263
	16.2037241	47.9093945
	16.2043024	47.909077
	16.2047729	47.9089172
	16.2053836	47.908742
	16.2052737	47.9082104
	16.2052079	47.9077204
	16.2051873	47.9074792
	16.2051961	47.907073
	16.2052003	47.906899
	16.2052101	47.9065085
	16.2052254	47.9060358
	16.20521	47.9058403
	16.2049605	47.9058048
	16.2048024	47.9057695
	16.2045747	47.9057134
	16.2039948	47.9055457
	16.2038188	47.9054778
	16.204173	47.9043816
	16.2042372	47.9035665
	16.2041122	47.9027864
	16.2037491	47.9021372
	16.2053088	47.9017707
	16.2075324	47.9011383
	16.2072569	47.9004615
	16.2088874	47.9001596
	16.2097685	47.8999909
	16.2105922	47.8998729
	16.2112521	47.8998228
	16.2111408	47.8992103
	16.2110662	47.899045
	16.210902	47.898847
	16.2106987	47.8986228
	16.2106392	47.8983953
	16.2106656	47.8982307
	16.211451	47.8981084
	16.2119827	47.8980736
	16.2128281	47.8979839
	16.2136221	47.8979466
	16.2141293	47.8979831
	16.2156267	47.8980277
	16.2159972	47.8981491
	16.2169641	47.8981042
	16.2184999	47.8979297
	16.2189075	47.8979764
	16.2189288	47.898365
	16.2190637	47.8989565
	16.2190667	47.8992229
	16.2189873	47.8993428
	16.2190777	47.8996224
	16.219228	47.899792
	16.21937	47.900002
	16.2196168	47.9001569
	16.2198502	47.900286
	16.2201299	47.9005818
	16.2202817	47.9010566
	16.2204611	47.9015
	16.220448	47.9019524
	16.220645	47.902433
	16.220694	47.9027708
	16.2206985	47.9031069
	16.2206642	47.9034119
	16.2208748	47.9041293
	16.220904	47.9045852
	16.2211422	47.9050699
	16.2211655	47.9055435
	16.221102	47.90597
	16.2211813	47.9068494
	16.2214131	47.9072987
	16.2216842	47.9075343
	16.2219144	47.9077874
	16.2221405	47.9081213
	16.222439	47.9083856
	16.2227805	47.9085569
	16.223013	47.908576
	16.2237115	47.9088014
	16.2246867	47.9090724
	16.2260144	47.9091497
	16.2267858	47.9092186
	16.2274306	47.9093408
	16.2283536	47.909366
	16.2285912	47.9092946
	16.2293224	47.9093448
	16.2304087	47.9095341
	16.2310814	47.9096799
	16.2318303	47.9098375
	16.2316664	47.9103054
	16.2314025	47.9108012
	16.2313225	47.9108793
	16.2309312	47.9108348
	16.2302025	47.9107815
	16.2286194	47.9107516
	16.228076	47.9107761
	16.2275671	47.9108156
	16.2263894	47.911042
	16.2251505	47.9112588
	16.2242329	47.911559
	16.2238917	47.9118086
	16.2237584	47.9120912
	16.2232375	47.9126429
	16.222862	47.9129313
	16.222615	47.9131033
	16.2223905	47.9133778
	16.221804	47.9136985
	16.22241	47.914657
	16.2227928	47.9151971
	16.2246583	47.9150165
	16.2254058	47.9167507
	16.2257875	47.9166797
	16.2261861	47.9179768
	16.2264881	47.9179461
	16.2266179	47.9186089
	16.2271388	47.9185156
	16.2272273	47.9188134
	16.227742	47.9187653
	16.2281921	47.918791
	16.2281443	47.9183797
	16.2284566	47.9183605
	16.229251	47.9184807
	16.2294093	47.9193414
	16.2295128	47.9198343
	16.2307233	47.9194625
	16.2310232	47.9194169
	16.2315795	47.9193035
	16.2318235	47.9191658
	16.2322449	47.9189774
	16.2324541	47.9187521
	16.2336689	47.9180903
	16.2338033	47.917942
	16.2343054	47.9176673
	16.2345401	47.9176312
	16.2347214	47.9177717
	16.2349698	47.9178528
	16.2352342	47.9178692
	16.2355625	47.9177619
	16.2356433	47.9179729
	16.2358206	47.9190193
	16.2359418	47.9202026
	16.2359329	47.9206457
	16.2364164	47.9208422
	16.2373642	47.9211168
	16.2377708	47.9211988
	16.2382344	47.9213561
	16.2384473	47.9214421
	16.2390387	47.9216253
	16.2392781	47.9216763
	16.2395061	47.9211145
	16.2399144	47.920243
	16.2408275	47.9204067
	16.2416117	47.920515
	16.2419253	47.9204947
	16.2427125	47.920504
	16.2431657	47.9205688
	16.2433737	47.9206195
	16.2437305	47.9206752
	16.2452082	47.9207383
	16.2457343	47.9207877
	16.24622	47.9209223
	16.2469125	47.9210781
	16.2476247	47.9211195
	16.2482347	47.9212628
	16.2485281	47.9212164
	16.2486452	47.9212405
	16.2476716	47.9220375
	16.2466143	47.9229189
	16.2456238	47.9236918
	16.24498	47.9242062
	16.2441931	47.9248869
	16.2438211	47.9251635
	16.2435858	47.9250454
	16.2430279	47.9247634
	16.2420788	47.9245503
	16.2415836	47.9244929
	16.2409607	47.9244747
	16.2399483	47.9244705
	16.2389059	47.9244786
	16.2385983	47.9244602
	16.2375755	47.9243608
	16.2362908	47.9242422
	16.2360479	47.9249528
	16.2357392	47.9258878
	16.2354614	47.9266657
	16.2352765	47.9272009
	16.2349082	47.9270266
	16.2345721	47.926831
	16.234125	47.9266432
	16.2332584	47.9263416
	16.2326868	47.9261266
	16.2321854	47.9259316
	16.2320003	47.9258195
	16.2317849	47.925742
	16.231247	47.9256671
	16.230815	47.925693
	16.2303214	47.9257953
	16.2298481	47.9258588
	16.2292387	47.9259207
	16.2288208	47.9261609
	16.2284993	47.9263661
	16.2283694	47.9264978
	16.2282231	47.9266379
	16.2280646	47.9267018
	16.2279025	47.9266968
	16.2275116	47.9266432
	16.2272669	47.926608
	16.2266353	47.9266334
	16.226203	47.9266682
	16.2258567	47.9266971
	16.225743	47.926778
	16.2254588	47.9269414
	16.2252587	47.9271414
	16.2246768	47.9277795
	16.2246218	47.9278575
	16.2245124	47.9282209
	16.2237949	47.9283666
	16.2237911	47.92876
	16.2237045	47.9298854
	16.2236203	47.9300829
	16.2235609	47.9304543
	16.2234926	47.9308123
	16.2233805	47.9311282
	16.2232685	47.9314457
	16.223046	47.931862
	16.2229543	47.932012
	16.2227382	47.9323434
	16.2225486	47.9325918
	16.2221978	47.9329791
	16.2231238	47.9334615
	16.2240281	47.9338565
	16.2247249	47.9341253
	16.2254167	47.9344012
	16.2264767	47.9347724
	16.2273554	47.9350395
	16.2279593	47.9352098
	16.2281055	47.9352534
	16.228434	47.935354
	16.228929	47.9353901
	16.2294212	47.9348556
	16.2298855	47.9343457
	16.2299408	47.9343114
	16.2299581	47.934227
	16.2298667	47.9339811
	16.2302302	47.9338302
	16.2307065	47.9337785
	16.230953	47.9335701
	16.2311864	47.9334386
	16.2313768	47.9333838
	16.2316213	47.9332915
	16.2317934	47.9331981
	16.2320441	47.9330095
	16.2322247	47.9328069
	16.2323566	47.9326241
	16.2324823	47.9324326
	16.2326062	47.9321271
	16.2326877	47.9320208
	16.2330846	47.9316399
	16.2339381	47.9323711
	16.2341318	47.9324947
	16.2342918	47.9326497
	16.2342406	47.9332859
	16.2341727	47.9338575
	16.2340539	47.9347776
	16.2340954	47.9348777
	16.2340106	47.9355869
	16.2342751	47.9355607
	16.234625	47.9355826
	16.2351137	47.9356523
	16.2355616	47.935739
	16.2360874	47.9358891
	16.2373005	47.9362436
	16.2379387	47.9364343
	16.2385352	47.9365872
	16.2390312	47.9367043
	16.2398884	47.9368881
	16.2409649	47.9370542
	16.2416155	47.9371323
	16.2426633	47.9372081
	16.2438827	47.938073
	16.2434874	47.9386141
	16.2429389	47.9391207
	16.2421408	47.9398452
	16.2431851	47.9401101
	16.243287	47.9402064
	16.2430746	47.9409514
	16.2405805	47.9407627
	16.2397563	47.9408054
	16.2395009	47.940776
	16.2391541	47.9406718
	16.2384205	47.9405471
	16.2377089	47.9406567
	16.2373855	47.9408182
	16.2372889	47.9409391
	16.2364279	47.9411229
	16.235516	47.940408
	16.2343216	47.9394797
	16.2337873	47.9391114
	16.2335081	47.9389351
	16.2331945	47.938787
	16.2325843	47.9384331
	16.2324196	47.9384898
	16.2315653	47.9382952
	16.23094	47.9379795
	16.2308897	47.9379673
	16.2303899	47.9377008
	16.2304097	47.9376035
	16.2294743	47.937521
	16.2294433	47.9372121
	16.2292774	47.9370774
	16.2290207	47.9369912
	16.2285008	47.9368383
	16.2283322	47.9370187
	16.2275864	47.9366312
	16.2276468	47.936439
	16.2277323	47.9363317
	16.2259944	47.936022
	16.2239114	47.9356684
	16.2238431	47.9356943
	16.2237415	47.9357678
	16.2229047	47.935659
	16.2219025	47.935511
	16.2214875	47.9354636
	16.2205408	47.9353326
	16.2198775	47.9352479
	16.2194869	47.9352253
	16.2190665	47.9352222
	16.2178665	47.9350474
	16.2163178	47.9347843
	16.2146574	47.9344812
	16.2146061	47.934687
	16.2141354	47.9348412
	16.2139491	47.9349204
	16.2138878	47.935028
	16.2140669	47.9352883
	16.2148281	47.9360366
	16.2154119	47.9367004
	16.2157249	47.9373676
	16.2159698	47.937942
	16.2160801	47.9382451
	16.2164113	47.939193
	16.2155145	47.9393956
	16.2144346	47.9396769
	16.2137874	47.9398606
	16.2132574	47.9399901
	16.2129355	47.9400796
	16.2129379	47.9406544
	16.2129586	47.9412271
	16.2129252	47.941531
	16.2127836	47.9417824
	16.2127331	47.9419608
	16.212655	47.9423075
	16.2115079	47.9424548
	16.2111172	47.9425657
	16.2104297	47.9426691
	16.2092263	47.9428868
	16.2096427	47.9433067
	16.2098082	47.943375
	16.2094407	47.9433573
	16.2079905	47.9432816
	16.2073428	47.9432811
	16.2062983	47.943209
	16.2055569	47.9432664
	16.2050738	47.9431946
	16.2044752	47.9432526
	16.2039352	47.9432949
	16.2029651	47.9432986
	16.2025331	47.9432953
	16.2019831	47.9432565
	16.2016534	47.9432658
	16.2010905	47.9432395
	16.1992274	47.94321
	16.1981112	47.9433091
	16.1971276	47.9434918
	16.1966691	47.9436232
	16.1961946	47.9435828
	16.1953375	47.9434981
	16.1944612	47.9434226
	16.1940443	47.9433649
	16.1933355	47.9433492
	16.192502	47.9433996
	16.1919846	47.9434549
	16.1913867	47.9435455
	16.1909577	47.9435719
	16.1905177	47.9435896
	16.1901328	47.9435778
	16.1890339	47.9435332
	16.1885441	47.9436487
	16.1879798	47.9437796
	16.1869528	47.9439078
	16.1866765	47.9439343
	16.1861881	47.9439414
	16.1856359	47.9439609
	16.1847341	47.9440309
	16.1843037	47.9440665
	16.1836293	47.9440723
	16.1827463	47.9440713
	16.182496	47.9440892
	16.1820296	47.9441315
	16.181657	47.944195
	16.1808356	47.9443465
	16.1804874	47.9444094
	16.1797477	47.9445414
	16.1793136	47.9449347
	16.1791454	47.9455054
	16.1791555	47.9457101
	16.1786546	47.9459756
	16.1784405	47.9459088
	16.1781011	47.945848
	16.1777726	47.9458553
	16.1772898	47.9459075
	16.176729	47.945916
	16.1764895	47.9459039
	16.1763479	47.9458844
	16.1761047	47.9458139
	16.1751682	47.9458492
	16.1738978	47.945837
	16.1735711	47.9458553
	16.1720357	47.9461993
	16.1715548	47.9462686
	16.1705965	47.9465397
	16.1703206	47.9466345
	16.1697889	47.9467597
	16.1691772	47.946908
	16.1690738	47.946722
	16.1687253	47.9463865
	16.1682117	47.9459537
	16.1677163	47.9455708
	16.1674295	47.9453933
	16.1671046	47.945217
	16.1668723	47.945104
	16.1666164	47.9449958
	16.1661246	47.9447879
	16.1655202	47.9445338
	16.1653387	47.9444572
	16.1650955	47.9443247
	16.1649867	47.944208
	16.164974	47.943701
	16.1649631	47.9434263
	16.1647906	47.9430725
	16.1646164	47.9427248
	16.1644694	47.9422312
	16.1643043	47.9416841
	16.1640955	47.9409717
	16.1639558	47.9402835
	16.1637906	47.939475
	16.1637888	47.9393194
	16.1634839	47.9388501
END
END
