7871599
1
	16.3197891	47.4947198
	16.3199202	47.4945153
	16.3203757	47.4940856
	16.3206694	47.4938722
	16.3208137	47.4937024
	16.3213049	47.4929819
	16.3216953	47.4924543
	16.3217887	47.4923874
	16.3220971	47.492005
	16.3222216	47.4918693
	16.3226884	47.4915424
	16.3228582	47.4914392
	16.3230902	47.4912633
	16.3233194	47.4910377
	16.3234438	47.4908847
	16.3235259	47.4907031
	16.323591	47.4905081
	16.3236136	47.4903188
	16.3236532	47.4898581
	16.3236759	47.4896592
	16.3237324	47.4895158
	16.3240154	47.489078
	16.3241201	47.4888754
	16.3241342	47.4887664
	16.3244256	47.4882464
	16.3245416	47.4879825
	16.3246407	47.4876995
	16.3248812	47.4871298
	16.3250368	47.4867302
	16.3250849	47.4866174
	16.3251075	47.4863803
	16.3251726	47.4861489
	16.3252461	47.4860419
	16.3256026	47.4858316
	16.3257837	47.4856977
	16.3259931	47.4855218
	16.3261148	47.4853383
	16.3261968	47.4851815
	16.3262958	47.4850782
	16.3265109	47.4849233
	16.3267118	47.4848201
	16.3269438	47.4847264
	16.327122	47.4845524
	16.3273965	47.4841069
	16.3274728	47.4838832
	16.3274983	47.483692
	16.3275464	47.4833249
	16.3276483	47.4828048
	16.3276879	47.4826231
	16.3279057	47.4822713
	16.3281491	47.4818583
	16.3283358	47.4815867
	16.3285225	47.4813917
	16.3287347	47.4812311
	16.3289469	47.4809691
	16.3292412	47.4802367
	16.3294025	47.4800321
	16.3295383	47.4798027
	16.3296005	47.4795158
	16.3296599	47.4793724
	16.3300589	47.4789154
	16.3302569	47.4787108
	16.3303305	47.4785712
	16.330356	47.4784278
	16.3304097	47.4782423
	16.3305342	47.4780338
	16.330653	47.4779191
	16.3307492	47.4778082
	16.3308454	47.4776781
	16.331168	47.4773856
	16.3314339	47.4771599
	16.3315217	47.4770586
	16.3316405	47.4769687
	16.3322007	47.4763185
	16.3326534	47.4756645
	16.3328826	47.4753394
	16.3330552	47.4751577
	16.3335673	47.4749511
	16.3340337	47.474811
	16.3340503	47.4748465
	16.334689	47.474912
	16.3358114	47.474996
	16.3368537	47.4750951
	16.3385539	47.4752352
	16.3390626	47.4753081
	16.3396791	47.475353
	16.3408735	47.4754931
	16.3421839	47.4756893
	16.3425101	47.4760294
	16.3432068	47.4764573
	16.3438289	47.4769824
	16.3439948	47.4773729
	16.3449624	47.4780176
	16.3451697	47.478225
	16.3456038	47.478423
	16.3462092	47.4791275
	16.3466184	47.4793517
	16.347069	47.4794377
	16.3472211	47.4795554
	16.3472985	47.4795535
	16.3475114	47.4794377
	16.3477602	47.4794377
	16.3479344	47.4794993
	16.3480809	47.4794993
	16.3481998	47.4794657
	16.3483021	47.4794694
	16.3483463	47.4794302
	16.3483684	47.4794526
	16.3484044	47.4794208
	16.3484624	47.479419
	16.3485122	47.4794601
	16.3485785	47.4794489
	16.3486615	47.4794619
	16.3487112	47.4794377
	16.3487721	47.4794451
	16.3488605	47.4794134
	16.3489628	47.4794246
	16.3490568	47.4794526
	16.3491398	47.4794302
	16.3491508	47.479404
	16.3491951	47.4793779
	16.3491923	47.479348
	16.3492891	47.4792714
	16.3493526	47.4792751
	16.3493969	47.4792545
	16.3494024	47.4792359
	16.3493554	47.4792134
	16.3493609	47.4791929
	16.3493167	47.4791649
	16.3493305	47.4791424
	16.3494328	47.4791387
	16.3494688	47.4791125
	16.3495655	47.4791051
	16.3495932	47.4790677
	16.3496512	47.4790733
	16.3496816	47.4791032
	16.3497452	47.4791088
	16.3498226	47.479092
	16.3499	47.4791069
	16.3499305	47.4790938
	16.3499166	47.4790602
	16.3499332	47.4790191
	16.350171	47.4789462
	16.3502124	47.4788659
	16.3502042	47.478821
	16.3502456	47.4787762
	16.3503313	47.4787575
	16.3503866	47.4787687
	16.3504336	47.4787351
	16.3505967	47.4787444
	16.350652	47.4787295
	16.3507244	47.4787386
	16.351002	47.4786831
	16.3511936	47.4786065
	16.3512679	47.4786779
	16.3514673	47.4787492
	16.3519521	47.4787756
	16.3522571	47.4788972
	16.35239	47.4788708
	16.3525425	47.4788734
	16.3527223	47.4788417
	16.3528435	47.4787122
	16.353039	47.4785246
	16.3531211	47.4781044
	16.3552481	47.4785219
	16.3554553	47.4778375
	16.3558424	47.4772562
	16.3564406	47.4768307
	16.3564992	47.4764396
	16.3565148	47.4763392
	16.3566556	47.4764026
	16.3569293	47.476363
	16.3571912	47.4763894
	16.3572851	47.4764793
	16.3573828	47.476511
	16.3573985	47.4765506
	16.3575159	47.4765772
	16.3576	47.4765798
	16.3577642	47.4766392
	16.3579858	47.4769749
	16.3582341	47.4770833
	16.3586811	47.4771685
	16.3588339	47.4771117
	16.3589104	47.4771505
	16.3590632	47.4770394
	16.3592313	47.4770394
	16.3593038	47.4771505
	16.3594528	47.4771608
	16.3595866	47.477135
	16.3596859	47.4772331
	16.3598234	47.4772434
	16.3600412	47.477104
	16.36045	47.4770498
	16.3607861	47.4771401
	16.3610574	47.4771091
	16.3614471	47.4771453
	16.3620622	47.4773002
	16.362299	47.4774474
	16.3623907	47.4775739
	16.3624556	47.477592
	16.3625626	47.477592
	16.3626161	47.477623
	16.3625703	47.477672
	16.3626696	47.4776953
	16.3628262	47.4776953
	16.3631319	47.4777857
	16.3632274	47.4777753
	16.3632617	47.4778373
	16.363426	47.4778115
	16.3636094	47.4779122
	16.3639341	47.4779148
	16.3644881	47.4780439
	16.3647784	47.4780645
	16.3650268	47.4781368
	16.3655272	47.4784286
	16.3661499	47.4786971
	16.3662493	47.4788185
	16.3666695	47.4790354
	16.3668796	47.47918
	16.3673916	47.4791232
	16.3676628	47.4792626
	16.3678844	47.4793142
	16.3681136	47.4792626
	16.3682741	47.47926
	16.3684269	47.4793943
	16.3687592	47.4793504
	16.368935	47.4794769
	16.3690534	47.4794408
	16.3692521	47.4796421
	16.3694584	47.4796396
	16.3697793	47.4795673
	16.3698748	47.4796292
	16.370062	47.4795544
	16.3702415	47.4795544
	16.3703944	47.4796008
	16.3714144	47.4789243
	16.3751248	47.4765901
	16.3762864	47.4758908
	16.3781774	47.4747642
	16.3795389	47.4739571
	16.3819783	47.4725073
	16.3833614	47.4716454
	16.3845608	47.4709515
	16.3858845	47.470128
	16.3867652	47.4696295
	16.3872379	47.4693154
	16.3880645	47.4688406
	16.3884184	47.4685685
	16.3887966	47.4683055
	16.3891316	47.4681266
	16.391598	47.4666364
	16.3934276	47.4655773
	16.3936626	47.4662536
	16.3936282	47.4664891
	16.3938447	47.4667532
	16.3939265	47.4674438
	16.3938025	47.4677524
	16.3936282	47.4679398
	16.3935227	47.4681985
	16.3935491	47.468443
	16.3933933	47.46865
	16.3933221	47.4687927
	16.3930819	47.4691478
	16.3928575	47.4696028
	16.3928496	47.4698579
	16.3926411	47.4721435
	16.3926305	47.4725699
	16.3926463	47.4737064
	16.3928047	47.4741846
	16.3930396	47.4746948
	16.3931927	47.47495
	16.3934197	47.4751266
	16.3935147	47.4752461
	16.3935068	47.4753496
	16.393359	47.4756047
	16.393169	47.475751
	16.3928707	47.4763808
	16.3923745	47.4768429
	16.392451	47.4770106
	16.3934699	47.4773567
	16.3936335	47.477478
	16.3936546	47.47756
	16.393615	47.4779133
	16.3936467	47.4783093
	16.3936018	47.4785555
	16.3934224	47.4791228
	16.3941166	47.4791531
	16.3943858	47.4792066
	16.394597	47.4792263
	16.3951486	47.4792013
	16.3956316	47.479212
	16.3960909	47.479187
	16.3966056	47.4791959
	16.3967746	47.479212
	16.3970068	47.4792191
	16.3974265	47.4792548
	16.3981418	47.4792173
	16.3988149	47.4792156
	16.3994431	47.4791781
	16.4000133	47.479187
	16.4004356	47.4791442
	16.4012327	47.4789533
	16.4016234	47.4788623
	16.4024707	47.4786572
	16.4028719	47.4784752
	16.4031992	47.4783378
	16.4036189	47.4782504
	16.4039752	47.4782219
	16.4041811	47.4782058
	16.4044002	47.4781291
	16.4048779	47.4780185
	16.405361	47.4779918
	16.4058862	47.4779757
	16.406364	47.4779793
	16.4069711	47.4780042
	16.4072957	47.4780114
	16.4077365	47.4780185
	16.4083278	47.4780417
	16.4090774	47.4780845
	16.409344	47.4780542
	16.409344	47.4780239
	16.4098614	47.4780167
	16.4108274	47.4779686
	16.4112629	47.4779275
	16.4118863	47.4779473
	16.4116733	47.4787516
	16.411642	47.479105
	16.4115637	47.4796849
	16.4112161	47.4804109
	16.4109625	47.4806923
	16.4107464	47.4810881
	16.4105209	47.481304
	16.4104364	47.4814944
	16.4101702	47.4823219
	16.4092746	47.4840256
	16.4091399	47.4841927
	16.4090679	47.4843324
	16.4089959	47.4843705
	16.4085794	47.4848657
	16.4084103	47.4850562
	16.4080001	47.4854032
	16.4075053	47.4857101
	16.4073644	47.4858603
	16.4072297	47.4861502
	16.4071138	47.4863703
	16.4070136	47.4865227
	16.4072078	47.4865354
	16.4074489	47.4865248
	16.4079562	47.4864888
	16.408332	47.4864825
	16.4089959	47.4864867
	16.4091462	47.486474
	16.4094312	47.4865417
	16.409666	47.4866052
	16.4100042	47.4866624
	16.411285	47.4868888
	16.4120867	47.4870179
	16.4125595	47.487075
	16.4132986	47.4871999
	16.4134708	47.4872147
	16.4138121	47.487221
	16.4142161	47.4872316
	16.4145261	47.487257
	16.4148643	47.4873395
	16.4155971	47.4875173
	16.4158351	47.4875723
	16.4161608	47.4876188
	16.4164645	47.4876506
	16.4167432	47.4876696
	16.4169155	47.487676
	16.4172098	47.4876993
	16.4174729	47.4877416
	16.4174635	47.4877881
	16.4177798	47.4878368
	16.4182182	47.4879214
	16.4187224	47.4880188
	16.419142	47.4881373
	16.419333	47.4881817
	16.4195303	47.4882473
	16.4197307	47.4883277
	16.4199593	47.4883976
	16.4201816	47.4885034
	16.4203194	47.4885626
	16.4205292	47.4885944
	16.4210178	47.4886811
	16.4214029	47.4887827
	16.4217944	47.4889372
	16.4222171	47.4891001
	16.4225522	47.489354
	16.422953	47.4896545
	16.4231816	47.4898365
	16.4234259	47.489974
	16.4240303	47.4902618
	16.4242808	47.490357
	16.4247192	47.4905242
	16.4249572	47.4905919
	16.4255303	47.490812
	16.4263413	47.4909918
	16.4266012	47.4910151
	16.4269551	47.4910786
	16.4272839	47.4911315
	16.4275031	47.4911675
	16.4279478	47.4913135
	16.4287074	47.4912649
	16.4290438	47.4912669
	16.4292912	47.491233
	16.4296826	47.4911717
	16.4301461	47.491104
	16.4304874	47.4910511
	16.4308883	47.4910405
	16.4311826	47.490977
	16.4314206	47.4909495
	16.4317776	47.4909283
	16.432097	47.490922
	16.4323726	47.4909432
	16.4328987	47.4910701
	16.4331555	47.4911675
	16.4338225	47.4915589
	16.4345428	47.4918869
	16.4346524	47.4919525
	16.4348841	47.4921895
	16.4359739	47.4927883
	16.4364937	47.492947
	16.4366753	47.4930274
	16.4370981	47.4932516
	16.4381847	47.4936918
	16.4384133	47.4939139
	16.4384665	47.4939097
	16.4390459	47.4941763
	16.4396315	47.4943942
	16.4403548	47.4948745
	16.440549	47.4950692
	16.4407557	47.4954648
	16.4409154	47.4957462
	16.440859	47.4962604
	16.4408872	47.4963979
	16.4412849	47.4969818
	16.4414258	47.4971088
	16.441977	47.4974748
	16.4419613	47.4974896
	16.4419582	47.4976716
	16.442334	47.4981285
	16.442525	47.4986934
	16.4426878	47.4992393
	16.4432233	47.5001151
	16.4438872	47.5005171
	16.4444853	47.5007625
	16.4449832	47.500881
	16.4453465	47.5013697
	16.4455563	47.501833
	16.4454749	47.5020572
	16.4454592	47.5022434
	16.445716	47.5024888
	16.4458851	47.502749
	16.4458788	47.5028696
	16.4459853	47.5034916
	16.4462734	47.503921
	16.446527	47.5044541
	16.4465678	47.5045239
	16.4466273	47.5046254
	16.4467776	47.5048285
	16.4468872	47.5050253
	16.4469028	47.5051395
	16.4472254	47.5051543
	16.4475291	47.5056239
	16.448121	47.5062797
	16.4486659	47.5068656
	16.4487755	47.5077583
	16.4491293	47.5083569
	16.4492452	47.5087419
	16.4493548	47.5089767
	16.4499874	47.5093913
	16.4503005	47.5100682
	16.4507515	47.5107366
	16.4523254	47.5131552
	16.4525795	47.5135979
	16.4519017	47.513717
	16.4510815	47.5137024
	16.4505554	47.5138592
	16.4500571	47.5141853
	16.4500602	47.5142145
	16.449859	47.5142835
	16.4494845	47.5143065
	16.4491812	47.5142856
	16.4489769	47.5142835
	16.4483765	47.5144068
	16.4478937	47.5144466
	16.4471076	47.5146096
	16.4467486	47.5146138
	16.4462719	47.5145302
	16.446046	47.5146451
	16.4458789	47.5148709
	16.4457798	47.5152555
	16.4455013	47.5158053
	16.4453404	47.5160937
	16.4451825	47.5162902
	16.4451237	47.5164595
	16.4451578	47.5166644
	16.4451423	47.516771
	16.4451038	47.5168897
	16.4451196	47.5169881
	16.4451291	47.517048
	16.4443639	47.5169877
	16.443687	47.516785
	16.4431331	47.5166225
	16.4427366	47.5165721
	16.4420542	47.5165043
	16.4414259	47.516506
	16.4409573	47.516713
	16.4406406	47.5168608
	16.4402029	47.5170938
	16.4395153	47.517346
	16.4390544	47.5175877
	16.4385729	47.5178085
	16.4382691	47.5180398
	16.4378416	47.518292
	16.4374477	47.5184172
	16.4365954	47.5185859
	16.4361679	47.5186293
	16.4359388	47.5186728
	16.4357791	47.5187389
	16.4356552	47.5187913
	16.4353234	47.5189284
	16.4347981	47.5192745
	16.4344299	47.5194519
	16.4341543	47.519544
	16.4335235	47.5195979
	16.4330778	47.5197127
	16.4328643	47.5197631
	16.4325862	47.5198466
	16.4323133	47.5200362
	16.43203	47.52033
	16.4318343	47.5205857
	16.431721	47.5206743
	16.4311314	47.5209769
	16.4309331	47.5212777
	16.4306087	47.5214847
	16.4304027	47.5215647
	16.4297589	47.5216864
	16.4295529	47.5217594
	16.4290972	47.5219211
	16.4285487	47.5220724
	16.4281547	47.5222393
	16.427717	47.5224271
	16.4273617	47.522601
	16.4272046	47.5227054
	16.4270117	47.5227732
	16.4268029	47.5228758
	16.4263755	47.5231001
	16.425871	47.5231053
	16.4256545	47.5231592
	16.4252837	47.5233313
	16.4250314	47.5235417
	16.4247842	47.5238234
	16.4245601	47.5240669
	16.4243413	47.5242929
	16.4240285	47.5244642
	16.4238211	47.5246111
	16.4235353	47.5247989
	16.4233216	47.5250006
	16.4231645	47.525204
	16.423106	47.5253939
	16.4229199	47.5256126
	16.4227474	47.5258022
	16.4225465	47.5259117
	16.4221835	47.5261047
	16.4220444	47.526216
	16.4214934	47.5266593
	16.4212488	47.5269028
	16.4211921	47.5270106
	16.4211149	47.5273479
	16.4209681	47.5275669
	16.4207801	47.5277773
	16.420484	47.5279269
	16.4203913	47.527946
	16.4202008	47.5280659
	16.4195442	47.5283111
	16.4187202	47.5283493
	16.4186788	47.5283833
	16.4182953	47.5283702
	16.4182644	47.5283511
	16.4180018	47.5283667
	16.4176928	47.5284311
	16.4173014	47.5285597
	16.4169615	47.5287214
	16.4167231	47.528876
	16.4167039	47.5288601
	16.4165801	47.5289507
	16.4163222	47.5285693
	16.4159917	47.5280711
	16.4156137	47.5276304
	16.4148425	47.5267592
	16.4136808	47.5256088
	16.4136152	47.5258045
	16.4133859	47.525522
	16.4131213	47.525243
	16.4125921	47.5248652
	16.4123653	47.5246933
	16.4121763	47.5245418
	16.4116294	47.5248533
	16.4106567	47.5248805
	16.4100771	47.5251
	16.4095529	47.5253791
	16.4092807	47.5254421
	16.4088624	47.5254063
	16.4084012	47.5256701
	16.4078972	47.5259747
	16.4073377	47.5261346
	16.4066346	47.5265924
	16.4063171	47.5266298
	16.4060298	47.5266979
	16.4057955	47.5268272
	16.4055611	47.5268817
	16.40543	47.5269361
	16.4052914	47.5270348
	16.4046312	47.5276355
	16.4040541	47.5280218
	16.4038802	47.5280984
	16.4037315	47.5281392
	16.4035954	47.5282073
	16.4033107	47.5283077
	16.4030965	47.5282906
	16.4029201	47.5284914
	16.4026554	47.5284778
	16.4024891	47.5284982
	16.4023253	47.5285884
	16.4021414	47.528745
	16.4021565	47.5288488
	16.4020506	47.5290547
	16.4018314	47.5290444
	16.4013551	47.5285135
	16.4018641	47.5282974
	16.4025446	47.5279078
	16.4029301	47.5275708
	16.4033333	47.5272884
	16.4037945	47.5269566
	16.4040667	47.5267813
	16.4041826	47.52664
	16.4044825	47.5264835
	16.4053494	47.5262946
	16.4058055	47.5261823
	16.4058207	47.5260479
	16.4060399	47.5259781
	16.4063801	47.5258317
	16.4066825	47.5256071
	16.407184	47.5254199
	16.4078292	47.5251851
	16.4080585	47.5251408
	16.4083861	47.5250251
	16.4086961	47.5248618
	16.4090892	47.5247273
	16.4093714	47.5245469
	16.4097847	47.5244431
	16.4103039	47.5243036
	16.410445	47.5242066
	16.4108558	47.5241164
	16.4110347	47.5240279
	16.4111556	47.5240977
	16.4112791	47.5241283
	16.411385	47.5241028
	16.411637	47.5241028
	16.4117101	47.5240722
	16.4117554	47.5241266
	16.4118285	47.5241334
	16.4118235	47.5241998
	16.4119495	47.5242185
	16.4123653	47.524244
	16.4124837	47.5240926
	16.4124938	47.5240211
	16.4124762	47.5239513
	16.4119722	47.523548
	16.4117378	47.523177
	16.4114757	47.5226988
	16.4113018	47.5223193
	16.4111808	47.5221219
	16.4108759	47.5217356
	16.410886	47.521705
	16.4097797	47.5214922
	16.4085902	47.5214531
	16.4081643	47.5215382
	16.4073176	47.5217918
	16.4070479	47.521819
	16.406176	47.5220028
	16.405551	47.5221474
	16.4050168	47.5221866
	16.4043439	47.5223295
	16.4035652	47.5226069
	16.4030259	47.5227261
	16.4025849	47.522789
	16.4025496	47.5223346
	16.4021288	47.522338
	16.4021111	47.522772
	16.4013878	47.5228554
	16.4011888	47.5223585
	16.4004907	47.5224708
	16.4000774	47.5215586
	16.3999312	47.5211434
	16.3992458	47.5211553
	16.3989938	47.5211263
	16.3986032	47.5211995
	16.3981546	47.5213118
	16.3976002	47.5214463
	16.3972625	47.5215501
	16.3970533	47.5216352
	16.396761	47.5217169
	16.3961763	47.5208098
	16.3959092	47.5209476
	16.3956799	47.5210617
	16.3956698	47.5212148
	16.3954329	47.5213952
	16.3953246	47.5214531
	16.394687	47.5216488
	16.3943846	47.5217254
	16.3942132	47.5217169
	16.3940822	47.5216896
	16.3939788	47.5216131
	16.393742	47.5216794
	16.3934169	47.5216641
	16.3933135	47.5216913
	16.3932304	47.5217577
	16.3930515	47.5219858
	16.39287	47.5220453
	16.3927516	47.5221185
	16.3924844	47.5222155
	16.3921946	47.5222308
	16.3916982	47.5224946
	16.3914184	47.5225406
	16.3911412	47.5227124
	16.3911513	47.5228077
	16.3910782	47.5228809
	16.3908993	47.5229677
	16.3907531	47.5231209
	16.3906423	47.5232417
	16.390423	47.5233829
	16.3901156	47.5234238
	16.3899316	47.5235208
	16.3897224	47.5236739
	16.3896544	47.5237795
	16.3892613	47.5239122
	16.3889841	47.5242593
	16.389231	47.5244516
	16.3888984	47.5248039
	16.3884624	47.5252157
	16.3883868	47.5252038
	16.3883213	47.5249911
	16.388223	47.5245657
	16.3880768	47.5242355
	16.3880365	47.5237029
	16.3879937	47.5232893
	16.3880466	47.5228043
	16.3880189	47.5222785
	16.387971	47.5218394
	16.3879281	47.5218122
	16.3882759	47.5216046
	16.3884095	47.5214565
	16.3886035	47.5211008
	16.38893	47.5207519
	16.3886615	47.5206549
	16.3882558	47.52058
	16.3878551	47.5208591
	16.387782	47.520934
	16.3874997	47.5210923
	16.3870486	47.5212216
	16.3869	47.5212284
	16.3867891	47.5212029
	16.3866127	47.521288
	16.3864589	47.521334
	16.3863178	47.5212982
	16.3861238	47.5212846
	16.3859552	47.5213611
	16.3859222	47.5214684
	16.3858188	47.5215331
	16.3854207	47.5216794
	16.3850124	47.5219177
	16.3847629	47.5220504
	16.3845941	47.5221525
	16.3839893	47.5225916
	16.3839036	47.5225491
	16.3838053	47.5225457
	16.3838179	47.5222325
	16.3837776	47.5221287
	16.3836314	47.5219994
	16.3835483	47.5220147
	16.3834026	47.5219545
	16.3832994	47.521847
	16.3831234	47.5219116
	16.3823977	47.522092
	16.3822364	47.5221652
	16.3820726	47.5223251
	16.3817777	47.5224851
	16.3817979	47.5225072
	16.3816744	47.5225634
	16.3814778	47.5226093
	16.3810419	47.5228884
	16.3806664	47.5231726
	16.3802732	47.5235011
	16.3801724	47.5235981
	16.3801422	47.5237989
	16.3800741	47.5238874
	16.3796936	47.5241205
	16.3794416	47.5243622
	16.3789225	47.5245289
	16.3786755	47.5245357
	16.378552	47.5245834
	16.3778968	47.5250139
	16.3772315	47.5254291
	16.3769694	47.525567
	16.3764226	47.525938
	16.3762336	47.5261881
	16.3758656	47.5265284
	16.3756361	47.526632
	16.3754246	47.5267343
	16.3750592	47.5269096
	16.3747064	47.5269522
	16.3741091	47.5270883
	16.374026	47.5272176
	16.3738445	47.5273163
	16.3734514	47.5274167
	16.3730658	47.527592
	16.3728667	47.5277111
	16.3725595	47.5278162
	16.3723753	47.5278795
	16.371962	47.5278404
	16.3715765	47.5278455
	16.3713194	47.5278932
	16.3709515	47.5280038
	16.3696536	47.5285262
	16.3696158	47.5285262
	16.3695201	47.5286044
	16.3689783	47.5288103
	16.368696	47.5289669
	16.3682601	47.5291592
	16.3682021	47.5292527
	16.3679425	47.529348
	16.3675443	47.5295607
	16.3671235	47.529656
	16.3667682	47.5297156
	16.3666598	47.5297717
	16.3666371	47.529867
	16.3665338	47.5299198
	16.3664154	47.530175
	16.3659844	47.5302788
	16.3658206	47.5303043
	16.365745	47.5303741
	16.3656362	47.5303856
	16.3654614	47.5304425
	16.3652511	47.5305153
	16.3649958	47.5306036
	16.3646689	47.5307331
	16.3644069	47.5307893
	16.3641851	47.5308709
	16.3636861	47.5309934
	16.3634103	47.5310728
	16.363046	47.5311755
	16.3623127	47.5313048
	16.3618439	47.531361
	16.3614685	47.5314358
	16.3609443	47.5314886
	16.360095	47.5314546
	16.3599287	47.5310972
	16.3601496	47.531136
	16.3603426	47.5311128
	16.3604499	47.5310607
	16.3607501	47.5310144
	16.3609088	47.5310665
	16.3610761	47.5310375
	16.3614535	47.5308435
	16.3617624	47.5307653
	16.3625687	47.5308058
	16.363285	47.5305191
	16.3640313	47.5302237
	16.3641214	47.5301137
	16.3654596	47.5296503
	16.3656398	47.5295084
	16.3659314	47.5294157
	16.3659572	47.5293404
	16.3663518	47.529158
	16.3664161	47.5289842
	16.3666692	47.5288018
	16.3671152	47.5286367
	16.3673897	47.5286541
	16.3675184	47.5284803
	16.3683848	47.5282602
	16.3686207	47.5282573
	16.3691955	47.5281154
	16.3693885	47.528153
	16.3695086	47.5282486
	16.3700619	47.527959
	16.370924	47.5273826
	16.3718462	47.5270988
	16.3726268	47.5268497
	16.3730986	47.5266933
	16.3736777	47.5264558
	16.3741194	47.5262589
	16.3743253	47.5261604
	16.37483	47.526155
	16.3749773	47.5261633
	16.3752217	47.5262212
	16.3754319	47.5260562
	16.3757193	47.5258534
	16.3759423	47.5257492
	16.3761782	47.5255928
	16.3764356	47.5253263
	16.3766329	47.5251496
	16.3767144	47.5250048
	16.3769203	47.524579
	16.3772291	47.5241938
	16.3774135	47.5240577
	16.3778767	47.5239882
	16.3781298	47.5239216
	16.3783099	47.5237883
	16.3786488	47.5236493
	16.379082	47.5234639
	16.3793222	47.5233973
	16.379498	47.5233857
	16.3797297	47.5234089
	16.3798498	47.523351
	16.3797811	47.5230439
	16.3800471	47.5228441
	16.3801114	47.5227485
	16.3801586	47.5225429
	16.3805875	47.522259
	16.3812094	47.5219288
	16.3815912	47.5218274
	16.3821659	47.5215957
	16.3823246	47.5215783
	16.3825305	47.5216739
	16.382612	47.5216565
	16.382775	47.5217203
	16.3830023	47.5216971
	16.382865	47.5215262
	16.3837486	47.5212134
	16.3843405	47.5210077
	16.3843963	47.5210338
	16.3849281	47.520747
	16.385357	47.5204863
	16.3857388	47.5202198
	16.3858589	47.5202256
	16.3859447	47.5201735
	16.3851941	47.5192089
	16.384302	47.51824
	16.3840617	47.5183863
	16.3815611	47.5165121
	16.3802787	47.5155503
	16.3788718	47.5146957
	16.378593	47.5148522
	16.3784901	47.5149449
	16.3784815	47.5139773
	16.3782499	47.5139628
	16.3782928	47.5140207
	16.3779454	47.514099
	16.3775636	47.5141453
	16.3770318	47.5142293
	16.3763498	47.5144031
	16.3757793	47.5145219
	16.3756464	47.5146291
	16.3755906	47.5147508
	16.3754276	47.5148522
	16.3749558	47.5150405
	16.3744754	47.5153157
	16.3739736	47.5155474
	16.3734203	47.5159617
	16.3728627	47.5162832
	16.3725796	47.5163759
	16.3724595	47.5164628
	16.3723909	47.5167235
	16.3721807	47.5168597
	16.3719105	47.5168886
	16.3716617	47.5169582
	16.3711256	47.5171812
	16.3708296	47.5174245
	16.3706323	47.5173521
	16.3698817	47.5172971
	16.3692641	47.5174535
	16.3691783	47.5176505
	16.369084	47.517691
	16.3686508	47.517607
	16.3684663	47.5175375
	16.3683119	47.5174564
	16.3684749	47.5172565
	16.3687151	47.5169321
	16.3692898	47.5167728
	16.3698689	47.5166366
	16.3702892	47.5166048
	16.3703235	47.5167467
	16.3705122	47.516683
	16.3708682	47.5165063
	16.3709497	47.5163209
	16.3711942	47.5162253
	16.371443	47.516234
	16.3715545	47.5161644
	16.3719148	47.5160167
	16.3725367	47.5155213
	16.3728842	47.5154431
	16.3729356	47.5153504
	16.3731715	47.5152432
	16.3731844	47.515139
	16.3735618	47.5147392
	16.3739479	47.5146233
	16.3741838	47.5145828
	16.3745484	47.5141975
	16.3749215	47.5142496
	16.3750974	47.5141946
	16.3755735	47.5139512
	16.3760324	47.5138209
	16.376041	47.5137542
	16.3759552	47.5136036
	16.3766329	47.5134935
	16.3774435	47.5134645
	16.3786188	47.5133168
	16.3791935	47.51334
	16.379854	47.513311
	16.3803473	47.5133371
	16.381514	47.5132762
	16.3816684	47.5131401
	16.3818957	47.5127171
	16.3821144	47.5125809
	16.3824104	47.5125925
	16.3827578	47.5125723
	16.3828951	47.5126128
	16.3835052	47.5126206
	16.3824558	47.5098057
	16.3792556	47.5103994
	16.3783193	47.510658
	16.3774073	47.5109504
	16.3772334	47.5108079
	16.3756893	47.5112744
	16.3748915	47.5115003
	16.374261	47.5116162
	16.3737506	47.5116423
	16.3727984	47.5093333
	16.3730514	47.5092435
	16.373356	47.5090841
	16.3753824	47.508014
	16.3760315	47.507807
	16.3760466	47.5077804
	16.3759829	47.5076124
	16.3761558	47.5075633
	16.3760618	47.5075346
	16.3753747	47.5065656
	16.3751719	47.5062724
	16.3751912	47.5062188
	16.3751526	47.5061768
	16.3751138	47.5061947
	16.3747893	47.5057276
	16.3741827	47.5048589
	16.3735398	47.5039636
	16.3732941	47.5036051
	16.3731637	47.503644
	16.3731468	47.5036108
	16.3719778	47.5040435
	16.3715623	47.5042095
	16.3711893	47.5044656
	16.3709375	47.504527
	16.3708587	47.5046254
	16.3704796	47.5047708
	16.3703946	47.5051212
	16.3701096	47.5052728
	16.3700428	47.5054756
	16.3698669	47.5055166
	16.3696152	47.5057399
	16.3691633	47.505912
	16.368584	47.5060452
	16.3682716	47.5063545
	16.3679501	47.5063238
	16.3676317	47.5063668
	16.3671858	47.5064611
	16.3668462	47.5068934
	16.3663063	47.5069651
	16.365536	47.5068565
	16.3643865	47.5068053
	16.3640438	47.506625
	16.3635706	47.5066885
	16.3633189	47.5066639
	16.3631703	47.5067069
	16.3629064	47.5068401
	16.3628731	47.5069548
	16.3628336	47.5070183
	16.3626972	47.5070716
	16.3621785	47.5071249
	16.3615447	47.5070921
	16.3608178	47.5070655
	16.3600798	47.5069651
	16.3591396	47.5068176
	16.3583389	47.5066516
	16.3583116	47.5068114
	16.3585421	47.5074834
	16.3585512	47.5081
	16.3585845	47.5085247
	16.3585909	47.5088
	16.3585416	47.50942
	16.3585266	47.5095243
	16.35831	47.5098039
	16.3581598	47.5102355
	16.3581084	47.5105093
	16.3580939	47.5106749
	16.3580332	47.510679
	16.3580241	47.5108163
	16.3579119	47.510763
	16.3576935	47.5105643
	16.356681	47.5108151
	16.355706	47.5111194
	16.3553445	47.5112615
	16.3548437	47.5115417
	16.3542806	47.5119
	16.3535487	47.5121882
	16.3532464	47.5123383
	16.3525233	47.5128327
	16.3522715	47.5130689
	16.3521381	47.513171
	16.3519455	47.5135032
	16.3518062	47.5137274
	16.3511602	47.5146141
	16.3508816	47.5149943
	16.3507868	47.5151244
	16.3506238	47.5151825
	16.350606	47.5153586
	16.3504401	47.5156968
	16.3499897	47.5162532
	16.3497615	47.5166035
	16.349474	47.5170658
	16.3488636	47.517364
	16.3486828	47.5175561
	16.3483805	47.5178103
	16.3479064	47.5180225
	16.3475952	47.5180805
	16.3474411	47.5181986
	16.3472722	47.5182626
	16.3470233	47.5183287
	16.3469077	47.5184507
	16.3466677	47.5184487
	16.3457194	47.5179564
	16.3457313	47.5176962
	16.3458439	47.5172359
	16.3461343	47.5165935
	16.3461817	47.5162672
	16.3462884	47.5160191
	16.3460869	47.515905
	16.3454409	47.5160051
	16.3449015	47.5156608
	16.3443889	47.5152445
	16.3438406	47.5147822
	16.3434554	47.514496
	16.343325	47.5143599
	16.3431472	47.5144479
	16.3427827	47.5144659
	16.3426405	47.514518
	16.3423441	47.5146801
	16.3422374	47.5148582
	16.3420662	47.5150533
	16.3419381	47.5151985
	16.3418045	47.5152788
	16.341467	47.5154487
	16.3411675	47.5156159
	16.3411224	47.515661
	16.3410313	47.5157909
	16.3410551	47.515963
	16.3409721	47.5159714
	16.340231	47.5157379
	16.3397477	47.5162091
	16.3396889	47.5161726
	16.3394912	47.5160181
	16.3389022	47.5153249
	16.3384087	47.5147321
	16.338112	47.5143974
	16.3379349	47.5143101
	16.3377133	47.5141495
	16.3375242	47.5138554
	16.3374293	47.5137817
	16.3373339	47.5137612
	16.3372024	47.5135871
	16.3370937	47.5133318
	16.336802	47.512713
	16.3365942	47.5123072
	16.3364235	47.5120399
	16.3357186	47.5111942
	16.3350585	47.5099679
	16.3348434	47.5095803
	16.3345199	47.5090478
	16.3341164	47.50844
	16.3339407	47.5083386
	16.3337575	47.5082679
	16.333832	47.5081012
	16.3339896	47.5076589
	16.3339133	47.5074704
	16.3336994	47.5072307
	16.3336411	47.5069759
	16.3338531	47.5068213
	16.3338888	47.5067775
	16.3338165	47.5066342
	16.3338318	47.5065207
	16.3340865	47.5063194
	16.3341467	47.5060067
	16.333997	47.5059345
	16.3337315	47.5057495
	16.3336274	47.5055352
	16.3332795	47.5052462
	16.3330761	47.505016
	16.3328253	47.5046296
	16.3326237	47.5043809
	16.332429	47.5042124
	16.3319208	47.5039143
	16.3314064	47.5036503
	16.3311079	47.5035127
	16.3305764	47.5032125
	16.3300776	47.5028858
	16.3296128	47.5026583
	16.3288638	47.5023318
	16.3282646	47.5020455
	16.3279222	47.5018432
	16.3272274	47.5014056
	16.3261879	47.5007232
	16.326035	47.500582
	16.3262885	47.500417
	16.3267631	47.5002493
	16.3267941	47.5000689
	16.3267562	47.49989
	16.3268645	47.4995489
	16.3270247	47.4993832
	16.3275196	47.4992235
	16.327735	47.4987675
	16.3278116	47.4986042
	16.3277618	47.4982011
	16.3278399	47.4978746
	16.3275714	47.4978227
	16.3274366	47.4978295
	16.3272567	47.4977609
	16.3271513	47.4976415
	16.3269146	47.4975111
	16.3266205	47.4974468
	16.3263803	47.497263
	16.3263579	47.4971871
	16.3260129	47.4968328
	16.3255451	47.4966486
	16.325237	47.4966256
	16.3249892	47.4967144
	16.3246476	47.4967291
	16.323584	47.4964263
	16.323396	47.4960938
	16.3228115	47.4957658
	16.3219556	47.4953249
	16.3218124	47.4953292
	16.3219119	47.4956241
	16.3217931	47.4956442
	16.3212863	47.4954113
	16.320756	47.4952843
	16.3205147	47.4951565
	16.3197891	47.4947198
END
END
