7872837
1
	16.0073576	47.9035375
	16.0073846	47.9030186
	16.0075786	47.902675
	16.0078691	47.9022159
	16.0081892	47.9020122
	16.0086698	47.9017223
	16.0095201	47.9010339
	16.0097165	47.9007713
	16.0101753	47.9004878
	16.0103654	47.900225
	16.0105118	47.9000811
	16.0112612	47.8998236
	16.0115405	47.8995425
	16.0120425	47.898343
	16.0120912	47.8980138
	16.0126885	47.8977071
	16.0129566	47.8975317
	16.0127603	47.8972481
	16.0119571	47.8966125
	16.0110411	47.8960867
	16.0115567	47.895647
	16.0120029	47.8953533
	16.0120221	47.8951317
	16.012088	47.894455
	16.0121057	47.8942958
	16.0118372	47.8937798
	16.0118488	47.893558
	16.0118759	47.893012
	16.012317	47.8931772
	16.0130892	47.8932685
	16.0134253	47.893174
	16.0136355	47.8931354
	16.0140026	47.8931946
	16.0143723	47.8931935
	16.0150403	47.8933747
	16.0153884	47.8935112
	16.0161182	47.8938964
	16.0166229	47.8939401
	16.0170032	47.8940642
	16.0177902	47.8940628
	16.0180832	47.8939289
	16.0186252	47.8938325
	16.0187117	47.8938282
	16.0193475	47.8937933
	16.0197835	47.8938598
	16.019922	47.893872
	16.0207599	47.8937218
	16.0213166	47.8937079
	16.0216571	47.8937481
	16.0219193	47.8938465
	16.0223435	47.894151
	16.0227782	47.8942369
	16.0228683	47.8940905
	16.0227837	47.8936625
	16.0233314	47.8927407
	16.0236984	47.892717
	16.0240631	47.8926282
	16.0249394	47.8927804
	16.0253995	47.8927459
	16.025897	47.8928628
	16.0268593	47.8929144
	16.0273252	47.8933109
	16.0276039	47.8935553
	16.0280183	47.8938629
	16.0283845	47.8943062
	16.0285819	47.8943097
	16.0294805	47.8944395
	16.0300274	47.8946841
	16.0306039	47.894882
	16.0313527	47.89501
	16.0321686	47.8951016
	16.0326336	47.8952514
	16.0327788	47.8955331
	16.0330611	47.8957299
	16.0333009	47.8958215
	16.0339042	47.8958822
	16.0345633	47.8960523
	16.0351107	47.8962987
	16.0353814	47.8963968
	16.0361439	47.8964611
	16.0365045	47.8968301
	16.0368851	47.8968351
	16.0374556	47.8969459
	16.0381227	47.8971807
	16.0400759	47.8973178
	16.040934	47.8972854
	16.0417446	47.8974151
	16.0422589	47.8975897
	16.0426131	47.8978157
	16.0428689	47.8981415
	16.0435349	47.8983323
	16.0441868	47.8986329
	16.044821	47.8986026
	16.0454734	47.8985965
	16.0460827	47.8983808
	16.0465358	47.8988251
	16.0468632	47.8996129
	16.0474281	47.9001651
	16.0476649	47.9003831
	16.0481045	47.900667
	16.0483166	47.9005392
	16.0489256	47.9002334
	16.0491627	47.9000087
	16.0492881	47.8998257
	16.0496106	47.8995599
	16.0501596	47.8991167
	16.0504988	47.898925
	16.0510897	47.8988332
	16.051965	47.8988564
	16.0524607	47.8989241
	16.0531376	47.8988101
	16.0535224	47.8987042
	16.0538086	47.8985055
	16.0544556	47.8983032
	16.0550311	47.89804
	16.055344	47.8980979
	16.0557734	47.8984658
	16.0558623	47.8985056
	16.0562851	47.8986145
	16.0566517	47.8986409
	16.0576321	47.899395
	16.0583519	47.8995514
	16.0588819	47.8997261
	16.0597206	47.8998738
	16.0609315	47.9000046
	16.0629962	47.8999322
	16.0640657	47.9000113
	16.0653171	47.8999249
	16.0657832	47.899976
	16.0663733	47.9000408
	16.0669288	47.9001693
	16.0675764	47.9001778
	16.0680581	47.9001782
	16.0687954	47.9001176
	16.0693765	47.9001232
	16.0697694	47.9001626
	16.0704404	47.9002689
	16.0710546	47.9003081
	16.0714289	47.9002139
	16.0715706	47.9001838
	16.0722514	47.9001873
	16.0731628	47.9003101
	16.073724	47.9003045
	16.0751083	47.9005204
	16.0769104	47.9004232
	16.0776964	47.9004657
	16.0782092	47.9004112
	16.0788235	47.9001919
	16.0792812	47.8999521
	16.0798973	47.899737
	16.080581	47.8997387
	16.0813548	47.8997415
	16.0819315	47.8997464
	16.0820565	47.8997917
	16.0826028	47.899994
	16.0835183	47.9003273
	16.0844892	47.9008556
	16.0856817	47.9015159
	16.0863986	47.9018442
	16.0872798	47.9022537
	16.0877042	47.9023392
	16.0883712	47.9025119
	16.0888422	47.9024699
	16.0896998	47.9024938
	16.0906138	47.9024885
	16.0916222	47.9024737
	16.0921888	47.9023878
	16.092593	47.9023656
	16.0932675	47.9024207
	16.0935472	47.9024337
	16.0942028	47.9021342
	16.0946069	47.9017321
	16.0952543	47.9014429
	16.0954463	47.9010764
	16.0955486	47.9008998
	16.0962399	47.9002694
	16.0960985	47.9000076
	16.0958552	47.8998565
	16.0957265	47.8995763
	16.0956219	47.8992665
	16.0954391	47.89909
	16.0949501	47.8990279
	16.0941496	47.8989352
	16.0933919	47.8990153
	16.0926869	47.8991708
	16.0924291	47.8992875
	16.0922434	47.899288
	16.0920594	47.8991819
	16.0919362	47.8991544
	16.0918079	47.8996091
	16.0916024	47.8997156
	16.0900179	47.8994369
	16.089671	47.8993502
	16.0890035	47.8992199
	16.0883135	47.8990577
	16.0884238	47.898942
	16.0880771	47.8987049
	16.0874104	47.8990841
	16.0869412	47.89927
	16.0863953	47.8994549
	16.0861739	47.8995088
	16.0857653	47.8995978
	16.0856556	47.8990494
	16.0855366	47.8987491
	16.0854433	47.8986026
	16.0850339	47.8981801
	16.0846127	47.8976508
	16.0844275	47.8975176
	16.083764	47.8972433
	16.0844328	47.8972272
	16.0849528	47.8971839
	16.0855959	47.897199
	16.0861297	47.897103
	16.0860428	47.8962918
	16.0886394	47.895549
	16.0888815	47.8954481
	16.0893475	47.8952219
	16.089656	47.8948163
	16.0898943	47.8945693
	16.0907314	47.8941004
	16.0908705	47.8938025
	16.0910922	47.8931357
	16.0916329	47.8928279
	16.0918197	47.8925852
	16.0913632	47.8925821
	16.0910293	47.8925137
	16.091055	47.8919953
	16.0902837	47.8916478
	16.0895799	47.8913256
	16.0886987	47.8909313
	16.088438	47.8906308
	16.0887746	47.8896219
	16.0888812	47.8887585
	16.0875954	47.8883856
	16.0868591	47.8881285
	16.0860135	47.887962
	16.086113	47.8871547
	16.086085	47.8862878
	16.085958	47.8858548
	16.0858655	47.8853748
	16.0859631	47.8850994
	16.0865887	47.8851282
	16.0872479	47.8851768
	16.0880234	47.8852338
	16.0889656	47.8853415
	16.089513	47.885397
	16.0900041	47.885439
	16.0904781	47.8854796
	16.0909075	47.885467
	16.0917868	47.8854329
	16.0924287	47.8852273
	16.0930691	47.8848846
	16.093499	47.8848373
	16.0942074	47.8848999
	16.0945954	47.8849142
	16.0948417	47.8847778
	16.0951051	47.884697
	16.0961499	47.8844156
	16.0966332	47.8842394
	16.0974529	47.8837638
	16.0976746	47.8836546
	16.0990512	47.8829704
	16.0991618	47.8829474
	16.1005823	47.883525
	16.101157	47.8835428
	16.1018162	47.8835769
	16.1037526	47.8836523
	16.1056972	47.882637
	16.1066067	47.8820964
	16.1073062	47.8815776
	16.1077614	47.8812359
	16.1082258	47.8812547
	16.1089653	47.8812207
	16.1096441	47.8810176
	16.1101663	47.8806467
	16.1103691	47.8803271
	16.110489	47.879995
	16.1105658	47.8796425
	16.1107982	47.8792914
	16.1108924	47.8790282
	16.1109462	47.8786846
	16.1110498	47.8783677
	16.1112482	47.8778141
	16.1116143	47.8777969
	16.1116412	47.8777187
	16.1116505	47.8775542
	16.1114417	47.8771119
	16.1113051	47.8769641
	16.1111953	47.876667
	16.1110182	47.8760207
	16.1116519	47.8759769
	16.1125113	47.8759135
	16.112445	47.8757881
	16.1121376	47.8754844
	16.1120732	47.875335
	16.1121609	47.8752054
	16.1128513	47.8750979
	16.1133188	47.8751827
	16.1139434	47.875244
	16.1142553	47.875377
	16.1142463	47.875601
	16.1141409	47.8760553
	16.1142212	47.8761432
	16.1145427	47.8763838
	16.1143863	47.8768034
	16.1150007	47.8766443
	16.115673	47.8769821
	16.1159667	47.8770384
	16.115835	47.8776376
	16.1159053	47.8778815
	16.1166503	47.8779412
	16.1169061	47.8779526
	16.1170165	47.8774909
	16.1171278	47.8772373
	16.1173782	47.8764039
	16.1176106	47.8764069
	16.1180349	47.8764397
	16.1184298	47.8763975
	16.1185076	47.8770203
	16.1187126	47.8770675
	16.1191837	47.8769695
	16.1194514	47.8770554
	16.1198442	47.8770618
	16.1199488	47.8769908
	16.1204767	47.8769684
	16.1205838	47.8767591
	16.1213767	47.8769211
	16.122027	47.8771599
	16.1222515	47.8771891
	16.1224627	47.8773039
	16.1222338	47.8775249
	16.1218894	47.8780295
	16.1215018	47.8783172
	16.1206753	47.8779546
	16.120465	47.8783183
	16.1203458	47.8782905
	16.1202657	47.8787444
	16.1201336	47.8789908
	16.1196624	47.879411
	16.118638	47.8800417
	16.1184626	47.8802098
	16.11792	47.8804817
	16.1174095	47.8806599
	16.1168128	47.8807385
	16.1168816	47.8803462
	16.1162971	47.8804996
	16.1155531	47.8805192
	16.1141262	47.8806065
	16.1131984	47.8808041
	16.1125073	47.8812023
	16.1110477	47.8817342
	16.1106247	47.8819551
	16.1093158	47.8826173
	16.1083586	47.882969
	16.1083719	47.8835013
	16.1081742	47.8844525
	16.1080735	47.8847683
	16.1077661	47.8856926
	16.1089903	47.8859577
	16.1106607	47.8862926
	16.1126086	47.8864951
	16.1134913	47.8866211
	16.1142993	47.8867478
	16.1148018	47.8868069
	16.1153848	47.8868649
	16.1161307	47.8868787
	16.1186517	47.887204
	16.1192363	47.8872393
	16.119751	47.8876339
	16.1216707	47.8873081
	16.122212	47.8872468
	16.1227901	47.8870997
	16.1233629	47.886985
	16.1239908	47.8869372
	16.12446	47.8868604
	16.1251846	47.8867833
	16.1269301	47.8867637
	16.1275293	47.8867114
	16.1289211	47.8866536
	16.1297767	47.8866408
	16.1303436	47.8867578
	16.1312313	47.886621
	16.1328342	47.8864667
	16.1333496	47.8864505
	16.1339435	47.8863668
	16.134887	47.8862972
	16.135325	47.8862633
	16.1356749	47.8861297
	16.1370022	47.8857031
	16.1390759	47.88521
	16.1395636	47.8851357
	16.1410048	47.8850734
	16.1420765	47.884788
	16.1430486	47.8845592
	16.1435806	47.8844056
	16.1444672	47.8841965
	16.1449403	47.8841094
	16.1460058	47.8838585
	16.1469398	47.8836994
	16.1479882	47.883592
	16.1487572	47.8836768
	16.149185	47.8841409
	16.1492348	47.8841874
	16.1494248	47.8843868
	16.1495253	47.8846428
	16.1497918	47.8854112
	16.1500692	47.8862054
	16.1500305	47.8868817
	16.1500118	47.887249
	16.1499197	47.8881227
	16.1498847	47.8884589
	16.1498392	47.8890113
	16.149723	47.8894293
	16.149657	47.8900356
	16.1500985	47.8900335
	16.1501564	47.8901687
	16.1501523	47.8903579
	16.1499813	47.8905224
	16.1498312	47.8906185
	16.1496488	47.8907838
	16.1490739	47.8912998
	16.1487765	47.8914731
	16.1482292	47.8917875
	16.1481289	47.8919178
	16.1480647	47.8920977
	16.1479952	47.8924553
	16.1478934	47.8926198
	16.1474501	47.8928966
	16.1471082	47.8930513
	16.1469481	47.8931871
	16.1468389	47.8933543
	16.1468277	47.8936207
	16.1467577	47.8938552
	16.1466666	47.8941914
	16.1465742	47.8945023
	16.1465739	47.895017
	16.1462684	47.8956686
	16.1460457	47.8958137
	16.1457686	47.8958724
	16.1454965	47.895998
	16.1453	47.8961593
	16.1451242	47.8963412
	16.1447142	47.8971445
	16.1447886	47.8978861
	16.1448447	47.8979998
	16.1447754	47.8983998
	16.144364	47.8993929
	16.1438752	47.8997569
	16.1434549	47.9000616
	16.1432081	47.9008807
	16.143116	47.901362
	16.143083	47.9020806
	16.1431453	47.9023708
	16.1427974	47.9030355
	16.1423784	47.9033434
	16.1418394	47.9035474
	16.1416859	47.9035652
	16.1417514	47.9041054
	16.1418253	47.9043511
	16.1419769	47.9048783
	16.1421055	47.9051381
	16.1420796	47.9055864
	16.1417467	47.9060323
	16.1415689	47.9063228
	16.1412987	47.9067907
	16.1408644	47.9072557
	16.1403942	47.9077545
	16.1402375	47.907787
	16.1396132	47.9080734
	16.1388902	47.9084398
	16.1384899	47.9088909
	16.1382516	47.9089542
	16.1378283	47.9090546
	16.1374384	47.9092841
	16.1367861	47.9096667
	16.1367519	47.9100423
	16.1363052	47.9101597
	16.1357602	47.9102777
	16.1345049	47.9106721
	16.1345607	47.9108546
	16.1343726	47.9111919
	16.1343174	47.9115618
	16.1344049	47.9117976
	16.1342386	47.9120442
	16.1342433	47.9123182
	16.1343282	47.9128533
	16.1346499	47.9131774
	16.1348579	47.9136783
	16.1348869	47.9139178
	16.1350883	47.9142267
	16.1349629	47.9147365
	16.134803	47.9153727
	16.1345662	47.915809
	16.13421	47.9163652
	16.1340629	47.9164522
	16.133776	47.9166063
	16.1334943	47.9167657
	16.1330623	47.9169095
	16.1329753	47.917585
	16.1331716	47.9179639
	16.133696	47.9183249
	16.1337944	47.9184971
	16.1343217	47.9190342
	16.1344817	47.9192436
	16.1350172	47.9196137
	16.1353048	47.919936
	16.1360378	47.9202115
	16.1364985	47.9202865
	16.1372764	47.9205567
	16.1380653	47.9207102
	16.1387792	47.9207814
	16.1395736	47.9209402
	16.140834	47.9207926
	16.1410871	47.9208054
	16.1419742	47.920996
	16.1420893	47.9210281
	16.1421854	47.9211088
	16.1423041	47.9212392
	16.1424999	47.9213586
	16.1426309	47.9214175
	16.1427251	47.9214889
	16.1428254	47.9215815
	16.1429024	47.9217142
	16.1429889	47.9220305
	16.1428781	47.9223534
	16.1429209	47.922527
	16.1431167	47.9227246
	16.1432729	47.9228776
	16.1433525	47.9232599
	16.1437595	47.9234586
	16.1439506	47.9237322
	16.1439421	47.9238249
	16.1440969	47.924055
	16.1444591	47.9242887
	16.1445094	47.9244634
	16.1444954	47.9248446
	16.1445292	47.9252635
	16.1443421	47.9251989
	16.143797	47.9251804
	16.1428115	47.9251484
	16.1424032	47.9254672
	16.1418513	47.925871
	16.1412037	47.9261673
	16.1403448	47.9264503
	16.1400435	47.9264937
	16.1393621	47.9265446
	16.1387652	47.9267409
	16.1376022	47.9267239
	16.1364365	47.9267126
	16.1346907	47.926839
	16.1337558	47.9267767
	16.1320579	47.9268371
	16.1315426	47.9269333
	16.1309118	47.9270597
	16.1303824	47.9271692
	16.1301178	47.9272107
	16.1295659	47.9274673
	16.1293265	47.9275748
	16.1289661	47.927688
	16.1285606	47.9276899
	16.1280143	47.9277333
	16.1277694	47.9277748
	16.1270035	47.9277371
	16.126522	47.9276541
	16.1261756	47.9276277
	16.1259588	47.9277069
	16.1250746	47.9281579
	16.1247705	47.9283182
	16.1247255	47.9284729
	16.1246832	47.9287352
	16.1246776	47.9291333
	16.1246128	47.9295163
	16.1245452	47.9297465
	16.124503	47.9298427
	16.1242749	47.9300748
	16.1237765	47.9305823
	16.1235231	47.9307483
	16.1232781	47.9310049
	16.1229656	47.9313275
	16.1227882	47.9317124
	16.1224841	47.932086
	16.1222166	47.9324293
	16.1220589	47.9326218
	16.1218899	47.9329123
	16.1217688	47.9332557
	16.1212845	47.9339877
	16.1201835	47.934231
	16.1195669	47.9343555
	16.1192628	47.9344367
	16.1188967	47.9346121
	16.1185588	47.9347895
	16.1183983	47.9348725
	16.1178267	47.9349536
	16.1174803	47.9351347
	16.1170214	47.9353271
	16.1165032	47.9355441
	16.1161062	47.9357742
	16.1156022	47.9361138
	16.1151376	47.936559
	16.1146392	47.9368589
	16.1142337	47.9371287
	16.1140676	47.937406
	16.1133664	47.9377984
	16.1124147	47.9385982
	16.1123724	47.9383492
	16.1123527	47.937921
	16.1123386	47.9374588
	16.1122598	47.9370476
	16.1120571	47.9364892
	16.1117248	47.935595
	16.11137	47.9356516
	16.1110349	47.9357271
	16.1107449	47.9358214
	16.1104436	47.935927
	16.109948	47.9360063
	16.1095848	47.9360402
	16.1092694	47.9360232
	16.1087288	47.9360232
	16.1083655	47.9360364
	16.1080079	47.9356384
	16.1077995	47.9353648
	16.1076081	47.9351007
	16.1075095	47.9347272
	16.1074222	47.9344121
	16.1073603	47.9341631
	16.1079319	47.9336877
	16.1081318	47.9334104
	16.1079307	47.932975
	16.1076475	47.9328274
	16.10671	47.932693
	16.1063775	47.9326388
	16.1059411	47.9325822
	16.105285	47.9325161
	16.1047838	47.932552
	16.1043642	47.9324237
	16.1038771	47.9322709
	16.1035871	47.9319332
	16.103404	47.9316181
	16.1033562	47.931469
	16.1033111	47.9312596
	16.1032492	47.9309898
	16.1033252	47.9305182
	16.1035786	47.9298484
	16.1033928	47.9295541
	16.1031365	47.9291541
	16.1028212	47.9289201
	16.1026832	47.9287786
	16.102227	47.9283258
	16.1017511	47.9278541
	16.1013513	47.9272748
	16.1010106	47.9266729
	16.1008013	47.9258949
	16.1006811	47.9253559
	16.1004221	47.9249785
	16.1005826	47.9245106
	16.1010021	47.9237898
	16.1011204	47.9233162
	16.1010247	47.9227312
	16.1009796	47.9224482
	16.1010528	47.9220028
	16.1011457	47.9211442
	16.1007628	47.9210763
	16.1005488	47.9210404
	16.1003939	47.9210121
	16.100087	47.9209612
	16.0999068	47.9209367
	16.0992817	47.921165
	16.0988508	47.9215065
	16.0986284	47.9217443
	16.0984144	47.9219613
	16.0981272	47.9222708
	16.0972655	47.9226633
	16.0967953	47.9230727
	16.0966658	47.923252
	16.0965193	47.9234539
	16.0963785	47.9236407
	16.0961054	47.923603
	16.0954296	47.9236086
	16.0943455	47.9237181
	16.0941794	47.9237502
	16.0936331	47.9238011
	16.0930052	47.9238483
	16.093222	47.9241143
	16.0932079	47.9243162
	16.0934893	47.9248089
	16.0937936	47.9254201
	16.093895	47.9257842
	16.0938725	47.9259842
	16.0936275	47.9263899
	16.0935289	47.9267201
	16.0934782	47.9270371
	16.0934247	47.9272465
	16.0933712	47.9274692
	16.0933206	47.9277673
	16.0933718	47.9278842
	16.0934221	47.9280788
	16.0933827	47.9283832
	16.0931586	47.9284047
	16.0929151	47.9283549
	16.0927776	47.9283269
	16.0925455	47.9282072
	16.0923736	47.9280615
	16.0916724	47.9283984
	16.0912973	47.9285705
	16.0906407	47.9280713
	16.0903754	47.9282395
	16.0901563	47.9283439
	16.0897398	47.9284727
	16.0896927	47.9285174
	16.0881517	47.9293257
	16.0874841	47.9288856
	16.0871924	47.9290665
	16.0874452	47.929262
	16.0867451	47.9295588
	16.0862158	47.9297919
	16.0865031	47.9299887
	16.0860991	47.9301813
	16.0854812	47.9304708
	16.084887	47.9307488
	16.0853947	47.9312005
	16.0857361	47.9315132
	16.0859911	47.931794
	16.0863065	47.9321444
	16.0857534	47.9322602
	16.0862115	47.9329739
	16.0864859	47.9329261
	16.0865658	47.9334125
	16.0865853	47.9339322
	16.0865853	47.9344403
	16.0860192	47.9346647
	16.0843014	47.9349209
	16.08361	47.9352162
	16.0830634	47.9354565
	16.0822704	47.9356114
	16.0819334	47.935649
	16.0814343	47.9350657
	16.0810691	47.9348094
	16.0809697	47.9347964
	16.0804576	47.9355434
	16.079965	47.9359588
	16.0795739	47.9363048
	16.0794356	47.9364133
	16.0794594	47.9360529
	16.0793082	47.9356374
	16.0791764	47.9356114
	16.0785757	47.9359878
	16.0780701	47.9361629
	16.0772685	47.9362787
	16.076536	47.9360283
	16.0759095	47.9358112
	16.0750236	47.9355231
	16.0747643	47.9356794
	16.0749804	47.9358444
	16.0751835	47.9360051
	16.0757669	47.9363366
	16.0762811	47.9366305
	16.0770149	47.9370015
	16.0768946	47.937029
	16.0768697	47.9371521
	16.0769697	47.9371854
	16.0767913	47.9374507
	16.076781	47.9375281
	16.0767808	47.9375557
	16.0768478	47.9375723
	16.0768235	47.9376154
	16.0766334	47.9377463
	16.0765367	47.9378753
	16.076506	47.9380078
	16.0760849	47.9381775
	16.0759589	47.9382304
	16.075501	47.9383981
	16.074862	47.938616
	16.0745878	47.9387153
	16.0740349	47.9389168
	16.072947	47.9393182
	16.0726705	47.9394056
	16.0720049	47.9397449
	16.0714277	47.9399923
	16.0711845	47.94017
	16.0716312	47.9402574
	16.0721177	47.9403671
	16.0712906	47.940887
	16.0713879	47.9411892
	16.0715494	47.9413389
	16.0719809	47.9415487
	16.0721929	47.9416336
	16.0723941	47.9418159
	16.072717	47.942358
	16.0728961	47.9425239
	16.0730465	47.9426721
	16.0732344	47.9428513
	16.0734047	47.9431209
	16.0734135	47.9436112
	16.0735772	47.9438097
	16.073743	47.9439416
	16.0740526	47.9443163
	16.074119	47.9444615
	16.0744861	47.9447622
	16.0745767	47.9449444
	16.0746497	47.945211
	16.07459	47.9454273
	16.0744263	47.9455236
	16.0742707	47.9456214
	16.0741234	47.9457161
	16.0738558	47.945802
	16.0735728	47.9458346
	16.0736037	47.9459857
	16.0736413	47.9461753
	16.0737121	47.9465145
	16.0738888	47.9470389
	16.0727095	47.9471128
	16.0720899	47.9471535
	16.0712301	47.9473182
	16.0707017	47.9475189
	16.0702923	47.9476524
	16.0692347	47.9479323
	16.0681885	47.9481511
	16.0679065	47.948233
	16.0671886	47.9484558
	16.0661801	47.9488626
	16.0658573	47.9490594
	16.0651364	47.9492021
	16.064182	47.9494053
	16.0636296	47.9497539
	16.0628988	47.9500349
	16.0623652	47.950075
	16.0619356	47.9501243
	16.06117	47.9504544
	16.0603568	47.9506612
	16.0593483	47.9507078
	16.0592047	47.9506771
	16.0584306	47.9504993
	16.0577068	47.9503416
	16.0571768	47.9501981
	16.0567089	47.950069
	16.0563608	47.9500118
	16.055784	47.9501337
	16.0550458	47.9503098
	16.0544741	47.9504815
	16.0534019	47.9506832
	16.052601	47.9507167
	16.0517408	47.950639
	16.0514058	47.9503797
	16.0511775	47.950211
	16.0510641	47.9500274
	16.0508539	47.9497044
	16.0504898	47.948911
	16.0499534	47.9483746
	16.0492669	47.9481547
	16.0489066	47.9478286
	16.0486894	47.9474235
	16.0482794	47.9471074
	16.0479334	47.9467539
	16.0473035	47.9462161
	16.0469013	47.9459365
	16.0463132	47.9458209
	16.0460604	47.9458043
	16.0448907	47.9457116
	16.0444547	47.9455966
	16.0440108	47.9449965
	16.0436672	47.9443908
	16.0429925	47.9435993
	16.0433412	47.9431702
	16.0434901	47.9429798
	16.0436157	47.9427059
	16.0438762	47.942183
	16.0436104	47.9417406
	16.0433209	47.941299
	16.0430122	47.9410252
	16.0429086	47.9406116
	16.0424667	47.9402508
	16.0421544	47.9399638
	16.0415365	47.9396605
	16.0410505	47.9394239
	16.0404441	47.9391908
	16.0397772	47.9390387
	16.0390863	47.938987
	16.0382112	47.9388363
	16.0375153	47.9385952
	16.0364191	47.9383087
	16.0356942	47.9381164
	16.0351754	47.9378227
	16.0347962	47.9376161
	16.0344786	47.9373223
	16.0341631	47.9370715
	16.0330264	47.9362457
	16.0316144	47.9361192
	16.0302642	47.9356643
	16.0299025	47.9352291
	16.0295356	47.9348277
	16.0288219	47.934483
	16.0282563	47.934312
	16.0273713	47.9340499
	16.0265477	47.93377
	16.0258895	47.9335757
	16.0254793	47.933552
	16.0246201	47.9336342
	16.0238375	47.9334814
	16.0233552	47.9333986
	16.0227446	47.9333003
	16.0219653	47.9332256
	16.021256	47.933322
	16.0206085	47.9334974
	16.0200714	47.933575
	16.019145	47.9337071
	16.0180568	47.9332429
	16.0178391	47.9330557
	16.0175973	47.9329256
	16.0171074	47.9328068
	16.016772	47.9326466
	16.0162676	47.9324001
	16.0159341	47.9321412
	16.0163598	47.9319187
	16.0176106	47.9314192
	16.0180741	47.9311251
	16.0184924	47.9309259
	16.0190644	47.9308548
	16.0194292	47.9307439
	16.0200293	47.9304477
	16.020766	47.9301371
	16.020971	47.9298619
	16.0211069	47.9296262
	16.0213125	47.9294761
	16.0216809	47.9290536
	16.0223726	47.9288806
	16.022833	47.9284914
	16.023021	47.9281218
	16.0229771	47.9277659
	16.0227465	47.9276944
	16.0224971	47.9276364
	16.0221841	47.9275457
	16.0217726	47.9273531
	16.0213224	47.9270851
	16.020976	47.9266941
	16.020524	47.926286
	16.020284	47.9260491
	16.0202344	47.9259053
	16.019887	47.9256427
	16.0194383	47.9253227
	16.0193101	47.9251519
	16.0192607	47.9250331
	16.0190074	47.9248868
	16.0188742	47.9248317
	16.018439	47.9247277
	16.0180435	47.9247033
	16.0172922	47.9245559
	16.016641	47.9241319
	16.0157769	47.9235278
	16.0156143	47.9233001
	16.0152555	47.923065
	16.014982	47.922707
	16.0148593	47.9224727
	16.0147651	47.9220998
	16.0145957	47.9217884
	16.0142209	47.9214461
	16.0140124	47.9212003
	16.0139347	47.9209553
	16.0138597	47.9206066
	16.0135164	47.9201267
	16.0132854	47.919946
	16.0132164	47.9196873
	16.0137529	47.9192812
	16.014291	47.9188138
	16.0147684	47.9184189
	16.0159864	47.9180697
	16.0164885	47.9179208
	16.0161724	47.9176187
	16.0160406	47.9173146
	16.0158331	47.9169991
	16.0156839	47.9164576
	16.0157378	47.9162532
	16.0156061	47.9153947
	16.0153773	47.9152866
	16.015412	47.9141214
	16.0147876	47.9140097
	16.0141356	47.9138771
	16.013728	47.9135401
	16.0135671	47.9134424
	16.0129595	47.9131295
	16.0123661	47.9128322
	16.0124915	47.9126293
	16.0129739	47.912352
	16.0124939	47.9118102
	16.0128498	47.9117664
	16.0133211	47.9114739
	16.0136371	47.9112487
	16.0136434	47.9111064
	16.0132346	47.9109854
	16.0129101	47.9108513
	16.0122767	47.9104684
	16.0122765	47.9103376
	16.0119556	47.9100514
	16.0116195	47.9098725
	16.0112584	47.9097124
	16.010836	47.9092542
	16.010685	47.9091605
	16.0105999	47.9085476
	16.0105201	47.9084354
	16.01017	47.9081839
	16.0099544	47.9077871
	16.0098755	47.90742
	16.0097705	47.9071824
	16.0098401	47.9067303
	16.0091528	47.90645
	16.0085854	47.9062951
	16.0086452	47.9060657
	16.0086125	47.9054662
	16.0077756	47.9046349
	16.0078354	47.9042422
	16.007601	47.9040642
	16.0074516	47.9037541
	16.0073576	47.9035375
END
END
