7872318
1
	16.0611127	46.9934403
	16.0615558	46.9933556
	16.0616784	46.9932484
	16.0620145	46.9931829
	16.062455	46.992977
	16.0625482	46.992888
	16.0626113	46.9926901
	16.0628283	46.9925651
	16.062834	46.992474
	16.063353	46.992331
	16.0645265	46.9917287
	16.065615	46.991066
	16.066308	46.991101
	16.0663306	46.9898899
	16.0665187	46.9894195
	16.0666759	46.988486
	16.0665126	46.9884504
	16.066675	46.987849
	16.067076	46.9876804
	16.0673894	46.987305
	16.068343	46.986797
	16.0689775	46.9863311
	16.0696357	46.9856812
	16.0698768	46.985564
	16.070614	46.985285
	16.071647	46.984588
	16.0717883	46.9843075
	16.0727631	46.983373
	16.0734485	46.9828704
	16.073593	46.982904
	16.0736194	46.9827392
	16.073875	46.982355
	16.074892	46.982063
	16.075694	46.982013
	16.0760981	46.9820863
	16.0763198	46.9821603
	16.0767286	46.9822174
	16.0768093	46.9822475
	16.0769551	46.9822779
	16.0772524	46.9824248
	16.0774871	46.9824963
	16.0780634	46.9825803
	16.078339	46.982694
	16.0790978	46.9823216
	16.07967	46.982091
	16.0797676	46.9819351
	16.0800013	46.98174
	16.0801186	46.9817071
	16.080199	46.981575
	16.081327	46.981169
	16.0807626	46.9807355
	16.080044	46.980001
	16.081577	46.979491
	16.08154	46.978602
	16.0834076	46.978867
	16.084767	46.9792165
	16.0854369	46.9793274
	16.0867555	46.9793895
	16.0870832	46.9795083
	16.0872235	46.9794261
	16.0877465	46.9794142
	16.0879319	46.9794041
	16.0882297	46.9793342
	16.0885597	46.9793308
	16.0886533	46.9794182
	16.0886089	46.9795862
	16.0887854	46.9796847
	16.0888207	46.9797072
	16.0892197	46.9797912
	16.0899107	46.9800371
	16.0905683	46.9802801
	16.0907909	46.9804149
	16.0909595	46.9805591
	16.0913168	46.9808467
	16.0914024	46.9807766
	16.0914456	46.9808864
	16.0920118	46.9817243
	16.092244	46.9818612
	16.0928835	46.9820336
	16.0929559	46.9821375
	16.0930753	46.9822471
	16.0938461	46.9832071
	16.0941668	46.9832597
	16.0945001	46.9832613
	16.0950072	46.9832255
	16.0955544	46.9831816
	16.0958351	46.9831333
	16.097164	46.982459
	16.097584	46.982261
	16.0979572	46.9821884
	16.0981798	46.9821571
	16.098524	46.982072
	16.099939	46.982413
	16.1000396	46.9820143
	16.100177	46.981689
	16.1001458	46.9810452
	16.1002099	46.9801753
	16.1001603	46.9798086
	16.1002027	46.9796318
	16.100206	46.979366
	16.1005723	46.9779017
	16.100707	46.977425
	16.1007426	46.9770383
	16.100662	46.976177
	16.101278	46.975346
	16.1016181	46.9751498
	16.101969	46.974875
	16.102176	46.9746006
	16.102321	46.974203
	16.103202	46.973452
	16.1037784	46.9726451
	16.1043143	46.9717271
	16.104486	46.971362
	16.1046884	46.9712333
	16.1049752	46.9708685
	16.105142	46.9704733
	16.105453	46.9702
	16.105521	46.9700463
	16.1055762	46.9696455
	16.1055846	46.9695285
	16.105653	46.9693
	16.1062945	46.9688087
	16.1066969	46.9685709
	16.1069117	46.9683008
	16.10724	46.968097
	16.1074643	46.967756
	16.1074752	46.9675461
	16.107606	46.96713
	16.1076418	46.965639
	16.107732	46.965324
	16.1080182	46.9653919
	16.1088169	46.9658407
	16.1093054	46.966052
	16.1092638	46.9663348
	16.1093424	46.9665991
	16.109581	46.967096
	16.1096159	46.9673766
	16.1095406	46.967824
	16.1096162	46.9682634
	16.1096766	46.9685437
	16.1096782	46.9689531
	16.1095248	46.9693108
	16.109287	46.969551
	16.1090538	46.9695663
	16.108804	46.969626
	16.108387	46.9699292
	16.108296	46.9700738
	16.108144	46.97019
	16.1080479	46.9703207
	16.1077925	46.9713846
	16.1073771	46.9718148
	16.1069464	46.9719983
	16.1073071	46.9721797
	16.107762	46.9725769
	16.108133	46.972755
	16.1084127	46.9728131
	16.108966	46.972708
	16.109887	46.972985
	16.109669	46.973631
	16.1095937	46.9747178
	16.110205	46.974767
	16.1102476	46.9750024
	16.11071	46.976085
	16.1112296	46.9762483
	16.111585	46.976259
	16.1116949	46.9765142
	16.1116998	46.9767188
	16.1116732	46.9769024
	16.111687	46.977185
	16.112063	46.977634
	16.1121665	46.9778607
	16.1122882	46.9782569
	16.1122649	46.978381
	16.1123387	46.9785254
	16.1126865	46.9789756
	16.1126924	46.9791751
	16.112752	46.979402
	16.1131715	46.9797046
	16.1132394	46.9798073
	16.113369	46.979915
	16.1134976	46.979929
	16.1136696	46.9798305
	16.1139367	46.9795517
	16.1142691	46.9794595
	16.1143916	46.9791976
	16.11473	46.978987
	16.1162767	46.9793707
	16.1170993	46.9796045
	16.117831	46.979712
	16.1181247	46.979877
	16.118616	46.980087
	16.1184656	46.9803052
	16.118374	46.980541
	16.1184155	46.9809459
	16.118532	46.981339
	16.1190996	46.9822993
	16.1193591	46.9828048
	16.1194374	46.9829117
	16.1196007	46.9832728
	16.119683	46.983769
	16.120625	46.984859
	16.1207286	46.9850726
	16.1208042	46.9853902
	16.1211242	46.9859066
	16.121305	46.9863446
	16.121532	46.986668
	16.121538	46.98684
	16.1212455	46.987129
	16.120952	46.9872792
	16.1209663	46.9884429
	16.1210285	46.9889526
	16.120971	46.989085
	16.1210014	46.9892516
	16.1212811	46.9898832
	16.1214051	46.9902335
	16.12171	46.990667
	16.1218717	46.9906984
	16.1223026	46.9907203
	16.1225797	46.9907699
	16.1227631	46.9907617
	16.123071	46.9908916
	16.1231635	46.9908688
	16.1232897	46.9909033
	16.1234121	46.9908881
	16.1234603	46.9909258
	16.1237217	46.9909309
	16.1239017	46.9909215
	16.1241825	46.9910105
	16.1242499	46.9909864
	16.1243544	46.9910753
	16.1247885	46.9911072
	16.1248302	46.9911421
	16.1249947	46.991234
	16.1252476	46.991307
	16.1253947	46.991298
	16.125586	46.991355
	16.1257551	46.9915347
	16.1260832	46.991668
	16.126204	46.991752
	16.1263667	46.9917525
	16.1264446	46.9917658
	16.1267842	46.9917047
	16.127176	46.991734
	16.127966	46.991893
	16.1281517	46.9920318
	16.128523	46.992172
	16.1286143	46.992316
	16.1286686	46.9924998
	16.128735	46.992597
	16.1287947	46.9927003
	16.1287765	46.9927577
	16.1288766	46.9930714
	16.129032	46.993204
	16.129463	46.993386
	16.1303661	46.9934462
	16.13057	46.993366
	16.130715	46.993442
	16.1306493	46.9937675
	16.1311514	46.9938591
	16.1316363	46.993996
	16.1323115	46.9942221
	16.133911	46.994709
	16.1343907	46.9947735
	16.1346176	46.9947953
	16.134923	46.994845
	16.1354389	46.994753
	16.1357731	46.9947629
	16.136396	46.994648
	16.1369072	46.9944947
	16.1380479	46.9940629
	16.138548	46.99393
	16.1390728	46.993625
	16.139679	46.9930792
	16.139759	46.992929
	16.1407792	46.9935816
	16.140917	46.993697
	16.1414862	46.9935055
	16.142296	46.993336
	16.142649	46.993193
	16.142787	46.993072
	16.1429341	46.992903
	16.1431591	46.9924539
	16.143434	46.992083
	16.1436218	46.9919435
	16.143888	46.991866
	16.144239	46.991877
	16.144629	46.991994
	16.145569	46.99246
	16.1459508	46.992502
	16.147058	46.99253
	16.1477157	46.9924585
	16.14848	46.992193
	16.1495398	46.9915574
	16.1498408	46.9914206
	16.150133	46.991331
	16.1505977	46.9912744
	16.151287	46.9913135
	16.15165	46.99129
	16.1529	46.99096
	16.1537927	46.9908354
	16.1545216	46.9908126
	16.1545057	46.9909326
	16.154313	46.991086
	16.1545713	46.9915154
	16.1545433	46.991611
	16.15472	46.991977
	16.1549651	46.992178
	16.1551923	46.9921818
	16.1553356	46.9922041
	16.155534	46.992324
	16.155607	46.992796
	16.155464	46.993027
	16.1546758	46.9933506
	16.1542905	46.9935264
	16.1541717	46.9935255
	16.1539834	46.9934053
	16.153864	46.993305
	16.1537173	46.9929506
	16.153625	46.992128
	16.153108	46.992056
	16.152579	46.991597
	16.1519084	46.9916116
	16.151796	46.99167
	16.15185	46.9917487
	16.1523424	46.9918729
	16.152885	46.992183
	16.152717	46.992472
	16.1528032	46.9926322
	16.1532369	46.9929487
	16.153278	46.99308
	16.1531898	46.9933459
	16.152825	46.993633
	16.1522074	46.9938154
	16.152028	46.993795
	16.1514216	46.9935709
	16.150889	46.993405
	16.1507608	46.993206
	16.1507705	46.9929194
	16.150629	46.992732
	16.149917	46.992566
	16.1496211	46.9925642
	16.149363	46.992648
	16.1492939	46.9927838
	16.149358	46.992966
	16.1498014	46.993041
	16.150026	46.99321
	16.1499414	46.993597
	16.149981	46.993883
	16.14967	46.994121
	16.1493255	46.9940452
	16.148924	46.993769
	16.148585	46.99382
	16.1483396	46.9941949
	16.1478576	46.9945102
	16.14783	46.994632
	16.1482859	46.9949495
	16.148621	46.99511
	16.1491928	46.9950269
	16.1500609	46.994859
	16.150374	46.994853
	16.150723	46.995052
	16.150658	46.995373
	16.1500393	46.9958183
	16.1499861	46.9959683
	16.1497251	46.99619
	16.149524	46.996439
	16.1493521	46.996482
	16.148908	46.996331
	16.1487676	46.9959721
	16.148487	46.995748
	16.1483274	46.9957074
	16.148106	46.995703
	16.147885	46.996387
	16.1490123	46.996769
	16.149381	46.996954
	16.1496111	46.9972546
	16.149879	46.99754
	16.149854	46.997829
	16.149509	46.998075
	16.148403	46.997969
	16.1476913	46.9980702
	16.1472084	46.998276
	16.1470685	46.9982912
	16.146578	46.998389
	16.1465342	46.9988105
	16.146598	46.9988405
	16.1470361	46.9988573
	16.147414	46.99905
	16.147701	46.998918
	16.14814	46.9989101
	16.14856	46.998998
	16.148889	46.999285
	16.1488983	46.9996233
	16.1491507	47.0001066
	16.149121	47.000393
	16.148746	47.000624
	16.1483699	47.0006329
	16.1477094	47.0005291
	16.147553	47.000533
	16.1470788	47.0007427
	16.146748	47.000732
	16.146615	47.000116
	16.1463966	46.99997
	16.1460211	46.9999316
	16.1458967	46.9998935
	16.1455999	46.9998106
	16.145477	46.999756
	16.1451979	46.9996072
	16.1450501	46.99938
	16.145133	46.998976
	16.1450598	46.9988548
	16.1448428	46.9986472
	16.1446985	46.9983852
	16.144637	46.998225
	16.1447028	46.9980688
	16.1448444	46.9979486
	16.1449012	46.9977984
	16.144801	46.997655
	16.1446674	46.9975688
	16.144544	46.997574
	16.1443321	46.9976789
	16.14415	46.997741
	16.1436091	46.9977577
	16.1433378	46.9977331
	16.143178	46.997771
	16.1433684	46.9979336
	16.1438673	46.9981099
	16.144026	46.9981513
	16.144074	46.998236
	16.1440739	46.9983655
	16.1441042	46.9985721
	16.1440737	46.9986677
	16.1441079	46.9987136
	16.1440924	46.9987924
	16.1440629	46.9988457
	16.143933	46.999069
	16.1436958	46.9993368
	16.143608	46.99946
	16.143211	46.999597
	16.1431175	46.9995176
	16.1427246	46.9993326
	16.1426342	46.9992373
	16.142362	46.999136
	16.142135	46.999084
	16.141869	46.9990747
	16.141734	46.999105
	16.1416005	46.9991622
	16.141492	46.999323
	16.141523	46.9994237
	16.1418371	46.9995737
	16.1422665	46.9996506
	16.1429017	46.9999127
	16.142934	47.000045
	16.1429301	47.0001721
	16.142742	47.000507
	16.142689	47.0005884
	16.1424535	47.0006534
	16.142359	47.0007114
	16.142307	47.000803
	16.1424041	47.0009342
	16.142675	47.0010854
	16.142786	47.00124
	16.142782	47.0013646
	16.142697	47.001667
	16.1426353	47.0017258
	16.142329	47.0017899
	16.1420755	47.001804
	16.1419455	47.0018529
	16.1418861	47.0019404
	16.1418693	47.0020211
	16.1419476	47.0021773
	16.1421034	47.0023556
	16.1421638	47.0024581
	16.1422142	47.002619
	16.142146	47.002764
	16.1419925	47.0029215
	16.141913	47.00295
	16.1417381	47.0029708
	16.141195	47.002936
	16.1407473	47.0031382
	16.140329	47.003139
	16.1401338	47.0030964
	16.140028	47.0030416
	16.1399214	47.002956
	16.1395749	47.0027665
	16.1393579	47.002514
	16.1392001	47.0023824
	16.139111	47.002353
	16.1390371	47.0023613
	16.1387013	47.0023408
	16.1385663	47.0023894
	16.1384195	47.0024043
	16.1382408	47.0024445
	16.138133	47.002513
	16.138078	47.002685
	16.1383326	47.0028003
	16.1388252	47.0028857
	16.139029	47.002958
	16.1394159	47.0031639
	16.139488	47.00326
	16.1395274	47.0034098
	16.1394838	47.0035044
	16.1392868	47.0036495
	16.139237	47.003708
	16.1392401	47.0037791
	16.1392842	47.0039596
	16.1392735	47.0040483
	16.1392839	47.0042086
	16.1393335	47.0043207
	16.1393059	47.0044908
	16.139256	47.00456
	16.1391406	47.004723
	16.1389164	47.0049894
	16.1386111	47.0051968
	16.1384463	47.0053476
	16.1383928	47.0054357
	16.138305	47.005487
	16.1380801	47.0054619
	16.1379755	47.0054984
	16.137706	47.005545
	16.1375811	47.0055932
	16.1371639	47.0057768
	16.1370923	47.0058311
	16.136834	47.005932
	16.1365819	47.0059762
	16.136441	47.006033
	16.1363834	47.0060768
	16.1362657	47.0061494
	16.1361489	47.0062785
	16.1358692	47.0064773
	16.1357471	47.0065412
	16.1354741	47.0066553
	16.1352641	47.0068262
	16.135177	47.006967
	16.135198	47.0070232
	16.1352702	47.0070685
	16.135351	47.007088
	16.1354675	47.0070741
	16.1357892	47.0069745
	16.13633	47.006902
	16.1367363	47.0068689
	16.13711	47.006966
	16.1373288	47.0070789
	16.1374842	47.0072556
	16.1376083	47.0073311
	16.1377293	47.0075605
	16.1378237	47.0076814
	16.1379033	47.0076978
	16.138206	47.0076406
	16.138354	47.007637
	16.1387756	47.0076909
	16.13913	47.00785
	16.1393534	47.008007
	16.1395313	47.0081695
	16.1396858	47.0082895
	16.1399169	47.0085218
	16.140118	47.008649
	16.1402125	47.0088082
	16.140205	47.0089536
	16.140103	47.009081
	16.1398442	47.0092702
	16.1396206	47.0093354
	16.1395221	47.0093817
	16.1393347	47.0095839
	16.1391937	47.0096408
	16.1390551	47.0097362
	16.1389454	47.0099168
	16.138812	47.009981
	16.1383499	47.0100519
	16.1382011	47.0100459
	16.138051	47.010017
	16.1379023	47.0099107
	16.137651	47.0095914
	16.137522	47.009576
	16.137413	47.0097865
	16.137157	47.010021
	16.1371467	47.0101026
	16.137191	47.0103604
	16.1371891	47.0104804
	16.137117	47.010612
	16.1367801	47.0108738
	16.1365234	47.0109565
	16.1358955	47.0108985
	16.1349825	47.0110042
	16.1348595	47.0110384
	16.1347646	47.0109898
	16.13418	47.011097
	16.1339981	47.0109347
	16.133847	47.010918
	16.1336322	47.0110666
	16.133153	47.011121
	16.13258	47.011
	16.1320717	47.0111827
	16.131616	47.011421
	16.1312872	47.0116652
	16.130851	47.011869
	16.1307288	47.0121051
	16.130718	47.012126
	16.1305375	47.0121198
	16.1304031	47.0122588
	16.1297583	47.0124357
	16.129491	47.012597
	16.1290526	47.0133223
	16.1288501	47.0137665
	16.128769	47.014077
	16.1287852	47.0142809
	16.1290049	47.0150119
	16.129011	47.015249
	16.127837	47.01581
	16.127423	47.016373
	16.1273805	47.0167819
	16.127223	47.017182
	16.1268207	47.0174814
	16.1261521	47.0179106
	16.1258948	47.0181245
	16.1256178	47.0182763
	16.1253141	47.0184842
	16.1249242	47.0186148
	16.124706	47.018744
	16.1246208	47.0188728
	16.124578	47.019062
	16.1246868	47.0191399
	16.124727	47.019217
	16.1245041	47.0195208
	16.1243102	47.0199405
	16.1238987	47.0202234
	16.1235801	47.0203697
	16.1234157	47.0205037
	16.1231448	47.0205944
	16.1226724	47.0208268
	16.1225335	47.0209568
	16.122011	47.021264
	16.121116	47.022395
	16.120912	47.022934
	16.1206844	47.0230611
	16.120502	47.0231048
	16.1202002	47.0232766
	16.1200199	47.0234327
	16.119854	47.023525
	16.1198021	47.0236539
	16.1197118	47.0237508
	16.1196367	47.0239678
	16.1195702	47.0241303
	16.1194149	47.0243077
	16.1193325	47.0245392
	16.1193081	47.0246392
	16.1192661	47.0249676
	16.119189	47.025178
	16.1191067	47.0252961
	16.1189546	47.025449
	16.118484	47.0258
	16.118358	47.0259885
	16.1182633	47.0262079
	16.1180291	47.0264023
	16.1177885	47.0267256
	16.1176394	47.0270115
	16.1176654	47.0271486
	16.1172831	47.0275665
	16.1172619	47.0276025
	16.1171393	47.0276981
	16.1168414	47.0280173
	16.1168266	47.0281616
	16.116721	47.028264
	16.1161807	47.0284909
	16.1161576	47.0285123
	16.1156861	47.0286594
	16.11516	47.028849
	16.114249	47.029581
	16.1142795	47.0296711
	16.1141834	47.0299793
	16.1141883	47.0301388
	16.11414	47.030223
	16.1141858	47.0303521
	16.1142429	47.0304818
	16.114467	47.030739
	16.1144765	47.0308265
	16.1144268	47.0311576
	16.1143587	47.0312889
	16.1144084	47.0316856
	16.11448	47.032018
	16.1144567	47.0320931
	16.1143976	47.0322019
	16.114369	47.032299
	16.114028	47.032385
	16.1138214	47.03286
	16.1133139	47.0338205
	16.1127169	47.0346275
	16.112577	47.034756
	16.1118511	47.0346081
	16.1115238	47.0343361
	16.1114214	47.0344052
	16.1109952	47.0341257
	16.1109914	47.0340081
	16.1108729	47.0339681
	16.1107339	47.033751
	16.1106237	47.0337319
	16.1104552	47.0334926
	16.1102104	47.033326
	16.1100934	47.0331999
	16.110124	47.033142
	16.107863	47.031804
	16.107322	47.03194
	16.1071701	47.0318626
	16.106924	47.031847
	16.106129	47.031393
	16.1054669	47.0322688
	16.104637	47.033128
	16.1039906	47.0337255
	16.1032353	47.0342553
	16.1026272	47.034739
	16.1017812	47.0355843
	16.100725	47.0365604
	16.099689	47.037358
	16.0988107	47.0367224
	16.097343	47.035992
	16.096452	47.036653
	16.096135	47.036579
	16.0955462	47.0366988
	16.0937882	47.0368915
	16.0935318	47.0366846
	16.093084	47.03633
	16.092953	47.0363257
	16.092527	47.036474
	16.0922951	47.0361828
	16.0911044	47.0353393
	16.0901946	47.03466
	16.0895447	47.0342463
	16.0894232	47.0339946
	16.0892097	47.0338196
	16.0882447	47.0332142
	16.087937	47.0329228
	16.087494	47.032601
	16.0884391	47.0320045
	16.08861	47.031792
	16.0886937	47.0316176
	16.0887827	47.0308792
	16.0887012	47.0306481
	16.08871	47.030364
	16.0888275	47.0301008
	16.089362	47.029283
	16.0896341	47.0289886
	16.090863	47.0282045
	16.091226	47.027887
	16.0918077	47.0271481
	16.092456	47.026238
	16.091786	47.025921
	16.0916921	47.0261701
	16.0913619	47.0265422
	16.091011	47.026793
	16.0906895	47.0267091
	16.0905872	47.0266409
	16.090369	47.0265627
	16.090288	47.026562
	16.0900592	47.0267058
	16.0898618	47.0269011
	16.0896558	47.0270766
	16.0894726	47.0273971
	16.089396	47.027451
	16.0889289	47.0275626
	16.088731	47.02754
	16.08856	47.027417
	16.0885545	47.0269494
	16.088695	47.0262272
	16.0887774	47.0252345
	16.0889003	47.024621
	16.0885628	47.0245111
	16.0881034	47.0243985
	16.0876997	47.0243766
	16.087177	47.0243784
	16.086707	47.0243489
	16.0862383	47.0242534
	16.0855687	47.0241086
	16.0844666	47.0238952
	16.0840596	47.0238603
	16.0839011	47.0238074
	16.0837346	47.0238061
	16.0833738	47.0237473
	16.0829139	47.023723
	16.0828144	47.0236657
	16.0829106	47.0235747
	16.083016	47.0233597
	16.083263	47.0231437
	16.083392	47.0229409
	16.0835725	47.0228384
	16.0836865	47.0226641
	16.0838901	47.02248
	16.084094	47.0222143
	16.0848646	47.0213048
	16.0851733	47.0210181
	16.0856695	47.0210609
	16.086289	47.021176
	16.0874931	47.0215716
	16.0879132	47.0216818
	16.088625	47.021811
	16.089286	47.019784
	16.0901112	47.0197942
	16.092056	47.019703
	16.092404	47.0196406
	16.09319	47.019429
	16.092644	47.017801
	16.0925762	47.0177624
	16.092429	47.01741
	16.0917873	47.0174993
	16.0912713	47.0174865
	16.0909	47.017526
	16.0885306	47.0180616
	16.0882838	47.0180751
	16.0881141	47.0180761
	16.0880564	47.0180217
	16.087585	47.017857
	16.086843	47.0177227
	16.0865295	47.0176826
	16.0858287	47.017547
	16.0854829	47.0174197
	16.085341	47.017387
	16.0852194	47.0173385
	16.0844292	47.0168777
	16.084304	47.016789
	16.084102	47.0165698
	16.083936	47.0163381
	16.0835251	47.0159534
	16.0834758	47.015794
	16.0834392	47.0154775
	16.0833732	47.0153201
	16.083064	47.014587
	16.0827384	47.0144289
	16.082605	47.0144
	16.0822208	47.0143423
	16.081603	47.014283
	16.0814889	47.0143168
	16.0811484	47.014458
	16.080968	47.014496
	16.0808463	47.0145105
	16.0803116	47.0146189
	16.0801004	47.0146951
	16.079838	47.01476
	16.079544	47.0147872
	16.0791704	47.0147291
	16.0785712	47.0147457
	16.078174	47.014783
	16.077922	47.0147689
	16.0776117	47.014723
	16.0773866	47.0147062
	16.0771588	47.0147031
	16.0769532	47.0147381
	16.0762496	47.0146877
	16.0758659	47.0146158
	16.0754609	47.0145841
	16.0748425	47.0145696
	16.0743885	47.0145302
	16.0743141	47.0145571
	16.0742174	47.0145203
	16.074014	47.01455
	16.0738275	47.0145207
	16.073023	47.014348
	16.0730677	47.013976
	16.073804	47.012384
	16.074278	47.011962
	16.0745116	47.0113116
	16.0750168	47.0106186
	16.0750304	47.0105111
	16.075077	47.010525
	16.0749994	47.0101361
	16.0749613	47.0096828
	16.074994	47.009297
	16.074625	47.008607
	16.0743838	47.0083656
	16.073701	47.007919
	16.0730779	47.0076554
	16.0724384	47.0074106
	16.0720652	47.0073625
	16.071645	47.00737
	16.070979	47.0075739
	16.070591	47.007648
	16.0702253	47.0076928
	16.0694864	47.007713
	16.0694483	47.0076677
	16.0686223	47.0077942
	16.068331	47.0078755
	16.0677357	47.0079242
	16.0674558	47.0079061
	16.067019	47.007725
	16.0668944	47.0074629
	16.0667371	47.007218
	16.066397	47.0068445
	16.066403	47.006734
	16.0666495	47.0062613
	16.066861	47.005764
	16.067536	47.005126
	16.0677694	47.0046826
	16.0679539	47.004403
	16.0680549	47.0043355
	16.068094	47.004288
	16.0681359	47.0038857
	16.0680039	47.0037174
	16.0679161	47.0036408
	16.0676976	47.0035372
	16.0672096	47.0035222
	16.066928	47.00349
	16.0665872	47.0033904
	16.066225	47.003249
	16.0660291	47.0030069
	16.0655925	47.0025041
	16.0654992	47.0021505
	16.0656017	47.002181
	16.0654815	47.0017791
	16.065435	47.001255
	16.0655094	47.0007183
	16.0655459	47.0005152
	16.0651955	46.999236
	16.0641712	46.9973635
	16.0640801	46.9971754
	16.0635441	46.996069
	16.0632596	46.9956748
	16.06266	46.994982
	16.0628068	46.9948474
	16.0628216	46.9947557
	16.061868	46.994249
	16.0614894	46.9939333
	16.0611127	46.9934403
END
END
