7872748
1
	16.2444739	47.325675
	16.2445574	47.3254769
	16.2446409	47.3253514
	16.2448339	47.3241825
	16.2448391	47.324064
	16.2449696	47.3234115
	16.2450661	47.3229871
	16.2450087	47.3223823
	16.2453139	47.3218217
	16.2453035	47.3217457
	16.2454626	47.3213354
	16.2455244	47.3211071
	16.2456019	47.3206038
	16.2457621	47.3195285
	16.2458182	47.3194832
	16.2459464	47.3190777
	16.2459223	47.3185545
	16.2459033	47.3180842
	16.2459199	47.3178923
	16.2458946	47.3174927
	16.2458782	47.3173241
	16.2458263	47.3170238
	16.2457634	47.3167699
	16.2456623	47.3164864
	16.2453014	47.3157784
	16.2451456	47.3154596
	16.2450554	47.3150148
	16.2450444	47.3145866
	16.2449925	47.3143679
	16.2449897	47.3140603
	16.2451346	47.313773
	16.2453451	47.312937
	16.2453943	47.3122939
	16.2454244	47.3118898
	16.2457935	47.311039
	16.2460584	47.3104657
	16.2463495	47.309904
	16.2466889	47.3095979
	16.2472924	47.3084713
	16.2475822	47.3079016
	16.2480767	47.3069985
	16.2486403	47.3059944
	16.2488849	47.3051021
	16.2492225	47.3044278
	16.2493395	47.3040258
	16.2493687	47.3034597
	16.2493475	47.3032614
	16.2491933	47.3027819
	16.2493129	47.3023492
	16.2495974	47.3014712
	16.2498154	47.3009664
	16.2500653	47.3002525
	16.2502328	47.2998288
	16.2503949	47.2995187
	16.25069	47.2990193
	16.2507033	47.2988948
	16.2507273	47.2985847
	16.2507379	47.2981755
	16.2508044	47.297795
	16.2509984	47.2972433
	16.2512324	47.2969134
	16.2516843	47.2962715
	16.2522161	47.29525
	16.2533437	47.295283
	16.254691	47.2953827
	16.2555783	47.2954971
	16.2585994	47.2958147
	16.2599385	47.2960639
	16.2601454	47.2961598
	16.2612967	47.2963407
	16.262135	47.2964072
	16.2627828	47.2964109
	16.2640076	47.2965438
	16.2650391	47.2965862
	16.2649438	47.2964293
	16.2648731	47.2959162
	16.2670586	47.2956559
	16.2682862	47.2954307
	16.2702948	47.2946795
	16.2704984	47.2945513
	16.2708201	47.2944161
	16.2715884	47.294234
	16.2724525	47.2937994
	16.2728991	47.2935361
	16.2735904	47.2928635
	16.2740423	47.2924903
	16.2744837	47.2922486
	16.2748266	47.2921152
	16.2753318	47.2919601
	16.2756242	47.2919295
	16.2765042	47.2917906
	16.2785194	47.291439
	16.279442	47.2907033
	16.2805377	47.2899748
	16.2805754	47.2899247
	16.2812937	47.2894729
	16.2817149	47.2890745
	16.2820065	47.2887429
	16.2826031	47.2877816
	16.2828534	47.2872841
	16.2831791	47.2864617
	16.2835821	47.2857655
	16.2838247	47.2854259
	16.2841469	47.285015
	16.2846539	47.2844723
	16.2853095	47.2839221
	16.2862048	47.2834332
	16.2865139	47.2831964
	16.2872972	47.2825945
	16.2876088	47.2821449
	16.2880889	47.2814906
	16.2884071	47.2806507
	16.2887872	47.2797784
	16.2894877	47.2789153
	16.2899943	47.2782587
	16.2905109	47.2777028
	16.2907696	47.2774268
	16.2913175	47.2768274
	16.2917781	47.2762089
	16.2922957	47.2756551
	16.2927409	47.2750559
	16.2930167	47.2746057
	16.2931596	47.2742449
	16.2932552	47.2740562
	16.2936285	47.2733897
	16.2939814	47.2727871
	16.2940804	47.2724988
	16.2941284	47.2718103
	16.2941715	47.2716854
	16.2942502	47.2715319
	16.2945155	47.2708775
	16.2950922	47.2693871
	16.2952678	47.268658
	16.2954133	47.2675107
	16.2954886	47.2669204
	16.2957457	47.2661661
	16.2961041	47.265618
	16.2970261	47.2646275
	16.2977922	47.2637481
	16.2981688	47.2633956
	16.2987791	47.2627964
	16.2991894	47.2621813
	16.2994881	47.2617865
	16.2998049	47.2613124
	16.3002101	47.2605615
	16.3008931	47.2598142
	16.3016618	47.2586985
	16.3019549	47.2582412
	16.30226	47.2579248
	16.3024097	47.257682
	16.3031957	47.2563155
	16.3036428	47.2555598
	16.3050865	47.2557628
	16.3070998	47.2560527
	16.3086888	47.2562672
	16.3096313	47.2563986
	16.3097338	47.2567272
	16.3099076	47.2567717
	16.3112203	47.2569359
	16.3115307	47.2571041
	16.3117614	47.2572258
	16.3118753	47.257249
	16.3119835	47.2571949
	16.313487	47.2574539
	16.3158762	47.2578752
	16.3155402	47.2582676
	16.3150741	47.2587805
	16.3143891	47.2595482
	16.3165521	47.2599161
	16.3164734	47.2599735
	16.31645	47.2602801
	16.3164996	47.2603731
	16.3165083	47.2604444
	16.3161119	47.2605868
	16.3160332	47.2606877
	16.3159487	47.2608479
	16.3159108	47.2611387
	16.3159108	47.2613841
	16.3158874	47.2615067
	16.3158466	47.2615839
	16.3157767	47.2616254
	16.3155959	47.2615938
	16.3154035	47.261659
	16.3151849	47.261756
	16.315045	47.2618786
	16.3149983	47.2619597
	16.3151587	47.2620151
	16.3152665	47.2620745
	16.3152636	47.2621516
	16.3150188	47.2626423
	16.3147535	47.263028
	16.3145086	47.2634929
	16.3142463	47.2640963
	16.3141967	47.2641734
	16.3140713	47.2642261
	16.3138556	47.2643693
	16.3138119	47.2644504
	16.3142842	47.2645453
	16.3147593	47.2647431
	16.315491	47.2652535
	16.3156338	47.2654038
	16.3158204	47.2657144
	16.3158583	47.2658371
	16.31587	47.2659379
	16.3158408	47.2660586
	16.3157271	47.2660309
	16.3155347	47.2661971
	16.3154385	47.2663138
	16.3156251	47.2665057
	16.3156397	47.2665729
	16.3156076	47.2666778
	16.315354	47.2668914
	16.3149721	47.2672138
	16.3146952	47.2674888
	16.3146835	47.2677044
	16.3147185	47.2679556
	16.3148643	47.2681594
	16.3149284	47.2683156
	16.3149488	47.2684679
	16.3148934	47.269004
	16.3147972	47.2692493
	16.3145582	47.2694589
	16.3141676	47.269722
	16.314051	47.2697398
	16.3137682	47.2696864
	16.3133717	47.2697279
	16.3130802	47.2697734
	16.3128966	47.2698446
	16.3127508	47.2699257
	16.3126226	47.2701314
	16.3124768	47.2704677
	16.3122203	47.2707901
	16.3121416	47.2708336
	16.3118996	47.2709048
	16.3114566	47.2710018
	16.3112962	47.2710433
	16.3111534	47.2711204
	16.3110863	47.2711897
	16.3109697	47.2712352
	16.3105267	47.2712312
	16.3104188	47.2712628
	16.3103722	47.2713617
	16.3105063	47.2717197
	16.3102847	47.2720382
	16.3101127	47.2721569
	16.3099495	47.2722043
	16.3098037	47.2722676
	16.3097134	47.2723843
	16.3097833	47.272505
	16.3099407	47.2726533
	16.3099466	47.272857
	16.309795	47.2730252
	16.3096288	47.273132
	16.3094248	47.2732546
	16.3085182	47.274471
	16.3076378	47.2756517
	16.3077136	47.2757427
	16.3078069	47.2759207
	16.3078244	47.2759939
	16.3078157	47.2762846
	16.3077719	47.2764033
	16.3077078	47.2764844
	16.3078798	47.2766723
	16.3080343	47.2768423
	16.3083291	47.2773314
	16.3083753	47.277408
	16.3084453	47.2776136
	16.3084278	47.2779756
	16.3084628	47.2783632
	16.3082529	47.2787686
	16.3082354	47.2788774
	16.3082675	47.2789407
	16.3079891	47.2793435
	16.3079381	47.2794173
	16.3085707	47.2794786
	16.3126493	47.2806283
	16.3127305	47.2820319
	16.3128087	47.2827846
	16.3129587	47.2831493
	16.3134963	47.2844362
	16.3138088	47.2851931
	16.3145276	47.2865754
	16.3148746	47.2872495
	16.3151183	47.2879004
	16.3154403	47.2888056
	16.3154621	47.2890367
	16.3155153	47.2890558
	16.3150277	47.2900225
	16.3147683	47.2905779
	16.3147339	47.2906648
	16.3147308	47.2909828
	16.3147308	47.2914364
	16.314737	47.2916124
	16.3148245	47.2919834
	16.3149308	47.2924858
	16.3149246	47.2926469
	16.3148808	47.2927211
	16.314812	47.2928928
	16.3147245	47.2932574
	16.3146151	47.2940268
	16.3145964	47.2942961
	16.3145683	47.2945462
	16.314512	47.2945462
	16.3143214	47.2974268
	16.3143026	47.2978825
	16.3142901	47.2987028
	16.314262	47.2995061
	16.3141901	47.3002564
	16.3139619	47.3010746
	16.3138213	47.3017528
	16.3137307	47.3019308
	16.3136525	47.3023229
	16.3135931	47.3026302
	16.3136088	47.3030902
	16.3136119	47.3036793
	16.3135994	47.3040947
	16.3136431	47.3043194
	16.3137307	47.3045928
	16.3139682	47.3051332
	16.3139807	47.305449
	16.3139557	47.3057393
	16.3139026	47.3068053
	16.3138588	47.307227
	16.3137713	47.3080069
	16.3136275	47.3085092
	16.3131212	47.3096429
	16.3130056	47.3098103
	16.312668	47.3097785
	16.3119023	47.3099142
	16.3112647	47.3101261
	16.3106084	47.3102066
	16.3099302	47.3102681
	16.3089613	47.310232
	16.3083237	47.31009
	16.3068966	47.3099857
	16.3069629	47.308709
	16.304638	47.3087479
	16.3045673	47.3086775
	16.3038269	47.3087554
	16.3037783	47.3087389
	16.3026755	47.3087914
	16.3020236	47.3088753
	16.3018954	47.3091106
	16.3016302	47.3093159
	16.301239	47.3095391
	16.3006534	47.3097309
	16.3006976	47.3098793
	16.3008633	47.3101355
	16.3009561	47.3104022
	16.3011263	47.3105611
	16.3018644	47.3107304
	16.3025274	47.3108503
	16.3037297	47.311069
	16.30428	47.3112249
	16.3037429	47.3119156
	16.3033076	47.312503
	16.3031595	47.3126693
	16.3031175	47.3127472
	16.3030821	47.3127532
	16.3030313	47.3128176
	16.303007	47.3130379
	16.3030313	47.3130529
	16.3030313	47.3130843
	16.3028744	47.3131922
	16.3027308	47.3133241
	16.3026932	47.313399
	16.3026313	47.313408
	16.3025252	47.3135204
	16.3024479	47.3135623
	16.3024567	47.3136178
	16.3025142	47.3136372
	16.3025208	47.3136837
	16.3025076	47.3137107
	16.3025385	47.3137946
	16.3026379	47.313889
	16.3026556	47.3139684
	16.3026357	47.3141212
	16.3022158	47.3146936
	16.3024501	47.3149063
	16.3024103	47.3149662
	16.3023529	47.3150786
	16.3022269	47.3152075
	16.3022578	47.3152809
	16.3022136	47.3153633
	16.3022158	47.3153948
	16.3021716	47.3154832
	16.3021893	47.3155431
	16.3021716	47.3155895
	16.3020854	47.3157214
	16.3020457	47.3158068
	16.3020081	47.3158592
	16.3020103	47.3160375
	16.3019816	47.3161664
	16.3019528	47.3162308
	16.3019131	47.3162563
	16.3018865	47.3163057
	16.3018821	47.3163716
	16.3018158	47.3164166
	16.3017959	47.3165065
	16.3017981	47.3165559
	16.3017341	47.3166413
	16.3015506	47.3167911
	16.3015573	47.3168286
	16.3014026	47.316902
	16.3013694	47.3169919
	16.301239	47.3170503
	16.3011661	47.3171702
	16.3010932	47.3172241
	16.3009539	47.3174129
	16.3009075	47.3175538
	16.3006357	47.3176766
	16.3005274	47.31775
	16.3004987	47.3178129
	16.3003086	47.3178998
	16.3002357	47.3181246
	16.3001605	47.3182339
	16.3001451	47.3182834
	16.3000744	47.3183703
	16.3001053	47.3185531
	16.3000965	47.3186999
	16.2999837	47.3188242
	16.2998909	47.3188167
	16.2997848	47.3189381
	16.2997915	47.319034
	16.2997782	47.3190909
	16.2995859	47.3192512
	16.2996169	47.3193231
	16.2993097	47.3193441
	16.299166	47.3194205
	16.2990622	47.3195314
	16.2988699	47.3195958
	16.2988014	47.3196497
	16.2988169	47.3197621
	16.2987616	47.3199599
	16.2987174	47.3200198
	16.2987351	47.3201052
	16.2987329	47.3201291
	16.2985539	47.3201681
	16.2985229	47.3203089
	16.2983771	47.3204932
	16.2983815	47.3205426
	16.2984169	47.3205531
	16.2983638	47.3206655
	16.2983152	47.3206954
	16.2981362	47.3207044
	16.2979925	47.3208917
	16.2978091	47.3209366
	16.2977296	47.3210445
	16.2977936	47.3212587
	16.2978003	47.3213711
	16.297818	47.3215599
	16.2977008	47.3217891
	16.2976213	47.3219359
	16.2976168	47.3220018
	16.2976765	47.3221276
	16.2976301	47.3221891
	16.2975837	47.3223104
	16.2975152	47.3224617
	16.2975019	47.3225366
	16.2976301	47.3227224
	16.2976014	47.3227688
	16.2976323	47.3228213
	16.2976279	47.3229561
	16.2976633	47.3233141
	16.2977185	47.323428
	16.2976721	47.3234684
	16.2976412	47.3237486
	16.2976146	47.3238519
	16.2976168	47.3239133
	16.2975859	47.3239673
	16.2976677	47.3240392
	16.29765	47.3242504
	16.297608	47.3244362
	16.2976456	47.3245006
	16.2977561	47.3245485
	16.2977671	47.324598
	16.2977428	47.3246309
	16.2977141	47.3246324
	16.2976677	47.3246654
	16.2976367	47.3247148
	16.2976633	47.3248841
	16.2976942	47.324932
	16.2976964	47.3250893
	16.2976566	47.3251342
	16.2976235	47.3252256
	16.2975351	47.3253889
	16.29744	47.3254983
	16.2972964	47.3257005
	16.2972853	47.3257964
	16.2971771	47.3258997
	16.2971572	47.3261259
	16.2971152	47.3262652
	16.2970599	47.3263341
	16.2970842	47.3264075
	16.2970312	47.32646
	16.2970599	47.3265873
	16.2970003	47.3267671
	16.2969936	47.3268479
	16.2970113	47.3269393
	16.2969737	47.3271341
	16.2968566	47.3273048
	16.2968411	47.3274067
	16.29685	47.32754
	16.2968787	47.3275924
	16.2968831	47.3276598
	16.2969406	47.3276988
	16.2968831	47.3277692
	16.2968632	47.3278665
	16.2968102	47.3279894
	16.296808	47.3280867
	16.2968456	47.3282081
	16.2967218	47.3283848
	16.2968279	47.3285316
	16.2969251	47.3285945
	16.2970025	47.3288357
	16.2969627	47.3289525
	16.296987	47.3290469
	16.2972411	47.3292656
	16.2972544	47.3293495
	16.2974025	47.3295113
	16.2975483	47.3295697
	16.2975682	47.329667
	16.2977428	47.3297464
	16.2977075	47.3298663
	16.2977229	47.3299741
	16.2978909	47.3302033
	16.2980169	47.3302198
	16.2980434	47.3304669
	16.2979948	47.3305223
	16.2980655	47.3306272
	16.2980611	47.3306886
	16.2979837	47.330729
	16.2979749	47.330777
	16.2980124	47.3307994
	16.2980898	47.3308953
	16.2980876	47.3310256
	16.2981207	47.3310556
	16.2981075	47.3312443
	16.2980478	47.3313057
	16.2981119	47.3313716
	16.2981229	47.3314195
	16.2980743	47.3315873
	16.2981229	47.3316772
	16.2978423	47.3320381
	16.2977782	47.332113
	16.2978003	47.3323542
	16.2977472	47.3325369
	16.2977207	47.3327346
	16.2977318	47.3327616
	16.2976677	47.3328245
	16.2976412	47.3328814
	16.2976014	47.3329263
	16.2975726	47.3330911
	16.2975417	47.3331225
	16.2975594	47.3332798
	16.2975373	47.3333143
	16.2976014	47.3335644
	16.2974533	47.3336438
	16.2973516	47.3337935
	16.2973362	47.3338639
	16.297292	47.3339104
	16.2972942	47.3339688
	16.2973428	47.3340347
	16.29744	47.3341275
	16.2974334	47.3342324
	16.2973936	47.3343088
	16.2974179	47.3343612
	16.2974445	47.3345679
	16.2974268	47.3346622
	16.297482	47.3346922
	16.2974909	47.3347236
	16.2980633	47.3346592
	16.2998003	47.3345364
	16.3057629	47.3341231
	16.3062667	47.3340811
	16.3062977	47.3342878
	16.3062004	47.33483
	16.3061054	47.3353946
	16.3059839	47.336139
	16.3058866	47.3367081
	16.305827	47.3370825
	16.3059323	47.3373804
	16.3061165	47.3379063
	16.3067883	47.3383645
	16.3070159	47.3385892
	16.3074248	47.3389202
	16.3078491	47.3392841
	16.3080966	47.3394803
	16.3082955	47.3397004
	16.308437	47.3398127
	16.3085452	47.3399265
	16.3088082	47.3401632
	16.3092171	47.3404327
	16.3096326	47.3407158
	16.3101851	47.3409135
	16.3104679	47.3410497
	16.3107265	47.3410752
	16.3110005	47.3412175
	16.3112016	47.3414481
	16.3113409	47.3416997
	16.3111972	47.3419123
	16.3111862	47.3419647
	16.3115508	47.3419288
	16.311668	47.3419542
	16.3118757	47.3420785
	16.3119928	47.3421115
	16.3125741	47.3421235
	16.3129409	47.3421564
	16.3134824	47.3421354
	16.31371	47.3421759
	16.3144614	47.3424275
	16.3152106	47.3426281
	16.3159133	47.3427434
	16.3165565	47.3428827
	16.3178891	47.3430684
	16.3190736	47.342998
	16.3198029	47.3433814
	16.3208748	47.3437558
	16.3226207	47.3439924
	16.3235997	47.3441211
	16.3244224	47.3442608
	16.324937	47.34458
	16.3253137	47.3447973
	16.3252262	47.3450975
	16.3223097	47.3462781
	16.3218534	47.3463091
	16.3212116	47.3461409
	16.321166	47.3460385
	16.3209236	47.3459863
	16.3203588	47.3461255
	16.3202419	47.3463245
	16.3194718	47.3464849
	16.3192465	47.3464675
	16.3188443	47.346653
	16.318696	47.3468386
	16.3182511	47.3470736
	16.3177862	47.3474819
	16.3170045	47.347547
	16.3170149	47.3478356
	16.3166929	47.3479042
	16.3165786	47.3480538
	16.3165085	47.3482491
	16.3162046	47.3484303
	16.3162929	47.3486503
	16.3158047	47.3488122
	16.3151814	47.3493136
	16.3148905	47.3494826
	16.3147684	47.3500755
	16.3146412	47.3501582
	16.3145087	47.3503588
	16.3144048	47.3505735
	16.3142802	47.3507213
	16.3140802	47.350862
	16.3135556	47.3511066
	16.3131972	47.3511612
	16.3126648	47.3515166
	16.3124363	47.3517576
	16.312174	47.3525881
	16.3122571	47.352852
	16.3122649	47.3530139
	16.3121662	47.3532092
	16.3122675	47.3533552
	16.3123973	47.3534661
	16.3124285	47.3535576
	16.3123454	47.3536878
	16.3122804	47.3537317
	16.3123999	47.3538338
	16.3125895	47.3539007
	16.3127349	47.3539921
	16.3131323	47.3543141
	16.3132362	47.3546801
	16.3135141	47.3549985
	16.3138413	47.3552096
	16.3141867	47.3552448
	16.3144594	47.355463
	16.3149113	47.3556477
	16.3151502	47.3557445
	16.3152567	47.3557603
	16.3153787	47.3557392
	16.3154437	47.3557076
	16.3158956	47.3558272
	16.3162695	47.3558641
	16.316389	47.3558835
	16.316524	47.3559732
	16.3166954	47.356026
	16.3168798	47.3560295
	16.3171759	47.3560418
	16.3175836	47.3562512
	16.3176486	47.356362
	16.3178823	47.3564834
	16.3180589	47.3565292
	16.318529	47.3565819
	16.318716	47.3566523
	16.3187783	47.3567544
	16.3188874	47.3568124
	16.3190847	47.3568423
	16.3192406	47.3568406
	16.319721	47.3567948
	16.3200612	47.3568898
	16.3203729	47.3570693
	16.3206949	47.3571766
	16.3211546	47.3571854
	16.3212143	47.3573948
	16.3216221	47.3577325
	16.3215364	47.3586192
	16.321365	47.3591628
	16.3212013	47.3595446
	16.3203391	47.359615
	16.3201833	47.3596748
	16.3200457	47.3598278
	16.3198613	47.3601181
	16.319773	47.3601761
	16.3193704	47.3603257
	16.3190458	47.3604963
	16.3186069	47.3607549
	16.3183783	47.3608341
	16.3180018	47.3609467
	16.3175499	47.3611103
	16.3171188	47.3612985
	16.3167786	47.361383
	16.3165812	47.3614234
	16.316241	47.3615096
	16.3160851	47.3615677
	16.3156748	47.3617489
	16.3154696	47.3618579
	16.3151398	47.3620444
	16.3149765	47.3621308
	16.3147731	47.3622271
	16.31467	47.3622497
	16.3143106	47.3622894
	16.3139512	47.3623252
	16.313589	47.3623441
	16.3133773	47.3623743
	16.3131098	47.3624422
	16.3127532	47.3625838
	16.3126111	47.3626687
	16.3123408	47.3628951
	16.3121374	47.3630933
	16.3119953	47.3632915
	16.3119229	47.3634292
	16.3118532	47.3636783
	16.3118087	47.3645936
	16.311739	47.3650993
	16.31187	47.3656164
	16.3118365	47.3658693
	16.3117724	47.3661165
	16.3115551	47.3664731
	16.3113322	47.3667977
	16.3111456	47.3671374
	16.3110648	47.3672147
	16.3108307	47.3673789
	16.3104435	47.3675129
	16.3098807	47.3676544
	16.3094544	47.3677714
	16.3091451	47.3678243
	16.3089167	47.3678337
	16.3084291	47.3678092
	16.3079109	47.3678092
	16.3073592	47.3677827
	16.3070973	47.3673544
	16.3070583	47.3671827
	16.3068104	47.3670374
	16.3066488	47.3672317
	16.306437	47.3674978
	16.3064203	47.3681432
	16.3065763	47.3687036
	16.3065373	47.3690527
	16.3063506	47.369732
	16.3060943	47.3703283
	16.3057906	47.370817
	16.3051805	47.3714585
	16.304913	47.3718453
	16.3046817	47.3723038
	16.3044254	47.3728831
	16.3042669	47.3732247
	16.3041496	47.3733793
	16.30391	47.3741095
	16.3037345	47.3745548
	16.3035886	47.3749688
	16.3034873	47.3750877
	16.3028627	47.3747555
	16.3020013	47.3743382
	16.3014148	47.3741056
	16.301052	47.373973
	16.3005936	47.3737792
	16.3003542	47.3736427
	16.3000681	47.3736002
	16.2996885	47.3740659
	16.2993235	47.3746552
	16.2991308	47.3751752
	16.2989147	47.3759048
	16.2987512	47.3763556
	16.2983891	47.3772296
	16.298173	47.3779414
	16.2981526	47.3785128
	16.2977847	47.3790229
	16.2975219	47.3796813
	16.2973175	47.3799384
	16.2967598	47.3805216
	16.2965058	47.3808518
	16.2960298	47.3806402
	16.2952123	47.3812551
	16.2943509	47.3815458
	16.29351	47.3819095
	16.2931859	47.3820677
	16.2927771	47.3825422
	16.292377	47.3828206
	16.2922221	47.3829886
	16.2921132	47.3831452
	16.2917159	47.3833995
	16.2915689	47.3834511
	16.2913485	47.3834511
	16.2904232	47.3833553
	16.2901701	47.3833074
	16.2895523	47.3832834
	16.288891	47.3833295
	16.288793	47.3826661
	16.2882514	47.3825168
	16.2876527	47.3822552
	16.2866186	47.3821833
	16.2858593	47.3822275
	16.2853939	47.3821501
	16.2849911	47.3821575
	16.2847707	47.3821962
	16.2846019	47.3821575
	16.2843488	47.3819327
	16.28381	47.3815863
	16.2834453	47.3812748
	16.2828693	47.3808962
	16.2825139	47.380719
	16.282461	47.3804851
	16.2822548	47.3798116
	16.282266	47.3797399
	16.2824777	47.3795494
	16.2827118	47.37934
	16.2817701	47.3789438
	16.2815333	47.3788231
	16.2810206	47.378491
	16.2805609	47.3783307
	16.2801653	47.3781099
	16.2799508	47.37801
	16.2788336	47.3776345
	16.2788387	47.3769992
	16.2789243	47.3768002
	16.2789899	47.3767288
	16.2793549	47.3765067
	16.2796002	47.3760683
	16.2797628	47.3758327
	16.2799168	47.3756627
	16.2801107	47.3752938
	16.2806241	47.3747298
	16.2802333	47.3743667
	16.2797428	47.3738453
	16.2795831	47.3732929
	16.279546	47.3728564
	16.279141	47.3724546
	16.278736	47.3722229
	16.2785535	47.3719718
	16.2777549	47.3714889
	16.2776209	47.371232
	16.2773243	47.3710582
	16.2767225	47.3707607
	16.2766712	47.3706661
	16.2763831	47.3705444
	16.2763232	47.3706274
	16.2763033	47.3707144
	16.2761721	47.3708399
	16.2752081	47.3707935
	16.275037	47.3707607
	16.2751197	47.3705289
	16.2749115	47.3704072
	16.2748288	47.3701426
	16.2749657	47.3698316
	16.2746092	47.3696752
	16.2740388	47.3694762
	16.2735739	47.369341
	16.2729436	47.3691865
	16.2730292	47.3690262
	16.2731718	47.3688485
	16.2727086	47.3684488
	16.2726384	47.3679638
	16.2726527	47.3676296
	16.2727411	47.367477
	16.2728295	47.3671815
	16.2727383	47.3664552
	16.2726299	47.3662523
	16.272443	47.3656248
	16.2722304	47.3653121
	16.271934	47.3648645
	16.2715078	47.3644664
	16.2708203	47.3638279
	16.2706977	47.3638062
	16.2703679	47.3635996
	16.2700768	47.3633704
	16.2699959	47.3632944
	16.2699275	47.363239
	16.2695938	47.3630084
	16.2694266	47.3628591
	16.2692324	47.3626588
	16.2690291	47.3624167
	16.2689274	47.3622393
	16.2688966	47.3621078
	16.2689983	47.3618073
	16.2692019	47.3616652
	16.269343	47.3616038
	16.2693912	47.3615852
	16.2694217	47.3611658
	16.2694462	47.3605897
	16.2693643	47.3603075
	16.2693452	47.3602415
	16.2692779	47.3597524
	16.2692704	47.3596595
	16.2692596	47.3589371
	16.2692565	47.3588011
	16.2691341	47.3575576
	16.2690087	47.3569151
	16.2689965	47.3566146
	16.2688741	47.3562332
	16.2688771	47.3556923
	16.2689597	47.3552529
	16.2688037	47.3547388
	16.268666	47.3544445
	16.2683754	47.354003
	16.2682469	47.3536279
	16.2683246	47.3531033
	16.2679746	47.3526371
	16.2676411	47.3522184
	16.2672525	47.351779
	16.2674331	47.3516712
	16.2672986	47.351567
	16.2666621	47.3510742
	16.2661267	47.3507032
	16.2660532	47.3505457
	16.2667386	47.3500026
	16.2668444	47.3499416
	16.2674303	47.3496037
	16.2676013	47.3495051
	16.268305	47.3489185
	16.2693177	47.3488708
	16.2695931	47.3488791
	16.270003	47.3488045
	16.270875	47.3482945
	16.2704803	47.3478468
	16.2709821	47.3476042
	16.2717163	47.3470445
	16.2718509	47.3469699
	16.2720162	47.3470466
	16.2724108	47.3468289
	16.2736836	47.3460454
	16.2738457	47.34561
	16.2741945	47.3455893
	16.2745616	47.3455458
	16.2750053	47.3454649
	16.2752592	47.345268
	16.2752714	47.3452099
	16.2748829	47.3450358
	16.274632	47.3448617
	16.2746473	47.3446937
	16.274886	47.3447787
	16.2752164	47.3448036
	16.2760822	47.3447974
	16.2765716	47.3447291
	16.2767713	47.3447125
	16.2772375	47.3441299
	16.2781376	47.3433091
	16.2783844	47.3431259
	16.2785289	47.343069
	16.2786684	47.3424331
	16.2783077	47.3424374
	16.2778879	47.3425031
	16.2770543	47.3427747
	16.2762528	47.3429637
	16.2756725	47.3429963
	16.27481	47.343081
	16.2741399	47.3429941
	16.2735853	47.3428681
	16.2732903	47.3429832
	16.2717834	47.3434329
	16.2711005	47.3436328
	16.269786	47.3438566
	16.2685324	47.3435828
	16.2676026	47.3434981
	16.2662977	47.3434807
	16.2648709	47.3435416
	16.2630146	47.3438501
	16.2628639	47.3438435
	16.262742	47.3438001
	16.2624567	47.343572
	16.261899	47.3428817
	16.2617698	47.3426804
	16.2617131	47.3423056
	16.2614955	47.3418263
	16.2611531	47.3415513
	16.2608108	47.3413132
	16.2603438	47.340966
	16.2595798	47.3403008
	16.2594081	47.3401003
	16.2592132	47.3398314
	16.2589811	47.3395797
	16.2589292	47.3394678
	16.2586422	47.3389604
	16.2582796	47.3383593
	16.2578752	47.3380588
	16.2576091	47.338004
	16.2566465	47.3376628
	16.2559212	47.3371695
	16.2551986	47.3367381
	16.2547551	47.3364358
	16.2543299	47.3361176
	16.2538159	47.3357834
	16.2537194	47.3356915
	16.2535577	47.33552
	16.2538968	47.3353096
	16.2542229	47.3350869
	16.2544708	47.3348747
	16.2547577	47.3346643
	16.2552403	47.3343797
	16.2548595	47.3342807
	16.2541734	47.3334125
	16.2538159	47.3331579
	16.2536829	47.3330678
	16.2535707	47.3330183
	16.2532681	47.3327089
	16.2531455	47.3326611
	16.2528924	47.3325763
	16.2526342	47.3324596
	16.2523342	47.3322916
	16.251995	47.3320883
	16.2519872	47.3320016
	16.2517785	47.3318991
	16.2513193	47.3316073
	16.2509411	47.3312113
	16.2509046	47.3311034
	16.2509254	47.3308983
	16.2508889	47.330725
	16.2504976	47.3303237
	16.2502941	47.3301787
	16.249981	47.3301522
	16.2494358	47.3297702
	16.2491567	47.3296023
	16.2489245	47.3293777
	16.2485488	47.3292522
	16.2485227	47.3291832
	16.2485149	47.3290647
	16.2484419	47.3290382
	16.2481027	47.3290099
	16.247894	47.3288596
	16.2477871	47.3286103
	16.2468323	47.3282372
	16.2466888	47.3281294
	16.2465401	47.3279013
	16.2465453	47.3278341
	16.2465348	47.3276838
	16.2464357	47.3275777
	16.246347	47.3275812
	16.2462896	47.3276502
	16.2460887	47.3275989
	16.2459531	47.3274291
	16.2459244	47.3273531
	16.2459035	47.3271197
	16.2457079	47.3270879
	16.2455461	47.3270313
	16.2455774	47.3267112
	16.24546	47.3264424
	16.2448861	47.3261277
	16.2445104	47.3258465
	16.2444739	47.325675
END
END
