7872027
1
	13.7826673	48.2914036
	13.7836365	48.2910887
	13.7837858	48.2912349
	13.7842591	48.291053
	13.7846029	48.2909012
	13.7847973	48.29083
	13.7849325	48.2906425
	13.7850565	48.2903257
	13.7851551	48.2901045
	13.7853016	48.2899733
	13.7855552	48.2901551
	13.7857721	48.2900445
	13.7862877	48.2896864
	13.7867047	48.2894783
	13.7863948	48.2892459
	13.7862624	48.2892346
	13.786592	48.2890322
	13.7871583	48.2886929
	13.787643	48.2883967
	13.7882121	48.2880442
	13.7884093	48.2878342
	13.7889911	48.287215
	13.7893746	48.2866796
	13.7899715	48.2861884
	13.7904012	48.2859927
	13.7910413	48.2857586
	13.7916469	48.2854516
	13.7934376	48.2844806
	13.7934867	48.2845651
	13.7935472	48.2843962
	13.7931522	48.283905
	13.7928407	48.2833677
	13.7924543	48.2830837
	13.79229	48.2830607
	13.792571	48.2819226
	13.7930241	48.2812694
	13.7930681	48.2807595
	13.7931677	48.2804158
	13.7931406	48.2801304
	13.7931768	48.2794089
	13.7931447	48.2790345
	13.7931277	48.2787988
	13.7931685	48.2784427
	13.7930832	48.2783511
	13.7929303	48.2782681
	13.7929324	48.2781707
	13.7930614	48.2777896
	13.7930701	48.2774841
	13.7931204	48.2773663
	13.7931816	48.2772994
	13.7930002	48.2766623
	13.7929346	48.2762477
	13.7928975	48.2759146
	13.7928909	48.2757154
	13.792727	48.2752935
	13.7927214	48.2749609
	13.7927199	48.2748708
	13.7926255	48.2747361
	13.7931149	48.2744663
	13.7935846	48.274374
	13.7942624	48.2742385
	13.7948104	48.2741492
	13.7952175	48.2740509
	13.7960272	48.2738142
	13.7963292	48.2737412
	13.79662	48.2736966
	13.7965685	48.2735507
	13.796427	48.2733846
	13.7962004	48.2731957
	13.7959211	48.2728651
	13.7955891	48.2723318
	13.7947147	48.2711006
	13.7943598	48.2707304
	13.7943049	48.2705795
	13.7943438	48.2703967
	13.7948772	48.2702001
	13.7949001	48.2700188
	13.7945063	48.2693331
	13.794282	48.2691152
	13.7937532	48.2688028
	13.7935792	48.2686458
	13.7931374	48.268239
	13.7928878	48.2680805
	13.7927093	48.2680683
	13.7925124	48.2680302
	13.7924392	48.2679799
	13.791892	48.2680851
	13.7916883	48.2677087
	13.7914342	48.2677666
	13.7911343	48.2678184
	13.7909809	48.2678108
	13.7907291	48.2677239
	13.7902392	48.2675075
	13.7897791	48.2672912
	13.788591	48.2677834
	13.7882201	48.2679236
	13.7877966	48.2674527
	13.7875837	48.2671555
	13.7870677	48.2661923
	13.7864783	48.2653413
	13.7863291	48.2652856
	13.7864329	48.2651746
	13.7866576	48.2649732
	13.7868824	48.2648466
	13.787162	48.2646989
	13.7875078	48.264532
	13.7880179	48.2643612
	13.7883579	48.2642365
	13.7889401	48.2639737
	13.7890928	48.2639277
	13.7892801	48.26392
	13.789502	48.2639315
	13.7896548	48.2639718
	13.7897441	48.2640389
	13.7898248	48.264156
	13.7899948	48.2643344
	13.7902744	48.2645109
	13.7905308	48.2646432
	13.7907989	48.2647277
	13.7910035	48.2647603
	13.791404	48.2647641
	13.791698	48.2647584
	13.7922859	48.264697
	13.7927989	48.2646145
	13.7934646	48.2644898
	13.7938997	48.2643574
	13.7942859	48.264273
	13.7947038	48.2642078
	13.7951562	48.2641099
	13.7960467	48.2639104
	13.7963839	48.263874
	13.7966836	48.2638759
	13.7970525	48.26392
	13.797845	48.2640313
	13.7981389	48.2640907
	13.7982629	48.2641521
	13.7986577	48.2644054
	13.7988335	48.2644955
	13.7990582	48.2645531
	13.7992686	48.2645684
	13.7994992	48.2645665
	13.7998997	48.2645128
	13.8002052	48.2644456
	13.8006116	48.2643478
	13.8010035	48.264296
	13.8021332	48.2641483
	13.8037009	48.2639718
	13.8043119	48.2638989
	13.8044905	48.2639411
	13.8045165	48.264014
	13.8047124	48.2641732
	13.8047902	48.2642231
	13.8049401	48.26425
	13.8053263	48.2642365
	13.8058796	48.2641963
	13.8061649	48.2641694
	13.8067643	48.264085
	13.8069632	48.2640716
	13.80726	48.2640792
	13.8077845	48.2641502
	13.8082715	48.2642423
	13.8086116	48.2643401
	13.809113	48.2644648
	13.8093724	48.2644994
	13.8099228	48.2644955
	13.810358	48.2644687
	13.8115021	48.2643612
	13.8120035	48.2643401
	13.8124416	48.2643747
	13.8132514	48.2644552
	13.8139228	48.2644399
	13.8140525	48.2643939
	13.8142197	48.2643919
	13.8150151	48.26425
	13.8161505	48.2640428
	13.8166058	48.2639526
	13.8168479	48.2638759
	13.8174877	48.2635593
	13.8182398	48.2631564
	13.8186235	48.2629422
	13.8186952	48.2629032
	13.8190035	48.2627651
	13.8204934	48.2622432
	13.8207471	48.2621607
	13.8214906	48.2620418
	13.8225252	48.2618845
	13.8228393	48.2618384
	13.8231736	48.2618269
	13.8236894	48.2619133
	13.8241937	48.2619823
	13.8245742	48.2620053
	13.8251851	48.2620207
	13.8257759	48.2619401
	13.8268623	48.2618077
	13.827188	48.2617866
	13.8274358	48.2618135
	13.8276548	48.2619017
	13.8278249	48.2620265
	13.8280439	48.2623699
	13.8282802	48.2625579
	13.828505	48.262648
	13.8287442	48.2627018
	13.828963	48.2627104
	13.8290392	48.2625991
	13.8290767	48.2628246
	13.8291038	48.2631477
	13.8288874	48.2634014
	13.8286845	48.2638775
	13.8285954	48.2642283
	13.828447	48.2645149
	13.8282045	48.2648493
	13.8280684	48.2651244
	13.8278977	48.2653813
	13.8277789	48.2654966
	13.8272989	48.2658162
	13.8273038	48.265971
	13.8274572	48.266559
	13.8275488	48.2670812
	13.8279942	48.2672162
	13.8281253	48.2676922
	13.8284396	48.2679311
	13.8290111	48.267969
	13.8295431	48.2680282
	13.8300207	48.2682061
	13.8306888	48.268272
	13.8310129	48.2682341
	13.8316785	48.2681995
	13.8318121	48.2683313
	13.8320175	48.2684499
	13.832307	48.2685932
	13.8336259	48.268725
	13.8343286	48.2687842
	13.83492	48.2688254
	13.8351179	48.2687134
	13.8353184	48.2686591
	13.8358899	48.2685454
	13.8364838	48.2683857
	13.8371247	48.2679459
	13.8373152	48.2678619
	13.8374958	48.2678207
	13.8377804	48.2677828
	13.8379907	48.267824
	13.838159	48.2678059
	13.8384089	48.2677515
	13.8390745	48.2677334
	13.8395891	48.267768
	13.8399727	48.2677927
	13.8401434	48.2678471
	13.8403513	48.2678586
	13.8404849	48.2678388
	13.8405888	48.2678339
	13.8419448	48.2680579
	13.8421848	48.2681337
	13.8427514	48.268244
	13.8431721	48.2684499
	13.8436224	48.2685339
	13.8442237	48.2687826
	13.8443449	48.2688122
	13.8444414	48.2688122
	13.8446963	48.2687151
	13.8448027	48.2686525
	13.8451441	48.268748
	13.8451813	48.2688238
	13.8452555	48.268888
	13.8456118	48.2689671
	13.8457504	48.269089
	13.8460572	48.2691021
	13.8465768	48.269084
	13.8469133	48.2688748
	13.8475592	48.2689506
	13.8479353	48.2690626
	13.8480763	48.2691285
	13.8486998	48.2693261
	13.8493655	48.2695073
	13.8496945	48.2696506
	13.8501226	48.2699223
	13.8504195	48.2699322
	13.850573	48.2699701
	13.8507635	48.2700673
	13.851053	48.2700722
	13.8515083	48.2701282
	13.851632	48.2701925
	13.8516444	48.2702468
	13.8519636	48.2704379
	13.8520774	48.2704807
	13.8521739	48.2704659
	13.8524411	48.2705795
	13.8527009	48.270759
	13.8527059	48.2708232
	13.8528345	48.2709863
	13.853322	48.2711164
	13.8540198	48.2712333
	13.8542672	48.271235
	13.854438	48.2712284
	13.8546978	48.2712317
	13.8548685	48.2712482
	13.85496	48.2714573
	13.8549106	48.2715512
	13.8549081	48.2716517
	13.8549353	48.271706
	13.8553164	48.2718444
	13.8554277	48.2718411
	13.8558929	48.2716764
	13.8559622	48.2716121
	13.8566896	48.271706
	13.857041	48.2718164
	13.8571078	48.2719284
	13.8571029	48.2720156
	13.8575408	48.2724686
	13.8575012	48.272928
	13.8573775	48.2731158
	13.8576992	48.2731685
	13.8580048	48.27324
	13.8582663	48.2733389
	13.858706	48.2735117
	13.8588661	48.273582
	13.8590577	48.2737095
	13.8592404	48.2738275
	13.8594552	48.2739622
	13.859425	48.274015
	13.8593475	48.2740544
	13.8584277	48.27451
	13.8575713	48.2748833
	13.8572939	48.2751342
	13.8569351	48.2754051
	13.8565189	48.2759109
	13.8561269	48.2762621
	13.8563953	48.2768261
	13.8567692	48.2775305
	13.85684	48.277755
	13.8573987	48.2776472
	13.8587633	48.2775251
	13.8594244	48.2774883
	13.8600257	48.2774216
	13.8610236	48.2774514
	13.8609895	48.2776146
	13.8607741	48.2777962
	13.8605907	48.2779225
	13.8597186	48.2783894
	13.8597634	48.2786235
	13.8595438	48.2789158
	13.8591472	48.2798453
	13.8589595	48.2803235
	13.858612	48.2820405
	13.8585821	48.282513
	13.858467	48.2830167
	13.8583838	48.2831458
	13.8580959	48.2838865
	13.8578763	48.2843079
	13.8575949	48.2844782
	13.857098	48.2847322
	13.8569701	48.2848329
	13.8567036	48.2850684
	13.8559935	48.2856175
	13.85468	48.285924
	13.8537823	48.2872223
	13.8534433	48.2871158
	13.8533303	48.2872677
	13.8528932	48.2872152
	13.852503	48.2872223
	13.8522258	48.2874124
	13.8517332	48.287628
	13.8512769	48.2879898
	13.8510232	48.2882409
	13.8514987	48.2888865
	13.8519315	48.2891603
	13.8524155	48.2893902
	13.8535094	48.2897846
	13.8544263	48.290152
	13.8552243	48.2903358
	13.8542511	48.2908314
	13.8531671	48.2912661
	13.8531545	48.291312
	13.852866	48.2914597
	13.8524425	48.2916487
	13.8515056	48.2920677
	13.8512397	48.2922474
	13.8518465	48.2927808
	13.852488	48.293403
	13.8527833	48.2936211
	13.8532362	48.2939268
	13.8534954	48.2941846
	13.8536585	48.2944728
	13.8534142	48.2946478
	13.8533588	48.2946776
	13.8526554	48.295016
	13.852393	48.2951163
	13.8519501	48.295234
	13.8515359	48.2953305
	13.8511224	48.295465
	13.8500175	48.2958274
	13.8491985	48.2960664
	13.8488845	48.2961698
	13.8485266	48.2963097
	13.8483557	48.2963282
	13.8481174	48.2963907
	13.8478797	48.2964531
	13.8475708	48.2965717
	13.8471131	48.2967475
	13.8468583	48.2968144
	13.8464873	48.2968545
	13.8461766	48.2968605
	13.8456872	48.2968991
	13.8453483	48.2969483
	13.8445029	48.2971141
	13.8438671	48.2973013
	13.8437344	48.2973636
	13.8433844	48.2976238
	13.8430482	48.2977593
	13.8426754	48.2978354
	13.8421859	48.297919
	13.8416232	48.2980149
	13.8411703	48.2980316
	13.8397586	48.2979903
	13.8388761	48.2983189
	13.8383353	48.2984139
	13.8381457	48.2984341
	13.83742	48.2983251
	13.8366755	48.2982145
	13.8365257	48.2981943
	13.8362143	48.2981912
	13.8361322	48.2984574
	13.8360705	48.2986289
	13.8360274	48.2989477
	13.8360178	48.2993047
	13.8351793	48.2993047
	13.835184	48.2994227
	13.8353227	48.2997844
	13.8354666	48.3001976
	13.8355328	48.3008273
	13.8353072	48.3008762
	13.8353366	48.3010247
	13.8353832	48.301147
	13.8353219	48.3016674
	13.8349296	48.3020001
	13.8348094	48.3021877
	13.8347898	48.3024389
	13.8347923	48.3026151
	13.8342454	48.3025482
	13.8341694	48.3025254
	13.8340762	48.3025808
	13.8339904	48.3028288
	13.8339291	48.3036036
	13.8338997	48.3038384
	13.8337844	48.3041011
	13.8334656	48.3043131
	13.8332866	48.3045154
	13.8331861	48.3045464
	13.8329482	48.3045985
	13.8328771	48.3047959
	13.8330095	48.30499
	13.8330292	48.3051662
	13.8327619	48.3053244
	13.8325559	48.3054549
	13.8323867	48.3056131
	13.8324161	48.3057061
	13.8325976	48.3057941
	13.8327219	48.3060352
	13.832737	48.3061988
	13.8326416	48.3065092
	13.8326015	48.306591
	13.8323932	48.3066979
	13.8322953	48.3068798
	13.8323104	48.30701
	13.8321673	48.3071769
	13.8318561	48.3071385
	13.8317369	48.3071115
	13.831588	48.3070483
	13.8311513	48.3069168
	13.8302884	48.3069492
	13.8301009	48.3070603
	13.8301086	48.3071781
	13.8298029	48.3073148
	13.8295333	48.3072943
	13.8294408	48.3073524
	13.8291249	48.3074703
	13.8282311	48.307788
	13.8273913	48.3081365
	13.8270831	48.3082902
	13.8262329	48.3086251
	13.8255215	48.3088369
	13.8250874	48.3089377
	13.8246842	48.3089957
	13.8243811	48.3090419
	13.8242219	48.3090863
	13.8232819	48.3094365
	13.8227862	48.309621
	13.8226912	48.3096329
	13.8225319	48.309785
	13.8223264	48.3100754
	13.8220773	48.3103657
	13.8216844	48.3107757
	13.8213787	48.3109978
	13.8205209	48.3117443
	13.8206519	48.3119014
	13.8210602	48.3122874
	13.8207136	48.312642
	13.8204928	48.3129252
	13.8201643	48.3134146
	13.8190813	48.3132853
	13.8190183	48.3133325
	13.8186135	48.3142537
	13.8180562	48.3154074
	13.8173834	48.3168093
	13.8164555	48.3187285
	13.8155014	48.3197178
	13.8154672	48.3200045
	13.8153489	48.3200814
	13.8152175	48.3201163
	13.8142607	48.3198367
	13.8138535	48.3198835
	13.8131565	48.3194259
	13.813049	48.3193648
	13.8128958	48.3192863
	13.812739	48.3191593
	13.8126672	48.3190278
	13.8126626	48.3188806
	13.8126915	48.3186569
	13.8120134	48.3185904
	13.8118215	48.3188386
	13.8112774	48.3187163
	13.8110408	48.3187268
	13.8110645	48.3191375
	13.810799	48.3191742
	13.8102943	48.3191305
	13.8100788	48.3195098
	13.8100184	48.3197161
	13.8103206	48.3198821
	13.8104153	48.3199118
	13.8102576	48.320022
	13.8098564	48.3206448
	13.8087768	48.3203077
	13.8081959	48.3201032
	13.8073338	48.319799
	13.8059249	48.3194145
	13.8049866	48.3191698
	13.8043137	48.3189496
	13.8034542	48.318551
	13.8027418	48.3181997
	13.8019375	48.317761
	13.800371	48.3167909
	13.7998295	48.3164273
	13.7994431	48.3160899
	13.7991987	48.3158015
	13.79897	48.3154519
	13.7986861	48.3149712
	13.7982445	48.3142877
	13.7971015	48.3127789
	13.7964545	48.3121813
	13.7961812	48.3119103
	13.7960471	48.311718
	13.7959499	48.311489
	13.795892	48.3111726
	13.7959052	48.3108876
	13.7961628	48.3100223
	13.7962153	48.309788
	13.7962364	48.3094314
	13.7961759	48.3091901
	13.796076	48.3089122
	13.7958395	48.30858
	13.7955477	48.3082915
	13.7950483	48.307865
	13.7944569	48.3074017
	13.7940652	48.3071901
	13.7936972	48.3069646
	13.7934055	48.3067408
	13.7932215	48.3064995
	13.7929797	48.3058806
	13.7928798	48.3056778
	13.7926169	48.3053647
	13.7921517	48.3051114
	13.7916024	48.3048876
	13.7911555	48.304669
	13.7908848	48.3045047
	13.7897072	48.3036287
	13.7889844	48.3030867
	13.787196	48.3017408
	13.7868264	48.3013837
	13.7865951	48.3011389
	13.7863412	48.3007832
	13.7860957	48.3002157
	13.7860079	48.2993319
	13.7852683	48.2994431
	13.7851479	48.2994275
	13.7846083	48.2988781
	13.7844156	48.2986016
	13.7842972	48.298369
	13.7841293	48.2978837
	13.7840274	48.297565
	13.7839063	48.2970156
	13.7837934	48.2963434
	13.7836695	48.2957445
	13.7835346	48.2952335
	13.7833061	48.2944295
	13.7831299	48.2938141
	13.7830143	48.2934514
	13.7829978	48.29325
	13.7830694	48.2930375
	13.7831878	48.2927389
	13.7832235	48.2925594
	13.7831878	48.2923525
	13.7830721	48.2920301
	13.7828673	48.2915686
	13.7826673	48.2914036
END
END
