7872983
1
	16.310464	48.1096383
	16.3104822	48.1095207
	16.3110188	48.1095425
	16.3112143	48.1094982
	16.3118938	48.109222
	16.3121702	48.1091173
	16.3128053	48.1088649
	16.3132979	48.1085954
	16.3138565	48.108363
	16.3143592	48.1081306
	16.315246	48.1077368
	16.3152494	48.1077794
	16.3154089	48.1076994
	16.3172611	48.106672
	16.3173253	48.1065531
	16.317322	48.1061116
	16.3173579	48.105986
	16.3174162	48.1058733
	16.3174788	48.1057856
	16.3175544	48.1057103
	16.3176994	48.1056414
	16.3181343	48.105502
	16.3190356	48.1052165
	16.319548	48.1050624
	16.3197105	48.1050239
	16.3206455	48.104739
	16.3212358	48.1045495
	16.3224849	48.1041663
	16.3234062	48.1038882
	16.3241413	48.1036529
	16.3254651	48.1032316
	16.3266886	48.1028601
	16.3273239	48.1026678
	16.328552	48.1022603
	16.3308958	48.1014102
	16.3317586	48.1011065
	16.331864	48.1012786
	16.3321837	48.1019369
	16.3329292	48.1036444
	16.33388	48.1063494
	16.3343667	48.1078402
	16.3345322	48.107843
	16.3364513	48.107462
	16.3375023	48.1072385
	16.3386034	48.106946
	16.340741	48.1064495
	16.3416851	48.1063173
	16.3449042	48.1059829
	16.3458214	48.1058375
	16.3483369	48.105319
	16.3489683	48.1052192
	16.350424	48.1049864
	16.3506528	48.104964
	16.3506159	48.1050153
	16.3504228	48.1054548
	16.351009	48.1065316
	16.3524827	48.1092204
	16.3532356	48.1106442
	16.3538034	48.111652
	16.3542559	48.1125421
	16.3548444	48.1135831
	16.3552334	48.1142254
	16.3552891	48.1143429
	16.3559144	48.1153998
	16.3565731	48.1149835
	16.357352	48.1145079
	16.3576457	48.1143839
	16.3581116	48.1142373
	16.3585292	48.1148552
	16.3593551	48.1159664
	16.3596142	48.1163081
	16.359817	48.1164934
	16.3600699	48.116921
	16.3613292	48.1191321
	16.3623774	48.1210203
	16.3629278	48.1219914
	16.3634398	48.1229597
	16.3637789	48.1235633
	16.3642858	48.124532
	16.3648644	48.1258038
	16.3654046	48.1271818
	16.3658883	48.1284024
	16.3659747	48.128642
	16.3656351	48.1286691
	16.3651894	48.1287211
	16.3647158	48.1287081
	16.3619477	48.1290139
	16.3596066	48.1292005
	16.3580187	48.1294
	16.3575257	48.1295348
	16.3572461	48.1297498
	16.3551031	48.1306412
	16.355006	48.1307345
	16.3549167	48.1307241
	16.354544	48.1308485
	16.3522146	48.1318798
	16.351275	48.1324032
	16.3509179	48.1325665
	16.3506849	48.1326416
	16.3501181	48.1327064
	16.3491475	48.1328955
	16.347843	48.1332116
	16.3474742	48.1332609
	16.3472624	48.1332801
	16.3467834	48.1332746
	16.3463263	48.1332957
	16.3459612	48.1333598
	16.3459446	48.1333464
	16.3410691	48.134511
	16.333118	48.1361097
	16.3313515	48.1365138
	16.328859	48.1370268
	16.3272168	48.13733
	16.3272141	48.1373532
	16.3254777	48.1376674
	16.3246033	48.1377929
	16.3250323	48.1363074
	16.324884	48.1360839
	16.3248936	48.1359776
	16.32445	48.135369
	16.322884	48.1329305
	16.3227083	48.132707
	16.3201659	48.1278257
	16.3194356	48.1265357
	16.3190367	48.1257562
	16.3188654	48.125364
	16.3185018	48.1245617
	16.3184162	48.1246489
	16.3183279	48.1247438
	16.3182825	48.1248728
	16.3174236	48.1248304
	16.317054	48.1249524
	16.3165008	48.1251472
	16.3161033	48.1252711
	16.3158625	48.1253615
	16.315641	48.1254412
	16.3155918	48.125408
	16.3155385	48.1253605
	16.3154026	48.1253087
	16.314993	48.1253787
	16.3147697	48.1254422
	16.3142922	48.1256547
	16.3141253	48.1255821
	16.3139234	48.1255873
	16.3130366	48.1229519
	16.3128009	48.1217873
	16.3126678	48.1211299
	16.3125435	48.1200466
	16.3125921	48.1196345
	16.312214	48.1195312
	16.3120208	48.1181359
	16.3119284	48.1177524
	16.311734	48.116795
	16.3116793	48.1162717
	16.3117309	48.1154787
	16.3121635	48.1155734
	16.3121229	48.1152696
	16.312056	48.1148558
	16.3119527	48.1143771
	16.3117401	48.1138294
	16.3115821	48.1134278
	16.3113572	48.1122553
	16.3112053	48.1116467
	16.3110874	48.1110053
	16.3107496	48.1102916
	16.3105612	48.1098128
	16.310464	48.1096383
END
END
