7872047
1
	14.223098	47.642144
	14.229359	47.634146
	14.234566	47.627926
	14.241389	47.623981
	14.250165	47.619204
	14.2525567	47.6171071
	14.254487	47.614546
	14.25533	47.61284
	14.26255	47.611161
	14.264412	47.610472
	14.281955	47.614521
	14.286386	47.612034
	14.2868642	47.6114983
	14.287327	47.611186
	14.2877963	47.6110044
	14.288745	47.6106412
	14.289326	47.6104048
	14.2929633	47.6089173
	14.2937538	47.6088685
	14.293974	47.6089047
	14.2941473	47.6088885
	14.2943055	47.6088378
	14.294578	47.608812
	14.2947939	47.6086425
	14.2948178	47.6084236
	14.2949546	47.6082473
	14.295136	47.608153
	14.2953641	47.6081656
	14.2954934	47.6082598
	14.295695	47.608456
	14.296157	47.608381
	14.29648	47.607887
	14.2968141	47.6079703
	14.2980228	47.6083509
	14.298782	47.608631
	14.2997251	47.6091021
	14.300398	47.609464
	14.3014597	47.6095873
	14.3019391	47.6095451
	14.302848	47.609593
	14.305657	47.608717
	14.3062158	47.6086137
	14.3066058	47.608615
	14.307528	47.6083862
	14.3086998	47.6081692
	14.309163	47.608131
	14.309246	47.607955
	14.30966	47.607852
	14.3096161	47.6076815
	14.309888	47.607156
	14.3100849	47.6071202
	14.3102799	47.6070182
	14.310381	47.606817
	14.310663	47.606727
	14.311087	47.606832
	14.3120912	47.6064594
	14.312645	47.60636
	14.313454	47.6069157
	14.3142399	47.6073401
	14.314536	47.607463
	14.3150434	47.6075217
	14.315083	47.6075644
	14.3165139	47.6078853
	14.316661	47.608008
	14.318125	47.607982
	14.318733	47.607839
	14.31992	47.607991
	14.3202706	47.608203
	14.320914	47.608498
	14.3219609	47.608449
	14.3232862	47.6083135
	14.324908	47.608166
	14.326396	47.607553
	14.328344	47.609768
	14.329235	47.611361
	14.333445	47.615688
	14.334488	47.618351
	14.335399	47.618267
	14.337761	47.619006
	14.345155	47.622264
	14.346116	47.622956
	14.351015	47.624485
	14.353913	47.625913
	14.354976	47.626608
	14.355946	47.626835
	14.3567779	47.6272345
	14.357712	47.627771
	14.3588608	47.6282832
	14.360451	47.628909
	14.3609497	47.6290054
	14.361329	47.629129
	14.3623824	47.6289688
	14.3626654	47.6288715
	14.3628941	47.6288613
	14.3632252	47.6289404
	14.3636677	47.6289202
	14.364009	47.628866
	14.3644021	47.6290581
	14.3649319	47.6292975
	14.3653593	47.6294719
	14.3668131	47.6301961
	14.3674301	47.6298147
	14.3675114	47.6295632
	14.367728	47.62944
	14.3688508	47.6291757
	14.3692903	47.6291271
	14.370223	47.628962
	14.370896	47.629028
	14.3720985	47.6293563
	14.3727095	47.6295693
	14.373443	47.629868
	14.3739256	47.6303543
	14.375114	47.63132
	14.37596	47.631801
	14.376493	47.6320419
	14.3780552	47.6326484
	14.379907	47.633416
	14.380852	47.633985
	14.3816912	47.6342021
	14.3823203	47.6342548
	14.3827146	47.6344232
	14.3837982	47.6346665
	14.384812	47.634832
	14.3851556	47.6347071
	14.385629	47.63471
	14.3858411	47.6346303
	14.386067	47.634488
	14.3864379	47.6345023
	14.3868171	47.6344333
	14.3873318	47.6343075
	14.387713	47.634318
	14.3882619	47.6344374
	14.38892	47.63461
	14.389555	47.635224
	14.3899685	47.6354312
	14.3909528	47.6356604
	14.3910882	47.6357577
	14.3915377	47.6359426
	14.3949798	47.6378413
	14.392731	47.6451165
	14.3926278	47.6483914
	14.3974702	47.6526523
	14.4033607	47.6535249
	14.4131096	47.6548971
	14.4175058	47.6558023
	14.4208505	47.6565733
	14.4226319	47.6610315
	14.4236109	47.6634807
	14.4232314	47.6662299
	14.4257819	47.672179
	14.4304559	47.67458
	14.4313115	47.6744413
	14.4349277	47.6755441
	14.4353161	47.6763123
	14.4353204	47.6778413
	14.4356342	47.679537
	14.4349749	47.6802203
	14.4350403	47.6810406
	14.4360108	47.6832216
	14.4355247	47.6839923
	14.4359517	47.6854354
	14.435926	47.6861789
	14.435647	47.6875104
	14.4351696	47.6881517
	14.4339599	47.6888512
	14.4321967	47.6889765
	14.4306179	47.6888963
	14.4277989	47.6896121
	14.4272501	47.6893622
	14.4251585	47.689568
	14.424437	47.6899439
	14.4243834	47.6906423
	14.4256623	47.6919653
	14.4259337	47.6927817
	14.4227649	47.6946535
	14.4202571	47.6960079
	14.4195511	47.6964794
	14.4186622	47.6976366
	14.4187878	47.69798
	14.4183531	47.6983638
	14.4182218	47.6986176
	14.4174332	47.6989931
	14.4162305	47.6999736
	14.4154983	47.700739
	14.4148508	47.7011325
	14.4147473	47.7013239
	14.4143637	47.7012676
	14.4134448	47.700748
	14.4132055	47.7006571
	14.4129271	47.7005061
	14.4126562	47.7004635
	14.4123038	47.7007509
	14.4122566	47.7009123
	14.4122485	47.7011495
	14.4117765	47.7016578
	14.4117255	47.7021091
	14.411417	47.7026127
	14.4113924	47.7029281
	14.4113049	47.7031122
	14.410567	47.7034656
	14.4104571	47.7036111
	14.4105587	47.7039883
	14.4107213	47.7042925
	14.4106518	47.7046576
	14.4105346	47.704845
	14.4105582	47.7049567
	14.4102441	47.7050484
	14.4086552	47.7056659
	14.4084894	47.7058072
	14.4082866	47.7061706
	14.4080085	47.7062594
	14.4077969	47.7067754
	14.4070652	47.7068994
	14.4062597	47.7065
	14.4056122	47.706383
	14.4056433	47.7057769
	14.4057179	47.7053784
	14.4056696	47.7049807
	14.4058533	47.7047336
	14.4055856	47.7045425
	14.4040266	47.7037691
	14.4021503	47.7025336
	14.4016251	47.702506
	14.4004978	47.702973
	14.4000241	47.703242
	14.4000177	47.7045112
	14.3997712	47.7052935
	14.3995241	47.7054215
	14.3985516	47.7054923
	14.3977745	47.7056271
	14.3966279	47.7063604
	14.3962894	47.706699
	14.3960987	47.7076248
	14.3964715	47.7082467
	14.3966008	47.7086628
	14.3963082	47.7086285
	14.3958519	47.70849
	14.3955818	47.7083464
	14.3951435	47.7084173
	14.3948659	47.7085097
	14.394226	47.7088745
	14.393774	47.7089633
	14.3933599	47.7090118
	14.3927974	47.7089682
	14.3922655	47.70897
	14.3916341	47.7088626
	14.3907603	47.7087875
	14.3897067	47.7089205
	14.3892314	47.708933
	14.3891257	47.708851
	14.3887987	47.7087636
	14.3884652	47.7087595
	14.388074	47.7088202
	14.3876597	47.7088296
	14.3865743	47.7087009
	14.3859026	47.7085631
	14.3855084	47.7083898
	14.3850881	47.7082022
	14.3846665	47.7081058
	14.3843624	47.7080055
	14.3835861	47.7076296
	14.383138	47.7073656
	14.382943	47.7072722
	14.3813636	47.7068018
	14.3813117	47.706257
	14.3814366	47.7058922
	14.3816132	47.7056164
	14.3816741	47.705394
	14.3816096	47.7051571
	14.3814814	47.7047982
	14.381517	47.7046415
	14.3814565	47.7038091
	14.3813582	47.7034291
	14.3821335	47.7033128
	14.382173	47.70287
	14.3823038	47.7025499
	14.3825186	47.7022442
	14.3826912	47.7015694
	14.3828078	47.7013554
	14.3819388	47.7014597
	14.3811906	47.701644
	14.380747	47.7017697
	14.3805526	47.7017891
	14.3802734	47.7017614
	14.379931	47.701653
	14.379708	47.701555
	14.3795722	47.7014348
	14.3794635	47.7012762
	14.3795626	47.7010643
	14.3795837	47.7008393
	14.3795705	47.7007029
	14.3793938	47.7005853
	14.3793295	47.6999906
	14.379014	47.6999703
	14.3779677	47.7000721
	14.3774085	47.6998403
	14.3771646	47.6996773
	14.3768561	47.6994174
	14.3757548	47.6985381
	14.3750524	47.6980412
	14.3747439	47.697783
	14.374495	47.6976066
	14.3743347	47.6975596
	14.3740599	47.6974033
	14.3735577	47.6970481
	14.3733809	47.696813
	14.373163	47.6966607
	14.3728698	47.6965705
	14.3725704	47.6965325
	14.3723074	47.6964848
	14.3720126	47.6963836
	14.3716359	47.6961914
	14.3715298	47.6960612
	14.371374	47.6959533
	14.3712475	47.6958192
	14.3706959	47.6955947
	14.3701894	47.6954494
	14.369793	47.695371
	14.3694486	47.6953551
	14.3691209	47.6953434
	14.3689372	47.6953931
	14.3687163	47.6955066
	14.3685308	47.6955412
	14.3683258	47.6954899
	14.3681948	47.6952398
	14.3679568	47.6947565
	14.3677028	47.6944126
	14.3673504	47.693953
	14.3669581	47.6935934
	14.3667545	47.6931893
	14.3667328	47.6930533
	14.3667727	47.6927266
	14.366728	47.6924244
	14.3665895	47.6921817
	14.3664545	47.6919477
	14.3663753	47.6916756
	14.3662625	47.6915453
	14.3659489	47.6913576
	14.3659009	47.6915162
	14.3658744	47.6917131
	14.365768	47.6917898
	14.3655345	47.6918768
	14.3651588	47.6918311
	14.3648093	47.691838
	14.3643348	47.6919558
	14.3638887	47.6919738
	14.363492	47.6919902
	14.3631546	47.6918919
	14.3627335	47.6919444
	14.3624428	47.6920084
	14.3621798	47.6921152
	14.3615367	47.6922004
	14.3608629	47.6923234
	14.3606171	47.6923442
	14.3598471	47.6924043
	14.3598795	47.6923029
	14.3594785	47.6920865
	14.3591978	47.6919839
	14.3590196	47.6918556
	14.3589433	47.691773
	14.3587734	47.6916714
	14.3585194	47.6916366
	14.3582566	47.6917016
	14.3577686	47.6916266
	14.3574911	47.6915226
	14.3572456	47.6914843
	14.356959	47.6914643
	14.3570036	47.6913746
	14.3562831	47.6913716
	14.3557447	47.6914407
	14.355467	47.6914161
	14.3546767	47.6916143
	14.3544844	47.6915933
	14.3542807	47.6915178
	14.3536674	47.6914138
	14.3530454	47.6915273
	14.3521011	47.6917525
	14.3517922	47.6916902
	14.3513943	47.6916756
	14.3510172	47.691827
	14.3506567	47.6917808
	14.3504943	47.6918565
	14.3503386	47.6919784
	14.3500986	47.6920226
	14.3499089	47.6921009
	14.3497362	47.6923324
	14.3496818	47.6926302
	14.3496121	47.6927724
	14.3494686	47.6929736
	14.3494968	47.6931537
	14.3493488	47.693403
	14.34904	47.6937883
	14.3489856	47.6938898
	14.349042	47.6942083
	14.3489665	47.6942781
	14.3488237	47.6943678
	14.3488036	47.6945687
	14.3486169	47.6947173
	14.3484938	47.6947807
	14.3482674	47.6948082
	14.348132	47.6948058
	14.3478148	47.6947262
	14.3473773	47.6947115
	14.3471665	47.6947221
	14.3470891	47.6947506
	14.3469767	47.6952196
	14.3468436	47.6956362
	14.346793	47.6960604
	14.3468217	47.6966524
	14.3465606	47.6973444
	14.3464254	47.6983463
	14.3462444	47.6989569
	14.3460712	47.6992383
	14.3458143	47.6995113
	14.3453595	47.699775
	14.3447179	47.7002978
	14.3444607	47.7005998
	14.3442157	47.7009755
	14.343865	47.7016354
	14.3435101	47.7022921
	14.3433879	47.7027258
	14.3432986	47.7027131
	14.3431652	47.7030658
	14.343137	47.7032292
	14.3431409	47.7035074
	14.3429639	47.7040512
	14.3429603	47.7040871
	14.3429788	47.7042744
	14.343125	47.7047783
	14.3431999	47.704948
	14.3432664	47.7051534
	14.3433126	47.7053547
	14.3432446	47.7058588
	14.3431178	47.7062318
	14.3426373	47.7073118
	14.3423218	47.7072574
	14.3420934	47.7072644
	14.3419559	47.7073015
	14.3418374	47.7072888
	14.3415338	47.7072236
	14.3414266	47.7071597
	14.341206	47.7070723
	14.3405397	47.7069505
	14.3401807	47.7070486
	14.3398787	47.7071664
	14.3394467	47.7071793
	14.3393139	47.7072539
	14.3392033	47.7073687
	14.3391256	47.7074716
	14.3388491	47.7076494
	14.3386789	47.7077089
	14.3380061	47.708024
	14.3374996	47.7082435
	14.3372272	47.7084064
	14.3371059	47.7084948
	14.3369335	47.7087068
	14.3366265	47.7087068
	14.3362263	47.7087957
	14.3359066	47.7089324
	14.3357969	47.7087393
	14.3355538	47.708728
	14.3348816	47.7089555
	14.3345519	47.7091182
	14.3341834	47.7092521
	14.3338339	47.7094081
	14.3332676	47.7095687
	14.332858	47.7096514
	14.3325587	47.7097328
	14.3323153	47.7097626
	14.3319328	47.7098456
	14.3312626	47.7099498
	14.3305738	47.7100278
	14.3295081	47.7100964
	14.3292857	47.7101505
	14.3290262	47.7102835
	14.3280841	47.7105828
	14.3272686	47.7107844
	14.3266045	47.7110297
	14.3263883	47.711198
	14.3262091	47.7112063
	14.3260856	47.7110982
	14.3256408	47.7111169
	14.3247944	47.7113082
	14.3243125	47.7113477
	14.3239851	47.7114204
	14.3233642	47.7114911
	14.3228113	47.7114453
	14.3222862	47.7114703
	14.3220113	47.7115119
	14.3217086	47.7114994
	14.3210321	47.7113456
	14.3204174	47.7112292
	14.3186598	47.7110837
	14.3178443	47.7110026
	14.3172574	47.7109881
	14.3169176	47.7110006
	14.3163616	47.7109611
	14.3155986	47.7107886
	14.314916	47.7106784
	14.3143353	47.7107387
	14.3134024	47.7107033
	14.3129453	47.7104186
	14.3127136	47.7103209
	14.3123553	47.7102814
	14.312275	47.7102897
	14.312207	47.7106431
	14.3122466	47.7109389
	14.3122404	47.7111148
	14.3121018	47.7114863
	14.3119699	47.7116398
	14.3119163	47.7119436
	14.3118269	47.7121632
	14.3117039	47.7123783
	14.3114089	47.7127001
	14.3110199	47.7130987
	14.3107986	47.7131468
	14.3103806	47.7136281
	14.3102398	47.7138988
	14.3100587	47.714141
	14.3096161	47.7140748
	14.3095803	47.7141575
	14.3093903	47.7143485
	14.3092875	47.7143711
	14.3077563	47.7148629
	14.3065425	47.715257
	14.3064553	47.7153577
	14.3063123	47.7155984
	14.3060306	47.7157081
	14.3059255	47.7160345
	14.3059144	47.7161789
	14.3059524	47.7162827
	14.305778	47.7163548
	14.3055768	47.7163473
	14.3050068	47.7165443
	14.30479	47.7165609
	14.3042021	47.7166993
	14.3039718	47.7167609
	14.303717	47.716794
	14.303396	47.7168032
	14.3027895	47.7167228
	14.3021687	47.7166405
	14.3016568	47.716581
	14.3007796	47.7165266
	14.3005201	47.716486
	14.3003995	47.7164671
	14.3003293	47.7164481
	14.3000683	47.7163722
	14.2999806	47.7163436
	14.300032	47.7161254
	14.3001153	47.7159789
	14.3001314	47.7157672
	14.300075	47.7155972
	14.2998572	47.7153277
	14.2994486	47.7150781
	14.2985668	47.7154272
	14.2983436	47.7154832
	14.2981366	47.7154706
	14.2978113	47.7153946
	14.2967897	47.715505
	14.2963461	47.715467
	14.2957493	47.7153874
	14.295717	47.7152192
	14.2954697	47.7149822
	14.2956068	47.7148538
	14.2957708	47.7147561
	14.2957331	47.7146765
	14.2952116	47.7145119
	14.294854	47.7145372
	14.2946147	47.7145101
	14.2942357	47.7142985
	14.2938969	47.7138227
	14.293827	47.713593
	14.2938889	47.7134519
	14.2942518	47.7131625
	14.294241	47.7128568
	14.2940475	47.7126198
	14.2939829	47.7125854
	14.293784	47.7125782
	14.2936523	47.7125493
	14.2935232	47.712466
	14.2935152	47.7123973
	14.293542	47.7123213
	14.2936496	47.7122291
	14.2936938	47.7121153
	14.293706	47.7115254
	14.2937517	47.7114277
	14.2938378	47.7113698
	14.2938781	47.7112649
	14.2936845	47.7111889
	14.2934453	47.711046
	14.2934506	47.7109719
	14.2932382	47.7108289
	14.2929103	47.7106517
	14.2927113	47.7106679
	14.2924935	47.7107204
	14.2922516	47.71044
	14.2922516	47.7103333
	14.2920957	47.7102645
	14.2917811	47.71027
	14.2915983	47.710326
	14.2914289	47.7101886
	14.2909773	47.7099588
	14.2908778	47.7096495
	14.2909208	47.7095735
	14.2908993	47.7094179
	14.2906116	47.7093419
	14.2904745	47.7091737
	14.2904342	47.7089819
	14.2905283	47.7088879
	14.2905041	47.7086455
	14.2903132	47.7083379
	14.2898562	47.7080123
	14.2894717	47.707873
	14.2890281	47.7077771
	14.2888158	47.7076107
	14.2887001	47.7074768
	14.2884931	47.706849
	14.2884555	47.7066265
	14.2884555	47.7063805
	14.288227	47.7058974
	14.2880872	47.7056152
	14.2879743	47.7052552
	14.288063	47.7046979
	14.2882861	47.7045821
	14.2883184	47.7045062
	14.2885657	47.704043
	14.2885146	47.703929
	14.2884958	47.7037391
	14.2888184	47.7036721
	14.2890496	47.7035075
	14.2897271	47.7028923
	14.2898642	47.7025377
	14.2902541	47.702478
	14.291187	47.7013508
	14.2911655	47.7007103
	14.2914504	47.700334
	14.2915956	47.6998219
	14.2914555	47.6994506
	14.291424	47.6986037
	14.2913032	47.6983103
	14.2908146	47.6978311
	14.2909013	47.6975942
	14.2915002	47.6974386
	14.2917182	47.6973856
	14.2924459	47.697078
	14.2929187	47.6970002
	14.2932943	47.6968923
	14.2936043	47.6967438
	14.2939405	47.6964892
	14.2943608	47.6962753
	14.2946524	47.696102
	14.2949519	47.6958474
	14.2952724	47.6953312
	14.2958581	47.6948661
	14.29631	47.694433
	14.296289	47.6943605
	14.2962968	47.6941289
	14.2963599	47.6939715
	14.2968511	47.6937381
	14.2970665	47.6930397
	14.2968879	47.6925747
	14.2968248	47.6922935
	14.2969588	47.6920707
	14.2968931	47.6917631
	14.2970166	47.6914731
	14.2972924	47.6912468
	14.2972793	47.6910328
	14.2971584	47.6909426
	14.2970218	47.6908065
	14.2970087	47.6906686
	14.2969562	47.6904245
	14.2968432	47.6902035
	14.2967276	47.6900391
	14.2964702	47.6898092
	14.29631	47.689696
	14.2955955	47.6900585
	14.295108	47.6901222
	14.2945639	47.689996
	14.2940352	47.6897853
	14.2935681	47.6894535
	14.2931548	47.6890216
	14.2928725	47.6884359
	14.2926723	47.6882061
	14.2922231	47.6878346
	14.2921923	47.6874942
	14.2925183	47.6862174
	14.2927031	47.6857664
	14.2929598	47.6856109
	14.2927724	47.6853016
	14.2921872	47.6850321
	14.2913094	47.6850234
	14.291122	47.6847141
	14.2911503	47.6844221
	14.2908602	47.6843115
	14.2907524	47.6838588
	14.2908371	47.683223
	14.2910348	47.6825179
	14.2907704	47.6810008
	14.2907268	47.6794956
	14.2902571	47.679411
	14.2893408	47.6787629
	14.2891919	47.6783033
	14.2884296	47.6776017
	14.2868409	47.6773891
	14.2856576	47.6767255
	14.2855729	47.6761984
	14.2851956	47.6752341
	14.2843435	47.6740105
	14.2830653	47.6727229
	14.2823056	47.6717965
	14.2817101	47.6705435
	14.2816126	47.6696188
	14.2814612	47.6692299
	14.2806681	47.6680062
	14.2802959	47.6674998
	14.2799007	47.6668654
	14.2794566	47.6662051
	14.2791794	47.6658612
	14.2769849	47.6633547
	14.2742078	47.6613513
	14.2731178	47.65919
	14.2725652	47.6580944
	14.2667235	47.6610176
	14.2623114	47.6592008
	14.2595677	47.6581514
	14.2576632	47.6574219
	14.2551299	47.6568825
	14.2465624	47.6576517
	14.2446148	47.6574584
	14.2425772	47.6564907
	14.2421225	47.6560718
	14.2416941	47.6549027
	14.2412269	47.6536273
	14.2408212	47.6525105
	14.2381342	47.6526682
	14.2353928	47.6521969
	14.232555	47.650628
	14.227687	47.645827
	14.223934	47.642984
	14.223098	47.642144
END
END
