7872415
1
	15.5415575	46.8928349
	15.5415577	46.8927654
	15.5415613	46.8926899
	15.5417464	46.8924291
	15.54235	46.8917965
	15.5426866	46.8914598
	15.54317	46.8909572
	15.5433749	46.8907472
	15.5435348	46.8904498
	15.5440548	46.8894378
	15.544201	46.8891589
	15.5445234	46.888812
	15.5447797	46.8885915
	15.5450988	46.8883602
	15.5456236	46.8879331
	15.5460739	46.8876005
	15.5463242	46.8874158
	15.5464915	46.8872073
	15.5466744	46.8869904
	15.546764	46.8868606
	15.5468633	46.8867917
	15.5467303	46.886614
	15.5465417	46.8862775
	15.5461922	46.8857887
	15.5456365	46.8857776
	15.5450256	46.8857398
	15.5449932	46.8855405
	15.5449126	46.8849112
	15.5462433	46.8845359
	15.5462903	46.8845588
	15.5465939	46.8844768
	15.5462527	46.8840083
	15.5461356	46.8838166
	15.5458893	46.8834276
	15.5454844	46.8827166
	15.5453047	46.882475
	15.5451662	46.8823617
	15.5451733	46.8822343
	15.5451446	46.8819518
	15.5454852	46.8816528
	15.5458448	46.8814133
	15.5455312	46.8813343
	15.5455145	46.8812282
	15.5454942	46.8810387
	15.5451569	46.8806264
	15.5452756	46.880535
	15.5454178	46.8804893
	15.546616	46.8799035
	15.5478814	46.8792863
	15.5484665	46.8789988
	15.5486888	46.8788014
	15.5488912	46.8786664
	15.5499215	46.8781115
	15.5510115	46.8775547
	15.5522341	46.87694
	15.552064	46.876562
	15.5520167	46.8761234
	15.5518838	46.8759509
	15.5522872	46.8752993
	15.5523511	46.8752152
	15.5523588	46.8750569
	15.5525334	46.8746894
	15.5526204	46.8745941
	15.5525815	46.8745066
	15.5525885	46.8743531
	15.5526057	46.873911
	15.5526016	46.873504
	15.5526159	46.8729128
	15.552627	46.8723138
	15.5526472	46.8719236
	15.5526603	46.8715854
	15.552798	46.8713817
	15.5528532	46.8709217
	15.5529055	46.8708102
	15.5530414	46.8701185
	15.5531059	46.8697924
	15.5530398	46.8696316
	15.5530845	46.869122
	15.5529022	46.8680405
	15.5529116	46.8678791
	15.55284	46.8677218
	15.5528469	46.8676038
	15.5527515	46.8674268
	15.5526628	46.8672825
	15.5528022	46.8671679
	15.552794	46.8668238
	15.5528341	46.8666544
	15.5527232	46.8665651
	15.5528176	46.8659805
	15.5529279	46.8658667
	15.5529765	46.8657833
	15.5529682	46.8657054
	15.5529934	46.8656461
	15.5529448	46.8655564
	15.553012	46.8653901
	15.5529046	46.8652488
	15.5527942	46.8651497
	15.5527781	46.8649881
	15.5529029	46.8649231
	15.5530429	46.8648514
	15.5535946	46.8647933
	15.5538597	46.8648049
	15.553843	46.8647621
	15.5539441	46.864646
	15.5539758	46.8645022
	15.5541316	46.8644765
	15.554007	46.8643801
	15.5539605	46.8642993
	15.554123	46.8637566
	15.5547455	46.8635728
	15.5556198	46.863322
	15.557278	46.862819
	15.5576622	46.8629599
	15.55783	46.863062
	15.5578328	46.8631695
	15.5576225	46.8633527
	15.5575431	46.8634737
	15.557568	46.863656
	15.5576885	46.863762
	15.558112	46.8639264
	15.55827	46.8640133
	15.5586133	46.8644294
	15.558711	46.8644
	15.560825	46.863562
	15.5613736	46.8634877
	15.5617247	46.8634725
	15.5623673	46.86338
	15.562732	46.863259
	15.5631098	46.8634119
	15.5651464	46.8644217
	15.5653945	46.8645018
	15.565746	46.864192
	15.5657791	46.8640507
	15.5658373	46.8632946
	15.5658274	46.8628561
	15.565958	46.862369
	15.5665875	46.8617962
	15.5667272	46.8617473
	15.566836	46.861625
	15.5669166	46.8613834
	15.5669858	46.8609423
	15.5669467	46.8606516
	15.566971	46.860438
	15.5671811	46.860212
	15.5683505	46.8596055
	15.568952	46.85937
	15.5690704	46.8594171
	15.569712	46.860505
	15.570039	46.86045
	15.571166	46.861208
	15.571157	46.861303
	15.5704531	46.8612433
	15.570277	46.861269
	15.569896	46.861403
	15.5698585	46.861507
	15.5700197	46.8616438
	15.5701714	46.861699
	15.5726732	46.8626083
	15.574502	46.863355
	15.575375	46.863731
	15.575442	46.8638038
	15.576293	46.8641688
	15.5777188	46.8647804
	15.57786	46.864841
	15.5773928	46.8636808
	15.5772831	46.8633842
	15.5773139	46.8631921
	15.5777093	46.8627798
	15.5780354	46.8623528
	15.578379	46.8617414
	15.5787291	46.8611703
	15.580957	46.858225
	15.581075	46.858138
	15.581471	46.858291
	15.583911	46.859594
	15.5864895	46.8611354
	15.588922	46.862823
	15.5892951	46.8628119
	15.59104	46.863918
	15.591591	46.864844
	15.5918629	46.8650886
	15.5921455	46.8654298
	15.5922351	46.8656412
	15.5925223	46.8659356
	15.5927077	46.8662095
	15.5932141	46.8664967
	15.593677	46.86684
	15.5942137	46.8673544
	15.594721	46.868367
	15.5948904	46.8688469
	15.595053	46.869811
	15.5950449	46.8705007
	15.5948631	46.8709505
	15.594802	46.871317
	15.5953747	46.8715
	15.595831	46.871342
	15.595973	46.8712357
	15.596182	46.871059
	15.5962537	46.8709951
	15.596299	46.870879
	15.5964905	46.8710331
	15.5965808	46.8711175
	15.5966881	46.8711123
	15.596864	46.871318
	15.5969631	46.871522
	15.597074	46.871639
	15.5971828	46.8716043
	15.5973949	46.871559
	15.5975244	46.8715427
	15.5978397	46.8718
	15.5979008	46.8719194
	15.5981544	46.871918
	15.598358	46.8719397
	15.5984449	46.8720287
	15.5984374	46.8721447
	15.5985947	46.8721792
	15.5989344	46.8721921
	15.5991474	46.8721231
	15.599277	46.872015
	15.599547	46.872021
	15.5995509	46.8720899
	15.5997278	46.8720691
	15.599985	46.872027
	15.6001549	46.8720247
	15.600513	46.8721019
	15.6009184	46.872349
	15.6010963	46.872528
	15.6011172	46.8727495
	15.6011452	46.8728123
	15.601284	46.8729222
	15.6014138	46.8728367
	15.6015089	46.8728564
	15.6015935	46.8729916
	15.6016224	46.8730622
	15.6015598	46.8731471
	15.60184	46.873424
	15.6019906	46.8734478
	15.6021873	46.8733813
	15.60216	46.873546
	15.6023121	46.873598
	15.6024882	46.8736723
	15.6025836	46.8737773
	15.6027379	46.8737645
	15.602808	46.873802
	15.6029428	46.8739599
	15.6031086	46.8741242
	15.6034463	46.8742441
	15.6037586	46.8745761
	15.6040058	46.8747468
	15.6041795	46.8747677
	15.604276	46.874753
	15.6044734	46.8749973
	15.6045137	46.8751275
	15.6048036	46.8753974
	15.6055353	46.8757532
	15.6058198	46.8758131
	15.6061383	46.8759786
	15.6061805	46.8760666
	15.606582	46.876217
	15.6067925	46.8762313
	15.6069415	46.8761216
	15.607067	46.876133
	15.6074495	46.876509
	15.6075456	46.8767875
	15.607632	46.876982
	15.6077888	46.8770064
	15.6082706	46.8772517
	15.6082765	46.8773356
	15.608321	46.877382
	15.6086128	46.8770825
	15.6086983	46.8768061
	15.6087163	46.8765947
	15.6089601	46.8762995
	15.609027	46.876124
	15.6090632	46.8759335
	15.6089857	46.8757519
	15.609142	46.875406
	15.609959	46.8754
	15.6105788	46.8751738
	15.610757	46.8751427
	15.611909	46.875605
	15.6122154	46.8756737
	15.6124597	46.8757131
	15.612698	46.875698
	15.6125611	46.875552
	15.6123374	46.8753451
	15.6115613	46.8747365
	15.611248	46.874514
	15.6115301	46.8739642
	15.611865	46.873442
	15.6119906	46.873053
	15.612059	46.8724775
	15.6122367	46.871443
	15.612271	46.8712065
	15.612409	46.870596
	15.612716	46.870233
	15.612954	46.869024
	15.6128508	46.8684996
	15.6127958	46.8684004
	15.6127124	46.868078
	15.6127025	46.8679124
	15.612352	46.866544
	15.612971	46.866179
	15.6135092	46.8658369
	15.613725	46.865755
	15.614394	46.8656269
	15.6154385	46.8654903
	15.615649	46.865394
	15.6159374	46.8654243
	15.6161058	46.8653522
	15.616383	46.865299
	15.617167	46.865432
	15.6175475	46.8652442
	15.6176398	46.865121
	15.6178924	46.8650007
	15.6183554	46.8648453
	15.6185504	46.8646966
	15.6184704	46.8645637
	15.618832	46.864427
	15.6196512	46.8640426
	15.620219	46.8638409
	15.620286	46.8637621
	15.620567	46.863701
	15.620772	46.8636979
	15.620887	46.863759
	15.621594	46.864595
	15.622349	46.865144
	15.6232558	46.865598
	15.6236975	46.8658668
	15.6236027	46.8659324
	15.624348	46.866343
	15.6241645	46.8665044
	15.6234599	46.8669928
	15.6231813	46.8673106
	15.622901	46.867543
	15.6247345	46.8680371
	15.6253058	46.8682298
	15.6264744	46.8684983
	15.627523	46.868849
	15.6279679	46.8689061
	15.6285818	46.8688627
	15.628932	46.868888
	15.629291	46.869715
	15.6295684	46.8698501
	15.6297989	46.8698296
	15.630634	46.870018
	15.6306984	46.8701412
	15.6308014	46.8702899
	15.6312745	46.8704637
	15.631224	46.870583
	15.631907	46.870545
	15.6319	46.87079
	15.6320859	46.8707972
	15.63254	46.8707895
	15.632738	46.87075
	15.6331963	46.8709175
	15.633996	46.871148
	15.634362	46.871081
	15.6343379	46.8711818
	15.6343167	46.8712731
	15.634188	46.871381
	15.6338977	46.8714209
	15.633319	46.871552
	15.632703	46.8719174
	15.63252	46.871956
	15.6321623	46.8723106
	15.6321602	46.8724187
	15.632081	46.872477
	15.6315889	46.8725379
	15.63099	46.872796
	15.6309467	46.872945
	15.630784	46.873128
	15.6302727	46.8733091
	15.62984	46.873518
	15.6294493	46.8733211
	15.629336	46.873368
	15.629277	46.873815
	15.6289126	46.8741856
	15.6285529	46.8743393
	15.628425	46.874456
	15.628564	46.874904
	15.628267	46.875133
	15.628568	46.875307
	15.6284762	46.8754361
	15.628158	46.8757133
	15.626969	46.87656
	15.627347	46.876982
	15.6262081	46.8774747
	15.625564	46.87771
	15.623794	46.877993
	15.6233496	46.8783001
	15.623178	46.878373
	15.6233057	46.8784045
	15.6244783	46.8783102
	15.62512	46.8783
	15.62672	46.877949
	15.6273708	46.8777228
	15.628107	46.877227
	15.628317	46.878511
	15.6279373	46.8785819
	15.6271214	46.8788236
	15.626185	46.879179
	15.6260148	46.8792967
	15.6256646	46.8794664
	15.6248051	46.8798886
	15.62469	46.879994
	15.6253272	46.8800365
	15.626059	46.880052
	15.6266259	46.8799517
	15.6268137	46.8798537
	15.6270716	46.8797537
	15.627347	46.879769
	15.627609	46.881087
	15.6270714	46.8811984
	15.6266668	46.8812465
	15.6249033	46.8813397
	15.623457	46.881468
	15.6233421	46.8815591
	15.621794	46.881852
	15.6216946	46.881928
	15.621026	46.882439
	15.620647	46.882542
	15.62036	46.882556
	15.619608	46.882198
	15.619197	46.88235
	15.6188623	46.8823509
	15.6184972	46.8823692
	15.6173013	46.8824361
	15.6169273	46.8824807
	15.61611	46.882608
	15.615928	46.882991
	15.615856	46.8830284
	15.6157759	46.882998
	15.615638	46.882945
	15.6151022	46.8835355
	15.6150518	46.8836511
	15.614555	46.884142
	15.6142713	46.8848559
	15.6142535	46.8849979
	15.6142535	46.8852697
	15.6141526	46.8856267
	15.614027	46.885912
	15.6139585	46.8864045
	15.6138721	46.887097
	15.6138124	46.8871843
	15.6137655	46.8877843
	15.6137655	46.888096
	15.613676	46.888435
	15.6135141	46.8886261
	15.6133692	46.8889523
	15.6133564	46.889194
	15.613223	46.889441
	15.612647	46.890042
	15.6124607	46.890049
	15.6112453	46.8897795
	15.611074	46.889727
	15.6103887	46.8898657
	15.6100655	46.8899585
	15.608391	46.890554
	15.607238	46.890694
	15.607603	46.891556
	15.607185	46.891879
	15.606726	46.891719
	15.605678	46.893058
	15.6059051	46.8932777
	15.606549	46.893589
	15.6065085	46.8938259
	15.606565	46.89399
	15.6067818	46.8941994
	15.606951	46.894422
	15.6071261	46.8948834
	15.607153	46.895144
	15.6070197	46.8955916
	15.606812	46.89599
	15.6065582	46.8959821
	15.6058945	46.8960694
	15.6054792	46.8961398
	15.605364	46.896191
	15.6054295	46.8962756
	15.6058803	46.8965545
	15.606073	46.896724
	15.606221	46.8969596
	15.6063098	46.8975368
	15.6063275	46.8978351
	15.6057702	46.8979055
	15.605498	46.897914
	15.6053103	46.8977456
	15.6053	46.8975613
	15.6052744	46.8974331
	15.604889	46.897173
	15.6045087	46.8969889
	15.6039872	46.8968011
	15.6036557	46.8967028
	15.6034014	46.8966835
	15.6030031	46.8965992
	15.6027847	46.89645
	15.602517	46.896359
	15.6022683	46.8963622
	15.6020525	46.8963973
	15.601576	46.89656
	15.6011224	46.8967625
	15.6011096	46.8969029
	15.600857	46.897014
	15.6005161	46.8969889
	15.5999971	46.8968362
	15.599867	46.896763
	15.5996682	46.8965904
	15.5997864	46.8964517
	15.5994575	46.8961287
	15.5989796	46.8955493
	15.59874	46.895202
	15.599144	46.894625
	15.5987675	46.8944401
	15.5984695	46.8943209
	15.597968	46.894039
	15.5977753	46.8937909
	15.5975965	46.8936166
	15.597199	46.893388
	15.5962475	46.8930038
	15.5959	46.892892
	15.595598	46.8926732
	15.5953377	46.8923443
	15.595217	46.89202
	15.5945357	46.8920047
	15.59383	46.89184
	15.592603	46.8923246
	15.592326	46.892368
	15.59173	46.8926696
	15.5914617	46.8929463
	15.591143	46.893077
	15.590857	46.893046
	15.5905963	46.8929629
	15.5905068	46.8929193
	15.5903494	46.8926552
	15.590318	46.892436
	15.5900286	46.892161
	15.589669	46.891925
	15.5891293	46.8916992
	15.588514	46.8916291
	15.5878698	46.8914674
	15.5872702	46.8911619
	15.586581	46.891035
	15.5862079	46.8910685
	15.584809	46.891354
	15.584284	46.891754
	15.583792	46.891905
	15.5834206	46.8921718
	15.582574	46.892643
	15.5821479	46.8931152
	15.581588	46.893647
	15.5810582	46.8939411
	15.5805228	46.8942041
	15.5797155	46.8946947
	15.578909	46.895078
	15.578244	46.895821
	15.5784214	46.8965736
	15.578476	46.896917
	15.5787268	46.8972768
	15.5788241	46.897345
	15.5789845	46.8975535
	15.5791949	46.8979038
	15.5793001	46.8983584
	15.5794184	46.898565
	15.5796603	46.8988435
	15.579968	46.89926
	15.579684	46.899528
	15.579859	46.900171
	15.579918	46.9002378
	15.5800705	46.9002809
	15.579981	46.900426
	15.5794	46.9003348
	15.578925	46.900168
	15.5785927	46.9000797
	15.5779695	46.9001102
	15.5779248	46.9000689
	15.5778696	46.8999108
	15.5778643	46.8998299
	15.5777329	46.8997509
	15.5775488	46.8996826
	15.5773595	46.8996305
	15.5771089	46.8996583
	15.5769703	46.899688
	15.5765522	46.8997114
	15.575901	46.899651
	15.5754583	46.8995011
	15.5750875	46.8993412
	15.574701	46.8993897
	15.5745274	46.8993287
	15.5742724	46.8991831
	15.5741672	46.8990412
	15.5738779	46.8989837
	15.5735887	46.8989495
	15.5731661	46.8986798
	15.5730181	46.8986207
	15.5729208	46.898592
	15.5727525	46.8985902
	15.5724922	46.8985704
	15.5723291	46.8985219
	15.5721398	46.8981895
	15.572032	46.8981626
	15.5719373	46.8982003
	15.5718532	46.8984159
	15.5717322	46.8984015
	15.5715035	46.8985561
	15.5710906	46.8986513
	15.5710775	46.8988022
	15.57053	46.899106
	15.5704122	46.8992532
	15.570391	46.899557
	15.5704174	46.899706
	15.570303	46.900152
	15.569706	46.900427
	15.5695655	46.9005702
	15.5695234	46.9007247
	15.569273	46.900873
	15.5688949	46.9009996
	15.5685847	46.9011433
	15.5686451	46.9013409
	15.568369	46.90171
	15.5678484	46.9018117
	15.567669	46.901913
	15.5673488	46.9018314
	15.5671384	46.9017344
	15.5670963	46.9016338
	15.566884	46.901549
	15.5663364	46.9015781
	15.5654976	46.9017721
	15.5653319	46.9018404
	15.5649269	46.9019428
	15.564542	46.901805
	15.5644352	46.9015709
	15.5643248	46.9014416
	15.5636174	46.9007139
	15.5630258	46.9000258
	15.5629075	46.8999
	15.562797	46.8998281
	15.562621	46.899735
	15.562047	46.899624
	15.5619766	46.8997994
	15.561988	46.899982
	15.5610825	46.8998551
	15.5606934	46.899785
	15.560396	46.899691
	15.5604751	46.8995173
	15.5607013	46.8993646
	15.560735	46.899301
	15.5607407	46.8990861
	15.560714	46.898968
	15.560051	46.898981
	15.5596389	46.8990951
	15.559398	46.899194
	15.5591288	46.899131
	15.559064	46.899006
	15.558131	46.899268
	15.5579402	46.8993718
	15.557657	46.899672
	15.556822	46.899176
	15.556367	46.898388
	15.5557893	46.89845
	15.555338	46.898474
	15.5548347	46.8982578
	15.554261	46.898054
	15.554511	46.897765
	15.5541747	46.8976954
	15.55331	46.897341
	15.5532149	46.8973684
	15.5529572	46.8976469
	15.5528836	46.8978481
	15.5527626	46.8979595
	15.54997	46.89698
	15.549616	46.897211
	15.549123	46.896762
	15.5488814	46.8966443
	15.5485501	46.8965437
	15.5482898	46.8964484
	15.548241	46.896411
	15.548437	46.896258
	15.549147	46.895904
	15.5496361	46.8957189
	15.5507484	46.8952445
	15.5508273	46.8952391
	15.550966	46.895198
	15.550633	46.894883
	15.5496861	46.8953452
	15.549488	46.895415
	15.5493995	46.8952733
	15.5493074	46.8950289
	15.549101	46.894805
	15.5486343	46.8947306
	15.547999	46.894572
	15.547623	46.894638
	15.5474352	46.8951565
	15.547425	46.895412
	15.546741	46.8956578
	15.546408	46.89571
	15.546045	46.895679
	15.545797	46.8955213
	15.5453447	46.8954009
	15.544222	46.8949197
	15.54421	46.8948459
	15.544203	46.8947239
	15.5441396	46.8942955
	15.5440492	46.8936779
	15.5439444	46.8933268
	15.5439358	46.8932979
	15.5438131	46.8929816
	15.5435607	46.8930375
	15.5432488	46.893099
	15.5428112	46.8931865
	15.5426598	46.8928503
	15.5421988	46.8930121
	15.5421134	46.8930421
	15.5418121	46.8931478
	15.5415575	46.8928349
END
END
