7872435
1
	14.635633	47.716424
	14.6357293	47.7159864
	14.6357438	47.715593
	14.6357057	47.7154505
	14.635756	47.71527
	14.6359433	47.7150883
	14.636116	47.714811
	14.6363102	47.7142755
	14.636316	47.713883
	14.636609	47.7133825
	14.63682	47.713193
	14.637273	47.712846
	14.638198	47.712564
	14.6390016	47.7125063
	14.639745	47.712523
	14.639619	47.712149
	14.640225	47.71229
	14.640243	47.712579
	14.645871	47.712928
	14.6474918	47.7125262
	14.650394	47.711711
	14.651492	47.711693
	14.652314	47.711961
	14.653601	47.712796
	14.655323	47.715422
	14.656453	47.716005
	14.6572843	47.7163259
	14.657782	47.716431
	14.6585656	47.7165172
	14.659411	47.716487
	14.6610126	47.7162678
	14.662361	47.716002
	14.6634019	47.7159675
	14.664282	47.716027
	14.664988	47.716328
	14.666034	47.717186
	14.666531	47.718094
	14.667557	47.719149
	14.668329	47.719461
	14.669521	47.719611
	14.6709824	47.7196349
	14.6725729	47.7195373
	14.672752	47.71948
	14.6733765	47.7189715
	14.673622	47.718825
	14.6740387	47.7179453
	14.674157	47.717657
	14.6741616	47.7174079
	14.6740739	47.7172626
	14.6740688	47.7168153
	14.6736927	47.7158711
	14.673527	47.715199
	14.6735892	47.7147781
	14.6737061	47.7144173
	14.67386	47.713436
	14.674319	47.7127915
	14.67474	47.71242
	14.6756532	47.7119714
	14.67617	47.71174
	14.6771482	47.7114969
	14.677774	47.711409
	14.67889	47.7114728
	14.6796145	47.7114935
	14.680203	47.711402
	14.6808867	47.7111603
	14.68122	47.711018
	14.6816058	47.7107951
	14.681856	47.710587
	14.6825156	47.7096685
	14.682638	47.70915
	14.682562	47.7087767
	14.682416	47.708368
	14.682227	47.7079965
	14.6819429	47.7076344
	14.681608	47.707091
	14.6816085	47.7068231
	14.681671	47.706502
	14.681866	47.706067
	14.682128	47.705632
	14.6824641	47.7052104
	14.683108	47.704596
	14.6837137	47.7042732
	14.684282	47.704016
	14.684796	47.704073
	14.685326	47.704256
	14.6858839	47.7046297
	14.6861725	47.7049281
	14.686612	47.705318
	14.687337	47.705657
	14.6878358	47.7058516
	14.688382	47.705935
	14.688622	47.705775
	14.688983	47.705299
	14.689045	47.704603
	14.6886777	47.7037584
	14.688557	47.70332
	14.688349	47.702929
	14.6878417	47.7025202
	14.687065	47.701967
	14.687587	47.701556
	14.6890031	47.7008234
	14.690276	47.700215
	14.692636	47.698413
	14.694847	47.699403
	14.697841	47.698894
	14.699575	47.6989334
	14.702971	47.698842
	14.705186	47.699746
	14.7075044	47.6993024
	14.7099455	47.6989041
	14.713494	47.698151
	14.722004	47.696871
	14.726109	47.695957
	14.740337	47.69556
	14.743991	47.69864
	14.743774	47.698795
	14.7441069	47.6990336
	14.7443832	47.6991126
	14.744611	47.699157
	14.7451438	47.6995935
	14.748013	47.701464
	14.756859	47.704972
	14.758693	47.71103
	14.757446	47.722348
	14.767047	47.726307
	14.76121	47.733102
	14.757923	47.735022
	14.750281	47.736267
	14.740252	47.74144
	14.736062	47.744942
	14.736035	47.746669
	14.7384072	47.7486112
	14.7384321	47.7486367
	14.738461	47.748721
	14.733846	47.751611
	14.7319194	47.7520249
	14.731357	47.752156
	14.7298345	47.7527911
	14.7296198	47.7527935
	14.728161	47.753534
	14.725995	47.755009
	14.724535	47.755276
	14.721686	47.755456
	14.7204815	47.7560869
	14.7203731	47.7562894
	14.7199915	47.7563651
	14.719565	47.756594
	14.7195185	47.7568065
	14.7192377	47.7571138
	14.719088	47.7573936
	14.7186669	47.7577033
	14.7186822	47.7577857
	14.7184533	47.7577967
	14.718265	47.757916
	14.718182	47.7581156
	14.7179768	47.7583304
	14.717684	47.758562
	14.7174968	47.7586178
	14.7173787	47.7587846
	14.717221	47.7588243
	14.7166346	47.759299
	14.716301	47.759387
	14.7160872	47.7597045
	14.7157409	47.760012
	14.715652	47.760283
	14.7150626	47.7605073
	14.7149006	47.7607117
	14.714662	47.760781
	14.713969	47.76074
	14.7132636	47.7610621
	14.7131864	47.761141
	14.713041	47.761186
	14.7129184	47.7611939
	14.7128273	47.7611194
	14.7128082	47.7610392
	14.712647	47.760972
	14.7123716	47.761076
	14.7121905	47.7611445
	14.7114789	47.7611775
	14.711343	47.761229
	14.7109062	47.7611165
	14.710034	47.760972
	14.7094447	47.7609382
	14.7090746	47.7609652
	14.7086985	47.7609497
	14.7075256	47.7607792
	14.7072228	47.7606998
	14.7068137	47.7606706
	14.706249	47.760661
	14.7057942	47.7608495
	14.7055979	47.7609826
	14.705209	47.7610686
	14.7047895	47.761193
	14.7043557	47.7613457
	14.703871	47.761471
	14.7037584	47.7617324
	14.703385	47.76236
	14.7032043	47.762558
	14.7028298	47.7627098
	14.702661	47.762923
	14.7027958	47.763018
	14.7029039	47.763265
	14.702927	47.763477
	14.7028561	47.763636
	14.7026494	47.763865
	14.7024831	47.7639308
	14.702341	47.764068
	14.7022593	47.7642317
	14.7022779	47.7643455
	14.7022352	47.7645144
	14.702143	47.764598
	14.7015333	47.7645963
	14.7012632	47.7647075
	14.7004952	47.7646835
	14.7000827	47.7646356
	14.6997289	47.7646244
	14.6995377	47.7646754
	14.6993816	47.7647522
	14.6991955	47.7647844
	14.69906	47.7647249
	14.698761	47.7647583
	14.698535	47.764723
	14.6982119	47.764996
	14.698093	47.765052
	14.697749	47.765109
	14.6976572	47.765226
	14.6976907	47.7654249
	14.6975824	47.7656082
	14.697388	47.765759
	14.696961	47.765799
	14.696128	47.765258
	14.6958773	47.7651784
	14.695601	47.7651391
	14.695157	47.765124
	14.694986	47.7649194
	14.694924	47.7645714
	14.694947	47.764207
	14.6947476	47.7640344
	14.694491	47.763883
	14.694431	47.7636588
	14.694329	47.763444
	14.69417	47.763264
	14.6938944	47.7631587
	14.693448	47.763047
	14.69333	47.762645
	14.692547	47.762288
	14.6924747	47.7621356
	14.692507	47.761977
	14.6922413	47.7616431
	14.691805	47.761261
	14.690946	47.760823
	14.690524	47.760352
	14.6900759	47.7601926
	14.689252	47.7599932
	14.6890398	47.7599957
	14.688673	47.759889
	14.6884293	47.7594343
	14.688252	47.759234
	14.687711	47.758941
	14.687093	47.757577
	14.6867761	47.7573363
	14.6867871	47.7570792
	14.6867884	47.7568268
	14.6865804	47.7566227
	14.6865098	47.7562573
	14.6865555	47.7556771
	14.6865131	47.755371
	14.686431	47.755031
	14.6862	47.754785
	14.6857111	47.7546934
	14.685519	47.754549
	14.6853026	47.7539971
	14.685241	47.753443
	14.685035	47.753234
	14.6844821	47.7532245
	14.684249	47.753249
	14.684063	47.7527785
	14.684013	47.752312
	14.683817	47.752173
	14.683037	47.752128
	14.6830784	47.7518244
	14.683306	47.751502
	14.682934	47.750935
	14.682048	47.750251
	14.6815953	47.7500566
	14.6812806	47.7499827
	14.6811181	47.7499095
	14.6808016	47.7494659
	14.6804865	47.7491231
	14.679914	47.748637
	14.6790151	47.7482845
	14.6778268	47.747632
	14.67745	47.7475048
	14.6770263	47.7473143
	14.6772275	47.7467162
	14.67712	47.746239
	14.676218	47.745835
	14.6751608	47.7449604
	14.674893	47.744765
	14.6748548	47.7445488
	14.6749447	47.7444786
	14.6750373	47.7443718
	14.674993	47.744205
	14.6748499	47.7441203
	14.6742733	47.7439083
	14.6740114	47.7436535
	14.6739192	47.7435909
	14.6737965	47.7433339
	14.673655	47.743185
	14.673201	47.74301
	14.6730519	47.7430571
	14.6727472	47.7430766
	14.6726271	47.7430357
	14.6725336	47.7429501
	14.672368	47.742621
	14.6715785	47.742271
	14.671359	47.742137
	14.6711983	47.7416788
	14.6711572	47.7415267
	14.6708273	47.7413007
	14.670486	47.7411423
	14.670047	47.741037
	14.6697026	47.7410587
	14.6692657	47.7411849
	14.6689878	47.7411373
	14.6681003	47.7407513
	14.6675005	47.7406891
	14.6672827	47.7406145
	14.666816	47.740196
	14.6661058	47.7400587
	14.6658409	47.7399661
	14.6657337	47.7398736
	14.6655345	47.7396216
	14.663779	47.73906
	14.662439	47.739204
	14.6616297	47.7390963
	14.660875	47.738942
	14.6606454	47.7390038
	14.6604919	47.7391461
	14.6602975	47.7393695
	14.660024	47.739543
	14.6588333	47.7399315
	14.658294	47.739981
	14.657857	47.7399591
	14.6576907	47.7398584
	14.6573739	47.7397636
	14.657072	47.739681
	14.6566978	47.7394424
	14.6563442	47.7392015
	14.655654	47.738909
	14.6552473	47.7388746
	14.6548282	47.7390285
	14.6540038	47.7391076
	14.6536405	47.738814
	14.653286	47.738575
	14.6526768	47.7384489
	14.6526774	47.7383942
	14.6522593	47.7383861
	14.6522979	47.738088
	14.6522545	47.7377456
	14.6520078	47.7372311
	14.651934	47.7370637
	14.6517627	47.7368369
	14.6511253	47.7361257
	14.650786	47.7357649
	14.6498298	47.7347358
	14.6492142	47.7340864
	14.6489084	47.7336507
	14.6486675	47.733146
	14.6484032	47.7327618
	14.6480811	47.7321218
	14.6478918	47.7317518
	14.6476597	47.7314276
	14.6473915	47.7310006
	14.6472668	47.7307468
	14.647178	47.7304263
	14.6469022	47.7294302
	14.646971	47.7290729
	14.6471343	47.7287343
	14.6472837	47.7284551
	14.647431	47.7281757
	14.6475908	47.7279453
	14.6480143	47.7274856
	14.648157	47.7273194
	14.6485261	47.7268227
	14.6485923	47.7265222
	14.6485493	47.7263345
	14.6484166	47.7260546
	14.6482756	47.7259637
	14.6476619	47.7256969
	14.6469559	47.7255336
	14.6467352	47.7255102
	14.6462564	47.725454
	14.6460606	47.7254224
	14.6451876	47.725149
	14.6441225	47.7249169
	14.643655	47.724837
	14.6434153	47.7247478
	14.643164	47.724586
	14.6427669	47.7246006
	14.6417128	47.7249207
	14.641337	47.724922
	14.640414	47.7248622
	14.639886	47.72477
	14.639211	47.724555
	14.638787	47.7243709
	14.6378549	47.7237303
	14.6376382	47.7236226
	14.637358	47.723392
	14.6370567	47.7230108
	14.6368201	47.7226573
	14.6367547	47.7224527
	14.636215	47.721783
	14.6360766	47.7213233
	14.6360501	47.7204463
	14.63593	47.719672
	14.6359224	47.7192415
	14.6359321	47.7190273
	14.6360262	47.7188472
	14.6360112	47.7180327
	14.63599	47.717748
	14.6358156	47.7169748
	14.635633	47.716424
END
END
