7872225
1
	13.185962	47.1447849
	13.1864497	47.1432609
	13.1870914	47.1428175
	13.1893449	47.1420336
	13.1898788	47.1412637
	13.1910466	47.1408727
	13.1920835	47.1391827
	13.1921964	47.1388754
	13.192353	47.138294
	13.1928689	47.1373599
	13.1933232	47.1367977
	13.1945449	47.1356105
	13.1954509	47.1344633
	13.1959078	47.1332481
	13.195723	47.132382
	13.1952636	47.1313902
	13.1948715	47.130211
	13.1965876	47.1295152
	13.1970254	47.1293375
	13.1984892	47.1279327
	13.1990375	47.127406
	13.1990643	47.1273805
	13.2008252	47.1269641
	13.2009386	47.1269373
	13.2042143	47.1266656
	13.205044	47.1265969
	13.2052825	47.1265654
	13.2062226	47.1264414
	13.2064337	47.1263819
	13.2067279	47.1262989
	13.207554	47.1258252
	13.2090657	47.1255594
	13.2101312	47.1253721
	13.2104237	47.1253216
	13.2111322	47.1245724
	13.2121932	47.1234509
	13.2132542	47.1223293
	13.2152137	47.1214041
	13.2153928	47.1209686
	13.2154158	47.1209128
	13.2173131	47.1208509
	13.2174852	47.1208453
	13.2176401	47.1208402
	13.2177246	47.1207799
	13.2178096	47.1207193
	13.2185619	47.120184
	13.2203677	47.1190491
	13.2204618	47.1189621
	13.2212845	47.1182001
	13.222519	47.1170572
	13.2231159	47.1167553
	13.2231827	47.1167215
	13.2238666	47.1163769
	13.2255594	47.1159579
	13.2267233	47.1156711
	13.22738	47.1156943
	13.2279696	47.1157149
	13.2284193	47.1154778
	13.2303233	47.1144741
	13.2312095	47.1140071
	13.2313232	47.113947
	13.2318616	47.1134261
	13.233801	47.1127342
	13.2363984	47.1118077
	13.2389858	47.1115933
	13.2420404	47.1101897
	13.2424809	47.1099872
	13.2430294	47.1097351
	13.2432366	47.1096399
	13.2450572	47.1094274
	13.2465945	47.109248
	13.248411	47.1092572
	13.2502184	47.1088642
	13.2502771	47.1088591
	13.25231	47.1086872
	13.2531689	47.1084225
	13.2540057	47.1085501
	13.2543848	47.108608
	13.2556211	47.1089257
	13.256806	47.1092301
	13.2573972	47.1092471
	13.2581214	47.109268
	13.2583597	47.1092749
	13.2585108	47.1092872
	13.2586286	47.1092969
	13.2593779	47.1092544
	13.2619094	47.1094326
	13.2626509	47.1094462
	13.2646446	47.1089584
	13.2686941	47.1055054
	13.2699192	47.1021298
	13.2714427	47.0996211
	13.274289	47.0975352
	13.2773075	47.0951555
	13.2842512	47.0947511
	13.2901456	47.0944064
	13.2968205	47.091208
	13.2999338	47.0877595
	13.3017519	47.0870957
	13.3028438	47.086732
	13.304651	47.0864901
	13.3100625	47.0861006
	13.3101324	47.0862079
	13.3110009	47.0875354
	13.311376	47.0881085
	13.312227	47.0883504
	13.3144685	47.0889875
	13.315366	47.0892317
	13.3159635	47.0893943
	13.316159	47.0894339
	13.3196081	47.090134
	13.3211906	47.0904551
	13.3235903	47.0908552
	13.3243898	47.091931
	13.3244672	47.092035
	13.3252193	47.0930468
	13.3287535	47.0942732
	13.332604	47.095609
	13.336006	47.095588
	13.3383065	47.0955737
	13.3395677	47.0953992
	13.3408536	47.0955662
	13.344191	47.0959998
	13.3457287	47.0956812
	13.3463116	47.0955604
	13.3480355	47.0958846
	13.349086	47.0960822
	13.3501159	47.0962759
	13.3514784	47.0965321
	13.3528047	47.0967815
	13.3545193	47.097104
	13.3534515	47.0985518
	13.3521655	47.1003007
	13.3519243	47.1004122
	13.3517814	47.1005318
	13.3517516	47.1006047
	13.3517874	47.1006777
	13.3519511	47.1007749
	13.3519868	47.10086
	13.3519332	47.1009796
	13.3518112	47.1011275
	13.3517129	47.1012187
	13.3516504	47.1012876
	13.3518677	47.10162
	13.3519898	47.1017598
	13.3520583	47.1018307
	13.3520672	47.1019118
	13.3519868	47.1020516
	13.3518707	47.1021286
	13.3516474	47.1022462
	13.3514777	47.1023232
	13.3513646	47.1024002
	13.351311	47.1024873
	13.3513557	47.1025947
	13.3514539	47.1027872
	13.351573	47.1029392
	13.3517427	47.1031419
	13.3517874	47.103229
	13.3517963	47.1033709
	13.3517457	47.1035451
	13.3515451	47.1039361
	13.3514707	47.1039885
	13.3513834	47.1041178
	13.3515374	47.1043676
	13.3515117	47.1044794
	13.3515143	47.104752
	13.351581	47.1048847
	13.3515759	47.1049773
	13.3515246	47.1051188
	13.3514142	47.1053145
	13.3512576	47.105449
	13.3511344	47.1055486
	13.3509727	47.1056604
	13.3506801	47.1057809
	13.350462	47.1058665
	13.3503567	47.1059224
	13.35029	47.1059784
	13.3502669	47.1063085
	13.3503542	47.1064588
	13.3501925	47.1065566
	13.3501052	47.1065566
	13.3499897	47.1065811
	13.3499127	47.1066387
	13.3497099	47.1069829
	13.3496791	47.1070912
	13.3496997	47.1072204
	13.3496381	47.107472
	13.3495996	47.1075227
	13.3493147	47.1077323
	13.3491864	47.1078109
	13.3490837	47.1078616
	13.3488091	47.1080694
	13.348786	47.1081446
	13.3488142	47.1083891
	13.3488707	47.1085044
	13.3488681	47.1086774
	13.3487577	47.1090372
	13.3486628	47.10917
	13.3484728	47.109322
	13.3482418	47.109722
	13.3482778	47.1097692
	13.3482008	47.1099019
	13.3480339	47.1100452
	13.3478517	47.1101762
	13.3476464	47.1103124
	13.3474898	47.110384
	13.3473692	47.1104557
	13.3472408	47.110564
	13.3471536	47.11066
	13.3470663	47.1108627
	13.3470582	47.1109323
	13.3468723	47.1109753
	13.3467711	47.1109762
	13.3461705	47.1110111
	13.3455776	47.1110111
	13.3449822	47.1110373
	13.3445099	47.1111614
	13.3443867	47.1111998
	13.3440402	47.1113535
	13.3438529	47.1114618
	13.343627	47.1117273
	13.3433395	47.1120383
	13.3430803	47.112323
	13.3429391	47.1128051
	13.3428801	47.1128819
	13.34278	47.1129483
	13.3427081	47.1129868
	13.342531	47.1131213
	13.3424925	47.1132086
	13.3424925	47.113268
	13.3423976	47.1134951
	13.3423565	47.1135876
	13.3422744	47.1136365
	13.342105	47.1138426
	13.3419972	47.1140103
	13.3418663	47.1142461
	13.3416173	47.1145378
	13.3414453	47.1147282
	13.3413093	47.1148418
	13.3411887	47.1149291
	13.3411245	47.114964
	13.3409628	47.1149937
	13.3408524	47.1150129
	13.3407806	47.1150409
	13.3405085	47.115233
	13.3403879	47.1153745
	13.3402852	47.1154479
	13.3401928	47.1155003
	13.3400465	47.1155422
	13.3399285	47.1155701
	13.3398361	47.1155754
	13.3397873	47.115626
	13.3395589	47.1160539
	13.3394562	47.1162531
	13.3393125	47.1166426
	13.3392765	47.1168277
	13.3391944	47.1170565
	13.3388659	47.1175403
	13.3388633	47.1176102
	13.338658	47.1179927
	13.3383089	47.1185813
	13.337947	47.1191367
	13.3377083	47.119341
	13.3376364	47.1194371
	13.3374876	47.1197567
	13.3373618	47.1201479
	13.3373823	47.1202772
	13.337041	47.1204483
	13.3365302	47.1207103
	13.3359476	47.1210124
	13.335868	47.121098
	13.3358244	47.1211714
	13.3348362	47.121718
	13.3347053	47.1219433
	13.3344641	47.1220795
	13.3342844	47.1222
	13.3339379	47.1225982
	13.3338506	47.1227519
	13.3338147	47.1228445
	13.3332423	47.12333
	13.333055	47.1234644
	13.3329728	47.1236094
	13.3329266	47.1237054
	13.3329035	47.1237963
	13.3329241	47.1239377
	13.3329369	47.1241385
	13.3329292	47.1242468
	13.3328214	47.1244511
	13.3327316	47.1248441
	13.332575	47.1250729
	13.3337582	47.126524
	13.334903	47.1279281
	13.3357833	47.1290666
	13.3357705	47.1291923
	13.3357166	47.1292692
	13.3357448	47.1294927
	13.3358244	47.1296271
	13.3359142	47.1297511
	13.3358962	47.1298856
	13.3358629	47.1299275
	13.3358346	47.1299886
	13.3358603	47.1301562
	13.3359399	47.1304897
	13.3359399	47.1305753
	13.3358706	47.1306556
	13.3358064	47.1307656
	13.3357807	47.1308302
	13.3357705	47.1309088
	13.3357628	47.1309926
	13.3357166	47.1311428
	13.3355215	47.1314222
	13.3354497	47.1314781
	13.3353624	47.1315933
	13.3353675	47.1316701
	13.3354574	47.1317295
	13.33556	47.1317557
	13.3356088	47.1318762
	13.3355908	47.1319373
	13.3354625	47.1320683
	13.3354189	47.1321905
	13.3354574	47.132318
	13.3354984	47.1326462
	13.3354753	47.1330775
	13.335424	47.1331578
	13.3353573	47.1332364
	13.3351109	47.1334023
	13.335039	47.1334547
	13.3349825	47.1335262
	13.33498	47.1337113
	13.3349363	47.1339401
	13.3347798	47.1341898
	13.3341022	47.1344482
	13.3354009	47.1350523
	13.3355215	47.1353404
	13.3355251	47.1354244
	13.3355446	47.1358939
	13.3355138	47.1359515
	13.3352957	47.1361854
	13.3348747	47.1365504
	13.3346155	47.1368297
	13.3346052	47.1368803
	13.3350056	47.1371387
	13.3352546	47.1373308
	13.3355036	47.1375473
	13.335673	47.1377394
	13.3358372	47.1378738
	13.335927	47.1379174
	13.3360117	47.1380152
	13.3362479	47.1383679
	13.3363813	47.1386368
	13.3365045	47.1387433
	13.3367253	47.1388498
	13.3369922	47.1393229
	13.3371975	47.1394626
	13.3372027	47.1395289
	13.3371693	47.1396092
	13.3371616	47.1396895
	13.3372052	47.1397576
	13.3372797	47.1398117
	13.33739	47.1399985
	13.3374696	47.140243
	13.3374593	47.1403145
	13.3372694	47.1405642
	13.3371796	47.1406462
	13.3369178	47.1410268
	13.3367971	47.1412852
	13.3366996	47.1415279
	13.3366406	47.1417758
	13.3366534	47.1419643
	13.3366406	47.1422332
	13.3365482	47.1424462
	13.3364455	47.1426295
	13.3361632	47.1430275
	13.3360902	47.143164
	13.3358708	47.1432097
	13.3355722	47.143289
	13.3352811	47.1434143
	13.3349808	47.1435033
	13.3344393	47.1436382
	13.3340693	47.1435832
	13.3336654	47.1436382
	13.3334283	47.1437091
	13.3330088	47.143725
	13.3325788	47.1437676
	13.3321228	47.1438633
	13.331758	47.1439962
	13.3314583	47.1441203
	13.3313515	47.1441876
	13.3306818	47.1445279
	13.330489	47.1445864
	13.3301425	47.1447795
	13.3295718	47.1451358
	13.3294728	47.1452616
	13.3294363	47.1453892
	13.3294233	47.1454796
	13.3293738	47.1455647
	13.3292982	47.1456214
	13.3286337	47.1463834
	13.3284253	47.1467113
	13.3279172	47.1470516
	13.3274716	47.147266
	13.3272527	47.1474255
	13.3264215	47.149024
	13.3262182	47.1492508
	13.3261296	47.1493111
	13.3260853	47.149389
	13.3260749	47.1494865
	13.3260567	47.1495645
	13.3256945	47.1499012
	13.325202	47.1502716
	13.3249701	47.1506791
	13.3248424	47.1511487
	13.3247225	47.1514571
	13.3247069	47.1515563
	13.3247434	47.1516201
	13.3246991	47.1517016
	13.3243577	47.1519834
	13.3240737	47.1521517
	13.3238574	47.1522279
	13.3237141	47.1523147
	13.3236151	47.1523927
	13.3234588	47.1525345
	13.3231852	47.1528747
	13.3231539	47.1529261
	13.3229767	47.1530306
	13.3228386	47.1530944
	13.3227604	47.1535162
	13.3227552	47.1535924
	13.3228516	47.1536632
	13.3228855	47.1537394
	13.322849	47.153844
	13.3226666	47.1542214
	13.3224556	47.1544287
	13.3222679	47.1548717
	13.3223305	47.1549018
	13.322406	47.154916
	13.3224347	47.1549922
	13.3224399	47.1550649
	13.3213533	47.155639
	13.3192974	47.1570689
	13.3177963	47.1589981
	13.3177557	47.1591754
	13.3179585	47.1594861
	13.3179756	47.1595808
	13.3179145	47.1596938
	13.3179145	47.1597753
	13.3179683	47.1599514
	13.3180978	47.1601242
	13.3181393	47.1602438
	13.3182029	47.1605197
	13.3182273	47.1607307
	13.3184644	47.1610248
	13.3184595	47.1612043
	13.3182762	47.1617642
	13.3182322	47.1618307
	13.3181687	47.1618955
	13.3181027	47.1620002
	13.3180929	47.1621165
	13.3180929	47.1622793
	13.31811	47.1623392
	13.3181271	47.162605
	13.3180953	47.1628044
	13.3180831	47.1630636
	13.3180978	47.1631483
	13.318132	47.1632414
	13.3181393	47.163361
	13.3181149	47.1635222
	13.3180538	47.1637648
	13.3179658	47.1638479
	13.3179218	47.1638711
	13.3178485	47.1639542
	13.3176261	47.164436
	13.3175406	47.1646952
	13.3175357	47.1647434
	13.3174844	47.1648199
	13.3172693	47.1650408
	13.3171349	47.165192
	13.3170103	47.1653997
	13.3168026	47.1659297
	13.3167415	47.1661208
	13.3166022	47.16639
	13.316392	47.166709
	13.316111	47.1670961
	13.3160255	47.1671492
	13.3156393	47.1675347
	13.3155734	47.1677606
	13.3153119	47.1683421
	13.3151481	47.1685166
	13.3142513	47.1692426
	13.3139873	47.1695068
	13.3135768	47.1698374
	13.3132737	47.1700351
	13.3129194	47.1702876
	13.3125235	47.1706232
	13.3123231	47.1708641
	13.3121814	47.1709688
	13.3116364	47.1712528
	13.3112845	47.1713824
	13.310979	47.1714406
	13.310676	47.1715253
	13.3102825	47.1716565
	13.3099575	47.1717795
	13.3095812	47.1719838
	13.3094785	47.1721599
	13.3091926	47.1724589
	13.3090631	47.172532
	13.3088847	47.1726085
	13.308457	47.1727397
	13.3077752	47.1729573
	13.3076726	47.1730055
	13.307504	47.1731334
	13.3072889	47.1733228
	13.3068148	47.1736899
	13.3067513	47.1739042
	13.3068197	47.1739906
	13.3072131	47.1742697
	13.3075406	47.1745338
	13.3075675	47.1746069
	13.3075699	47.1747066
	13.3075333	47.1748378
	13.3074429	47.1750621
	13.307306	47.1753113
	13.3071887	47.1754923
	13.3071007	47.1756867
	13.3070714	47.1758129
	13.3071154	47.1773728
	13.3072156	47.1775389
	13.307328	47.1778478
	13.3073671	47.1780023
	13.3074526	47.178489
	13.3074258	47.1785704
	13.3073329	47.1787
	13.3072205	47.1789292
	13.3071936	47.1790571
	13.307218	47.1792182
	13.3072645	47.1794342
	13.3072449	47.1795106
	13.3072083	47.179572
	13.3070787	47.1796601
	13.3069712	47.1797996
	13.3068979	47.1801019
	13.3067708	47.1805006
	13.3066657	47.1806484
	13.3063358	47.1809324
	13.3062918	47.1810985
	13.3060988	47.1812646
	13.3059155	47.1813576
	13.3056565	47.1814689
	13.305175	47.181728
	13.3049893	47.1819074
	13.3046447	47.1823409
	13.3045372	47.1825834
	13.3043539	47.1829787
	13.3040411	47.1835999
	13.3038334	47.1840085
	13.3038065	47.1841281
	13.3038114	47.1841962
	13.3038676	47.1842809
	13.303914	47.1843473
	13.3039556	47.1845168
	13.3039751	47.1846579
	13.3039605	47.184746
	13.3038871	47.1849453
	13.3037821	47.1850416
	13.303699	47.1850964
	13.3036281	47.1851961
	13.3032933	47.1856844
	13.3032982	47.1857408
	13.3035132	47.1859435
	13.3036843	47.1861162
	13.3038432	47.1863055
	13.3039629	47.1865048
	13.304112	47.1867656
	13.3041144	47.1869084
	13.3042293	47.187297
	13.304305	47.1874299
	13.3044052	47.1875561
	13.3044517	47.1876176
	13.3043026	47.1883898
	13.3042391	47.1886938
	13.3040411	47.1897516
	13.3037259	47.1904076
	13.3035597	47.19067
	13.3034204	47.1909905
	13.3032811	47.1914007
	13.3032493	47.1915984
	13.303242	47.192168
	13.3033153	47.1923257
	13.3034741	47.1928389
	13.3035719	47.1933088
	13.3035426	47.1933736
	13.3040875	47.1935546
	13.3044737	47.1936874
	13.3046447	47.1937738
	13.3049062	47.1940196
	13.3049209	47.1941723
	13.3049404	47.194262
	13.3050088	47.1943882
	13.3050748	47.1945174
	13.305153	47.1945774
	13.3053169	47.1948395
	13.305332	47.1949337
	13.305327	47.1950091
	13.3054908	47.1952301
	13.3056875	47.1954819
	13.3059093	47.1957954
	13.3059093	47.1958913
	13.3060152	47.1962151
	13.3061942	47.1966108
	13.3063808	47.1967718
	13.3066077	47.1969945
	13.3068371	47.1972206
	13.3069052	47.1973046
	13.3069329	47.1973714
	13.3069455	47.1974742
	13.3061614	47.1976335
	13.3060808	47.1976815
	13.3060782	47.1977397
	13.3059673	47.1979059
	13.3058312	47.1980806
	13.305637	47.1983358
	13.3054707	47.198526
	13.3054328	47.198615
	13.305448	47.1987298
	13.3054782	47.199045
	13.3055286	47.1996788
	13.3055488	47.199994
	13.3054959	47.200256
	13.3054253	47.2004119
	13.3052816	47.2006911
	13.3052765	47.2007768
	13.3052967	47.2008487
	13.3046513	47.2008436
	13.3038471	47.200972
	13.3028689	47.2011228
	13.3009049	47.2014294
	13.2994301	47.2021402
	13.2966594	47.2034711
	13.2928954	47.2033358
	13.2917275	47.2032944
	13.2897926	47.2029453
	13.2893418	47.2026063
	13.2866909	47.2030073
	13.284173	47.2019364
	13.2826499	47.2008371
	13.2782201	47.2012604
	13.2728097	47.2027813
	13.2680601	47.2039771
	13.2667952	47.2025206
	13.2655776	47.2018285
	13.2638318	47.2013183
	13.2622352	47.1991021
	13.261714	47.1987013
	13.2610981	47.1985613
	13.2603732	47.198051
	13.2599966	47.1976712
	13.2594991	47.1975183
	13.2585824	47.1969324
	13.2583147	47.1963159
	13.2573245	47.1948608
	13.2568887	47.1947192
	13.2550907	47.1928568
	13.2542924	47.1926346
	13.2535794	47.1922113
	13.2528214	47.1914289
	13.2508268	47.1902265
	13.2500688	47.1888726
	13.2494624	47.1883269
	13.2483703	47.1871307
	13.2470698	47.1875525
	13.2464089	47.1870148
	13.2450895	47.1866478
	13.2408398	47.1867234
	13.2389755	47.1870502
	13.2368506	47.187076
	13.2367346	47.1870712
	13.2364953	47.1870358
	13.2360002	47.1871002
	13.2356615	47.1870502
	13.2349935	47.1866687
	13.2343278	47.1867846
	13.233141	47.1868072
	13.2325441	47.1869343
	13.2325725	47.187398
	13.2322574	47.1875123
	13.2319187	47.1877312
	13.2316439	47.1878117
	13.2304429	47.188607
	13.2301918	47.1886907
	13.2303908	47.1890545
	13.230296	47.1893427
	13.2300023	47.1896936
	13.2294362	47.1897258
	13.22905	47.1899029
	13.2284318	47.1900574
	13.2279083	47.1900687
	13.2268233	47.1901669
	13.2265272	47.1903279
	13.2261672	47.1903295
	13.2254873	47.1905565
	13.2252954	47.1910201
	13.2255678	47.1913324
	13.2250277	47.1916253
	13.2246535	47.1915626
	13.2244308	47.1913195
	13.2245019	47.1912535
	13.2241181	47.1908398
	13.2236325	47.1906418
	13.2232795	47.1902377
	13.2229574	47.1896051
	13.2228934	47.1895165
	13.2227323	47.1894022
	13.2220572	47.1894537
	13.2204322	47.1895761
	13.2191175	47.1896775
	13.2189517	47.1895069
	13.2185134	47.1892396
	13.2183973	47.1892123
	13.2180183	47.1892622
	13.2170329	47.1890207
	13.2166986	47.1887832
	13.2167621	47.1886537
	13.2169136	47.1885773
	13.2171798	47.188483
	13.2172045	47.1883913
	13.2169613	47.1880044
	13.216684	47.1877388
	13.2175639	47.187319
	13.2180127	47.1870431
	13.2194372	47.1859276
	13.2206247	47.1849663
	13.221434	47.1843254
	13.2218022	47.1839622
	13.2215072	47.1838936
	13.2212071	47.1838131
	13.2209399	47.1837188
	13.2206903	47.1835406
	13.2205819	47.1833247
	13.2203726	47.1831619
	13.2201482	47.1830574
	13.2198885	47.1830094
	13.2194422	47.1826341
	13.2192859	47.1826187
	13.2189682	47.1825262
	13.2184362	47.1822177
	13.2182219	47.1821817
	13.2179219	47.182168
	13.2175967	47.1821869
	13.2174328	47.1822828
	13.2173344	47.182336
	13.2165276	47.1825707
	13.2158368	47.1826855
	13.2155015	47.1823651
	13.2151964	47.18212
	13.2149846	47.1819641
	13.2149014	47.1819504
	13.2146367	47.1818647
	13.2141501	47.181594
	13.2139837	47.1815323
	13.2137214	47.1815031
	13.2125591	47.1807868
	13.2096723	47.1789669
	13.2063164	47.1768161
	13.2036439	47.1751022
	13.2021059	47.1741116
	13.2023429	47.1738477
	13.2026354	47.1734552
	13.2027236	47.1731261
	13.2030791	47.172833
	13.2032531	47.1723874
	13.2033237	47.1718098
	13.2032833	47.1713522
	13.2029405	47.1710282
	13.2027287	47.1704832
	13.2024791	47.1693108
	13.2019067	47.1689645
	13.2014302	47.1684417
	13.2013394	47.1680423
	13.2013647	47.1674681
	13.2016193	47.1664448
	13.2009537	47.1657625
	13.1997662	47.1651043
	13.1990047	47.1644958
	13.1984324	47.1638958
	13.1979508	47.1636729
	13.1968415	47.1628912
	13.1958657	47.161525
	13.1955506	47.1605118
	13.1953943	47.1595278
	13.1951068	47.1591317
	13.1949934	47.1579728
	13.1943656	47.1562789
	13.1946555	47.1549588
	13.1947438	47.1546433
	13.1935588	47.1529099
	13.1924797	47.1524607
	13.1909971	47.1517234
	13.190213	47.1501562
	13.1882969	47.1485615
	13.1874119	47.1477059
	13.1869681	47.1468519
	13.1861432	47.1461641
	13.185962	47.1447849
END
END
