7872432
1
	14.3380727	47.5730446
	14.338084	47.572979
	14.34041	47.573228
	14.3413841	47.5731949
	14.342092	47.573079
	14.342642	47.572839
	14.342758	47.572105
	14.3432952	47.5710352
	14.3435337	47.5706469
	14.344181	47.569597
	14.345606	47.567922
	14.347769	47.566006
	14.351991	47.562963
	14.362385	47.557507
	14.363227	47.556932
	14.362943	47.556617
	14.36267	47.554796
	14.364845	47.553007
	14.367062	47.552493
	14.3683094	47.5523905
	14.3690341	47.5521675
	14.3695994	47.5521237
	14.372317	47.551468
	14.374215	47.551545
	14.375542	47.551192
	14.377319	47.551004
	14.379211	47.550986
	14.380092	47.551379
	14.384546	47.551653
	14.385697	47.551051
	14.386878	47.550952
	14.388447	47.5509471
	14.389624	47.55103
	14.391402	47.551323
	14.3935743	47.5511978
	14.394836	47.5512
	14.396349	47.55133
	14.39951	47.550934
	14.401335	47.550984
	14.403595	47.55082
	14.4043613	47.5499688
	14.404626	47.549368
	14.4061332	47.5480284
	14.4074614	47.5471134
	14.407906	47.546603
	14.4092322	47.5463114
	14.411606	47.545575
	14.4130099	47.5444531
	14.41457	47.543376
	14.415308	47.542669
	14.415972	47.541546
	14.416197	47.540643
	14.416479	47.540759
	14.417696	47.540602
	14.418008	47.540682
	14.419533	47.541556
	14.4231631	47.5427968
	14.424117	47.543188
	14.425299	47.545706
	14.4258351	47.5460203
	14.426665	47.546696
	14.4272991	47.5473072
	14.427423	47.547592
	14.4282384	47.5480433
	14.428833	47.548463
	14.4317097	47.5497693
	14.4332825	47.5505879
	14.433871	47.550744
	14.4345475	47.550383
	14.435134	47.549922
	14.435488	47.549502
	14.4356069	47.5490777
	14.4355629	47.54856
	14.435543	47.548095
	14.4354524	47.5476591
	14.435304	47.547342
	14.435685	47.546438
	14.4361182	47.5459417
	14.436597	47.54567
	14.4366846	47.5451219
	14.4374351	47.544552
	14.439203	47.543231
	14.4399489	47.5429956
	14.4414311	47.5423597
	14.443756	47.541184
	14.4445001	47.5405621
	14.4452286	47.5396788
	14.445723	47.539268
	14.446347	47.538941
	14.4476951	47.53772
	14.449095	47.536561
	14.4499814	47.536045
	14.450508	47.535809
	14.451447	47.534998
	14.454083	47.535107
	14.455697	47.534958
	14.4571426	47.5339506
	14.457759	47.533521
	14.458911	47.533336
	14.458137	47.534736
	14.463431	47.531894
	14.46587	47.530219
	14.4665704	47.5296575
	14.467198	47.528943
	14.4674051	47.5287382
	14.467592	47.528019
	14.4677317	47.526993
	14.467664	47.526398
	14.4667808	47.5253704
	14.4659958	47.5244519
	14.4655581	47.5240065
	14.4649471	47.5233126
	14.464171	47.522459
	14.463796	47.521831
	14.475227	47.521688
	14.479505	47.5209412
	14.480511	47.520837
	14.482397	47.520938
	14.487518	47.522252
	14.49011	47.523049
	14.4909599	47.5234805
	14.4911858	47.5235336
	14.4914328	47.5236394
	14.4917523	47.5238172
	14.4920795	47.5240789
	14.492562	47.524333
	14.495879	47.525689
	14.499664	47.526996
	14.5043992	47.5276529
	14.5057896	47.5278958
	14.508416	47.528355
	14.509783	47.528893
	14.509743	47.529077
	14.511319	47.5299385
	14.511582	47.53002
	14.513768	47.532081
	14.515249	47.532806
	14.5156886	47.5331538
	14.515997	47.533534
	14.515679	47.535247
	14.5201392	47.5452892
	14.5210006	47.5472265
	14.5301192	47.5496168
	14.545049	47.54862
	14.554383	47.54609
	14.5529851	47.5396016
	14.5530006	47.5390943
	14.5528873	47.538575
	14.5527135	47.5378215
	14.5523234	47.5374074
	14.5520788	47.537256
	14.5524697	47.5363835
	14.552669	47.5359423
	14.5526702	47.535231
	14.5518301	47.5349135
	14.5515776	47.5346429
	14.5510109	47.5340372
	14.5506997	47.5332682
	14.5511283	47.5327845
	14.5513485	47.5324009
	14.5517462	47.5314298
	14.5517601	47.5309643
	14.5521201	47.5301034
	14.5521527	47.5298036
	14.552259	47.5289838
	14.5524354	47.5286439
	14.5529003	47.5277476
	14.5532435	47.5270926
	14.5540403	47.5267383
	14.5541525	47.5263047
	14.5545591	47.5260082
	14.5550013	47.5258509
	14.5558663	47.5251499
	14.5562393	47.524198
	14.5564695	47.5237791
	14.5566517	47.5231818
	14.5574484	47.5227977
	14.5587147	47.5227139
	14.5591506	47.5225543
	14.5599256	47.5220142
	14.5601884	47.5217385
	14.5604174	47.5213793
	14.5606357	47.5210852
	14.5609002	47.5208713
	14.5621447	47.5202111
	14.5624985	47.5200872
	14.5630529	47.5197452
	14.563846	47.5193122
	14.5642777	47.5190021
	14.5645413	47.5187787
	14.5646864	47.5183759
	14.566583	47.518724
	14.56732	47.518984
	14.5681094	47.5193939
	14.5690978	47.5200091
	14.5691888	47.5199331
	14.57321	47.515906
	14.5751639	47.5155286
	14.5760066	47.5154505
	14.5783518	47.5150524
	14.580763	47.514638
	14.581381	47.513477
	14.5819968	47.512852
	14.5825131	47.5125182
	14.5823649	47.5123018
	14.5820354	47.5119274
	14.581225	47.511014
	14.581182	47.509767
	14.5817086	47.5093654
	14.582104	47.509033
	14.5823441	47.5084226
	14.582639	47.507898
	14.5830976	47.5073088
	14.583387	47.507042
	14.583472	47.506492
	14.5838816	47.5063617
	14.5842178	47.506191
	14.5846916	47.505918
	14.584949	47.505819
	14.5851968	47.5057702
	14.585458	47.505831
	14.586942	47.504998
	14.5868867	47.5042089
	14.586873	47.503885
	14.5872761	47.5032238
	14.587557	47.502877
	14.5879073	47.5025185
	14.5885026	47.5019854
	14.588801	47.501776
	14.589331	47.501515
	14.5895251	47.5015287
	14.5898677	47.5014395
	14.5909239	47.5011527
	14.591216	47.50104
	14.5914555	47.5010061
	14.5915641	47.5010764
	14.5918461	47.501072
	14.592223	47.501129
	14.5930344	47.500814
	14.597745	47.499542
	14.602338	47.498668
	14.6032553	47.4985805
	14.6074612	47.4981791
	14.607711	47.4981552
	14.609484	47.497986
	14.618731	47.499219
	14.620821	47.498425
	14.621907	47.498289
	14.629688	47.495173
	14.6340282	47.4939334
	14.634693	47.49379
	14.6377409	47.4959787
	14.639337	47.496922
	14.6421121	47.4973263
	14.642446	47.497375
	14.645874	47.497008
	14.6463511	47.4967604
	14.648421	47.495686
	14.649813	47.498008
	14.651072	47.4982613
	14.651366	47.498284
	14.654607	47.498371
	14.658912	47.49781
	14.661055	47.497864
	14.663469	47.496863
	14.666211	47.496573
	14.6669475	47.499826
	14.66699	47.500801
	14.669649	47.502577
	14.673664	47.504477
	14.67243	47.505686
	14.672148	47.506528
	14.673095	47.507665
	14.6737039	47.5090958
	14.675067	47.511455
	14.67576	47.512301
	14.678328	47.514678
	14.681555	47.517184
	14.682958	47.517776
	14.683792	47.51796
	14.6837708	47.5182672
	14.683573	47.51876
	14.6833427	47.5220787
	14.6832773	47.524616
	14.683096	47.524817
	14.683111	47.525931
	14.684287	47.526839
	14.685033	47.527745
	14.685113	47.528118
	14.687386	47.530272
	14.6916521	47.5339398
	14.69378	47.535745
	14.698495	47.536919
	14.702207	47.537183
	14.706085	47.537479
	14.707894	47.538605
	14.710102	47.541046
	14.71284	47.54327
	14.7150523	47.5452495
	14.721132	47.550689
	14.723436	47.552003
	14.725387	47.555109
	14.721469	47.559719
	14.72278	47.560563
	14.723547	47.56198
	14.723084	47.563895
	14.7228567	47.5641925
	14.722224	47.5649922
	14.7197208	47.5669723
	14.718778	47.56759
	14.7173306	47.5672062
	14.713589	47.566213
	14.709477	47.567827
	14.711503	47.573036
	14.709964	47.575158
	14.708866	47.577296
	14.709441	47.577744
	14.708861	47.584435
	14.704599	47.59086
	14.7044412	47.5911534
	14.704003	47.591968
	14.7039905	47.592081
	14.704372	47.592228
	14.703996	47.5936616
	14.7037186	47.5951101
	14.703148	47.598029
	14.701916	47.598148
	14.69877	47.599414
	14.6984164	47.603231
	14.698219	47.605362
	14.69763	47.605661
	14.69663	47.609386
	14.698788	47.614922
	14.687686	47.61696
	14.683517	47.618158
	14.682006	47.618009
	14.680786	47.618732
	14.6804857	47.6187827
	14.6776585	47.6193748
	14.675951	47.619548
	14.667515	47.624116
	14.6636637	47.6234269
	14.6623151	47.623196
	14.660663	47.622966
	14.65326	47.624591
	14.651907	47.626612
	14.646554	47.626234
	14.642735	47.626238
	14.637926	47.626373
	14.6372974	47.6266253
	14.636677	47.626813
	14.63613	47.627202
	14.6332523	47.6270917
	14.631643	47.627124
	14.62699	47.629833
	14.621231	47.627513
	14.60481	47.624908
	14.608067	47.621519
	14.60819	47.621151
	14.605465	47.621049
	14.604687	47.618962
	14.603921	47.618495
	14.59727	47.615993
	14.593187	47.616034
	14.594026	47.615032
	14.593066	47.615171
	14.589708	47.614194
	14.584813	47.614845
	14.5841825	47.6147819
	14.5834294	47.6147826
	14.582515	47.614636
	14.581238	47.614753
	14.580293	47.614492
	14.579338	47.614859
	14.577894	47.615899
	14.576618	47.616197
	14.576161	47.616579
	14.574441	47.616824
	14.5739032	47.6170026
	14.573396	47.617341
	14.571962	47.617233
	14.5713643	47.6175048
	14.5712275	47.6177182
	14.570204	47.618327
	14.5703	47.61939
	14.570816	47.619942
	14.569486	47.62071
	14.569706	47.621153
	14.5691895	47.62173
	14.568717	47.622409
	14.569106	47.62335
	14.568497	47.623714
	14.56862	47.624016
	14.568186	47.624447
	14.568699	47.625127
	14.569463	47.625209
	14.569555	47.625856
	14.5699147	47.6259983
	14.570187	47.626106
	14.569084	47.626788
	14.569036	47.627198
	14.5691719	47.6273028
	14.569556	47.627599
	14.569144	47.628002
	14.569661	47.628406
	14.569325	47.628721
	14.569423	47.629685
	14.5702	47.630179
	14.571092	47.63106
	14.5709169	47.6314276
	14.5706706	47.6316015
	14.5705033	47.6317699
	14.570197	47.632247
	14.568985	47.635
	14.5692142	47.6359798
	14.569579	47.636793
	14.56959	47.638988
	14.569346	47.640281
	14.569752	47.640521
	14.569919	47.641786
	14.569709	47.642028
	14.564267	47.643179
	14.56417	47.644609
	14.563768	47.645407
	14.561836	47.65268
	14.559283	47.653809
	14.554372	47.653851
	14.549983	47.653108
	14.543442	47.651361
	14.536766	47.651303
	14.534596	47.650887
	14.532141	47.649558
	14.532023	47.648732
	14.53124	47.647072
	14.527438	47.644385
	14.522333	47.641631
	14.516513	47.638752
	14.5145572	47.6369135
	14.512937	47.635723
	14.505867	47.633884
	14.503624	47.6325109
	14.503243	47.632297
	14.5014515	47.6317868
	14.5013967	47.6317775
	14.501317	47.6317579
	14.5012508	47.6317486
	14.5011897	47.6317289
	14.5011422	47.6317041
	14.5010708	47.6316844
	14.498919	47.631084
	14.4985511	47.6308689
	14.496127	47.629775
	14.49496	47.629625
	14.492252	47.630003
	14.490977	47.631754
	14.489628	47.633775
	14.490039	47.635731
	14.491113	47.637059
	14.491459	47.63899
	14.489384	47.64033
	14.484037	47.642275
	14.480851	47.646136
	14.479388	47.645585
	14.475952	47.648869
	14.47325	47.649391
	14.471147	47.652131
	14.4577744	47.6537622
	14.444233	47.655411
	14.4400998	47.6539188
	14.436665	47.652556
	14.423416	47.652919
	14.4208505	47.6565733
	14.4175058	47.6558023
	14.4131096	47.6548971
	14.4033607	47.6535249
	14.3974702	47.6526523
	14.3926278	47.6483914
	14.392731	47.6451165
	14.3949798	47.6378413
	14.3915377	47.6359426
	14.398801	47.635119
	14.3992871	47.6348088
	14.400666	47.633944
	14.40234	47.630446
	14.4035897	47.6292112
	14.4051168	47.6276742
	14.4067843	47.6259629
	14.408312	47.62436
	14.4079457	47.6238083
	14.406889	47.621964
	14.4046843	47.6190841
	14.405466	47.616528
	14.404386	47.614605
	14.404786	47.613563
	14.403808	47.611686
	14.40262	47.610836
	14.404742	47.609219
	14.406558	47.606778
	14.407714	47.604852
	14.410811	47.60187
	14.412781	47.600276
	14.412987	47.599829
	14.413538	47.599583
	14.4136901	47.5994518
	14.413842	47.599041
	14.4142742	47.5988084
	14.417819	47.59552
	14.4172673	47.5949613
	14.416932	47.594261
	14.4166399	47.5941279
	14.416374	47.593848
	14.416313	47.593604
	14.416602	47.593158
	14.416446	47.592676
	14.4151896	47.5918019
	14.414338	47.591302
	14.4139096	47.5913128
	14.413332	47.591491
	14.412734	47.590535
	14.412252	47.590133
	14.4116617	47.5900881
	14.411183	47.590115
	14.410842	47.5894949
	14.4106024	47.589295
	14.4105299	47.5890356
	14.4105331	47.5888931
	14.410483	47.588791
	14.4101801	47.5884518
	14.4101002	47.5883595
	14.4099246	47.5882457
	14.408835	47.587973
	14.408228	47.587445
	14.4078989	47.5868231
	14.407395	47.586137
	14.4073633	47.5857742
	14.4072666	47.5854194
	14.4073851	47.5853782
	14.4071744	47.5848897
	14.4069245	47.584411
	14.4066654	47.5841101
	14.4066	47.5840723
	14.406565	47.5839085
	14.4065486	47.5836376
	14.4065813	47.5829998
	14.4066303	47.5827352
	14.406603	47.582554
	14.4067891	47.5822926
	14.406908	47.581918
	14.4068171	47.5817634
	14.406684	47.5816405
	14.4065369	47.5816232
	14.4062847	47.581494
	14.4061096	47.581346
	14.4060933	47.5811412
	14.4057594	47.5808782
	14.40537	47.580609
	14.405722	47.580234
	14.4057197	47.5801584
	14.4050876	47.5792588
	14.405047	47.579273
	14.403002	47.579943
	14.4027648	47.5800142
	14.402592	47.579803
	14.4023137	47.5796999
	14.401557	47.579523
	14.4010131	47.5794466
	14.40019	47.579419
	14.3986279	47.5791641
	14.396871	47.5787545
	14.396008	47.578639
	14.395312	47.578462
	14.3939461	47.5777049
	14.393342	47.577334
	14.3926508	47.5768302
	14.392255	47.57631
	14.391377	47.575778
	14.390803	47.5757507
	14.3903334	47.5756302
	14.389894	47.5756403
	14.389794	47.575631
	14.389351	47.575842
	14.3891275	47.5762345
	14.3889166	47.57634
	14.388748	47.576673
	14.389068	47.577127
	14.391465	47.578776
	14.392307	47.579668
	14.392778	47.581189
	14.392815	47.582086
	14.3923914	47.5828824
	14.392259	47.583292
	14.3920178	47.583356
	14.3917697	47.5832893
	14.391456	47.58342
	14.391635	47.58371
	14.3905799	47.5840992
	14.3894107	47.5846192
	14.3892436	47.5846789
	14.388838	47.584818
	14.3880715	47.5849613
	14.3872967	47.5850841
	14.387045	47.585124
	14.3864941	47.5851359
	14.385852	47.585103
	14.385442	47.585057
	14.385399	47.584802
	14.3858165	47.5848643
	14.38599	47.584861
	14.385867	47.5847228
	14.385593	47.583797
	14.3856097	47.5828932
	14.385771	47.581976
	14.3856234	47.5814091
	14.385385	47.581022
	14.384899	47.580802
	14.383997	47.580618
	14.383169	47.580736
	14.382507	47.5809416
	14.381458	47.581331
	14.3802877	47.581513
	14.379731	47.581555
	14.380242	47.58193
	14.37952	47.581822
	14.3785228	47.5810959
	14.3775822	47.5803641
	14.3773274	47.5802175
	14.376274	47.579304
	14.375793	47.579087
	14.3754817	47.5790083
	14.373975	47.578733
	14.3732332	47.5786895
	14.371573	47.578681
	14.3706572	47.5788109
	14.3695879	47.578815
	14.3692587	47.5788372
	14.368345	47.578899
	14.367423	47.579128
	14.3667749	47.5794582
	14.366459	47.579637
	14.3646788	47.5809172
	14.3644106	47.5811133
	14.3631808	47.5816928
	14.362343	47.581963
	14.3616112	47.5821078
	14.360794	47.582144
	14.3598654	47.5821105
	14.3592342	47.5820067
	14.3587225	47.5819485
	14.3581836	47.581883
	14.357589	47.5817118
	14.3566462	47.5812235
	14.3556943	47.5807386
	14.3547201	47.5801573
	14.354197	47.579779
	14.3538571	47.5793065
	14.352918	47.578001
	14.3525663	47.5776115
	14.3521315	47.577197
	14.35172	47.576955
	14.350516	47.576627
	14.3498513	47.5767309
	14.349193	47.576913
	14.3477193	47.5775228
	14.347364	47.577619
	14.346198	47.577674
	14.3456113	47.5775617
	14.344968	47.577307
	14.3439996	47.5768342
	14.3433496	47.5764686
	14.3409822	47.5752422
	14.340376	47.574964
	14.3400307	47.5748923
	14.339596	47.574802
	14.339602	47.574569
	14.3396584	47.5740045
	14.3396919	47.5739054
	14.3398534	47.5739121
	14.3399146	47.5737116
	14.3399135	47.5735869
	14.339841	47.57347
	14.3397531	47.5733933
	14.339079	47.573158
	14.3389171	47.5731309
	14.338253	47.573128
	14.3380727	47.5730446
END
END
