7872568
1
	11.9511958	47.4679024
	11.9513457	47.4672008
	11.9516911	47.4666634
	11.9533471	47.4640329
	11.953371	47.4639973
	11.9540994	47.4628826
	11.9551976	47.4611398
	11.955216	47.4611105
	11.9555614	47.4604451
	11.9563326	47.4589224
	11.957362	47.4567581
	11.9575928	47.4563373
	11.9581013	47.4554958
	11.95864	47.454618
	11.9592757	47.4534055
	11.9600686	47.4518807
	11.9601455	47.4516137
	11.9602526	47.4515209
	11.9601627	47.4512682
	11.9603236	47.4509002
	11.9608724	47.4505035
	11.9610617	47.4500972
	11.9609386	47.4494605
	11.9607494	47.4487821
	11.9606973	47.4487213
	11.960915	47.4482958
	11.9608629	47.447739
	11.9610806	47.4474735
	11.9613692	47.4472815
	11.9616957	47.4472143
	11.9625379	47.4464464
	11.9625521	47.446296
	11.9627839	47.446072
	11.9624196	47.4457776
	11.9625284	47.4452784
	11.9637065	47.4448432
	11.9647362	47.4446958
	11.965126	47.4446256
	11.9658783	47.4444945
	11.9662473	47.4443953
	11.9663419	47.4443025
	11.9667772	47.4441073
	11.9671605	47.4436465
	11.9675674	47.4422769
	11.9676242	47.4420369
	11.9684302	47.4402359
	11.9684403	47.4401024
	11.9688217	47.4394846
	11.9691496	47.4387944
	11.9694574	47.4380975
	11.969464	47.4378983
	11.968283	47.4373371
	11.9677778	47.4366967
	11.9678298	47.4361021
	11.9683444	47.4361116
	11.9733466	47.4355338
	11.9757523	47.4352693
	11.9762813	47.4356106
	11.9773528	47.4361881
	11.978683	47.4369047
	11.9790289	47.4370388
	11.9792974	47.4370552
	11.9795416	47.436957
	11.9802818	47.4368523
	11.9807171	47.436849
	11.9810098	47.4368687
	11.9815177	47.4368769
	11.9816652	47.436975
	11.98182	47.4372564
	11.9824682	47.437986
	11.9828504	47.4382985
	11.9837501	47.4390249
	11.9846184	47.4397349
	11.9850006	47.4405299
	11.9855769	47.4417406
	11.9868996	47.4426087
	11.9869327	47.442671
	11.9882467	47.4434126
	11.989667	47.4442246
	11.9903997	47.4446881
	11.9917917	47.4455768
	11.9930206	47.4463535
	11.9938926	47.4467771
	11.9940817	47.446857
	11.9945071	47.4471415
	11.9946867	47.4474307
	11.9951641	47.4475698
	11.9957951	47.4477136
	11.9965254	47.4476401
	11.9974967	47.4475858
	12.0005548	47.4474851
	12.0015403	47.4472469
	12.0023013	47.4473892
	12.0028591	47.4475314
	12.0037524	47.4478143
	12.0053949	47.4479534
	12.0079284	47.4479965
	12.0096607	47.4480349
	12.0101499	47.4481579
	12.0106816	47.4482059
	12.0113504	47.4482027
	12.0118231	47.4485143
	12.01205	47.4485143
	12.0125983	47.4486821
	12.0134963	47.4488244
	12.0143968	47.4489027
	12.0150892	47.4491584
	12.0153515	47.449299
	12.015706	47.4493134
	12.0161669	47.4494045
	12.0172824	47.4499671
	12.0176463	47.4500981
	12.0179299	47.450202
	12.0184947	47.450349
	12.018828	47.4503538
	12.0190761	47.4504129
	12.0192345	47.450536
	12.0196291	47.450365
	12.0197828	47.4504401
	12.019856	47.4505232
	12.0201278	47.4505935
	12.0202247	47.4507406
	12.0205626	47.4507486
	12.0206595	47.4507661
	12.0207588	47.4508301
	12.0208746	47.4509691
	12.0210897	47.4510794
	12.0212693	47.4512104
	12.0213	47.4512711
	12.0215103	47.4513287
	12.0215458	47.451431
	12.021619	47.4514949
	12.0216805	47.4516483
	12.0217845	47.4516531
	12.0218388	47.4516771
	12.0219735	47.4516994
	12.0220563	47.4518497
	12.022295	47.451936
	12.0225573	47.4521581
	12.0228551	47.4524122
	12.0230252	47.4524521
	12.0232616	47.4526567
	12.0234104	47.4527158
	12.0235593	47.4527494
	12.0237697	47.4528884
	12.0237909	47.4529571
	12.0239398	47.4530338
	12.0240627	47.4531473
	12.0241549	47.4531553
	12.0243203	47.4533662
	12.0249182	47.4536794
	12.025216	47.4537146
	12.0254453	47.4537546
	12.0255232	47.453729
	12.025743	47.4537018
	12.0259203	47.453729
	12.0259557	47.453681
	12.0261448	47.4536699
	12.0262606	47.4536443
	12.0265749	47.4536155
	12.0266033	47.4535868
	12.02679	47.4535947
	12.0268892	47.4536427
	12.0270121	47.4538105
	12.027031	47.4539128
	12.0269932	47.4539655
	12.0270429	47.4541141
	12.027291	47.4541972
	12.0274304	47.4541621
	12.0278984	47.454178
	12.0284396	47.4537705
	12.0287326	47.4539367
	12.029444	47.4542068
	12.0302428	47.4544289
	12.0306965	47.4544912
	12.031467	47.4545344
	12.0323792	47.4548987
	12.0336483	47.4557632
	12.0337689	47.4558016
	12.0338657	47.4557776
	12.0340903	47.4558144
	12.0342699	47.4558879
	12.0347993	47.4560221
	12.0353381	47.4560381
	12.0356979	47.4561516
	12.0358291	47.4563039
	12.0357589	47.4564269
	12.0357366	47.4565585
	12.0357876	47.4569188
	12.0359057	47.457085
	12.0368853	47.4577775
	12.0371055	47.4578358
	12.037265	47.4579479
	12.0373671	47.4580817
	12.0373161	47.4582112
	12.0370767	47.4583902
	12.0370704	47.4585218
	12.0371597	47.4586513
	12.0378457	47.4591993
	12.0378649	47.4593309
	12.0379447	47.4594323
	12.0378968	47.4595509
	12.0377532	47.4597235
	12.03775	47.4597796
	12.0381936	47.4605066
	12.0381904	47.4607267
	12.0377724	47.4611927
	12.0373065	47.4616069
	12.0372746	47.4617902
	12.0373958	47.4620599
	12.0375458	47.4620966
	12.0376766	47.4620944
	12.037699	47.4621893
	12.0374979	47.4623598
	12.0373703	47.4624525
	12.0373512	47.4627092
	12.0376862	47.462925
	12.0377883	47.4632874
	12.0376734	47.4636778
	12.0373703	47.4640705
	12.0371956	47.4646107
	12.0367957	47.4651272
	12.0362343	47.4655623
	12.03559	47.4662857
	12.03494	47.4666323
	12.0349389	47.4667642
	12.0350736	47.4669274
	12.0355557	47.4675119
	12.0355609	47.4677609
	12.0354858	47.4679692
	12.0350323	47.468183
	12.0348087	47.4683647
	12.0342491	47.4683599
	12.0338715	47.468415
	12.0338236	47.4686183
	12.0330912	47.4690627
	12.0328218	47.4693201
	12.0324853	47.4701689
	12.0322653	47.4704578
	12.032238	47.4705025
	12.0322186	47.4705262
	12.0321704	47.4707933
	12.0320975	47.4713909
	12.0320944	47.4714167
	12.0313918	47.4722074
	12.0313168	47.4724877
	12.0312617	47.4727686
	12.0311322	47.4735884
	12.031143	47.4736973
	12.0311461	47.4737288
	12.0311519	47.473788
	12.0311233	47.4737913
	12.0310721	47.4737752
	12.0309101	47.4737232
	12.030886	47.4737154
	12.0308091	47.4736906
	12.0307209	47.473647
	12.0303916	47.4734837
	12.0300167	47.4733015
	12.0296658	47.4731936
	12.029511	47.4731913
	12.029309	47.4732642
	12.0289559	47.4734588
	12.0287854	47.4735484
	12.0287671	47.4735619
	12.0287043	47.4736293
	12.0284661	47.4737684
	12.0278457	47.4739118
	12.027743	47.4739599
	12.0276296	47.4740671
	12.0275222	47.4741399
	12.0274815	47.474245
	12.0272523	47.4744566
	12.0271246	47.474413
	12.0266882	47.4746051
	12.0264361	47.4747021
	12.0261679	47.4747239
	12.026005	47.474839
	12.0259483	47.4748021
	12.0257772	47.4749234
	12.0256587	47.4750668
	12.0255371	47.4752113
	12.0253435	47.4751754
	12.0252746	47.4752808
	12.0252547	47.475368
	12.0252653	47.4754327
	12.0253099	47.4756847
	12.0252978	47.4757735
	12.0252779	47.4758104
	12.0252106	47.4759353
	12.0251815	47.4760048
	12.0252754	47.4760448
	12.0255587	47.476155
	12.0259994	47.4763264
	12.0261812	47.476397
	12.0272809	47.476867
	12.0278628	47.4770866
	12.0279984	47.4771269
	12.0280611	47.4771171
	12.0281396	47.4771049
	12.0282163	47.4771341
	12.0283069	47.4771686
	12.0285933	47.477268
	12.0286144	47.4772754
	12.0287826	47.4773241
	12.0290458	47.4773911
	12.029081	47.4774001
	12.0291666	47.4774203
	12.0293055	47.4774532
	12.0292991	47.4774815
	12.0292926	47.477512
	12.0292736	47.4775937
	12.0292644	47.477632
	12.0292541	47.4776792
	12.029195	47.4779502
	12.0291196	47.4783076
	12.0290928	47.4784378
	12.0290793	47.4785028
	12.0290608	47.4785922
	12.0290406	47.4786843
	12.029554	47.4787047
	12.030214	47.4787287
	12.0304069	47.4787064
	12.0304867	47.4786406
	12.0305288	47.4787593
	12.0306924	47.4789388
	12.0305906	47.4790115
	12.0302897	47.4792261
	12.029763	47.4796035
	12.0295447	47.4797161
	12.0291993	47.4798901
	12.0287477	47.4801274
	12.0287209	47.4801549
	12.0287154	47.4802066
	12.0286884	47.4803188
	12.0286823	47.4803465
	12.028647	47.4805069
	12.0286327	47.4805596
	12.0286119	47.4806749
	12.0286067	47.4807036
	12.0285822	47.4808096
	12.0285641	47.4809026
	12.0285517	47.4809458
	12.0285374	47.4809954
	12.0284976	47.4811972
	12.0284748	47.4812913
	12.0284389	47.4814476
	12.0284211	47.4815162
	12.0283446	47.4818095
	12.028287	47.4820304
	12.0283429	47.4820418
	12.028335	47.4821148
	12.02832	47.4821698
	12.0282681	47.4821601
	12.0281568	47.4821476
	12.0280301	47.4821333
	12.0279254	47.482118
	12.02769	47.4825339
	12.0276497	47.482735
	12.0276875	47.4829645
	12.0276986	47.482984
	12.0274738	47.48317
	12.0274047	47.4832271
	12.0273816	47.4832463
	12.0270586	47.4835135
	12.0269953	47.4835659
	12.0267263	47.4837884
	12.0264121	47.4840484
	12.0263024	47.4841392
	12.0261132	47.484375
	12.0259076	47.4845648
	12.0257267	47.4847316
	12.0257228	47.4848051
	12.025851	47.4848098
	12.0259122	47.4848122
	12.0262856	47.4848269
	12.0264205	47.4848331
	12.0267022	47.484834
	12.0268931	47.4848303
	12.0270843	47.4848255
	12.0271663	47.4848235
	12.027299	47.484828
	12.0274076	47.4848317
	12.0276961	47.4848575
	12.0276909	47.4848848
	12.0276863	47.4849089
	12.0276802	47.4849405
	12.0276663	47.4850132
	12.0275465	47.4856215
	12.0249349	47.4855892
	12.0239209	47.4857193
	12.0223013	47.4854832
	12.0219118	47.4854264
	12.0212012	47.4853296
	12.0200408	47.4851783
	12.0189648	47.4849829
	12.017944	47.4848104
	12.0169793	47.4847097
	12.0164625	47.4846558
	12.0157495	47.4845377
	12.0143436	47.4843145
	12.0140387	47.484264
	12.0135755	47.4841874
	12.0114761	47.4837689
	12.0081747	47.4831197
	12.0065958	47.4828353
	12.0057862	47.4826634
	12.0054668	47.4825956
	12.00421	47.482236
	12.0026589	47.4820012
	12.0008591	47.4818226
	11.9988141	47.4815622
	11.9975262	47.4813725
	11.997245	47.4813311
	11.9972106	47.4813273
	11.9961336	47.48121
	11.9947028	47.480915
	11.9933602	47.4806692
	11.9919516	47.4805385
	11.9911364	47.4804089
	11.9896058	47.4804398
	11.9892577	47.4804335
	11.9890316	47.4804489
	11.9852713	47.4804015
	11.9832534	47.4798195
	11.9811432	47.4792358
	11.9809978	47.4791734
	11.9745647	47.4764121
	11.9727961	47.4756758
	11.9714767	47.4751826
	11.967902	47.4738461
	11.9645797	47.4727823
	11.9612861	47.4717539
	11.9587815	47.4705898
	11.9586039	47.4705314
	11.9584218	47.4704715
	11.956366	47.4698258
	11.953961	47.4690703
	11.9511958	47.4679024
END
END
