7872091
1
	13.4749588	48.127201
	13.4749877	48.1270572
	13.4750928	48.126703
	13.4751821	48.1264821
	13.4755315	48.1261227
	13.4756287	48.1260841
	13.4758073	48.1260718
	13.4760253	48.126042
	13.4762249	48.1259596
	13.4763405	48.1258106
	13.4767713	48.1249023
	13.4766531	48.1248112
	13.4773991	48.1240397
	13.4777511	48.1242641
	13.4778535	48.1242185
	13.4780033	48.1240081
	13.477956	48.1239204
	13.4780243	48.1237767
	13.4781477	48.1236381
	13.4782843	48.1235207
	13.4782528	48.1233734
	13.4781766	48.1233471
	13.478174	48.1232489
	13.478308	48.1229736
	13.4785523	48.1228017
	13.4786232	48.1228456
	13.4787177	48.1228561
	13.4791118	48.1224756
	13.479209	48.1224265
	13.4792878	48.122309
	13.4793088	48.1222003
	13.4792825	48.1220442
	13.4793114	48.1216725
	13.4793613	48.1213674
	13.4791643	48.1209799
	13.4790093	48.1208115
	13.4788937	48.1206712
	13.4787414	48.1203451
	13.4787309	48.120203
	13.4788044	48.1200435
	13.4804645	48.1201908
	13.4812421	48.120282
	13.4826894	48.1212201
	13.4834197	48.120168
	13.4834683	48.1196457
	13.4834119	48.1193891
	13.4833339	48.1190409
	13.4832345	48.1188812
	13.4831323	48.1187753
	13.4825947	48.1184577
	13.4818339	48.1180485
	13.4811403	48.1176357
	13.4806806	48.1173467
	13.4803957	48.1170829
	13.4800516	48.1168119
	13.4792514	48.1161657
	13.4794302	48.1158736
	13.4796008	48.1149754
	13.4796751	48.1148689
	13.4798484	48.1146999
	13.4803189	48.1144575
	13.4808334	48.1138752
	13.4811277	48.1135592
	13.4815487	48.1129622
	13.4815624	48.1127547
	13.4814414	48.1126426
	13.4811387	48.1125416
	13.4805775	48.1125838
	13.4803656	48.1125618
	13.48014	48.1124773
	13.4797136	48.1122863
	13.4793009	48.1121154
	13.4787122	48.1119115
	13.4775264	48.1116121
	13.4766983	48.1115258
	13.4764369	48.1115037
	13.4759995	48.1114486
	13.4756638	48.1113641
	13.4752044	48.1112153
	13.4752346	48.1110812
	13.4753612	48.1107634
	13.4753832	48.1105283
	13.4753749	48.1102344
	13.4756968	48.1099827
	13.4758839	48.1097788
	13.4755565	48.1094867
	13.4754492	48.1090826
	13.4757601	48.1088603
	13.4761824	48.1075005
	13.4762714	48.1073312
	13.4762918	48.1069967
	13.4764306	48.1062753
	13.4773207	48.1062629
	13.477679	48.1063895
	13.4777394	48.1064889
	13.4778013	48.1067087
	13.4780304	48.1069281
	13.4781744	48.1071792
	13.478628	48.1076203
	13.4788026	48.1077605
	13.4792237	48.1079342
	13.4796161	48.1082514
	13.4798725	48.1083555
	13.479982	48.1084348
	13.4802427	48.108554
	13.4808298	48.1087158
	13.4811911	48.1087124
	13.4814406	48.1087998
	13.4817949	48.1088808
	13.482065	48.1090069
	13.4823665	48.1090373
	13.4826277	48.1091095
	13.48293	48.1090941
	13.4834267	48.1090095
	13.4841799	48.1089515
	13.4845455	48.1088987
	13.485135	48.1089825
	13.4854196	48.108915
	13.4855446	48.1087842
	13.4858552	48.1087427
	13.4860706	48.1086891
	13.4862581	48.1088335
	13.4864638	48.1088763
	13.4867092	48.1088261
	13.4878454	48.1090153
	13.4882644	48.1091102
	13.4890843	48.1092187
	13.4892254	48.1091874
	13.4897404	48.1087817
	13.4898627	48.1086655
	13.4904705	48.1082303
	13.4913886	48.1075794
	13.4919688	48.1073978
	13.4930089	48.1075042
	13.4937337	48.1073751
	13.4948626	48.107266
	13.4964784	48.1069789
	13.4974279	48.106946
	13.498332	48.1071938
	13.4990409	48.1075073
	13.4992153	48.1075777
	13.4996791	48.1079272
	13.500444	48.1085914
	13.501114	48.1090065
	13.5019168	48.1094374
	13.5021925	48.109739
	13.5025525	48.1101434
	13.5028347	48.1103167
	13.5032359	48.1103334
	13.5033744	48.1103906
	13.5038062	48.1104358
	13.5040848	48.1105111
	13.5042281	48.1106515
	13.5053452	48.1110865
	13.5055201	48.111423
	13.505824	48.1118107
	13.5061011	48.1119208
	13.5062046	48.1120865
	13.5065219	48.1121848
	13.5068392	48.1123449
	13.5076948	48.1124076
	13.5078885	48.1123823
	13.5081366	48.1124421
	13.5083498	48.1124255
	13.5088651	48.1125154
	13.509184	48.112531
	13.5094983	48.112572
	13.5096477	48.1126594
	13.5102909	48.1128925
	13.5107767	48.1128895
	13.5110615	48.112911
	13.51133	48.1129101
	13.5122508	48.1129812
	13.5124702	48.1130424
	13.5130738	48.1130629
	13.5136539	48.1129425
	13.513854	48.1128531
	13.5140959	48.1130018
	13.5146484	48.1135233
	13.5149725	48.1139745
	13.5150822	48.1145954
	13.5151208	48.1149564
	13.5152694	48.1152662
	13.5153482	48.1153158
	13.5153767	48.1156559
	13.5158823	48.1154877
	13.5164597	48.1154537
	13.5167564	48.115484
	13.5173985	48.1153758
	13.5176997	48.1152999
	13.5182423	48.1152687
	13.5185819	48.1152265
	13.5185779	48.1150506
	13.518926	48.1149666
	13.5191032	48.1147044
	13.5191535	48.11463
	13.5195204	48.114287
	13.5201636	48.114027
	13.5208339	48.1139932
	13.5212593	48.1138948
	13.5214087	48.1138931
	13.5217601	48.1138291
	13.5219741	48.1138895
	13.5221798	48.114061
	13.5222458	48.1142013
	13.5225347	48.1143051
	13.5225869	48.1144275
	13.5227994	48.1145684
	13.5232841	48.1146314
	13.5237916	48.1145676
	13.5240281	48.1146226
	13.5242477	48.1146139
	13.5246252	48.114448
	13.5249822	48.1143834
	13.5254494	48.1144203
	13.5258054	48.1143737
	13.5261127	48.1142824
	13.5264585	48.1143123
	13.526595	48.1145519
	13.5268402	48.114821
	13.5271191	48.1149471
	13.5267331	48.115265
	13.5263874	48.1155209
	13.5261331	48.1158955
	13.525991	48.1159449
	13.525843	48.116096
	13.525669	48.1164586
	13.525669	48.1166143
	13.5256863	48.1166868
	13.525709	48.1168665
	13.5256394	48.1170141
	13.5253334	48.1172752
	13.525256	48.1174042
	13.5251763	48.1177195
	13.5252094	48.1178066
	13.5252077	48.11796
	13.5248439	48.1182215
	13.5248682	48.1184748
	13.5248195	48.1187049
	13.5247499	48.1188258
	13.5247377	48.1189246
	13.5248247	48.1189478
	13.5248996	48.1190338
	13.5248543	48.1191361
	13.5247412	48.1192825
	13.5246472	48.1193964
	13.5245149	48.119379
	13.5242433	48.1196765
	13.5239822	48.1200913
	13.523876	48.1205213
	13.5238116	48.1207944
	13.5238046	48.1208966
	13.5238795	48.1210489
	13.5237681	48.1212627
	13.5237246	48.1214439
	13.5238255	48.1216043
	13.5239822	48.1219239
	13.5240344	48.12219
	13.5240135	48.1222585
	13.523836	48.1224805
	13.5236514	48.1228779
	13.5236375	48.1229534
	13.5238273	48.1229244
	13.5244992	48.1228988
	13.5250562	48.1228337
	13.5251955	48.1228546
	13.5255645	48.1230138
	13.5255872	48.1230847
	13.5254305	48.1232544
	13.5253992	48.1233648
	13.5257473	48.1236797
	13.5259858	48.123976
	13.5253661	48.1241224
	13.5247359	48.1240654
	13.5245131	48.1241979
	13.5248439	48.1243025
	13.5254966	48.1246476
	13.5258744	48.1247847
	13.5264976	48.1249323
	13.5272983	48.1251716
	13.527737	48.1251821
	13.5285133	48.125318
	13.5289224	48.1253424
	13.5294412	48.1253517
	13.529328	48.1260536
	13.5291818	48.1263859
	13.5292009	48.1266601
	13.5294342	48.1271702
	13.5295735	48.1275989
	13.5289712	48.1275338
	13.5283985	48.1273851
	13.527878	48.1272097
	13.5273147	48.1269548
	13.5266697	48.1266113
	13.5259066	48.1262268
	13.5255521	48.1260099
	13.525301	48.1258144
	13.5249366	48.1255794
	13.5245895	48.125254
	13.5241587	48.125042
	13.5236417	48.1248613
	13.523558	48.1249845
	13.5235063	48.1253181
	13.523627	48.1255761
	13.5237304	48.12577
	13.5238879	48.1258735
	13.5240602	48.125936
	13.524363	48.1261923
	13.5244197	48.1263221
	13.5243877	48.1264585
	13.5244024	48.1266491
	13.5246535	48.1269334
	13.5251779	48.127147
	13.5250105	48.1273327
	13.525136	48.1274231
	13.5253108	48.1274132
	13.525781	48.1277468
	13.5261774	48.1280245
	13.5264802	48.1281773
	13.5272852	48.1283663
	13.5275338	48.128404
	13.5275954	48.1283367
	13.5277308	48.1283432
	13.5284742	48.1284451
	13.5285998	48.1285404
	13.5289346	48.1286587
	13.5293063	48.128593
	13.5295796	48.1286932
	13.5298134	48.1286423
	13.5298159	48.1285684
	13.5304363	48.1284813
	13.5308129	48.1282792
	13.5315711	48.1281871
	13.5319552	48.1282003
	13.5322358	48.1283285
	13.5324968	48.1284895
	13.5325608	48.1286012
	13.5327454	48.1286801
	13.5328882	48.1285059
	13.5332058	48.1285371
	13.5338975	48.128754
	13.534188	48.1287442
	13.5343136	48.1287195
	13.5346487	48.1287169
	13.5348849	48.1289542
	13.5345419	48.1292035
	13.534161	48.1294344
	13.5334905	48.1298086
	13.5330586	48.1300646
	13.5328923	48.1302042
	13.5325368	48.1306744
	13.5324724	48.1308068
	13.5324617	48.1310306
	13.5324256	48.1311029
	13.5320621	48.1312723
	13.5318663	48.13136
	13.5316436	48.1315068
	13.5314371	48.1316554
	13.5309853	48.1317707
	13.53087	48.1319067
	13.5304527	48.1321011
	13.5302101	48.1322916
	13.5297729	48.132723
	13.5296871	48.133047
	13.5296011	48.1333714
	13.5295515	48.1335583
	13.5294415	48.1336997
	13.5293611	48.1337713
	13.5292323	48.1344712
	13.5290514	48.1347136
	13.5287751	48.1350376
	13.528602	48.1353609
	13.5285391	48.1354583
	13.5282843	48.1356498
	13.5279115	48.1359165
	13.5274635	48.1360543
	13.5267501	48.1361922
	13.5261251	48.1362996
	13.5257496	48.1363873
	13.5252519	48.1365459
	13.5244178	48.1368
	13.5239001	48.1369271
	13.52329	48.1370675
	13.5226812	48.137216
	13.5221528	48.1373753
	13.5217799	48.1375239
	13.5215723	48.1374939
	13.521391	48.1374451
	13.5208144	48.1374702
	13.5201815	48.137515
	13.5190952	48.1375794
	13.5186875	48.1376832
	13.518422	48.1377119
	13.5182771	48.1377136
	13.5180518	48.1376975
	13.5175797	48.1377298
	13.517274	48.1377942
	13.517046	48.1379105
	13.5166892	48.1382487
	13.5164666	48.1384277
	13.5162923	48.138494
	13.5160976	48.1384951
	13.5157183	48.1384188
	13.5154527	48.1383723
	13.5153481	48.1383854
	13.5150271	48.1384042
	13.5150272	48.1386522
	13.5150975	48.1388946
	13.5152475	48.1391887
	13.5154889	48.1395719
	13.5156694	48.1396298
	13.515803	48.1396483
	13.5159818	48.1396492
	13.5163649	48.1396933
	13.5163153	48.1397926
	13.5162602	48.1401365
	13.5162712	48.1402947
	13.5164972	48.1407729
	13.5166874	48.1410395
	13.5167535	48.1411168
	13.5166075	48.1412492
	13.5161399	48.1414146
	13.515731	48.1416159
	13.5152853	48.1416028
	13.5146591	48.1416084
	13.5134998	48.1414654
	13.5124816	48.1413148
	13.5113674	48.1411717
	13.5109867	48.1414748
	13.5108795	48.1415218
	13.510022	48.1415877
	13.510211	48.1422088
	13.5102956	48.1425834
	13.5103069	48.1429504
	13.5103774	48.1430991
	13.5105212	48.1432252
	13.5107243	48.1433136
	13.5111361	48.1434661
	13.5114746	48.1435941
	13.5118357	48.143771
	13.5122982	48.1440401
	13.5104564	48.1441907
	13.5096215	48.1442585
	13.5096666	48.1449548
	13.5092576	48.1450753
	13.5085327	48.1452277
	13.508135	48.1451826
	13.5077542	48.1454046
	13.5076047	48.1454536
	13.5072832	48.1455025
	13.5069475	48.1456192
	13.5069024	48.1456305
	13.5067867	48.1456192
	13.5062452	48.1454912
	13.5058559	48.1454216
	13.5056557	48.145399
	13.5052523	48.1453952
	13.5052664	48.14551
	13.5054667	48.1458996
	13.505535	48.1460319
	13.5057053	48.1462188
	13.506002	48.1465835
	13.5061666	48.1466721
	13.5064581	48.1467453
	13.506715	48.1467799
	13.5069402	48.1467742
	13.5072144	48.1468146
	13.507278	48.1469109
	13.5075031	48.1470419
	13.5080112	48.1472749
	13.5082998	48.1473944
	13.5087588	48.1474926
	13.5090533	48.1477353
	13.509238	48.1478759
	13.5094401	48.1479702
	13.5098442	48.1484556
	13.5093628	48.1496586
	13.5090489	48.1494615
	13.5086014	48.1492497
	13.508163	48.1491025
	13.5074948	48.148931
	13.5071622	48.1488442
	13.5070504	48.1488826
	13.5062643	48.1486708
	13.5060889	48.1486486
	13.5059333	48.1489697
	13.5058573	48.1497857
	13.5057149	48.1503265
	13.5053591	48.1512163
	13.5051147	48.1510243
	13.5048393	48.1508612
	13.5046969	48.1508013
	13.5043102	48.1505206
	13.5041771	48.1503781
	13.5037006	48.1502089
	13.5031468	48.1501614
	13.5024846	48.1500912
	13.5019865	48.1500272
	13.5014698	48.1499715
	13.4996783	48.149796
	13.499112	48.1497361
	13.4988181	48.1496969
	13.4980229	48.1495896
	13.4976609	48.1495545
	13.496943	48.1495235
	13.49612	48.1494616
	13.4956435	48.1494038
	13.4954052	48.1493645
	13.495003	48.149346
	13.4942883	48.149379
	13.4942449	48.148962
	13.4930351	48.1489207
	13.4921502	48.1488856
	13.4923575	48.1484376
	13.4927412	48.1474962
	13.4922461	48.1474364
	13.4917665	48.1474095
	13.4918284	48.1467592
	13.4900864	48.1467592
	13.4897677	48.1467406
	13.4894336	48.1467117
	13.4893222	48.1455412
	13.4890128	48.145599
	13.4886415	48.1459128
	13.4882918	48.1459933
	13.4869304	48.1468934
	13.4869551	48.1477976
	13.4867447	48.147808
	13.4861104	48.1479112
	13.4838363	48.1483736
	13.4815373	48.1488381
	13.4804977	48.1490797
	13.4792569	48.1491478
	13.4775195	48.1490293
	13.4772522	48.1490234
	13.4771598	48.1489635
	13.4770725	48.1488676
	13.477052	48.1487683
	13.4771469	48.1485799
	13.477401	48.1483401
	13.477881	48.1478418
	13.4783917	48.1474942
	13.4789538	48.1468777
	13.47948	48.1463999
	13.4798932	48.1461327
	13.4792285	48.1453638
	13.478651	48.1446942
	13.4788614	48.1443962
	13.4788897	48.1440964
	13.4788255	48.1437848
	13.478787	48.1437094
	13.4788948	48.1436683
	13.4787459	48.143569
	13.4784636	48.1434474
	13.4785894	48.142961
	13.4787049	48.1428651
	13.4789846	48.1414298
	13.479154	48.1404621
	13.4791361	48.1403354
	13.4792208	48.1401538
	13.4795236	48.1401008
	13.4799574	48.1399295
	13.4804014	48.1395527
	13.4804066	48.1394345
	13.4802808	48.1393574
	13.4800729	48.1390851
	13.4799446	48.1388401
	13.4799086	48.1385438
	13.4799471	48.1383195
	13.4796853	48.1381961
	13.4798496	48.1376874
	13.4794543	48.1376686
	13.4792901	48.1376378
	13.4792002	48.1376001
	13.4792131	48.1375521
	13.4792695	48.1374904
	13.4793337	48.1374528
	13.4786972	48.1374082
	13.4780607	48.1374134
	13.4771834	48.1374333
	13.477168	48.1371746
	13.4769191	48.1359911
	13.4768652	48.1355543
	13.4767754	48.135371
	13.4763416	48.1351226
	13.4762056	48.1351106
	13.4761311	48.1348057
	13.4761234	48.134583
	13.4761465	48.1345265
	13.4760593	48.1342764
	13.4759078	48.1340332
	13.4759823	48.1338122
	13.4761003	48.1337043
	13.4763134	48.1336683
	13.4765264	48.1336032
	13.4769114	48.1334319
	13.4775941	48.1331579
	13.4777558	48.1330808
	13.4779201	48.1329574
	13.4780356	48.1328615
	13.4780099	48.132805
	13.4780895	48.1326542
	13.4787029	48.1324401
	13.478821	48.1321044
	13.4785848	48.1318149
	13.4784719	48.1317498
	13.4782691	48.1317429
	13.4779817	48.1317755
	13.4776608	48.1317429
	13.4776172	48.1316076
	13.4776557	48.1315408
	13.4779175	48.1314123
	13.4779919	48.1312975
	13.4779175	48.1311211
	13.4777276	48.1309892
	13.4777224	48.1307613
	13.4777994	48.1306774
	13.4779252	48.1307048
	13.4779765	48.1306191
	13.4780356	48.1304513
	13.4779868	48.1302217
	13.4779021	48.1301549
	13.4773631	48.1298397
	13.4769679	48.1295964
	13.4767831	48.1295639
	13.4766111	48.1294423
	13.4765521	48.1292076
	13.4761953	48.1288427
	13.4759027	48.1286131
	13.4755023	48.1284658
	13.4752741	48.1282968
	13.4752635	48.1282337
	13.475387	48.128004
	13.4754448	48.1279339
	13.4758677	48.1276533
	13.4756812	48.1276113
	13.4753003	48.1274465
	13.4749667	48.1272729
	13.4749588	48.127201
END
END
