7872617
1
	10.2073027	47.1629778
	10.2073396	47.1628511
	10.2074928	47.1626067
	10.2075295	47.1624913
	10.2074558	47.1622944
	10.2074748	47.162069
	10.2076742	47.1610003
	10.2076345	47.1609001
	10.2076848	47.1607471
	10.2078058	47.1606626
	10.2078221	47.1606386
	10.2079217	47.1599585
	10.2078489	47.1598572
	10.2078356	47.1597967
	10.2078992	47.1596071
	10.2081381	47.1594047
	10.2081404	47.1593402
	10.2080397	47.1592633
	10.2078395	47.1591543
	10.2079798	47.1591103
	10.2081551	47.1589681
	10.2083179	47.1589633
	10.2084871	47.1589141
	10.2085192	47.1588797
	10.208612	47.1588217
	10.2087038	47.1588232
	10.2087731	47.1587836
	10.2089044	47.1587711
	10.2090332	47.158738
	10.2090828	47.1587088
	10.2091297	47.1587137
	10.2095783	47.1585774
	10.2097397	47.1584941
	10.2099807	47.1585866
	10.2109008	47.1583927
	10.2122271	47.1577366
	10.2126167	47.1576946
	10.2130106	47.1575711
	10.2131598	47.1575549
	10.2155102	47.157165
	10.2174538	47.1568377
	10.2178032	47.156768
	10.2211173	47.1555717
	10.2247576	47.1536542
	10.2256032	47.1527374
	10.2281094	47.153047
	10.2298006	47.1543756
	10.2324161	47.1542136
	10.2341553	47.154563
	10.2354313	47.1551388
	10.237157	47.155523
	10.2385563	47.1558298
	10.2389241	47.1559431
	10.2397286	47.1558385
	10.2400586	47.155895
	10.2403614	47.1558111
	10.2411348	47.155934
	10.2420477	47.1557534
	10.2432217	47.1560909
	10.2457158	47.1557776
	10.2461621	47.1556504
	10.2479742	47.1553284
	10.2492041	47.1564372
	10.2496694	47.1565646
	10.2513951	47.1570369
	10.2516972	47.1571899
	10.251899	47.1575877
	10.2527014	47.1575362
	10.2558797	47.1572002
	10.2558789	47.1574947
	10.257092	47.1575082
	10.2578528	47.157784
	10.2588798	47.1578044
	10.2609807	47.1577249
	10.26143	47.157602
	10.2620404	47.1577436
	10.2625093	47.1575949
	10.263713	47.1576577
	10.2649913	47.1578689
	10.2656137	47.1582835
	10.2665841	47.1586767
	10.2674072	47.158855
	10.2680838	47.159001
	10.2709513	47.1592228
	10.2738797	47.1594674
	10.2773186	47.1598376
	10.2776887	47.1596288
	10.2791568	47.1613484
	10.2809454	47.161789
	10.2822489	47.1618425
	10.2841042	47.1625253
	10.2853234	47.1630896
	10.2859244	47.1633026
	10.2863598	47.1632842
	10.2870018	47.1636226
	10.2876596	47.164829
	10.2891713	47.1648446
	10.2913487	47.1643667
	10.2930581	47.1639916
	10.2948696	47.1660924
	10.2961525	47.1663211
	10.2974392	47.1681882
	10.2979347	47.1686874
	10.298344	47.1688392
	10.2987716	47.169877
	10.3000415	47.1720827
	10.3018968	47.1725426
	10.3037459	47.1730229
	10.3048604	47.1734326
	10.3056797	47.1736032
	10.3063413	47.1731217
	10.3074195	47.1737542
	10.3097188	47.1742486
	10.3120786	47.1745015
	10.3128475	47.174413
	10.3134306	47.174203
	10.3143046	47.1736855
	10.3142167	47.1734013
	10.3142993	47.1729775
	10.3153743	47.1723537
	10.316788	47.1725567
	10.3204175	47.172877
	10.3226186	47.1729142
	10.3241189	47.1735064
	10.3263126	47.1734655
	10.3305971	47.1740104
	10.3327861	47.1750193
	10.3336827	47.1750294
	10.3345065	47.1751891
	10.3360507	47.1752945
	10.3375008	47.1755032
	10.338151	47.1754652
	10.3388001	47.1752168
	10.3397361	47.175064
	10.3404476	47.174734
	10.3412546	47.174578
	10.3417878	47.1746541
	10.3423829	47.1747366
	10.343147	47.174842
	10.3439188	47.1750022
	10.3451093	47.174763
	10.3469304	47.1736793
	10.348304	47.1735759
	10.3494421	47.1738719
	10.351033	47.1748372
	10.353199	47.1744691
	10.3554191	47.1740139
	10.356269	47.1741572
	10.3565122	47.1747035
	10.3565844	47.1754172
	10.356885	47.1754806
	10.3576225	47.1758906
	10.3586229	47.1763139
	10.3585085	47.1764682
	10.3585565	47.1766595
	10.3590721	47.176928
	10.3593388	47.1773523
	10.3599485	47.1777782
	10.3601738	47.1784742
	10.3608357	47.1789972
	10.3617575	47.1799094
	10.3622969	47.1808183
	10.3628562	47.1815799
	10.3636617	47.1822923
	10.365635	47.1830894
	10.368083	47.1848046
	10.3688885	47.1839097
	10.3701582	47.183207
	10.3763979	47.1823287
	10.3793354	47.1819133
	10.3806289	47.1820649
	10.3817848	47.1808494
	10.3831333	47.1804416
	10.3852919	47.1795332
	10.3861576	47.1786909
	10.3870727	47.1778814
	10.3882247	47.1770812
	10.3907603	47.1753342
	10.3935757	47.1747696
	10.3946733	47.1742373
	10.3956001	47.1737929
	10.3975082	47.1743876
	10.3987573	47.1747607
	10.4019225	47.1756917
	10.4034881	47.176273
	10.4045894	47.1762199
	10.405114	47.1766657
	10.4055926	47.176935
	10.4067698	47.1769387
	10.4077819	47.177245
	10.410217	47.1771901
	10.4123967	47.177742
	10.413458	47.17762
	10.4152484	47.1790164
	10.4160824	47.1796802
	10.4166694	47.1809391
	10.416182	47.1821562
	10.4169992	47.182568
	10.4176586	47.1828582
	10.4182409	47.1831944
	10.4195796	47.1844619
	10.4209275	47.1862231
	10.4219093	47.1870653
	10.4219454	47.1886848
	10.424889	47.1937762
	10.4260411	47.1946002
	10.427312	47.1959649
	10.4267148	47.1971102
	10.4271233	47.197802
	10.4288155	47.2006261
	10.4325755	47.2042342
	10.435774	47.2073023
	10.439701	47.2110142
	10.4421592	47.2125902
	10.4448177	47.2142865
	10.4394049	47.2191482
	10.4367349	47.2218988
	10.440627	47.225332
	10.4435354	47.2279538
	10.4472683	47.2253071
	10.44799	47.2260643
	10.4488057	47.2269259
	10.4503424	47.228541
	10.4509568	47.2290019
	10.4521797	47.2299168
	10.4527596	47.230716
	10.4523326	47.2310602
	10.4518341	47.2312729
	10.4517556	47.2313372
	10.4516641	47.2314708
	10.4512794	47.2318339
	10.4507616	47.2320351
	10.4506647	47.2320399
	10.4503513	47.2319581
	10.4502234	47.2319543
	10.4498767	47.232026
	10.4496635	47.2320626
	10.4488159	47.2321151
	10.4485873	47.2321526
	10.4482537	47.2323712
	10.447471	47.2327952
	10.4471539	47.233383
	10.4467821	47.2335349
	10.4466804	47.2336734
	10.4465723	47.2343847
	10.4464094	47.2346682
	10.4464314	47.2350705
	10.4453954	47.2355085
	10.4446496	47.2357929
	10.444544	47.2358155
	10.4443596	47.2358324
	10.4440669	47.2355901
	10.4438381	47.2352862
	10.4436246	47.2349979
	10.443504	47.2348437
	10.4433753	47.2347148
	10.4421479	47.2338105
	10.4417924	47.2335691
	10.4400536	47.233161
	10.4375713	47.2331456
	10.4365216	47.2332836
	10.4355596	47.2333455
	10.4329274	47.2327834
	10.4316324	47.2325737
	10.4316309	47.2326446
	10.4313728	47.2327558
	10.4310058	47.2327703
	10.4303999	47.2325869
	10.4301021	47.2324047
	10.4291056	47.2323238
	10.4273667	47.2321449
	10.4260259	47.2316734
	10.4235234	47.231382
	10.4171394	47.2307847
	10.4151681	47.2305327
	10.4133954	47.229896
	10.412861	47.2293617
	10.4095514	47.2278536
	10.407043	47.2255029
	10.4067158	47.2254244
	10.4043815	47.2237577
	10.4033208	47.2220519
	10.4026994	47.218562
	10.400691	47.2161281
	10.4004304	47.2141038
	10.4008662	47.2130617
	10.4008325	47.212272
	10.400088	47.2115043
	10.3998566	47.2106883
	10.400075	47.2093719
	10.4001569	47.2071391
	10.3984821	47.2059374
	10.3972883	47.2043415
	10.3944804	47.2023049
	10.390376	47.2004677
	10.3896182	47.1998473
	10.3888074	47.1992409
	10.3872181	47.1979996
	10.3868894	47.1978482
	10.3841241	47.1965741
	10.3823486	47.1965367
	10.3808881	47.1966721
	10.3799233	47.196972
	10.3778908	47.1970209
	10.3764892	47.1976295
	10.373376	47.1983669
	10.3710513	47.1983828
	10.3703865	47.1986558
	10.3700639	47.1988671
	10.369377	47.1993991
	10.3689379	47.1999418
	10.3685431	47.2003908
	10.3684245	47.2008687
	10.3682713	47.2013458
	10.3694796	47.206194
	10.3606193	47.2007884
	10.3580931	47.2003566
	10.3558487	47.2002583
	10.3537249	47.2000386
	10.3521333	47.2000888
	10.3494204	47.2005328
	10.3482457	47.2004783
	10.3458222	47.1997592
	10.3430846	47.1992175
	10.3418623	47.2009754
	10.341317	47.2021131
	10.3413629	47.2044976
	10.3407489	47.2048434
	10.3400906	47.2055951
	10.3396088	47.206106
	10.3387213	47.2070372
	10.3387196	47.207457
	10.3376621	47.2076711
	10.337235	47.2084299
	10.3372388	47.2084473
	10.3373238	47.2089518
	10.3375664	47.2095069
	10.3372248	47.2098231
	10.3382151	47.2115184
	10.3382361	47.2125853
	10.337403	47.2126385
	10.3363087	47.2129849
	10.3356451	47.2137047
	10.3347006	47.2142663
	10.3348267	47.2147398
	10.3348239	47.2166636
	10.3346356	47.2174282
	10.334285	47.2180605
	10.3344895	47.2187062
	10.3346761	47.220536
	10.3305776	47.2205505
	10.3297805	47.2203376
	10.3285088	47.2201673
	10.3259831	47.2202196
	10.3231351	47.2204654
	10.320699	47.2218462
	10.3196128	47.2230256
	10.3175126	47.2244872
	10.3168253	47.2259118
	10.3164576	47.2266679
	10.3155581	47.2287923
	10.312343	47.2288955
	10.3106157	47.229109
	10.3048199	47.2281911
	10.3039938	47.2352391
	10.3044519	47.2355982
	10.3033381	47.2357411
	10.3018091	47.2363775
	10.2970848	47.2361425
	10.2958096	47.2368929
	10.2951591	47.236936
	10.2935021	47.2376597
	10.2926321	47.2381462
	10.2924097	47.2379593
	10.2922096	47.2377012
	10.2908292	47.237492
	10.2905961	47.2367269
	10.2909166	47.2365079
	10.290114	47.2361041
	10.2895163	47.2348579
	10.2900872	47.2345874
	10.2905016	47.2335904
	10.2906714	47.2332043
	10.2909618	47.232721
	10.2911565	47.232621
	10.2912249	47.2325365
	10.2910452	47.232281
	10.2910268	47.2320188
	10.2912225	47.2317047
	10.2915658	47.2313425
	10.2918643	47.2311552
	10.2921515	47.2310332
	10.2922675	47.2310726
	10.2923579	47.2310465
	10.2929865	47.2305405
	10.2934261	47.2300524
	10.2935703	47.2298104
	10.2939115	47.2294833
	10.2942842	47.2288594
	10.2946943	47.2284912
	10.2948363	47.2282603
	10.2948501	47.2272923
	10.294992	47.2269938
	10.2949878	47.2267949
	10.2946738	47.2261164
	10.294643	47.2259134
	10.294719	47.2256736
	10.2948082	47.2252183
	10.2947501	47.2249746
	10.2946097	47.2242665
	10.2943216	47.2227511
	10.2940014	47.2210242
	10.2946151	47.2205343
	10.2945451	47.2198477
	10.2942703	47.2196563
	10.2941231	47.2185957
	10.294094	47.2185751
	10.2940731	47.21847
	10.2929815	47.2186906
	10.2920304	47.218768
	10.2913287	47.2188944
	10.2902094	47.218935
	10.2895403	47.218779
	10.2882365	47.2187888
	10.2876542	47.2184628
	10.2841555	47.2178878
	10.2836824	47.2180319
	10.2833192	47.2180406
	10.2818805	47.2178236
	10.278827	47.2172858
	10.2786181	47.2172535
	10.2767079	47.2175037
	10.2752451	47.2178086
	10.2729424	47.2176201
	10.2724636	47.2173871
	10.2713665	47.2172252
	10.2707626	47.2167322
	10.2678699	47.2150383
	10.2666117	47.2127691
	10.2664918	47.2123644
	10.2655542	47.2120465
	10.2640934	47.2110817
	10.2627395	47.2096263
	10.2614754	47.2081379
	10.2609996	47.2071796
	10.2608112	47.2062988
	10.2600411	47.2050415
	10.2595527	47.2046759
	10.2584619	47.2044279
	10.2579688	47.2042021
	10.2579439	47.2040287
	10.2568622	47.2033609
	10.2552749	47.1994935
	10.2541823	47.1985906
	10.2528581	47.1980316
	10.2511185	47.1964875
	10.2478822	47.1942938
	10.2458602	47.1940007
	10.2413782	47.1901514
	10.2408534	47.1881701
	10.2412338	47.184903
	10.2394561	47.183044
	10.2358013	47.1820028
	10.2352254	47.1815714
	10.235151	47.1810841
	10.2348728	47.1810441
	10.2345633	47.1808444
	10.2345398	47.1805914
	10.2331171	47.1810885
	10.2320479	47.1808391
	10.2312269	47.1800702
	10.2294699	47.1795049
	10.2280242	47.1795129
	10.2271074	47.1796274
	10.2256107	47.1794383
	10.2247636	47.1794852
	10.2234817	47.1797474
	10.2224002	47.1794441
	10.2223511	47.1793619
	10.221468	47.1792261
	10.2204077	47.1781634
	10.220452	47.1765022
	10.2200135	47.1765168
	10.2194627	47.1762987
	10.218794	47.1759119
	10.2179103	47.1759128
	10.2170504	47.175911
	10.2157838	47.1760532
	10.2150807	47.1758334
	10.2147839	47.1756226
	10.2138775	47.1747156
	10.2131708	47.1743949
	10.2131668	47.1739569
	10.2127244	47.1731521
	10.2127926	47.1728793
	10.2124275	47.1725591
	10.2114127	47.1713344
	10.2112269	47.1712866
	10.2109863	47.1711777
	10.2106588	47.1708682
	10.2105793	47.1707208
	10.210448	47.17061
	10.2102993	47.1705357
	10.2101196	47.17045
	10.2097337	47.170246
	10.2096421	47.170246
	10.2095126	47.1702064
	10.2094297	47.1701529
	10.209261	47.1700889
	10.2091604	47.1699743
	10.20918	47.1699087
	10.2092452	47.1697784
	10.2092726	47.1697084
	10.2092801	47.1695507
	10.2092804	47.1691463
	10.2093081	47.1690113
	10.2092923	47.1688846
	10.2092463	47.1687886
	10.2092461	47.1686602
	10.2093526	47.1684384
	10.2090913	47.168279
	10.2090273	47.1681552
	10.2090482	47.1680471
	10.2090215	47.1679175
	10.2090983	47.1678226
	10.2090829	47.1676856
	10.209071	47.1675907
	10.2091366	47.1673771
	10.2091719	47.1671328
	10.2096173	47.1670914
	10.2094845	47.1669941
	10.2094915	47.1668387
	10.209458	47.1667762
	10.2094398	47.1665312
	10.2093689	47.1663697
	10.2093462	47.1662472
	10.2093635	47.1659801
	10.2092699	47.1658589
	10.2092562	47.1657109
	10.2092475	47.1656524
	10.209142	47.1655161
	10.2091987	47.1653655
	10.209073	47.1653876
	10.2089557	47.1653575
	10.2088931	47.1653686
	10.2087353	47.1653699
	10.2086508	47.1653621
	10.2084895	47.1653068
	10.2083671	47.1652455
	10.2083864	47.1651859
	10.2083631	47.1651044
	10.2082782	47.1650416
	10.2082569	47.1650025
	10.2082517	47.1649734
	10.2082064	47.1649201
	10.208142	47.1648902
	10.2080526	47.1648655
	10.2079703	47.1647809
	10.2079678	47.1647337
	10.2078321	47.1646115
	10.2078577	47.1644982
	10.2077248	47.1644079
	10.207701	47.1643834
	10.2077066	47.1642518
	10.2076254	47.164114
	10.2076457	47.1640587
	10.2076188	47.1640054
	10.2075385	47.1639623
	10.2075572	47.1638831
	10.207471	47.163829
	10.2073897	47.1637799
	10.2073451	47.1637189
	10.2073433	47.1636361
	10.2073848	47.1634968
	10.207417	47.1634305
	10.2074101	47.1633701
	10.2073611	47.1633267
	10.2074103	47.1631673
	10.2073027	47.1629778
END
END
