7872544
1
	11.0585622	47.2977337
	11.0586297	47.2976699
	11.0590331	47.2973092
	11.0594787	47.2968982
	11.0595723	47.2967998
	11.0596346	47.2968006
	11.0597745	47.2967514
	11.0599488	47.296627
	11.0599985	47.2965534
	11.0599694	47.2965256
	11.0600742	47.2964111
	11.0601555	47.2963425
	11.0605377	47.2960892
	11.0606126	47.2960164
	11.0608422	47.2958827
	11.0610684	47.2957685
	11.0613413	47.2956624
	11.0615875	47.2955896
	11.0619296	47.2954715
	11.0628491	47.2952278
	11.0633182	47.2952006
	11.0636431	47.2951753
	11.063924	47.2951754
	11.0643402	47.2951622
	11.0647938	47.2951204
	11.0651212	47.2949026
	11.0653703	47.2948065
	11.0658238	47.2944652
	11.0662784	47.2940953
	11.066489	47.2938619
	11.0668563	47.293267
	11.0669355	47.2929069
	11.0669561	47.2926786
	11.0670729	47.2921903
	11.0670497	47.291917
	11.0670615	47.2916195
	11.0669861	47.2910871
	11.0672692	47.2905936
	11.0675011	47.2902005
	11.0685686	47.288962
	11.0685839	47.2889076
	11.0684912	47.2884693
	11.0683564	47.2878364
	11.0683208	47.287493
	11.0682681	47.2869968
	11.0682437	47.2866773
	11.0682037	47.2862886
	11.0678094	47.2859423
	11.0673758	47.2855607
	11.0672083	47.2848476
	11.0671036	47.2843519
	11.0670155	47.2840035
	11.0670564	47.2838006
	11.0669003	47.2830667
	11.0667652	47.2824266
	11.0665721	47.2815354
	11.0665315	47.2814093
	11.0665146	47.281288
	11.0665126	47.2812183
	11.0668944	47.2807435
	11.0668415	47.280375
	11.0667947	47.279951
	11.0667242	47.2794382
	11.0666718	47.2789621
	11.0665789	47.2788385
	11.0658443	47.2783937
	11.0653522	47.2780931
	11.065028	47.2774071
	11.0648048	47.2769301
	11.0644053	47.2760662
	11.0640172	47.2752383
	11.0646166	47.2747285
	11.0652806	47.274162
	11.0661053	47.2734741
	11.0669047	47.2731402
	11.0680404	47.2726677
	11.0690156	47.2722535
	11.0698357	47.2714347
	11.0704802	47.2707808
	11.0711407	47.2701164
	11.0701982	47.2701901
	11.0692085	47.2697813
	11.0688025	47.2696077
	11.068389	47.2694338
	11.067656	47.2691163
	11.0679815	47.2685724
	11.0683137	47.2677148
	11.0685012	47.2667599
	11.0686762	47.2658807
	11.0688693	47.2648938
	11.0689494	47.2644836
	11.0686625	47.2639556
	11.068278	47.2632655
	11.067861	47.2625144
	11.0674403	47.2617489
	11.0670442	47.2610285
	11.0666467	47.2603165
	11.0664517	47.2599506
	11.0661888	47.2594729
	11.0659641	47.2590701
	11.0662151	47.2586157
	11.0665466	47.258045
	11.0669389	47.2573612
	11.0672688	47.2567914
	11.0675959	47.2562042
	11.0679799	47.255535
	11.0682068	47.2548628
	11.0684738	47.2541019
	11.0688201	47.2536531
	11.0693762	47.2529011
	11.07107	47.2522696
	11.0720523	47.2529193
	11.072806	47.2538944
	11.073657	47.2550081
	11.0740504	47.2554892
	11.0749151	47.2564097
	11.0759081	47.2574695
	11.0771253	47.2587595
	11.0784959	47.2602303
	11.0794861	47.261241
	11.0804855	47.2620007
	11.082436	47.2633852
	11.0844123	47.2645527
	11.0841532	47.265117
	11.0828824	47.2667118
	11.0836135	47.2678424
	11.083903	47.268288
	11.0843506	47.2689767
	11.0846869	47.2695867
	11.0848929	47.2703814
	11.084938	47.271157
	11.0850287	47.2722526
	11.0851199	47.2728466
	11.0850635	47.2734781
	11.0849337	47.2748081
	11.0851955	47.2756984
	11.0848983	47.2765344
	11.0847658	47.2772248
	11.0849627	47.2778893
	11.0851993	47.278579
	11.0851145	47.2793659
	11.0854224	47.2797582
	11.0857727	47.2804915
	11.0856826	47.2809191
	11.0856139	47.2813383
	11.0855678	47.2823748
	11.0851553	47.2828129
	11.0851896	47.2832227
	11.0854852	47.2837416
	11.085833	47.284308
	11.0861155	47.2848664
	11.0859664	47.2851645
	11.086308	47.285618
	11.086719	47.2859461
	11.0871149	47.2863755
	11.087145	47.28668
	11.0870784	47.2873387
	11.0869572	47.2879799
	11.0873718	47.2886669
	11.087713	47.2892381
	11.0880075	47.28963
	11.0887886	47.2901201
	11.0890745	47.2908006
	11.0888916	47.290993
	11.0886352	47.2911793
	11.0884565	47.2916039
	11.0879432	47.2917582
	11.0879367	47.2918797
	11.087794	47.2922658
	11.0877806	47.2925143
	11.0876685	47.2928556
	11.0877034	47.2931881
	11.0873327	47.2941014
	11.0873155	47.2948319
	11.0872699	47.2951728
	11.0873193	47.2960737
	11.0874038	47.2966305
	11.0884612	47.2966004
	11.0883807	47.297037
	11.086786	47.2972182
	11.0868593	47.2974793
	11.0871897	47.297966
	11.0872971	47.2981975
	11.0872381	47.2988488
	11.0869955	47.2991804
	11.0869033	47.2989747
	11.0868402	47.2989794
	11.08676	47.2990129
	11.0866466	47.2989998
	11.0864712	47.2990029
	11.0864446	47.2992783
	11.0863419	47.2993096
	11.0863609	47.2993681
	11.0860527	47.2993894
	11.085376	47.2993565
	11.0841266	47.2993487
	11.0838265	47.299285
	11.0839539	47.299633
	11.0839845	47.3001839
	11.0840451	47.3004832
	11.0841242	47.3007789
	11.0841358	47.3008835
	11.0841317	47.3012297
	11.0840024	47.3015834
	11.0838307	47.3020172
	11.0836118	47.3025511
	11.0830197	47.3023637
	11.0807945	47.3020876
	11.0789218	47.3018359
	11.0778178	47.3017028
	11.0772803	47.3016558
	11.0761627	47.3015422
	11.0738507	47.3015095
	11.0717727	47.3013122
	11.0715011	47.301273
	11.0702565	47.3010147
	11.0689735	47.3007194
	11.0675582	47.3004581
	11.0664334	47.3002851
	11.0649617	47.2999697
	11.0637448	47.2995837
	11.0623157	47.29909
	11.0612684	47.2986933
	11.0601388	47.2983082
	11.0585622	47.2977337
END
END
