7872079
1
	13.4245161	48.2527434
	13.4250961	48.2526849
	13.4255691	48.2526849
	13.425783	48.2526405
	13.4261324	48.2525044
	13.426401	48.2523604
	13.4270047	48.2523731
	13.4270546	48.2522718
	13.4275894	48.2522797
	13.4280933	48.2522306
	13.4282525	48.2518999
	13.4284165	48.2514282
	13.4285235	48.2511355
	13.4286114	48.2509629
	13.4289965	48.2504043
	13.4292342	48.2500022
	13.4292009	48.2497379
	13.429845	48.2497348
	13.4306365	48.2497079
	13.4306508	48.2494372
	13.4310572	48.2494594
	13.4314993	48.2495084
	13.4314755	48.2493977
	13.4320888	48.2494847
	13.4332059	48.2496493
	13.4335268	48.2494325
	13.4337526	48.2493945
	13.4336147	48.249825
	13.4343801	48.2499785
	13.4350028	48.2500307
	13.43554	48.2499848
	13.4361033	48.2499105
	13.437142	48.2497459
	13.4375341	48.2497284
	13.4376482	48.2497316
	13.4377124	48.2496683
	13.437874	48.2494135
	13.4379073	48.2492884
	13.4383969	48.2491618
	13.4388319	48.2490162
	13.4395545	48.2488516
	13.4403697	48.2487962
	13.4403697	48.2482581
	13.4404434	48.2475094
	13.440674	48.2461261
	13.4410756	48.2461498
	13.4410305	48.2462337
	13.4415843	48.2462749
	13.4419408	48.246259
	13.4421642	48.2462226
	13.4423259	48.2461957
	13.4421999	48.245933
	13.4418172	48.2453774
	13.4417744	48.245284
	13.4439493	48.2446556
	13.444244	48.2442726
	13.4443438	48.2442108
	13.4447503	48.2440858
	13.4450236	48.2437581
	13.4450783	48.2436711
	13.4452518	48.2434827
	13.4453421	48.243421
	13.4459125	48.2437803
	13.4462596	48.2439132
	13.4468966	48.2437265
	13.4470011	48.243823
	13.4470558	48.2438531
	13.4490001	48.2432073
	13.449416	48.2431155
	13.4502384	48.2428353
	13.4514886	48.2423541
	13.4512676	48.2421768
	13.450728	48.2417985
	13.4503026	48.2415262
	13.4498676	48.241398
	13.449435	48.2414265
	13.4487172	48.2414138
	13.4484558	48.241379
	13.4480065	48.2414534
	13.4491556	48.2411289
	13.4467278	48.2414898
	13.4461811	48.2416512
	13.445739	48.2418776
	13.445499	48.2420216
	13.44519	48.2420406
	13.4449784	48.2417462
	13.4447384	48.2414312
	13.444629	48.2413046
	13.4445411	48.2412539
	13.4439279	48.2405242
	13.4440681	48.2403864
	13.4436308	48.240206
	13.4433004	48.2399543
	13.4432101	48.2398609
	13.4431625	48.2397912
	13.4431245	48.2395886
	13.4429034	48.2391311
	13.4424471	48.2384409
	13.4421262	48.238558
	13.4418814	48.2386008
	13.4413276	48.2386324
	13.4411802	48.2385802
	13.4406169	48.2382905
	13.4405218	48.238262
	13.4402937	48.2383158
	13.4400441	48.237404
	13.4399324	48.2369813
	13.4398349	48.2367264
	13.4395735	48.2362768
	13.4388176	48.2351765
	13.4387321	48.2341031
	13.438839	48.233378
	13.439476	48.2333289
	13.4403911	48.2332181
	13.4409354	48.233131
	13.4408522	48.2327558
	13.4420787	48.2325927
	13.4422069	48.2325763
	13.4428732	48.232491
	13.4435262	48.2324075
	13.4435499	48.2322856
	13.4435499	48.2322048
	13.4435452	48.2321304
	13.4434977	48.2320323
	13.4434097	48.2319452
	13.4431815	48.231714
	13.4429391	48.2315035
	13.4428298	48.2313942
	13.4426016	48.2309398
	13.4428512	48.2307403
	13.4428773	48.2305725
	13.4431934	48.2303619
	13.4433907	48.230354
	13.4439873	48.230392
	13.4442939	48.2303587
	13.4447503	48.2303936
	13.4451995	48.2304648
	13.4456915	48.2305852
	13.4462358	48.2306928
	13.4470201	48.2295069
	13.4486602	48.2297302
	13.4488028	48.2297397
	13.4489026	48.2294974
	13.4509229	48.2296621
	13.4511202	48.2291982
	13.4511678	48.2290256
	13.4511345	48.2288356
	13.4507494	48.2283194
	13.4505926	48.2281452
	13.450324	48.2279093
	13.4500506	48.2273155
	13.4497274	48.2270701
	13.449744	48.2268373
	13.4499841	48.2266093
	13.4507898	48.2265967
	13.4509729	48.2265666
	13.4513579	48.2264177
	13.4515789	48.2263069
	13.4518594	48.2261359
	13.452071	48.2259285
	13.4521993	48.2257891
	13.4524593	48.2254891
	13.4529437	48.225179
	13.4535137	48.2252488
	13.4538873	48.2247384
	13.4540943	48.2243211
	13.4541535	48.2242673
	13.4543228	48.2242118
	13.4547637	48.2242853
	13.4554277	48.2243694
	13.4562342	48.22445
	13.4573472	48.224579
	13.4591134	48.224853
	13.4603366	48.2251557
	13.4611539	48.2251306
	13.4616405	48.2249408
	13.4627776	48.2242727
	13.463076	48.2241276
	13.4634175	48.2240238
	13.4632239	48.2238841
	13.4635142	48.2237497
	13.4637481	48.2236244
	13.4638745	48.2235241
	13.4639444	48.2233826
	13.4639659	48.2232178
	13.464431	48.2232178
	13.4658397	48.2232053
	13.4657402	48.2230351
	13.465552	48.2228041
	13.4654149	48.2226053
	13.4654041	48.222385
	13.4654445	48.2223473
	13.4654929	48.2221736
	13.4655708	48.2219085
	13.4659472	48.2218566
	13.4660601	48.2218118
	13.466052	48.2217169
	13.4661596	48.2216381
	13.4662859	48.2216255
	13.4667134	48.2215503
	13.4666193	48.2213282
	13.4667591	48.2212763
	13.4670628	48.2211133
	13.4673451	48.2209342
	13.4677188	48.2205956
	13.4682914	48.2200511
	13.4688183	48.2196069
	13.4694974	48.2190818
	13.4718287	48.2201709
	13.4718987	48.2202036
	13.4761663	48.2221897
	13.478064	48.2230888
	13.4786159	48.2233272
	13.4793631	48.2235987
	13.4799972	48.2237762
	13.4807736	48.223944
	13.4812492	48.2240209
	13.4812854	48.2240972
	13.4813061	48.2241035
	13.4811721	48.2241947
	13.4807782	48.2242284
	13.4802611	48.2241645
	13.4801193	48.2242432
	13.4801258	48.2244618
	13.4802651	48.2247046
	13.4802707	48.2248207
	13.4800128	48.2250996
	13.4798146	48.2251887
	13.4795798	48.2252502
	13.4792161	48.2253096
	13.4789606	48.2254766
	13.4789574	48.2257236
	13.4791881	48.2261015
	13.4792862	48.2264583
	13.4793852	48.2264501
	13.4795011	48.2264321
	13.4797533	48.2263946
	13.4798647	48.2263569
	13.4799053	48.2263352
	13.4799857	48.2263431
	13.4800494	48.2263718
	13.4801409	48.2263956
	13.4803407	48.2263596
	13.4806158	48.2267838
	13.4805883	48.2268104
	13.4810297	48.2270611
	13.481288	48.227235
	13.4814327	48.2273498
	13.4814327	48.2273809
	13.4815582	48.2275481
	13.4816393	48.2276984
	13.4820377	48.2281648
	13.4823434	48.2285036
	13.482678	48.2289194
	13.4828273	48.2290465
	13.4830944	48.2292495
	13.4832511	48.2294125
	13.483263	48.2294599
	13.4839161	48.229851
	13.4844585	48.230214
	13.4845413	48.2303595
	13.4844485	48.2305539
	13.4842335	48.2306612
	13.4837818	48.2308091
	13.4838455	48.2309439
	13.4841463	48.2309763
	13.4845844	48.2310835
	13.4848488	48.231165
	13.4850647	48.2312552
	13.4854194	48.2314597
	13.4852602	48.2319646
	13.4850645	48.2323607
	13.4850161	48.2323938
	13.4850047	48.2324169
	13.4849538	48.2326073
	13.4849187	48.2327398
	13.4849104	48.2328165
	13.484937	48.2328901
	13.4850182	48.2330013
	13.485094	48.2330855
	13.4851718	48.2331931
	13.4852601	48.2335253
	13.4852682	48.2336194
	13.4852412	48.2337539
	13.4852305	48.2337961
	13.4851981	48.2339244
	13.4851991	48.2340263
	13.485225	48.234162
	13.4853457	48.2344032
	13.4853646	48.2346501
	13.4854185	48.2350154
	13.4857187	48.2355048
	13.4858984	48.2357342
	13.4861209	48.2359748
	13.4866071	48.2363951
	13.4869714	48.2366966
	13.4872186	48.2368824
	13.4872674	48.2369048
	13.4874661	48.2370477
	13.4877678	48.237293
	13.4882098	48.2376534
	13.4885056	48.2379491
	13.4886976	48.2381522
	13.4889875	48.238476
	13.4891551	48.2384496
	13.4893807	48.2388435
	13.4895831	48.2390959
	13.48954	48.2391096
	13.4894494	48.2391907
	13.4892404	48.2393429
	13.4890129	48.2395374
	13.4887532	48.2397463
	13.488626	48.2398827
	13.4884395	48.2401146
	13.4877025	48.240674
	13.4876964	48.2406963
	13.4869282	48.2412892
	13.4865152	48.2416252
	13.4862345	48.2418671
	13.4860652	48.2419805
	13.4858648	48.2421398
	13.4856093	48.2422934
	13.485397	48.242432
	13.4851815	48.2425418
	13.484911	48.2426538
	13.4844637	48.2427772
	13.4841141	48.2428503
	13.4841373	48.2430363
	13.4841478	48.2432135
	13.4840682	48.2436776
	13.4840427	48.2438146
	13.4826808	48.2435508
	13.4819929	48.2433491
	13.4814309	48.2442328
	13.4813179	48.2444721
	13.4812743	48.2446841
	13.4812615	48.2448533
	13.4812871	48.2449388
	13.4821033	48.2448003
	13.4825037	48.2446909
	13.4826834	48.2453592
	13.4822855	48.2453969
	13.4824806	48.2461096
	13.4827193	48.2467591
	13.4828733	48.2471026
	13.4829375	48.2474992
	13.4829631	48.2477641
	13.4829195	48.2481504
	13.4827706	48.2489109
	13.482496	48.2489263
	13.4824267	48.2489878
	13.4822393	48.2495245
	13.4827398	48.2495929
	13.4834046	48.2497227
	13.4840309	48.2499381
	13.4847033	48.2500594
	13.4847085	48.2506337
	13.4846931	48.2510678
	13.4846725	48.2514267
	13.4847649	48.2519633
	13.4848625	48.2521188
	13.4849266	48.2521821
	13.4850216	48.2523137
	13.4850498	48.2524111
	13.4850267	48.252476
	13.4846494	48.2527358
	13.4840694	48.2531203
	13.483479	48.2535424
	13.4831479	48.2537971
	13.4828451	48.2542123
	13.4827039	48.254426
	13.4826038	48.2544362
	13.4823112	48.2543388
	13.4822445	48.2544721
	13.4820083	48.2552565
	13.4816362	48.2551488
	13.481454	48.2556598
	13.481264	48.2559828
	13.4810972	48.2563365
	13.4801065	48.256152
	13.4794443	48.2560392
	13.4789027	48.2559794
	13.4782841	48.2558956
	13.477989	48.2557401
	13.4777426	48.2556718
	13.4767694	48.2555216
	13.4768894	48.255872
	13.4761012	48.2558923
	13.475658	48.2558952
	13.4753457	48.255856
	13.476182	48.2566076
	13.4767475	48.257144
	13.4768702	48.2573286
	13.4764691	48.2572767
	13.4754415	48.2573066
	13.4747247	48.2572891
	13.47374	48.2570898
	13.4718862	48.2568818
	13.4707544	48.2566615
	13.4695255	48.2563835
	13.4691474	48.2563206
	13.4687772	48.2562839
	13.4683859	48.2562664
	13.46774	48.2562472
	13.4653006	48.2560863
	13.4647701	48.2560933
	13.4645076	48.2560828
	13.4639062	48.2560339
	13.4634152	48.2559919
	13.4630607	48.2559185
	13.4623439	48.2557681
	13.4617767	48.255644
	13.4609706	48.2555706
	13.4609259	48.2556895
	13.4600647	48.2556388
	13.4595657	48.2555618
	13.4593399	48.2555496
	13.4591692	48.2556125
	13.4590511	48.255686
	13.4589539	48.2557646
	13.4590852	48.2558503
	13.4593032	48.2561685
	13.4593977	48.2566702
	13.4591666	48.2569377
	13.4589959	48.2569482
	13.4585233	48.2570514
	13.4580795	48.2573591
	13.4576751	48.2577472
	13.4573811	48.2580583
	13.4571474	48.2583503
	13.4569163	48.2586912
	13.456701	48.258915
	13.456504	48.2591702
	13.4563675	48.2593817
	13.4562729	48.2595898
	13.4564174	48.2598782
	13.4564961	48.2599237
	13.4567587	48.2598485
	13.4568795	48.25988
	13.4571605	48.2601474
	13.4573259	48.2604446
	13.4574493	48.2605443
	13.4576909	48.2606159
	13.4578931	48.2606963
	13.4579876	48.260768
	13.4580296	48.2608449
	13.4580139	48.2609568
	13.4578327	48.2612103
	13.4576463	48.2613571
	13.4574546	48.2614515
	13.4570082	48.2615634
	13.4566143	48.2616403
	13.4560025	48.2616823
	13.4554274	48.2616578
	13.4544874	48.2615791
	13.4542511	48.2616071
	13.4539386	48.2621001
	13.4538887	48.2623448
	13.4540646	48.2624864
	13.4544244	48.2627713
	13.4550204	48.2628343
	13.4550309	48.2630528
	13.4549233	48.2635562
	13.4548419	48.2640369
	13.4548813	48.2645176
	13.4549469	48.2647658
	13.4553066	48.265229
	13.4558292	48.2658286
	13.4559946	48.2661729
	13.4561049	48.2665243
	13.4560944	48.2668459
	13.4559894	48.2671256
	13.4557425	48.2674402
	13.4554957	48.2676132
	13.4552935	48.2677268
	13.4540121	48.2680817
	13.45376	48.2682425
	13.4536156	48.2684033
	13.4535211	48.2686654
	13.4534476	48.2691513
	13.4534607	48.2698382
	13.4534817	48.2702123
	13.4536209	48.2702717
	13.4541749	48.2704535
	13.4551045	48.2706667
	13.4552147	48.2707174
	13.4553382	48.2710285
	13.4552462	48.2714252
	13.4551412	48.2717992
	13.4550519	48.2724407
	13.4547762	48.272542
	13.4542589	48.2726382
	13.4539018	48.2726486
	13.4536944	48.2726242
	13.4533058	48.2725211
	13.4529985	48.2723376
	13.4526913	48.27221
	13.4525758	48.2722065
	13.4523683	48.2723009
	13.4520506	48.2724197
	13.4517434	48.2725036
	13.451234	48.2726452
	13.4510843	48.2727378
	13.4510712	48.272944
	13.4511132	48.2733547
	13.4512524	48.2736326
	13.4511473	48.2738301
	13.451058	48.2739542
	13.4505303	48.2741954
	13.4503307	48.2743824
	13.4504252	48.2744802
	13.4501469	48.2745816
	13.4499132	48.2746113
	13.4495508	48.2746043
	13.4492646	48.2746096
	13.4491018	48.27523
	13.4489653	48.275562
	13.4487526	48.275936
	13.4484663	48.2763292
	13.4484611	48.2764847
	13.4486318	48.2767766
	13.449044	48.2774319
	13.4491911	48.2778653
	13.4494379	48.2783075
	13.4495508	48.2786412
	13.4492226	48.2788072
	13.448679	48.2788247
	13.4482615	48.2788894
	13.4479254	48.278996
	13.44776	48.2791235
	13.4476497	48.2792581
	13.4476235	48.2796128
	13.4476786	48.2799623
	13.4477154	48.2800794
	13.4479386	48.2803992
	13.4481014	48.2805233
	13.4485661	48.2808064
	13.4489101	48.2810388
	13.4489968	48.2811209
	13.4489574	48.2812292
	13.4487342	48.2814983
	13.448658	48.2817482
	13.4489836	48.2821222
	13.4490887	48.2821956
	13.4495561	48.2824891
	13.4496742	48.2826778
	13.449732	48.2828438
	13.4495377	48.2829592
	13.449241	48.283071
	13.4489653	48.2831496
	13.4486029	48.2832038
	13.4479438	48.2833908
	13.4476366	48.2835568
	13.4471275	48.2836061
	13.4466357	48.2836276
	13.4462258	48.2837665
	13.4455369	48.2835612
	13.4443192	48.2833132
	13.4439282	48.2830826
	13.4437985	48.2830395
	13.4437195	48.2830489
	13.4425484	48.2828332
	13.4387778	48.2817856
	13.4380363	48.2815307
	13.4355523	48.2815739
	13.4348553	48.2815901
	13.4348188	48.2817114
	13.4345068	48.2816925
	13.4342779	48.2815186
	13.4342399	48.2814193
	13.4343109	48.2813447
	13.4341833	48.2812746
	13.4339948	48.281253
	13.4339685	48.2811869
	13.4342359	48.2810575
	13.4343129	48.2809496
	13.4341691	48.2806827
	13.4340151	48.28056
	13.4340212	48.2804804
	13.4342603	48.2804184
	13.4343798	48.2803442
	13.4342137	48.2802121
	13.4341225	48.2799546
	13.4340414	48.2796539
	13.4341205	48.2795622
	13.434317	48.2794934
	13.4345054	48.2793411
	13.434548	48.2792777
	13.4345399	48.279128
	13.4344771	48.2789487
	13.4343798	48.2789393
	13.4340009	48.2791429
	13.4338956	48.2790984
	13.4339442	48.2788799
	13.4337598	48.2787667
	13.4336524	48.2787195
	13.4334539	48.2785347
	13.4335025	48.278497
	13.4337213	48.2785388
	13.4339827	48.2784242
	13.4337659	48.2783015
	13.4335856	48.278319
	13.433152	48.2780466
	13.433227	48.277901
	13.4329473	48.2777351
	13.4329089	48.2775895
	13.4329089	48.2774924
	13.4329798	48.277425
	13.4332573	48.2774452
	13.4334377	48.2775962
	13.4335795	48.2775261
	13.4336646	48.2774493
	13.4334721	48.2773252
	13.4333749	48.2772591
	13.4334964	48.2769827
	13.4335916	48.2768142
	13.4336727	48.2767387
	13.433772	48.2766173
	13.4338794	48.2763961
	13.4339219	48.2761831
	13.4338976	48.2759943
	13.4338064	48.2758244
	13.433615	48.2756048
	13.4334052	48.2754644
	13.433229	48.2753792
	13.4327985	48.2751482
	13.4322877	48.2749331
	13.4321707	48.27474
	13.4322649	48.2739875
	13.4324964	48.2725127
	13.4327764	48.2716615
	13.4331022	48.2708085
	13.4331022	48.2705989
	13.4330645	48.2703516
	13.4330106	48.2701831
	13.4329541	48.2698605
	13.4330349	48.269676
	13.4332287	48.269615
	13.4333014	48.2695881
	13.4334037	48.2696347
	13.433681	48.2692835
	13.4337295	48.2691957
	13.4338937	48.2686491
	13.4340229	48.2683767
	13.4340903	48.2683032
	13.4342383	48.2682208
	13.4343433	48.2681832
	13.4344133	48.2680828
	13.4345129	48.2677979
	13.4345856	48.267719
	13.4346476	48.2676885
	13.435085	48.267152
	13.4357095	48.2653905
	13.4358503	48.2638773
	13.434788	48.263743
	13.4337676	48.2636213
	13.4331546	48.2635478
	13.4331664	48.2632712
	13.4331718	48.2629486
	13.4331287	48.2626887
	13.4329833	48.2619879
	13.4329106	48.2615291
	13.4328891	48.2613696
	13.4329295	48.2611007
	13.4329833	48.2609806
	13.4329779	48.2608157
	13.4329537	48.2606974
	13.4328218	48.260382
	13.4327948	48.2602278
	13.4328083	48.260054
	13.432973	48.2595505
	13.4331596	48.2591251
	13.4332823	48.258993
	13.4337077	48.258788
	13.4338852	48.2586403
	13.4340496	48.2583519
	13.4340679	48.2581798
	13.4335511	48.257285
	13.4333763	48.2568558
	13.4331048	48.2568992
	13.4328543	48.2569184
	13.4323167	48.2569149
	13.4314894	48.256861
	13.4310848	48.2568419
	13.4306046	48.2568193
	13.4301662	48.2563328
	13.4299678	48.2561121
	13.4298034	48.2555161
	13.4298241	48.2549728
	13.4295054	48.2550722
	13.4289726	48.2551422
	13.4282676	48.2552237
	13.4278973	48.2552541
	13.4278973	48.2551316
	13.4278188	48.2548867
	13.4276644	48.2544966
	13.4275393	48.2542696
	13.4272426	48.2538125
	13.4269165	48.2537374
	13.426198	48.2536492
	13.4259553	48.2535153
	13.425666	48.2534533
	13.4252743	48.2532451
	13.4250319	48.2530251
	13.4247633	48.2529618
	13.4246017	48.2528906
	13.4245161	48.2527434
END
END
