7872672
1
	9.712242	47.4495945
	9.7128053	47.4496667
	9.7131231	47.4496536
	9.7134216	47.4496447
	9.7137609	47.4496341
	9.7150196	47.4495265
	9.7159568	47.4494516
	9.7177453	47.4493124
	9.7203862	47.4490952
	9.7218853	47.4489748
	9.7223981	47.4489331
	9.7228323	47.4488995
	9.7230569	47.4488785
	9.7235085	47.4488526
	9.7238862	47.448847
	9.7244428	47.4488646
	9.7246146	47.4488716
	9.7252672	47.4489359
	9.7253718	47.4488156
	9.7254976	47.4485592
	9.7261313	47.4483047
	9.7276489	47.4473967
	9.7277583	47.4473005
	9.7278546	47.4472902
	9.7300497	47.446085
	9.7342007	47.4440692
	9.7345094	47.4439197
	9.7347245	47.4438638
	9.734903	47.4437731
	9.7349849	47.4437587
	9.7355905	47.4445754
	9.7357177	47.4448337
	9.7363598	47.4456106
	9.7365231	47.445813
	9.7367067	47.4460685
	9.7367609	47.4461603
	9.736847	47.4462453
	9.7369023	47.4463597
	9.7371244	47.4466492
	9.7373094	47.4469135
	9.7378479	47.4475603
	9.7380668	47.4478375
	9.7383099	47.44822
	9.7388375	47.4489165
	9.7390726	47.4492029
	9.7392088	47.4493991
	9.7395164	47.4497882
	9.7397764	47.4501196
	9.7399955	47.4503907
	9.740243	47.4506681
	9.7404806	47.4509802
	9.7405078	47.450983
	9.7405317	47.4510549
	9.7414481	47.4511717
	9.7417547	47.4511476
	9.7431473	47.4509813
	9.7442545	47.4507871
	9.745136	47.4506387
	9.7464213	47.4504718
	9.7475909	47.4502966
	9.7494024	47.4500375
	9.7495639	47.4500255
	9.7508905	47.4498319
	9.7524446	47.4496183
	9.7525693	47.4504656
	9.752703	47.4514517
	9.7541031	47.4508059
	9.7542535	47.4506791
	9.7544529	47.4505605
	9.7545359	47.4508547
	9.7547614	47.4514096
	9.7549691	47.4519033
	9.7551476	47.4523129
	9.7546301	47.4525189
	9.7548383	47.4531588
	9.7557023	47.4526679
	9.7561698	47.4529356
	9.7562744	47.4530456
	9.7574	47.4524926
	9.7575098	47.4526813
	9.7582311	47.4523084
	9.7586196	47.4529786
	9.7589368	47.453531
	9.7587774	47.4536058
	9.7585048	47.4536838
	9.7590343	47.4543262
	9.7595138	47.4549124
	9.7593686	47.4550839
	9.7598897	47.455395
	9.760679	47.4558791
	9.7610733	47.4563641
	9.7611388	47.456465
	9.7605784	47.4565072
	9.7610418	47.4574268
	9.7606847	47.4574142
	9.7596821	47.4573421
	9.7590604	47.4575463
	9.758808	47.4577473
	9.7589582	47.4579885
	9.7593251	47.4579377
	9.7595781	47.4580536
	9.7596567	47.4581152
	9.7596915	47.4582122
	9.7596392	47.4584275
	9.7595142	47.4584596
	9.7594297	47.4585296
	9.7594354	47.4586192
	9.7588254	47.4586431
	9.7584478	47.4586023
	9.7580956	47.4585911
	9.7578775	47.4585135
	9.7578829	47.4587866
	9.7576285	47.4591379
	9.7575828	47.4591908
	9.7576787	47.4593169
	9.7576037	47.4594173
	9.7575038	47.4595125
	9.7574615	47.4595724
	9.7574406	47.4596635
	9.757564	47.4598544
	9.7578721	47.4600426
	9.7577711	47.460214
	9.7576453	47.4603083
	9.7576427	47.4604343
	9.7577739	47.4605534
	9.7577456	47.4607274
	9.7576695	47.4610024
	9.7575624	47.4612503
	9.7572381	47.4612764
	9.7569456	47.4613393
	9.7571605	47.4614656
	9.757432	47.4615836
	9.757338	47.4618403
	9.7576544	47.4621216
	9.7573939	47.4622823
	9.7570977	47.4619567
	9.7567157	47.4618635
	9.7565882	47.461888
	9.7564552	47.4618117
	9.7564029	47.4620237
	9.7561581	47.4619975
	9.7554598	47.4620444
	9.7555479	47.4621997
	9.7554067	47.4626732
	9.7551269	47.4631248
	9.7549281	47.463451
	9.7548066	47.4636617
	9.7546125	47.464052
	9.7545878	47.4642169
	9.7546137	47.4644072
	9.7548458	47.4644725
	9.7553886	47.4645789
	9.7555825	47.4647055
	9.7551327	47.4650879
	9.7555271	47.4651237
	9.7561828	47.465222
	9.7567038	47.4652539
	9.7570373	47.4652834
	9.7579964	47.4651033
	9.7585427	47.4649974
	9.758668	47.4650261
	9.7589736	47.4650042
	9.759603	47.4649199
	9.7599561	47.4649431
	9.7604812	47.4648641
	9.7607475	47.4648878
	9.7608677	47.4655852
	9.7611051	47.4655795
	9.761724	47.4656049
	9.7619269	47.465655
	9.7619878	47.4651658
	9.762118	47.4651887
	9.7622049	47.4651927
	9.7623173	47.4652274
	9.7624283	47.4652286
	9.7625144	47.4652158
	9.7627726	47.4652458
	9.7630306	47.4653285
	9.7633485	47.4653382
	9.7634801	47.4653821
	9.7634504	47.4658547
	9.763837	47.4660606
	9.7640207	47.4661353
	9.7641166	47.4661058
	9.7644879	47.4661311
	9.7650573	47.4662045
	9.7654722	47.4662478
	9.7656213	47.4662202
	9.7657089	47.4661615
	9.7659263	47.4661638
	9.7658898	47.4662423
	9.7657929	47.4667344
	9.765691	47.4669791
	9.7656055	47.467111
	9.7654894	47.4672511
	9.7654367	47.4673408
	9.7657026	47.4674158
	9.7659589	47.4674322
	9.7667976	47.46764
	9.7673797	47.467749
	9.7674553	47.4677254
	9.767578	47.4677163
	9.7676459	47.4676662
	9.768023	47.4676308
	9.768442	47.4676092
	9.7688699	47.4674101
	9.7691342	47.467304
	9.7693726	47.4672912
	9.7697526	47.4673443
	9.7699203	47.4673983
	9.7702255	47.4674598
	9.7707099	47.4676556
	9.7706894	47.4679253
	9.7705928	47.4681861
	9.7706611	47.4683116
	9.7718399	47.4683062
	9.7725652	47.4683003
	9.7736628	47.4683111
	9.7745453	47.4683793
	9.7757293	47.468494
	9.7760562	47.468523
	9.7762936	47.4685612
	9.7764851	47.4685739
	9.7767411	47.4686208
	9.7776956	47.4688228
	9.7782918	47.4689466
	9.778725	47.4690617
	9.7789531	47.4690984
	9.7791809	47.4691166
	9.7796991	47.4692529
	9.7798706	47.4692898
	9.7801259	47.4693437
	9.7806047	47.4695117
	9.7807862	47.4695786
	9.7815126	47.4698156
	9.7819441	47.4698597
	9.7825677	47.4699382
	9.7829429	47.4702088
	9.7831666	47.4703738
	9.7833261	47.470465
	9.7835043	47.4705478
	9.7839091	47.4706723
	9.7840606	47.4706897
	9.7844521	47.4708436
	9.7846142	47.470884
	9.7847141	47.4709396
	9.784881	47.4709285
	9.7849924	47.4709553
	9.7852652	47.4705214
	9.7855691	47.4705844
	9.7858716	47.4706428
	9.7871167	47.4709584
	9.7880727	47.4712119
	9.7883281	47.4714873
	9.7888887	47.4718361
	9.7889389	47.4718431
	9.789003	47.4722657
	9.7892212	47.4722973
	9.7893252	47.4724051
	9.7899813	47.4726879
	9.7910803	47.4731684
	9.7907782	47.4741608
	9.7903766	47.4754342
	9.7900229	47.4764782
	9.7896388	47.4774585
	9.7893316	47.4782358
	9.7888105	47.4791254
	9.7885283	47.4796184
	9.7883905	47.4798943
	9.787533	47.479617
	9.787168	47.479503
	9.7864341	47.4792904
	9.7857943	47.4791053
	9.7849	47.47886
	9.7838978	47.4787676
	9.7830545	47.4788495
	9.7820379	47.478938
	9.7808025	47.4788607
	9.780278	47.478658
	9.780045	47.4785707
	9.7792329	47.4779188
	9.7789485	47.4776345
	9.77837	47.477138
	9.7776573	47.4766589
	9.7773049	47.4765243
	9.7766966	47.4763822
	9.7756467	47.476078
	9.7733722	47.4754808
	9.7723981	47.4753492
	9.771764	47.4752687
	9.7714121	47.4752136
	9.7696456	47.4750044
	9.7678839	47.4749906
	9.7669049	47.4749845
	9.7662917	47.4750414
	9.7656362	47.4751175
	9.7650488	47.4753307
	9.7644871	47.4755704
	9.7639298	47.4757901
	9.7630339	47.4762665
	9.7621955	47.4768071
	9.761246	47.4775758
	9.7591093	47.4787578
	9.7580118	47.4792878
	9.7574528	47.4795162
	9.757257	47.4796076
	9.7565897	47.4799165
	9.7554894	47.4803436
	9.7530926	47.481329
	9.7504275	47.48238
	9.7478725	47.4833327
	9.7456258	47.4841984
	9.7447573	47.4844167
	9.7437435	47.4846559
	9.7427891	47.4848307
	9.7421905	47.4849528
	9.7408687	47.4851337
	9.7401246	47.4852418
	9.7392272	47.4852777
	9.7382895	47.485352
	9.737028	47.4854015
	9.736141	47.4854606
	9.7359264	47.4849277
	9.7356821	47.4843837
	9.7353332	47.4835377
	9.7351516	47.4831703
	9.7352422	47.4831487
	9.735346	47.4831536
	9.7356821	47.4831161
	9.735972	47.4830364
	9.7361554	47.4830353
	9.7362471	47.4829623
	9.736946	47.4828777
	9.7371379	47.4828118
	9.7371952	47.4821146
	9.7377328	47.482289
	9.7380057	47.4823484
	9.7381552	47.4824001
	9.7390179	47.4821969
	9.7394688	47.4820832
	9.7394259	47.481854
	9.739398	47.4816228
	9.7398777	47.4815033
	9.7399516	47.4814049
	9.7401732	47.4810123
	9.740251	47.4806701
	9.7402952	47.480568
	9.7404143	47.4803904
	9.7407174	47.4801063
	9.7408582	47.4800006
	9.7408529	47.4799424
	9.7407375	47.4799004
	9.7404532	47.4789546
	9.740365	47.478678
	9.740869	47.4786184
	9.7408193	47.4783872
	9.7400603	47.4784579
	9.7400139	47.4779019
	9.739957	47.4772723
	9.7390904	47.4772934
	9.7390796	47.4769215
	9.7389949	47.4769185
	9.7390115	47.4767172
	9.7398773	47.4767136
	9.7398226	47.4764453
	9.7398036	47.4760247
	9.7397658	47.4755691
	9.7394109	47.4756028
	9.7393768	47.4753233
	9.7395783	47.4752856
	9.7395726	47.4750938
	9.7397837	47.4751063
	9.7396837	47.4743316
	9.7403733	47.4743483
	9.7404371	47.4735616
	9.7404859	47.4732041
	9.7389254	47.4732009
	9.7388965	47.4727306
	9.7391711	47.4727121
	9.7391719	47.472189
	9.7391491	47.4710694
	9.7395002	47.4710665
	9.739434	47.470028
	9.7401622	47.469923
	9.7409449	47.4698338
	9.741841	47.4697528
	9.741865	47.4697
	9.741865	47.469472
	9.7417817	47.4684353
	9.741888	47.467797
	9.7419542	47.4672348
	9.7415986	47.4670642
	9.7412947	47.466976
	9.7404254	47.4667343
	9.7398882	47.4665953
	9.7394242	47.4664726
	9.7387331	47.4663901
	9.7385376	47.4663672
	9.7385416	47.4660544
	9.738544	47.4656428
	9.7385354	47.4652624
	9.7381559	47.4652392
	9.7376999	47.4652095
	9.7372753	47.4650212
	9.7367591	47.4647848
	9.7357626	47.4643352
	9.7337749	47.4634492
	9.7330964	47.4631707
	9.7314855	47.4625442
	9.7314313	47.4624802
	9.7315137	47.4622924
	9.7310008	47.4621275
	9.7308885	47.4620216
	9.7302978	47.4617995
	9.7305194	47.4611836
	9.7285882	47.4604157
	9.7282891	47.4612328
	9.7278975	47.4611409
	9.726675	47.4606474
	9.7257279	47.4602731
	9.7251905	47.4601391
	9.7249246	47.4600582
	9.7251513	47.4598727
	9.72524	47.4596901
	9.7253878	47.4594828
	9.7254398	47.4593209
	9.7254269	47.4592946
	9.7246848	47.4590869
	9.7238983	47.4588811
	9.7227538	47.45861
	9.7220248	47.4584085
	9.7212835	47.4582299
	9.7203329	47.4579462
	9.7199139	47.4578142
	9.7200636	47.4576936
	9.7205668	47.4572099
	9.7197409	47.4569983
	9.7195049	47.4569646
	9.7184081	47.4566871
	9.7177995	47.4565342
	9.7147488	47.455758
	9.7149679	47.455357
	9.7151318	47.4551726
	9.7161323	47.4535764
	9.7163174	47.4532927
	9.7164069	47.453103
	9.716449	47.4530836
	9.7165223	47.4530063
	9.7153276	47.452188
	9.7142944	47.4513939
	9.7143231	47.4513488
	9.7142665	47.4513274
	9.7141995	47.4511478
	9.7139803	47.4509632
	9.7138307	47.4508962
	9.7137505	47.4508141
	9.7137955	47.4507179
	9.7137735	47.4503898
	9.7137043	47.4503022
	9.7135442	47.4502993
	9.7134015	47.4503666
	9.7132934	47.4503782
	9.7130381	47.4504045
	9.7129557	47.4503577
	9.7129437	47.4500689
	9.7128074	47.4499632
	9.712242	47.4495945
END
END
