7872685
1
	16.5973057	47.9038926
	16.5979454	47.9036465
	16.5986874	47.9035662
	16.5989498	47.9034923
	16.5991896	47.9033664
	16.5994747	47.9032882
	16.5997015	47.9031339
	16.599857	47.9030775
	16.6000612	47.903034
	16.6005083	47.9029732
	16.6011466	47.9026691
	16.6017654	47.9022868
	16.6021671	47.9020001
	16.6023453	47.9018959
	16.6024749	47.901796
	16.6027601	47.9014853
	16.6030225	47.9009097
	16.6030988	47.9006831
	16.6033393	47.900551
	16.6035295	47.9004727
	16.6037632	47.9002914
	16.60388	47.9001302
	16.6040954	47.8999366
	16.6045673	47.8996878
	16.605848	47.8986065
	16.6062421	47.8981319
	16.6063818	47.897989
	16.6065468	47.8978692
	16.6068423	47.8976526
	16.6070302	47.8975651
	16.6073326	47.8974022
	16.607706	47.8971596
	16.6077977	47.8970597
	16.6080038	47.8969107
	16.6081894	47.8967202
	16.6082834	47.8965666
	16.6084781	47.8964361
	16.6088172	47.8962656
	16.6092341	47.895923
	16.6093441	47.8957925
	16.6096259	47.8955559
	16.609729	47.8954269
	16.6098115	47.8952594
	16.6100199	47.8949768
	16.6100199	47.8948201
	16.6101253	47.8946051
	16.6102078	47.8942855
	16.6101895	47.894158
	16.6102651	47.8937663
	16.6102353	47.8935528
	16.6102261	47.8927955
	16.6106156	47.8921733
	16.6105904	47.8921656
	16.610902	47.8918062
	16.6114175	47.8912378
	16.6120681	47.8905127
	16.6127348	47.8903621
	16.6133236	47.8902285
	16.6137268	47.8901148
	16.6141781	47.8897845
	16.6157589	47.8886062
	16.6175459	47.8872773
	16.618767	47.8863647
	16.6216652	47.8841676
	16.621711	47.8841907
	16.6229069	47.8832657
	16.6264946	47.8805154
	16.6295577	47.8781952
	16.6304054	47.877556
	16.6325402	47.8759213
	16.6338828	47.8749163
	16.6347854	47.8742217
	16.6364029	47.8729954
	16.6385141	47.8713824
	16.6409479	47.8694667
	16.6427345	47.8707942
	16.6444649	47.8705017
	16.6450698	47.8703507
	16.6461061	47.870033
	16.6469315	47.8696775
	16.6474098	47.8694793
	16.6475739	47.8694007
	16.6470299	47.8678341
	16.64635	47.8658648
	16.6464438	47.8658585
	16.6475223	47.8652513
	16.6486243	47.8642006
	16.6488682	47.8639741
	16.6496653	47.8634487
	16.6501577	47.8631215
	16.6506595	47.8627723
	16.6512363	47.8623979
	16.6557102	47.8632454
	16.6562337	47.8633351
	16.6563128	47.8633222
	16.6564064	47.8633592
	16.6564376	47.8633303
	16.6564736	47.8633351
	16.6566128	47.8632272
	16.6569103	47.8629198
	16.6569343	47.8626799
	16.6571599	47.8626638
	16.6577238	47.8625302
	16.6580165	47.8624738
	16.6582253	47.8624561
	16.6584485	47.8624625
	16.658902	47.8625607
	16.6592043	47.8625978
	16.6597418	47.8626895
	16.6607904	47.8629906
	16.6610064	47.8630727
	16.6613111	47.8631403
	16.6614335	47.8632128
	16.6615727	47.8634253
	16.6617551	47.8636522
	16.661983	47.8638342
	16.6622182	47.8638825
	16.6623621	47.8639404
	16.6627413	47.8641899
	16.6633364	47.864499
	16.6638283	47.8647276
	16.6640658	47.8648596
	16.6645458	47.8651875
	16.6646009	47.8652251
	16.665232	47.865584
	16.6653304	47.865679
	16.6653712	47.8657241
	16.6653784	47.8657917
	16.6653832	47.8660171
	16.6655584	47.8663712
	16.6656759	47.8666706
	16.6658223	47.8668815
	16.6660047	47.8670328
	16.6660983	47.8671536
	16.6662182	47.8673049
	16.6664222	47.8675045
	16.6669765	47.8680937
	16.6697639	47.8665972
	16.6712638	47.8659097
	16.6729504	47.8651402
	16.6741076	47.8648397
	16.6757534	47.8689215
	16.6764799	47.8706719
	16.6768351	47.8715604
	16.677257	47.871818
	16.6777661	47.872127
	16.680372	47.8737462
	16.6833571	47.875581
	16.6845953	47.8763407
	16.6860158	47.8772259
	16.6896919	47.8794887
	16.6928401	47.8814071
	16.6943519	47.8823147
	16.7073527	47.8825883
	16.7221052	47.8829133
	16.7325001	47.8831547
	16.7375591	47.883261
	16.7449229	47.8834294
	16.7486815	47.8835214
	16.7600294	47.8837672
	16.7717573	47.8840039
	16.7841761	47.88422
	16.7906872	47.8901998
	16.742748	47.891242
	16.7389	47.89138
	16.736013	47.891365
	16.73375	47.891443
	16.7313242	47.8915072
	16.7281059	47.8915606
	16.726875	47.891587
	16.7213516	47.8917132
	16.7178785	47.8917878
	16.713775	47.89185
	16.708343	47.89201
	16.6988601	47.8921976
	16.6911083	47.8923606
	16.683926	47.8925097
	16.6760727	47.8926863
	16.6746212	47.8937109
	16.67246	47.8952851
	16.6714139	47.8960623
	16.6711607	47.8962606
	16.6704604	47.8966746
	16.6700304	47.8970236
	16.6696667	47.8973655
	16.669096	47.8979681
	16.6679901	47.8991041
	16.6697685	47.9003629
	16.6709767	47.9012224
	16.670073	47.902118
	16.6692577	47.9029247
	16.6681525	47.9040343
	16.6674207	47.9047554
	16.6669197	47.9052559
	16.6658167	47.9063098
	16.6655938	47.9065047
	16.6651175	47.9069362
	16.6646337	47.9073758
	16.6645064	47.9074728
	16.6644594	47.9075157
	16.6643316	47.9077047
	16.6640566	47.9080524
	16.6638454	47.9083602
	16.6637251	47.9084985
	16.6634893	47.9086878
	16.6631283	47.9091751
	16.6629073	47.9095109
	16.6626101	47.909845
	16.6624284	47.9100508
	16.662173	47.9104064
	16.6618218	47.9108804
	16.6613798	47.911292
	16.6612668	47.9114006
	16.6611514	47.9114714
	16.6610949	47.9115076
	16.6610139	47.9115224
	16.6607314	47.9115306
	16.6605693	47.911557
	16.6604599	47.9117072
	16.660453	47.9117491
	16.6597375	47.9124726
	16.6591555	47.9129993
	16.6588509	47.9132018
	16.6583991	47.9136363
	16.6580135	47.9140626
	16.6582419	47.9141318
	16.6584064	47.9141597
	16.658512	47.9142042
	16.6589835	47.91454
	16.6591309	47.9147655
	16.6591284	47.9148807
	16.6589737	47.9149202
	16.6588779	47.9149696
	16.6586938	47.9149959
	16.6583966	47.9151638
	16.6582026	47.9152214
	16.6580921	47.9152313
	16.6577925	47.9152132
	16.6572964	47.9152296
	16.6566628	47.9153712
	16.6559997	47.9155094
	16.6556142	47.9156296
	16.6548651	47.9159736
	16.6546687	47.9161135
	16.6544968	47.9161859
	16.6542684	47.9162666
	16.6537281	47.91639
	16.6536299	47.916446
	16.6533646	47.9167636
	16.6533573	47.916841
	16.6534973	47.9172459
	16.6533646	47.9174335
	16.653124	47.9176689
	16.6529717	47.917896
	16.6520778	47.9184161
	16.651179	47.9187535
	16.6505429	47.9189559
	16.6490522	47.919425
	16.6479103	47.9196357
	16.6475861	47.9197295
	16.6471195	47.9200307
	16.6468371	47.9202002
	16.6459407	47.9206133
	16.6455404	47.9210428
	16.6452678	47.9211613
	16.6451228	47.9212914
	16.6448901	47.921431
	16.6448068	47.9215311
	16.6441365	47.9220152
	16.6436884	47.9227367
	16.6433446	47.9233372
	16.6433099	47.9235164
	16.6431675	47.9238725
	16.6430181	47.9240749
	16.6429224	47.9241753
	16.6426719	47.9243563
	16.6424017	47.9245588
	16.6422077	47.924753
	16.641999	47.9249916
	16.6418222	47.9252549
	16.6416453	47.9255626
	16.6413163	47.9259164
	16.6412131	47.926081
	16.6411591	47.9263755
	16.6410388	47.9264981
	16.6410105	47.9264883
	16.6407358	47.9268055
	16.6400752	47.9272053
	16.6392549	47.9275378
	16.6384175	47.9281812
	16.6364725	47.9296753
	16.6359813	47.9300653
	16.6354582	47.9305211
	16.634832	47.9310575
	16.6337294	47.931997
	16.6327937	47.9327984
	16.6320777	47.9334169
	16.6321924	47.9325061
	16.632587	47.9318083
	16.6327469	47.9313773
	16.6328073	47.9309867
	16.632629	47.9305169
	16.6325501	47.9298954
	16.6323488	47.9294602
	16.6322422	47.9293865
	16.631025	47.9287802
	16.6301629	47.9283513
	16.6285494	47.9273859
	16.6276472	47.9270878
	16.6272223	47.9269781
	16.6263955	47.9266214
	16.6252226	47.9264595
	16.6247819	47.9264047
	16.6241131	47.9258642
	16.6237034	47.9253881
	16.6234668	47.9251472
	16.6229277	47.9245973
	16.6220217	47.9239523
	16.6216177	47.9234845
	16.6197788	47.9219428
	16.619013	47.9209746
	16.6184663	47.9207467
	16.6172551	47.9200631
	16.6165211	47.9197036
	16.6160311	47.9191856
	16.6156022	47.9189267
	16.6149232	47.9183813
	16.6144102	47.9179987
	16.6141412	47.9176426
	16.6140631	47.9174916
	16.6140076	47.9173844
	16.6137018	47.9170199
	16.613018	47.916328
	16.6122313	47.9156783
	16.611182	47.9151677
	16.6107455	47.9149127
	16.6102333	47.9144268
	16.6097332	47.9137893
	16.6095641	47.9134263
	16.6091735	47.9129452
	16.6089443	47.9127517
	16.608346	47.9123438
	16.6079929	47.9118981
	16.6074507	47.9113521
	16.6064359	47.9104895
	16.6054709	47.9096825
	16.6051803	47.9093567
	16.6044457	47.9087708
	16.6034848	47.9080438
	16.6029663	47.9077213
	16.6027692	47.9076519
	16.6024319	47.9073889
	16.6017973	47.9065276
	16.6014177	47.9059758
	16.6010896	47.9055776
	16.6001079	47.9053048
	16.5992096	47.9050107
	16.5982959	47.904624
	16.5977741	47.9043177
	16.5973057	47.9038926
END
END
