7872151
1
	14.0504679	48.3990759
	14.0504824	48.3989401
	14.0505957	48.39877
	14.050898	48.3984321
	14.0510837	48.3982852
	14.0512972	48.3982307
	14.0516686	48.398023
	14.0520392	48.397807
	14.0524827	48.3975306
	14.0526083	48.3973893
	14.0530364	48.3968074
	14.053053	48.396123
	14.0531119	48.395988
	14.0531954	48.3958091
	14.0530625	48.3955552
	14.0529182	48.3952823
	14.0529851	48.3951089
	14.0530279	48.39499
	14.0534005	48.3945892
	14.0540284	48.3941487
	14.0541409	48.3939744
	14.0541138	48.3939116
	14.0539077	48.3937878
	14.0538361	48.3935291
	14.0537221	48.3932816
	14.0536121	48.3930216
	14.0537423	48.3928845
	14.0540867	48.392537
	14.0543341	48.3922948
	14.0545554	48.3921526
	14.0546348	48.3920542
	14.0546221	48.3918818
	14.0545134	48.3916784
	14.0545924	48.3912612
	14.0545753	48.3909811
	14.0548946	48.390807
	14.0550597	48.390692
	14.0548456	48.3903262
	14.0550315	48.3901046
	14.0552063	48.3896103
	14.0554066	48.3892331
	14.0555846	48.3890333
	14.0554668	48.3886901
	14.0551633	48.3884554
	14.0550498	48.3882026
	14.0549713	48.3880583
	14.0547644	48.3878725
	14.0543658	48.3876985
	14.0541366	48.387532
	14.0538638	48.3872568
	14.0538312	48.3870327
	14.0538016	48.386808
	14.0537199	48.3866755
	14.0536466	48.3865406
	14.0538876	48.3863682
	14.0542765	48.386079
	14.0544566	48.3858582
	14.0546175	48.3856993
	14.055169	48.3852874
	14.0556384	48.3849023
	14.0558115	48.3847596
	14.056237	48.3843913
	14.0565796	48.3840741
	14.0568226	48.3839645
	14.0574977	48.3837594
	14.0578858	48.3836898
	14.0582203	48.3835961
	14.0585259	48.3833798
	14.058767	48.3833076
	14.0590336	48.3832792
	14.0595087	48.3832964
	14.0599786	48.3833662
	14.0602334	48.3833673
	14.0607343	48.3832887
	14.0611609	48.3832173
	14.0615254	48.3829903
	14.0617991	48.382502
	14.0617757	48.3821601
	14.0617093	48.3819172
	14.0617541	48.3818446
	14.0619159	48.3817952
	14.0623023	48.3814167
	14.0625802	48.3811085
	14.0627395	48.3810709
	14.0629342	48.3808648
	14.0632886	48.3806422
	14.0634837	48.380639
	14.063626	48.3806188
	14.0637388	48.3805342
	14.0638589	48.3804656
	14.0639896	48.3804329
	14.0641553	48.3805925
	14.0642166	48.3806887
	14.0643507	48.3808128
	14.0645465	48.3808497
	14.0646309	48.3808174
	14.0650384	48.3810162
	14.0654489	48.3812398
	14.0658938	48.3814752
	14.0662461	48.3816381
	14.0664632	48.3818192
	14.0667048	48.3819078
	14.0668556	48.3818748
	14.0669999	48.3819196
	14.067277	48.382085
	14.0676378	48.3823475
	14.0678405	48.3825297
	14.0679611	48.3826585
	14.0682139	48.3828704
	14.0686174	48.3831248
	14.0687735	48.3831308
	14.069067	48.3832339
	14.0691008	48.3833124
	14.0693809	48.3834795
	14.0696235	48.3835743
	14.0698664	48.3836075
	14.0699065	48.3836898
	14.0697287	48.3839245
	14.069743	48.3841018
	14.0698314	48.3842785
	14.070026	48.3845649
	14.0702848	48.3846783
	14.0705905	48.3850901
	14.0705498	48.3853697
	14.0707509	48.3858355
	14.0707837	48.38599
	14.0707671	48.3862153
	14.0708162	48.3864638
	14.0708733	48.3866046
	14.0709803	48.386894
	14.0709693	48.3870271
	14.071089	48.3870873
	14.0711409	48.387451
	14.0712805	48.3876848
	14.0713974	48.3879607
	14.0713933	48.3881872
	14.0713436	48.3883313
	14.0714366	48.3885159
	14.0715586	48.3887173
	14.0716737	48.388731
	14.0720858	48.3887149
	14.0724159	48.3886225
	14.0725788	48.3885358
	14.0731879	48.3883145
	14.0739859	48.3882981
	14.0745521	48.3883006
	14.0747239	48.3883346
	14.0754221	48.3885185
	14.0761511	48.3885822
	14.0768969	48.3887745
	14.0771411	48.3888554
	14.0772678	48.3890908
	14.0773106	48.3893397
	14.0773769	48.3894781
	14.0775928	48.3896662
	14.0780127	48.3900208
	14.0789213	48.3901323
	14.0791821	48.3901747
	14.0792851	48.3902324
	14.0792672	48.3903302
	14.0792662	48.3904053
	14.0793003	48.3904846
	14.0793502	48.3905564
	14.0795405	48.3906964
	14.0798174	48.3908865
	14.0799561	48.3910266
	14.0800391	48.3911936
	14.0801186	48.3914326
	14.0801133	48.391614
	14.0803383	48.3919579
	14.0804001	48.3920778
	14.0804672	48.3922759
	14.0804129	48.392456
	14.0802087	48.3926795
	14.0798567	48.3929625
	14.0792727	48.3935198
	14.0785113	48.3940248
	14.0784036	48.3941254
	14.0779059	48.3946923
	14.0796897	48.3941186
	14.0807597	48.3937546
	14.0808702	48.3937037
	14.0809231	48.3936473
	14.0811605	48.3936063
	14.0813149	48.3936118
	14.0814739	48.3935696
	14.0820626	48.3932509
	14.0823791	48.3929803
	14.0825832	48.3928657
	14.0827963	48.3927676
	14.082868	48.392748
	14.0834615	48.3925549
	14.0838308	48.3924211
	14.0841903	48.3923213
	14.0845358	48.3922199
	14.0847464	48.392157
	14.0860419	48.3918752
	14.0862723	48.3917985
	14.0870497	48.3914954
	14.0873139	48.3914108
	14.0877731	48.3912653
	14.0887181	48.3909468
	14.0890941	48.3908833
	14.0894229	48.3908279
	14.0895994	48.3907776
	14.0898709	48.3906773
	14.0900291	48.3906385
	14.0903675	48.3905937
	14.090575	48.390545
	14.0909853	48.3902706
	14.0912499	48.3900668
	14.0914715	48.3898875
	14.0919681	48.3895823
	14.0921739	48.3894086
	14.0924304	48.3892698
	14.0930982	48.3897688
	14.093489	48.3900428
	14.0940234	48.3903611
	14.0942891	48.3902853
	14.0946413	48.3902606
	14.0949194	48.3902769
	14.0950495	48.3904249
	14.0954363	48.3907374
	14.0956358	48.3908046
	14.0961263	48.3907015
	14.0963486	48.3907119
	14.0967145	48.3907567
	14.0968304	48.3907984
	14.0969363	48.3909344
	14.0970567	48.3909778
	14.0972549	48.3909816
	14.0973535	48.3909225
	14.0980607	48.3908944
	14.0982393	48.3909018
	14.0983949	48.3911166
	14.0984787	48.391399
	14.0985156	48.3918453
	14.0985735	48.3920102
	14.09851	48.3921358
	14.0981977	48.3922943
	14.0982983	48.3924602
	14.0982366	48.3927991
	14.0981579	48.3929987
	14.0982208	48.3933236
	14.0981728	48.3934412
	14.0974545	48.3938938
	14.0972098	48.3940862
	14.0969065	48.3943532
	14.0971333	48.3944716
	14.0968644	48.3948218
	14.0965055	48.3951299
	14.0963944	48.3954211
	14.0974043	48.3957625
	14.0977394	48.3959335
	14.0977273	48.3964318
	14.0976616	48.3966086
	14.0970892	48.3972518
	14.0978281	48.3974753
	14.0984732	48.3976472
	14.0989742	48.3977361
	14.0994089	48.3978001
	14.0996785	48.3979119
	14.1000288	48.3981581
	14.1006096	48.3985058
	14.1013926	48.3990206
	14.1016747	48.3991559
	14.1020108	48.3992559
	14.1025755	48.3991749
	14.1031668	48.3992979
	14.1032202	48.399377
	14.1031219	48.399459
	14.1029202	48.3997629
	14.102945	48.4001403
	14.1030583	48.4002491
	14.1032162	48.4010116
	14.1031201	48.4011538
	14.1039681	48.4014792
	14.1045035	48.4018139
	14.1045929	48.4020993
	14.1045	48.4022845
	14.1046768	48.4025122
	14.1047675	48.4027811
	14.1046049	48.4028774
	14.104607	48.4029496
	14.1048958	48.4030973
	14.1050873	48.4030828
	14.1051444	48.4031427
	14.1050313	48.4032872
	14.1049159	48.4032786
	14.1048119	48.4033066
	14.1047901	48.4033665
	14.1048401	48.4034986
	14.1049424	48.4036463
	14.1050914	48.4036623
	14.1054974	48.4039261
	14.1055587	48.4040123
	14.1053897	48.4040651
	14.1052471	48.4040474
	14.1052721	48.4042281
	14.1054134	48.4042651
	14.1056068	48.4042459
	14.1060019	48.4046885
	14.1058943	48.4047749
	14.1059048	48.4048258
	14.1059764	48.4049609
	14.1062378	48.4049813
	14.1062835	48.4049358
	14.1063927	48.4048639
	14.1065024	48.4048305
	14.107385	48.405106
	14.1076284	48.4052736
	14.1079977	48.4054046
	14.1083624	48.4056712
	14.1087469	48.4057127
	14.1088709	48.4055814
	14.1090431	48.4055436
	14.1091556	48.4056315
	14.1092425	48.4057645
	14.1093623	48.4058354
	14.1096494	48.4059342
	14.1099512	48.4058282
	14.1100464	48.4058143
	14.1105411	48.4060419
	14.1106891	48.4062942
	14.110554	48.4063484
	14.1105181	48.4064602
	14.1105623	48.4065776
	14.1109042	48.4067977
	14.1110445	48.406776
	14.1110549	48.4066755
	14.1113658	48.4066879
	14.1116663	48.4067434
	14.1122506	48.4067842
	14.1126135	48.4068902
	14.1133229	48.4070122
	14.1136302	48.4069403
	14.1139738	48.4069646
	14.1142089	48.4070234
	14.1151532	48.406999
	14.1154618	48.4069554
	14.1156169	48.4069075
	14.1157783	48.4068191
	14.1157489	48.4067383
	14.1161848	48.4066008
	14.116821	48.4065838
	14.1169027	48.406617
	14.1170914	48.4066248
	14.1173279	48.4065105
	14.1174649	48.406277
	14.1177068	48.4061438
	14.1178337	48.4061616
	14.1182978	48.40609
	14.1183812	48.4060239
	14.1186177	48.4057616
	14.1187594	48.4055659
	14.1188809	48.4053115
	14.1190031	48.4051371
	14.1194036	48.4048946
	14.1197073	48.4047552
	14.1197644	48.4046432
	14.1198471	48.4045487
	14.1201818	48.404442
	14.1204294	48.4044676
	14.1206115	48.4044404
	14.1210188	48.40422
	14.1213409	48.4040402
	14.1214583	48.4038971
	14.1215662	48.4038709
	14.121874	48.4038727
	14.1219624	48.4037339
	14.1218845	48.403591
	14.1225818	48.4032744
	14.1229103	48.4031515
	14.123123	48.403099
	14.123613	48.402835
	14.1239437	48.4026247
	14.1242314	48.402366
	14.1250347	48.4018571
	14.1254767	48.4015571
	14.1260819	48.4011315
	14.1265148	48.4009929
	14.1267171	48.4009697
	14.1269097	48.4009808
	14.1276654	48.4009289
	14.1278372	48.4009431
	14.1285119	48.401069
	14.1290549	48.4012031
	14.130086	48.4013344
	14.1300533	48.4011186
	14.1301825	48.4008755
	14.1305127	48.4004101
	14.1317046	48.4003093
	14.1323975	48.400357
	14.1332199	48.4004813
	14.1339906	48.400602
	14.1342261	48.4005819
	14.1346765	48.4004722
	14.1349814	48.4004527
	14.1352314	48.400513
	14.1363724	48.4003826
	14.1370512	48.400432
	14.1369307	48.4007186
	14.1367731	48.4009792
	14.1366767	48.4012799
	14.1364251	48.4016121
	14.1362389	48.4017787
	14.1355037	48.4019747
	14.1351463	48.4021024
	14.1348667	48.4022244
	14.1344856	48.4023929
	14.1344288	48.4024358
	14.1342856	48.4025636
	14.1342663	48.4026322
	14.1341936	48.4028133
	14.1339305	48.4029026
	14.133793	48.4029799
	14.1336684	48.4031561
	14.1337599	48.403321
	14.1339774	48.4035535
	14.1343182	48.4038371
	14.1345591	48.404204
	14.1348056	48.4045147
	14.1347686	48.4050273
	14.134495	48.4054756
	14.134279	48.4056793
	14.1341146	48.4059291
	14.1337689	48.4062742
	14.1336643	48.4063861
	14.1335897	48.4068595
	14.133658	48.4074011
	14.1335905	48.4076581
	14.1336588	48.4079199
	14.1338451	48.4083657
	14.1340905	48.4086579
	14.1349012	48.408716
	14.1352798	48.4091682
	14.1355123	48.4094589
	14.1352741	48.4098843
	14.1347998	48.4103343
	14.1348573	48.4104465
	14.1351938	48.41063
	14.1353336	48.410784
	14.1353845	48.4109997
	14.1353513	48.4111915
	14.1352932	48.4112744
	14.1352992	48.4117015
	14.1354081	48.4121589
	14.135412	48.4123975
	14.1354199	48.4125844
	14.1352682	48.4129461
	14.1349681	48.4131901
	14.1347121	48.4134035
	14.1344098	48.4136491
	14.1345736	48.4137958
	14.1348092	48.413896
	14.1352118	48.4139039
	14.1352815	48.4139708
	14.1353919	48.414095
	14.1359003	48.4142523
	14.1359841	48.4144892
	14.1359674	48.4147408
	14.1361106	48.4147163
	14.136187	48.4146329
	14.1363528	48.414708
	14.136744	48.4151607
	14.1370535	48.4151314
	14.1372128	48.415182
	14.1371296	48.4153645
	14.1370883	48.415504
	14.1369094	48.415576
	14.1366996	48.4155551
	14.1366434	48.4158204
	14.1369288	48.415791
	14.1370117	48.4159317
	14.1370279	48.4161516
	14.1368038	48.4161813
	14.1369063	48.4163254
	14.1370488	48.4164631
	14.137368	48.4164458
	14.1374233	48.4165689
	14.1370341	48.4166108
	14.1369293	48.4167525
	14.1372344	48.4167974
	14.1373775	48.416998
	14.1376321	48.4168352
	14.1376667	48.4169793
	14.1375383	48.4170492
	14.1375967	48.4171242
	14.1378339	48.417151
	14.1380038	48.4170625
	14.1380571	48.4172075
	14.1380532	48.4173394
	14.1379479	48.4174832
	14.1381023	48.4177006
	14.1383265	48.4176478
	14.1384833	48.4175761
	14.1386878	48.4177638
	14.1386988	48.4178361
	14.1386268	48.4178983
	14.1384264	48.418012
	14.1381098	48.4180995
	14.1382195	48.4183395
	14.1382907	48.4184838
	14.1383764	48.4185177
	14.1387933	48.4186828
	14.1391387	48.4188698
	14.1394679	48.4190688
	14.1397479	48.4191033
	14.1401332	48.4191199
	14.1405116	48.4193105
	14.1405848	48.4194096
	14.1407125	48.4195322
	14.1409862	48.4194542
	14.1411813	48.4195995
	14.1416013	48.4196442
	14.1420871	48.4196626
	14.1424297	48.4196483
	14.1427497	48.41963
	14.1428572	48.4195347
	14.142914	48.4194248
	14.1433295	48.4194294
	14.1434894	48.4195313
	14.1438131	48.4194653
	14.144088	48.4193543
	14.1441344	48.4193018
	14.144261	48.4192443
	14.1444729	48.4191757
	14.144638	48.4192078
	14.1448063	48.4193413
	14.1450451	48.4191457
	14.1455124	48.4189882
	14.1463136	48.4189808
	14.1470308	48.4191268
	14.1473544	48.4191641
	14.1477722	48.4191777
	14.1477774	48.4192517
	14.1481809	48.4191873
	14.1485247	48.4190577
	14.1489141	48.4190113
	14.1497275	48.419035
	14.1503466	48.4190502
	14.1508699	48.4190627
	14.1509267	48.4191579
	14.1520806	48.4192086
	14.1527792	48.4187744
	14.1528712	48.4186692
	14.1536689	48.4180661
	14.1538368	48.4180116
	14.1539327	48.4180431
	14.1539834	48.4181648
	14.153986	48.4182217
	14.1538254	48.4182772
	14.1539469	48.4184766
	14.1544151	48.4186866
	14.1547805	48.4188272
	14.1547513	48.418893
	14.1546149	48.4188593
	14.1545358	48.4188891
	14.1544747	48.4190164
	14.1548112	48.4191604
	14.1548607	48.4190718
	14.1550646	48.4189193
	14.1552978	48.4188569
	14.1555416	48.4188336
	14.1556572	48.4189518
	14.1557222	48.4190397
	14.1558665	48.4190815
	14.156236	48.4191888
	14.1563849	48.4192146
	14.1570499	48.4191202
	14.157235	48.4190099
	14.1573065	48.4189395
	14.1574181	48.4189032
	14.1580453	48.4188438
	14.1581645	48.418845
	14.1583984	48.4187832
	14.1588308	48.4185901
	14.1587632	48.418517
	14.1587724	48.418444
	14.1590606	48.4183968
	14.1592728	48.4185258
	14.159662	48.4184998
	14.1598995	48.4183365
	14.1598846	48.4182061
	14.1599879	48.4181628
	14.1602104	48.4181501
	14.1610055	48.4183333
	14.1610545	48.4184221
	14.1613448	48.4184447
	14.1616998	48.4183991
	14.1618681	48.4181637
	14.1618846	48.4181121
	14.1623336	48.4178538
	14.1625691	48.4177921
	14.1630209	48.4177914
	14.163163	48.4180982
	14.1632647	48.4183416
	14.1631278	48.4184448
	14.1636295	48.4186387
	14.1639357	48.4187678
	14.163787	48.4191749
	14.1636763	48.4193597
	14.1636844	48.419524
	14.1639199	48.4196645
	14.164138	48.419683
	14.164444	48.4195013
	14.1643785	48.4193097
	14.1644955	48.4189928
	14.1645973	48.4186875
	14.1647594	48.4183497
	14.1652317	48.4181397
	14.1658406	48.4178284
	14.1661206	48.4176714
	14.1663856	48.4175671
	14.166903	48.4175273
	14.1675618	48.4173147
	14.1677569	48.4171816
	14.1680686	48.4171119
	14.1682606	48.4169257
	14.1685098	48.4168047
	14.1688981	48.4167707
	14.169435	48.41666
	14.1698273	48.416577
	14.1702316	48.416351
	14.1704945	48.4161495
	14.1706407	48.4160586
	14.1709171	48.4158693
	14.170703	48.4156759
	14.1705798	48.415554
	14.170371	48.4153541
	14.1702508	48.4152124
	14.1701075	48.4149726
	14.1699957	48.4147251
	14.1703502	48.4146752
	14.1707197	48.4146292
	14.1712152	48.4144247
	14.1715404	48.4142852
	14.1718367	48.4141433
	14.1722908	48.4139091
	14.1724728	48.4137446
	14.1725847	48.4135973
	14.1730545	48.413455
	14.1733761	48.4133917
	14.1735161	48.4132008
	14.1738288	48.4132325
	14.1736104	48.4136113
	14.1735942	48.4139413
	14.1734408	48.4140572
	14.1735407	48.4144052
	14.1735912	48.4145489
	14.1737506	48.4147531
	14.1739743	48.4148648
	14.1741345	48.41522
	14.1741076	48.4154006
	14.1740172	48.4155731
	14.173843	48.4157638
	14.1738305	48.415911
	14.1739205	48.4160599
	14.1739304	48.4164769
	14.1741267	48.4165089
	14.1746114	48.4167453
	14.1746519	48.4170029
	14.1748319	48.4171695
	14.1750694	48.4170789
	14.1753403	48.4170073
	14.1757574	48.4171361
	14.176013	48.4171848
	14.1762311	48.417242
	14.1769344	48.4173758
	14.1772945	48.4174168
	14.1775792	48.417431
	14.1778891	48.4174273
	14.1783762	48.4173511
	14.1784762	48.4174491
	14.1785307	48.4175494
	14.1785523	48.4177419
	14.1785824	48.4178709
	14.1788697	48.4180326
	14.1788737	48.4182973
	14.1788902	48.41841
	14.1791146	48.4184027
	14.1791485	48.4183654
	14.1800928	48.4181114
	14.1804531	48.4180488
	14.1808799	48.4179722
	14.1815359	48.4179441
	14.1829591	48.4178602
	14.1830407	48.4173689
	14.1830353	48.4171126
	14.1828556	48.4165623
	14.1826134	48.4160464
	14.1824058	48.4156432
	14.182872	48.4155812
	14.1835514	48.4154114
	14.1846283	48.4153909
	14.1850239	48.4153968
	14.1855284	48.4153443
	14.1857661	48.4152458
	14.186078	48.4148031
	14.1863502	48.4145967
	14.1865806	48.4143699
	14.1868065	48.4141184
	14.1867877	48.4140148
	14.186688	48.413838
	14.1867166	48.4135451
	14.1868827	48.4133302
	14.1869757	48.4131723
	14.1871399	48.4127944
	14.187143	48.4126
	14.1871048	48.4123258
	14.1870508	48.4115226
	14.1870506	48.4111096
	14.1886202	48.4107818
	14.1899168	48.4106552
	14.1904092	48.4106622
	14.1910009	48.4106657
	14.191602	48.4106328
	14.1921524	48.4105876
	14.1925295	48.4105648
	14.1930869	48.410615
	14.1936185	48.4106609
	14.1939374	48.4106538
	14.1945211	48.4105892
	14.1950342	48.410524
	14.1957935	48.4104275
	14.1961607	48.4103932
	14.196658	48.4101986
	14.1978969	48.4097798
	14.1983488	48.4094874
	14.1984384	48.4093487
	14.1983336	48.4091337
	14.1981713	48.4091363
	14.1980994	48.4090309
	14.198292	48.4084496
	14.1986273	48.4082774
	14.1988271	48.4079617
	14.1988673	48.4077885
	14.1990079	48.4075958
	14.19915	48.4074559
	14.1992361	48.4071358
	14.1993415	48.4070635
	14.1994614	48.4070229
	14.1996272	48.4070635
	14.1996918	48.4070149
	14.1997946	48.4065478
	14.1998949	48.4064006
	14.2001491	48.4062177
	14.2001328	48.4059739
	14.200512	48.405711
	14.2011003	48.405462
	14.201203	48.4056223
	14.2013961	48.4057888
	14.2023241	48.4064515
	14.2025009	48.4066753
	14.20332	48.4072337
	14.2039898	48.4077143
	14.2043911	48.4080641
	14.2044841	48.4083709
	14.2042003	48.4089907
	14.203776	48.4095393
	14.2033418	48.4098791
	14.2030878	48.4101624
	14.203087	48.4102842
	14.2035513	48.411048
	14.2037799	48.4113918
	14.2039431	48.4117666
	14.2040821	48.4123847
	14.2041204	48.4126631
	14.2041762	48.4128577
	14.2041129	48.4132409
	14.2038943	48.4135882
	14.2036052	48.4139973
	14.2033938	48.4140609
	14.2032981	48.4143026
	14.2028517	48.41448
	14.2028665	48.4145855
	14.2027581	48.4148565
	14.2026406	48.4149024
	14.2027112	48.4153845
	14.2025988	48.4155303
	14.2022633	48.4156528
	14.2019417	48.415957
	14.2015372	48.4162291
	14.2014972	48.4163524
	14.2013862	48.4164591
	14.2011676	48.4166038
	14.2009246	48.4166855
	14.2006078	48.4167814
	14.2004664	48.4172197
	14.20028	48.4174693
	14.2002103	48.4177175
	14.1998117	48.4179247
	14.199043	48.4182488
	14.1987956	48.4182357
	14.1982196	48.4182387
	14.1978744	48.4183993
	14.1976719	48.4182387
	14.1975589	48.4182903
	14.1972355	48.4185627
	14.1968956	48.4189554
	14.1968071	48.4191028
	14.196432	48.419397
	14.195907	48.4197899
	14.1954258	48.4200055
	14.1952069	48.4200596
	14.1954373	48.4207271
	14.1954821	48.4209146
	14.1955019	48.4210997
	14.1952796	48.4210694
	14.1956221	48.4216387
	14.1961559	48.4223097
	14.1964067	48.4224943
	14.1965606	48.4231122
	14.1969831	48.4231353
	14.1972446	48.4230949
	14.1973275	48.4230369
	14.1977848	48.4229094
	14.1980358	48.4228763
	14.198396	48.4226962
	14.1989743	48.4228227
	14.1993053	48.4229408
	14.1995025	48.4232811
	14.1997342	48.4236892
	14.2000858	48.4243498
	14.2003085	48.4244195
	14.2003331	48.4244925
	14.2001792	48.4248752
	14.2002621	48.4249758
	14.2003157	48.4251623
	14.2002363	48.4254619
	14.2002516	48.4256794
	14.2001183	48.4257267
	14.1999421	48.4256826
	14.1998203	48.425807
	14.1998369	48.4259111
	14.199757	48.426184
	14.1996755	48.4262498
	14.1994284	48.4263842
	14.1991241	48.4266157
	14.198874	48.4270572
	14.1988839	48.4271741
	14.1990779	48.4272364
	14.1991605	48.4272949
	14.1991833	48.4274446
	14.1991141	48.4274987
	14.1989971	48.4277136
	14.1991833	48.428185
	14.1989856	48.428581
	14.1987142	48.4286538
	14.1985932	48.4285716
	14.1984926	48.4286624
	14.1984738	48.428798
	14.1985868	48.4288403
	14.1985444	48.4290918
	14.1983459	48.4291684
	14.1981351	48.4291392
	14.197792	48.4292438
	14.1976531	48.4294225
	14.1975066	48.4295601
	14.1973972	48.4295854
	14.1971773	48.4296726
	14.1970439	48.4297854
	14.1969265	48.4299212
	14.1969404	48.4300937
	14.1969568	48.4302099
	14.1968793	48.4304195
	14.1967889	48.4304476
	14.196732	48.4306413
	14.196751	48.4307692
	14.1969289	48.4308155
	14.1971059	48.430907
	14.1969764	48.4310604
	14.197023	48.4317125
	14.1971402	48.4317504
	14.1972027	48.4319613
	14.1971099	48.4324236
	14.197089	48.4326975
	14.1972288	48.4328109
	14.1971266	48.4328159
	14.1969906	48.4328865
	14.196967	48.433097
	14.1970571	48.4333167
	14.1970713	48.4336372
	14.1972507	48.4337463
	14.197435	48.4341145
	14.1973041	48.4343469
	14.1971402	48.4345579
	14.1969933	48.4346037
	14.1969034	48.4349621
	14.1968967	48.4351672
	14.1967071	48.4356136
	14.196919	48.4358123
	14.1972491	48.435989
	14.1975426	48.4362311
	14.1975863	48.4363446
	14.1979237	48.4365414
	14.1983582	48.4366437
	14.1987217	48.4367943
	14.1988971	48.4368405
	14.1992181	48.4368687
	14.2007151	48.4368233
	14.20075	48.4371802
	14.2015951	48.437242
	14.2021007	48.4372883
	14.2024395	48.4378107
	14.202727	48.4381292
	14.2029081	48.4382572
	14.2031452	48.4382348
	14.2037696	48.4377749
	14.2041228	48.4374381
	14.2043363	48.4374135
	14.2048859	48.4374831
	14.2055608	48.437597
	14.2060079	48.4386138
	14.2062195	48.4388978
	14.2064963	48.4391789
	14.2067012	48.4396208
	14.2072235	48.4402062
	14.2073093	48.4404202
	14.2077544	48.4411685
	14.2083267	48.4417519
	14.2085971	48.4420643
	14.2076462	48.4424741
	14.2075354	48.4427514
	14.2075585	48.4428858
	14.2072543	48.4428331
	14.2071554	48.4430883
	14.206662	48.4432843
	14.2068064	48.4434766
	14.2064449	48.4436699
	14.2061247	48.4440255
	14.2059971	48.4440487
	14.2055632	48.4442205
	14.2053028	48.4443383
	14.2051299	48.4444655
	14.2048261	48.4447914
	14.2047604	48.4450619
	14.204865	48.4452499
	14.204537	48.4456416
	14.2042839	48.4456835
	14.2040626	48.4458045
	14.2041005	48.4461818
	14.2040038	48.4464771
	14.2040031	48.4468959
	14.203934	48.4473425
	14.2038045	48.4474331
	14.203549	48.4475253
	14.2034457	48.4476886
	14.2031157	48.4479709
	14.2019318	48.4486567
	14.2015152	48.4489271
	14.201137	48.4490583
	14.2007959	48.4492288
	14.2001415	48.4494805
	14.200119	48.4496232
	14.1994061	48.449985
	14.1987599	48.4500015
	14.1982573	48.4499128
	14.1979852	48.4499378
	14.197677	48.4501528
	14.1967336	48.4502261
	14.1956862	48.4504264
	14.1951727	48.4504322
	14.1947679	48.4504111
	14.1943235	48.450427
	14.1942859	48.4505465
	14.1943308	48.4508411
	14.1941082	48.4510712
	14.1942322	48.451337
	14.1945478	48.4513838
	14.1944487	48.451539
	14.1944708	48.4516593
	14.1946253	48.4517193
	14.1946272	48.4518321
	14.1945222	48.4519072
	14.1943501	48.4518074
	14.1942601	48.4517831
	14.194017	48.451825
	14.1939592	48.4519486
	14.1934164	48.4521243
	14.1933031	48.4522771
	14.1935083	48.4524357
	14.1933455	48.4526189
	14.1931674	48.4527723
	14.1932107	48.4528581
	14.1927224	48.4531438
	14.1927034	48.4533267
	14.1925623	48.4533925
	14.1924056	48.4534393
	14.192632	48.4536537
	14.1922467	48.4537022
	14.1917057	48.4542603
	14.1918041	48.4543979
	14.1915316	48.4546897
	14.1909555	48.4547163
	14.1906428	48.4546891
	14.1902701	48.45451
	14.1896812	48.4545357
	14.1894179	48.4546168
	14.1893332	48.4547277
	14.1894535	48.455217
	14.1892102	48.4552113
	14.1892103	48.4551281
	14.1891809	48.4550555
	14.1887502	48.4551885
	14.1886894	48.4552457
	14.1883488	48.455261
	14.1881567	48.4552418
	14.1880774	48.4551694
	14.1875083	48.4551803
	14.1874638	48.4552374
	14.187055	48.4553128
	14.1859677	48.4553076
	14.1853436	48.4552188
	14.184815	48.4550002
	14.1844819	48.4548673
	14.1839907	48.4549552
	14.183665	48.455098
	14.1834298	48.4552863
	14.1835006	48.4553667
	14.1833061	48.4554611
	14.1830835	48.45554
	14.1830815	48.455647
	14.1829458	48.4556885
	14.1826475	48.4556732
	14.1824896	48.4556317
	14.1823181	48.4556797
	14.1821258	48.4557621
	14.1819744	48.4558606
	14.181882	48.4559724
	14.181659	48.4560363
	14.1814739	48.4561144
	14.1813954	48.4561773
	14.1813329	48.4563215
	14.1813246	48.4564151
	14.180973	48.4568168
	14.1808741	48.4568441
	14.1808265	48.4569253
	14.1805804	48.4570303
	14.1800393	48.4571157
	14.1795289	48.4573131
	14.1789453	48.4568594
	14.1787786	48.45701
	14.178433	48.4569875
	14.1782694	48.4569608
	14.1778855	48.4568944
	14.1772364	48.456656
	14.1766547	48.4562457
	14.1759677	48.4557755
	14.1754719	48.4554559
	14.1753297	48.4552709
	14.1752864	48.4546975
	14.1752632	48.4543203
	14.1748009	48.454098
	14.1743641	48.4539386
	14.1737445	48.4539421
	14.1731464	48.4538567
	14.172749	48.4538828
	14.1726149	48.45376
	14.1724517	48.4537482
	14.1723122	48.4537927
	14.171867	48.4538496
	14.1713842	48.4538941
	14.1707431	48.4541076
	14.1707619	48.4539741
	14.1705822	48.4538425
	14.1703462	48.453935
	14.1702389	48.4540062
	14.169976	48.4541431
	14.1693725	48.4541538
	14.1688012	48.454168
	14.1681763	48.4542036
	14.1676341	48.4540998
	14.1672965	48.4539901
	14.167031	48.4539635
	14.1667359	48.4540417
	14.1665612	48.4541265
	14.1662048	48.4538549
	14.1659845	48.4539308
	14.1656899	48.4538407
	14.1654806	48.4536771
	14.165617	48.453463
	14.1655446	48.4533438
	14.1650886	48.453326
	14.1648798	48.4534956
	14.1648472	48.4536355
	14.1646384	48.4535881
	14.1645231	48.4534138
	14.1644695	48.453227
	14.1643809	48.4531665
	14.1641417	48.4532437
	14.1641633	48.4533224
	14.1639433	48.4533171
	14.1637958	48.453237
	14.1637154	48.4530805
	14.1635414	48.4530313
	14.1633908	48.453068
	14.163144	48.4529898
	14.1630824	48.4528137
	14.1627471	48.4526802
	14.1623474	48.4527514
	14.1622428	48.452634
	14.1621919	48.4524952
	14.1621463	48.4519989
	14.1619773	48.4517587
	14.1616903	48.4515808
	14.1611512	48.4512304
	14.1609316	48.4510833
	14.1605262	48.4509564
	14.1604887	48.4508906
	14.1604672	48.450839
	14.1603572	48.4508301
	14.1597484	48.450702
	14.1596518	48.4506593
	14.1596629	48.4505995
	14.159751	48.4505526
	14.1594721	48.4502466
	14.159392	48.4502241
	14.1592522	48.4501381
	14.1591717	48.450058
	14.1590698	48.4499459
	14.1590483	48.4499121
	14.1590376	48.4497965
	14.1590993	48.4497716
	14.1591717	48.4497413
	14.1591476	48.4493998
	14.158992	48.4493891
	14.158992	48.4492379
	14.1590161	48.4490724
	14.1590997	48.4488418
	14.1589732	48.4488447
	14.1587855	48.4487273
	14.1585927	48.4484859
	14.1585176	48.4483472
	14.158531	48.4481782
	14.1585874	48.4480643
	14.1587537	48.4479451
	14.1588502	48.4478241
	14.1588659	48.4476687
	14.158818	48.447543
	14.1588878	48.4471925
	14.1587828	48.4469037
	14.1585659	48.4466125
	14.1586115	48.446504
	14.1587724	48.4463652
	14.1589066	48.446278
	14.1591207	48.4461973
	14.1591717	48.4460354
	14.1590273	48.4459969
	14.1589682	48.4458386
	14.159164	48.4456429
	14.159169	48.44558
	14.1589303	48.4453469
	14.1587479	48.4452117
	14.1585253	48.4450978
	14.158418	48.4448932
	14.158346	48.4446696
	14.1581685	48.4445694
	14.158059	48.4445593
	14.1577344	48.44457
	14.1574555	48.444675
	14.156962	48.4444508
	14.1569029	48.4440896
	14.1570853	48.4438103
	14.1572838	48.4437996
	14.1576562	48.4433986
	14.1576911	48.4431691
	14.1575972	48.4429414
	14.1575038	48.4427872
	14.1575306	48.4426822
	14.1576214	48.4425535
	14.1574206	48.4420577
	14.1571738	48.44191
	14.1572485	48.4417457
	14.1572485	48.4416692
	14.1571788	48.4416282
	14.1570045	48.4416087
	14.156932	48.4416514
	14.1566826	48.441703
	14.1563527	48.4417652
	14.1560737	48.4416869
	14.155886	48.4414005
	14.1559101	48.4412759
	14.1559772	48.4411122
	14.1561542	48.4409129
	14.1563312	48.4407421
	14.1565431	48.4405731
	14.1567818	48.4404467
	14.1569884	48.4403827
	14.1572941	48.4403542
	14.1575838	48.4402368
	14.1580344	48.4400321
	14.1582034	48.4398862
	14.1584341	48.439582
	14.1583161	48.4394076
	14.1579996	48.4393062
	14.1577796	48.4393257
	14.1576723	48.4393898
	14.1566719	48.4396549
	14.1566236	48.4395482
	14.1566531	48.4393649
	14.156688	48.439178
	14.1567282	48.4388898
	14.1567121	48.4387777
	14.156696	48.4384538
	14.1568248	48.4382332
	14.1569857	48.4379538
	14.1568918	48.4378168
	14.1563527	48.4374146
	14.1560013	48.4371886
	14.155666	48.4369608
	14.1554434	48.4369092
	14.155076	48.4369644
	14.1545663	48.4368594
	14.1539494	48.4369502
	14.1538609	48.4369306
	14.1537965	48.4368932
	14.1537939	48.4367615
	14.1535176	48.4366921
	14.1529704	48.4367722
	14.1524715	48.4365622
	14.1520723	48.4365861
	14.1516883	48.4365943
	14.1516324	48.436538
	14.1516883	48.4363932
	14.1515757	48.4363184
	14.1514872	48.4363291
	14.1513423	48.4363255
	14.150889	48.4361867
	14.1506476	48.4359572
	14.1505698	48.4358771
	14.1506879	48.4358166
	14.1507817	48.4356493
	14.1507656	48.4355532
	14.1507201	48.4354162
	14.1505672	48.4353326
	14.1504679	48.4352133
	14.1504062	48.4350603
	14.1504035	48.4349304
	14.1504518	48.4348396
	14.1504277	48.4346812
	14.150366	48.4345068
	14.1504089	48.4344588
	14.1505242	48.4344891
	14.1507281	48.4342453
	14.1505242	48.4339338
	14.1503928	48.4338413
	14.1501568	48.4337826
	14.1499663	48.4336526
	14.1500388	48.4334711
	14.1501139	48.4333483
	14.1499905	48.4331526
	14.1499798	48.43306
	14.1500736	48.4329799
	14.1500629	48.4328269
	14.1498296	48.4327183
	14.1497276	48.4326276
	14.1497598	48.4325137
	14.1498778	48.4324443
	14.1500602	48.4321862
	14.1499449	48.432051
	14.1500066	48.4319264
	14.1501648	48.4319762
	14.1502909	48.4319477
	14.150425	48.4317555
	14.1503875	48.4316772
	14.1500119	48.4314405
	14.149961	48.4314672
	14.1496663	48.4314822
	14.1494943	48.4313765
	14.1493659	48.4312401
	14.1493257	48.4311458
	14.1493847	48.431039
	14.1496043	48.4310045
	14.1495456	48.4308006
	14.1494571	48.4307756
	14.1491188	48.4309173
	14.1490142	48.4308123
	14.1490195	48.4307251
	14.1490521	48.4301759
	14.1490575	48.4298217
	14.1489283	48.4296662
	14.1486981	48.4295832
	14.1484911	48.4294722
	14.1482122	48.4291589
	14.1479815	48.4288119
	14.1478125	48.4288208
	14.147593	48.42885
	14.1472976	48.4288955
	14.1469355	48.4289916
	14.1464258	48.4289293
	14.1461683	48.4287585
	14.1462247	48.4286161
	14.1462247	48.4285645
	14.1461875	48.4285047
	14.1458813	48.4285787
	14.1457446	48.4283384
	14.1455997	48.4283029
	14.1454897	48.4283545
	14.1452108	48.4282584
	14.1449774	48.4281213
	14.1444571	48.4279505
	14.1438482	48.4279932
	14.1434835	48.4281267
	14.1431482	48.4282993
	14.1429658	48.42818
	14.1428317	48.4280341
	14.1427807	48.4279487
	14.1428531	48.4278009
	14.1428746	48.4276835
	14.1427619	48.4274859
	14.142765	48.4272695
	14.1428049	48.4271744
	14.142647	48.4270257
	14.1424106	48.4269039
	14.1422044	48.4268441
	14.1421745	48.4267117
	14.1422094	48.4265996
	14.1421182	48.4265284
	14.1415169	48.4263098
	14.1410373	48.4265924
	14.14082	48.4266886
	14.1405974	48.426653
	14.1404847	48.4267847
	14.1405415	48.4269865
	14.1404556	48.427314
	14.1403215	48.4274154
	14.1396166	48.4276871
	14.1393578	48.4280256
	14.1392578	48.4281182
	14.1390931	48.4281703
	14.1390157	48.4281114
	14.1385544	48.4281137
	14.1383903	48.428163
	14.1381037	48.4283826
	14.1382121	48.4284496
	14.1381673	48.4286307
	14.1379696	48.429092
	14.1378079	48.4291126
	14.1377378	48.4291762
	14.1375394	48.4294257
	14.1375326	48.4294991
	14.1376938	48.4295289
	14.1378071	48.4295724
	14.137745	48.4296518
	14.1375177	48.4296933
	14.1373452	48.4298032
	14.1372583	48.4299238
	14.1373179	48.4301671
	14.1373706	48.4302225
	14.1373727	48.4303213
	14.1370574	48.430434
	14.1367826	48.43059
	14.1368573	48.4307537
	14.1367857	48.4308936
	14.1366462	48.4310927
	14.1366725	48.4312777
	14.136993	48.4313592
	14.137046	48.4314251
	14.1370588	48.4315149
	14.1366773	48.4319197
	14.1365671	48.4319825
	14.1364994	48.431902
	14.1363265	48.4319525
	14.1363694	48.432047
	14.1364418	48.4321357
	14.1364524	48.4322304
	14.1362757	48.4324694
	14.1361054	48.4325213
	14.1361256	48.4326269
	14.1360352	48.432666
	14.1357683	48.4326594
	14.1355287	48.4327506
	14.1354957	48.4328134
	14.1356114	48.4329051
	14.1354264	48.4332949
	14.1352209	48.4335537
	14.1350669	48.4335873
	14.1349587	48.4335538
	14.1347573	48.4336227
	14.1347427	48.433833
	14.134534	48.4341532
	14.1343771	48.4342428
	14.1343776	48.4343995
	14.1343925	48.4345074
	14.1344475	48.434635
	14.1344744	48.4350471
	14.1344556	48.4351898
	14.134141	48.4351434
	14.1337351	48.4352362
	14.1336141	48.4354431
	14.1335415	48.4356678
	14.1334654	48.4357561
	14.1331039	48.4358793
	14.1323756	48.4360994
	14.1316554	48.4363451
	14.1307185	48.4365599
	14.1297425	48.4365793
	14.1290679	48.4364905
	14.1291999	48.4368384
	14.1292004	48.4369982
	14.1291556	48.4372692
	14.1290686	48.4376733
	14.1288045	48.4382874
	14.128752	48.4386848
	14.128664	48.4388001
	14.128568	48.4388649
	14.1282823	48.4389862
	14.1277282	48.4392147
	14.1268065	48.4397119
	14.1267446	48.4398384
	14.1266453	48.4399656
	14.1264458	48.4400095
	14.1262674	48.4402181
	14.1261953	48.4404444
	14.1255792	48.4412339
	14.1254928	48.4414338
	14.1250484	48.4419419
	14.1247353	48.4426565
	14.1247522	48.4428867
	14.1249065	48.443194
	14.1250572	48.4432563
	14.1250695	48.4435893
	14.1250799	48.4439054
	14.1249419	48.4443358
	14.1246621	48.444664
	14.1244785	48.4449001
	14.1240012	48.4453797
	14.1239287	48.4454477
	14.1236213	48.4456204
	14.1229042	48.4460593
	14.1224774	48.4463424
	14.1221658	48.4466001
	14.1220036	48.4467869
	14.12182	48.4471012
	14.1217731	48.4471295
	14.121645	48.4470757
	14.1209718	48.4463426
	14.1206889	48.4461753
	14.1204254	48.4460742
	14.1201793	48.4455817
	14.1197456	48.4443561
	14.1194244	48.4438526
	14.1191325	48.4432273
	14.118949	48.4429451
	14.1186737	48.4424056
	14.1185027	48.4421649
	14.1181941	48.441855
	14.1179345	48.4412133
	14.1177848	48.4411572
	14.1170357	48.4413059
	14.1162129	48.4415231
	14.1153813	48.4417481
	14.1148091	48.4419144
	14.1145024	48.4420493
	14.1141426	48.4422743
	14.1138005	48.4424621
	14.1132549	48.4426519
	14.1125943	48.4428652
	14.1118747	48.4430901
	14.1114029	48.4431997
	14.1103412	48.4433053
	14.1093502	48.4432916
	14.1087132	48.4433425
	14.1078868	48.4435328
	14.1076495	48.4437537
	14.1073865	48.4438481
	14.1069775	48.4439479
	14.1068428	48.4439183
	14.1064011	48.4440233
	14.1060906	48.4441756
	14.1054146	48.4443762
	14.1050023	48.4445018
	14.1046931	48.4445565
	14.1044392	48.4446242
	14.1043957	48.4444993
	14.1041887	48.4442648
	14.1039577	48.4440635
	14.1038424	48.444031
	14.1035975	48.4438149
	14.1035283	48.4436219
	14.1031436	48.4434998
	14.1029188	48.4434148
	14.1027666	48.4431707
	14.1025212	48.4430397
	14.1022477	48.4429547
	14.1019616	48.4429256
	14.1018836	48.4429764
	14.101739	48.4428998
	14.1017	48.442622
	14.1017865	48.4423694
	14.1018971	48.4423797
	14.1020076	48.4422753
	14.1020626	48.4421012
	14.1020541	48.4419066
	14.1020003	48.4418253
	14.1019053	48.4417001
	14.1017554	48.4412363
	14.1016641	48.4409541
	14.1017713	48.4406889
	14.1019844	48.440493
	14.1020397	48.440282
	14.1022987	48.4400934
	14.1023744	48.4400345
	14.1024282	48.4398144
	14.1024977	48.4396543
	14.1026522	48.4396246
	14.1027423	48.439494
	14.1028307	48.4393298
	14.1027388	48.4392409
	14.1028422	48.4390892
	14.1030316	48.4390171
	14.1032185	48.439011
	14.1032617	48.4388753
	14.1032016	48.4385837
	14.103148	48.4384672
	14.1031912	48.4383441
	14.1036459	48.4380165
	14.1038092	48.4380153
	14.1039681	48.4380394
	14.104015	48.438003
	14.104083	48.4378849
	14.1040381	48.4375481
	14.103986	48.4374489
	14.1038075	48.4372328
	14.103496	48.4370423
	14.1032262	48.436909
	14.1030772	48.4369723
	14.1027706	48.4366023
	14.1025706	48.4364356
	14.1023478	48.4363751
	14.1021693	48.4363604
	14.1020711	48.436332
	14.1021255	48.4361512
	14.1020638	48.436005
	14.1019525	48.4359289
	14.1018974	48.4357968
	14.1020473	48.4356787
	14.1020471	48.4354956
	14.1016303	48.4348992
	14.1014842	48.4348713
	14.101481	48.4346901
	14.101408	48.4345068
	14.1012636	48.4343774
	14.1009519	48.4342913
	14.100556	48.4342202
	14.1002002	48.4341665
	14.1001495	48.4340151
	14.1002251	48.4338368
	14.1000844	48.433406
	14.0997979	48.4332672
	14.0994487	48.4327766
	14.0987557	48.4323092
	14.0984783	48.4321969
	14.0982869	48.431888
	14.0981769	48.4318768
	14.0979961	48.4316327
	14.09802	48.4315102
	14.0980889	48.4313871
	14.0978538	48.4311925
	14.0974327	48.4309987
	14.0971891	48.4309204
	14.0967417	48.4309459
	14.0961922	48.4309629
	14.0959397	48.4312306
	14.0957942	48.4309965
	14.0956277	48.4310107
	14.0954578	48.4310516
	14.0954513	48.4308396
	14.0955583	48.4307169
	14.095032	48.4307054
	14.0948118	48.4308257
	14.0944257	48.4308124
	14.0942948	48.4309897
	14.0941983	48.4310002
	14.0939723	48.4308844
	14.0936256	48.4308758
	14.0933358	48.4307488
	14.0929612	48.4306614
	14.0925542	48.4306386
	14.0922048	48.4302691
	14.092242	48.4299805
	14.0922087	48.429657
	14.0923274	48.4295386
	14.092281	48.4294224
	14.0921107	48.4293751
	14.0920683	48.4292924
	14.0920064	48.4289736
	14.092167	48.4286807
	14.0926627	48.4283291
	14.0927759	48.4282048
	14.0926795	48.4281271
	14.0929575	48.4277376
	14.0930445	48.4275234
	14.0931471	48.4273608
	14.0934261	48.4272325
	14.0934435	48.4271627
	14.0934157	48.4270063
	14.0934057	48.4268399
	14.0934405	48.4266651
	14.0935348	48.4265931
	14.0933007	48.4258412
	14.0932099	48.4257381
	14.0930539	48.4257034
	14.0930052	48.4254411
	14.0930126	48.425325
	14.0931218	48.4250284
	14.0931176	48.4248614
	14.0928538	48.4245008
	14.0926666	48.4244029
	14.092501	48.4240739
	14.0925694	48.4238775
	14.0929111	48.4235683
	14.0931138	48.4234113
	14.0931789	48.4232314
	14.0931708	48.4230372
	14.0930465	48.4229366
	14.0928097	48.4229037
	14.092417	48.4227815
	14.0921429	48.4225412
	14.0918554	48.4221872
	14.0915029	48.4219011
	14.0914337	48.421438
	14.0915726	48.4213207
	14.0916487	48.4211264
	14.0915737	48.421007
	14.0912924	48.4209092
	14.0912397	48.4207442
	14.0911768	48.4206458
	14.0906398	48.4205204
	14.090397	48.4202028
	14.090336	48.4200619
	14.0903171	48.4199377
	14.089786	48.4197584
	14.0896221	48.4197847
	14.0895198	48.4197708
	14.0891452	48.4193539
	14.0891391	48.4192374
	14.0886965	48.4186404
	14.0885383	48.4184198
	14.0885477	48.4182719
	14.0881803	48.4180689
	14.0876341	48.4178772
	14.0869466	48.4172088
	14.0865212	48.4170871
	14.0859682	48.4168551
	14.0860124	48.4167693
	14.0857769	48.4165845
	14.0850994	48.4165017
	14.0846866	48.416572
	14.0844066	48.4165515
	14.0840586	48.4166827
	14.0838129	48.4167996
	14.0837474	48.4168528
	14.082609	48.4169894
	14.082583	48.4170821
	14.0824226	48.4171247
	14.0822966	48.4171421
	14.0820864	48.4170933
	14.0818737	48.4169678
	14.081787	48.416891
	14.0817476	48.4168265
	14.0812224	48.4167375
	14.0808334	48.4167712
	14.0801197	48.4164642
	14.0803631	48.4162794
	14.0802492	48.4161511
	14.0800746	48.4162107
	14.0799749	48.4162331
	14.0796649	48.4162494
	14.0795617	48.4160098
	14.079412	48.4158549
	14.0792481	48.4158978
	14.0791145	48.4155635
	14.0787333	48.4153974
	14.0783836	48.4151926
	14.078295	48.4150884
	14.078347	48.4149803
	14.0781684	48.4148588
	14.0778374	48.4147566
	14.0777049	48.4147951
	14.0773708	48.4147292
	14.0774492	48.4143708
	14.0775562	48.4139636
	14.0776239	48.4138537
	14.0776691	48.4137369
	14.0774113	48.41364
	14.0772697	48.4136352
	14.0770476	48.4136753
	14.07693	48.4136045
	14.0769343	48.4134343
	14.0766099	48.4132598
	14.0763768	48.4131097
	14.0761861	48.413012
	14.076247	48.4128025
	14.0763511	48.4125205
	14.0766087	48.4123605
	14.0768411	48.4119757
	14.0768736	48.411776
	14.0771867	48.4117582
	14.077368	48.4112996
	14.0775294	48.4110172
	14.0773973	48.4109302
	14.0771096	48.4108655
	14.0768294	48.4108653
	14.0768365	48.4106722
	14.0768672	48.4103795
	14.0771587	48.4101702
	14.0774572	48.4099674
	14.0776643	48.4098098
	14.0780277	48.4095621
	14.0780001	48.4094794
	14.0779552	48.4093006
	14.0781738	48.4091566
	14.0781952	48.408951
	14.0779704	48.4088367
	14.07773	48.4088213
	14.0777336	48.4086594
	14.0778463	48.4086441
	14.077994	48.408507
	14.078058	48.4082511
	14.077993	48.40819
	14.0778103	48.4080402
	14.0774321	48.407888
	14.0773896	48.4079409
	14.0772477	48.4079584
	14.0772315	48.4078263
	14.077377	48.4077253
	14.0776098	48.4077533
	14.0780651	48.4075204
	14.0781772	48.407316
	14.0781555	48.4069413
	14.0783457	48.4066723
	14.078385	48.4064986
	14.0784123	48.4063757
	14.0783213	48.4062174
	14.0783867	48.4061665
	14.0785554	48.4061554
	14.0786633	48.4061304
	14.0787384	48.405931
	14.0788207	48.4059483
	14.0789735	48.4060301
	14.0789759	48.4060884
	14.078912	48.4061274
	14.07891	48.406211
	14.0790212	48.4062589
	14.0792381	48.4061123
	14.0795745	48.4057648
	14.0798505	48.4056487
	14.0800144	48.4054485
	14.0802295	48.4054008
	14.0801543	48.4049993
	14.0802183	48.4046099
	14.0803404	48.4044899
	14.0805122	48.404575
	14.080742	48.4045513
	14.0809225	48.4044284
	14.0810862	48.4042036
	14.0814227	48.4039278
	14.0813966	48.4038344
	14.0811664	48.4038679
	14.0813464	48.4035511
	14.0813783	48.403458
	14.081261	48.4034053
	14.0811004	48.4034974
	14.0810008	48.4034244
	14.0808958	48.4033246
	14.0807892	48.4031783
	14.0808022	48.403066
	14.0808533	48.4029718
	14.080994	48.4028988
	14.0811047	48.4029227
	14.0812796	48.402802
	14.0815287	48.4025066
	14.081642	48.4022357
	14.0815484	48.40198
	14.0813358	48.4016302
	14.0809371	48.4016371
	14.0808401	48.401414
	14.0809352	48.4011874
	14.080704	48.4009852
	14.0806343	48.4010571
	14.0803396	48.4010252
	14.0800219	48.4009896
	14.0799605	48.400849
	14.0798875	48.4006928
	14.0799086	48.4005684
	14.0800662	48.4004542
	14.080166	48.4002572
	14.0798842	48.4000015
	14.079857	48.3999442
	14.0799059	48.3998902
	14.0798951	48.3998377
	14.079802	48.3997843
	14.0793118	48.399752
	14.0789688	48.3997788
	14.0787874	48.3997459
	14.0786391	48.399687
	14.0785472	48.3996422
	14.0784031	48.3995235
	14.0783763	48.3994239
	14.0782699	48.3993725
	14.0781346	48.3993771
	14.0779769	48.399448
	14.0779238	48.3994197
	14.0778566	48.3993677
	14.077831	48.3992932
	14.0780867	48.3991404
	14.0781846	48.3991046
	14.0782411	48.3991395
	14.0783312	48.3991569
	14.0783705	48.3991028
	14.0782434	48.398946
	14.0779321	48.3987563
	14.0777494	48.3987878
	14.0776289	48.3987832
	14.0775397	48.3986468
	14.0774785	48.3985993
	14.0772095	48.398606
	14.07715	48.3985728
	14.0772162	48.3983753
	14.0774906	48.3983096
	14.0775025	48.3982428
	14.077401	48.3980593
	14.0771384	48.3977862
	14.0770176	48.3977427
	14.0767864	48.397794
	14.0765078	48.3977127
	14.0764581	48.3975913
	14.0765364	48.3974775
	14.0761943	48.3973767
	14.0751178	48.3970437
	14.074687	48.3969397
	14.074179	48.3968527
	14.0739487	48.3969438
	14.0736554	48.3970768
	14.0734572	48.3972734
	14.0732402	48.3972585
	14.0729888	48.3972225
	14.0726979	48.3971956
	14.0723454	48.3971044
	14.0719925	48.3972884
	14.0717681	48.3971703
	14.071628	48.3971804
	14.0713863	48.3972327
	14.0712795	48.397323
	14.071121	48.3973212
	14.0711065	48.3972233
	14.0709827	48.3969658
	14.0708496	48.3968963
	14.0705245	48.3967379
	14.0703381	48.3967623
	14.0702523	48.3969856
	14.0700197	48.3971265
	14.0697998	48.3970494
	14.0697992	48.3968985
	14.0696233	48.3968621
	14.069459	48.3970235
	14.0692209	48.3973254
	14.0690549	48.3972611
	14.0688266	48.3971843
	14.0686771	48.3970965
	14.0684962	48.3972201
	14.0683152	48.3974909
	14.0679134	48.397529
	14.0678211	48.3976084
	14.0676354	48.3978258
	14.0674275	48.3981222
	14.0670384	48.3983774
	14.0664318	48.3984549
	14.0661965	48.3984502
	14.0658935	48.3984566
	14.064957	48.3990399
	14.0647653	48.399287
	14.0642192	48.3994081
	14.0638589	48.399329
	14.0636088	48.3993542
	14.0635715	48.3995943
	14.0635714	48.3997249
	14.0635888	48.3999284
	14.0636008	48.4000445
	14.0635313	48.4002022
	14.0632135	48.400443
	14.0628814	48.4004625
	14.0624246	48.4004978
	14.0617691	48.4005987
	14.0610478	48.4008348
	14.0609014	48.4007554
	14.0602404	48.400929
	14.0600447	48.4009107
	14.0595847	48.4010687
	14.0593774	48.4010125
	14.058886	48.4010583
	14.0582632	48.4012256
	14.0575689	48.401332
	14.0572744	48.4014271
	14.0566112	48.4018205
	14.0561567	48.4020474
	14.0558017	48.4019958
	14.0555883	48.4019687
	14.0554183	48.4019386
	14.0550535	48.40179
	14.0547928	48.4016921
	14.0545922	48.4014924
	14.0544786	48.4008438
	14.0543025	48.4006945
	14.0539525	48.400524
	14.0537203	48.4003326
	14.0533844	48.4000475
	14.0531109	48.4001022
	14.0527138	48.4001266
	14.0523561	48.400017
	14.0522646	48.3999104
	14.052253	48.3998392
	14.0518291	48.3997085
	14.0510734	48.3995095
	14.0506198	48.3993408
	14.0505229	48.3992235
	14.0504679	48.3990759
END
END
