7872783
1
	13.3779571	46.8932388
	13.3784368	46.8915173
	13.3797664	46.8901485
	13.3854638	46.8889193
	13.3877904	46.8878865
	13.3900222	46.8874359
	13.3948796	46.8853963
	13.3988014	46.8839467
	13.4025961	46.8830735
	13.4054297	46.8810283
	13.4057204	46.879577
	13.4066737	46.8790986
	13.406736	46.8785391
	13.4090053	46.8766746
	13.4101614	46.8754819
	13.4107358	46.8744902
	13.4134292	46.8715653
	13.4136383	46.8712267
	13.4162521	46.8693692
	13.4172313	46.868456
	13.4175862	46.8682246
	13.419294	46.8658557
	13.4192598	46.8655434
	13.4194411	46.8643814
	13.418818	46.8630193
	13.4195058	46.8624671
	13.4195367	46.8623405
	13.4194156	46.8616089
	13.4195127	46.8610947
	13.4193386	46.8604708
	13.4189686	46.8600035
	13.4180684	46.8590495
	13.4174806	46.8575959
	13.4173112	46.8562717
	13.4167994	46.8557247
	13.4165185	46.8550587
	13.4170048	46.8549042
	13.4174674	46.854578
	13.4185299	46.8540836
	13.4185255	46.8536816
	13.4188931	46.8534569
	13.4191849	46.8533868
	13.4195084	46.8531233
	13.4201464	46.8527959
	13.4203795	46.8525118
	13.4200993	46.8522803
	13.4199711	46.8523656
	13.4196231	46.8524466
	13.4187646	46.8525029
	13.4172479	46.8529283
	13.4168042	46.8525538
	13.4173096	46.8522401
	13.4172533	46.851931
	13.4178762	46.8518541
	13.4181921	46.8525398
	13.4185469	46.8522737
	13.419436	46.8520798
	13.4195388	46.8519428
	13.4200364	46.8516983
	13.4202766	46.8517638
	13.4211186	46.8514788
	13.4214483	46.8514232
	13.4214832	46.8511039
	13.4213572	46.850833
	13.4202859	46.8497617
	13.4206994	46.8495412
	13.4198693	46.8487063
	13.4196122	46.8488472
	13.419033	46.8490592
	13.4187586	46.8492617
	13.4179588	46.8494973
	13.4179422	46.8494688
	13.4173971	46.8495582
	13.4173531	46.8491589
	13.4170764	46.849155
	13.4167248	46.8493333
	13.4156604	46.849611
	13.415344	46.8497741
	13.4153335	46.8498833
	13.4150361	46.8501195
	13.413995	46.8482253
	13.4136246	46.8472136
	13.415761	46.8467084
	13.415928	46.8462622
	13.4158466	46.8460976
	13.4155787	46.8457774
	13.4151528	46.8454512
	13.4149632	46.845231
	13.4144069	46.8453874
	13.4129474	46.8450366
	13.4119086	46.8449225
	13.4117925	46.844836
	13.4111774	46.8431291
	13.4108892	46.8425116
	13.4113253	46.8424791
	13.4125259	46.8422518
	13.4120578	46.8417662
	13.4116126	46.8414513
	13.4114851	46.8414184
	13.4105042	46.8416069
	13.4102785	46.8417039
	13.4098869	46.8415027
	13.4096069	46.8411878
	13.4092464	46.8406811
	13.4092385	46.8405889
	13.4086292	46.839772
	13.4089306	46.8397282
	13.4093647	46.8395327
	13.4097642	46.839473
	13.4088953	46.8380519
	13.410863	46.8372267
	13.4102978	46.8362943
	13.4092437	46.8342586
	13.4086817	46.8333713
	13.4088871	46.8332125
	13.408459	46.8330352
	13.4083841	46.8328672
	13.4085297	46.8325411
	13.4086007	46.8320379
	13.4087786	46.8315748
	13.4089404	46.8313066
	13.4093374	46.8308545
	13.4086887	46.8293264
	13.4087428	46.8293158
	13.4082353	46.8284355
	13.4084694	46.8284149
	13.4077942	46.8272812
	13.4083943	46.8266577
	13.4098555	46.8267761
	13.4080518	46.8230357
	13.4085448	46.8229151
	13.4085417	46.8228772
	13.4111414	46.8222273
	13.4107853	46.8218507
	13.4104958	46.8211976
	13.4103237	46.8210673
	13.4104824	46.8207264
	13.4145839	46.8216838
	13.4182453	46.8224543
	13.4198115	46.8226319
	13.4207844	46.8226426
	13.4219062	46.822559
	13.4234449	46.8223403
	13.4238445	46.8222497
	13.4280396	46.8208023
	13.4301852	46.8202196
	13.4299752	46.8199301
	13.431741	46.8196397
	13.4388635	46.8188247
	13.438694	46.818505
	13.438904	46.8184318
	13.4441157	46.8170479
	13.4453191	46.8167805
	13.4464647	46.8164313
	13.4485974	46.8158647
	13.4490173	46.8156665
	13.451065	46.8162128
	13.451385	46.8164581
	13.4523789	46.8158589
	13.4570455	46.8126699
	13.4580441	46.8121265
	13.4603981	46.8113588
	13.4615144	46.8112187
	13.4625715	46.8108649
	13.4657491	46.810532
	13.4678323	46.8104816
	13.4678058	46.810891
	13.4678436	46.8109118
	13.4679632	46.8111592
	13.4681803	46.811613
	13.4684738	46.8116745
	13.4686713	46.811739
	13.4690932	46.8121606
	13.4693869	46.8124895
	13.4698129	46.812848
	13.4702396	46.8126442
	13.4705653	46.8126503
	13.4706721	46.8126332
	13.4711741	46.8124931
	13.4717359	46.8121623
	13.4718385	46.8130651
	13.4716921	46.813246
	13.4714967	46.8135113
	13.4718577	46.8138381
	13.4720179	46.8139684
	13.4722012	46.8140695
	13.4723314	46.8141258
	13.4724985	46.8142145
	13.4726016	46.8142932
	13.4726854	46.8144301
	13.4728806	46.8148264
	13.4730111	46.8148565
	13.4737968	46.8150823
	13.4740507	46.8151537
	13.4744186	46.8152424
	13.4744833	46.8152451
	13.4749888	46.8154522
	13.4754836	46.8158817
	13.4758112	46.8156922
	13.4760461	46.8154839
	13.4762359	46.8152655
	13.4763869	46.8154224
	13.476074	46.8155615
	13.475772	46.8157723
	13.4755207	46.8158891
	13.4753045	46.8159481
	13.4740782	46.8165378
	13.4717398	46.817781
	13.4714748	46.817971
	13.4700923	46.8184217
	13.4694994	46.8187424
	13.4694637	46.8190936
	13.4690464	46.8197667
	13.4689694	46.8200972
	13.4683035	46.8214984
	13.4681152	46.8224121
	13.4679335	46.8228109
	13.4674936	46.8230395
	13.466364	46.8234374
	13.4654846	46.823804
	13.464564	46.8248288
	13.464447	46.8250669
	13.4644095	46.8254112
	13.4652644	46.826032
	13.4659269	46.8261658
	13.4668411	46.8267186
	13.468024	46.8275667
	13.4683529	46.8277056
	13.4691214	46.8278667
	13.4698836	46.8281724
	13.4700568	46.8282935
	13.4702837	46.8285676
	13.4704124	46.8290913
	13.4705957	46.8293029
	13.4704215	46.8295665
	13.4699329	46.829743
	13.4695007	46.8299747
	13.469329	46.8303895
	13.4694047	46.83051
	13.4695176	46.8305988
	13.4696826	46.8306443
	13.4696301	46.8306671
	13.4697223	46.8307217
	13.469422	46.8307027
	13.4688524	46.8305571
	13.4680275	46.8304619
	13.4649474	46.8305912
	13.4652898	46.8310458
	13.4654976	46.8314794
	13.4654171	46.8318806
	13.4655324	46.8320836
	13.465614	46.832735
	13.4653427	46.8337856
	13.4654447	46.8339327
	13.4653291	46.8347191
	13.4654048	46.83506
	13.4657021	46.8348175
	13.4661344	46.8346612
	13.4671285	46.83465
	13.4678575	46.8344324
	13.4682267	46.834383
	13.4684217	46.8344168
	13.4685771	46.8343946
	13.4688133	46.8342913
	13.4696385	46.8341705
	13.4699852	46.8342291
	13.4700103	46.8356216
	13.4704644	46.8357884
	13.4705793	46.8355892
	13.4711989	46.8355091
	13.4724749	46.8355531
	13.4725925	46.8355673
	13.472952	46.8358782
	13.4733505	46.8351953
	13.4733621	46.8349179
	13.4734681	46.8348362
	13.4739598	46.8347305
	13.4744302	46.8347517
	13.4746121	46.834518
	13.474834	46.834438
	13.4755376	46.8346472
	13.4756219	46.8351664
	13.4756391	46.8361718
	13.4756345	46.8362144
	13.4754367	46.8362189
	13.475455	46.83724
	13.4758005	46.8372799
	13.475785	46.8374511
	13.4765879	46.8375555
	13.4771606	46.8377067
	13.4775488	46.837679
	13.4780207	46.8377939
	13.4783929	46.8379623
	13.4784801	46.8380252
	13.478487	46.8381905
	13.4780293	46.8386666
	13.4779681	46.8388655
	13.478005	46.8390213
	13.4781086	46.8392101
	13.4782954	46.8392928
	13.4788918	46.8393888
	13.479174	46.8395237
	13.4790216	46.8396824
	13.4788963	46.8399311
	13.4788527	46.8401662
	13.4782575	46.8403896
	13.4774487	46.8408609
	13.476392	46.840805
	13.4759519	46.8413893
	13.4764002	46.8418398
	13.4767575	46.8420026
	13.4770971	46.8425609
	13.4774955	46.842861
	13.4776503	46.8429012
	13.4774644	46.8431429
	13.4779924	46.8433509
	13.4781795	46.8432387
	13.4786983	46.8437668
	13.47859	46.8439372
	13.4784991	46.8439127
	13.4776203	46.8451883
	13.4767512	46.8455895
	13.476736	46.8456711
	13.4764153	46.8458901
	13.4762077	46.845967
	13.4758434	46.8463127
	13.4761025	46.8468106
	13.4762365	46.8468537
	13.4763023	46.8470359
	13.476283	46.8474334
	13.4759777	46.8480641
	13.4757745	46.8482414
	13.4752306	46.8485685
	13.4740134	46.848998
	13.4731396	46.8491067
	13.4725389	46.8490936
	13.4725236	46.8494117
	13.4722192	46.8494385
	13.4712219	46.8491546
	13.4707214	46.8490589
	13.4703399	46.8492665
	13.4699095	46.8493109
	13.4694797	46.8494382
	13.4689615	46.8494214
	13.4681028	46.849312
	13.4671555	46.8491275
	13.4665607	46.8491936
	13.4662271	46.849086
	13.4654519	46.8490698
	13.4634383	46.8492392
	13.462794	46.8493854
	13.4624539	46.849553
	13.4623949	46.8497617
	13.4622179	46.8499232
	13.4617004	46.8500996
	13.4609403	46.8494011
	13.4602078	46.8491265
	13.4591425	46.8493859
	13.4579138	46.8492631
	13.4572065	46.849147
	13.4549171	46.8492864
	13.4543444	46.8491899
	13.4538731	46.8489637
	13.4533906	46.848844
	13.4529754	46.8487717
	13.4527094	46.8488468
	13.4524936	46.8491923
	13.4519989	46.8496868
	13.4519248	46.8499555
	13.4505484	46.850974
	13.4497919	46.8513547
	13.4490871	46.8518372
	13.4490644	46.8525618
	13.4487224	46.8531671
	13.4484927	46.8534114
	13.4477562	46.8538468
	13.4474393	46.8542385
	13.4468426	46.8548144
	13.4463744	46.8551373
	13.4461769	46.8551902
	13.4454119	46.8556683
	13.444693	46.8559956
	13.4447588	46.8560906
	13.4441822	46.8562754
	13.4432281	46.8568027
	13.4426529	46.857438
	13.4416391	46.8581676
	13.4416289	46.8582489
	13.4414424	46.8583916
	13.441353	46.8586515
	13.4410332	46.8587884
	13.4407937	46.8589747
	13.4405729	46.8592923
	13.4405202	46.8596026
	13.4406504	46.8604567
	13.4402047	46.8612399
	13.4403387	46.8619943
	13.4401654	46.8636164
	13.4399881	46.8643259
	13.4402366	46.8655695
	13.4407886	46.8659237
	13.4410719	46.866224
	13.4417974	46.8668278
	13.442075	46.867175
	13.4422269	46.8683835
	13.4423622	46.8684728
	13.44263	46.8689195
	13.4427193	46.869314
	13.4441618	46.8717186
	13.4454486	46.8736598
	13.4456901	46.8738678
	13.4458547	46.8745498
	13.4458326	46.8746811
	13.4461964	46.8752718
	13.4466437	46.8764473
	13.4467546	46.8773465
	13.4465247	46.8780438
	13.4466267	46.8782973
	13.446755	46.8791511
	13.4462944	46.8805493
	13.4459186	46.8810436
	13.4451238	46.8814569
	13.4441822	46.8821188
	13.4424376	46.883765
	13.4417947	46.8840717
	13.4406311	46.8841184
	13.4397943	46.8843791
	13.435638	46.8862758
	13.4353046	46.8865893
	13.4315597	46.8870025
	13.4292545	46.8914183
	13.4302915	46.8941481
	13.4284047	46.8949506
	13.4250456	46.8955377
	13.4204388	46.8974322
	13.4176022	46.898951
	13.4166316	46.8998301
	13.4151123	46.901866
	13.4149769	46.9026933
	13.4141825	46.9031537
	13.4102906	46.9060382
	13.4087462	46.9075673
	13.4072605	46.9082743
	13.3974087	46.9119871
	13.390362	46.9125607
	13.386003	46.9113075
	13.3816191	46.9100397
	13.3824577	46.9063052
	13.3820807	46.8998314
	13.3811528	46.899162
	13.3799397	46.8989693
	13.3789283	46.8981319
	13.3791863	46.8969945
	13.3781193	46.895467
	13.3779571	46.8932388
END
END
