7872135
1
	13.4269492	48.4558471
	13.4269587	48.4554422
	13.4269688	48.4550055
	13.4270493	48.4544771
	13.4271135	48.4540572
	13.4272694	48.453399
	13.4273468	48.4530289
	13.4275026	48.4527099
	13.4279064	48.4518526
	13.428193	48.4513035
	13.4284046	48.4509217
	13.4287318	48.4505263
	13.4291587	48.4500635
	13.4342214	48.4451151
	13.4363403	48.4452896
	13.4384807	48.445433
	13.4390198	48.4460171
	13.4391904	48.4460357
	13.4393485	48.4457789
	13.4396486	48.4453108
	13.4398777	48.444943
	13.4399762	48.4447652
	13.4401755	48.4442698
	13.4402764	48.444051
	13.4405559	48.4436011
	13.4407094	48.4434248
	13.440843	48.4434747
	13.4410429	48.4435273
	13.4428761	48.4439609
	13.4428985	48.4434203
	13.4428806	48.4429978
	13.4428728	48.4428983
	13.4428952	48.4428946
	13.4428862	48.4427669
	13.442912	48.4425716
	13.4437757	48.4427906
	13.4439451	48.4424988
	13.4441959	48.4421186
	13.4447251	48.4423202
	13.4452901	48.4424811
	13.4458378	48.4426214
	13.4466871	48.4428077
	13.4470961	48.4429042
	13.4464308	48.4442005
	13.4460981	48.4448673
	13.4458393	48.4455368
	13.4456336	48.4459412
	13.4455296	48.4460147
	13.4453389	48.4460952
	13.4459424	48.4475994
	13.4464596	48.4482624
	13.4473044	48.4491923
	13.4474084	48.4493763
	13.4477099	48.4493372
	13.4482403	48.4491739
	13.4485692	48.4490485
	13.4489088	48.449979
	13.448768	48.4500326
	13.4483938	48.4500545
	13.4479942	48.4501165
	13.4476882	48.4502339
	13.4472887	48.4505576
	13.446697	48.4510692
	13.4464365	48.4513006
	13.4461004	48.4514784
	13.446095	48.4514986
	13.4460271	48.451533
	13.4459788	48.4515377
	13.4456784	48.4516776
	13.4453637	48.4518828
	13.4452797	48.4519421
	13.4452189	48.4520109
	13.4453237	48.452106
	13.4453655	48.4521828
	13.4453512	48.4522576
	13.4452457	48.4523607
	13.4451956	48.45242
	13.4445095	48.4528099
	13.4442694	48.4532751
	13.4439679	48.4537815
	13.4440011	48.4538929
	13.4439752	48.4539932
	13.444014	48.4541645
	13.4441302	48.4543688
	13.4442021	48.4546942
	13.4441929	48.4548043
	13.4441007	48.4549939
	13.4442572	48.4550644
	13.4444237	48.4551422
	13.4445969	48.4550577
	13.4450518	48.4552192
	13.4457978	48.4554906
	13.4464087	48.4557153
	13.4465933	48.4557544
	13.4468141	48.4557872
	13.4470463	48.455791
	13.4473413	48.4557809
	13.4474992	48.4557885
	13.4476876	48.4558023
	13.4478836	48.4559058
	13.4481359	48.4560448
	13.4480881	48.4561034
	13.4480365	48.4561888
	13.4479653	48.4561617
	13.4470282	48.4566476
	13.4464525	48.4569592
	13.4458882	48.4573258
	13.4454957	48.457643
	13.4451348	48.4580173
	13.4448083	48.4583972
	13.4444301	48.4589994
	13.4440521	48.4603432
	13.444221	48.4606805
	13.4440206	48.4613209
	13.44359	48.4623174
	13.4435617	48.462528
	13.4435962	48.462653
	13.4437094	48.4629095
	13.4434516	48.4633806
	13.4431624	48.4636245
	13.4428355	48.4645229
	13.4440867	48.4648565
	13.4443162	48.464919
	13.4452253	48.4652213
	13.4449763	48.4655902
	13.4448128	48.4658745
	13.4444069	48.4667147
	13.4441479	48.4675191
	13.4441954	48.4675405
	13.4438623	48.4685429
	13.4437982	48.4685621
	13.4437325	48.4686158
	13.4436531	48.4685743
	13.4436012	48.4685732
	13.4434166	48.468638
	13.4433627	48.4685839
	13.4431765	48.4683825
	13.442978	48.4682004
	13.4428254	48.4682722
	13.4428422	48.4682985
	13.442818	48.4684155
	13.4426327	48.4685629
	13.4429869	48.4689383
	13.4431618	48.4689098
	13.4432078	48.4690474
	13.4432032	48.4691491
	13.4431542	48.4692712
	13.443373	48.4694106
	13.4439661	48.4696549
	13.4443662	48.4697828
	13.4448758	48.4700061
	13.4450255	48.4700596
	13.4455754	48.4704604
	13.4458373	48.4706493
	13.4457596	48.4707448
	13.4457335	48.4707962
	13.4455782	48.4709929
	13.445466	48.4710864
	13.4452905	48.4711581
	13.445204	48.4711399
	13.4450485	48.4711571
	13.4443461	48.4714854
	13.4439229	48.471659
	13.4431053	48.4719224
	13.4430563	48.4719702
	13.4431312	48.4720255
	13.4432673	48.4722521
	13.4434068	48.4724449
	13.4434322	48.4724778
	13.4435302	48.4725066
	13.443664	48.4725308
	13.4436839	48.4727431
	13.444159	48.4727794
	13.4445792	48.4727598
	13.4448309	48.4727545
	13.4453997	48.4727508
	13.4465628	48.4728151
	13.4468146	48.4728117
	13.4469889	48.4724206
	13.4476251	48.4725695
	13.4478673	48.4725766
	13.4482994	48.4725751
	13.4483422	48.4725675
	13.4484219	48.4724188
	13.4484442	48.4723364
	13.4486937	48.4724893
	13.4489438	48.4726584
	13.4491249	48.4727911
	13.4493104	48.4729443
	13.4493948	48.4730163
	13.4496663	48.4732929
	13.4502604	48.4739332
	13.450855	48.4746323
	13.4517282	48.4756662
	13.4519631	48.4759646
	13.452293	48.4762685
	13.4517707	48.4765611
	13.4517641	48.4765883
	13.4515801	48.4767671
	13.4512082	48.4771044
	13.4510097	48.477312
	13.4505205	48.477818
	13.4501626	48.4775159
	13.4496733	48.4772453
	13.4489174	48.4769588
	13.448876	48.4769528
	13.4482139	48.476958
	13.4473332	48.4773361
	13.4469446	48.4773213
	13.4464009	48.4774496
	13.4461709	48.4773819
	13.4459633	48.4774348
	13.4456844	48.4774524
	13.4454866	48.4774417
	13.4450582	48.477438
	13.4447415	48.4774676
	13.4444984	48.4774899
	13.4439056	48.4776493
	13.4436566	48.4776699
	13.4429997	48.4777091
	13.4424166	48.4778153
	13.4424015	48.4778235
	13.4423139	48.4779224
	13.442231	48.4780068
	13.4420072	48.4782405
	13.4418598	48.4783702
	13.4417417	48.4784875
	13.4415496	48.4785403
	13.4414895	48.4786152
	13.4408297	48.4786819
	13.439558	48.4788947
	13.4384743	48.4770173
	13.438286	48.4764981
	13.4379798	48.4753192
	13.4375771	48.4741978
	13.4374727	48.473998
	13.436988	48.4730705
	13.4362248	48.4720411
	13.4352754	48.4710364
	13.4347669	48.4705935
	13.4340082	48.469846
	13.4332021	48.4689247
	13.4325918	48.4680668
	13.4320445	48.4671354
	13.430738	48.4645432
	13.4303584	48.4637899
	13.430335	48.4637435
	13.4300066	48.463092
	13.4276125	48.4583407
	13.4271523	48.4571058
	13.4270727	48.4566339
	13.4270052	48.4562339
	13.4269678	48.4559759
	13.4269634	48.4559456
	13.4269492	48.4558471
END
END
