7872449
1
	14.207123	47.392982
	14.2077128	47.3924492
	14.209689	47.390897
	14.2104644	47.3900151
	14.213126	47.386545
	14.212115	47.382024
	14.214363	47.373483
	14.23205	47.370794
	14.234434	47.370177
	14.234745	47.370523
	14.2355178	47.3706628
	14.2360492	47.3708114
	14.236748	47.371081
	14.2371969	47.3715604
	14.238654	47.373326
	14.23901	47.374887
	14.240943	47.37581
	14.253825	47.379459
	14.2564031	47.3795333
	14.2573687	47.3795949
	14.2605101	47.3792233
	14.2652938	47.3807665
	14.269588	47.382132
	14.2735454	47.3825197
	14.276775	47.3827988
	14.28108	47.383226
	14.28329	47.383911
	14.2862791	47.3843673
	14.286775	47.384366
	14.28711	47.384585
	14.287665	47.384662
	14.288141	47.385398
	14.288707	47.38858
	14.293269	47.3898125
	14.297043	47.390949
	14.299602	47.392386
	14.299272	47.393424
	14.2997	47.394016
	14.298999	47.394771
	14.300971	47.396073
	14.302169	47.397585
	14.303953	47.398701
	14.306699	47.399067
	14.307351	47.398878
	14.310119	47.399877
	14.311826	47.401024
	14.315002	47.402103
	14.31769	47.402039
	14.321593	47.40019
	14.324876	47.403078
	14.32722	47.403167
	14.327866	47.40483
	14.336541	47.407674
	14.338866	47.407389
	14.340258	47.408648
	14.345729	47.410565
	14.351732	47.414111
	14.359008	47.416645
	14.363275	47.4169
	14.366483	47.418967
	14.369531	47.418986
	14.372807	47.419863
	14.376191	47.420065
	14.378503	47.422927
	14.381736	47.424161
	14.384345	47.424219
	14.388945	47.428463
	14.388597	47.430149
	14.388986	47.432517
	14.391923	47.435636
	14.3940981	47.4368746
	14.395771	47.438034
	14.397655	47.438596
	14.400302	47.438921
	14.400405	47.439945
	14.401794	47.441139
	14.4031904	47.4428266
	14.403675	47.44337
	14.400221	47.446095
	14.398631	47.446717
	14.396916	47.447774
	14.395974	47.448556
	14.3962598	47.4493012
	14.396757	47.450207
	14.396842	47.450713
	14.396545	47.450829
	14.396531	47.451439
	14.3968791	47.4525603
	14.396952	47.453629
	14.3975116	47.4541057
	14.398155	47.454445
	14.39904	47.455494
	14.397559	47.45647
	14.397746	47.456887
	14.39619	47.457454
	14.395799	47.458099
	14.395431	47.458182
	14.39516	47.459156
	14.395515	47.459702
	14.395359	47.46022
	14.395623	47.460733
	14.395795	47.462674
	14.3965844	47.4635347
	14.396651	47.463783
	14.397226	47.464105
	14.397145	47.464631
	14.397768	47.465069
	14.3983482	47.4664838
	14.3987942	47.4679493
	14.399322	47.468959
	14.3991418	47.4698842
	14.3997255	47.4706974
	14.4000307	47.4711505
	14.400381	47.471682
	14.40929	47.470631
	14.415132	47.475724
	14.4158134	47.4774065
	14.416519	47.478755
	14.417152	47.479054
	14.419344	47.4806784
	14.420661	47.481702
	14.421837	47.482208
	14.422337	47.482643
	14.422317	47.482813
	14.423877	47.482946
	14.4248607	47.4841249
	14.425749	47.48554
	14.425724	47.487084
	14.426938	47.488506
	14.428399	47.491893
	14.429969	47.492225
	14.431765	47.49208
	14.433401	47.493333
	14.4337163	47.4934937
	14.4350298	47.4940555
	14.4355767	47.494249
	14.4366971	47.4942623
	14.4369411	47.4944181
	14.4382034	47.4944558
	14.4386106	47.4944471
	14.439049	47.494529
	14.440384	47.495063
	14.4415315	47.495357
	14.4423026	47.4954877
	14.4431623	47.4958565
	14.443472	47.495869
	14.4448467	47.4977484
	14.4449725	47.4980536
	14.445305	47.498486
	14.445251	47.499189
	14.445363	47.4993103
	14.4455454	47.4994703
	14.445822	47.499602
	14.4453424	47.5000326
	14.444962	47.500285
	14.4447179	47.5004113
	14.4439452	47.5006483
	14.443712	47.500759
	14.444114	47.501544
	14.444251	47.501731
	14.445742	47.501927
	14.4462479	47.5020378
	14.4470322	47.5022358
	14.447899	47.502554
	14.4480037	47.5029008
	14.44825	47.503129
	14.448307	47.5035278
	14.4485296	47.5041346
	14.4487037	47.5048041
	14.4494177	47.5069059
	14.4495311	47.5069156
	14.449712	47.506884
	14.449913	47.507042
	14.450221	47.507854
	14.450672	47.508194
	14.4508953	47.5078217
	14.451012	47.507655
	14.451633	47.507306
	14.451878	47.507324
	14.451913	47.5074353
	14.4518293	47.5077522
	14.4519717	47.5081337
	14.451939	47.508514
	14.452128	47.508771
	14.452908	47.509094
	14.4529892	47.5090468
	14.4530773	47.5089059
	14.453197	47.508926
	14.453577	47.509065
	14.453581	47.509223
	14.4536873	47.5100922
	14.453819	47.51033
	14.45473	47.510477
	14.4561863	47.5116019
	14.456796	47.51191
	14.4570625	47.5122476
	14.458217	47.511871
	14.458481	47.511848
	14.4587497	47.5119608
	14.4590358	47.5122527
	14.459375	47.512426
	14.460068	47.512436
	14.460769	47.512706
	14.4610499	47.5130964
	14.461377	47.514587
	14.461755	47.514286
	14.463085	47.513756
	14.46408	47.51367
	14.464812	47.513784
	14.466132	47.514264
	14.468381	47.513533
	14.471322	47.515984
	14.472197	47.515644
	14.473579	47.516398
	14.475227	47.521688
	14.463796	47.521831
	14.464171	47.522459
	14.4649471	47.5233126
	14.4655581	47.5240065
	14.4659958	47.5244519
	14.4667808	47.5253704
	14.467664	47.526398
	14.4677317	47.526993
	14.467592	47.528019
	14.4674051	47.5287382
	14.467198	47.528943
	14.4665704	47.5296575
	14.46587	47.530219
	14.463431	47.531894
	14.458137	47.534736
	14.458911	47.533336
	14.457759	47.533521
	14.4571426	47.5339506
	14.455697	47.534958
	14.454083	47.535107
	14.451447	47.534998
	14.450508	47.535809
	14.4499814	47.536045
	14.449095	47.536561
	14.4476951	47.53772
	14.446347	47.538941
	14.445723	47.539268
	14.4452286	47.5396788
	14.4445001	47.5405621
	14.443756	47.541184
	14.4414311	47.5423597
	14.4399489	47.5429956
	14.439203	47.543231
	14.4374351	47.544552
	14.4366846	47.5451219
	14.436597	47.54567
	14.4361182	47.5459417
	14.435685	47.546438
	14.435304	47.547342
	14.4354524	47.5476591
	14.435543	47.548095
	14.4355629	47.54856
	14.4356069	47.5490777
	14.435488	47.549502
	14.435134	47.549922
	14.4345475	47.550383
	14.433871	47.550744
	14.4332825	47.5505879
	14.4317097	47.5497693
	14.428833	47.548463
	14.4282384	47.5480433
	14.427423	47.547592
	14.4272991	47.5473072
	14.426665	47.546696
	14.4258351	47.5460203
	14.425299	47.545706
	14.424117	47.543188
	14.4231631	47.5427968
	14.419533	47.541556
	14.418008	47.540682
	14.417696	47.540602
	14.416479	47.540759
	14.416197	47.540643
	14.415972	47.541546
	14.415308	47.542669
	14.41457	47.543376
	14.4130099	47.5444531
	14.411606	47.545575
	14.4092322	47.5463114
	14.407906	47.546603
	14.4074614	47.5471134
	14.4061332	47.5480284
	14.404626	47.549368
	14.4043613	47.5499688
	14.403595	47.55082
	14.401335	47.550984
	14.39951	47.550934
	14.396349	47.55133
	14.394836	47.5512
	14.3935743	47.5511978
	14.391402	47.551323
	14.389624	47.55103
	14.388447	47.5509471
	14.386878	47.550952
	14.385697	47.551051
	14.384546	47.551653
	14.380092	47.551379
	14.379211	47.550986
	14.377319	47.551004
	14.375542	47.551192
	14.374215	47.551545
	14.372317	47.551468
	14.3695994	47.5521237
	14.3690341	47.5521675
	14.3683094	47.5523905
	14.367062	47.552493
	14.364845	47.553007
	14.364202	47.551418
	14.3631	47.549891
	14.360248	47.54842
	14.359599	47.548529
	14.3591475	47.5483776
	14.3587498	47.5482009
	14.3580256	47.5479619
	14.3575881	47.5478632
	14.3570718	47.5477338
	14.3570578	47.5476286
	14.356496	47.547451
	14.3555998	47.5473362
	14.354363	47.547155
	14.3532799	47.547187
	14.352465	47.547118
	14.350474	47.546179
	14.3495181	47.5460975
	14.348743	47.545862
	14.3477905	47.5458808
	14.3474509	47.5457935
	14.3471202	47.545745
	14.346544	47.54575
	14.3462169	47.545447
	14.3458676	47.5449581
	14.3457432	47.5446473
	14.345587	47.544441
	14.3451831	47.5441812
	14.3448691	47.544019
	14.3445721	47.5437652
	14.3443927	47.5435732
	14.343882	47.543274
	14.3428411	47.5431302
	14.3410356	47.5429587
	14.339171	47.542623
	14.3374302	47.5420342
	14.336834	47.541932
	14.336708	47.541333
	14.336201	47.541067
	14.3360019	47.5407597
	14.335528	47.540329
	14.3352525	47.5398383
	14.334769	47.539199
	14.334085	47.5388476
	14.3336352	47.5386541
	14.333113	47.538479
	14.332697	47.537942
	14.332916	47.537649
	14.332726	47.537458
	14.333493	47.536805
	14.333554	47.536364
	14.334026	47.535647
	14.331864	47.534039
	14.331409	47.533454
	14.3314602	47.533302
	14.3315586	47.5331591
	14.3312273	47.532623
	14.3305434	47.531742
	14.3304989	47.5316239
	14.329809	47.530497
	14.329492	47.530097
	14.3293479	47.5300183
	14.3290861	47.5299258
	14.328773	47.529727
	14.3286543	47.529701
	14.3280495	47.530025
	14.3279044	47.5300667
	14.326379	47.530475
	14.3253504	47.5306406
	14.3244277	47.5308722
	14.3237582	47.5310361
	14.323044	47.531193
	14.3220722	47.5310949
	14.320719	47.531015
	14.3204695	47.5310857
	14.319467	47.53144
	14.3184233	47.5316752
	14.317773	47.531747
	14.317705	47.531414
	14.3181594	47.5313491
	14.3185199	47.5311556
	14.3192668	47.5308131
	14.3195854	47.5307042
	14.3203387	47.5304928
	14.320597	47.530493
	14.319966	47.529671
	14.3203005	47.5294639
	14.320488	47.5294332
	14.3206225	47.5292462
	14.3204582	47.529343
	14.320201	47.529353
	14.3199671	47.5292302
	14.319932	47.529152
	14.3199041	47.5290192
	14.319935	47.52876
	14.3206505	47.5282937
	14.3208096	47.5280759
	14.3210745	47.527886
	14.3213635	47.5277439
	14.321303	47.527668
	14.320783	47.527518
	14.3195165	47.5275332
	14.318059	47.52761
	14.317152	47.5278859
	14.3161248	47.5279939
	14.3149288	47.5282095
	14.314033	47.528472
	14.3134323	47.5284918
	14.3130725	47.5285769
	14.3120152	47.5285685
	14.3113053	47.5285822
	14.311176	47.5286103
	14.310374	47.528643
	14.310116	47.528363
	14.310193	47.527887
	14.3103396	47.5277672
	14.310614	47.527689
	14.3111467	47.5279469
	14.311295	47.528115
	14.311305	47.528462
	14.3116685	47.5284185
	14.312425	47.528174
	14.31205	47.527907
	14.311949	47.527563
	14.3122014	47.5276058
	14.312361	47.527717
	14.3129618	47.5276838
	14.313812	47.527665
	14.314505	47.527484
	14.314014	47.526983
	14.314483	47.526853
	14.314358	47.526585
	14.3133465	47.5261775
	14.313064	47.525934
	14.313427	47.525794
	14.3138592	47.5254336
	14.3139702	47.5252489
	14.314174	47.524955
	14.3144639	47.5248597
	14.3149303	47.5244332
	14.3151724	47.5241436
	14.3151309	47.524099
	14.3153765	47.5237153
	14.315445	47.523496
	14.314715	47.523209
	14.3135141	47.5230891
	14.313384	47.522985
	14.3131988	47.5230383
	14.3121643	47.5236494
	14.3118533	47.5232293
	14.311751	47.522988
	14.3111131	47.5230794
	14.3105977	47.5231267
	14.310372	47.523129
	14.3101037	47.5233263
	14.309996	47.5233493
	14.307553	47.51895
	14.307036	47.518539
	14.307215	47.518292
	14.3061775	47.5180046
	14.304944	47.51781
	14.302523	47.51638
	14.3016	47.516237
	14.297757	47.51368
	14.297541	47.5135002
	14.2973991	47.5131961
	14.2970317	47.5128298
	14.2965199	47.5121758
	14.296424	47.512019
	14.2963203	47.5117815
	14.2962908	47.5114505
	14.296352	47.511141
	14.296089	47.510987
	14.2956635	47.5110047
	14.295313	47.510974
	14.2951347	47.5107732
	14.294833	47.510552
	14.2941486	47.5103124
	14.293647	47.509999
	14.293272	47.509618
	14.2932774	47.5093269
	14.293431	47.509088
	14.2927519	47.5088621
	14.292177	47.508687
	14.2914393	47.5086438
	14.2906303	47.508719
	14.290405	47.508699
	14.2891407	47.5084445
	14.288877	47.508351
	14.2885676	47.5081373
	14.2883667	47.5079217
	14.2880943	47.5075953
	14.2878584	47.5072805
	14.287627	47.507057
	14.2869597	47.506816
	14.2865574	47.5066134
	14.2861041	47.5063444
	14.285768	47.506229
	14.2855278	47.5060959
	14.2853839	47.5059703
	14.285224	47.505875
	14.2835781	47.5052027
	14.2830952	47.5050605
	14.282183	47.5046754
	14.281227	47.504212
	14.2806738	47.5039288
	14.2800128	47.5033344
	14.2795311	47.5030873
	14.279281	47.502887
	14.2785338	47.5025213
	14.277761	47.502245
	14.276894	47.5019923
	14.276313	47.501892
	14.2734858	47.5015872
	14.273008	47.50151
	14.2724491	47.5013197
	14.271553	47.500887
	14.270998	47.5007884
	14.270223	47.500675
	14.2690403	47.5010196
	14.2684841	47.5011629
	14.2678207	47.5014004
	14.267133	47.501542
	14.2667043	47.5017486
	14.2661738	47.5019447
	14.265769	47.5021539
	14.2650804	47.5023861
	14.264656	47.502543
	14.2640382	47.5026352
	14.263223	47.502679
	14.26272	47.502766
	14.262556	47.502953
	14.261969	47.503182
	14.2612776	47.5033736
	14.2608281	47.5034278
	14.2602505	47.5035393
	14.259865	47.5036439
	14.259308	47.503748
	14.2587291	47.5039519
	14.258317	47.504028
	14.2580821	47.504234
	14.257444	47.504535
	14.2563439	47.504928
	14.2559095	47.5051404
	14.255679	47.505229
	14.25419	47.505398
	14.2536071	47.5055866
	14.2529359	47.505764
	14.252488	47.505869
	14.2516206	47.5059451
	14.2509099	47.5060815
	14.2503276	47.5060635
	14.249879	47.506098
	14.2492794	47.506266
	14.24891	47.506356
	14.248094	47.5064059
	14.2474494	47.5064876
	14.246814	47.506492
	14.2464003	47.5066169
	14.2458603	47.5068197
	14.245444	47.506955
	14.2449027	47.507085
	14.244028	47.5072653
	14.243464	47.507355
	14.2428285	47.5074109
	14.2423917	47.5074239
	14.24187	47.507463
	14.2409464	47.5076989
	14.240461	47.507735
	14.2400449	47.5076664
	14.239585	47.507674
	14.2387946	47.5078146
	14.2382418	47.5078957
	14.237886	47.507983
	14.2378266	47.5080644
	14.2376348	47.5086318
	14.2375894	47.5090212
	14.237367	47.509489
	14.2369084	47.5093338
	14.2358097	47.5090733
	14.234819	47.508784
	14.234304	47.508737
	14.234075	47.508963
	14.233636	47.509013
	14.2313546	47.5090229
	14.228149	47.508841
	14.2277784	47.5087789
	14.2272232	47.5085629
	14.226807	47.508459
	14.226345	47.508504
	14.2254371	47.5082625
	14.225169	47.508113
	14.2251168	47.5079355
	14.224727	47.507535
	14.224165	47.507197
	14.2237055	47.5065139
	14.223398	47.506174
	14.222257	47.505232
	14.221168	47.503587
	14.220513	47.50245
	14.219862	47.500529
	14.2198967	47.5003495
	14.220011	47.500259
	14.220125	47.500158
	14.2199718	47.4996623
	14.219768	47.4993778
	14.219585	47.4985946
	14.2195016	47.4982645
	14.219459	47.497782
	14.217991	47.495791
	14.219941	47.4945303
	14.2206139	47.4939601
	14.220621	47.493208
	14.221351	47.493227
	14.221741	47.493443
	14.223745	47.492864
	14.223053	47.491798
	14.224261	47.491605
	14.225299	47.490758
	14.2256911	47.4906441
	14.22626	47.4905897
	14.227102	47.49058
	14.228144	47.490252
	14.228255	47.489968
	14.229279	47.489872
	14.2295084	47.4898182
	14.2296921	47.4897446
	14.2299934	47.4896021
	14.2307794	47.4894422
	14.2311266	47.4894093
	14.231675	47.48926
	14.232992	47.488711
	14.2339035	47.4881641
	14.2343259	47.4878286
	14.2346387	47.4876534
	14.235133	47.487475
	14.235453	47.487442
	14.236124	47.487807
	14.237044	47.487824
	14.237873	47.488255
	14.238612	47.488392
	14.2394567	47.4881462
	14.240444	47.487951
	14.2410253	47.4876653
	14.242659	47.486357
	14.243683	47.486245
	14.24439	47.485916
	14.244517	47.4857339
	14.24452	47.485614
	14.244336	47.485404
	14.245556	47.484778
	14.246199	47.484638
	14.246493	47.484356
	14.24662	47.483075
	14.246062	47.481358
	14.246169	47.480109
	14.2462894	47.4796085
	14.247092	47.477153
	14.247635	47.476378
	14.2491183	47.475437
	14.2494254	47.4751978
	14.24979	47.474823
	14.250245	47.474246
	14.2503779	47.4738388
	14.250321	47.473665
	14.25064	47.47318
	14.2537156	47.4704679
	14.254769	47.4695
	14.254438	47.468972
	14.254792	47.468595
	14.25565	47.468208
	14.258396	47.463604
	14.252661	47.458933
	14.250124	47.456151
	14.249717	47.451539
	14.250855	47.449176
	14.250092	47.447188
	14.249614	47.444611
	14.250132	47.442614
	14.250038	47.440405
	14.248148	47.436137
	14.248358	47.435555
	14.2456003	47.4342676
	14.242945	47.433028
	14.24201	47.431811
	14.241691	47.428706
	14.2323996	47.4247595
	14.228194	47.420197
	14.227808	47.418922
	14.227074	47.418143
	14.225262	47.417003
	14.224292	47.416162
	14.223888	47.415587
	14.223757	47.414714
	14.220431	47.412776
	14.219871	47.412591
	14.2195896	47.4118553
	14.2193047	47.4116363
	14.219157	47.41132
	14.219206	47.4102668
	14.219064	47.408577
	14.218238	47.407838
	14.2179148	47.4071337
	14.217888	47.406601
	14.217083	47.405711
	14.215329	47.404656
	14.2150242	47.4041762
	14.214489	47.403714
	14.213294	47.403323
	14.211815	47.402566
	14.211189	47.401845
	14.210001	47.3999591
	14.2095565	47.3992955
	14.209226	47.398625
	14.209407	47.398182
	14.208459	47.397553
	14.207237	47.395848
	14.2073126	47.3954531
	14.207347	47.39322
	14.207123	47.392982
END
END
