7872454
1
	14.872531	47.632578
	14.877359	47.627484
	14.883398	47.626094
	14.885988	47.624075
	14.88775	47.623678
	14.893059	47.625106
	14.893649	47.625537
	14.896414	47.624876
	14.897677	47.623844
	14.899106	47.623747
	14.903548	47.624377
	14.907009	47.625976
	14.911718	47.626829
	14.9128847	47.6252841
	14.914075	47.623708
	14.913118	47.621907
	14.913809	47.614498
	14.923801	47.614394
	14.9318428	47.612798
	14.9324451	47.6126784
	14.932936	47.612581
	14.936272	47.610304
	14.941285	47.610712
	14.945549	47.610287
	14.950014	47.610535
	14.955072	47.610343
	14.961949	47.611133
	14.962513	47.607363
	14.958604	47.603279
	14.95739	47.602362
	14.956612	47.601251
	14.953988	47.598869
	14.9547039	47.5986951
	14.961808	47.59697
	14.963307	47.597678
	14.96451	47.597992
	14.966076	47.597777
	14.966757	47.598001
	14.97181	47.597875
	14.975184	47.599711
	14.979466	47.599723
	14.982617	47.600757
	14.9900177	47.6014519
	14.991542	47.601595
	14.992963	47.602075
	14.9933475	47.6023225
	14.993785	47.602552
	14.996758	47.6031
	14.998031	47.603736
	14.9990244	47.6037176
	14.9999337	47.6036537
	15.000564	47.60364
	15.0011144	47.6034964
	15.001331	47.603303
	15.0017858	47.6033282
	15.00302	47.603244
	15.003724	47.602975
	15.004325	47.603124
	15.008323	47.603044
	15.011446	47.602103
	15.016928	47.603201
	15.025894	47.604327
	15.02806	47.605956
	15.0280881	47.6059087
	15.0283374	47.6056089
	15.028584	47.60531
	15.030201	47.604577
	15.0313467	47.6051354
	15.032586	47.605802
	15.0332275	47.6059431
	15.033717	47.606155
	15.035706	47.606408
	15.0362551	47.6064254
	15.0380262	47.6063049
	15.0392012	47.6062682
	15.040152	47.606147
	15.042013	47.606292
	15.04416	47.606042
	15.046042	47.606423
	15.047866	47.606236
	15.049318	47.606372
	15.0509563	47.6056904
	15.051275	47.605661
	15.0529277	47.6064945
	15.0537458	47.6071372
	15.054296	47.607411
	15.0599784	47.6087592
	15.0652	47.610153
	15.066892	47.614522
	15.070443	47.618908
	15.0689644	47.6229434
	15.068328	47.624827
	15.066285	47.626142
	15.070637	47.631203
	15.074106	47.633324
	15.0733134	47.6433296
	15.0728048	47.6435937
	15.0707322	47.6446487
	15.06896	47.645559
	15.066962	47.648681
	15.06725	47.651352
	15.0679382	47.6519538
	15.0687194	47.6527082
	15.070731	47.654609
	15.073351	47.658579
	15.073393	47.65945
	15.073709	47.660045
	15.07401	47.659923
	15.07474	47.661194
	15.075506	47.661385
	15.075799	47.661776
	15.076525	47.661957
	15.076949	47.6622886
	15.0774474	47.6624211
	15.078321	47.66291
	15.079787	47.663317
	15.080089	47.663527
	15.081297	47.663681
	15.0815855	47.6637723
	15.0818041	47.6639198
	15.0821016	47.6638894
	15.0822367	47.6639126
	15.0826349	47.6641098
	15.082246	47.664337
	15.0821772	47.6666279
	15.082004	47.668692
	15.08278	47.672042
	15.08239	47.673644
	15.080917	47.674674
	15.0806491	47.6751768
	15.0793142	47.6772324
	15.0783945	47.6788261
	15.0761457	47.6828027
	15.0747177	47.6853641
	15.0745707	47.6855927
	15.074974	47.687103
	15.076338	47.687787
	15.075795	47.689549
	15.076714	47.692115
	15.077321	47.693102
	15.0778288	47.6937813
	15.078091	47.694036
	15.079003	47.69471
	15.079511	47.695565
	15.081049	47.695801
	15.081951	47.696318
	15.079839	47.697617
	15.084726	47.698236
	15.085266	47.700027
	15.0839925	47.7013334
	15.082484	47.702811
	15.0836074	47.7039144
	15.084201	47.704713
	15.085321	47.705359
	15.086277	47.706657
	15.0868378	47.7085645
	15.086838	47.709191
	15.087787	47.711247
	15.091491	47.712612
	15.092428	47.713738
	15.094125	47.714857
	15.096179	47.717263
	15.098772	47.719809
	15.100946	47.7206209
	15.105041	47.722059
	15.1076539	47.7223165
	15.110051	47.722517
	15.111689	47.724241
	15.112342	47.725775
	15.113368	47.726836
	15.116325	47.727449
	15.122294	47.729733
	15.123547	47.73103
	15.129474	47.731733
	15.130598	47.732556
	15.134633	47.733137
	15.139078	47.734173
	15.138237	47.742894
	15.137855	47.7428357
	15.137576	47.742707
	15.136992	47.742728
	15.136507	47.742492
	15.136332	47.742164
	15.1357793	47.7421626
	15.135225	47.742308
	15.13458	47.742041
	15.1343604	47.7421618
	15.1340238	47.7421801
	15.133894	47.742066
	15.133389	47.741982
	15.132635	47.742046
	15.13213	47.742261
	15.131819	47.742062
	15.131492	47.742287
	15.1310285	47.7422867
	15.130755	47.7423729
	15.1305551	47.7424571
	15.1294831	47.7425828
	15.128527	47.742703
	15.127917	47.742632
	15.1274	47.742113
	15.126513	47.742351
	15.125901	47.742302
	15.124038	47.742548
	15.123882	47.74228
	15.122815	47.742394
	15.122257	47.742123
	15.120058	47.742366
	15.1189286	47.7418871
	15.118362	47.741772
	15.116447	47.742013
	15.11603	47.741697
	15.115604	47.741724
	15.1152207	47.7415583
	15.114126	47.741371
	15.113404	47.741579
	15.112823	47.741447
	15.11173	47.7414963
	15.1115139	47.7414138
	15.110461	47.741485
	15.109583	47.741274
	15.109455	47.740914
	15.1090047	47.7409512
	15.10852	47.740846
	15.107537	47.740827
	15.106784	47.740635
	15.106616	47.7401
	15.1053126	47.7403238
	15.104527	47.740436
	15.104176	47.740703
	15.103686	47.740726
	15.102578	47.740325
	15.101264	47.740437
	15.100724	47.740879
	15.099902	47.740914
	15.097971	47.740728
	15.095738	47.740983
	15.0947605	47.7408475
	15.093054	47.740453
	15.090866	47.740586
	15.0892172	47.7414763
	15.0877443	47.7415567
	15.085911	47.741776
	15.08441	47.741675
	15.083998	47.742597
	15.0819646	47.7427004
	15.079064	47.742848
	15.0780884	47.7426922
	15.0769573	47.7423918
	15.075548	47.742606
	15.07426	47.742077
	15.07045	47.742449
	15.069882	47.740022
	15.067848	47.740075
	15.064967	47.740855
	15.06027	47.740627
	15.058141	47.741038
	15.056657	47.740584
	15.055724	47.74066
	15.0557379	47.7407482
	15.055876	47.740877
	15.034715	47.752737
	15.033652	47.752506
	15.030781	47.752699
	15.02949	47.752536
	15.029265	47.752621
	15.028258	47.75228
	15.027922	47.751289
	15.025654	47.749776
	15.025089	47.749559
	15.023185	47.749263
	15.021417	47.747903
	15.0196557	47.7474369
	15.016454	47.74681
	15.014613	47.746027
	15.012081	47.745848
	15.009878	47.744936
	15.008069	47.744855
	15.0052093	47.7444358
	15.003168	47.744135
	15.002186	47.743412
	15.0012112	47.7429968
	14.997222	47.741428
	14.992942	47.741156
	14.98851	47.74058
	14.986418	47.740121
	14.982745	47.740635
	14.978125	47.742736
	14.974494	47.743574
	14.9735322	47.7436906
	14.972834	47.743598
	14.972422	47.7433877
	14.970881	47.741783
	14.9699333	47.7411359
	14.968049	47.739822
	14.968392	47.738361
	14.967641	47.737257
	14.963427	47.736214
	14.958723	47.735616
	14.9566082	47.7345633
	14.9565117	47.7343993
	14.954188	47.733316
	14.951991	47.732858
	14.951041	47.731596
	14.9488	47.729568
	14.946351	47.727681
	14.9458775	47.7275308
	14.9443371	47.72683
	14.942388	47.725804
	14.942956	47.724206
	14.94009	47.721917
	14.936669	47.720506
	14.935603	47.718683
	14.931368	47.717311
	14.930473	47.715427
	14.93003	47.712862
	14.927755	47.710637
	14.923057	47.7107731
	14.915089	47.710771
	14.909983	47.7105
	14.907237	47.709999
	14.9056688	47.7102391
	14.901204	47.7108171
	14.896677	47.70879
	14.894903	47.707993
	14.8935248	47.7055404
	14.893338	47.704978
	14.891343	47.702455
	14.890705	47.700349
	14.894408	47.696753
	14.895981	47.694884
	14.896969	47.693075
	14.897585	47.688913
	14.895163	47.688655
	14.8913	47.688787
	14.88983	47.687998
	14.888157	47.68769
	14.8887194	47.687329
	14.889341	47.686818
	14.8866627	47.6787369
	14.886155	47.677422
	14.891746	47.672973
	14.915371	47.668647
	14.911665	47.660726
	14.908582	47.659055
	14.907019	47.659555
	14.905916	47.658687
	14.898234	47.654639
	14.898524	47.652547
	14.892489	47.651236
	14.884949	47.649877
	14.886266	47.6464441
	14.887473	47.6434498
	14.8845957	47.6434399
	14.884135	47.643444
	14.874622	47.640564
	14.872531	47.632578
END
END
