7872116
1
	13.9945806	48.6207377
	13.994673	48.6204825
	13.9948095	48.6202165
	13.9950675	48.620008
	13.9958352	48.6196177
	13.9967776	48.619261
	13.9971036	48.6190289
	13.9972917	48.618822
	13.9977248	48.6187651
	13.9980681	48.6187563
	13.9983208	48.6187292
	13.9990638	48.6187759
	13.9995011	48.6188568
	13.9998978	48.6190341
	13.9999777	48.6191588
	14.0002879	48.6192893
	14.0006689	48.6194011
	14.0012475	48.6194374
	14.0016065	48.6194232
	14.0020242	48.6193929
	14.0025106	48.6193176
	14.0033392	48.6192509
	14.0038968	48.6191479
	14.0042985	48.6190456
	14.0048622	48.6188486
	14.0050705	48.6187968
	14.0052699	48.6188031
	14.0055697	48.6187994
	14.0061948	48.6188229
	14.0067908	48.6188522
	14.0071691	48.61886
	14.0074007	48.618841
	14.0076349	48.6187916
	14.007881	48.6186819
	14.0081325	48.6185554
	14.0084962	48.6183475
	14.008837	48.6181842
	14.0090809	48.618038
	14.0094298	48.6177929
	14.0094963	48.6176104
	14.0095733	48.6172797
	14.0097827	48.616904
	14.0099798	48.6165199
	14.0102584	48.61624
	14.0107397	48.6158596
	14.0110248	48.6156037
	14.011364	48.6152857
	14.0112722	48.6150635
	14.0110725	48.6146044
	14.010943	48.6140315
	14.0109371	48.6135756
	14.0109532	48.612796
	14.0109596	48.6126697
	14.0107523	48.6124445
	14.0105066	48.6123779
	14.0098646	48.6122872
	14.0095045	48.6122262
	14.0085814	48.6117616
	14.0084165	48.6114925
	14.0083701	48.6112817
	14.0084736	48.6111617
	14.0087313	48.6108684
	14.0092827	48.6104975
	14.0096115	48.6102167
	14.0099384	48.6097673
	14.0104382	48.6091363
	14.0107379	48.6088738
	14.0110885	48.6084495
	14.0119153	48.6079828
	14.0126097	48.6076018
	14.0129383	48.6076082
	14.0137377	48.6076041
	14.0142048	48.6075267
	14.0143234	48.6075082
	14.015266	48.6071081
	14.0157117	48.6069426
	14.0165858	48.6067816
	14.0172906	48.6065794
	14.0179527	48.6061337
	14.0183018	48.6059183
	14.01862	48.6055921
	14.0187895	48.6053675
	14.0190813	48.6047806
	14.019395	48.6043145
	14.0200345	48.6040621
	14.0207009	48.6038234
	14.021415	48.6034078
	14.0221741	48.6030279
	14.0226979	48.6029278
	14.0230544	48.6028577
	14.0234393	48.6027342
	14.0236239	48.6025858
	14.0238065	48.6022744
	14.0236273	48.6018849
	14.0237398	48.6018439
	14.0247461	48.6022227
	14.0252868	48.602618
	14.0255082	48.6030058
	14.0256998	48.6032351
	14.0259212	48.6035671
	14.0261927	48.6041631
	14.026357	48.6043894
	14.0266376	48.6046821
	14.0271944	48.6049356
	14.0277603	48.6052343
	14.0279245	48.6053626
	14.0281139	48.6055934
	14.0281915	48.6056266
	14.028495	48.6056885
	14.028584	48.6056507
	14.0287026	48.6056372
	14.0289673	48.6057503
	14.0292571	48.6059118
	14.029451	48.6060279
	14.0299165	48.6064308
	14.0296815	48.606995
	14.0296518	48.6070599
	14.0296359	48.6072138
	14.0297294	48.6075729
	14.0299097	48.6076981
	14.029896	48.6078686
	14.0298983	48.6079968
	14.0300123	48.6081387
	14.0301173	48.6083559
	14.0301447	48.6085686
	14.0301972	48.6087859
	14.030439	48.6088477
	14.0310619	48.6090891
	14.0312673	48.6092159
	14.032431	48.6096956
	14.0331429	48.6101889
	14.0335445	48.6104152
	14.0338617	48.6105842
	14.0342108	48.6108452
	14.034998	48.6114683
	14.0357966	48.6113023
	14.0369877	48.6109463
	14.0374486	48.6106506
	14.0376311	48.6107833
	14.0378342	48.6110217
	14.0382175	48.6113008
	14.0387378	48.6113973
	14.0388409	48.6114095
	14.039096	48.6114396
	14.0393481	48.6114976
	14.0396801	48.6115739
	14.0401638	48.6119193
	14.0403806	48.6119872
	14.0407754	48.6120476
	14.0408347	48.6120853
	14.0408415	48.6122814
	14.0408689	48.6124141
	14.0409921	48.6125197
	14.0414736	48.6125499
	14.0418044	48.6125861
	14.0420166	48.6126612
	14.0421718	48.6128647
	14.0427462	48.6134492
	14.0428627	48.613504
	14.043206	48.6135575
	14.0433359	48.6136172
	14.0435376	48.6137509
	14.0436359	48.613873
	14.0436662	48.6140096
	14.0434121	48.6144004
	14.0431393	48.6145115
	14.0429194	48.6146284
	14.0427257	48.6148377
	14.0426862	48.6151266
	14.0427945	48.6154116
	14.0428797	48.6155575
	14.0427948	48.6157153
	14.042726	48.6157993
	14.0427312	48.6161213
	14.0426981	48.6162302
	14.04234	48.6165146
	14.0419751	48.6166521
	14.0417188	48.6166474
	14.0414074	48.616741
	14.0412614	48.6167511
	14.0410104	48.6170957
	14.0409192	48.6171382
	14.0409193	48.6174185
	14.041363	48.6176434
	14.0423774	48.6181072
	14.0429378	48.6182526
	14.0433853	48.6183434
	14.0441922	48.6184822
	14.0446943	48.6186874
	14.045352	48.618864
	14.0455426	48.6188732
	14.0456829	48.6190572
	14.0456378	48.6192058
	14.0452964	48.6196397
	14.0452695	48.6197459
	14.0453716	48.6199305
	14.0454006	48.6200623
	14.0453438	48.6201557
	14.0453587	48.6202514
	14.0457561	48.6205812
	14.0458119	48.6206689
	14.0457954	48.6209846
	14.045876	48.6213055
	14.0459167	48.6213934
	14.0461453	48.6216055
	14.0462249	48.6218032
	14.0462117	48.6220095
	14.0462602	48.6220925
	14.0463617	48.6222032
	14.0464147	48.6223383
	14.0464032	48.6224461
	14.0462369	48.6227538
	14.0461408	48.6228183
	14.0459544	48.6228858
	14.0458297	48.6228977
	14.0457444	48.6229258
	14.0456733	48.6229779
	14.0455954	48.6230916
	14.0454517	48.6233478
	14.0454668	48.623507
	14.0456088	48.6238565
	14.0457883	48.6240956
	14.0467973	48.6251059
	14.0470045	48.6253548
	14.0470132	48.6254381
	14.0469553	48.6256631
	14.0469753	48.6257641
	14.0472117	48.6260175
	14.0473297	48.6262338
	14.0475153	48.6264585
	14.0475925	48.6265215
	14.0479225	48.6266114
	14.0479602	48.626688
	14.048166	48.6267315
	14.0482753	48.6267806
	14.0482256	48.6269447
	14.0481075	48.6270103
	14.04818	48.627223
	14.0481392	48.6273673
	14.0478934	48.6274845
	14.0473706	48.6275844
	14.0472439	48.6276698
	14.0470668	48.6276928
	14.0470481	48.6277673
	14.0468603	48.627902
	14.046868	48.6279434
	14.0467396	48.6279446
	14.0467664	48.6280084
	14.0465599	48.628058
	14.0465401	48.6279952
	14.0463518	48.6280519
	14.0461206	48.6282122
	14.0460999	48.6283005
	14.0460683	48.6283656
	14.045596	48.6286032
	14.045403	48.6285056
	14.0449677	48.6285019
	14.0447955	48.6284848
	14.0446848	48.6284466
	14.0440172	48.6285066
	14.0437677	48.6285651
	14.0437007	48.628503
	14.0435102	48.628581
	14.0432527	48.6285686
	14.0431402	48.628735
	14.0430298	48.6287774
	14.0427994	48.6287406
	14.0425956	48.6289799
	14.04245	48.6289943
	14.0420501	48.6289295
	14.0417595	48.6289012
	14.0414977	48.6288648
	14.0413963	48.6287653
	14.0411585	48.628598
	14.0410284	48.628531
	14.0408649	48.6284693
	14.0404879	48.6284807
	14.0400799	48.6284545
	14.0396845	48.6283504
	14.0389225	48.627916
	14.038866	48.6278237
	14.0385426	48.6277155
	14.0382322	48.6276492
	14.0378969	48.6276533
	14.0374082	48.6277389
	14.0366705	48.6278199
	14.0361742	48.6278521
	14.0359235	48.6278506
	14.0349704	48.6279732
	14.0348226	48.6279304
	14.0346922	48.6279508
	14.0341769	48.6278659
	14.0340567	48.6278485
	14.0336638	48.6277673
	14.0334024	48.6277635
	14.0329504	48.6277342
	14.0324944	48.6276417
	14.0317379	48.6274344
	14.031038	48.62695
	14.0308851	48.6268968
	14.0307687	48.6267508
	14.0304307	48.6265892
	14.0301381	48.6264864
	14.0299179	48.6264466
	14.0296183	48.6263405
	14.0293974	48.6262067
	14.0288653	48.6261355
	14.0287549	48.6261518
	14.028706	48.6261765
	14.0287629	48.6262812
	14.0290424	48.6263792
	14.0293305	48.6265332
	14.0299581	48.6267193
	14.0300822	48.6268297
	14.0300751	48.6269275
	14.0300335	48.6269972
	14.0300259	48.627226
	14.0300395	48.6273113
	14.0301597	48.6275074
	14.0302327	48.6280885
	14.0302147	48.6284115
	14.0301897	48.6287407
	14.0299042	48.628943
	14.02978	48.6289688
	14.0296548	48.6289714
	14.028418	48.6290366
	14.0276978	48.6291267
	14.0268114	48.6294334
	14.0265056	48.6296596
	14.0263948	48.6297744
	14.0255679	48.6300207
	14.0250367	48.6301329
	14.0242893	48.6304182
	14.0236201	48.6305649
	14.0229908	48.6307173
	14.0231272	48.6317667
	14.0232522	48.6320684
	14.0233571	48.6323604
	14.0229824	48.6324831
	14.0224309	48.6328804
	14.0217559	48.6332873
	14.0209432	48.6337571
	14.0207034	48.6337728
	14.0204946	48.6338943
	14.0203526	48.6340378
	14.0199801	48.6344533
	14.0198602	48.6346582
	14.0194876	48.6352119
	14.0193888	48.6353814
	14.019321	48.6355428
	14.0193151	48.6357001
	14.0190816	48.635934
	14.0189811	48.6360653
	14.0188884	48.6362795
	14.018501	48.6367135
	14.0182673	48.6369006
	14.0181725	48.6369475
	14.0179193	48.6370139
	14.0176007	48.6371688
	14.0175561	48.6372112
	14.0172215	48.63728
	14.0170149	48.6372092
	14.0168007	48.6372311
	14.0163341	48.6373076
	14.0159386	48.6373417
	14.0158157	48.6373244
	14.0155977	48.6373572
	14.0155138	48.6374377
	14.0154473	48.6376006
	14.0150054	48.6378311
	14.0148836	48.6379478
	14.0146386	48.6381098
	14.0145301	48.6381409
	14.0143887	48.6381471
	14.014281	48.6381235
	14.0140434	48.6381097
	14.0138599	48.6381127
	14.0132684	48.6383026
	14.0131753	48.6383566
	14.0130999	48.6384248
	14.0128633	48.6385395
	14.0127399	48.6385324
	14.0126686	48.6386248
	14.0125066	48.6386263
	14.0123119	48.6386678
	14.0121614	48.6387846
	14.0118516	48.6389226
	14.0116966	48.6389684
	14.011608	48.6389436
	14.0115598	48.638995
	14.0113982	48.6390154
	14.0113148	48.6390755
	14.0112795	48.6392203
	14.0111184	48.6393469
	14.0109795	48.6394278
	14.0107008	48.6395631
	14.0105886	48.6396473
	14.010444	48.6397736
	14.0103252	48.6398148
	14.0100192	48.6398325
	14.0095529	48.6396794
	14.0093123	48.6395184
	14.0089202	48.6394183
	14.0081212	48.6392907
	14.0076429	48.6392044
	14.0072538	48.6391828
	14.0071677	48.6391632
	14.0070905	48.6391023
	14.0070132	48.6390101
	14.0067429	48.638804
	14.0063746	48.6386548
	14.0059647	48.6385547
	14.0057776	48.638537
	14.0056172	48.6384781
	14.0054211	48.6383133
	14.005237	48.638113
	14.0050498	48.6378638
	14.0050409	48.6374692
	14.0050914	48.637165
	14.0050112	48.6369942
	14.0048568	48.6368509
	14.0044885	48.636425
	14.0044558	48.6362974
	14.0044231	48.6360461
	14.0045152	48.6357478
	14.0039644	48.6353595
	14.003962	48.6353533
	14.0038884	48.6351687
	14.0038498	48.6350431
	14.0038201	48.634888
	14.003829	48.6347211
	14.003835	48.6345386
	14.0038498	48.6342952
	14.0038944	48.6340282
	14.0039449	48.6338358
	14.0041706	48.6333647
	14.0040637	48.6332018
	14.0041053	48.6330565
	14.0042033	48.6329348
	14.0043191	48.6328484
	14.0044112	48.6328327
	14.0045092	48.6327523
	14.004631	48.6326462
	14.0046934	48.6324794
	14.0045657	48.632446
	14.0044558	48.6324028
	14.0044439	48.632181
	14.004536	48.6319906
	14.0047439	48.631755
	14.0050944	48.6313251
	14.0051182	48.6312328
	14.0050469	48.6311916
	14.0049429	48.6310051
	14.0049251	48.630587
	14.005136	48.630426
	14.005234	48.6303926
	14.0052934	48.6303161
	14.0053498	48.6301551
	14.0053855	48.6299784
	14.0053706	48.6298822
	14.0053142	48.6297978
	14.0053142	48.6296721
	14.0055281	48.6295838
	14.0054182	48.6294169
	14.0053231	48.6291813
	14.00543	48.6290243
	14.0055162	48.6288024
	14.0055162	48.6285924
	14.0053617	48.6281428
	14.0053083	48.6276559
	14.0052965	48.6276458
	14.0051127	48.6274893
	14.0050594	48.6274439
	14.0050269	48.6274162
	14.0049815	48.6273775
	14.0049489	48.6273497
	14.0043745	48.627062
	14.004237	48.6269344
	14.0036449	48.6266841
	14.0028785	48.6265133
	14.0025607	48.6265604
	14.0021686	48.6263916
	14.0017468	48.6263484
	14.0014528	48.6262797
	14.0012538	48.6261658
	14.0011587	48.6261344
	14.0007904	48.6261697
	14.0002023	48.6261756
	13.9999943	48.6260794
	13.9997508	48.6259675
	13.9995963	48.625995
	13.9995102	48.62594
	13.999427	48.6258124
	13.9994478	48.6257633
	13.9992725	48.6256436
	13.999029	48.625618
	13.9989042	48.6256671
	13.9987527	48.6255532
	13.9986606	48.6253981
	13.9984984	48.6251867
	13.9984379	48.6251488
	13.9983101	48.6250997
	13.9981943	48.625033
	13.9981245	48.6249657
	13.9982618	48.6245082
	13.9982673	48.6243568
	13.9978799	48.6239291
	13.9969207	48.6233418
	13.9966816	48.6232325
	13.9964211	48.6231251
	13.9962518	48.6230313
	13.9961121	48.6229303
	13.9958264	48.6226613
	13.9953564	48.6222138
	13.9948131	48.6214326
	13.9945912	48.6209664
	13.9945806	48.6207377
END
END
