7872573
1
	11.9479389	47.4152557
	11.9500844	47.4144348
	11.9555323	47.4123502
	11.9574666	47.4133645
	11.9595326	47.4133268
	11.9609656	47.4131178
	11.9611226	47.4130493
	11.9610416	47.4143719
	11.9637405	47.4153074
	11.9660546	47.4156774
	11.9665154	47.4158796
	11.967199	47.4159824
	11.9674066	47.4159447
	11.9680851	47.4155404
	11.9682016	47.4153759
	11.9682573	47.4144781
	11.9678674	47.4139573
	11.9678674	47.4129293
	11.9684244	47.4129122
	11.9693764	47.4135221
	11.9694422	47.4136969
	11.9698068	47.4139813
	11.9701967	47.4141389
	11.9708651	47.4142349
	11.9715487	47.4142246
	11.9734982	47.4139128
	11.9740653	47.4139505
	11.9750578	47.4136832
	11.9752755	47.413529
	11.9764756	47.4134947
	11.9767288	47.4135393
	11.976906	47.4135221
	11.977777	47.4131178
	11.9779137	47.4128745
	11.9782479	47.4125524
	11.9783542	47.4122954
	11.9787188	47.4119253
	11.9796353	47.4113359
	11.9806936	47.4106472
	11.9818633	47.4094615
	11.983271	47.4084471
	11.9828254	47.4076863
	11.9820355	47.4065212
	11.9820152	47.4059454
	11.9817418	47.404979
	11.9817975	47.4047048
	11.982076	47.4044923
	11.9822431	47.404129
	11.9830685	47.4034607
	11.9833774	47.4031146
	11.9848813	47.4021584
	11.9848003	47.4018293
	11.9848762	47.4017265
	11.9858383	47.4010685
	11.9867093	47.3995432
	11.9869624	47.3994027
	11.9874941	47.3985527
	11.9882739	47.3979323
	11.9881625	47.397305
	11.9878889	47.3965807
	11.9885469	47.3947018
	11.9879383	47.3938677
	11.9863847	47.3918446
	11.9849795	47.3907225
	11.984277	47.3903809
	11.9841236	47.3899923
	11.9847223	47.3882538
	11.9878443	47.3880662
	11.9889081	47.3883375
	11.9900412	47.3887931
	11.9927526	47.3888433
	11.9929208	47.388974
	11.9957064	47.3891046
	11.9960429	47.3888835
	11.9982793	47.3880863
	11.9978093	47.3876173
	11.9964338	47.3870344
	11.994942	47.3863324
	11.9935979	47.3855271
	11.9926455	47.3848037
	11.9912821	47.3834976
	11.9909389	47.3831146
	11.9909389	47.3829313
	11.9906826	47.3825482
	11.990378	47.3822733
	11.9902378	47.3818281
	11.9903345	47.3815694
	11.9906923	47.3812421
	11.9918236	47.3804138
	11.9922346	47.3797853
	11.9928872	47.3790814
	11.993274	47.3787802
	11.9936028	47.3784332
	11.9935254	47.3779421
	11.9953046	47.3761808
	11.9964698	47.3752477
	11.9970644	47.3744259
	11.9996171	47.3733192
	12.0035719	47.3723337
	12.0029434	47.3705263
	12.003659	47.3697437
	12.0039442	47.3670751
	12.0087451	47.3658569
	12.0083728	47.3646584
	12.0112543	47.3620615
	12.0120955	47.361495
	12.0168577	47.3616685
	12.0180809	47.3613934
	12.0197005	47.3617569
	12.0206916	47.3609939
	12.0216102	47.3604666
	12.0222242	47.3588881
	12.0227077	47.3573521
	12.0234039	47.3565988
	12.0241822	47.356137
	12.0245303	47.3560911
	12.024715	47.3557818
	12.0234619	47.3553018
	12.0233313	47.3544895
	12.0241774	47.3533562
	12.0243515	47.3519642
	12.0268607	47.349121
	12.0251395	47.3466151
	12.0242596	47.3460123
	12.0249558	47.3433818
	12.0270465	47.3414855
	12.0251347	47.3402432
	12.0236118	47.3391523
	12.0233362	47.3387329
	12.0235876	47.338284
	12.0229736	47.3376386
	12.022698	47.3366721
	12.0239115	47.3347881
	12.025096	47.3329466
	12.024395	47.3321176
	12.0243225	47.3314426
	12.0224576	47.3301373
	12.0223789	47.3293356
	12.0227608	47.3283329
	12.0235344	47.3273367
	12.0244191	47.3250297
	12.0239937	47.3242169
	12.0227937	47.321612
	12.0321392	47.3236877
	12.0326885	47.3241988
	12.0457145	47.3270874
	12.0522297	47.3275792
	12.0566855	47.3295363
	12.0625778	47.3321043
	12.0643066	47.3349586
	12.0643702	47.3356507
	12.0641902	47.3366418
	12.0673778	47.3410637
	12.0683528	47.3450075
	12.0689604	47.3474672
	12.0707454	47.3489104
	12.0725827	47.3538308
	12.0727099	47.3538158
	12.0736434	47.3536655
	12.0758179	47.3556283
	12.0764703	47.3562186
	12.0771381	47.3577473
	12.0780631	47.3597987
	12.0784776	47.3605968
	12.0791185	47.3625518
	12.0791224	47.3630743
	12.0788767	47.3645094
	12.0797518	47.3660483
	12.0819817	47.3663368
	12.0829757	47.3671245
	12.0833826	47.3681409
	12.0845647	47.369347
	12.0860231	47.370301
	12.0875161	47.371442
	12.0851097	47.3737917
	12.0842883	47.3744025
	12.0831737	47.3785903
	12.0821044	47.3826625
	12.0847369	47.3852571
	12.0851331	47.3855548
	12.0819437	47.3872194
	12.0801168	47.3881704
	12.0786967	47.3900854
	12.0779898	47.3910059
	12.0774455	47.3917146
	12.0767585	47.394014
	12.0763786	47.3954299
	12.0755572	47.3969862
	12.0754067	47.3972728
	12.0754032	47.3972796
	12.0750007	47.3980462
	12.0748467	47.3991689
	12.074686	47.4003401
	12.0746246	47.4018494
	12.0745286	47.4037042
	12.0744794	47.4037372
	12.0723103	47.4051926
	12.0715325	47.4056991
	12.0703874	47.4064447
	12.0693857	47.4070889
	12.0696006	47.4078915
	12.0694087	47.4087123
	12.0691055	47.4092421
	12.0691017	47.4094032
	12.0689635	47.4097175
	12.0685951	47.4100525
	12.0682151	47.4103382
	12.0687294	47.410985
	12.0688752	47.4113278
	12.0688714	47.4115434
	12.0692825	47.4124642
	12.0693349	47.4125814
	12.0693649	47.4126486
	12.0694663	47.4128758
	12.0694299	47.4129422
	12.0693166	47.4131485
	12.0694011	47.4134628
	12.0699288	47.4139834
	12.0699461	47.4140004
	12.0699153	47.414486
	12.0705832	47.4157301
	12.0700996	47.4170364
	12.0691708	47.4182829
	12.0686373	47.4196229
	12.0683648	47.4199138
	12.068288	47.4202851
	12.067862	47.4206954
	12.0675972	47.4211265
	12.0679958	47.4212677
	12.0683079	47.4213356
	12.0685739	47.421376
	12.0690216	47.4216771
	12.069369	47.421993
	12.0699905	47.4223731
	12.0701371	47.422542
	12.0730596	47.4256962
	12.0744989	47.4267816
	12.0753509	47.4273242
	12.0759228	47.4274229
	12.0767403	47.4278539
	12.0772354	47.4278929
	12.0773315	47.4279278
	12.0773599	47.4279238
	12.0774482	47.4279112
	12.0776083	47.4279718
	12.0777847	47.4280214
	12.0778905	47.4280251
	12.0781701	47.4281701
	12.0784252	47.4284694
	12.078626	47.4287393
	12.0790195	47.4291468
	12.0791796	47.429358
	12.0793848	47.4295251
	12.0794727	47.4295967
	12.0798036	47.429616
	12.0803195	47.4296462
	12.0804986	47.4297123
	12.0809111	47.4296315
	12.0810522	47.429582
	12.0813372	47.429626
	12.081557	47.4297068
	12.0817307	47.4300703
	12.0820455	47.4303806
	12.0822248	47.4304714
	12.082376	47.4305479
	12.0823901	47.430555
	12.0824444	47.430891
	12.0825434	47.4309526
	12.0829818	47.4312251
	12.083644	47.4311737
	12.0841189	47.4311627
	12.0847892	47.4310874
	12.0850355	47.4311269
	12.0856251	47.4312214
	12.0864637	47.4312655
	12.0865712	47.4312635
	12.0868545	47.4312581
	12.0870227	47.4312104
	12.0872046	47.4312122
	12.087381	47.4312765
	12.0877582	47.4313169
	12.0878335	47.4313303
	12.0881707	47.4313903
	12.0887651	47.4315849
	12.0890934	47.4315739
	12.0895575	47.43164
	12.0899727	47.4315629
	12.0901844	47.4315941
	12.0908059	47.4316125
	12.0912428	47.4317024
	12.0913595	47.4316914
	12.0915142	47.4317391
	12.0919457	47.4316932
	12.0920123	47.4316951
	12.0921411	47.4316987
	12.0925509	47.431673
	12.0932565	47.4315335
	12.0934282	47.4315193
	12.0935008	47.4315133
	12.0938129	47.4314583
	12.0941657	47.4313646
	12.0944588	47.4313848
	12.094931	47.4313536
	12.0949829	47.4313656
	12.0951997	47.431416
	12.0953272	47.4313977
	12.0957669	47.4313793
	12.0963178	47.4313811
	12.0964535	47.4314748
	12.0966322	47.4314877
	12.0966815	47.4314913
	12.0977297	47.431514
	12.0982039	47.4315243
	12.098687	47.4314399
	12.0991809	47.4314619
	12.0996803	47.4313187
	12.1002051	47.4312004
	12.1002421	47.4311921
	12.1006112	47.4311388
	12.1008982	47.4311291
	12.1010454	47.4311241
	12.1016044	47.4310544
	12.101865	47.430924
	12.1019437	47.4307698
	12.1026524	47.4313427
	12.102709	47.4313885
	12.1027502	47.431405
	12.1028881	47.4314601
	12.1029632	47.4315251
	12.1032752	47.4317955
	12.1038733	47.4323138
	12.1039248	47.4334373
	12.1038163	47.433944
	12.1038407	47.4341789
	12.1037348	47.4349518
	12.1034227	47.4353208
	12.1032382	47.4357613
	12.1031948	47.4359853
	12.1033576	47.4364791
	12.1034607	47.4371601
	12.1032762	47.4373511
	12.1031459	47.4375768
	12.1035639	47.4379825
	12.1034705	47.4384706
	12.103325	47.4392307
	12.10342	47.4395923
	12.1035693	47.439831
	12.10342	47.4401338
	12.103401	47.440534
	12.1027958	47.4410626
	12.1023535	47.4416353
	12.1020414	47.4421125
	12.101884	47.4424062
	12.1016262	47.4425824
	12.1013439	47.4426815
	12.1009395	47.4427476
	12.1005174	47.4429014
	12.1004125	47.4429396
	12.1001688	47.4430284
	12.1002312	47.443045
	12.0999761	47.44319
	12.0997686	47.4433624
	12.0995609	47.443535
	12.0994008	47.4437021
	12.0992705	47.4437388
	12.0991592	47.4438158
	12.0990552	47.4441078
	12.0990317	47.4441738
	12.0990697	47.4441958
	12.0991022	47.4442637
	12.0990453	47.4443757
	12.0990855	47.4443987
	12.0992244	47.4444784
	12.099143	47.444985
	12.0991647	47.44513
	12.0990371	47.4454071
	12.0990371	47.445554
	12.0989367	47.4457393
	12.098896	47.4459192
	12.0989313	47.4461486
	12.0991294	47.4462789
	12.0991755	47.4463982
	12.0991837	47.4465671
	12.09901	47.4468075
	12.0989096	47.4468736
	12.0988119	47.4468919
	12.0986219	47.4470223
	12.0986626	47.4473104
	12.0986175	47.4473185
	12.0985405	47.4473324
	12.0985296	47.4475123
	12.0984563	47.4476518
	12.0983206	47.4477564
	12.098185	47.4477747
	12.0981307	47.4477986
	12.0977924	47.4480343
	12.0975011	47.4482372
	12.0972487	47.4484391
	12.0972595	47.4484942
	12.0971672	47.4485529
	12.0971347	47.4486447
	12.0969556	47.4488043
	12.0967927	47.4488979
	12.0965078	47.4489713
	12.0961034	47.449164
	12.096022	47.4492448
	12.0958673	47.4493384
	12.0956502	47.4493733
	12.0954276	47.4494815
	12.0951997	47.4497091
	12.0951427	47.449821
	12.0949202	47.4499183
	12.0946161	47.450189
	12.0945164	47.4502777
	12.0943774	47.4503569
	12.0943258	47.4503808
	12.0939626	47.4504767
	12.093765	47.4505523
	12.0936826	47.4504909
	12.0935763	47.4504789
	12.0933895	47.4504579
	12.093243	47.4505294
	12.0930449	47.4508873
	12.0928929	47.450946
	12.0926785	47.4509625
	12.0925862	47.4510176
	12.0925021	47.4511369
	12.0924994	47.4512286
	12.0922036	47.4514397
	12.0921221	47.4516526
	12.0918128	47.4517957
	12.0916092	47.4518453
	12.0916472	47.4519645
	12.0916201	47.4520361
	12.0914654	47.452071
	12.0914355	47.4521352
	12.0914328	47.4523334
	12.0914138	47.452438
	12.0914274	47.4525298
	12.0913948	47.4525665
	12.0913324	47.452561
	12.0912971	47.4524527
	12.091251	47.452427
	12.0910827	47.4524454
	12.090966	47.4525353
	12.0907353	47.4525518
	12.0906132	47.4526032
	12.0905996	47.4527775
	12.0905454	47.4528417
	12.0903554	47.4529592
	12.0902523	47.4530528
	12.0901193	47.4530968
	12.0900134	47.453084
	12.0899347	47.4530987
	12.0899212	47.4531849
	12.08997	47.4532693
	12.089951	47.4534308
	12.0898886	47.4535244
	12.0898859	47.4536382
	12.0900786	47.4539355
	12.0902116	47.4540878
	12.090388	47.4542493
	12.0904938	47.4544144
	12.0904368	47.4546254
	12.0905861	47.4548603
	12.0909226	47.4549814
	12.0912781	47.4550769
	12.0913541	47.455165
	12.0913188	47.4555723
	12.0917341	47.455743
	12.0925564	47.4558824
	12.0926731	47.4559577
	12.0928983	47.456277
	12.0933407	47.4564788
	12.0937912	47.4565944
	12.0939577	47.4566143
	12.0943285	47.4566587
	12.0944452	47.4568385
	12.0945755	47.4568788
	12.0949256	47.4567816
	12.0950016	47.4567339
	12.0951318	47.4567009
	12.0952702	47.4566201
	12.0954819	47.4565706
	12.0956013	47.456622
	12.0957316	47.4565375
	12.0958646	47.456499
	12.0959786	47.4563595
	12.0962472	47.456143
	12.0968606	47.4558806
	12.0969067	47.4557907
	12.0970831	47.4555723
	12.097208	47.4555136
	12.0975766	47.4554515
	12.0978837	47.4553998
	12.0982257	47.4554347
	12.098611	47.455565
	12.0990263	47.4555705
	12.1000141	47.4555246
	12.1008934	47.455376
	12.1014905	47.4552163
	12.1017347	47.4549796
	12.101846	47.4549503
	12.1022124	47.4549925
	12.1027144	47.4551925
	12.102975	47.4552384
	12.1035774	47.4552769
	12.1038461	47.4552439
	12.1044052	47.4552897
	12.104929	47.4554365
	12.1050646	47.455565
	12.105336	47.4556457
	12.1053577	47.4557008
	12.105488	47.4557283
	12.1057051	47.4558714
	12.1056916	47.455899
	12.1060525	47.456088
	12.1063945	47.4563962
	12.1065491	47.4566587
	12.1067174	47.4570734
	12.106807	47.4571559
	12.107347	47.4573945
	12.1073416	47.4574899
	12.107442	47.457556
	12.1074502	47.4576404
	12.1077405	47.4578367
	12.1078952	47.4579908
	12.1080364	47.4580477
	12.1081341	47.4581486
	12.1082318	47.4583156
	12.1082426	47.4583853
	12.1083267	47.4584753
	12.1082887	47.4584991
	12.1082996	47.4588698
	12.1081693	47.4591248
	12.1080038	47.4592478
	12.1076266	47.4594239
	12.1075994	47.4594881
	12.1075071	47.4595322
	12.1074474	47.4596294
	12.1073661	47.4596566
	12.1072276	47.4597028
	12.1070838	47.4597854
	12.1064542	47.4598514
	12.1059005	47.4597725
	12.1057214	47.4598184
	12.105697	47.4601487
	12.1056427	47.4602459
	12.1054365	47.4604918
	12.1051623	47.4605817
	12.1050891	47.4606808
	12.1051488	47.4610386
	12.1053985	47.4612771
	12.1060742	47.4615872
	12.1065681	47.4617358
	12.1067527	47.461923
	12.1069481	47.4620569
	12.1070594	47.4621028
	12.1072303	47.4622294
	12.1076863	47.4624716
	12.1080065	47.4625633
	12.1082643	47.4626917
	12.1085113	47.4627394
	12.1086578	47.4628293
	12.1086985	47.4629009
	12.1086877	47.4631835
	12.1086144	47.4632532
	12.1086361	47.4637064
	12.1084651	47.4640293
	12.1084515	47.4640433
	12.1083756	47.464121
	12.1089618	47.464499
	12.1093662	47.4647888
	12.1096265	47.4648451
	12.1094766	47.4648773
	12.1092766	47.4649862
	12.1091378	47.4651683
	12.1085573	47.4655194
	12.108374	47.4656771
	12.1070992	47.4654612
	12.1065492	47.4653711
	12.1063632	47.4661184
	12.1051356	47.4670684
	12.104294	47.468163
	12.1035802	47.4685704
	12.103458	47.4686117
	12.1031497	47.4688464
	12.1024054	47.4690849
	12.1021471	47.469128
	12.1016527	47.4693421
	12.1012861	47.4693965
	12.1009167	47.4696856
	12.100714	47.4697908
	12.1004612	47.4699804
	12.1000279	47.4702113
	12.0999835	47.4702864
	12.0993642	47.4705361
	12.0988726	47.4708309
	12.0980088	47.4711557
	12.0977005	47.4712195
	12.0975589	47.4712157
	12.0974616	47.4712326
	12.0971978	47.4712176
	12.0967229	47.4712289
	12.0965673	47.471533
	12.0959424	47.471993
	12.0957313	47.4723121
	12.0955425	47.4724567
	12.0949814	47.4727176
	12.094912	47.4726895
	12.0947787	47.4727176
	12.0946093	47.4727552
	12.0943871	47.472834
	12.0941343	47.4729992
	12.0938066	47.4731701
	12.0935316	47.4732846
	12.0932956	47.4733428
	12.0929488	47.4734863
	12.0928706	47.4735549
	12.0928512	47.4736225
	12.0928567	47.4737821
	12.0926679	47.4741632
	12.0926151	47.4742157
	12.0926151	47.4742908
	12.0917291	47.4740355
	12.0912264	47.4740393
	12.0911514	47.4740581
	12.0910987	47.4741726
	12.0910098	47.474182
	12.0909292	47.4742552
	12.0906876	47.4742871
	12.0902627	47.4742683
	12.0902099	47.4741782
	12.0901766	47.4742683
	12.089835	47.4743678
	12.0895794	47.4743734
	12.0894045	47.4744222
	12.0891156	47.4744204
	12.088849	47.474533
	12.0886573	47.4746813
	12.0882935	47.4747132
	12.0881241	47.4746926
	12.0879713	47.4747282
	12.0876269	47.4749216
	12.0874381	47.4751168
	12.0873742	47.4752407
	12.0871714	47.4753703
	12.087052	47.4754078
	12.0868604	47.4755805
	12.0864882	47.4757101
	12.0864688	47.4757851
	12.0858161	47.4759691
	12.0855633	47.4761268
	12.0852439	47.4761343
	12.0850634	47.4760968
	12.0844579	47.4761869
	12.0841135	47.4761681
	12.0840719	47.4761906
	12.0837914	47.476155
	12.0834609	47.476155
	12.0831359	47.4760573
	12.0829554	47.4759635
	12.0827804	47.4757213
	12.0827276	47.4755392
	12.0827665	47.474334
	12.0822832	47.4741331
	12.0817167	47.4738797
	12.0815611	47.4738647
	12.0815167	47.4738046
	12.0811001	47.4736619
	12.0804113	47.4733221
	12.0800474	47.4734254
	12.0795003	47.4733785
	12.0793975	47.4733053
	12.0786976	47.4721188
	12.078831	47.471886
	12.0785901	47.4717562
	12.0793903	47.4711805
	12.0798963	47.471046
	12.0799161	47.4709941
	12.0801577	47.4708865
	12.0803027	47.4705868
	12.0805244	47.4705656
	12.0809167	47.4702755
	12.0810105	47.4701622
	12.0814908	47.469947
	12.0816926	47.4697894
	12.0820479	47.4696722
	12.0828296	47.4695435
	12.0831308	47.4695012
	12.0830342	47.4689594
	12.0822327	47.4689457
	12.0818836	47.4688435
	12.0817149	47.4686901
	12.0816102	47.4684679
	12.0813077	47.468171
	12.0809091	47.4679645
	12.0809499	47.467758
	12.0806939	47.4674749
	12.0805135	47.4666725
	12.0803215	47.4664582
	12.0801412	47.4663815
	12.0798503	47.4663087
	12.0795157	47.4660668
	12.0792074	47.4659449
	12.078995	47.4657345
	12.0784803	47.4653333
	12.0779772	47.4650656
	12.077733	47.4650052
	12.0775008	47.4649046
	12.0773609	47.4648925
	12.0772359	47.4647537
	12.0770096	47.4646611
	12.0769114	47.4645746
	12.076712	47.4645242
	12.0766256	47.4643814
	12.0764143	47.4644156
	12.0767834	47.4647034
	12.0768161	47.4647919
	12.0768013	47.4648744
	12.0769739	47.4650254
	12.0770335	47.4651099
	12.0770305	47.4651984
	12.077352	47.4653353
	12.0777122	47.4655406
	12.0776795	47.4656533
	12.077736	47.4657539
	12.077221	47.4658928
	12.0771496	47.4660195
	12.0773788	47.4661624
	12.0775068	47.4664381
	12.0773996	47.4666293
	12.077474	47.4668185
	12.0773073	47.4669513
	12.077346	47.4671083
	12.0772835	47.4671787
	12.0773699	47.4674061
	12.0773371	47.4675752
	12.0772418	47.4677965
	12.0769858	47.4680421
	12.0767477	47.4682634
	12.0765839	47.4683419
	12.0764678	47.46836
	12.0759647	47.468195
	12.0758516	47.468195
	12.0753902	47.4679515
	12.0749079	47.4676798
	12.0747055	47.4674444
	12.0742203	47.4673538
	12.0739494	47.4671948
	12.0736338	47.4671224
	12.0735415	47.4670741
	12.0731367	47.4670057
	12.0730682	47.4670258
	12.0726395	47.4668728
	12.0722525	47.4668064
	12.0715202	47.4668366
	12.071416	47.4668749
	12.0712314	47.4670962
	12.0711838	47.4671787
	12.0711391	47.4673417
	12.0711629	47.4674081
	12.0711629	47.4674746
	12.0709337	47.46739
	12.0708176	47.467215
	12.0706926	47.4671506
	12.0703175	47.4671043
	12.0701597	47.4671123
	12.0698888	47.4671264
	12.0696149	47.467066
	12.0691707	47.4670771
	12.0688886	47.4670841
	12.0680997	47.4671244
	12.0677901	47.4670419
	12.0676859	47.4668668
	12.0675311	47.4667863
	12.067412	47.4667561
	12.0672036	47.4664985
	12.0672304	47.4662731
	12.0673733	47.4661544
	12.0674715	47.4659773
	12.0673733	47.4657861
	12.0670429	47.4655325
	12.0668851	47.4649529
	12.0669387	47.4647175
	12.0669804	47.4640674
	12.0670369	47.4639487
	12.0671679	47.4630188
	12.0671292	47.4625741
	12.0670756	47.4624855
	12.0671173	47.4621876
	12.0670875	47.461924
	12.0669208	47.4617871
	12.0668107	47.461765
	12.0666618	47.4616945
	12.0661915	47.461606
	12.0660277	47.4614933
	12.0658491	47.4614208
	12.065733	47.4614007
	12.0656913	47.4613484
	12.0655276	47.4613484
	12.0653252	47.461288
	12.0652001	47.4612155
	12.0650364	47.4611712
	12.0648459	47.4610766
	12.0644827	47.4610766
	12.0643219	47.4610344
	12.064191	47.4609961
	12.0640362	47.4610002
	12.0637266	47.4609659
	12.0635331	47.4612658
	12.0631967	47.4613685
	12.0629793	47.4615114
	12.0628871	47.461612
	12.0626519	47.4616503
	12.0623988	47.4616301
	12.0620625	47.4617287
	12.061857	47.4617308
	12.0616635	47.4616603
	12.0614254	47.4617952
	12.0614165	47.4618535
	12.0611902	47.4619844
	12.0610384	47.4621997
	12.0608836	47.4622782
	12.0606131	47.4627159
	12.0602756	47.4630039
	12.0601598	47.4630842
	12.0599984	47.4632243
	12.0598887	47.463249
	12.0597029	47.4633479
	12.0595566	47.4634941
	12.0584263	47.4641738
	12.0581674	47.4644848
	12.0578353	47.4647834
	12.057491	47.4651624
	12.0574423	47.4653189
	12.0570401	47.4657617
	12.0566563	47.4660892
	12.0564552	47.4666618
	12.0565161	47.466841
	12.0563303	47.4670984
	12.055657	47.4673682
	12.0556905	47.4678522
	12.0556326	47.4683094
	12.0561018	47.4683897
	12.0566776	47.4687131
	12.0567477	47.4696975
	12.0563821	47.4694709
	12.0559729	47.4694573
	12.053732	47.4694048
	12.051802	47.4695502
	12.0501527	47.4696598
	12.0481604	47.4690676
	12.0456724	47.4683383
	12.0452296	47.4682034
	12.0438609	47.4677882
	12.0424423	47.4673772
	12.040874	47.466903
	12.0392714	47.4664182
	12.0391529	47.4663655
	12.0389316	47.4663128
	12.0367957	47.4651272
	12.0371956	47.4646107
	12.0373703	47.4640705
	12.0376734	47.4636778
	12.0377883	47.4632874
	12.0376862	47.462925
	12.0373512	47.4627092
	12.0373703	47.4624525
	12.0374979	47.4623598
	12.037699	47.4621893
	12.0376766	47.4620944
	12.0375458	47.4620966
	12.0373958	47.4620599
	12.0372746	47.4617902
	12.0373065	47.4616069
	12.0377724	47.4611927
	12.0381904	47.4607267
	12.0381936	47.4605066
	12.03775	47.4597796
	12.0377532	47.4597235
	12.0378968	47.4595509
	12.0379447	47.4594323
	12.0378649	47.4593309
	12.0378457	47.4591993
	12.0371597	47.4586513
	12.0370704	47.4585218
	12.0370767	47.4583902
	12.0373161	47.4582112
	12.0373671	47.4580817
	12.037265	47.4579479
	12.0371055	47.4578358
	12.0368853	47.4577775
	12.0359057	47.457085
	12.0357876	47.4569188
	12.0357366	47.4565585
	12.0357589	47.4564269
	12.0358291	47.4563039
	12.0356979	47.4561516
	12.0353381	47.4560381
	12.0347993	47.4560221
	12.0342699	47.4558879
	12.0340903	47.4558144
	12.0338657	47.4557776
	12.0337689	47.4558016
	12.0336483	47.4557632
	12.0323792	47.4548987
	12.031467	47.4545344
	12.0306965	47.4544912
	12.0302428	47.4544289
	12.029444	47.4542068
	12.0287326	47.4539367
	12.0284396	47.4537705
	12.0278984	47.454178
	12.0274304	47.4541621
	12.027291	47.4541972
	12.0270429	47.4541141
	12.0269932	47.4539655
	12.027031	47.4539128
	12.0270121	47.4538105
	12.0268892	47.4536427
	12.02679	47.4535947
	12.0266033	47.4535868
	12.0265749	47.4536155
	12.0262606	47.4536443
	12.0261448	47.4536699
	12.0259557	47.453681
	12.0259203	47.453729
	12.025743	47.4537018
	12.0255232	47.453729
	12.0254453	47.4537546
	12.025216	47.4537146
	12.0249182	47.4536794
	12.0243203	47.4533662
	12.0241549	47.4531553
	12.0240627	47.4531473
	12.0239398	47.4530338
	12.0237909	47.4529571
	12.0237697	47.4528884
	12.0235593	47.4527494
	12.0234104	47.4527158
	12.0232616	47.4526567
	12.0230252	47.4524521
	12.0228551	47.4524122
	12.0225573	47.4521581
	12.022295	47.451936
	12.0220563	47.4518497
	12.0219735	47.4516994
	12.0218388	47.4516771
	12.0217845	47.4516531
	12.0216805	47.4516483
	12.021619	47.4514949
	12.0215458	47.451431
	12.0215103	47.4513287
	12.0213	47.4512711
	12.0212693	47.4512104
	12.0210897	47.4510794
	12.0208746	47.4509691
	12.0207588	47.4508301
	12.0206595	47.4507661
	12.0205626	47.4507486
	12.0202247	47.4507406
	12.0201278	47.4505935
	12.019856	47.4505232
	12.0197828	47.4504401
	12.0196291	47.450365
	12.0192345	47.450536
	12.0190761	47.4504129
	12.018828	47.4503538
	12.0184947	47.450349
	12.0179299	47.450202
	12.0176463	47.4500981
	12.0172824	47.4499671
	12.0161669	47.4494045
	12.015706	47.4493134
	12.0153515	47.449299
	12.0150892	47.4491584
	12.0143968	47.4489027
	12.0134963	47.4488244
	12.0125983	47.4486821
	12.01205	47.4485143
	12.0118231	47.4485143
	12.0113504	47.4482027
	12.0106816	47.4482059
	12.0101499	47.4481579
	12.0096607	47.4480349
	12.0079284	47.4479965
	12.0053949	47.4479534
	12.0037524	47.4478143
	12.0028591	47.4475314
	12.0023013	47.4473892
	12.0015403	47.4472469
	12.0005548	47.4474851
	11.9974967	47.4475858
	11.9965254	47.4476401
	11.9957951	47.4477136
	11.9951641	47.4475698
	11.9946867	47.4474307
	11.9945071	47.4471415
	11.9940817	47.446857
	11.9938926	47.4467771
	11.9930206	47.4463535
	11.9917917	47.4455768
	11.9903997	47.4446881
	11.989667	47.4442246
	11.9882467	47.4434126
	11.9869327	47.442671
	11.9868996	47.4426087
	11.9855769	47.4417406
	11.9850006	47.4405299
	11.9846184	47.4397349
	11.9837501	47.4390249
	11.9828504	47.4382985
	11.9824682	47.437986
	11.98182	47.4372564
	11.9816652	47.436975
	11.9815177	47.4368769
	11.9810098	47.4368687
	11.9807171	47.436849
	11.9802818	47.4368523
	11.9795416	47.436957
	11.9792974	47.4370552
	11.9790289	47.4370388
	11.978683	47.4369047
	11.9773528	47.4361881
	11.9762813	47.4356106
	11.9757523	47.4352693
	11.9733466	47.4355338
	11.9683444	47.4361116
	11.9678298	47.4361021
	11.9664383	47.4348916
	11.9656035	47.4341137
	11.9645646	47.4335611
	11.9644284	47.4329553
	11.9640415	47.4325603
	11.9636439	47.4319447
	11.9623685	47.4305924
	11.9615194	47.4296981
	11.9613224	47.4293539
	11.9609928	47.4289492
	11.9616376	47.4279943
	11.961025	47.4266855
	11.9602309	47.4260848
	11.9597139	47.4255416
	11.9588596	47.4249488
	11.9579797	47.4243658
	11.9561135	47.4235845
	11.9552446	47.4232744
	11.9549146	47.4224186
	11.954614	47.4215181
	11.9541227	47.4201587
	11.9530447	47.4192904
	11.9522748	47.4186727
	11.9519485	47.4181989
	11.9513655	47.4176878
	11.949283	47.4170204
	11.9479389	47.4152557
END
END
