7872349
1
	15.461373	46.936087
	15.461567	46.9359765
	15.4622802	46.9351192
	15.4631243	46.9341487
	15.4632774	46.9339656
	15.4637361	46.9335348
	15.4642021	46.9330545
	15.4647483	46.9324156
	15.4649127	46.9321613
	15.4650826	46.9319547
	15.4658487	46.931183
	15.4666748	46.9302779
	15.4676348	46.9292814
	15.4679281	46.9290035
	15.4681536	46.9287592
	15.4685904	46.9282741
	15.4691356	46.9276484
	15.4693592	46.9273841
	15.469761	46.9269217
	15.4701879	46.9264802
	15.470404	46.926214
	15.4720889	46.9237895
	15.4736822	46.9213695
	15.4738876	46.9209939
	15.4738998	46.9208782
	15.474289	46.920197
	15.4746887	46.9197373
	15.4752936	46.9188967
	15.475387	46.9187669
	15.4763679	46.9173425
	15.4769911	46.9164129
	15.477469	46.9157127
	15.4779513	46.9149614
	15.478442	46.914295
	15.4788945	46.9133529
	15.4790082	46.9130679
	15.479105	46.912654
	15.479315	46.91259
	15.4792555	46.9128283
	15.47925	46.912882
	15.479918	46.912962
	15.4804829	46.9125933
	15.480623	46.912386
	15.480844	46.912224
	15.4813348	46.9121837
	15.481489	46.912136
	15.4818323	46.9119326
	15.48208	46.911711
	15.482251	46.9114991
	15.4823691	46.911238
	15.4826171	46.9109599
	15.482692	46.910955
	15.482407	46.910354
	15.4822218	46.9101527
	15.482025	46.909921
	15.482882	46.908212
	15.483752	46.90902
	15.4864382	46.9105119
	15.4857649	46.9115152
	15.4857412	46.9115455
	15.4857024	46.9115906
	15.4854747	46.9119195
	15.485095	46.912504
	15.4848975	46.9130368
	15.484843	46.914167
	15.4850215	46.9147214
	15.485195	46.915091
	15.4858101	46.9157777
	15.486307	46.916234
	15.4867302	46.9165644
	15.4871182	46.9167733
	15.487898	46.917143
	15.4901621	46.9178873
	15.4914256	46.9183048
	15.4916447	46.9183712
	15.492957	46.918769
	15.4946049	46.919193
	15.4960989	46.9195088
	15.497396	46.919882
	15.498697	46.920417
	15.499651	46.920953
	15.500673	46.922041
	15.502558	46.924832
	15.5028884	46.9256088
	15.5034978	46.9268275
	15.5035854	46.9271014
	15.503737	46.927704
	15.5043621	46.9289635
	15.5047988	46.9297054
	15.5050394	46.9301167
	15.5053209	46.9311405
	15.5054112	46.9317403
	15.50554	46.932596
	15.5055249	46.9333777
	15.5052452	46.9347514
	15.504774	46.9360481
	15.5044486	46.9368992
	15.5042673	46.9373757
	15.504103	46.938091
	15.5019093	46.9384467
	15.500561	46.9386238
	15.5003705	46.9386002
	15.499975	46.938718
	15.498076	46.938699
	15.4958643	46.9386432
	15.4939278	46.9385627
	15.492386	46.938512
	15.492395	46.938111
	15.4915648	46.9380362
	15.4902481	46.9379889
	15.48852	46.9378337
	15.4879011	46.9377794
	15.4878809	46.9377456
	15.487835	46.937661
	15.4868618	46.9375486
	15.4856396	46.9374595
	15.4854793	46.9374478
	15.4854249	46.9374438
	15.485181	46.937426
	15.4844327	46.9374086
	15.4839554	46.9374073
	15.4831978	46.9374221
	15.4830396	46.9374252
	15.482895	46.937428
	15.483161	46.938011
	15.4804095	46.9379487
	15.478996	46.9379063
	15.4769936	46.9378391
	15.4745846	46.9377781
	15.472576	46.9377003
	15.47048	46.9376565
	15.4685441	46.9376183
	15.4662802	46.9375943
	15.4633772	46.9374372
	15.4619761	46.9373826
	15.4617707	46.9366407
	15.4615966	46.9361294
	15.461373	46.936087
END
END
