7872402
1
	15.330527	46.740796
	15.332089	46.740335
	15.3324017	46.7402013
	15.332882	46.7399263
	15.333319	46.739619
	15.3336943	46.7392324
	15.3338154	46.739042
	15.3339224	46.7388971
	15.3340781	46.7386112
	15.334232	46.738306
	15.333945	46.738253
	15.3340534	46.7379574
	15.3341374	46.7375532
	15.33423	46.737231
	15.334535	46.7366232
	15.33493	46.736165
	15.335206	46.7359206
	15.3354703	46.7357195
	15.3358592	46.7354583
	15.336381	46.735181
	15.3372195	46.7348327
	15.3376979	46.7346804
	15.3376454	46.7343696
	15.337717	46.733107
	15.3379057	46.7327125
	15.3379082	46.7324702
	15.3379924	46.7321092
	15.338108	46.7320442
	15.3382653	46.7318527
	15.3383196	46.7317256
	15.3385957	46.7317243
	15.3387187	46.7316886
	15.3390143	46.7316357
	15.3391402	46.7316322
	15.3393083	46.7316578
	15.3399184	46.7318393
	15.3401706	46.7319332
	15.3402611	46.7319915
	15.3404174	46.7321645
	15.340487	46.7322155
	15.3405721	46.7322307
	15.340671	46.732236
	15.3408246	46.7321835
	15.3409689	46.7320983
	15.3412088	46.731934
	15.3414256	46.7318589
	15.3417431	46.7317912
	15.3418535	46.7317754
	15.3422625	46.7318578
	15.3425281	46.7319069
	15.3426305	46.7320689
	15.3431081	46.7323844
	15.3434304	46.7326823
	15.343685	46.732868
	15.3437993	46.7329228
	15.3439995	46.7329848
	15.3441412	46.7329911
	15.3443065	46.7331515
	15.3443737	46.7337521
	15.344431	46.733977
	15.3445781	46.7341701
	15.344764	46.734306
	15.3451652	46.7342539
	15.345681	46.73429
	15.346102	46.734511
	15.346924	46.734071
	15.347235	46.734953
	15.3473872	46.7350371
	15.3476594	46.7351101
	15.348608	46.735456
	15.348763	46.735487
	15.3488787	46.7354103
	15.3491317	46.7351123
	15.3493258	46.7350546
	15.3500324	46.734883
	15.3502365	46.7348501
	15.3504111	46.734749
	15.350586	46.734651
	15.3506984	46.73459
	15.351357	46.734687
	15.3517511	46.7346514
	15.35202	46.734547
	15.3521897	46.7343898
	15.3522377	46.734188
	15.352375	46.734037
	15.3526864	46.7337795
	15.353179	46.733464
	15.353996	46.733265
	15.3546844	46.7332397
	15.355272	46.733337
	15.3556827	46.7330287
	15.355899	46.732955
	15.3566971	46.7327774
	15.3570951	46.7328012
	15.3573449	46.7327203
	15.3578024	46.7326582
	15.3577825	46.7327477
	15.3577064	46.7327687
	15.357655	46.732991
	15.3578073	46.7330061
	15.358259	46.733287
	15.3582592	46.7334326
	15.3581124	46.7335016
	15.358187	46.733694
	15.3583138	46.7336898
	15.3587662	46.733842
	15.3588783	46.733858
	15.3590273	46.7338343
	15.3591497	46.7338313
	15.3592211	46.7339658
	15.35965	46.734007
	15.359307	46.734379
	15.359921	46.734779
	15.3604442	46.7348854
	15.360513	46.735417
	15.3613108	46.7359428
	15.3617861	46.7360667
	15.362036	46.736213
	15.3622772	46.7365158
	15.362271	46.7368511
	15.3628431	46.7375592
	15.362952	46.737912
	15.3632331	46.7378051
	15.363483	46.737771
	15.3636102	46.7380276
	15.364724	46.739289
	15.3651718	46.739018
	15.3658	46.73876
	15.3666503	46.7390932
	15.366935	46.739358
	15.3674037	46.7400095
	15.3675694	46.7403045
	15.367748	46.740675
	15.3679403	46.7409634
	15.3680604	46.7410479
	15.3684709	46.7409691
	15.3688131	46.7409476
	15.3689784	46.7409666
	15.3692312	46.7410415
	15.370134	46.741389
	15.37003	46.741557
	15.3702571	46.7416075
	15.3707934	46.7418825
	15.3710678	46.7420338
	15.3714661	46.7423137
	15.3716681	46.7424283
	15.3718514	46.7425166
	15.372129	46.742619
	15.3723316	46.7426234
	15.3726091	46.7425517
	15.3729981	46.7424895
	15.3732671	46.7425547
	15.3740811	46.7429299
	15.3743666	46.7431135
	15.3748599	46.7436283
	15.3751458	46.7438253
	15.3753395	46.7439219
	15.3757677	46.7439997
	15.3760471	46.744037
	15.3762907	46.7441003
	15.3767797	46.7442915
	15.377667	46.744667
	15.3777763	46.7446687
	15.3780403	46.744637
	15.3781341	46.7445359
	15.3784103	46.7446113
	15.3791489	46.7444603
	15.3800228	46.744319
	15.3804373	46.7442939
	15.3813436	46.7442995
	15.3818174	46.7443011
	15.3822149	46.7442861
	15.382541	46.744241
	15.3829154	46.7441164
	15.3830602	46.7440544
	15.3837057	46.7437061
	15.384023	46.743576
	15.3841775	46.7435374
	15.3844919	46.7435213
	15.3848063	46.7435632
	15.3855775	46.7437528
	15.3862419	46.7439333
	15.3866944	46.744064
	15.3874318	46.7444154
	15.3878924	46.7445668
	15.3880187	46.7446455
	15.389456	46.7450007
	15.3902561	46.7452865
	15.3906917	46.7454727
	15.3916885	46.7460902
	15.3918186	46.7461524
	15.3920212	46.7462145
	15.3921838	46.7462453
	15.3925032	46.7462692
	15.3930906	46.7465101
	15.3935551	46.7467369
	15.3940274	46.7466895
	15.3944616	46.7467057
	15.3951161	46.7467709
	15.3959474	46.7466147
	15.3965629	46.7467339
	15.3968484	46.7467395
	15.3977974	46.7468839
	15.398311	46.746835
	15.3985189	46.7469853
	15.3986005	46.7470362
	15.3993344	46.7473703
	15.39952	46.747494
	15.399929	46.7478361
	15.400204	46.748112
	15.400855	46.74857
	15.40096	46.748831
	15.4012315	46.7493219
	15.4017461	46.7500298
	15.401883	46.7503835
	15.4019402	46.7506233
	15.4019297	46.7507759
	15.402052	46.7510726
	15.402349	46.751515
	15.4025001	46.7516779
	15.4030953	46.7521239
	15.40311	46.752242
	15.40311	46.7523667
	15.4038905	46.7529216
	15.404268	46.753367
	15.4044854	46.753748
	15.4045249	46.7538771
	15.4045555	46.7539564
	15.404583	46.754078
	15.4043795	46.754982
	15.4041659	46.7557436
	15.404168	46.756013
	15.4038696	46.756275
	15.403709	46.756479
	15.4041491	46.7565569
	15.4044015	46.7567771
	15.4041491	46.7568606
	15.4039554	46.7568637
	15.40381	46.756892
	15.402852	46.757335
	15.404231	46.757675
	15.4045459	46.757938
	15.404664	46.758109
	15.405406	46.757869
	15.405892	46.757834
	15.406282	46.757994
	15.4061663	46.7581145
	15.406229	46.758443
	15.4064333	46.7587627
	15.406591	46.758905
	15.4069972	46.7589101
	15.4072513	46.7589351
	15.4075475	46.7590514
	15.407965	46.75876
	15.40784	46.758717
	15.408223	46.75862
	15.4087633	46.7588798
	15.409022	46.758944
	15.4099507	46.7589493
	15.4103074	46.7588996
	15.410547	46.758923
	15.410732	46.75904
	15.410668	46.759252
	15.4105747	46.7593267
	15.4103205	46.7593955
	15.4099454	46.7595505
	15.409815	46.759629
	15.4099762	46.7597194
	15.4104221	46.7599023
	15.410983	46.759898
	15.411291	46.760174
	15.4114703	46.7601682
	15.4116594	46.7601262
	15.4119318	46.7600962
	15.412067	46.7601811
	15.4123835	46.7600598
	15.4129065	46.759832
	15.413444	46.7596092
	15.4139848	46.7593836
	15.4143254	46.7592164
	15.4149101	46.7589482
	15.4152977	46.7587451
	15.4158918	46.7584502
	15.4165409	46.7580974
	15.4172396	46.7577271
	15.417532	46.7575673
	15.4175347	46.7576646
	15.417757	46.758496
	15.4187827	46.7589619
	15.419195	46.759089
	15.4192938	46.7592392
	15.4195285	46.7596163
	15.419581	46.760025
	15.4198294	46.7602713
	15.420138	46.760583
	15.4203491	46.7606965
	15.4207333	46.7607979
	15.4212931	46.7608094
	15.4220945	46.7609958
	15.4222839	46.7610497
	15.4223912	46.7611238
	15.422504	46.761238
	15.4223868	46.761533
	15.4221429	46.7618443
	15.4219227	46.7622446
	15.4220281	46.7623518
	15.4222199	46.7623898
	15.4226048	46.7625386
	15.422814	46.762654
	15.422971	46.762906
	15.4229154	46.7633289
	15.422848	46.763532
	15.4232469	46.7632726
	15.423734	46.763067
	15.4238958	46.76312
	15.423966	46.7632229
	15.423959	46.763365
	15.42436	46.763453
	15.4247106	46.7633621
	15.424976	46.763359
	15.4254555	46.7634602
	15.425972	46.7635
	15.4263505	46.7637682
	15.426548	46.763969
	15.4263591	46.7640484
	15.426078	46.76418
	15.4264479	46.7643848
	15.427222	46.764735
	15.4269918	46.7650339
	15.4266426	46.7651809
	15.4265919	46.7653584
	15.426089	46.765856
	15.4258964	46.7661971
	15.425845	46.766394
	15.4259321	46.7664982
	15.4261121	46.7667106
	15.426133	46.767001
	15.425614	46.767761
	15.4254297	46.7678734
	15.425131	46.768019
	15.4250472	46.76818
	15.4250456	46.7683957
	15.424903	46.768642
	15.4247144	46.7687986
	15.424461	46.769059
	15.4244129	46.7692661
	15.4244276	46.7694616
	15.424525	46.769821
	15.4243719	46.7700148
	15.4244212	46.770222
	15.4243735	46.7704735
	15.4242589	46.7706414
	15.4244295	46.7709124
	15.424506	46.771236
	15.4244317	46.7715322
	15.4242466	46.7715961
	15.424139	46.771726
	15.424242	46.771908
	15.4241331	46.7721419
	15.4237619	46.7725942
	15.4235506	46.7727077
	15.4234704	46.7727445
	15.4232882	46.7729502
	15.4232609	46.773203
	15.4230211	46.7735274
	15.4227569	46.7736452
	15.4226587	46.773827
	15.422567	46.774021
	15.4224031	46.7740761
	15.4221888	46.7743131
	15.422099	46.774544
	15.4220676	46.7747455
	15.421712	46.775051
	15.4213238	46.7753289
	15.4207943	46.7756403
	15.4207635	46.7758458
	15.4205567	46.7760225
	15.4202549	46.77613
	15.4200348	46.7763924
	15.4199036	46.7764673
	15.4197244	46.7764561
	15.4195436	46.776625
	15.419546	46.7767318
	15.4195144	46.7768128
	15.4191804	46.776885
	15.4188449	46.7771476
	15.4183836	46.7772779
	15.4180043	46.7774709
	15.4175926	46.7776162
	15.416895	46.77794
	15.4166817	46.777981
	15.4165312	46.7779538
	15.4163172	46.7780051
	15.4157689	46.7782143
	15.4155718	46.7784432
	15.415509	46.7785758
	15.4154538	46.7786946
	15.4152883	46.7789411
	15.4148401	46.7792721
	15.4147567	46.7794369
	15.414738	46.779527
	15.4144547	46.7796832
	15.4143576	46.7798667
	15.4139585	46.7801209
	15.4134142	46.7803632
	15.412965	46.780609
	15.4128467	46.7807493
	15.412605	46.7810865
	15.4122947	46.7813818
	15.4121284	46.7814845
	15.4116705	46.7819905
	15.411512	46.7820646
	15.411461	46.7822275
	15.4114205	46.7823966
	15.4111397	46.7825796
	15.4109774	46.7825941
	15.4108415	46.7825869
	15.4106164	46.7826558
	15.4103731	46.7827462
	15.4100963	46.7826995
	15.409256	46.7828777
	15.408433	46.783307
	15.4062994	46.7834522
	15.405508	46.783572
	15.4053718	46.7834884
	15.4050427	46.7832115
	15.4049397	46.7831147
	15.4047735	46.7828081
	15.4046038	46.7826494
	15.4040084	46.7821603
	15.4039841	46.7819901
	15.403946	46.7819019
	15.4038582	46.7818345
	15.4036311	46.7817548
	15.4035662	46.781609
	15.4035866	46.7815331
	15.403243	46.781253
	15.4029525	46.7812195
	15.402649	46.7812155
	15.402358	46.781151
	15.4022452	46.781045
	15.4022593	46.7809504
	15.4020769	46.7808411
	15.401791	46.780728
	15.4017886	46.7806591
	15.4017464	46.7805204
	15.4016472	46.78026
	15.4014893	46.7799417
	15.4015314	46.7798193
	15.4015076	46.779549
	15.4012672	46.7792945
	15.4009558	46.7790292
	15.400895	46.7789562
	15.400714	46.778693
	15.4006964	46.7785433
	15.400794	46.7784235
	15.4008856	46.7783539
	15.4010181	46.7779708
	15.401071	46.777627
	15.4010169	46.7774714
	15.4007336	46.7773924
	15.4004948	46.7773097
	15.4004428	46.7772086
	15.4002996	46.7771347
	15.4001657	46.7770556
	15.4001043	46.7769894
	15.4000537	46.7768119
	15.3999672	46.7766633
	15.3997098	46.776402
	15.399588	46.776329
	15.3993975	46.7759844
	15.3994335	46.7758609
	15.39924	46.775503
	15.3991186	46.7754461
	15.3989992	46.7754407
	15.39865	46.775554
	15.398198	46.774885
	15.3980642	46.7747636
	15.3978058	46.7745679
	15.3976968	46.7745225
	15.3976183	46.7744697
	15.3975173	46.77433
	15.3970896	46.7735514
	15.3968268	46.7730749
	15.396647	46.772788
	15.3964164	46.7726409
	15.396013	46.772327
	15.3959627	46.772202
	15.3957442	46.7717608
	15.395541	46.771538
	15.3954457	46.7710862
	15.3953375	46.7706654
	15.395249	46.770395
	15.394881	46.77048
	15.394988	46.770926
	15.393885	46.770993
	15.3936976	46.7700122
	15.393502	46.769723
	15.393374	46.7697283
	15.3928815	46.7697994
	15.3927207	46.7698018
	15.3920549	46.7697923
	15.3918317	46.7697749
	15.3914146	46.7698674
	15.3914219	46.7699653
	15.3916253	46.770039
	15.391822	46.770366
	15.391763	46.770499
	15.3916713	46.770503
	15.3916331	46.7704648
	15.3915385	46.7704406
	15.391254	46.770564
	15.391199	46.7708147
	15.3912238	46.7709464
	15.391505	46.770992
	15.3914912	46.7710779
	15.3912873	46.7712096
	15.391151	46.771486
	15.3911944	46.7716624
	15.3913344	46.7717198
	15.3914805	46.7717607
	15.391159	46.771941
	15.3912122	46.7719923
	15.3913645	46.7720063
	15.391484	46.772166
	15.3912589	46.7721852
	15.3909385	46.7722404
	15.390577	46.772309
	15.390432	46.772481
	15.3904172	46.7725586
	15.3906542	46.7727184
	15.390764	46.772835
	15.3903247	46.7732158
	15.3901785	46.7732358
	15.3901033	46.7732879
	15.3900782	46.7735445
	15.390107	46.773853
	15.390238	46.774391
	15.389357	46.774491
	15.3885586	46.7747646
	15.387835	46.774958
	15.388064	46.7755076
	15.388141	46.775814
	15.3879897	46.7760225
	15.3877175	46.7763342
	15.3874643	46.776659
	15.387412	46.776845
	15.3859554	46.7772348
	15.3858261	46.7772834
	15.385609	46.777441
	15.3852707	46.7773009
	15.3844784	46.7770766
	15.3842208	46.7770148
	15.383925	46.7769166
	15.383328	46.776681
	15.3831544	46.7767827
	15.383068	46.776753
	15.3823957	46.7761428
	15.381731	46.776551
	15.3815261	46.7767609
	15.3812954	46.777064
	15.3811971	46.7772545
	15.3805228	46.7770898
	15.3804511	46.7770897
	15.3803938	46.7771929
	15.3802731	46.7777358
	15.3802176	46.7780077
	15.3800736	46.7783381
	15.3799392	46.7784586
	15.379911	46.778525
	15.3801924	46.7789207
	15.3802514	46.7791982
	15.3803866	46.7794691
	15.3804684	46.7795967
	15.3805199	46.7797636
	15.3804945	46.7799145
	15.3804574	46.7800856
	15.380391	46.78022
	15.3801998	46.7802955
	15.3802889	46.7804041
	15.3803517	46.7804483
	15.380469	46.780509
	15.3787315	46.7807336
	15.378361	46.780848
	15.3780834	46.7807824
	15.3779662	46.7806779
	15.377486	46.780667
	15.3772972	46.780731
	15.376769	46.7808632
	15.3762899	46.7809638
	15.3761212	46.7809401
	15.3759665	46.7809479
	15.375685	46.780962
	15.3754806	46.7810517
	15.375196	46.781481
	15.3751222	46.7816745
	15.3751139	46.781835
	15.3749724	46.7819439
	15.374811	46.782315
	15.3746622	46.7824189
	15.3742335	46.78263
	15.3738157	46.7827905
	15.373455	46.783108
	15.373262	46.783751
	15.3711548	46.7836052
	15.3709983	46.7835824
	15.37022	46.783434
	15.3700697	46.7835978
	15.369905	46.783737
	15.3690757	46.783972
	15.3684214	46.7840574
	15.3682627	46.7841685
	15.368018	46.784242
	15.3673846	46.7842349
	15.3668594	46.7842403
	15.3664785	46.7842606
	15.366268	46.784312
	15.3659539	46.7844856
	15.3658207	46.784592
	15.365627	46.7848
	15.3660019	46.7852584
	15.365961	46.785315
	15.3653437	46.7848231
	15.3652104	46.7847975
	15.364756	46.7845214
	15.36444	46.784395
	15.3640396	46.7843222
	15.3636586	46.7843748
	15.363177	46.784382
	15.3631237	46.7842088
	15.3628165	46.783467
	15.362477	46.782812
	15.3628359	46.7825696
	15.362883	46.782494
	15.3627391	46.7823702
	15.3625649	46.7819263
	15.362312	46.781716
	15.362168	46.781519
	15.3621541	46.7813673
	15.3621163	46.7811905
	15.361874	46.780762
	15.3623851	46.7800964
	15.3626788	46.7797184
	15.3628883	46.7794789
	15.3631896	46.7789535
	15.363247	46.778801
	15.3632481	46.778581
	15.3632	46.778297
	15.363269	46.7780197
	15.3635435	46.7774951
	15.363561	46.777229
	15.363501	46.776881
	15.363035	46.776769
	15.3633364	46.7763659
	15.3640506	46.7756719
	15.3642652	46.775401
	15.364314	46.775293
	15.3639386	46.7749294
	15.36307	46.774404
	15.3628212	46.7743314
	15.3626884	46.7743013
	15.3625642	46.7743183
	15.362373	46.774277
	15.362067	46.773543
	15.361575	46.773315
	15.3609705	46.773147
	15.3592316	46.7728981
	15.358739	46.772831
	15.358805	46.772703
	15.358475	46.772634
	15.3584819	46.7727742
	15.357888	46.773215
	15.358608	46.773405
	15.3584006	46.7737962
	15.358251	46.773989
	15.357481	46.774396
	15.3574423	46.7744572
	15.3574259	46.7747153
	15.357368	46.774813
	15.356792	46.7753006
	15.3566079	46.7754251
	15.3559832	46.7758389
	15.3556251	46.7760214
	15.3553861	46.7761242
	15.3552721	46.7761573
	15.354925	46.7764119
	15.3549283	46.7764783
	15.3549419	46.7765317
	15.354696	46.776877
	15.354285	46.7771
	15.3534887	46.7771463
	15.352748	46.777186
	15.3515868	46.7771344
	15.3507665	46.7770705
	15.349436	46.776915
	15.3483241	46.7769822
	15.3476955	46.7770988
	15.3476171	46.7770501
	15.3473698	46.7767486
	15.3467834	46.776388
	15.3460659	46.7758968
	15.345393	46.775352
	15.3440484	46.7739542
	15.3438099	46.7736344
	15.34342	46.773222
	15.3428398	46.7728731
	15.3425614	46.7727471
	15.3418546	46.7724188
	15.341405	46.772092
	15.3410815	46.7717879
	15.3406387	46.7714984
	15.340099	46.771242
	15.3389051	46.7707955
	15.338041	46.770478
	15.3381158	46.7704064
	15.3385632	46.7695079
	15.338796	46.769111
	15.3395666	46.768703
	15.3396879	46.7684591
	15.3396862	46.7680955
	15.339841	46.767725
	15.3399822	46.7675874
	15.3405063	46.767211
	15.3408499	46.7670175
	15.341191	46.766852
	15.3413485	46.7667145
	15.3413859	46.7665542
	15.3416105	46.766528
	15.341715	46.766522
	15.341765	46.7663684
	15.3418018	46.7661625
	15.341979	46.765921
	15.3420496	46.7659086
	15.3421988	46.7660553
	15.342298	46.766074
	15.342532	46.766023
	15.342529	46.765852
	15.3428749	46.765963
	15.342923	46.7660306
	15.3429303	46.76608
	15.3429928	46.7661756
	15.343142	46.766198
	15.3432022	46.766146
	15.343338	46.766058
	15.3436425	46.766141
	15.344067	46.766167
	15.34434	46.766074
	15.3441935	46.7659119
	15.344003	46.765809
	15.3440563	46.7656614
	15.344264	46.765605
	15.3444173	46.765635
	15.344584	46.765764
	15.3445256	46.7658691
	15.344574	46.76593
	15.344866	46.7659252
	15.3451474	46.7658951
	15.345386	46.765856
	15.345541	46.7658641
	15.3457431	46.7660257
	15.346185	46.766085
	15.346398	46.765938
	15.3468009	46.766091
	15.3470111	46.7661443
	15.3471017	46.7661437
	15.3472903	46.7660191
	15.347471	46.766035
	15.3475501	46.7660735
	15.347567	46.7661559
	15.3475202	46.7662872
	15.347765	46.766541
	15.3481892	46.7664059
	15.348547	46.766195
	15.3484153	46.765417
	15.348448	46.764594
	15.348093	46.763616
	15.3481362	46.7631292
	15.348583	46.762404
	15.3488051	46.7623381
	15.349042	46.762338
	15.349465	46.762843
	15.35046	46.76295
	15.350869	46.763243
	15.3516589	46.7633633
	15.352448	46.763334
	15.3530015	46.7634918
	15.353308	46.763722
	15.3537763	46.7635347
	15.3542046	46.7632314
	15.3543393	46.7630468
	15.354582	46.762948
	15.355369	46.762304
	15.3557879	46.7622062
	15.35604	46.762076
	15.3561392	46.7619787
	15.3562354	46.7616524
	15.356399	46.7612864
	15.356704	46.760984
	15.3564787	46.7608184
	15.3558462	46.7604309
	15.355717	46.7603727
	15.3553232	46.7601301
	15.3550762	46.7599277
	15.3550292	46.7598558
	15.3553362	46.7591514
	15.3557504	46.7579896
	15.3559007	46.7576907
	15.3560352	46.7573568
	15.3560516	46.7572189
	15.3562974	46.7565156
	15.356546	46.755923
	15.3565891	46.7557164
	15.3565001	46.7553623
	15.356613	46.755082
	15.356787	46.7549549
	15.3569796	46.7547457
	15.357162	46.754349
	15.3575402	46.7542447
	15.358146	46.75386
	15.3587875	46.7527806
	15.3587803	46.7527302
	15.3581882	46.7524726
	15.3579006	46.7523327
	15.3574344	46.752124
	15.3570737	46.7519608
	15.3567607	46.7518221
	15.3565089	46.7517137
	15.3560512	46.7515108
	15.3554438	46.7512439
	15.355243	46.7511576
	15.3544161	46.7507822
	15.3537747	46.7504966
	15.3532591	46.7502774
	15.3524356	46.7499324
	15.3517806	46.7496502
	15.351049	46.7493448
	15.3509202	46.7492844
	15.3505629	46.7492332
	15.3504739	46.7492901
	15.3496534	46.7491409
	15.3483173	46.7488908
	15.3445516	46.7481917
	15.342981	46.7479044
	15.3419503	46.7477154
	15.3404988	46.7474713
	15.3387953	46.7472075
	15.3369045	46.7469162
	15.3366952	46.7469127
	15.3365506	46.7469267
	15.3363872	46.7469664
	15.336263	46.746787
	15.335833	46.746755
	15.335541	46.746594
	15.335626	46.7464892
	15.3357856	46.7462304
	15.3357778	46.7460956
	15.3357121	46.7460763
	15.3356176	46.7459893
	15.3356192	46.745897
	15.3357315	46.7457104
	15.33577	46.745531
	15.3356941	46.7455076
	15.3345845	46.7444968
	15.3344981	46.7443759
	15.334112	46.743652
	15.3344783	46.7434668
	15.3350052	46.7431681
	15.3324391	46.7418073
	15.330527	46.740796
END
END
