7872502
1
	15.5947853	47.3183581
	15.594812	47.317962
	15.5951294	47.3173976
	15.59526	47.316713
	15.595826	47.3159735
	15.5965068	47.3145253
	15.596786	47.313987
	15.597107	47.313603
	15.5976205	47.3133395
	15.5981857	47.3130986
	15.598406	47.3129505
	15.5988564	47.312675
	15.5995902	47.312241
	15.5999535	47.3120536
	15.600547	47.3117226
	15.6009754	47.3114628
	15.601151	47.311286
	15.601275	47.311416
	15.6020115	47.311541
	15.602671	47.31167
	15.6030216	47.3118458
	15.603174	47.311958
	15.603485	47.312513
	15.6038425	47.3125935
	15.6040773	47.3126571
	15.604514	47.31284
	15.604892	47.31311
	15.6058402	47.3132999
	15.6065691	47.3131405
	15.6071526	47.313118
	15.6075879	47.3130276
	15.607875	47.312932
	15.6079182	47.312869
	15.6080799	47.3124156
	15.6083181	47.3119898
	15.6082394	47.3117238
	15.6083907	47.3112918
	15.6084901	47.3110528
	15.6086569	47.3108345
	15.608633	47.310731
	15.6089833	47.3105018
	15.609582	47.309907
	15.6097126	47.3097559
	15.609828	47.309382
	15.6098239	47.3089535
	15.6097784	47.3086597
	15.609703	47.3083577
	15.6096979	47.3078707
	15.609667	47.306681
	15.6097748	47.3065011
	15.6100357	47.3062342
	15.610052	47.3061711
	15.6100182	47.3059295
	15.610533	47.30509
	15.6108257	47.3047314
	15.6114968	47.3041028
	15.611661	47.303886
	15.612159	47.304174
	15.612755	47.3042105
	15.6133894	47.3043154
	15.6146013	47.3043812
	15.6150316	47.3044748
	15.615537	47.304432
	15.6166485	47.3047344
	15.617134	47.30499
	15.617661	47.304686
	15.6196954	47.3041267
	15.6200158	47.3039215
	15.6205532	47.3038439
	15.6208494	47.3037477
	15.621059	47.303701
	15.621578	47.3036251
	15.6219848	47.303599
	15.622454	47.303597
	15.6231584	47.303836
	15.62354	47.303937
	15.623702	47.303647
	15.6238933	47.3036168
	15.6243131	47.3033403
	15.624606	47.303052
	15.6248771	47.302757
	15.625032	47.30251
	15.6250216	47.3022564
	15.6256487	47.301665
	15.626581	47.300499
	15.627202	47.300448
	15.6280479	47.3001286
	15.628297	47.299961
	15.6284613	47.2998244
	15.6284678	47.2996774
	15.6285396	47.2995175
	15.628671	47.299368
	15.6288816	47.2993013
	15.629113	47.299266
	15.6293998	47.2990857
	15.629631	47.298899
	15.6299495	47.2984289
	15.6300388	47.2982484
	15.630391	47.297901
	15.6309481	47.297624
	15.6311965	47.2974396
	15.6314169	47.2972052
	15.631957	47.296875
	15.6325408	47.2968462
	15.632999	47.296732
	15.6341132	47.2962092
	15.6346553	47.2959407
	15.635985	47.295135
	15.6381112	47.2930066
	15.6385716	47.292248
	15.6388671	47.2916304
	15.6388111	47.2913376
	15.6389511	47.2911399
	15.6390238	47.2909168
	15.6390254	47.2908246
	15.6392706	47.2906524
	15.6400065	47.2902694
	15.64075	47.289949
	15.6418975	47.2895226
	15.6423054	47.2897993
	15.642853	47.2896309
	15.6432552	47.289451
	15.6434092	47.2893059
	15.643549	47.2892131
	15.6438456	47.2892092
	15.6441536	47.2891821
	15.6445073	47.2891163
	15.6448182	47.2891028
	15.6454714	47.2891453
	15.6459791	47.2893272
	15.6461673	47.2893388
	15.646922	47.288766
	15.6470544	47.2884276
	15.647158	47.287986
	15.64759	47.287478
	15.6480298	47.2873306
	15.648642	47.286992
	15.6488997	47.2865548
	15.6493675	47.2858215
	15.64958	47.285345
	15.6498638	47.2850553
	15.6504171	47.2846471
	15.650723	47.284197
	15.65055	47.283771
	15.6507081	47.2836197
	15.6512243	47.2827973
	15.6514268	47.28248
	15.651698	47.28196
	15.6518119	47.2806651
	15.651675	47.27981
	15.651291	47.279551
	15.6517634	47.2792022
	15.6519459	47.2790358
	15.6522511	47.2786585
	15.65231	47.278336
	15.652275	47.27748
	15.6525107	47.2769749
	15.6524394	47.2766498
	15.652666	47.276272
	15.6525734	47.2752643
	15.6526504	47.2750862
	15.652633	47.274812
	15.653023	47.274204
	15.6528025	47.2741094
	15.6527587	47.2740519
	15.6527821	47.2738756
	15.6527438	47.273788
	15.652443	47.273517
	15.652395	47.273085
	15.6528704	47.2724692
	15.653061	47.272093
	15.6531985	47.2716248
	15.653204	47.271352
	15.6537843	47.2708531
	15.65401	47.270685
	15.654855	47.270716
	15.6556294	47.2702098
	15.656091	47.2700163
	15.656368	47.269401
	15.6563627	47.2690706
	15.656435	47.268691
	15.6568511	47.2682736
	15.6571614	47.2677503
	15.657243	47.267535
	15.6574144	47.2673583
	15.6577917	47.2671
	15.6582641	47.2668769
	15.658646	47.266579
	15.6586273	47.2664854
	15.6587184	47.2662803
	15.6591683	47.2656698
	15.6595931	47.2651569
	15.659757	47.264888
	15.6604029	47.2642937
	15.660691	47.263943
	15.660756	47.263513
	15.661616	47.263431
	15.6619878	47.2632948
	15.662532	47.263149
	15.6626255	47.2629679
	15.6628595	47.2629372
	15.6632708	47.2630303
	15.6636982	47.2630363
	15.6641077	47.2629052
	15.6645925	47.2629667
	15.665921	47.262976
	15.666008	47.262783
	15.6674213	47.2633026
	15.6681386	47.2635947
	15.6687313	47.2638031
	15.669135	47.263911
	15.6696058	47.2639708
	15.670303	47.264031
	15.6712269	47.2639236
	15.6714809	47.2638803
	15.671642	47.263843
	15.6718921	47.2636699
	15.672017	47.263521
	15.671985	47.263212
	15.6722946	47.2631106
	15.6733192	47.2626746
	15.6737581	47.2623799
	15.6742089	47.2621661
	15.6746127	47.2620548
	15.674908	47.261955
	15.6751381	47.2617094
	15.675378	47.261586
	15.6761811	47.2614111
	15.676403	47.261297
	15.6768475	47.2608934
	15.677118	47.260423
	15.677113	47.259749
	15.677299	47.259475
	15.6778068	47.2592087
	15.678176	47.258861
	15.6784234	47.258857
	15.678631	47.258737
	15.678707	47.258336
	15.6792081	47.2579574
	15.679525	47.257884
	15.6797038	47.2576368
	15.679817	47.257406
	15.680141	47.25702
	15.6803824	47.2569646
	15.680699	47.256764
	15.6813548	47.2567748
	15.681779	47.256657
	15.6821046	47.2563257
	15.6822501	47.2561281
	15.682374	47.255967
	15.6825992	47.255862
	15.6829312	47.255695
	15.6831161	47.2556013
	15.683459	47.255422
	15.6835592	47.2550565
	15.683895	47.254573
	15.6843097	47.2543442
	15.6847049	47.2541839
	15.685133	47.25406
	15.685199	47.253844
	15.6853852	47.253785
	15.6855733	47.2537042
	15.6859832	47.2535467
	15.6862883	47.2533806
	15.686535	47.253378
	15.6866	47.253271
	15.6864269	47.2530867
	15.6865076	47.2530398
	15.686829	47.252862
	15.6867999	47.2527443
	15.68645	47.252693
	15.6865235	47.2525588
	15.6868031	47.2523431
	15.6868819	47.2521309
	15.686903	47.251926
	15.68758	47.251665
	15.687454	47.251428
	15.68774	47.251272
	15.688899	47.251301
	15.6891741	47.2511429
	15.68924	47.250948
	15.688983	47.2508233
	15.688987	47.250765
	15.6892478	47.2506493
	15.6896607	47.2502532
	15.6898739	47.250137
	15.690192	47.24999
	15.690311	47.249633
	15.6899237	47.2492383
	15.6897641	47.2491235
	15.6897417	47.2489576
	15.6896372	47.2487649
	15.689361	47.248506
	15.689358	47.2483571
	15.6894646	47.248289
	15.689483	47.247998
	15.6890265	47.2477076
	15.688966	47.247595
	15.6890705	47.2471888
	15.689009	47.247009
	15.690195	47.246877
	15.6900646	47.2466912
	15.689807	47.246484
	15.689921	47.246195
	15.6893453	47.2459817
	15.6888289	47.2459088
	15.6885186	47.2458708
	15.6882885	47.2456726
	15.6880648	47.2455744
	15.6879032	47.2455532
	15.687755	47.245478
	15.6877531	47.2454396
	15.687737	47.245113
	15.688195	47.244572
	15.6882977	47.2445406
	15.689675	47.244373
	15.689999	47.244183
	15.690112	47.243831
	15.6903139	47.243754
	15.6906012	47.2436708
	15.690856	47.243529
	15.6910419	47.2435913
	15.6912757	47.2436347
	15.6928157	47.2436506
	15.6935325	47.2435642
	15.693826	47.2436294
	15.694249	47.243659
	15.6946051	47.2437652
	15.6949765	47.2437881
	15.695927	47.2441618
	15.6972775	47.2446414
	15.697919	47.244809
	15.6988072	47.2448759
	15.699685	47.2449711
	15.7006511	47.2450998
	15.7013445	47.2451809
	15.7019496	47.2452144
	15.702067	47.245194
	15.7027858	47.2453854
	15.7034455	47.2449217
	15.7039389	47.244518
	15.7041181	47.2442288
	15.7041052	47.2441566
	15.70409	47.243439
	15.704511	47.24347
	15.7045726	47.24361
	15.7046298	47.2436858
	15.70488	47.243837
	15.7054115	47.2440631
	15.705641	47.244096
	15.706523	47.2440614
	15.7068684	47.2440719
	15.7070009	47.2440666
	15.707138	47.244027
	15.7074995	47.2438868
	15.707776	47.243736
	15.7078836	47.2436945
	15.7083356	47.2436006
	15.7086493	47.2435844
	15.7093778	47.2436638
	15.709894	47.243703
	15.7102072	47.2437901
	15.710824	47.2440013
	15.711034	47.2440482
	15.7111304	47.2441149
	15.711208	47.2441583
	15.711099	47.2444099
	15.711141	47.244611
	15.7114213	47.2448043
	15.7115039	47.2447982
	15.712176	47.245074
	15.712472	47.245636
	15.7127487	47.2457505
	15.713188	47.24618
	15.7137319	47.2465111
	15.7143421	47.2467396
	15.714785	47.24688
	15.715218	47.24729
	15.7155039	47.2473288
	15.7158705	47.2474396
	15.7161939	47.247575
	15.717121	47.247769
	15.717194	47.247614
	15.7177103	47.2476523
	15.7185082	47.2476851
	15.7187936	47.2477516
	15.7188254	47.2479464
	15.7186854	47.2481942
	15.718498	47.248349
	15.7185955	47.2485893
	15.7187082	47.2488235
	15.7188413	47.248949
	15.719111	47.249159
	15.719286	47.249776
	15.7198578	47.2497659
	15.7199255	47.2499696
	15.7199538	47.2501757
	15.720052	47.250426
	15.7201926	47.2505293
	15.7206834	47.2507155
	15.721208	47.25087
	15.7216919	47.2509455
	15.7221356	47.2510236
	15.723197	47.251306
	15.7234161	47.2514248
	15.723598	47.251585
	15.7236551	47.2521952
	15.723598	47.252548
	15.7234432	47.2531288
	15.723363	47.25332
	15.723189	47.253578
	15.7234523	47.253685
	15.723526	47.253802
	15.722552	47.25464
	15.723017	47.255014
	15.723464	47.255124
	15.7235627	47.2552454
	15.723588	47.255377
	15.7240907	47.2553549
	15.72454	47.255243
	15.724669	47.255424
	15.724353	47.255988
	15.724849	47.256636
	15.725462	47.2569513
	15.727652	47.2579
	15.728589	47.257981
	15.728681	47.258816
	15.7282336	47.2596693
	15.7280826	47.2601712
	15.7279069	47.2606355
	15.7277519	47.2608893
	15.72754	47.261104
	15.7274055	47.2610741
	15.7272778	47.2610748
	15.726832	47.261127
	15.7269273	47.2613991
	15.7268023	47.2616886
	15.726795	47.261741
	15.7268402	47.2618357
	15.7268864	47.2618958
	15.7268436	47.2622015
	15.7268772	47.262331
	15.7269837	47.2626174
	15.727118	47.263097
	15.7270979	47.263368
	15.7269403	47.2642078
	15.726819	47.264972
	15.7273456	47.2654073
	15.727632	47.265476
	15.7276044	47.2657334
	15.72776	47.266089
	15.72801	47.26603
	15.72817	47.266157
	15.728218	47.266489
	15.727975	47.266696
	15.7284251	47.267391
	15.728618	47.267808
	15.7287678	47.2682989
	15.7288221	47.2687198
	15.7289373	47.2690762
	15.728864	47.269198
	15.7295444	47.2695236
	15.729838	47.269615
	15.7301734	47.2699105
	15.7303545	47.2700223
	15.7305647	47.2700654
	15.7306785	47.2701028
	15.7309404	47.270375
	15.7312569	47.2706
	15.7315816	47.2707738
	15.732014	47.270978
	15.7321986	47.2712547
	15.7322006	47.271418
	15.7322277	47.2717198
	15.7322938	47.2719436
	15.732417	47.272213
	15.7328665	47.2726566
	15.7332026	47.2729572
	15.7338574	47.2733148
	15.7339201	47.2734092
	15.7342005	47.2736059
	15.7345234	47.2737131
	15.7347829	47.2738839
	15.735242	47.274062
	15.7363732	47.2744203
	15.7371732	47.2745759
	15.737531	47.274716
	15.7375929	47.2748479
	15.7376419	47.2753112
	15.7376359	47.275516
	15.7375605	47.2758315
	15.737567	47.275962
	15.7378224	47.2762551
	15.7383499	47.276512
	15.73853	47.276705
	15.739061	47.276893
	15.7391619	47.2769976
	15.7392041	47.2771165
	15.7397272	47.2777066
	15.740055	47.27811
	15.7401681	47.2783264
	15.740087	47.27849
	15.7405253	47.2786418
	15.7408845	47.2786628
	15.7414883	47.2787323
	15.7415776	47.2788109
	15.741995	47.278948
	15.7421366	47.2788759
	15.7428235	47.2789904
	15.7431852	47.2790085
	15.743467	47.279071
	15.7448961	47.2799741
	15.7451231	47.2801802
	15.7453259	47.2804979
	15.7456936	47.2808286
	15.7458906	47.2810851
	15.746131	47.281539
	15.746652	47.281987
	15.7466736	47.2822123
	15.7466234	47.2824662
	15.746435	47.283086
	15.745793	47.283429
	15.745822	47.283675
	15.746211	47.284004
	15.7465963	47.2842632
	15.7470937	47.2845375
	15.7478097	47.2849803
	15.7481729	47.2851622
	15.7483088	47.2852675
	15.7485377	47.2855525
	15.7492127	47.285974
	15.7495451	47.2861473
	15.749909	47.286294
	15.7504328	47.2863346
	15.751063	47.286327
	15.751562	47.28616
	15.7518023	47.2860593
	15.7522071	47.2857903
	15.752484	47.285494
	15.753117	47.285299
	15.7535613	47.2851103
	15.753892	47.284921
	15.7549452	47.2853475
	15.755491	47.285447
	15.7562626	47.2860395
	15.756072	47.286425
	15.7567485	47.2865655
	15.757003	47.286679
	15.7570403	47.287095
	15.757027	47.288272
	15.7567562	47.2884407
	15.7566457	47.2885404
	15.757159	47.2888711
	15.757821	47.289187
	15.7583708	47.2893995
	15.758784	47.289514
	15.7587223	47.2898012
	15.7586538	47.2899279
	15.7585723	47.2900207
	15.7584065	47.2901528
	15.758267	47.2903099
	15.757938	47.2910257
	15.7576643	47.2915558
	15.7576117	47.2917914
	15.757485	47.292041
	15.7572828	47.2922983
	15.7569933	47.2925161
	15.7568406	47.2927624
	15.756687	47.292931
	15.756238	47.2930605
	15.7559538	47.2931908
	15.7554906	47.2935139
	15.754464	47.293968
	15.7537879	47.2945437
	15.753369	47.294797
	15.7531379	47.2952202
	15.753031	47.295347
	15.75219	47.295914
	15.7513116	47.2962982
	15.7509484	47.296482
	15.749931	47.296872
	15.7491379	47.2970603
	15.7485089	47.2971424
	15.747967	47.297271
	15.7474589	47.2975047
	15.7453773	47.2982864
	15.7447088	47.2984238
	15.744315	47.298588
	15.7439588	47.2986219
	15.7435193	47.2986309
	15.742857	47.298706
	15.7426851	47.2987576
	15.7424535	47.2988718
	15.7419088	47.2990485
	15.741296	47.299229
	15.7405219	47.2993787
	15.739618	47.299452
	15.7396196	47.2995161
	15.7394061	47.2996874
	15.739314	47.2999266
	15.738924	47.300314
	15.7382876	47.3005726
	15.7377257	47.3009647
	15.737569	47.301025
	15.7374218	47.3012918
	15.737106	47.301504
	15.7366692	47.301597
	15.736406	47.3020324
	15.736387	47.302186
	15.7367745	47.3025375
	15.737062	47.303027
	15.7373666	47.3031924
	15.738676	47.303625
	15.7387587	47.3038991
	15.738703	47.304131
	15.7381113	47.3045647
	15.7376955	47.3047324
	15.737406	47.3049394
	15.7368113	47.3052874
	15.736417	47.30561
	15.736056	47.3061511
	15.735997	47.306473
	15.735314	47.307046
	15.7351692	47.3074484
	15.7350034	47.3080176
	15.7350034	47.3081836
	15.734638	47.309075
	15.734177	47.309757
	15.73366	47.3095075
	15.7333643	47.3092414
	15.732422	47.308515
	15.732074	47.3084193
	15.73173	47.308365
	15.7312487	47.3084394
	15.7303401	47.3086818
	15.7294099	47.3090555
	15.728842	47.309141
	15.728189	47.309164
	15.7275685	47.3089862
	15.7267674	47.3086472
	15.7265389	47.3086253
	15.7263185	47.3085196
	15.7265738	47.3079618
	15.726773	47.307155
	15.7264394	47.3071817
	15.7251598	47.3069575
	15.72485	47.306929
	15.7238211	47.3066421
	15.723055	47.3065072
	15.722145	47.306294
	15.721727	47.3061026
	15.7213936	47.3058893
	15.7205038	47.3056195
	15.719848	47.305341
	15.7197404	47.3052714
	15.719649	47.3051292
	15.7196947	47.3049268
	15.719555	47.304715
	15.7193183	47.3045458
	15.7191705	47.3045003
	15.718499	47.304098
	15.7183049	47.3041248
	15.7176597	47.3039042
	15.717495	47.303882
	15.7172269	47.3039461
	15.716706	47.304004
	15.7165145	47.3039643
	15.716318	47.303822
	15.7157457	47.3037857
	15.7152376	47.3038149
	15.714923	47.3038
	15.7144607	47.3039279
	15.7140467	47.3040792
	15.713781	47.304244
	15.713168	47.304222
	15.713186	47.304018
	15.7130682	47.3039425
	15.7125521	47.3038768
	15.712238	47.303703
	15.7123666	47.3035414
	15.712249	47.303409
	15.711812	47.303282
	15.71155	47.302968
	15.7113612	47.3028979
	15.711173	47.3028961
	15.7109042	47.302836
	15.7108262	47.3027284
	15.710406	47.302561
	15.7102725	47.3023675
	15.7098612	47.3020995
	15.709777	47.302008
	15.7097617	47.3018953
	15.7096461	47.3016765
	15.7095224	47.3014979
	15.709483	47.300957
	15.709066	47.300463
	15.708921	47.299508
	15.70916	47.299182
	15.70913	47.2986339
	15.709087	47.2985591
	15.708254	47.298526
	15.707898	47.298318
	15.707369	47.298291
	15.7068504	47.2980614
	15.7062509	47.2979302
	15.705472	47.297721
	15.705388	47.2976567
	15.705415	47.297355
	15.704574	47.296695
	15.704464	47.296369
	15.7038718	47.2963167
	15.703622	47.296214
	15.703406	47.295845
	15.70254	47.29569
	15.702179	47.295759
	15.699997	47.295143
	15.699676	47.294791
	15.6987642	47.2944607
	15.698196	47.294363
	15.6979039	47.2944041
	15.697265	47.294696
	15.6972373	47.2950295
	15.697045	47.295187
	15.6967561	47.2952282
	15.6965303	47.2951717
	15.6952534	47.2951571
	15.694915	47.295066
	15.6943367	47.2950988
	15.693963	47.2952118
	15.693653	47.295203
	15.6934119	47.2951426
	15.693385	47.2950897
	15.69329	47.295082
	15.6929227	47.2952064
	15.6924012	47.2952975
	15.6920004	47.2952947
	15.691871	47.295304
	15.6919588	47.2954648
	15.6921702	47.2960782
	15.6922709	47.2968462
	15.692342	47.297468
	15.6923415	47.2975978
	15.6922833	47.2977538
	15.692029	47.297975
	15.6918637	47.298106
	15.6917311	47.298137
	15.691616	47.2981547
	15.691365	47.298138
	15.6910026	47.2980333
	15.6904974	47.2979266
	15.690271	47.2978718
	15.6899631	47.2978258
	15.689662	47.2978
	15.6894059	47.2978057
	15.6888427	47.2978582
	15.6885195	47.297901
	15.688313	47.298001
	15.6878872	47.2974353
	15.687322	47.296919
	15.6865448	47.2966411
	15.6863594	47.2965383
	15.686215	47.296372
	15.6859999	47.2962887
	15.685717	47.296283
	15.6854804	47.2963668
	15.6846716	47.2968106
	15.6843449	47.2969176
	15.683782	47.297215
	15.683475	47.297554
	15.6826611	47.2978423
	15.6822814	47.2980342
	15.6818459	47.2980753
	15.681407	47.298308
	15.6811079	47.298747
	15.6809997	47.298972
	15.6810153	47.299282
	15.6806392	47.299631
	15.6803312	47.3000134
	15.67965	47.300879
	15.6791031	47.3006005
	15.678818	47.3005028
	15.678479	47.3004628
	15.677835	47.3001347
	15.6774562	47.2999794
	15.6771553	47.2998407
	15.6769411	47.2997238
	15.676401	47.299481
	15.6752468	47.2991488
	15.6746581	47.2990351
	15.6740427	47.2988137
	15.6738885	47.2987895
	15.6737757	47.2989967
	15.6737945	47.2993694
	15.6738973	47.2995491
	15.673863	47.299666
	15.6732799	47.3003301
	15.6731306	47.3005399
	15.6726107	47.3009541
	15.6724084	47.3010635
	15.6720344	47.3014857
	15.671906	47.301647
	15.671933	47.3017442
	15.6719749	47.3018899
	15.672137	47.302182
	15.672347	47.3023469
	15.6725993	47.3024625
	15.672698	47.302559
	15.6727192	47.3026662
	15.6726949	47.3032077
	15.6726627	47.3032715
	15.672613	47.303311
	15.671899	47.303413
	15.6712664	47.303684
	15.670833	47.303846
	15.6704629	47.3039005
	15.670323	47.3038573
	15.6700642	47.3038752
	15.669725	47.303971
	15.6694288	47.3041363
	15.6688858	47.3045138
	15.668584	47.30466
	15.6681258	47.30481
	15.667635	47.30494
	15.6670675	47.305022
	15.6665415	47.3050801
	15.665762	47.305211
	15.6649884	47.3052177
	15.664795	47.30518
	15.6645844	47.3052589
	15.6644444	47.3053448
	15.6642885	47.3055315
	15.6639911	47.305771
	15.663697	47.305918
	15.6634299	47.3059742
	15.6631653	47.3059866
	15.662824	47.305982
	15.66267	47.306254
	15.6623113	47.3065303
	15.661999	47.306628
	15.6617829	47.306633
	15.6610851	47.3067078
	15.660176	47.306804
	15.6594047	47.3069724
	15.658767	47.307155
	15.6586682	47.3073004
	15.6586753	47.3076328
	15.6585958	47.3078454
	15.6586318	47.307951
	15.6585454	47.3080818
	15.6581428	47.3084142
	15.6577759	47.3085931
	15.657636	47.308705
	15.6576489	47.3088893
	15.6578145	47.3091695
	15.6578188	47.3092712
	15.657783	47.30936
	15.6577252	47.3095064
	15.6574401	47.3100124
	15.657102	47.3107162
	15.656937	47.310894
	15.6563429	47.3112014
	15.6561761	47.3112793
	15.655441	47.311472
	15.6547777	47.3115318
	15.6543039	47.3114866
	15.6528754	47.3115613
	15.652526	47.311619
	15.652254	47.31186
	15.6521092	47.3122869
	15.652086	47.312428
	15.6517506	47.3125644
	15.651478	47.312621
	15.6512767	47.3125544
	15.6504983	47.3125507
	15.650345	47.31257
	15.649134	47.313096
	15.64873	47.313657
	15.64816	47.313684
	15.64765	47.313996
	15.6475189	47.3143243
	15.6474687	47.3145488
	15.647074	47.314974
	15.6467144	47.3152114
	15.6460823	47.3153754
	15.6459396	47.3155364
	15.645849	47.315737
	15.645211	47.316043
	15.6456252	47.3163932
	15.6462322	47.3168221
	15.6466921	47.3171355
	15.646832	47.317289
	15.6469794	47.3174901
	15.6469744	47.317871
	15.6470309	47.3180047
	15.647199	47.318237
	15.6471113	47.3182822
	15.6469334	47.3181802
	15.646561	47.318116
	15.64522	47.31839
	15.6448673	47.3185536
	15.6446815	47.3185481
	15.6438952	47.3188568
	15.6429212	47.3192854
	15.642487	47.319395
	15.641971	47.319031
	15.642227	47.318425
	15.6416184	47.318093
	15.6414095	47.317957
	15.6412602	47.3177562
	15.6409574	47.3179317
	15.6407603	47.3180873
	15.640604	47.318276
	15.6405127	47.3185519
	15.640398	47.318814
	15.6402655	47.3188737
	15.6400175	47.3188876
	15.6397049	47.3188724
	15.6394992	47.3188384
	15.639232	47.318825
	15.6387751	47.3189101
	15.6386322	47.3189547
	15.638462	47.3190168
	15.638243	47.31915
	15.6380516	47.3193258
	15.6377229	47.3197665
	15.637553	47.320087
	15.6373832	47.3202535
	15.6372452	47.3203364
	15.6371424	47.3203625
	15.6369971	47.3203794
	15.6368969	47.3204279
	15.6368162	47.3204838
	15.636706	47.320603
	15.6366793	47.3207213
	15.6366972	47.3209584
	15.6365879	47.3213313
	15.636481	47.321518
	15.6362922	47.3218564
	15.6358945	47.3224606
	15.635584	47.322815
	15.6354721	47.3229034
	15.6352663	47.3229429
	15.6351005	47.3230463
	15.6349797	47.3231465
	15.634366	47.323392
	15.6337243	47.3236048
	15.6334503	47.3236199
	15.633247	47.323715
	15.633227	47.3238326
	15.6331164	47.3240215
	15.632865	47.3242511
	15.6328692	47.3243927
	15.6329169	47.324664
	15.63318	47.325176
	15.63342	47.325076
	15.633505	47.3253315
	15.633318	47.325432
	15.635038	47.326868
	15.6365763	47.3266653
	15.641056	47.326042
	15.644622	47.325697
	15.645208	47.326502
	15.647076	47.325564
	15.646807	47.3247671
	15.647491	47.32476
	15.647537	47.324392
	15.648683	47.3246895
	15.6489236	47.3247075
	15.6491786	47.3247895
	15.649687	47.324975
	15.6500411	47.3251978
	15.6502979	47.325304
	15.6505911	47.325478
	15.650742	47.325639
	15.6509721	47.3256489
	15.6513531	47.3256336
	15.6515827	47.3257745
	15.651959	47.3256915
	15.652299	47.32575
	15.6525987	47.32592
	15.652811	47.326195
	15.6528429	47.3264648
	15.6529316	47.3268243
	15.652932	47.327219
	15.6532473	47.3274504
	15.65364	47.327659
	15.655186	47.327844
	15.6551229	47.3279118
	15.6547721	47.3280849
	15.6544403	47.3283291
	15.6540058	47.3285025
	15.6534302	47.3288843
	15.6529487	47.3291419
	15.65149	47.330066
	15.6514011	47.3301447
	15.6512209	47.3304426
	15.6509813	47.3306625
	15.650707	47.3310542
	15.650117	47.331676
	15.6500049	47.3317508
	15.6498556	47.3318504
	15.6496051	47.3320385
	15.649375	47.332272
	15.6486781	47.332669
	15.6473606	47.3334677
	15.646621	47.333864
	15.6461928	47.3346142
	15.645615	47.335957
	15.6455134	47.3359575
	15.6453828	47.336001
	15.644913	47.336556
	15.6448978	47.3369711
	15.6444869	47.3376084
	15.6445591	47.3378681
	15.644508	47.337933
	15.6431941	47.3385675
	15.64267	47.3387075
	15.642266	47.338859
	15.640671	47.340082
	15.639606	47.340616
	15.6364285	47.3415438
	15.6355088	47.3419628
	15.634993	47.342052
	15.634967	47.3419638
	15.634783	47.341897
	15.632932	47.34177
	15.6326919	47.3418737
	15.63064	47.3418623
	15.629142	47.34203
	15.6284757	47.3420131
	15.628299	47.341937
	15.6278124	47.3419988
	15.6277086	47.3420622
	15.6271526	47.3421625
	15.6264847	47.3422209
	15.6256208	47.3424877
	15.6254628	47.3425133
	15.6253075	47.3425037
	15.624891	47.3425436
	15.624164	47.342673
	15.6230526	47.3430069
	15.6203049	47.3436939
	15.620078	47.343724
	15.6197999	47.3438759
	15.619169	47.344389
	15.6180583	47.3448795
	15.6175243	47.3451181
	15.6173065	47.3451359
	15.616778	47.345449
	15.6164801	47.3454917
	15.6160182	47.3457167
	15.6155636	47.3458665
	15.6151832	47.3460362
	15.613499	47.346652
	15.6132738	47.3466013
	15.612976	47.346664
	15.6120724	47.3469284
	15.6113785	47.3471817
	15.609872	47.347516
	15.609535	47.3475739
	15.6094264	47.3475472
	15.6093333	47.3475061
	15.604952	47.347901
	15.604817	47.3482
	15.603882	47.34888
	15.602696	47.349175
	15.601345	47.348995
	15.597392	47.349939
	15.5972401	47.3496091
	15.597198	47.3489222
	15.597054	47.348276
	15.5968675	47.3481193
	15.596822	47.348059
	15.5967026	47.3476421
	15.5967141	47.3473182
	15.5966422	47.3471179
	15.5964555	47.3470002
	15.596418	47.346622
	15.5964131	47.3461
	15.596383	47.345869
	15.596851	47.345055
	15.596871	47.344027
	15.5970338	47.3436998
	15.597231	47.343443
	15.5980611	47.3427936
	15.598302	47.342504
	15.5993123	47.3407979
	15.5996712	47.3403083
	15.5999097	47.3400773
	15.6001605	47.3397597
	15.6003018	47.3394493
	15.6007889	47.3389492
	15.601477	47.337689
	15.6019828	47.3373513
	15.6021866	47.3371656
	15.602548	47.336974
	15.6022649	47.3366294
	15.601825	47.336218
	15.6010963	47.3357828
	15.600815	47.335597
	15.600183	47.334812
	15.6004691	47.334299
	15.600698	47.3340002
	15.60071	47.333867
	15.600629	47.333682
	15.6004359	47.333706
	15.599922	47.333576
	15.599757	47.33341
	15.5997654	47.3332071
	15.5999499	47.3327084
	15.599905	47.332513
	15.5992834	47.3318149
	15.598615	47.330882
	15.5979573	47.3305835
	15.5967554	47.3301327
	15.596144	47.329868
	15.595611	47.329214
	15.5954878	47.3289775
	15.595338	47.328441
	15.5954097	47.3273268
	15.595407	47.3269194
	15.595577	47.326235
	15.595977	47.325691
	15.5961954	47.3249349
	15.596274	47.324763
	15.596634	47.324389
	15.596501	47.323264
	15.5963136	47.3228361
	15.5960427	47.3217499
	15.595792	47.320861
	15.5955393	47.3204346
	15.5952214	47.3201027
	15.59507	47.319721
	15.5947853	47.3183581
END
END
