7873594
1
	10.8355995	47.2108308
	10.8356582	47.2104098
	10.8357059	47.2098323
	10.8357188	47.2095827
	10.835732	47.209328
	10.8357489	47.2087697
	10.8356064	47.2081919
	10.835924	47.2074009
	10.8360369	47.2068814
	10.8360318	47.2066156
	10.8360173	47.2063173
	10.8361547	47.2059488
	10.8360305	47.205363
	10.8357526	47.2051113
	10.8357969	47.2049825
	10.8357191	47.2046024
	10.8360801	47.2041818
	10.8361294	47.2041139
	10.8365868	47.2034839
	10.8370878	47.2029944
	10.8376589	47.2023041
	10.8377903	47.2019759
	10.8379067	47.2013089
	10.8384987	47.2003054
	10.8388862	47.199825
	10.8392794	47.1996048
	10.8395613	47.1985066
	10.8395353	47.1983395
	10.839736	47.1977786
	10.8400093	47.1969982
	10.8399527	47.1961332
	10.8401874	47.1954386
	10.8405964	47.1941249
	10.8406104	47.1936621
	10.8409649	47.1929491
	10.8411428	47.1926099
	10.8415011	47.1922086
	10.8417747	47.1919097
	10.8422098	47.1914474
	10.8436185	47.1908487
	10.8435938	47.1904424
	10.8435455	47.18977
	10.8435246	47.1895122
	10.8434851	47.1890711
	10.843762	47.1884734
	10.8439344	47.1881375
	10.8445422	47.1878712
	10.8449563	47.18735
	10.8451725	47.1870773
	10.8456009	47.1865658
	10.8459225	47.1862554
	10.84639	47.1858289
	10.8468325	47.1851267
	10.8471061	47.1847061
	10.8472376	47.1845109
	10.8473175	47.1840437
	10.8474419	47.183324
	10.8477075	47.1828655
	10.8476147	47.1823889
	10.8474733	47.1816827
	10.8473682	47.1816297
	10.8467019	47.1812676
	10.8450886	47.1804279
	10.8442217	47.1799894
	10.8437215	47.1794854
	10.843132	47.178907
	10.842791	47.1785869
	10.8428473	47.1774598
	10.8429238	47.1769191
	10.8429935	47.1764801
	10.8431003	47.175965
	10.8431847	47.1752959
	10.8433636	47.1749852
	10.8435401	47.174606
	10.8438572	47.1739753
	10.844292	47.1730919
	10.844569	47.1725168
	10.8459155	47.1718053
	10.8463763	47.1709232
	10.8480334	47.1716642
	10.848239	47.1722138
	10.8495613	47.1727066
	10.851185	47.1732888
	10.8517702	47.1733275
	10.8541746	47.1734883
	10.8566438	47.1736283
	10.8585755	47.1742274
	10.8595842	47.1751028
	10.8595945	47.1753594
	10.8595949	47.1755892
	10.8595951	47.1761547
	10.8595926	47.1768795
	10.8596166	47.1772079
	10.859644	47.1777326
	10.8597909	47.1790623
	10.8599833	47.1795907
	10.8601364	47.1800272
	10.8606191	47.1807032
	10.8610458	47.1813087
	10.861822	47.1822104
	10.861934	47.1826334
	10.8621491	47.1834795
	10.8622779	47.1839868
	10.8628972	47.184604
	10.8631979	47.1850124
	10.863393	47.185305
	10.8640138	47.1863335
	10.8643512	47.1868722
	10.8647552	47.1875244
	10.8651477	47.1881587
	10.8655298	47.1887588
	10.8661692	47.189775
	10.8667643	47.1907114
	10.8671187	47.1912687
	10.8676736	47.1919435
	10.8681392	47.192511
	10.8686982	47.193203
	10.8691478	47.1937325
	10.8699163	47.1946705
	10.8704738	47.1953427
	10.870972	47.1959492
	10.8711426	47.1962129
	10.8717174	47.1970907
	10.8720625	47.1971003
	10.8722253	47.1970595
	10.8729958	47.1969415
	10.8730549	47.1969585
	10.8739454	47.1968347
	10.8742733	47.1967366
	10.8746423	47.1967359
	10.8748153	47.1966894
	10.875244	47.1965356
	10.8754215	47.1965347
	10.8757679	47.196473
	10.8759452	47.196311
	10.8764527	47.1965585
	10.8766681	47.1966073
	10.8768941	47.1966123
	10.8771501	47.1966888
	10.8779794	47.1968293
	10.8781742	47.1969403
	10.8774011	47.1974319
	10.876818	47.197625
	10.8764224	47.197817
	10.8753869	47.1984904
	10.8745365	47.1988937
	10.8737775	47.1994646
	10.8729326	47.1998747
	10.8725927	47.199976
	10.8725738	47.2000421
	10.8722133	47.2003018
	10.8718202	47.2006771
	10.872477	47.2010732
	10.8731538	47.2010146
	10.8739118	47.2015591
	10.8741707	47.2014183
	10.8750606	47.2013906
	10.8755288	47.201576
	10.8755177	47.2019006
	10.8757135	47.2022251
	10.8758029	47.2025425
	10.8760498	47.2028205
	10.8763231	47.2029887
	10.8766038	47.2031137
	10.8765718	47.2032639
	10.8764518	47.2036387
	10.8772372	47.2038208
	10.8778331	47.2039785
	10.8773528	47.2046284
	10.8771203	47.2049012
	10.8773844	47.2049923
	10.8778637	47.205268
	10.8776581	47.2054258
	10.8774869	47.2055097
	10.8771462	47.2058223
	10.8769768	47.2060334
	10.8767142	47.2066705
	10.8766382	47.2067979
	10.8767156	47.2068791
	10.8766187	47.2070404
	10.8767019	47.2071498
	10.876211	47.2072755
	10.8758409	47.2073593
	10.8754922	47.2074468
	10.8749761	47.2075729
	10.8746044	47.2076691
	10.8740626	47.2078039
	10.8737917	47.2078877
	10.8732552	47.208059
	10.8729709	47.2081866
	10.8725579	47.2083615
	10.8721555	47.2085346
	10.871755	47.2088239
	10.8716379	47.2089683
	10.8714742	47.209165
	10.8713723	47.2093072
	10.8711989	47.2095637
	10.8710882	47.2099154
	10.8711202	47.2104132
	10.8710826	47.2107193
	10.8710451	47.2108432
	10.8709807	47.2109871
	10.8708476	47.2112414
	10.8706991	47.2113679
	10.8706374	47.2114444
	10.8703423	47.2118161
	10.8700795	47.212073
	10.8699078	47.2122443
	10.8698408	47.2123664
	10.8695135	47.2126324
	10.8690522	47.2127253
	10.8687786	47.2127745
	10.8683414	47.2128346
	10.8679042	47.2128419
	10.8676521	47.21282
	10.8672793	47.2127799
	10.8668608	47.2127344
	10.8663539	47.2126324
	10.8658201	47.2126397
	10.865633	47.212662
	10.8653132	47.2126178
	10.864986	47.2126397
	10.8644737	47.2127071
	10.8643288	47.2128546
	10.8643905	47.213066
	10.8641545	47.2133684
	10.8639587	47.2138986
	10.8637012	47.2141847
	10.8635242	47.2143031
	10.8634223	47.2143669
	10.8633418	47.2145837
	10.863272	47.2149335
	10.8632184	47.2153088
	10.8628778	47.2157205
	10.8621965	47.2160867
	10.8620114	47.2161013
	10.8615286	47.2161323
	10.8611504	47.2161596
	10.860681	47.2162088
	10.8602546	47.2163071
	10.8597235	47.2165003
	10.8592997	47.216697
	10.8591317	47.2167691
	10.8587713	47.2169539
	10.858874	47.2171261
	10.8589948	47.2172097
	10.8588271	47.2172611
	10.8586107	47.2174325
	10.8582086	47.2179164
	10.8586544	47.21817
	10.8585023	47.2186128
	10.8582679	47.2191526
	10.8581563	47.2191703
	10.8580957	47.2192587
	10.8579857	47.2192534
	10.8578999	47.2202014
	10.8578159	47.2203577
	10.8577987	47.2206027
	10.858016	47.2211104
	10.8581724	47.2212804
	10.8587222	47.2216995
	10.8589875	47.2219497
	10.8593383	47.2221506
	10.8597353	47.2224451
	10.8599402	47.2226014
	10.8603227	47.2230171
	10.8602406	47.2230955
	10.8601127	47.2231233
	10.8599673	47.2232082
	10.8601521	47.2238359
	10.860335	47.2244657
	10.8602806	47.2246915
	10.8600955	47.224926
	10.8599094	47.2250664
	10.8596299	47.2252473
	10.859447	47.225393
	10.8590052	47.2257131
	10.858506	47.2261039
	10.8577065	47.226597
	10.8570485	47.2270373
	10.8562744	47.2271724
	10.8557938	47.2270633
	10.8553799	47.2269342
	10.8550476	47.2267624
	10.8546986	47.2266872
	10.8543368	47.2266606
	10.853817	47.2266256
	10.8535204	47.2266488
	10.8528356	47.2266034
	10.8523134	47.2265655
	10.8519349	47.2264584
	10.8511925	47.2262189
	10.8505911	47.2260611
	10.8500099	47.2259049
	10.8493455	47.2259069
	10.8485274	47.2261786
	10.848249	47.2263473
	10.8480044	47.2264881
	10.8476627	47.2269879
	10.8475827	47.2273611
	10.8472408	47.2274648
	10.846802	47.2275023
	10.8463632	47.2276717
	10.8460724	47.227728
	10.845739	47.2279515
	10.8454018	47.2278409
	10.8452369	47.2278743
	10.8449736	47.2278211
	10.8445967	47.2277894
	10.8441672	47.2280162
	10.8439513	47.2280338
	10.8437434	47.2279848
	10.8430952	47.227691
	10.8425501	47.2275932
	10.8419767	47.2274452
	10.84119	47.2271495
	10.8407823	47.2270138
	10.8400989	47.2268841
	10.8394761	47.2267421
	10.839513	47.226287
	10.8396104	47.2256027
	10.8397529	47.2253404
	10.8397266	47.2252107
	10.8400063	47.2242837
	10.8400645	47.2239145
	10.8400828	47.2236434
	10.8401217	47.2232449
	10.8397424	47.2229197
	10.839508	47.222902
	10.8389249	47.2228889
	10.8386703	47.222849
	10.8382801	47.2225876
	10.8382264	47.2222417
	10.8382237	47.2220428
	10.8382495	47.2217276
	10.8384842	47.2214857
	10.838754	47.2212117
	10.8385759	47.2202816
	10.8384354	47.2198885
	10.8382817	47.2192458
	10.8380456	47.2184021
	10.8377503	47.2173163
	10.8374244	47.2163568
	10.8373083	47.2153686
	10.8373236	47.2146036
	10.8368078	47.2136769
	10.8366326	47.2128312
	10.8364406	47.2118597
	10.8363749	47.211003
	10.8355995	47.2108308
END
END
