7873646
1
	11.7542129	47.558932
	11.7543205	47.5588435
	11.7546535	47.5587232
	11.7547981	47.5585734
	11.755205	47.5585167
	11.7558742	47.5579924
	11.7568327	47.5579607
	11.7574952	47.5583737
	11.7579694	47.5583964
	11.7591397	47.5584645
	11.7598527	47.5582534
	11.7604008	47.5581014
	11.7611945	47.5581263
	11.7615611	47.5580356
	11.7619411	47.5580197
	11.7623211	47.5579902
	11.7624321	47.5579357
	11.7625901	47.5577859
	11.7633468	47.5578268
	11.7641237	47.5576724
	11.7646954	47.5575476
	11.7652705	47.5574977
	11.7655294	47.5575158
	11.7662794	47.557273
	11.7672748	47.5573524
	11.7674867	47.5573161
	11.767638	47.5574818
	11.7679407	47.5576089
	11.7685326	47.5575907
	11.7689428	47.5577065
	11.7691043	47.5579334
	11.7698206	47.5584531
	11.7706782	47.5584554
	11.7719191	47.5586438
	11.7724774	47.5585099
	11.7742059	47.5585507
	11.7755545	47.558174
	11.7758202	47.5578472
	11.7764524	47.5575862
	11.7775286	47.5576634
	11.7778279	47.5573797
	11.7780667	47.5569485
	11.7790756	47.5566443
	11.7795901	47.5562063
	11.7806831	47.5563833
	11.7811808	47.5566965
	11.7823309	47.5568191
	11.7836123	47.5570574
	11.7845337	47.5570188
	11.7851962	47.5573797
	11.7859193	47.5573842
	11.7864843	47.5574024
	11.7871299	47.5574137
	11.7880279	47.5573116
	11.7890569	47.5571981
	11.7895479	47.5571391
	11.7907687	47.5570029
	11.791522	47.5569167
	11.7926621	47.5567941
	11.7935264	47.5567737
	11.7946799	47.5567397
	11.7949994	47.5563697
	11.7955677	47.555741
	11.7960116	47.5552463
	11.7974745	47.5544042
	11.7984296	47.5533103
	11.7978546	47.5528677
	11.7976023	47.5526815
	11.7972963	47.5524523
	11.7959107	47.551415
	11.795302	47.5509656
	11.7937853	47.5498829
	11.7927058	47.5491066
	11.791448	47.5482145
	11.7904896	47.5475154
	11.7898372	47.5470455
	11.789289	47.5466732
	11.7886904	47.546226
	11.7897598	47.5463872
	11.790503	47.5464825
	11.7914211	47.5466097
	11.7926486	47.5465302
	11.7933919	47.5464848
	11.7938896	47.5464576
	11.7944613	47.5464213
	11.7961428	47.5463236
	11.7973736	47.5462465
	11.801796	47.5459763
	11.8026636	47.5454429
	11.8034001	47.5449889
	11.8040593	47.5445961
	11.8046243	47.5438334
	11.8053204	47.5429004
	11.8059392	47.5420763
	11.8066824	47.5419128
	11.8073853	47.5417517
	11.8081924	47.5415723
	11.8076913	47.5411342
	11.8070524	47.5405666
	11.8066622	47.5402215
	11.8062506	47.5398716
	11.8060435	47.5396676
	11.805919	47.5395586
	11.8061242	47.5391999
	11.8065143	47.5385778
	11.8072037	47.5374653
	11.8078515	47.5374668
	11.8085489	47.5374631
	11.8091778	47.5374653
	11.8099445	47.5374608
	11.8107113	47.5371997
	11.8111788	47.5370317
	11.8125172	47.537177
	11.8129342	47.5372224
	11.8155977	47.5370816
	11.8184832	47.5369295
	11.821752	47.536757
	11.8226096	47.5369432
	11.8235647	47.5371452
	11.8241936	47.5372928
	11.8266418	47.5378331
	11.8282998	47.5378581
	11.8291439	47.5378831
	11.8301965	47.5379103
	11.8317132	47.5379467
	11.832174	47.5379626
	11.8327591	47.5379671
	11.8334351	47.5372111
	11.8347366	47.5357307
	11.8366434	47.533551
	11.8379247	47.532111
	11.8395255	47.5302536
	11.8401174	47.5296178
	11.8407563	47.5288821
	11.8409514	47.5282508
	11.8426194	47.5233321
	11.8434602	47.5217878
	11.843292	47.5217105
	11.8426531	47.5208339
	11.8423263	47.5191923
	11.8421755	47.5186218
	11.8412002	47.5183175
	11.8398012	47.5179041
	11.8377095	47.5175134
	11.8360481	47.517895
	11.8354697	47.5179086
	11.8346558	47.517786
	11.8332098	47.5175316
	11.8331425	47.5171728
	11.8329878	47.5164732
	11.831952	47.5156601
	11.8315686	47.5146289
	11.8315753	47.5140701
	11.8317637	47.513525
	11.8316291	47.5129662
	11.8320529	47.5122393
	11.8325103	47.5113852
	11.8330685	47.5103767
	11.8341581	47.5090592
	11.835167	47.5076144
	11.8349518	47.5069102
	11.8347702	47.5062923
	11.8347702	47.5058515
	11.83475	47.5045612
	11.8343599	47.5036752
	11.8343397	47.502512
	11.8342187	47.5022121
	11.834064	47.5018258
	11.83475	47.5013215
	11.834824	47.5004627
	11.8343397	47.4992585
	11.8343666	47.4988995
	11.8343868	47.4985042
	11.8349854	47.4961184
	11.8355975	47.4939326
	11.8359002	47.492701
	11.833203	47.4886197
	11.8323354	47.4873153
	11.8308019	47.4843472
	11.8325977	47.4838245
	11.8333645	47.4837927
	11.8338487	47.4836745
	11.8363306	47.4825336
	11.8370772	47.4824154
	11.8390681	47.4838018
	11.8406084	47.4842791
	11.8409379	47.4844518
	11.8443211	47.4838109
	11.8447381	47.4837427
	11.8465474	47.4824654
	11.8528833	47.4846881
	11.8554459	47.485129
	11.859051	47.4840654
	11.8622055	47.48292
	11.8650977	47.4815199
	11.8660192	47.4811745
	11.8662479	47.4811608
	11.8662882	47.4809699
	11.8660125	47.4807835
	11.8658779	47.4800744
	11.8659048	47.4793471
	11.8660326	47.4789425
	11.8662277	47.4785925
	11.8665573	47.4783743
	11.866833	47.4778924
	11.8671424	47.4764695
	11.8671424	47.4761604
	11.8673778	47.4750239
	11.8673577	47.4745238
	11.8671491	47.4738691
	11.8667927	47.47351
	11.8666716	47.473119
	11.8665102	47.4728507
	11.8664698	47.4726461
	11.8665304	47.4718687
	11.8666312	47.471746
	11.8672097	47.4713368
	11.8677007	47.4711049
	11.8687567	47.470482
	11.8692813	47.4700956
	11.8695032	47.4696591
	11.869288	47.4692226
	11.8687029	47.4684497
	11.8693082	47.4680632
	11.8700682	47.4681178
	11.8713596	47.4684679
	11.8718035	47.4685224
	11.8724291	47.4687543
	11.8734043	47.4689089
	11.8738751	47.4689043
	11.8745276	47.4690407
	11.8747899	47.4690453
	11.8751329	47.469259
	11.8788524	47.4703456
	11.8818724	47.4712413
	11.8831637	47.4724916
	11.8849932	47.4734054
	11.886668	47.4733281
	11.8873339	47.4722642
	11.8875895	47.4726052
	11.8882688	47.4730371
	11.8892575	47.4734054
	11.8897014	47.4737282
	11.8900444	47.4741373
	11.8913964	47.4749147
	11.8917797	47.4749829
	11.8920286	47.4749738
	11.8922102	47.4750511
	11.892338	47.4752102
	11.892829	47.4753875
	11.8937621	47.4758267
	11.8943861	47.4760102
	11.8949063	47.4761462
	11.8950567	47.4761721
	11.8955769	47.4762617
	11.8958074	47.4762713
	11.8969929	47.4763208
	11.8976148	47.4763477
	11.8981471	47.4765622
	11.8982213	47.476592
	11.8991361	47.4770994
	11.900625	47.477837
	11.901355	47.4782214
	11.901115	47.4786273
	11.9012906	47.478823
	11.90132	47.4788557
	11.9015597	47.4790208
	11.9019109	47.4791813
	11.9021791	47.4793648
	11.9023404	47.479493
	11.9027022	47.4797181
	11.9029628	47.4798451
	11.9033691	47.4800432
	11.9041344	47.4806161
	11.9048857	47.4810359
	11.9050855	47.4811701
	11.9054825	47.4813218
	11.9057116	47.4814257
	11.9061555	47.4815948
	11.9063005	47.481664
	11.9069004	47.4819657
	11.907001	47.4819885
	11.9074314	47.4820376
	11.9080801	47.4819893
	11.9085761	47.4819779
	11.9090809	47.48202
	11.9094622	47.4821292
	11.9096584	47.482177
	11.9098737	47.4821769
	11.9100887	47.4821768
	11.9104239	47.482192
	11.9105471	47.4822427
	11.9106142	47.4822703
	11.9108051	47.4824576
	11.910862	47.4826025
	11.910936	47.4827487
	11.9110183	47.4827425
	11.9113617	47.4827161
	11.9118248	47.4826748
	11.9124151	47.4827336
	11.913054	47.482876
	11.9139423	47.4832269
	11.9143867	47.4834448
	11.9144675	47.4834844
	11.9145379	47.4835189
	11.9145803	47.4835397
	11.9146665	47.4835999
	11.9151785	47.4839575
	11.9152466	47.4840051
	11.9153635	47.4841177
	11.9154627	47.4842665
	11.915509	47.48428
	11.9155912	47.4843037
	11.9158816	47.4843877
	11.915928	47.4844012
	11.9161039	47.4844521
	11.9162765	47.4844407
	11.9163273	47.4844373
	11.9167355	47.4844104
	11.9168278	47.4844105
	11.9169431	47.4844107
	11.9171013	47.484411
	11.9172537	47.4844823
	11.9174698	47.4845833
	11.9176266	47.4845967
	11.918053	47.4846332
	11.9182808	47.4846526
	11.9184924	47.4846458
	11.9189069	47.4846324
	11.9189648	47.4846428
	11.9193665	47.4847152
	11.9197076	47.4847766
	11.9197901	47.4847732
	11.9203355	47.4847507
	11.9206554	47.4849249
	11.9208746	47.4850442
	11.9209828	47.4850812
	11.9212793	47.4851828
	11.9213186	47.4851951
	11.9217026	47.4853146
	11.921972	47.4853985
	11.9222272	47.4854399
	11.922496	47.4854816
	11.9226471	47.4855157
	11.9227815	47.4855461
	11.923041	47.4856048
	11.9234967	47.485795
	11.9237978	47.4858916
	11.9241621	47.486041
	11.9244238	47.4861485
	11.9251873	47.4870488
	11.9252449	47.4870984
	11.9255962	47.4874008
	11.9258478	47.4876174
	11.9265377	47.4880239
	11.9271111	47.4881378
	11.9272115	47.4881577
	11.927546	47.4882242
	11.9283019	47.4885263
	11.9286481	47.4886974
	11.9287544	47.4887499
	11.9291986	47.4889693
	11.9298999	47.4890479
	11.9309781	47.4891686
	11.9315825	47.4892363
	11.9326645	47.4893575
	11.93344	47.4894447
	11.9340122	47.4895502
	11.9346321	47.4898595
	11.9346681	47.4898716
	11.9354633	47.4901394
	11.9361269	47.4904294
	11.936218	47.4904684
	11.938729	47.4915421
	11.9392082	47.4915701
	11.9404712	47.4916441
	11.9410719	47.4916805
	11.9413178	47.491654
	11.9417981	47.4917536
	11.9431401	47.4920321
	11.9434225	47.4922217
	11.9437145	47.4923475
	11.9439057	47.4925983
	11.9440919	47.4928425
	11.9441614	47.4929336
	11.9443682	47.4933821
	11.9445354	47.4937445
	11.9446388	47.4939689
	11.9453653	47.4942104
	11.9461531	47.4944723
	11.9470668	47.4945672
	11.9474214	47.4946371
	11.9481097	47.4947727
	11.9484199	47.4948783
	11.9486796	47.4949669
	11.9487766	47.4951814
	11.9490443	47.4957738
	11.9491439	47.495994
	11.9491843	47.4964086
	11.9492144	47.4967181
	11.9492335	47.4969141
	11.9493483	47.4969342
	11.9495603	47.4969712
	11.9496241	47.4969824
	11.9497415	47.4973747
	11.9497516	47.4974083
	11.9498384	47.4976979
	11.9490556	47.4984197
	11.9498114	47.4987307
	11.950255	47.4989133
	11.9506948	47.4990941
	11.9510052	47.4992218
	11.9511355	47.4992284
	11.9512425	47.4992339
	11.9516462	47.4992544
	11.9521004	47.4992775
	11.9521663	47.4992792
	11.9526505	47.4992916
	11.9529025	47.4992981
	11.9531793	47.4993051
	11.953213	47.4993061
	11.9536465	47.499401
	11.9541241	47.4995057
	11.954333	47.4995514
	11.9546471	47.4995586
	11.9551384	47.4995697
	11.9555865	47.4995798
	11.9556374	47.499581
	11.9556747	47.4995818
	11.9561203	47.4996306
	11.9563158	47.4996521
	11.9565919	47.4996962
	11.9567148	47.4997158
	11.9571089	47.4997728
	11.9572834	47.4997981
	11.957576	47.500045
	11.9578793	47.5003007
	11.9580422	47.5004381
	11.9581897	47.5006534
	11.9584133	47.5009798
	11.9585308	47.5011512
	11.9586608	47.5013409
	11.9589853	47.5018145
	11.9590046	47.5018426
	11.9591878	47.5020193
	11.9594212	47.5022445
	11.959926	47.5028939
	11.9602706	47.5042125
	11.9604392	47.5048578
	11.9608877	47.5065369
	11.9610087	47.5069901
	11.9610191	47.507029
	11.9611237	47.5074203
	11.9615534	47.5090289
	11.9616134	47.5099164
	11.9616899	47.5110438
	11.9619025	47.5141806
	11.9614256	47.5155379
	11.9606257	47.5178145
	11.9596934	47.5200144
	11.959311	47.5209167
	11.9584779	47.5228823
	11.9584145	47.5230319
	11.9583424	47.5232021
	11.9581628	47.5236257
	11.9581279	47.5237667
	11.9581097	47.5238406
	11.95795	47.5244907
	11.9574553	47.5265051
	11.9572729	47.5272382
	11.9568441	47.5289746
	11.9565334	47.5302327
	11.9561876	47.5316406
	11.9557364	47.5334585
	11.9552158	47.5355555
	11.9551943	47.5356423
	11.9549111	47.536732
	11.954868	47.5369108
	11.9548565	47.5369535
	11.9564212	47.5372721
	11.9571267	47.5372619
	11.9575492	47.5374709
	11.9587724	47.5377337
	11.9591435	47.5378671
	11.9594203	47.538
	11.9596284	47.5381
	11.9602219	47.5383161
	11.9606351	47.5384448
	11.9607103	47.538537
	11.9608	47.5385647
	11.9609691	47.5385123
	11.9611535	47.538492
	11.961331	47.538562
	11.9617965	47.5389292
	11.9620933	47.5392635
	11.9623803	47.5394072
	11.9628382	47.5395828
	11.9630886	47.5396788
	11.9634702	47.5399821
	11.9640964	47.5401796
	11.964129	47.5402299
	11.9640946	47.5405174
	11.9641762	47.540745
	11.9643827	47.5409472
	11.964782	47.541205
	11.9642031	47.5417134
	11.9634211	47.5429783
	11.9632943	47.5437677
	11.9628505	47.5453132
	11.9621037	47.5468016
	11.9608145	47.5489224
	11.9604834	47.5492932
	11.9591167	47.5517182
	11.9588983	47.5523173
	11.9588772	47.5528022
	11.9590815	47.5534156
	11.9590533	47.5541668
	11.9584616	47.5549132
	11.9582854	47.5554743
	11.9559466	47.5559212
	11.9534316	47.5565963
	11.9518747	47.5567722
	11.9515154	47.5568958
	11.9494654	47.5571763
	11.9476619	47.5578181
	11.9466404	47.5585835
	11.9461262	47.5587499
	11.9458091	47.5589591
	11.9452174	47.5614311
	11.9456823	47.5641788
	11.9458165	47.5648168
	11.9457417	47.5650184
	11.9439883	47.5670217
	11.9431116	47.5680166
	11.9426084	47.568598
	11.9408101	47.5706683
	11.9381999	47.5736527
	11.9367752	47.5752792
	11.9324314	47.5760186
	11.9289942	47.5766201
	11.9258261	47.5767041
	11.9266779	47.5871844
	11.9253379	47.5877286
	11.9243316	47.5879638
	11.9227774	47.5881822
	11.9217114	47.588404
	11.9205109	47.5885215
	11.9198434	47.5886627
	11.9191659	47.5887097
	11.9185482	47.5885316
	11.9177263	47.5883569
	11.917278	47.5881352
	11.9167599	47.5880982
	11.9159878	47.5882427
	11.9151758	47.5883368
	11.9144286	47.5882729
	11.9138657	47.5883536
	11.9128943	47.5887937
	11.9123613	47.5889549
	11.9118383	47.5889684
	11.9108968	47.58875
	11.9102243	47.5887769
	11.9091085	47.5886996
	11.9080125	47.5883737
	11.9068818	47.5882897
	11.9062491	47.5881721
	11.9055766	47.5879134
	11.9050885	47.5877858
	11.904396	47.5877488
	11.9039178	47.5876615
	11.9023238	47.5872784
	11.9013424	47.5868652
	11.8988916	47.5871709
	11.8983287	47.5872314
	11.8975167	47.5872684
	11.8971033	47.5871911
	11.8967097	47.5867745
	11.8960123	47.5867644
	11.8951655	47.5868618
	11.8949612	47.5869593
	11.8952302	47.5871776
	11.895554	47.5876379
	11.8955391	47.5879336
	11.8953946	47.5883267
	11.8948168	47.5896504
	11.8945079	47.5907322
	11.8942041	47.5911118
	11.8938255	47.591431
	11.8933722	47.5921566
	11.8932476	47.5929797
	11.8924556	47.5939909
	11.8921019	47.5947098
	11.8921368	47.5958116
	11.8920421	47.5963894
	11.8916287	47.5972057
	11.891265	47.5976021
	11.8911305	47.5980522
	11.8912003	47.5986703
	11.8912949	47.5989894
	11.8912451	47.5994126
	11.8906972	47.5999332
	11.8906075	47.6003867
	11.8906872	47.6006823
	11.891001	47.6009712
	11.8913946	47.6010417
	11.8920123	47.6010786
	11.8924506	47.6012231
	11.8937109	47.6022072
	11.8943635	47.6024625
	11.8952801	47.6028991
	11.8959326	47.6033795
	11.8962514	47.6038799
	11.8961717	47.6043165
	11.8947869	47.6052738
	11.8947022	47.6056835
	11.8947869	47.6060194
	11.8954893	47.6065164
	11.8956686	47.6068019
	11.8956238	47.6070538
	11.8950559	47.6072587
	11.8944681	47.6073494
	11.8942389	47.6079438
	11.8942357	47.6084347
	11.8938462	47.6083452
	11.8928853	47.6081334
	11.8916542	47.6078593
	11.890243	47.6075451
	11.888001	47.607047
	11.8876894	47.6069776
	11.8851679	47.6064158
	11.8833422	47.6060112
	11.8832019	47.60598
	11.8823056	47.6057812
	11.8755317	47.6042769
	11.8705377	47.6031658
	11.8692392	47.6028768
	11.8689339	47.6028089
	11.8673819	47.6024632
	11.866436	47.6022525
	11.8649601	47.6019237
	11.8649569	47.6018868
	11.8649509	47.6018549
	11.8649558	47.6017943
	11.8649519	47.6017588
	11.8649375	47.6017278
	11.8649178	47.6017081
	11.8648829	47.601687
	11.8648532	47.6016604
	11.864837	47.6016384
	11.8648157	47.6016119
	11.8647761	47.6015851
	11.8646945	47.6015383
	11.8646756	47.6015291
	11.8646181	47.6015008
	11.8645768	47.6014637
	11.8645672	47.6014419
	11.8645526	47.6014188
	11.8645215	47.6013853
	11.8644993	47.6013358
	11.8644792	47.6012053
	11.8644753	47.6011675
	11.864459	47.6011444
	11.8644326	47.6011235
	11.8643875	47.6011046
	11.864352	47.6011053
	11.8643557	47.6010928
	11.8643308	47.6010799
	11.8642895	47.6010531
	11.8642504	47.6009966
	11.864225	47.6009986
	11.8641828	47.6010026
	11.8641218	47.6010099
	11.8640795	47.6010116
	11.8640561	47.6010044
	11.8640281	47.6009858
	11.8639925	47.6009876
	11.8639619	47.6009918
	11.8639399	47.6009916
	11.863925	47.6009846
	11.8638938	47.6009533
	11.8638491	47.6009207
	11.8638008	47.6009108
	11.8637415	47.6009068
	11.8636709	47.6008955
	11.863609	47.6008776
	11.8635552	47.6008644
	11.8635061	47.6008752
	11.8634263	47.6008914
	11.8633213	47.6009082
	11.8632363	47.6009233
	11.863182	47.6009374
	11.863087	47.600958
	11.8629583	47.6009724
	11.8628725	47.6009655
	11.8628018	47.600951
	11.862733	47.6009421
	11.8626758	47.6009333
	11.8626284	47.6009397
	11.8625807	47.6009539
	11.8625409	47.60099
	11.8625221	47.6010011
	11.8625014	47.6010135
	11.8624302	47.6010298
	11.8624024	47.6010556
	11.8622028	47.6010783
	11.8621863	47.6010587
	11.8621715	47.6010425
	11.862145	47.6010297
	11.8621457	47.601001
	11.8621189	47.6009949
	11.8620921	47.6009866
	11.8620574	47.6009599
	11.8620097	47.6009193
	11.861981	47.60092
	11.8619669	47.600937
	11.8618926	47.6009418
	11.8618288	47.6009845
	11.8617501	47.6010269
	11.8617092	47.6010401
	11.8616569	47.6010383
	11.8615306	47.6010275
	11.8614881	47.6010453
	11.861397	47.601035
	11.8612381	47.6010479
	11.8610894	47.6010617
	11.8608354	47.6010851
	11.8607069	47.6010938
	11.8605803	47.6010967
	11.8605478	47.6011147
	11.8605036	47.6011289
	11.8604509	47.6011385
	11.8603226	47.6011392
	11.8602822	47.6011376
	11.8602286	47.6011221
	11.8602052	47.6011172
	11.85997	47.601136
	11.8599274	47.6011514
	11.8599045	47.6011843
	11.8598537	47.60125
	11.8598483	47.6012635
	11.8597682	47.60129
	11.8596967	47.6013131
	11.859623	47.6013568
	11.859572	47.601371
	11.8595141	47.6013874
	11.8594188	47.6014148
	11.8593442	47.6014299
	11.8592863	47.6014486
	11.8592485	47.6014744
	11.8592117	47.6015197
	11.8591938	47.6015595
	11.8591703	47.6016129
	11.8591339	47.6016501
	11.8590894	47.6016736
	11.8590204	47.6017253
	11.8589617	47.6017715
	11.8589016	47.6018073
	11.8588489	47.6018215
	11.8587643	47.6018319
	11.8587203	47.6018382
	11.8586849	47.601832
	11.8586363	47.6018234
	11.8586078	47.6018173
	11.8585839	47.6018273
	11.8585512	47.6018509
	11.8585152	47.6018698
	11.8584797	47.6018706
	11.8583462	47.6018746
	11.858213	47.6018706
	11.8581276	47.6018513
	11.8580519	47.6018378
	11.8579999	47.6018302
	11.8579678	47.6018321
	11.8578482	47.6018797
	11.857764	47.6018788
	11.857728	47.6018977
	11.8576887	47.601912
	11.8574202	47.6019167
	11.85738	47.6019127
	11.8573496	47.6019066
	11.8573175	47.6019155
	11.8572782	47.601932
	11.8571308	47.6019285
	11.8570755	47.6019272
	11.8570314	47.6019403
	11.8570106	47.6019618
	11.8569773	47.6020002
	11.8569395	47.6020306
	11.8569105	47.6020383
	11.8568703	47.6020332
	11.8568082	47.6020153
	11.8567643	47.602017
	11.8567099	47.6020346
	11.8566173	47.6020507
	11.8565479	47.6020596
	11.8564516	47.6020581
	11.8563771	47.6020589
	11.8563029	47.602052
	11.8562389	47.6020414
	11.8561983	47.6020242
	11.8561647	47.6020115
	11.8561327	47.6019829
	11.8560858	47.6019279
	11.8560541	47.6018559
	11.8560391	47.6018136
	11.8560378	47.6017691
	11.8560261	47.6017485
	11.8560008	47.6017359
	11.855962	47.6017357
	11.855921	47.6017448
	11.8558859	47.6017525
	11.8558233	47.6017684
	11.8557639	47.6018001
	11.8557197	47.601841
	11.8556584	47.6018829
	11.8556451	47.6018921
	11.855562	47.6019273
	11.8554823	47.6019647
	11.8554146	47.6019793
	11.8553301	47.6019984
	11.8553114	47.6020097
	11.8552944	47.6020325
	11.8552737	47.6020735
	11.8552328	47.6021441
	11.8551903	47.6021872
	11.8551443	47.6022443
	11.8551238	47.6022807
	11.8550915	47.6022988
	11.8550508	47.6023192
	11.8549553	47.6023579
	11.8548211	47.6020421
	11.8541853	47.6005462
	11.8538516	47.5997612
	11.8535977	47.5991639
	11.8535975	47.5991636
	11.853028	47.597824
	11.8529467	47.5976018
	11.8525707	47.5965743
	11.8525307	47.5964642
	11.8521867	47.59552
	11.8516498	47.5940464
	11.8515727	47.5938349
	11.8515061	47.593652
	11.8514121	47.5933854
	11.8513311	47.5931693
	11.8512977	47.5930796
	11.8506479	47.5913046
	11.8494596	47.5880653
	11.8492349	47.5874443
	11.848799	47.5862394
	11.8486707	47.5858892
	11.8477696	47.5834223
	11.8474111	47.5824408
	11.8473879	47.5823764
	11.8473746	47.5823401
	11.8473688	47.5823238
	11.8472579	47.5823192
	11.8470831	47.5822983
	11.8469068	47.5822705
	11.8467959	47.5822563
	11.8466584	47.5822257
	11.8465077	47.5821914
	11.8463816	47.5821759
	11.8462213	47.5821791
	11.8460546	47.5821664
	11.8458982	47.5821481
	11.845698	47.5821314
	11.8455313	47.5821232
	11.8453703	47.5820888
	11.8452107	47.5820167
	11.8451233	47.5819525
	11.8450681	47.5818773
	11.8450526	47.5818406
	11.8450489	47.5818166
	11.8450343	47.5817202
	11.8449971	47.5816146
	11.8449355	47.581536
	11.8447903	47.5814332
	11.8447818	47.581429
	11.8447173	47.5813967
	11.8445631	47.5813635
	11.8444336	47.5813271
	11.8443658	47.5813079
	11.8442305	47.5812614
	11.8441671	47.5812445
	11.8441271	47.5812341
	11.8440415	47.5812118
	11.8438493	47.5812089
	11.8437817	47.5812091
	11.8435375	47.58125
	11.8432847	47.5812908
	11.8432	47.5813066
	11.8430655	47.5813412
	11.8429893	47.5813527
	11.8429304	47.5813461
	11.8428859	47.5813649
	11.8427184	47.5814309
	11.8426433	47.5814595
	11.8426161	47.5814648
	11.8425775	47.5814608
	11.8425443	47.5814444
	11.8425042	47.5814312
	11.8423042	47.5814042
	11.8421594	47.5813952
	11.8420313	47.581391
	11.8419422	47.5813805
	11.8418468	47.5813573
	11.8417792	47.5813575
	11.8416791	47.5813755
	11.8415894	47.5813855
	11.8414273	47.5813911
	11.8413615	47.5813924
	11.841299	47.5813903
	11.84125	47.5813896
	11.8412179	47.5813959
	11.841192	47.5814151
	11.8411654	47.5814546
	11.8411342	47.5814805
	11.8410691	47.5815138
	11.8410087	47.5815507
	11.8409589	47.5815785
	11.8409111	47.5815994
	11.840804	47.5816219
	11.8407174	47.5816388
	11.8406427	47.5816538
	11.8406123	47.5816568
	11.8405672	47.5816469
	11.8405203	47.581629
	11.8404746	47.5816364
	11.8404184	47.5816503
	11.840391	47.5816597
	11.8403905	47.5816599
	11.840357	47.5816712
	11.8402926	47.581698
	11.8396777	47.582171
	11.8396125	47.5821729
	11.8388527	47.5821932
	11.8371605	47.5818898
	11.8352452	47.5818357
	11.8342322	47.5819599
	11.8333715	47.5820077
	11.8328133	47.5820525
	11.8319267	47.5821248
	11.8319262	47.5821248
	11.8318543	47.5821307
	11.8306821	47.5819885
	11.8298759	47.5820762
	11.8294452	47.5821237
	11.8292943	47.5827815
	11.8288151	47.5841606
	11.828395	47.5853716
	11.8274462	47.5855079
	11.8258987	47.5852602
	11.8246052	47.5849087
	11.8222566	47.5853097
	11.8206219	47.5851562
	11.8187872	47.5850259
	11.8177756	47.584668
	11.8170056	47.5843955
	11.815068	47.5847777
	11.8127156	47.5847943
	11.8107791	47.585421
	11.809954	47.5855095
	11.8090738	47.585605
	11.8041185	47.5861346
	11.8030367	47.5862501
	11.8014507	47.58642
	11.797936	47.5867963
	11.7970484	47.5868911
	11.7968621	47.5869111
	11.7964576	47.5869542
	11.7953121	47.5870768
	11.7929497	47.5873295
	11.7928377	47.5873416
	11.791787	47.5874541
	11.789562	47.587692
	11.786242	47.5890589
	11.7853789	47.5894143
	11.7840852	47.5899469
	11.7839045	47.5900214
	11.7834304	47.5902166
	11.7830093	47.5903897
	11.7829568	47.5904113
	11.7817696	47.5909
	11.7810482	47.5911967
	11.7808186	47.5911625
	11.7802999	47.5910851
	11.7784748	47.5908129
	11.7783476	47.5907939
	11.7781675	47.5907324
	11.7781204	47.5907196
	11.7780008	47.5907034
	11.7778253	47.5906732
	11.7776399	47.5906304
	11.7775303	47.5906141
	11.777446	47.5906082
	11.7773682	47.5906045
	11.7771404	47.5906039
	11.7770097	47.5906045
	11.7768265	47.5906053
	11.7766847	47.5906004
	11.7765716	47.590599
	11.77645	47.5906134
	11.7763317	47.59062
	11.7762658	47.5906414
	11.7761779	47.5906846
	11.7761492	47.5906891
	11.7758456	47.5906357
	11.7758411	47.5906349
	11.775768	47.5906207
	11.7757007	47.5905896
	11.7756755	47.5905769
	11.7756266	47.5905677
	11.7755642	47.5905596
	11.7754194	47.5905123
	11.7752491	47.5904513
	11.7750523	47.5903887
	11.7752817	47.5894013
	11.7755121	47.5882279
	11.7758555	47.5868674
	11.7760701	47.5860797
	11.7762111	47.5855028
	11.776582	47.5833483
	11.7766586	47.5828975
	11.7768548	47.5817541
	11.777002	47.5809269
	11.7772257	47.5796573
	11.777372	47.5787593
	11.777476	47.57823
	11.7775418	47.5778246
	11.7776174	47.5774201
	11.7768418	47.5773994
	11.7762717	47.5773766
	11.7758164	47.5768865
	11.7749944	47.5768569
	11.7741881	47.5765881
	11.7735983	47.576677
	11.7731309	47.5766325
	11.7725614	47.5763144
	11.7721472	47.5765613
	11.7716527	47.5766545
	11.7701533	47.5760913
	11.7694565	47.5758032
	11.768901	47.5756819
	11.7687148	47.5753808
	11.7683616	47.5750602
	11.7676263	47.5747592
	11.7669627	47.5745542
	11.766464	47.5744017
	11.7663067	47.5742306
	11.7662168	47.5737476
	11.7661557	47.5733707
	11.7659727	47.5732688
	11.7659246	47.5729591
	11.7658636	47.5726558
	11.7660209	47.5722096
	11.7658925	47.5719734
	11.7657223	47.5716463
	11.7655971	47.5715229
	11.7650833	47.5711221
	11.7650544	47.5706542
	11.7650352	47.5703076
	11.7650994	47.5699501
	11.7652716	47.5693615
	11.7654031	47.5688583
	11.7652552	47.5684791
	11.7648904	47.5683018
	11.7643252	47.5681887
	11.7640886	47.5678517
	11.7637239	47.567763
	11.7635234	47.5674615
	11.7636253	47.5666965
	11.7635366	47.5664039
	11.7634249	47.5660003
	11.7632836	47.5655059
	11.7633657	47.5650846
	11.7626559	47.5648429
	11.7622945	47.5643374
	11.7619724	47.5638984
	11.7623207	47.5634815
	11.7621334	47.5632065
	11.7618738	47.5628429
	11.7610655	47.5622708
	11.7600468	47.5621489
	11.759705	47.5621577
	11.7589492	47.5619848
	11.757924	47.5617586
	11.7576283	47.5616278
	11.7572832	47.5614725
	11.7570696	47.5611688
	11.7568396	47.5608761
	11.7563697	47.560621
	11.7558505	47.5603328
	11.7555909	47.560009
	11.7551637	47.5599735
	11.7548055	47.5598338
	11.7546018	47.5596298
	11.754492	47.5590659
	11.7542129	47.558932
END
END
