7873248
1
	14.1566258	48.5638605
	14.1568337	48.5635429
	14.1568132	48.5632711
	14.15698	48.562911
	14.1576114	48.5622366
	14.1575698	48.5618642
	14.1573034	48.5617389
	14.1570673	48.5611648
	14.1575755	48.5609932
	14.1581684	48.560555
	14.1585611	48.5604055
	14.1591232	48.5600471
	14.1590975	48.5598279
	14.1595133	48.5591315
	14.1597135	48.5587934
	14.1597161	48.5586779
	14.1597957	48.558508
	14.1600985	48.5583076
	14.1604039	48.5580392
	14.1605246	48.5577385
	14.1609583	48.557465
	14.1608807	48.557061
	14.1605528	48.556743
	14.1604719	48.5565732
	14.1603115	48.5564474
	14.1602294	48.5562588
	14.1602679	48.5560584
	14.160232	48.5558817
	14.1601126	48.5556556
	14.1596953	48.5554527
	14.1597052	48.5552714
	14.1599132	48.5552944
	14.1612057	48.5552294
	14.161732	48.5547576
	14.1625703	48.5545052
	14.1628547	48.5542769
	14.1633722	48.5540405
	14.1638418	48.553818
	14.1631354	48.5531994
	14.1627894	48.5530056
	14.1626297	48.5527981
	14.1624493	48.5524673
	14.1622749	48.5523029
	14.1622719	48.5522011
	14.1622985	48.5520328
	14.1624079	48.5517254
	14.1634252	48.5513966
	14.1631147	48.5510814
	14.1627864	48.5509366
	14.1624286	48.5506292
	14.1621654	48.550504
	14.1615533	48.5505079
	14.1612694	48.5504981
	14.1610003	48.5503924
	14.1606662	48.5503963
	14.1604059	48.550226
	14.1601611	48.5497292
	14.1603725	48.5495167
	14.1603951	48.5494308
	14.1603161	48.5493018
	14.1601269	48.5491205
	14.1598417	48.5488383
	14.1596723	48.548571
	14.1595001	48.54813
	14.1592799	48.5476552
	14.1592545	48.5473861
	14.1590851	48.5468142
	14.1589835	48.5463263
	14.1592799	48.5457507
	14.1594098	48.5454983
	14.1595312	48.5453114
	14.159709	48.5451451
	14.1602681	48.5446385
	14.1604375	48.5444329
	14.1609174	48.5436815
	14.1612217	48.5432258
	14.161612	48.5434068
	14.1618059	48.5436165
	14.1618985	48.5436469
	14.1620129	48.543775
	14.1621032	48.5439376
	14.1622086	48.5439268
	14.162459	48.5439507
	14.1629728	48.5439488
	14.1632721	48.5440348
	14.1638339	48.5440516
	14.1645341	48.544246
	14.1654432	48.5441582
	14.1657905	48.5441899
	14.1662196	48.5441582
	14.1666431	48.5439638
	14.1669226	48.5438871
	14.1672218	48.5438487
	14.1673177	48.5439541
	14.1674195	48.5440161
	14.1675862	48.544192
	14.1677349	48.5442659
	14.1677115	48.544373
	14.1678939	48.5443917
	14.1679707	48.5443813
	14.1680435	48.5444292
	14.1680694	48.5444778
	14.168152	48.5445243
	14.1682078	48.5445899
	14.1682904	48.5446172
	14.1683792	48.5447444
	14.1684641	48.544775
	14.1685658	48.5449563
	14.1686084	48.5449659
	14.168691	48.5450958
	14.1688566	48.5452329
	14.168943	48.545242
	14.1690024	48.5453453
	14.169164	48.545387
	14.1693457	48.5455401
	14.1692773	48.5455824
	14.1693478	48.5455961
	14.1692123	48.5456759
	14.1693333	48.545778
	14.1693126	48.5458286
	14.1694902	48.5458463
	14.1695026	48.5458942
	14.1694043	48.545932
	14.1694076	48.545968
	14.1695133	48.5459815
	14.1696076	48.5459936
	14.1698306	48.5459936
	14.1702965	48.5460721
	14.1702543	48.5462455
	14.1704051	48.5461895
	14.1704691	48.5461963
	14.1705336	48.5462385
	14.1706268	48.5463618
	14.1705517	48.5464205
	14.1705669	48.5465749
	14.1703953	48.5466254
	14.1704094	48.5467357
	14.1704602	48.5467824
	14.1705788	48.5467843
	14.1707538	48.5467469
	14.1707231	48.5468211
	14.1707154	48.5468748
	14.1705827	48.5468826
	14.1705816	48.5469338
	14.1705331	48.5469838
	14.1704207	48.5469562
	14.1703679	48.547018
	14.1703827	48.5470842
	14.1703558	48.5471711
	14.1704376	48.5471917
	14.1705063	48.5471916
	14.1705187	48.5472422
	14.1706178	48.5472804
	14.1705786	48.5473215
	14.1704939	48.5473105
	14.170434	48.5473392
	14.1705308	48.5474085
	14.170591	48.5475402
	14.1705373	48.547532
	14.1705352	48.5475771
	14.1704072	48.5475812
	14.1703901	48.5476151
	14.1704485	48.5476291
	14.1707231	48.5478519
	14.1706268	48.5478907
	14.1705786	48.5478587
	14.1705125	48.5478587
	14.1704547	48.547964
	14.1704134	48.5479804
	14.1704691	48.5480009
	14.1705765	48.5480105
	14.1705827	48.5480761
	14.1707128	48.5480583
	14.1708243	48.5481157
	14.1707562	48.5481322
	14.1707169	48.5481171
	14.1706963	48.5481513
	14.1706219	48.5481786
	14.1705207	48.5481622
	14.1704732	48.5482073
	14.1704937	48.548254
	14.1706302	48.5482948
	14.1706283	48.5483362
	14.1706921	48.5482989
	14.1708326	48.548355
	14.1707954	48.5484274
	14.1707314	48.5484179
	14.1707252	48.5484466
	14.1707686	48.5484616
	14.1707169	48.5485546
	14.1706653	48.5485532
	14.1706403	48.548447
	14.1705104	48.5484944
	14.1706736	48.5487145
	14.1707107	48.5487432
	14.1706694	48.5487555
	14.1707169	48.548884
	14.170655	48.548936
	14.1707115	48.5489785
	14.1706014	48.5491074
	14.1704235	48.5490308
	14.170403	48.5492573
	14.1704423	48.5492573
	14.1704567	48.549286
	14.1704134	48.5493324
	14.1703483	48.5493584
	14.1704038	48.5494046
	14.1705026	48.5497597
	14.1706591	48.5497863
	14.1707273	48.5498683
	14.1707975	48.5498123
	14.1709825	48.5498457
	14.1709995	48.5499223
	14.170908	48.5499517
	14.1708821	48.54999
	14.1709007	48.550016
	14.1708584	48.5500447
	14.1708048	48.5500416
	14.1708305	48.550124
	14.1708305	48.5502074
	14.1712338	48.5502905
	14.1714046	48.5504794
	14.1715359	48.5505596
	14.1715423	48.550664
	14.1715064	48.5507921
	14.1716488	48.5509465
	14.171921	48.5508287
	14.1724281	48.5505484
	14.1730774	48.5501372
	14.1731706	48.5501092
	14.1736929	48.5499148
	14.1739027	48.5498372
	14.173816	48.5496488
	14.1737053	48.5493865
	14.1735787	48.5490983
	14.1734179	48.5488457
	14.1732704	48.5485885
	14.1732878	48.5483681
	14.1733553	48.5480162
	14.1734475	48.547638
	14.1733768	48.547352
	14.173131	48.546803
	14.173129	48.5464147
	14.1730763	48.5459926
	14.1736697	48.5459002
	14.173911	48.5458466
	14.1742314	48.5457646
	14.1746605	48.5456261
	14.1747817	48.5455627
	14.1746229	48.5455305
	14.1743648	48.545128
	14.1743415	48.5448881
	14.1742503	48.5448073
	14.1739407	48.5444427
	14.1737493	48.5442587
	14.173281	48.5441098
	14.1731567	48.5440982
	14.1728265	48.5441504
	14.1725816	48.5441042
	14.1722399	48.543966
	14.1719349	48.54379
	14.1718426	48.5436531
	14.1720107	48.5435046
	14.1722163	48.5433535
	14.1722275	48.5431391
	14.1722342	48.5429005
	14.1721428	48.5426097
	14.1720584	48.5423873
	14.1719393	48.5419291
	14.1716695	48.541515
	14.1716126	48.5411726
	14.1713565	48.5405458
	14.1713903	48.5403572
	14.1715987	48.5403378
	14.1716625	48.5402477
	14.17218	48.5401553
	14.1727469	48.5400752
	14.1729264	48.5400181
	14.1732516	48.5400042
	14.1736491	48.54009
	14.1742335	48.5400551
	14.1744914	48.5400498
	14.1747247	48.5400739
	14.1750257	48.5400417
	14.1752784	48.5399426
	14.1757007	48.5397357
	14.1760353	48.5393142
	14.1761861	48.5392669
	14.176206	48.5393506
	14.1762535	48.5393998
	14.1763155	48.5394107
	14.1763741	48.5393333
	14.176646	48.5394565
	14.1767595	48.5394053
	14.1767825	48.5394848
	14.1770734	48.53946
	14.1771126	48.5393793
	14.177233	48.5394173
	14.1774121	48.5393738
	14.1775566	48.5394176
	14.1776871	48.5394062
	14.1778189	48.5392904
	14.1779002	48.5393205
	14.1780375	48.5392786
	14.1783269	48.5388672
	14.1784257	48.538692
	14.1784808	48.5385654
	14.1784906	48.5384792
	14.1784964	48.5383811
	14.1781494	48.5383386
	14.1778956	48.5381558
	14.1776044	48.5380576
	14.1773917	48.5380304
	14.1771738	48.5380391
	14.1769888	48.5380749
	14.1766242	48.5379859
	14.1763324	48.5379274
	14.1760429	48.5379231
	14.1759583	48.5378871
	14.1756021	48.5379123
	14.1752629	48.5379625
	14.1748905	48.5380379
	14.1743879	48.5381138
	14.1737152	48.5382583
	14.1734986	48.53836
	14.1733541	48.5383688
	14.1732961	48.5383861
	14.1731926	48.5383855
	14.1729862	48.5383703
	14.1726727	48.5383175
	14.172078	48.538198
	14.1717453	48.5381326
	14.171331	48.5380528
	14.1710472	48.5379713
	14.1707995	48.5378643
	14.1705824	48.5377399
	14.1700206	48.5373734
	14.1696073	48.5371015
	14.1689924	48.5366981
	14.1685813	48.536421
	14.1684975	48.5362974
	14.1683524	48.5359649
	14.1682427	48.5358307
	14.168149	48.5356901
	14.1681531	48.5355636
	14.1681304	48.5354734
	14.1681138	48.5354303
	14.1680879	48.5354363
	14.1678769	48.5353053
	14.167865	48.5352238
	14.1679001	48.535165
	14.1678235	48.535108
	14.1678154	48.5350529
	14.1679368	48.5350224
	14.1679992	48.5349982
	14.1681252	48.5349763
	14.1681872	48.5349257
	14.1682882	48.5348989
	14.1685043	48.534923
	14.1685465	48.5349681
	14.1686022	48.5349859
	14.1686642	48.5348532
	14.1687736	48.5348519
	14.1688046	48.5347794
	14.1688895	48.5348306
	14.1690574	48.5346464
	14.1690297	48.5345934
	14.1689905	48.5345784
	14.1690297	48.534458
	14.1691224	48.5344429
	14.169075	48.5343387
	14.1689466	48.5343588
	14.1689998	48.5342905
	14.1689691	48.5342674
	14.169055	48.5342563
	14.1690297	48.5342303
	14.1690246	48.5342033
	14.1690731	48.534215
	14.1690979	48.5341107
	14.1691949	48.5340492
	14.1691619	48.5340129
	14.1692162	48.5339334
	14.1692703	48.5339692
	14.1693684	48.533924
	14.1693756	48.5338905
	14.1695945	48.5337545
	14.1696513	48.5337654
	14.1697195	48.5337182
	14.1697959	48.5337381
	14.1698289	48.5337121
	14.1698076	48.53366
	14.1699497	48.5336604
	14.1698733	48.5335849
	14.1699941	48.5336225
	14.1700127	48.5335022
	14.1700974	48.5335172
	14.1700933	48.5334461
	14.170149	48.5334693
	14.1702296	48.533442
	14.170244	48.5334051
	14.1702899	48.5334148
	14.1703815	48.5333251
	14.1703824	48.5332252
	14.1704288	48.5332034
	14.170466	48.5330372
	14.1704454	48.5329777
	14.170402	48.532975
	14.170403	48.5329265
	14.1705331	48.5328348
	14.1705001	48.5327446
	14.1705809	48.532717
	14.1705517	48.5326762
	14.1705786	48.5326188
	14.1706323	48.5326297
	14.1706747	48.5324756
	14.1707458	48.5325094
	14.1707768	48.5324519
	14.1708821	48.5324492
	14.170916	48.5324169
	14.1714036	48.5324945
	14.1721106	48.5325548
	14.1721925	48.5322879
	14.1722605	48.5321493
	14.1724089	48.5320884
	14.1725978	48.5320553
	14.1727845	48.5319188
	14.1730396	48.5317903
	14.1733685	48.5316517
	14.1735549	48.5317188
	14.1737903	48.5317677
	14.1739582	48.5317952
	14.1742782	48.5317808
	14.1745036	48.53181
	14.17501	48.5318561
	14.1755088	48.5319528
	14.1757207	48.531548
	14.1757746	48.5315356
	14.1758489	48.5314305
	14.1759961	48.5313105
	14.1760036	48.531243
	14.1761461	48.5311856
	14.1762928	48.531001
	14.1764564	48.5308923
	14.1767225	48.5305437
	14.176958	48.5303746
	14.1771971	48.5302969
	14.1775878	48.5302893
	14.1781823	48.5303391
	14.1787709	48.5303532
	14.179118	48.5304245
	14.1793696	48.5304309
	14.1795474	48.5303254
	14.1796891	48.5303595
	14.1800533	48.5302764
	14.180824	48.5302856
	14.1811493	48.5307549
	14.1815101	48.5308082
	14.1819118	48.5308791
	14.1825847	48.5308633
	14.1827961	48.5306323
	14.1829974	48.530325
	14.1831115	48.529944
	14.1831617	48.5297362
	14.1840135	48.5297895
	14.1843104	48.529809
	14.1843027	48.5301232
	14.184185	48.5303374
	14.1840808	48.530734
	14.1839394	48.5310762
	14.1837125	48.5313726
	14.1840692	48.5319592
	14.1844018	48.5323265
	14.1848248	48.5326509
	14.1854716	48.5326262
	14.1857579	48.5326323
	14.1867488	48.532774
	14.1870915	48.5327572
	14.1871136	48.5333508
	14.1870496	48.5335532
	14.1868452	48.5339074
	14.1868449	48.5340885
	14.187499	48.5341678
	14.1881834	48.5342295
	14.1884529	48.5344009
	14.1885782	48.5344566
	14.1889494	48.5345265
	14.1890962	48.534613
	14.1892653	48.5347872
	14.1892941	48.5348825
	14.1890902	48.5350493
	14.1890391	48.5351623
	14.1889168	48.5352457
	14.18868	48.5355253
	14.1889688	48.5356312
	14.1892742	48.535691
	14.1896021	48.5356877
	14.1898461	48.5356395
	14.1900382	48.5356217
	14.1901381	48.5356464
	14.1902117	48.5356368
	14.1904432	48.5353581
	14.1904306	48.535258
	14.1905403	48.535107
	14.1905053	48.5348873
	14.1904013	48.53469
	14.190395	48.534228
	14.1904694	48.5339958
	14.1906065	48.5337676
	14.190657	48.5336309
	14.1905772	48.5333928
	14.190565	48.5331634
	14.1904285	48.5329483
	14.1902884	48.5327936
	14.1898626	48.5324792
	14.1897842	48.5319493
	14.1897976	48.5313126
	14.1904591	48.5313357
	14.1914556	48.5313005
	14.1920244	48.5312827
	14.1922439	48.5314516
	14.1929648	48.5316173
	14.193485	48.5313182
	14.1943151	48.5308593
	14.1951206	48.5304118
	14.1960473	48.5298982
	14.196566	48.5296055
	14.1969658	48.5293836
	14.1973156	48.5291862
	14.1978543	48.5288924
	14.1976968	48.5285368
	14.1974379	48.5281513
	14.197312	48.5279494
	14.1969388	48.5275347
	14.1964921	48.5273262
	14.1954998	48.5270092
	14.1950087	48.5267096
	14.1944708	48.5264809
	14.1944777	48.5261381
	14.1945284	48.525938
	14.1945524	48.5256994
	14.1946322	48.5255935
	14.1947735	48.5254459
	14.1948393	48.5251869
	14.1947956	48.5247606
	14.1947341	48.5246344
	14.1947028	48.5245139
	14.1948066	48.5243578
	14.1958011	48.5243888
	14.1964444	48.5243079
	14.1967202	48.5242497
	14.1970208	48.5241432
	14.1971812	48.5241289
	14.1977353	48.52422
	14.1978012	48.5242919
	14.1983774	48.5241342
	14.1985758	48.5239919
	14.19877	48.5237913
	14.1989199	48.5235457
	14.1988338	48.5234054
	14.1988321	48.5233363
	14.1988425	48.5232266
	14.1990166	48.5228616
	14.1990126	48.5226688
	14.1987681	48.5220313
	14.1985141	48.5216961
	14.1983057	48.5213597
	14.199029	48.5209715
	14.1991694	48.5209791
	14.1993268	48.5210525
	14.1998279	48.5209598
	14.2001091	48.5208722
	14.2005593	48.5208115
	14.2013066	48.520736
	14.2016367	48.52065
	14.202001	48.5205923
	14.2026471	48.5208873
	14.2026757	48.5209596
	14.2031715	48.5210681
	14.2032982	48.5210658
	14.2038191	48.5209487
	14.2042953	48.5208824
	14.2045438	48.5210061
	14.2047122	48.5210371
	14.2049491	48.5210106
	14.2053296	48.5207407
	14.2060028	48.5201977
	14.2064225	48.5197773
	14.2068712	48.5194803
	14.2070779	48.5192727
	14.2074754	48.5190865
	14.2076717	48.518763
	14.2076366	48.5185242
	14.2075641	48.5182304
	14.2074133	48.5179522
	14.2075172	48.517911
	14.2076768	48.5178918
	14.2077764	48.5176961
	14.2076525	48.5175087
	14.2074607	48.5170536
	14.2073049	48.5171242
	14.2071937	48.5171192
	14.2073356	48.5167797
	14.2074593	48.5166206
	14.2075222	48.5165688
	14.2075172	48.5164933
	14.2074683	48.5164191
	14.2075381	48.5162772
	14.2077468	48.5160588
	14.2079563	48.5159743
	14.2081269	48.5159489
	14.2086208	48.5156307
	14.2093156	48.5152842
	14.2094243	48.515359
	14.209606	48.515415
	14.2098588	48.5154542
	14.2100465	48.5154327
	14.2102268	48.5152663
	14.210251	48.5152025
	14.2102163	48.5150178
	14.2103747	48.5149604
	14.2106428	48.5149319
	14.2108588	48.5149766
	14.2110741	48.5149136
	14.2112153	48.5148358
	14.2111714	48.5146664
	14.2115348	48.5143261
	14.2116799	48.5143168
	14.21184	48.5143734
	14.2121342	48.5143484
	14.2123192	48.5142747
	14.2124873	48.5141763
	14.2126028	48.5139865
	14.2128203	48.5139166
	14.2130418	48.5140256
	14.2133035	48.5141004
	14.2133879	48.5140558
	14.213587	48.5139996
	14.2141443	48.513848
	14.214552	48.5136892
	14.2147038	48.5136486
	14.2149134	48.5136168
	14.2150191	48.5136352
	14.2155059	48.5135563
	14.2154776	48.5134764
	14.2155904	48.5133692
	14.2156856	48.5132978
	14.2159715	48.5132093
	14.2164519	48.5131395
	14.2168819	48.5130229
	14.2169347	48.5129205
	14.2171996	48.5129306
	14.2173746	48.5127915
	14.2174116	48.5126819
	14.2174758	48.5125982
	14.2176582	48.5124428
	14.2180603	48.5122173
	14.2181962	48.5123969
	14.2183387	48.5124549
	14.2184795	48.5124518
	14.2187668	48.5124259
	14.21896	48.5122633
	14.2189342	48.5121773
	14.2190354	48.5120931
	14.2191816	48.5120367
	14.2197463	48.511786
	14.2199915	48.5118034
	14.2202629	48.5116071
	14.2202478	48.5114851
	14.2200741	48.5111664
	14.220154	48.5111042
	14.2202101	48.5109439
	14.2201265	48.5108425
	14.220144	48.5107525
	14.2202252	48.5106787
	14.2204881	48.5105122
	14.2205684	48.5103299
	14.220465	48.5102864
	14.220281	48.5103381
	14.2199183	48.5102569
	14.2194883	48.5100595
	14.2189496	48.5097768
	14.2187617	48.5097334
	14.2186194	48.5098721
	14.218468	48.5098516
	14.2184421	48.5096987
	14.2181492	48.509728
	14.2176961	48.5096931
	14.2175342	48.509618
	14.2171589	48.5095808
	14.2170292	48.509624
	14.2166319	48.5096217
	14.2165718	48.5095014
	14.2163607	48.5094609
	14.2162832	48.5095705
	14.2152025	48.5096828
	14.2149703	48.5096363
	14.2129696	48.5079865
	14.2123449	48.5076363
	14.2117361	48.5072773
	14.2112551	48.5069871
	14.210988	48.506865
	14.2101029	48.5066214
	14.209733	48.5065054
	14.2094605	48.506411
	14.2087025	48.5059794
	14.2076247	48.5049405
	14.2074224	48.5047425
	14.2075035	48.5046547
	14.2075817	48.5045766
	14.2076818	48.5045052
	14.2079488	48.5044542
	14.2083902	48.5043249
	14.208901	48.5040528
	14.2090961	48.5040902
	14.2098866	48.5040936
	14.2101407	48.5040596
	14.2105129	48.503978
	14.2105206	48.5039049
	14.210518	48.5038386
	14.2106976	48.5036413
	14.2108131	48.5036396
	14.2108747	48.5037076
	14.2110955	48.503762
	14.2117577	48.5035767
	14.2118706	48.5035359
	14.2121221	48.5035937
	14.2122915	48.5034474
	14.2125046	48.5033726
	14.2128151	48.5033522
	14.2128819	48.5031991
	14.212887	48.5030903
	14.2129974	48.5030155
	14.2131411	48.502961
	14.2134902	48.5029678
	14.2138418	48.502944
	14.2142627	48.5028879
	14.2146015	48.5030784
	14.2147786	48.5029661
	14.2150558	48.5031549
	14.2151585	48.503194
	14.2154331	48.5030172
	14.2152714	48.5028998
	14.2152047	48.5026719
	14.2154151	48.5026345
	14.2159798	48.5022791
	14.2162467	48.5021567
	14.2170321	48.5022162
	14.2172811	48.5021618
	14.2172349	48.5020563
	14.2173555	48.5019016
	14.2174351	48.5018624
	14.2175224	48.5018454
	14.2176866	48.5017808
	14.2178021	48.5015852
	14.2180049	48.5014186
	14.2181384	48.5013641
	14.2186466	48.5013114
	14.2188237	48.5013522
	14.2189417	48.5014645
	14.2190213	48.5014849
	14.2193267	48.5012434
	14.219994	48.5009747
	14.2204175	48.501041
	14.2203893	48.5011056
	14.220492	48.5012536
	14.2206485	48.5013505
	14.2207615	48.5013216
	14.2212209	48.5013778
	14.2212851	48.5014254
	14.2212774	48.5014866
	14.2213929	48.5015393
	14.2215161	48.5015308
	14.2217342	48.5014458
	14.2217445	48.5013641
	14.2219627	48.5012196
	14.2221141	48.5012893
	14.2222501	48.5012196
	14.2222553	48.5011533
	14.2222245	48.5011073
	14.2224016	48.5010121
	14.2225684	48.5009628
	14.2226146	48.5010291
	14.2227635	48.5009968
	14.2228456	48.5009135
	14.2227814	48.5008029
	14.2228276	48.5007553
	14.2231972	48.5006516
	14.2233281	48.5006414
	14.2239518	48.5006346
	14.2241649	48.5006669
	14.2247885	48.5005359
	14.2251633	48.5006056
	14.2252351	48.5006839
	14.2253173	48.5005614
	14.2258794	48.5007179
	14.2261614	48.5007899
	14.2262218	48.5008578
	14.226411	48.5007795
	14.2269442	48.5006298
	14.2270598	48.5006141
	14.2271359	48.5006193
	14.227157	48.500682
	14.2275641	48.5008508
	14.2277243	48.5009135
	14.2281367	48.5008735
	14.2283942	48.5008038
	14.2288302	48.5006176
	14.2292058	48.5005341
	14.2293487	48.5005377
	14.2295404	48.5006143
	14.2295326	48.5007587
	14.2299502	48.5011277
	14.2301814	48.5012461
	14.2302943	48.5012722
	14.2303889	48.5012287
	14.2306069	48.5013018
	14.2306358	48.5013697
	14.2305938	48.501481
	14.2307776	48.5014758
	14.2311428	48.5015333
	14.2315341	48.5018135
	14.2319807	48.5023321
	14.2323169	48.5026472
	14.2328344	48.5027324
	14.2332442	48.5026367
	14.233407	48.5025271
	14.2333519	48.5022695
	14.2347283	48.5016429
	14.2355636	48.501535
	14.2364908	48.5015855
	14.2367745	48.5014636
	14.2369216	48.5014306
	14.2370503	48.5014201
	14.2370897	48.501528
	14.2373603	48.5014845
	14.2374365	48.5014515
	14.2375389	48.5012705
	14.2374601	48.5012548
	14.2374548	48.5011904
	14.2380065	48.5010076
	14.2382639	48.5009763
	14.2386947	48.5009519
	14.2387498	48.5010129
	14.2391412	48.5006787
	14.239044	48.5005708
	14.2392174	48.5004785
	14.2392726	48.5005342
	14.2393461	48.5004054
	14.2394696	48.5003027
	14.239488	48.5000643
	14.2394118	48.4999929
	14.2397848	48.4996674
	14.2402182	48.499147
	14.24067	48.498738
	14.2406779	48.4986666
	14.2411743	48.4984542
	14.2419361	48.4985865
	14.2424877	48.4987554
	14.2424982	48.4988389
	14.2424378	48.498919
	14.2424614	48.4990565
	14.2425087	48.4991157
	14.2427031	48.499013
	14.2428108	48.4989816
	14.2432232	48.4990791
	14.2432731	48.4993524
	14.2434649	48.4995021
	14.2436855	48.4994951
	14.2442476	48.4996831
	14.2445996	48.4996013
	14.2450619	48.4995317
	14.2455295	48.4993228
	14.2455742	48.4990286
	14.2460522	48.4988128
	14.2464778	48.4988145
	14.2468534	48.49914
	14.2469795	48.4991783
	14.2477727	48.4990948
	14.2481011	48.4989816
	14.2488681	48.4986266
	14.2491413	48.4984281
	14.2492884	48.4983724
	14.2496141	48.4984403
	14.2499897	48.4984368
	14.2501048	48.49827
	14.250194	48.4983195
	14.2505342	48.4983354
	14.250903	48.498396
	14.2511836	48.4985613
	14.2513752	48.4986373
	14.2515463	48.4987178
	14.2517856	48.4988295
	14.2520057	48.4989207
	14.2525895	48.4990653
	14.2525397	48.4994159
	14.2524406	48.4997161
	14.2520328	48.5001663
	14.2518557	48.5004222
	14.2514712	48.5004162
	14.2513862	48.5006026
	14.2514393	48.5010089
	14.2513153	48.5011649
	14.2509841	48.5016169
	14.2507768	48.5018369
	14.2507309	48.502049
	14.2507627	48.5021915
	14.2507171	48.5023457
	14.2504633	48.5025106
	14.2502338	48.5025939
	14.2499921	48.502745
	14.2497246	48.5029224
	14.2495276	48.5032176
	14.2492187	48.503428
	14.2488986	48.5036411
	14.2485297	48.5037518
	14.2484649	48.5038222
	14.2482598	48.5041928
	14.2479068	48.5049457
	14.2477317	48.5052414
	14.2476486	48.5054416
	14.2477355	48.5058283
	14.2479227	48.5061124
	14.2480951	48.506164
	14.2482978	48.5064612
	14.2483742	48.5065381
	14.2484802	48.5066035
	14.2487005	48.5066898
	14.2489457	48.5067233
	14.2491315	48.5067056
	14.2495289	48.5067706
	14.2498395	48.5068402
	14.2501642	48.5069139
	14.2505557	48.5070446
	14.25131	48.5073171
	14.2517492	48.5073137
	14.2519723	48.5073198
	14.252491	48.5074438
	14.2526878	48.5074451
	14.2531461	48.5074024
	14.2541953	48.5083949
	14.2548188	48.5087967
	14.2554267	48.5091364
	14.2558668	48.5094892
	14.2560676	48.5092587
	14.2565037	48.5089715
	14.2571668	48.5085327
	14.2574333	48.5082446
	14.2577166	48.5079333
	14.257558	48.5075094
	14.257372	48.5071717
	14.2573948	48.5069894
	14.2576997	48.5073099
	14.2582877	48.5074947
	14.25881	48.5076781
	14.2592801	48.5079163
	14.2598153	48.5082478
	14.260087	48.5083873
	14.2598314	48.508566
	14.2594886	48.5087519
	14.2593733	48.5089123
	14.2587939	48.5092636
	14.2588391	48.5093963
	14.2591343	48.5096238
	14.259372	48.5097596
	14.2600023	48.5100019
	14.2603292	48.5100955
	14.2605288	48.5099923
	14.260765	48.5098798
	14.2609781	48.5097701
	14.2615071	48.5093918
	14.2622552	48.50996
	14.2625419	48.5101352
	14.2628477	48.5101923
	14.2630245	48.5102
	14.2632676	48.5102446
	14.2634914	48.5103019
	14.2637296	48.5104447
	14.263829	48.5106736
	14.2641161	48.5108244
	14.2643021	48.5113348
	14.264367	48.511599
	14.264289	48.5118596
	14.2640414	48.5122008
	14.2639107	48.5124884
	14.2637631	48.5125907
	14.2636646	48.5128898
	14.2634521	48.5136007
	14.2633935	48.5138771
	14.2632884	48.5145268
	14.263226	48.5146632
	14.2625969	48.5151873
	14.2617894	48.5153938
	14.2615441	48.5155517
	14.2612865	48.5156982
	14.2612956	48.5160237
	14.2613285	48.5161213
	14.2616302	48.5167862
	14.2618588	48.5171972
	14.2621466	48.5177351
	14.2622677	48.5180031
	14.2624286	48.5182577
	14.2626425	48.5184998
	14.2628462	48.5187233
	14.2630975	48.5187318
	14.2632644	48.5185915
	14.2636324	48.5183646
	14.2639835	48.5181901
	14.2642022	48.5182023
	14.2644804	48.5183008
	14.2646806	48.5183492
	14.2651349	48.5183828
	14.265458	48.5183785
	14.2651591	48.5188721
	14.2650259	48.5191612
	14.2648068	48.519399
	14.2643888	48.5197617
	14.2634899	48.5204314
	14.2632933	48.5208225
	14.262939	48.5210422
	14.262707	48.5213151
	14.2621604	48.5218128
	14.2620454	48.5219198
	14.2622694	48.522334
	14.2623925	48.5229384
	14.2624349	48.5235521
	14.261509	48.5238557
	14.2612138	48.5238524
	14.2606558	48.5239185
	14.2605016	48.5239829
	14.2607049	48.5245585
	14.2607371	48.5250351
	14.2608098	48.5253899
	14.2607973	48.5255455
	14.2607179	48.525917
	14.2606854	48.5261612
	14.2606601	48.5267721
	14.260754	48.5274372
	14.2610094	48.5283532
	14.2612431	48.5291263
	14.261297	48.52984
	14.2613414	48.5300764
	14.2615412	48.5307797
	14.2617311	48.5310569
	14.2619443	48.5313386
	14.2621841	48.5315802
	14.2624354	48.5316471
	14.263485	48.5319574
	14.2640401	48.5320651
	14.2645449	48.5321544
	14.2651225	48.5321647
	14.2654109	48.5322123
	14.2659607	48.532215
	14.266435	48.5322226
	14.266455	48.5319778
	14.2666106	48.531805
	14.2667916	48.5316242
	14.2673565	48.5312194
	14.2675858	48.5311399
	14.2679106	48.5311309
	14.2683045	48.5310628
	14.2685338	48.5309152
	14.268558	48.5308111
	14.2689803	48.530631
	14.2690032	48.5303915
	14.2691859	48.5302788
	14.2695091	48.5302221
	14.269999	48.5304429
	14.2702523	48.5305473
	14.2702341	48.5306306
	14.2700736	48.5306026
	14.26987	48.5306047
	14.2696826	48.5306783
	14.2695743	48.5307435
	14.2694985	48.530889
	14.2694061	48.5311778
	14.2693207	48.531748
	14.2691666	48.5317672
	14.2690047	48.5319576
	14.2687	48.5324362
	14.2686146	48.532609
	14.268472	48.5331096
	14.2684429	48.5333527
	14.2682945	48.5334154
	14.268346	48.5335759
	14.268448	48.5337566
	14.2686792	48.534057
	14.268602	48.5341147
	14.2686277	48.5342122
	14.2688725	48.534633
	14.269	48.5348457
	14.2691644	48.5348952
	14.2692575	48.534991
	14.2691509	48.5353772
	14.2690948	48.5354406
	14.2691571	48.5356126
	14.2693071	48.5357713
	14.2695265	48.5359008
	14.2694934	48.536167
	14.269555	48.5362638
	14.2696255	48.5363169
	14.2701161	48.5364952
	14.2702784	48.5367128
	14.2703119	48.5368056
	14.2703964	48.5370949
	14.2703045	48.5372415
	14.2703329	48.5374718
	14.270496	48.5379804
	14.2707676	48.5382945
	14.271149	48.53867
	14.2714263	48.5387031
	14.2716326	48.5387502
	14.2715912	48.5389077
	14.2714155	48.5392129
	14.2711493	48.5395852
	14.2706933	48.5399458
	14.270928	48.5405472
	14.2711857	48.5410518
	14.2714101	48.5414065
	14.2715244	48.5417095
	14.2714844	48.5419166
	14.2712774	48.5419265
	14.2708208	48.5419483
	14.2707082	48.5421514
	14.2707004	48.5424719
	14.2706213	48.5425839
	14.2705163	48.5426785
	14.270237	48.5428665
	14.2703541	48.5429711
	14.2703936	48.5433384
	14.2707888	48.543756
	14.2710856	48.5440048
	14.2714383	48.5440911
	14.2719455	48.5445445
	14.2720836	48.5447318
	14.2721941	48.5448181
	14.2727877	48.5449337
	14.2734096	48.5450981
	14.2732822	48.5453324
	14.273022	48.5456007
	14.2735964	48.546012
	14.274397	48.5463559
	14.2747673	48.5459963
	14.27502	48.5457565
	14.2762308	48.5463665
	14.2765549	48.5466395
	14.2768541	48.5473159
	14.2766604	48.5479257
	14.2762845	48.5481556
	14.2759872	48.5483953
	14.2757908	48.548596
	14.2761045	48.5488909
	14.2759165	48.5491006
	14.2757222	48.5493432
	14.2749525	48.5497412
	14.2747332	48.5499737
	14.2748559	48.5502013
	14.2752685	48.5505547
	14.2759858	48.5509693
	14.2767256	48.550722
	14.2768777	48.5510134
	14.2770555	48.5513527
	14.2772302	48.551603
	14.2775901	48.5516835
	14.2778433	48.5517099
	14.2780043	48.5518269
	14.2779432	48.5519431
	14.2778927	48.5521683
	14.2779016	48.552293
	14.2780215	48.552562
	14.2781084	48.5527537
	14.2784622	48.5528728
	14.2788404	48.5529081
	14.27913	48.5529139
	14.2792314	48.5527982
	14.2792369	48.5524767
	14.2793593	48.552528
	14.2794378	48.5525985
	14.2796712	48.5527337
	14.2801215	48.5528474
	14.2805015	48.5525761
	14.2808397	48.55235
	14.2811033	48.552231
	14.2813126	48.55196
	14.2817472	48.5520621
	14.2824301	48.5522181
	14.2830622	48.5520672
	14.2831452	48.552079
	14.2832509	48.5521951
	14.2836097	48.5523072
	14.2843453	48.5524582
	14.2848084	48.5524927
	14.2851432	48.5525484
	14.285367	48.5525796
	14.2856084	48.5526141
	14.2855896	48.5527199
	14.2852968	48.55323
	14.2850105	48.5535491
	14.2848087	48.5537701
	14.2846549	48.553945
	14.284651	48.5543757
	14.2847001	48.5547054
	14.2843778	48.5550807
	14.2842287	48.5553156
	14.2840986	48.5558084
	14.2836053	48.5563081
	14.2835008	48.5565455
	14.2833585	48.5568636
	14.2833235	48.5569379
	14.2833349	48.5574739
	14.2835755	48.5579104
	14.283647	48.5580564
	14.28371	48.5584309
	14.2839387	48.5589244
	14.2838745	48.5590575
	14.2835804	48.5594117
	14.2835195	48.559601
	14.2834719	48.5597449
	14.2828709	48.5602182
	14.2821121	48.5607714
	14.2816087	48.5611864
	14.2816093	48.561482
	14.282073	48.5617016
	14.2825971	48.5619982
	14.2830978	48.5621472
	14.2834701	48.5622862
	14.2833982	48.5625999
	14.2833602	48.562839
	14.2832492	48.5630014
	14.2831925	48.5633251
	14.282797	48.5638126
	14.282773	48.5640779
	14.2829192	48.5647314
	14.2827864	48.5651322
	14.2829239	48.5655638
	14.2834829	48.5660681
	14.2838592	48.5668625
	14.2838843	48.5673167
	14.2837913	48.5677616
	14.2836909	48.5680447
	14.2836439	48.5684354
	14.2833062	48.5687806
	14.2832663	48.5688359
	14.283152	48.5689986
	14.2825693	48.5693854
	14.2815063	48.5699536
	14.2810968	48.5701108
	14.2807922	48.5703414
	14.2805121	48.5704192
	14.2796096	48.5707894
	14.279238	48.5709646
	14.2791157	48.5712149
	14.2790407	48.571369
	14.2790781	48.5716656
	14.2785127	48.5719506
	14.278045	48.57224
	14.2778297	48.572393
	14.2775729	48.5725265
	14.2772907	48.5726228
	14.2766895	48.5728402
	14.2754998	48.5735348
	14.2746509	48.5740495
	14.2736577	48.5742948
	14.2731239	48.5744225
	14.2723073	48.5743766
	14.2717326	48.5740978
	14.2713907	48.5738169
	14.2713601	48.5736808
	14.2712976	48.5734634
	14.2713933	48.5729253
	14.2716271	48.5726119
	14.2716204	48.5724122
	14.2712132	48.5721783
	14.2708456	48.5722879
	14.2704251	48.5726113
	14.2694564	48.572949
	14.2691852	48.5731262
	14.2689618	48.5732846
	14.2688568	48.5733936
	14.2684306	48.5739273
	14.2679334	48.5741632
	14.2678452	48.5742268
	14.2674469	48.5746554
	14.2673361	48.5749688
	14.2671555	48.5749894
	14.2655358	48.5753887
	14.2652109	48.5753747
	14.2646737	48.5752501
	14.2642002	48.575287
	14.2639194	48.5753655
	14.2634195	48.575395
	14.2627794	48.5755177
	14.2621136	48.5757817
	14.2624273	48.5760709
	14.2632047	48.5763879
	14.2636438	48.5764901
	14.2639245	48.5765976
	14.2647403	48.5770421
	14.2652747	48.5769028
	14.2662473	48.5766738
	14.2668144	48.5765983
	14.267302	48.5767148
	14.2677459	48.5769788
	14.267962	48.577078
	14.268319	48.5772504
	14.2687829	48.5779225
	14.2693302	48.5787915
	14.2698674	48.5795068
	14.2703881	48.5801318
	14.2702919	48.580219
	14.2702515	48.5803823
	14.2703623	48.5804755
	14.2704248	48.5807711
	14.2703921	48.5809824
	14.2699208	48.5809108
	14.269552	48.5810247
	14.2693388	48.5809969
	14.2693415	48.5810554
	14.2691216	48.5810803
	14.2691145	48.5810316
	14.2686844	48.5811246
	14.2685476	48.5812169
	14.2684671	48.5811708
	14.2682728	48.5813701
	14.2681157	48.5813269
	14.2678581	48.5813668
	14.2675676	48.5812815
	14.2675847	48.5813784
	14.2674349	48.5813677
	14.2672764	48.581532
	14.2670196	48.5814172
	14.2668729	48.5814274
	14.2666222	48.5816279
	14.2662298	48.5814413
	14.2660543	48.5814479
	14.2655956	48.5812495
	14.2655703	48.5811424
	14.2653648	48.5811235
	14.2651502	48.5810394
	14.2650134	48.5811868
	14.2647384	48.5812169
	14.2647013	48.5810767
	14.2642238	48.581208
	14.2641622	48.5812826
	14.2638832	48.5812027
	14.2635579	48.5812177
	14.2630833	48.5812425
	14.2626927	48.5813967
	14.2624989	48.5816236
	14.2618746	48.581761
	14.2616276	48.5817905
	14.2613487	48.581638
	14.2606581	48.5816872
	14.2604804	48.581808
	14.2603042	48.5817388
	14.2603098	48.5816761
	14.2599497	48.5815226
	14.2597143	48.5815515
	14.2595747	48.5817052
	14.2592512	48.5815955
	14.2590717	48.5816681
	14.2590609	48.5817384
	14.2588808	48.5816525
	14.2588826	48.5815332
	14.2589408	48.5814097
	14.2587521	48.5813943
	14.2587479	48.5813067
	14.2582745	48.5813887
	14.2581007	48.5812934
	14.2577523	48.5812569
	14.2575961	48.5813855
	14.2575076	48.5812968
	14.2570559	48.5813478
	14.2570534	48.5813935
	14.2568869	48.5816123
	14.2566246	48.5816478
	14.2564213	48.5815842
	14.2563732	48.581642
	14.2562362	48.5815933
	14.2560023	48.5815847
	14.2559527	48.5815615
	14.2558496	48.5815943
	14.255767	48.5815079
	14.2557896	48.5814058
	14.2557231	48.581303
	14.2556599	48.5810229
	14.2555385	48.5809841
	14.2554236	48.58102
	14.2552223	48.5810376
	14.2551075	48.5809284
	14.254877	48.5808059
	14.2544982	48.5806686
	14.2543081	48.5807974
	14.2540112	48.5807301
	14.2539654	48.5808854
	14.2536727	48.5809239
	14.2534098	48.5807931
	14.2531668	48.5807158
	14.2528553	48.5806774
	14.2528009	48.5808222
	14.2526054	48.580872
	14.2523873	48.5808372
	14.2522424	48.580878
	14.2520455	48.5808836
	14.2518213	48.5806863
	14.2515902	48.5805788
	14.2511014	48.5804967
	14.2509242	48.5803633
	14.2507259	48.5803319
	14.2506929	48.5802636
	14.2505106	48.5801718
	14.2503955	48.5802117
	14.2502592	48.5802059
	14.2502066	48.5801398
	14.2499388	48.5800883
	14.2498721	48.58017
	14.2497986	48.5801967
	14.2496066	48.5801372
	14.2494879	48.5801174
	14.2494602	48.5801546
	14.2493349	48.5800742
	14.2493805	48.5799127
	14.249174	48.5798878
	14.2491455	48.5798268
	14.2492489	48.5796704
	14.2491246	48.5796053
	14.2489096	48.5793979
	14.24897	48.579338
	14.2489282	48.5792697
	14.2489367	48.5791394
	14.2487797	48.5790201
	14.2488173	48.5788506
	14.2485872	48.5786909
	14.2484784	48.5785677
	14.2484632	48.5784434
	14.2483841	48.5783619
	14.2483253	48.5781964
	14.2482396	48.5781132
	14.2480743	48.5781169
	14.2478857	48.578036
	14.2477086	48.5780477
	14.2475911	48.5781514
	14.2473329	48.5782744
	14.2472503	48.578374
	14.2471596	48.5783919
	14.2470885	48.578511
	14.246956	48.5785696
	14.2467803	48.5785335
	14.2466221	48.5784144
	14.2463898	48.5784363
	14.2463152	48.5783538
	14.2460894	48.5783547
	14.2460412	48.5784079
	14.2456643	48.57836
	14.2455825	48.5784221
	14.2453248	48.5784256
	14.2452368	48.5785039
	14.2451389	48.5784819
	14.244947	48.578525
	14.244794	48.578564
	14.2446854	48.578467
	14.2444314	48.578344
	14.244118	48.5781044
	14.244017	48.5781252
	14.2437871	48.5780858
	14.2436146	48.5779813
	14.2434835	48.5780298
	14.2433754	48.5780342
	14.2432061	48.5781506
	14.2430189	48.5781053
	14.2429516	48.578037
	14.2428165	48.5780448
	14.2426864	48.5779943
	14.2424402	48.577942
	14.2423477	48.5778973
	14.2422093	48.5778877
	14.2421061	48.5778276
	14.2419574	48.5778112
	14.2418122	48.5777517
	14.2416279	48.5776486
	14.2412695	48.5776732
	14.2410603	48.5776377
	14.2408833	48.5777478
	14.2407813	48.5777673
	14.2405587	48.5776502
	14.2399317	48.5777526
	14.2392751	48.5779453
	14.2386847	48.578542
	14.238493	48.5792561
	14.2380019	48.5804115
	14.2374246	48.5809062
	14.2373227	48.5813438
	14.2363241	48.5818562
	14.2354041	48.5823376
	14.234809	48.5825779
	14.2341678	48.5827528
	14.2333584	48.5829797
	14.2323277	48.5833293
	14.2313081	48.5836675
	14.2307282	48.5840456
	14.2300437	48.5843932
	14.2282115	48.585216
	14.2264391	48.5856785
	14.2244068	48.5858861
	14.2239785	48.5859498
	14.2232236	48.5860981
	14.2229048	48.5863763
	14.2227664	48.5864441
	14.2223742	48.5863976
	14.2217231	48.5864475
	14.2215705	48.5864317
	14.2215499	48.5864395
	14.2215127	48.5864174
	14.2214508	48.586403
	14.2214129	48.5863573
	14.2211927	48.5863352
	14.220762	48.5863495
	14.2204735	48.5864599
	14.2201515	48.5864814
	14.2199845	48.5864345
	14.2199763	48.5864049
	14.2195322	48.5863033
	14.2193932	48.5863357
	14.2191392	48.5863142
	14.2188755	48.5863607
	14.2186624	48.586357
	14.2185988	48.5863416
	14.2185348	48.586302
	14.2184441	48.5863195
	14.218356	48.5862718
	14.2181386	48.5862862
	14.2181094	48.5863634
	14.2180394	48.5864608
	14.2179491	48.5864426
	14.2177315	48.5865451
	14.2174514	48.586611
	14.2171698	48.5865164
	14.2170954	48.5865151
	14.2170453	48.5864687
	14.2168966	48.5864784
	14.2168827	48.5865041
	14.2162993	48.5866895
	14.2160447	48.5866895
	14.215926	48.5866498
	14.2157382	48.5866578
	14.2156191	48.5867136
	14.2155553	48.5867924
	14.2153048	48.5868272
	14.2152544	48.5869092
	14.2151129	48.5869365
	14.2150757	48.5869925
	14.21494	48.5870543
	14.2146083	48.5871006
	14.2145615	48.5871926
	14.2144771	48.5871786
	14.2144268	48.5871031
	14.2142275	48.5872141
	14.2142421	48.5872797
	14.2140263	48.5874182
	14.2137393	48.5874483
	14.2135945	48.5876364
	14.2134657	48.58764
	14.2134216	48.587709
	14.2133049	48.5877561
	14.2132924	48.5878057
	14.2131996	48.587765
	14.2131249	48.5877814
	14.2131895	48.5878671
	14.2131123	48.5879794
	14.2126577	48.5880592
	14.2122614	48.5882804
	14.2121262	48.5882297
	14.211853	48.5880846
	14.2116945	48.5880588
	14.2113688	48.5880901
	14.211202	48.5881156
	14.2110797	48.58806
	14.2110074	48.5880737
	14.2108592	48.5880235
	14.2104263	48.588204
	14.2098786	48.5884185
	14.2097616	48.5884312
	14.209566	48.5883196
	14.2095061	48.5883524
	14.2094276	48.5883346
	14.209378	48.5882716
	14.2092431	48.5884071
	14.2090087	48.5884103
	14.2090817	48.5882776
	14.2088411	48.588182
	14.2087239	48.5882205
	14.2084554	48.5882698
	14.2084581	48.5881318
	14.2082296	48.5881146
	14.2080099	48.5881541
	14.2079389	48.5882962
	14.2076319	48.5884188
	14.2075273	48.588504
	14.2072215	48.5886122
	14.2070623	48.5885663
	14.2067235	48.5886667
	14.2067173	48.5887648
	14.2065412	48.5888904
	14.20659	48.5889818
	14.2064779	48.589131
	14.2062863	48.5891709
	14.2061064	48.5891218
	14.2059669	48.5891548
	14.2057824	48.589447
	14.2054587	48.589658
	14.2053225	48.5896625
	14.2052356	48.5897394
	14.2052947	48.5898037
	14.2051983	48.5899834
	14.2051956	48.5900837
	14.2048918	48.5903185
	14.2047191	48.5904027
	14.2044874	48.5904771
	14.2042837	48.590503
	14.2040652	48.5905075
	14.2038137	48.5904861
	14.2032168	48.5902833
	14.2030887	48.5900697
	14.2030396	48.5900412
	14.2029044	48.589995
	14.202859	48.5900073
	14.2028492	48.5899769
	14.2026587	48.5899177
	14.2024454	48.5899478
	14.2023682	48.5899302
	14.2021724	48.5900303
	14.2021326	48.5900277
	14.2018307	48.5900825
	14.2016628	48.5900428
	14.2015567	48.5899854
	14.2013341	48.589989
	14.2011571	48.590138
	14.2010163	48.5901415
	14.200951	48.5902305
	14.2006261	48.5903781
	14.2005522	48.5903806
	14.2005492	48.5904875
	14.2000548	48.5906318
	14.1998351	48.5906677
	14.1996658	48.5907353
	14.199267	48.5907495
	14.1991535	48.5908104
	14.1990358	48.5906662
	14.198974	48.5906814
	14.1988396	48.5906418
	14.19856	48.5907995
	14.1984352	48.5907015
	14.1983741	48.5907496
	14.1982925	48.5907087
	14.1981727	48.5907572
	14.1979975	48.5907586
	14.1978346	48.5908938
	14.1976194	48.5909348
	14.1973626	48.5909291
	14.1972826	48.5910351
	14.1971209	48.5911671
	14.1970575	48.5911581
	14.1969521	48.5911835
	14.196948	48.5913089
	14.1968878	48.5913876
	14.1959378	48.5919176
	14.1952968	48.5919956
	14.1952681	48.5920713
	14.1953807	48.5921934
	14.1954896	48.592219
	14.1954735	48.5923006
	14.1953528	48.5923077
	14.1952562	48.5925064
	14.1950288	48.5925167
	14.1947037	48.5925596
	14.1947278	48.5926643
	14.1945857	48.5926359
	14.1943934	48.5927235
	14.1939248	48.5927439
	14.1934627	48.5927796
	14.1933053	48.5927037
	14.1931276	48.5926961
	14.192989	48.5926467
	14.1925804	48.592763
	14.1922766	48.5928878
	14.1919422	48.5929242
	14.191808	48.5929624
	14.191744	48.5929419
	14.1916283	48.5929706
	14.1911353	48.5929941
	14.1909753	48.5930209
	14.1906345	48.5929798
	14.1905409	48.5929357
	14.1903585	48.5929392
	14.1901842	48.5929907
	14.1901291	48.592957
	14.1899184	48.5929597
	14.1898408	48.5929126
	14.1896923	48.592913
	14.1892856	48.5925223
	14.189124	48.5925174
	14.1887116	48.5926004
	14.1877568	48.5925011
	14.1872829	48.5926707
	14.1870111	48.5926075
	14.1868207	48.5926944
	14.1865112	48.5926776
	14.1860614	48.5929501
	14.1856811	48.5930483
	14.1852389	48.5930894
	14.1851114	48.5930842
	14.1849948	48.5931367
	14.1848372	48.5933128
	14.1847823	48.5934159
	14.184452	48.5935702
	14.1844262	48.5935928
	14.1843663	48.5935941
	14.184311	48.5936138
	14.1841485	48.5936174
	14.1840907	48.5936426
	14.1840204	48.593644
	14.1838604	48.5936816
	14.1838341	48.5937066
	14.1837175	48.5937451
	14.1836756	48.593741
	14.183468	48.593758
	14.1832494	48.5937929
	14.1832171	48.5937737
	14.183189	48.5937332
	14.1829096	48.5937946
	14.1828495	48.5937498
	14.1827303	48.5937269
	14.1826884	48.5937478
	14.1826981	48.5937908
	14.1824326	48.5938351
	14.1822153	48.5938138
	14.1821463	48.5938113
	14.182166	48.5938564
	14.1820513	48.593898
	14.1819166	48.593911
	14.1818252	48.593896
	14.1817172	48.5938989
	14.1814585	48.5938018
	14.1812534	48.5936545
	14.1812444	48.5933882
	14.1812631	48.593294
	14.1811133	48.5931864
	14.180889	48.5929428
	14.1798814	48.5925206
	14.1797531	48.592531
	14.1794402	48.5926594
	14.1793134	48.5929302
	14.179048	48.5929411
	14.1787845	48.5929107
	14.1787057	48.5928882
	14.1785413	48.5928976
	14.1784037	48.5929721
	14.1782376	48.5931025
	14.1781172	48.5931017
	14.1779588	48.5930622
	14.1777047	48.5929425
	14.1775409	48.5928447
	14.1772598	48.5926938
	14.1772181	48.5925727
	14.1772344	48.5924248
	14.1772963	48.5923309
	14.1772282	48.5920493
	14.1773294	48.5917263
	14.1775334	48.5912853
	14.1775081	48.5911205
	14.1774854	48.5911051
	14.176279	48.5911084
	14.1754761	48.5912159
	14.175339	48.5912047
	14.1744691	48.5912929
	14.1740533	48.5912894
	14.1734096	48.5911155
	14.1726125	48.5906509
	14.1721762	48.5905796
	14.1718192	48.5904401
	14.1716588	48.5903479
	14.1712562	48.5901974
	14.1709938	48.5901869
	14.170562	48.5902233
	14.1693285	48.5905155
	14.1689303	48.5904999
	14.1686004	48.5904343
	14.1681666	48.5903587
	14.1674708	48.5902313
	14.1658925	48.5900237
	14.1658458	48.5899801
	14.1652289	48.5898009
	14.1649821	48.5896419
	14.1647515	48.5894479
	14.1646113	48.5893848
	14.1643915	48.5893666
	14.1644224	48.5893495
	14.1636026	48.5892553
	14.1635327	48.5892363
	14.1636315	48.5891815
	14.1636851	48.5890852
	14.1640445	48.5887909
	14.1645707	48.5882631
	14.1662168	48.5884793
	14.1665643	48.5884707
	14.1668057	48.5883944
	14.1668781	48.5883092
	14.1669103	48.588178
	14.1669639	48.5880946
	14.1670227	48.5880045
	14.1671704	48.5878905
	14.1670687	48.5876435
	14.1670431	48.5874259
	14.1670792	48.5872731
	14.1672558	48.5871175
	14.1672643	48.5869466
	14.1674542	48.5869034
	14.1677267	48.5868461
	14.1677593	48.586621
	14.1678389	48.5864264
	14.167807	48.5861585
	14.1678439	48.5860801
	14.1680365	48.5859307
	14.1683733	48.5859527
	14.1685679	48.5857011
	14.168717	48.5855088
	14.1685754	48.5854343
	14.1685732	48.5853409
	14.16893	48.5851227
	14.1690233	48.5850049
	14.1690153	48.5848211
	14.1689662	48.5847234
	14.168881	48.5846148
	14.1687261	48.5845055
	14.1687188	48.5843181
	14.1687027	48.58426
	14.1684733	48.5841687
	14.1682481	48.5840342
	14.1681011	48.5839956
	14.1679194	48.5838548
	14.1673802	48.5836729
	14.1671465	48.5836485
	14.1670388	48.5836346
	14.1668181	48.5834939
	14.1667603	48.5833132
	14.1667735	48.5829639
	14.1669192	48.5826708
	14.1671009	48.5824796
	14.1671176	48.5823801
	14.1673356	48.5822358
	14.1674617	48.582208
	14.1675243	48.5821271
	14.1675346	48.5820397
	14.1674598	48.5818827
	14.1676125	48.5813648
	14.167203	48.5812474
	14.1669155	48.5810607
	14.1666999	48.5808162
	14.1665716	48.5807262
	14.1662893	48.5805581
	14.1661943	48.5803492
	14.1662636	48.5801658
	14.1664715	48.579923
	14.1666152	48.5796225
	14.1669669	48.5789704
	14.167339	48.5786342
	14.1678318	48.5780076
	14.1677882	48.577938
	14.1673621	48.5778429
	14.1672723	48.5777257
	14.1670567	48.5775559
	14.1663663	48.5775389
	14.1656912	48.5774897
	14.1653473	48.5774506
	14.1650417	48.5772685
	14.1647262	48.5770804
	14.1644079	48.5769582
	14.1639191	48.57682
	14.1631862	48.5765897
	14.1626241	48.5765319
	14.1620248	48.5766375
	14.1616655	48.5767386
	14.1614777	48.5767203
	14.1609635	48.5768138
	14.160522	48.5768291
	14.1597931	48.5767985
	14.1597726	48.5767017
	14.1591155	48.5765761
	14.1592515	48.57643
	14.1594979	48.57634
	14.1596747	48.576091
	14.1598523	48.5759544
	14.1601832	48.5754943
	14.1604527	48.57526
	14.1607068	48.5751157
	14.1616796	48.57481
	14.161967	48.5747913
	14.1625574	48.5745688
	14.1628679	48.5742869
	14.1629937	48.574129
	14.1628243	48.5734565
	14.162696	48.573465
	14.1616513	48.5734293
	14.1610918	48.5735958
	14.1608095	48.573217
	14.1615435	48.5730472
	14.1624059	48.572874
	14.1622134	48.5725394
	14.1622417	48.5723271
	14.1619208	48.5715171
	14.1613613	48.5714916
	14.1609096	48.5715459
	14.160119	48.5718516
	14.160078	48.5717752
	14.1601344	48.5714016
	14.1602364	48.5711938
	14.1602237	48.5711736
	14.1606632	48.5709736
	14.1600455	48.5709576
	14.1597599	48.5708999
	14.1595134	48.570785
	14.1589461	48.5706068
	14.1590128	48.5704641
	14.1591899	48.5701618
	14.1594209	48.5698357
	14.1596134	48.5696862
	14.159924	48.5694909
	14.1603828	48.5690938
	14.1599342	48.5688591
	14.1598103	48.5688094
	14.1595467	48.5685755
	14.1593285	48.5684379
	14.1586561	48.5681475
	14.1581171	48.5678995
	14.1579015	48.5679811
	14.1578065	48.568032
	14.1576191	48.5678588
	14.1570596	48.567249
	14.1570596	48.5670112
	14.1570981	48.5666087
	14.1570955	48.566466
	14.1570647	48.5661688
	14.1569954	48.56579
	14.1573804	48.5656426
	14.1571648	48.565272
	14.1575862	48.5651565
	14.1577028	48.5651153
	14.15779	48.5650559
	14.1581915	48.5646928
	14.1589589	48.5639675
	14.1593542	48.5639081
	14.1591951	48.5638452
	14.1589692	48.5638078
	14.1578476	48.5639182
	14.1574651	48.5639369
	14.1568748	48.5639454
	14.1566258	48.5638605
END
END
