7873695
1
	10.4313005	47.5037634
	10.4314469	47.503485
	10.4325551	47.501379
	10.4329874	47.5005572
	10.4330729	47.5003948
	10.4334856	47.4996104
	10.4337131	47.4991785
	10.4337132	47.4991782
	10.4344562	47.497984
	10.434568	47.4975557
	10.4346701	47.4973619
	10.4347865	47.4971406
	10.4357205	47.4953656
	10.4389815	47.4964004
	10.4418847	47.4968225
	10.4532646	47.4983919
	10.4558999	47.4987569
	10.456342	47.4996778
	10.4566841	47.5001086
	10.4567859	47.5005346
	10.4570462	47.5010018
	10.4572056	47.5013631
	10.4572322	47.5015606
	10.4575445	47.50242
	10.4579563	47.5036026
	10.4579132	47.5036632
	10.458159	47.5043566
	10.4582031	47.5047284
	10.458326	47.5049183
	10.4584638	47.5050391
	10.4587418	47.5052916
	10.4593005	47.5056396
	10.4593595	47.5055547
	10.4595799	47.5057037
	10.4597055	47.5059288
	10.4602387	47.5064084
	10.4604053	47.5065053
	10.4605745	47.5064863
	10.4607744	47.5067062
	10.460777	47.506798
	10.4609128	47.5069295
	10.4610256	47.5069711
	10.4612409	47.5068863
	10.4617612	47.5064118
	10.461915	47.5058474
	10.4621234	47.5056716
	10.4624815	47.5060932
	10.4626071	47.506211
	10.4628301	47.5063737
	10.4628352	47.5064932
	10.4631915	47.5068811
	10.4633684	47.5069624
	10.463576	47.5072222
	10.4637067	47.5074524
	10.4640399	47.5077191
	10.4642065	47.5079978
	10.464456	47.5081276
	10.4648726	47.5086466
	10.4646333	47.5087942
	10.4651731	47.5091183
	10.4655113	47.5092247
	10.4660003	47.5092702
	10.4670731	47.5093191
	10.4672777	47.5092769
	10.468116	47.5094825
	10.4687298	47.5096864
	10.4692612	47.5098196
	10.4698625	47.5101959
	10.4698999	47.5104621
	10.4702093	47.5105228
	10.4709927	47.5099522
	10.4722193	47.5110662
	10.472152	47.5111622
	10.4734356	47.5122668
	10.4733084	47.5123898
	10.4732942	47.51284
	10.473086	47.5133643
	10.4730754	47.5135978
	10.474261	47.5136765
	10.4752913	47.5139291
	10.4755042	47.5139562
	10.4756976	47.5139956
	10.4757899	47.5140457
	10.4759691	47.5140726
	10.4761548	47.5140502
	10.4764087	47.5141204
	10.4765129	47.5142044
	10.4767268	47.5143266
	10.4771771	47.5145309
	10.4775037	47.5148735
	10.477521	47.5149618
	10.4778805	47.5152008
	10.4785913	47.5156246
	10.4786908	47.5158289
	10.4788607	47.5158811
	10.4788631	47.5159545
	10.4789606	47.5160155
	10.4792949	47.5163761
	10.4797707	47.5166961
	10.4801382	47.5170164
	10.4802929	47.5172767
	10.4806445	47.5175017
	10.4808268	47.5176647
	10.4809087	47.5177834
	10.481029	47.517848
	10.4811896	47.5179947
	10.4812409	47.5180164
	10.4812584	47.5181048
	10.4829181	47.5188096
	10.4832025	47.5191038
	10.4835446	47.5195527
	10.483991	47.5199951
	10.4842254	47.5203159
	10.4843851	47.5205484
	10.4846816	47.5207415
	10.4847804	47.520944
	10.4851934	47.5213234
	10.4857972	47.5215189
	10.4862912	47.5217514
	10.4863463	47.5218609
	10.4864904	47.5220849
	10.4865331	47.5222118
	10.4866837	47.5230227
	10.4869089	47.5238598
	10.4864013	47.5241802
	10.4861206	47.5241958
	10.4859407	47.5243745
	10.4857537	47.5244388
	10.4855878	47.5244578
	10.4853773	47.52457
	10.4853395	47.524702
	10.4851076	47.5247181
	10.4847496	47.524932
	10.4843817	47.5250168
	10.4839964	47.5252411
	10.482569	47.52629
	10.4824067	47.5265569
	10.4821064	47.526726
	10.4815915	47.526892
	10.4813906	47.5270858
	10.4808754	47.5271716
	10.4805219	47.5274011
	10.4800568	47.5275099
	10.4796725	47.5276674
	10.4792733	47.5280364
	10.4791012	47.5280599
	10.4789041	47.5279437
	10.47846	47.5281526
	10.478944	47.5283211
	10.4793931	47.5283699
	10.4798671	47.5285333
	10.4802364	47.5288837
	10.480416	47.5292139
	10.4812693	47.5300544
	10.4817011	47.530272
	10.4823558	47.5307369
	10.4829601	47.531095
	10.4834657	47.531371
	10.4837248	47.5316227
	10.4852487	47.5320572
	10.488013	47.5333836
	10.4871639	47.5350428
	10.4889121	47.540403
	10.4863516	47.5420541
	10.484361	47.5433404
	10.4838952	47.5436414
	10.4816072	47.5451196
	10.4789622	47.546828
	10.4759033	47.5488044
	10.4758093	47.5488651
	10.4756048	47.5489971
	10.4737687	47.5501816
	10.4730629	47.5506369
	10.4729946	47.5506811
	10.4723343	47.5511101
	10.4719124	47.5511641
	10.4700189	47.5514062
	10.4699274	47.551418
	10.4698342	47.55143
	10.4696375	47.5514551
	10.4695874	47.5514615
	10.4671917	47.551767
	10.4670872	47.5517804
	10.4669833	47.5517937
	10.4667194	47.5518273
	10.4655194	47.5519806
	10.4643889	47.552125
	10.4634235	47.5522484
	10.4623663	47.5523833
	10.4610335	47.5525534
	10.4604899	47.5526228
	10.4591702	47.553313
	10.458709	47.5535543
	10.4558078	47.5550719
	10.4556876	47.5551352
	10.4544285	47.5557972
	10.454028	47.5549554
	10.4533127	47.5534525
	10.4525789	47.5519105
	10.4522966	47.551317
	10.4522684	47.5512575
	10.4515544	47.5497556
	10.450455	47.5474579
	10.4499733	47.546444
	10.4489898	47.5443742
	10.4489744	47.5443419
	10.4488136	47.5440034
	10.448788	47.5439497
	10.4482326	47.5427805
	10.4481852	47.5426807
	10.4480793	47.5424575
	10.4479814	47.5422512
	10.4474772	47.5411902
	10.4468189	47.539805
	10.4463337	47.5387839
	10.445352	47.5367164
	10.444883	47.5357283
	10.4446378	47.5352123
	10.4442912	47.5344783
	10.444286	47.5344671
	10.4439901	47.5338443
	10.4432583	47.5323029
	10.4431322	47.5320376
	10.4431244	47.5320214
	10.4425861	47.5308879
	10.442056	47.5298764
	10.4419819	47.5297352
	10.4418685	47.5295193
	10.4407223	47.5273377
	10.4403015	47.5265376
	10.4401734	47.5262936
	10.4398614	47.5256993
	10.439341	47.5247076
	10.4392509	47.5245355
	10.4391456	47.5243351
	10.4390869	47.524223
	10.4390387	47.5241312
	10.4389965	47.5240507
	10.4389082	47.523883
	10.4388524	47.523777
	10.4387193	47.5235235
	10.4387487	47.5234822
	10.438762	47.5234637
	10.4391343	47.5229457
	10.4402418	47.5214193
	10.441586	47.5195619
	10.4420386	47.5189373
	10.4421462	47.5187888
	10.4416987	47.5173261
	10.4410649	47.515259
	10.4407008	47.5140658
	10.4405555	47.5135893
	10.4405295	47.5134758
	10.4405093	47.5134541
	10.4404533	47.5134256
	10.4404177	47.5133972
	10.4403376	47.5132577
	10.4403208	47.5132338
	10.4402834	47.5132133
	10.4402545	47.5132001
	10.4401937	47.5131723
	10.4401412	47.5131416
	10.4400669	47.5131303
	10.4400212	47.5131212
	10.4399179	47.5130688
	10.4398012	47.5129959
	10.4397672	47.5129628
	10.4396824	47.5128817
	10.4396075	47.5127642
	10.4395803	47.512739
	10.4395295	47.5127106
	10.4395006	47.5126888
	10.4394158	47.5125976
	10.4393837	47.5125702
	10.4392825	47.5124899
	10.4391496	47.5123843
	10.4391226	47.5123569
	10.4390716	47.5122997
	10.4389174	47.5121686
	10.4388918	47.5121412
	10.4387778	47.5119675
	10.4387742	47.5119354
	10.4387573	47.511915
	10.4385509	47.511817
	10.438527	47.5117725
	10.4384795	47.5117292
	10.4384689	47.5116479
	10.4384197	47.5116023
	10.438406	47.5115577
	10.4383907	47.5115383
	10.4383552	47.5115167
	10.4383276	47.5114954
	10.4381551	47.5113616
	10.4381431	47.5113182
	10.4380701	47.5112336
	10.4380547	47.5112085
	10.4380461	47.511165
	10.4380273	47.5111388
	10.4379407	47.5110394
	10.4378424	47.5109562
	10.4377695	47.5109049
	10.4375733	47.5108058
	10.4375259	47.5107899
	10.4374926	47.5107842
	10.4374531	47.5107774
	10.4374244	47.5107672
	10.4374007	47.5107478
	10.4373582	47.5106758
	10.437297	47.5106051
	10.4370751	47.5104592
	10.4370395	47.510433
	10.4370007	47.5104228
	10.4369347	47.510424
	10.4368723	47.5104104
	10.4367597	47.5103727
	10.4367313	47.5102609
	10.4366974	47.5102198
	10.436624	47.510053
	10.4365899	47.5100142
	10.4365138	47.5099709
	10.4364833	47.5099412
	10.4364594	47.5098954
	10.4364233	47.5097743
	10.4363553	47.50966
	10.4362738	47.5095916
	10.4362213	47.5095585
	10.4361047	47.5095245
	10.436086	47.5095132
	10.436086	47.5094982
	10.4360926	47.5094754
	10.4360525	47.5092122
	10.4360271	47.5091768
	10.4359457	47.5091141
	10.4359303	47.509081
	10.4359301	47.5090421
	10.4359416	47.508986
	10.4359313	47.5089483
	10.4358922	47.5089015
	10.4358567	47.5088775
	10.4358145	47.5088663
	10.4356114	47.5088336
	10.435641	47.5087975
	10.4356684	47.5087636
	10.4356843	47.5087248
	10.4356816	47.5086974
	10.4356769	47.5086687
	10.4356755	47.5086549
	10.4356981	47.5085384
	10.4357102	47.5085111
	10.4357428	47.5084941
	10.4357548	47.5084794
	10.4357622	47.5084417
	10.4357744	47.5084258
	10.4358679	47.5083945
	10.4359432	47.5083392
	10.4360029	47.5083054
	10.4360151	47.5082895
	10.436007	47.5082745
	10.4358288	47.5081412
	10.4357722	47.5080972
	10.4357102	47.5080691
	10.4356837	47.5080517
	10.4356606	47.5080216
	10.4356562	47.5079896
	10.4356507	47.5079242
	10.4356442	47.507907
	10.4355911	47.5078585
	10.4355731	47.5078308
	10.4355301	47.5076965
	10.4354956	47.5076526
	10.4354736	47.5075585
	10.4355073	47.5075577
	10.4354971	47.5074843
	10.4355025	47.5074603
	10.435523	47.5074468
	10.4356044	47.507435
	10.4356283	47.5074158
	10.435634	47.507386
	10.4355732	47.5072961
	10.4355415	47.5072764
	10.4355318	47.507258
	10.4355224	47.5072178
	10.4355075	47.5071993
	10.4354657	47.5071807
	10.4354423	47.5071713
	10.4354032	47.5070988
	10.4353919	47.5069807
	10.4353673	47.5067664
	10.4353629	47.5067355
	10.4352688	47.5066212
	10.4352487	47.5066072
	10.4351949	47.5065964
	10.4351516	47.506572
	10.4350525	47.5064577
	10.4349879	47.5063873
	10.4349701	47.5063482
	10.4349494	47.5062838
	10.4349279	47.5062665
	10.434866	47.5062361
	10.434841	47.5062142
	10.4347967	47.5061497
	10.4347304	47.5060849
	10.4346369	47.5060314
	10.4345816	47.5060091
	10.4344892	47.505991
	10.4344624	47.5059782
	10.4344261	47.5059355
	10.4343911	47.5059112
	10.4343106	47.5058794
	10.4342668	47.5058757
	10.4341706	47.5058816
	10.4341553	47.5058814
	10.4341353	47.5058676
	10.434112	47.5058524
	10.4340934	47.5058488
	10.4340631	47.505852
	10.4340445	47.5058472
	10.4340248	47.505728
	10.4340083	47.5057083
	10.433965	47.5056816
	10.4337761	47.5055035
	10.4337394	47.505478
	10.4336674	47.5054509
	10.4335429	47.5054245
	10.4335212	47.5054129
	10.4334699	47.5053632
	10.4334361	47.5053526
	10.4332956	47.505335
	10.4332137	47.5051536
	10.4331957	47.5051317
	10.4331323	47.5050898
	10.433106	47.5050552
	10.4330038	47.5049284
	10.4329604	47.5049061
	10.4329423	47.5048774
	10.4328883	47.5047945
	10.4328356	47.5047218
	10.432699	47.504622
	10.4326522	47.5045987
	10.4326136	47.5045881
	10.4324221	47.5045462
	10.4324036	47.5045357
	10.4323954	47.5044303
	10.4322892	47.5043434
	10.4322489	47.5043293
	10.4321968	47.5043151
	10.4321701	47.5043
	10.4320786	47.5042304
	10.431992	47.5041712
	10.4319439	47.5041284
	10.4318246	47.5040238
	10.4317646	47.5039711
	10.4316912	47.5039187
	10.4316309	47.503901
	10.431547	47.5038728
	10.4315002	47.5038517
	10.4314687	47.5038182
	10.4314442	47.5037837
	10.4314258	47.5037674
	10.4313922	47.5037579
	10.4313005	47.5037634
END
END
