7873190
1
	14.126193	48.5296653
	14.126282	48.5296714
	14.1267184	48.5294532
	14.1268198	48.5293134
	14.1269071	48.5293208
	14.1272337	48.5294644
	14.1272027	48.5295875
	14.1274928	48.5296863
	14.1278222	48.5297273
	14.1282052	48.5297329
	14.1283009	48.5296192
	14.1282953	48.5295707
	14.1283572	48.529539
	14.1287092	48.5294793
	14.1290753	48.5295297
	14.1297229	48.5295651
	14.1298581	48.5295838
	14.1300129	48.5297702
	14.1300495	48.5298467
	14.1306465	48.5298057
	14.1310379	48.5297516
	14.1314208	48.5297404
	14.1314321	48.5298001
	14.1317362	48.5298355
	14.1319756	48.529828
	14.1321924	48.5298541
	14.1323951	48.5299921
	14.1326148	48.5299865
	14.1328203	48.5298952
	14.1328259	48.529828
	14.1329329	48.5298206
	14.1330568	48.5297721
	14.1334257	48.5295483
	14.1338819	48.5293246
	14.1341635	48.5292071
	14.1342113	48.5291344
	14.1343014	48.5290579
	14.134369	48.5290523
	14.1346928	48.5290131
	14.1350054	48.5290337
	14.1351518	48.5290933
	14.1352616	48.5290691
	14.1353489	48.5290187
	14.1354084	48.5289232
	14.1354418	48.5288696
	14.1357178	48.5288136
	14.1358051	48.5288136
	14.1358839	48.5287334
	14.1359628	48.528491
	14.1362725	48.5282225
	14.1365175	48.5281889
	14.1368385	48.5282094
	14.13732	48.5281311
	14.1373905	48.5280799
	14.1376664	48.5278794
	14.1376241	48.5277265
	14.1376382	48.527553
	14.1377705	48.5274467
	14.1379198	48.5274318
	14.1384435	48.5272472
	14.1389335	48.5272006
	14.1390968	48.527139
	14.1390771	48.5270514
	14.1394094	48.5268593
	14.1397092	48.5266264
	14.1398824	48.5264919
	14.1400063	48.5264397
	14.1399838	48.5263222
	14.1402485	48.526229
	14.1404822	48.5262103
	14.140592	48.5261675
	14.1406455	48.5260723
	14.1405948	48.5259754
	14.1410932	48.5254588
	14.1411833	48.5254457
	14.1414931	48.5252611
	14.1415269	48.5251903
	14.1414931	48.5251007
	14.1417099	48.524849
	14.1422646	48.5246774
	14.1424054	48.5246215
	14.1429263	48.5242373
	14.1433205	48.5238382
	14.1436922	48.523454
	14.1438837	48.5233962
	14.1439625	48.5233421
	14.1441343	48.5229896
	14.1443145	48.5228404
	14.1445989	48.5227379
	14.144644	48.5224637
	14.1447059	48.522404
	14.1448608	48.5223369
	14.1450157	48.5223164
	14.1451114	48.5221984
	14.1451565	48.5221429
	14.1452269	48.5219564
	14.1454803	48.5219396
	14.1455507	48.521865
	14.145638	48.5217009
	14.1456267	48.521561
	14.1456689	48.5214827
	14.14579	48.5213522
	14.1461673	48.5212813
	14.1462293	48.5211153
	14.1464123	48.5210817
	14.1464348	48.52094
	14.1463842	48.5208933
	14.1464658	48.5206677
	14.1466686	48.520498
	14.1467671	48.5204569
	14.1469276	48.5204159
	14.146967	48.5202219
	14.1467896	48.5198303
	14.1467136	48.5196848
	14.1466995	48.5194274
	14.1469614	48.5192185
	14.1471698	48.5190842
	14.1473359	48.5190581
	14.1475809	48.5188753
	14.1476372	48.5187522
	14.1474345	48.5186795
	14.1473021	48.5186422
	14.1472064	48.51859
	14.1471557	48.518478
	14.1471641	48.5181722
	14.1471191	48.5180192
	14.1470036	48.5180397
	14.1469135	48.5180099
	14.1469135	48.5178383
	14.1470065	48.5177674
	14.1470346	48.5176555
	14.1469248	48.5172191
	14.1470402	48.5171631
	14.1473612	48.5170717
	14.147488	48.5170773
	14.1477104	48.517012
	14.1478568	48.5168236
	14.1478146	48.5167322
	14.1480821	48.5164636
	14.1483158	48.5164562
	14.1484538	48.5165439
	14.1487016	48.5164301
	14.1489888	48.5162249
	14.1490817	48.5161111
	14.1492141	48.5157735
	14.1490367	48.515434
	14.1489297	48.5153613
	14.1489719	48.5152904
	14.1490141	48.5149976
	14.1489578	48.5143037
	14.1491127	48.5139008
	14.1490592	48.5138187
	14.1490474	48.5136685
	14.1490395	48.5135687
	14.149169	48.5135184
	14.1492929	48.5135072
	14.1496026	48.5133039
	14.1499659	48.5131173
	14.1500616	48.5131024
	14.1501714	48.5131472
	14.1502306	48.5131975
	14.1506051	48.513192
	14.1510556	48.5131658
	14.1514667	48.5132293
	14.1522157	48.5131136
	14.1528099	48.5129401
	14.1528634	48.5128375
	14.1530774	48.5127667
	14.1533026	48.5127667
	14.153573	48.5127946
	14.1537447	48.5127965
	14.1544318	48.5124906
	14.154536	48.5123619
	14.1545444	48.5123003
	14.1546909	48.512194
	14.1547753	48.5121623
	14.1549471	48.5121324
	14.1551555	48.5119552
	14.1552653	48.5118731
	14.1553807	48.5118675
	14.1556088	48.5120727
	14.1556708	48.5121287
	14.1558482	48.5119664
	14.1558566	48.5116885
	14.1559129	48.5116008
	14.1562705	48.5112053
	14.156355	48.5111475
	14.1568196	48.5113602
	14.1571547	48.5115318
	14.1575855	48.5118452
	14.1579572	48.5120578
	14.158374	48.5120485
	14.1587372	48.5120989
	14.1588344	48.5121263
	14.1593863	48.5122819
	14.1599001	48.5126398
	14.1600972	48.5127461
	14.1602859	48.5129569
	14.1605112	48.5132162
	14.160728	48.5135314
	14.1608969	48.5137571
	14.1611391	48.5140444
	14.1616122	48.514479
	14.1616882	48.5146115
	14.1618262	48.5146861
	14.1620036	48.5147346
	14.1622373	48.514742
	14.1622654	48.5153389
	14.1623217	48.5157455
	14.1625104	48.5164413
	14.1630454	48.5170158
	14.1637522	48.5167285
	14.1646589	48.5165271
	14.1649968	48.5164711
	14.1652558	48.5162883
	14.1655431	48.5161969
	14.1667116	48.5160458
	14.1664723	48.515712
	14.1661485	48.5154154
	14.1660077	48.5153632
	14.1659739	48.5152568
	14.1661625	48.5152643
	14.1663484	48.5152195
	14.1668299	48.5149733
	14.1668496	48.5147719
	14.1672804	48.5143969
	14.1674381	48.5143746
	14.1674606	48.5142235
	14.1674212	48.514091
	14.1680125	48.5140854
	14.1683279	48.5140052
	14.1686067	48.5135594
	14.1686179	48.5132927
	14.1687897	48.5130371
	14.1687531	48.5128581
	14.1688488	48.5126902
	14.1691783	48.5126585
	14.1692768	48.5125689
	14.1693951	48.5123544
	14.1698428	48.5122369
	14.1700737	48.5122014
	14.1701582	48.5122108
	14.1704623	48.5119757
	14.1705186	48.5117612
	14.1705017	48.5116418
	14.1703243	48.5114049
	14.1700822	48.511252
	14.169702	48.5112277
	14.1691079	48.5110281
	14.1687052	48.5108434
	14.1679309	48.5106849
	14.168052	48.5104051
	14.1684715	48.5103304
	14.1686264	48.5103864
	14.1687447	48.5104424
	14.1694542	48.5103584
	14.1698006	48.510239
	14.1702201	48.5101719
	14.1703806	48.5101887
	14.1698766	48.5097801
	14.1693669	48.5093287
	14.1695134	48.5092149
	14.1696401	48.509103
	14.1697893	48.5087709
	14.169809	48.5086459
	14.1696217	48.5084496
	14.1704275	48.5080153
	14.1705558	48.5079005
	14.1710449	48.5077695
	14.1710877	48.5077007
	14.1714402	48.5076507
	14.1718274	48.5077668
	14.1720393	48.5078924
	14.1722859	48.5079801
	14.1729176	48.5079194
	14.1735351	48.507918
	14.1741505	48.5076602
	14.1742768	48.5075009
	14.1744623	48.5071796
	14.1740853	48.5068312
	14.1738305	48.5065288
	14.1730827	48.5060698
	14.1731785	48.5057728
	14.1733557	48.505554
	14.1739834	48.5054744
	14.1750919	48.5053934
	14.1759581	48.5054748
	14.1761882	48.5053502
	14.1767425	48.5051287
	14.1769198	48.5049802
	14.1775637	48.5046697
	14.1780508	48.5043281
	14.1781262	48.5042458
	14.1783702	48.5036683
	14.1787285	48.503479
	14.178934	48.50337
	14.1794532	48.5031315
	14.1797829	48.5029938
	14.1802402	48.5027824
	14.1808267	48.5025261
	14.1813396	48.5023837
	14.1814385	48.5023442
	14.1818431	48.5020706
	14.181731	48.5018173
	14.1819881	48.5014256
	14.1818835	48.5009843
	14.181485	48.5004737
	14.1811076	48.5000067
	14.1805593	48.4995068
	14.1808508	48.4994419
	14.1817726	48.4994364
	14.182241	48.4994325
	14.1825771	48.4994288
	14.1830121	48.4993961
	14.183339	48.4994106
	14.1837433	48.4994217
	14.1839567	48.4993873
	14.184155	48.4992747
	14.1846067	48.4989791
	14.1848689	48.4988703
	14.18489	48.498471
	14.1847611	48.4983209
	14.1848807	48.4979808
	14.1849833	48.4978207
	14.1851846	48.4975762
	14.1850957	48.4974957
	14.1852356	48.49709
	14.1853733	48.496941
	14.185568	48.4967998
	14.1859041	48.4965669
	14.1861417	48.4963348
	14.1864804	48.4961261
	14.1865936	48.4958592
	14.1867459	48.4955516
	14.186749	48.4953737
	14.1866853	48.4952248
	14.1865586	48.4950767
	14.1865468	48.4949803
	14.1868119	48.4944934
	14.1874154	48.4940364
	14.1872728	48.4939103
	14.1871523	48.493698
	14.1872637	48.4935741
	14.1873923	48.493257
	14.1874839	48.492909
	14.1880668	48.4928415
	14.1882957	48.492772
	14.1884848	48.4927416
	14.1890125	48.4927869
	14.1896067	48.4930558
	14.1898211	48.4930841
	14.190549	48.4931064
	14.190696	48.4932255
	14.1911639	48.4931107
	14.1914765	48.4931692
	14.1917968	48.4932873
	14.1921023	48.4933703
	14.1925663	48.4933563
	14.1933248	48.4936375
	14.1942121	48.4937317
	14.1947146	48.4938434
	14.1947874	48.4938057
	14.1950186	48.4938775
	14.1951593	48.493953
	14.1954495	48.4940533
	14.1956149	48.4940914
	14.1957634	48.4940788
	14.1959597	48.4941232
	14.1963858	48.4942132
	14.1967476	48.4942145
	14.196926	48.4942061
	14.1972329	48.4941948
	14.197773	48.4941743
	14.1977187	48.4944887
	14.1978696	48.494693
	14.1980803	48.495004
	14.1980963	48.49537
	14.1978729	48.4957296
	14.1977231	48.4959748
	14.197305	48.4961716
	14.1966753	48.4963618
	14.1968027	48.4968167
	14.1972814	48.4970143
	14.1979577	48.4972595
	14.1980856	48.497399
	14.1981993	48.4975608
	14.1986324	48.4975414
	14.1990125	48.4976314
	14.199076	48.4977158
	14.1991535	48.4980927
	14.1992745	48.4979915
	14.1994377	48.4984344
	14.1995709	48.4987708
	14.1997668	48.4990878
	14.1998525	48.4994231
	14.1998992	48.4996419
	14.199942	48.4998573
	14.2001187	48.5002603
	14.2005067	48.5008191
	14.2007056	48.5011468
	14.2008137	48.5014569
	14.2009112	48.501812
	14.2009561	48.5020461
	14.2009642	48.5024101
	14.2010185	48.5026373
	14.2011989	48.5029639
	14.2014669	48.5033278
	14.2017292	48.503439
	14.2018693	48.5035324
	14.2021797	48.5038251
	14.202428	48.5039469
	14.2029658	48.5044231
	14.203468	48.5048917
	14.203344	48.5049077
	14.202971	48.5049613
	14.2024513	48.5050111
	14.2020126	48.5051393
	14.2014476	48.5052115
	14.201262	48.5051705
	14.2010983	48.5051461
	14.2006406	48.5051486
	14.2001933	48.505162
	14.2003705	48.5054544
	14.2004663	48.5057661
	14.2007041	48.5062122
	14.2008972	48.5065523
	14.201039	48.5067408
	14.2013732	48.5071987
	14.2015231	48.507372
	14.2016016	48.507537
	14.2013575	48.5076806
	14.2010914	48.5077591
	14.2010346	48.5079316
	14.2007381	48.5081266
	14.2005149	48.5081079
	14.200404	48.5080891
	14.2000495	48.508359
	14.1999129	48.5085133
	14.1999264	48.5085857
	14.1999013	48.5086602
	14.1997025	48.5088143
	14.1993799	48.5089465
	14.1992811	48.5089265
	14.1991161	48.5089053
	14.198746	48.5090836
	14.1986474	48.509166
	14.198685	48.5093196
	14.1982255	48.5098454
	14.1980344	48.510017
	14.1977396	48.5102809
	14.1976227	48.5103402
	14.197456	48.5104298
	14.1973216	48.5104632
	14.1970744	48.5106515
	14.1970665	48.5108362
	14.1966058	48.5112338
	14.1964116	48.5114468
	14.1961159	48.511543
	14.1959609	48.5114642
	14.1958512	48.5114833
	14.1957503	48.511521
	14.1956616	48.5115767
	14.1954493	48.5118118
	14.1953655	48.5119295
	14.1952552	48.5120271
	14.195075	48.5120763
	14.1946913	48.5121428
	14.194796	48.5122165
	14.1947971	48.5123539
	14.1945487	48.5124127
	14.1942738	48.5124728
	14.1940799	48.5125805
	14.1940737	48.5126853
	14.1941025	48.5128138
	14.1942381	48.51304
	14.1943673	48.5132251
	14.1942989	48.5133553
	14.1942297	48.5134307
	14.1940682	48.51338
	14.1939244	48.5133609
	14.1938284	48.5133641
	14.1936914	48.5134643
	14.1937034	48.5137113
	14.1935284	48.5138053
	14.1933484	48.513902
	14.1930162	48.5142074
	14.1928672	48.5143862
	14.1929782	48.5145314
	14.1930044	48.5146072
	14.193011	48.5147493
	14.1929823	48.5148134
	14.1926965	48.5149682
	14.1925725	48.5149489
	14.192354	48.5150643
	14.1920592	48.5152527
	14.1919349	48.515265
	14.1917211	48.515344
	14.1915896	48.5154537
	14.1914954	48.5155852
	14.1913222	48.5156095
	14.1911108	48.5155853
	14.1908331	48.5156446
	14.1906201	48.5157357
	14.1905207	48.5158549
	14.1904653	48.516115
	14.1908373	48.5164153
	14.1913175	48.5168646
	14.1918274	48.5174464
	14.192262	48.5178613
	14.1924661	48.5180614
	14.1930184	48.518516
	14.1932025	48.5187149
	14.1934616	48.5190922
	14.1937175	48.5194403
	14.1938319	48.5195519
	14.193986	48.5198514
	14.1941968	48.5203884
	14.1944402	48.5210072
	14.1945114	48.5215999
	14.1944881	48.5216819
	14.1946053	48.5221749
	14.1945345	48.5225374
	14.1945051	48.5227579
	14.1945063	48.5228447
	14.1945181	48.5231415
	14.1948003	48.5236528
	14.1948883	48.5237429
	14.1949088	48.5239389
	14.1948128	48.5243667
	14.1946966	48.5244961
	14.1947196	48.5246631
	14.1947605	48.5247155
	14.1948042	48.5251226
	14.1947756	48.525435
	14.1946611	48.5255511
	14.1945338	48.5257076
	14.1944904	48.5258574
	14.194485	48.5260009
	14.1944488	48.5261641
	14.1944357	48.5264686
	14.1949819	48.5267192
	14.1954833	48.5270174
	14.1958712	48.5271478
	14.196488	48.5273399
	14.1969181	48.5275566
	14.1972418	48.5279084
	14.1974916	48.5282675
	14.1976679	48.5285368
	14.1977458	48.5286989
	14.1977758	48.5289389
	14.1973156	48.5291862
	14.1969658	48.5293836
	14.196566	48.5296055
	14.1960473	48.5298982
	14.1951206	48.5304118
	14.1943151	48.5308593
	14.193485	48.5313182
	14.1929256	48.5316296
	14.1921902	48.5314489
	14.192012	48.531295
	14.1914556	48.5313101
	14.1904715	48.5313466
	14.1900945	48.5313284
	14.1897646	48.531329
	14.189769	48.53159
	14.1897635	48.5319466
	14.1898337	48.5324929
	14.1902636	48.5327936
	14.1904087	48.5329566
	14.1905402	48.5331716
	14.1906363	48.5336282
	14.1905817	48.5337949
	14.1904549	48.5339972
	14.1903702	48.5342622
	14.1903951	48.5347105
	14.1904908	48.5348914
	14.1905155	48.5351179
	14.1904184	48.535369
	14.1901381	48.5356464
	14.1896104	48.5356945
	14.189268	48.5357033
	14.1889337	48.5356367
	14.1886655	48.5355376
	14.1887839	48.5353996
	14.1890329	48.5351008
	14.1890695	48.535052
	14.1892734	48.5348948
	14.1892467	48.534794
	14.1890714	48.534628
	14.1889308	48.5345402
	14.1885699	48.5344675
	14.1884384	48.5344146
	14.1882749	48.5342903
	14.1881648	48.5342404
	14.1874763	48.5341774
	14.1870812	48.534123
	14.1868284	48.5340926
	14.1868266	48.5339197
	14.1870372	48.5335532
	14.1870971	48.5333508
	14.1870812	48.5327627
	14.1867364	48.5327795
	14.1857641	48.5326473
	14.1854881	48.5326289
	14.1850843	48.5326529
	14.184798	48.5326618
	14.1846865	48.5325737
	14.184375	48.5323306
	14.1840527	48.5319797
	14.1837001	48.5313904
	14.1839249	48.5310803
	14.1840663	48.5307217
	14.1841726	48.5303442
	14.1842862	48.5301287
	14.1842897	48.5298199
	14.1840135	48.5297895
	14.1831617	48.5297362
	14.1831115	48.529944
	14.1829974	48.530325
	14.1827961	48.5306323
	14.1825847	48.5308633
	14.1819118	48.5308791
	14.1815101	48.5308082
	14.1811493	48.5307549
	14.180824	48.5302856
	14.1801648	48.5302819
	14.1797098	48.5303513
	14.1793696	48.5304309
	14.179118	48.5304245
	14.1787709	48.5303532
	14.1775878	48.5302893
	14.1771971	48.5302969
	14.176958	48.5303746
	14.1767225	48.5305437
	14.1764564	48.5308923
	14.1760168	48.5313009
	14.1758489	48.5314305
	14.1757478	48.5315575
	14.1755088	48.5319528
	14.17501	48.5318561
	14.1745036	48.53181
	14.1742782	48.5317808
	14.1739582	48.5317952
	14.1737903	48.5317677
	14.1735549	48.5317188
	14.1733602	48.5316572
	14.1730396	48.5317903
	14.1727845	48.5319188
	14.1725978	48.5320553
	14.1724275	48.532087
	14.1722605	48.5321493
	14.1721925	48.5322879
	14.1721189	48.5325343
	14.1719226	48.532522
	14.171663	48.5325161
	14.1714243	48.5325041
	14.1708871	48.5324224
	14.171	48.5323535
	14.1710645	48.5321416
	14.1709759	48.5320419
	14.1710468	48.5319091
	14.1712061	48.5319247
	14.1712297	48.5316863
	14.171333	48.531401
	14.1713861	48.531356
	14.1715012	48.5311978
	14.1715307	48.5311176
	14.1714864	48.5310375
	14.1714599	48.530934
	14.171451	48.530719
	14.1714746	48.5304454
	14.1715543	48.5303712
	14.1717019	48.5303028
	14.1719025	48.5301601
	14.1721474	48.5300233
	14.1727878	48.5297126
	14.1731832	48.5295367
	14.1730239	48.5292827
	14.1730681	48.5291244
	14.1730888	48.5290228
	14.1730681	48.5287433
	14.1728468	48.528927
	14.1725901	48.5289876
	14.1722714	48.5288606
	14.1719055	48.5286456
	14.171215	48.5285088
	14.1710733	48.5285049
	14.1706897	48.5287805
	14.1702441	48.5290658
	14.1700494	48.5292964
	14.1700582	48.5293726
	14.1699136	48.5295152
	14.1696362	48.5297888
	14.1690047	48.530078
	14.1686329	48.5302539
	14.1683083	48.5303966
	14.1680368	48.5304786
	14.1674467	48.5308597
	14.166287	48.531655
	14.1663548	48.5318837
	14.1655345	48.5320029
	14.1643217	48.5324074
	14.1640236	48.5319833
	14.1640266	48.5318192
	14.1628108	48.5317723
	14.1626514	48.5322764
	14.1627636	48.5326028
	14.1633331	48.5332378
	14.1632534	48.533275
	14.1632416	48.5333414
	14.1634865	48.5338631
	14.1627606	48.534207
	14.1622265	48.5343536
	14.1621173	48.5343712
	14.1619904	48.5343614
	14.1616599	48.5343653
	14.1603291	48.5345294
	14.1601845	48.5345216
	14.1602465	48.5346779
	14.1597035	48.5348225
	14.1595825	48.5346897
	14.1590189	48.53425
	14.1588153	48.5341132
	14.1581838	48.5338631
	14.1574283	48.533867
	14.1574785	48.5344337
	14.1573074	48.5346818
	14.1571569	48.5347659
	14.1569001	48.5350726
	14.1568529	48.5352817
	14.1569798	48.5353599
	14.1569798	48.5354146
	14.1567142	48.5357194
	14.1565047	48.5359246
	14.1562657	48.5361141
	14.1559588	48.5362528
	14.1556165	48.5364287
	14.1551768	48.5366886
	14.1546752	48.5366846
	14.1542443	48.5369328
	14.1541263	48.5370735
	14.1539876	48.5372943
	14.153961	48.537474
	14.1536689	48.5378785
	14.1536512	48.5380875
	14.1536099	48.5382341
	14.1535243	48.5382907
	14.1532882	48.5382712
	14.1531495	48.5383982
	14.1529666	48.5385076
	14.152822	48.5385115
	14.1525564	48.538617
	14.1523971	48.5387538
	14.1524413	48.5388066
	14.152282	48.5389101
	14.1520046	48.5391621
	14.1519426	48.539297
	14.1520341	48.5394298
	14.1520872	48.5394826
	14.1520784	48.5395842
	14.1517449	48.5399417
	14.1514144	48.5401957
	14.1510573	48.5403207
	14.1508655	48.5404575
	14.1508183	48.5405357
	14.1499655	48.5407545
	14.1495465	48.5409381
	14.1494166	48.5410221
	14.1492455	48.5411433
	14.1491629	48.5412468
	14.1490625	48.541407
	14.1488973	48.5415965
	14.1486494	48.5416669
	14.1485638	48.5416981
	14.1484871	48.5417919
	14.1484753	48.5418662
	14.1483396	48.5420635
	14.1481389	48.5422706
	14.1477789	48.5424151
	14.1475399	48.5427277
	14.1473186	48.5428704
	14.1470323	48.5432357
	14.1467254	48.5436831
	14.1467756	48.5437964
	14.1467785	48.5439019
	14.1464303	48.5439976
	14.1462739	48.5440191
	14.1461411	48.5439937
	14.1458431	48.5440933
	14.1457929	48.5441441
	14.1454182	48.5442907
	14.1451467	48.5443278
	14.1449578	48.5443258
	14.1447881	48.544326
	14.1444149	48.5442008
	14.1442791	48.5439527
	14.1441935	48.5435072
	14.1440165	48.543095
	14.1439693	48.5429583
	14.1440283	48.542929
	14.1441316	48.5429211
	14.143984	48.5421455
	14.1436476	48.5411921
	14.1435296	48.541069
	14.1427506	48.5406236
	14.1423197	48.5406412
	14.1418358	48.5406783
	14.1407823	48.5409127
	14.1403102	48.5409772
	14.1400328	48.5409733
	14.1399177	48.5410612
	14.1397023	48.5410827
	14.1389439	48.5410241
	14.138696	48.5410612
	14.1383011	48.5410871
	14.138087	48.5405301
	14.138251	48.5400922
	14.1383905	48.5398614
	14.1384759	48.5396404
	14.1384629	48.5393268
	14.1383579	48.5391946
	14.1381916	48.5391147
	14.1379479	48.5389734
	14.1376529	48.5388669
	14.1373954	48.5388189
	14.1370252	48.5387479
	14.1364911	48.5386547
	14.1362903	48.5386129
	14.1359278	48.5385375
	14.1355442	48.5384079
	14.135209	48.5382996
	14.134981	48.5383422
	14.1347154	48.5382853
	14.1345242	48.5382057
	14.1340905	48.5379852
	14.1340073	48.5378875
	14.1339483	48.5377312
	14.1339617	48.5375643
	14.1338491	48.5374009
	14.1336801	48.5373476
	14.133487	48.5373761
	14.1332992	48.5372979
	14.1331678	48.5371381
	14.1331602	48.5368529
	14.1331517	48.5366035
	14.1330659	48.5364632
	14.1328915	48.5361133
	14.1327413	48.5359464
	14.1325723	48.5358078
	14.1324436	48.5356445
	14.1324087	48.5354828
	14.1323336	48.5353692
	14.1318964	48.5349891
	14.1314941	48.5347316
	14.1310426	48.5345127
	14.1309174	48.5343994
	14.1308991	48.5342971
	14.1310483	48.5339964
	14.1309815	48.5338677
	14.1304588	48.533776
	14.1300488	48.5339349
	14.1300139	48.534013
	14.1298449	48.5341019
	14.1296438	48.5341214
	14.1294851	48.534062
	14.1293993	48.5339749
	14.1293353	48.5337005
	14.1291383	48.5335052
	14.1288496	48.533423
	14.1286507	48.5334058
	14.1285325	48.5333141
	14.1285036	48.5331633
	14.1284431	48.5330487
	14.1281444	48.5326774
	14.128018	48.5323249
	14.1280153	48.5320301
	14.1278543	48.5319129
	14.1277194	48.5319776
	14.1275781	48.5320291
	14.1274685	48.5320272
	14.1273154	48.5319019
	14.1271917	48.5317752
	14.1271571	48.5315671
	14.1270072	48.5311737
	14.1267923	48.5309623
	14.1267303	48.5309045
	14.1267252	48.5308131
	14.1268168	48.5305742
	14.1264622	48.5302343
	14.1263078	48.5301137
	14.126193	48.5296653
END
END
