7873147
1
	13.6851827	48.4068244
	13.6851853	48.4067269
	13.6854685	48.406518
	13.6856678	48.4062047
	13.6860899	48.4057574
	13.6861231	48.4056592
	13.6860898	48.4056067
	13.6865935	48.4055404
	13.6873052	48.4053138
	13.6880087	48.4050596
	13.6885914	48.4048441
	13.6894198	48.40467
	13.6899318	48.4044572
	13.6903896	48.4043356
	13.6907975	48.4041781
	13.6913595	48.4041532
	13.6916883	48.4040068
	13.6917549	48.4039156
	13.6929537	48.4032275
	13.6932867	48.4029926
	13.6935697	48.4027439
	13.6937529	48.4025891
	13.6940151	48.4022741
	13.6942066	48.4021774
	13.6950224	48.4018403
	13.6954886	48.4016606
	13.6958716	48.4012765
	13.6960048	48.4010969
	13.6961671	48.4008012
	13.6960506	48.4007984
	13.6961671	48.4005994
	13.6962337	48.4003452
	13.6962171	48.400102
	13.6961005	48.3996046
	13.696088	48.3993227
	13.6961172	48.3990408
	13.6964502	48.3986401
	13.6968123	48.3984438
	13.6972036	48.3980984
	13.697599	48.3977806
	13.6978654	48.3974931
	13.698127	48.396997
	13.6983566	48.3965728
	13.6988103	48.3960726
	13.6985938	48.3960173
	13.6988394	48.3956276
	13.6988685	48.3955557
	13.6990142	48.3952517
	13.699228	48.394883
	13.699368	48.3947321
	13.6997135	48.3944889
	13.6999549	48.3943866
	13.7004794	48.3942595
	13.700725	48.39416
	13.7009373	48.3939085
	13.7009664	48.3937952
	13.7009997	48.3937786
	13.7009956	48.3936404
	13.7009831	48.3933004
	13.7009206	48.392861
	13.7008957	48.392579
	13.7008291	48.392416
	13.7007208	48.3922639
	13.7005668	48.3921285
	13.7004087	48.3919544
	13.7003837	48.3918521
	13.7004087	48.3915757
	13.7004628	48.3911694
	13.7004669	48.3908819
	13.7004544	48.3905585
	13.7006626	48.3900472
	13.7006418	48.3898039
	13.7007375	48.3894253
	13.7008374	48.3892705
	13.7011746	48.3889775
	13.7013743	48.3888614
	13.7016074	48.3887867
	13.7018697	48.3885932
	13.7021985	48.3882781
	13.7024732	48.3879271
	13.7026897	48.3876258
	13.7029977	48.3872277
	13.7033224	48.3868656
	13.7034348	48.3867301
	13.7037303	48.3864979
	13.7038885	48.386321
	13.7040784	48.3861159
	13.7048829	48.3854292
	13.7051065	48.3852761
	13.7054294	48.3851394
	13.7058623	48.3849556
	13.7062384	48.3848142
	13.7064903	48.3847293
	13.7070332	48.3844937
	13.707271	48.3843523
	13.7077926	48.3841496
	13.7080906	48.38402
	13.7083071	48.383888
	13.7086584	48.3836595
	13.7089209	48.3834167
	13.7094177	48.3831716
	13.7096803	48.383009
	13.7100493	48.3826626
	13.7101984	48.3825825
	13.7104325	48.3823798
	13.7106242	48.3822054
	13.7108371	48.3820169
	13.7110251	48.3818401
	13.7112061	48.3816822
	13.7114048	48.3815243
	13.7114899	48.3814041
	13.7115183	48.3813052
	13.7116141	48.3811072
	13.7117312	48.3809729
	13.7118235	48.3806429
	13.7119974	48.3801669
	13.7121499	48.3799359
	13.7124445	48.3797214
	13.7126609	48.37954
	13.7127922	48.3794881
	13.712959	48.3793444
	13.713037	48.3792925
	13.7131825	48.3792454
	13.7135941	48.379012
	13.7141264	48.378774
	13.7143641	48.378635
	13.7147154	48.3785195
	13.7149673	48.3783686
	13.7152867	48.378206
	13.7156663	48.378008
	13.7157338	48.3779515
	13.7159041	48.3776851
	13.7160247	48.3775154
	13.7162696	48.377506
	13.7167104	48.3775092
	13.718036	48.3775066
	13.7182775	48.377557
	13.7188833	48.3778717
	13.7190465	48.3780648
	13.719042	48.3783335
	13.7190845	48.3784894
	13.7192208	48.3787418
	13.7194019	48.3789022
	13.7195919	48.3789928
	13.7203609	48.3789898
	13.7207946	48.3790314
	13.7210405	48.37907
	13.7216441	48.3794427
	13.7221761	48.3796832
	13.7225718	48.379894
	13.7230798	48.3801437
	13.7236341	48.3803466
	13.7241962	48.3805477
	13.7250997	48.3808784
	13.7259313	48.3810728
	13.7267295	48.3812483
	13.7271325	48.3809381
	13.7278229	48.3804079
	13.7282592	48.3800738
	13.7287084	48.3797669
	13.7292115	48.3794379
	13.729442	48.3792824
	13.7306635	48.3801234
	13.7313911	48.3805578
	13.7320268	48.3805369
	13.7325338	48.3805037
	13.7330486	48.380495
	13.7337211	48.3804444
	13.7340791	48.3804008
	13.7345173	48.3808061
	13.7347942	48.3810435
	13.7351894	48.3812828
	13.7358104	48.3815953
	13.7360235	48.3814645
	13.7363695	48.381182
	13.7366294	48.3810139
	13.7369463	48.3806974
	13.7371607	48.3804627
	13.737831	48.3800447
	13.7380202	48.3802083
	13.7383919	48.3806065
	13.7386792	48.3809306
	13.7388661	48.381232
	13.7395	48.3818604
	13.739842	48.381762
	13.7400449	48.3816681
	13.740241	48.3817332
	13.7404143	48.3818756
	13.7405123	48.3820028
	13.7405602	48.38213
	13.7407654	48.3823889
	13.7409478	48.3825903
	13.7414403	48.3826494
	13.7418439	48.3826085
	13.7422064	48.3826115
	13.7424914	48.3826569
	13.742952	48.3826009
	13.743465	48.382395
	13.743766	48.3822435
	13.7446278	48.3817665
	13.7448125	48.3819286
	13.7450724	48.3821057
	13.7453209	48.3821254
	13.7456538	48.3820709
	13.7470994	48.3819074
	13.7475303	48.3819058
	13.7478997	48.3818422
	13.748171	48.3817438
	13.7484195	48.3816757
	13.7488436	48.3816181
	13.7492221	48.3816106
	13.7495345	48.3815197
	13.7499471	48.3812168
	13.7502572	48.3810684
	13.7503895	48.3810942
	13.7511396	48.381126
	13.7519832	48.3811093
	13.7523868	48.3812441
	13.7525624	48.3811805
	13.7525715	48.3811199
	13.7529978	48.3809018
	13.7535017	48.3807504
	13.7536317	48.3807368
	13.7537092	48.380658
	13.7538734	48.3805566
	13.7542428	48.3806505
	13.7581485	48.375047
	13.7588826	48.3745518
	13.759724	48.3739959
	13.7605197	48.3734795
	13.7614978	48.3728494
	13.7615389	48.3728827
	13.7618353	48.3729963
	13.7623665	48.3726434
	13.7627633	48.3724087
	13.7628727	48.3725404
	13.7628646	48.3726453
	13.7628445	48.3727311
	13.7628183	48.3728878
	13.7631372	48.3729923
	13.7630711	48.3732552
	13.7628363	48.3738733
	13.7626272	48.3745936
	13.7623668	48.3753223
	13.7621064	48.3759688
	13.761974	48.3765047
	13.7619271	48.376862
	13.7617905	48.377225
	13.7616752	48.3774008
	13.7612611	48.3777807
	13.7607532	48.3782202
	13.7602537	48.3786342
	13.7599848	48.3789262
	13.7597414	48.3792353
	13.7595152	48.379618
	13.7593743	48.3799554
	13.7593444	48.3802305
	13.7594512	48.3805508
	13.7596475	48.3808542
	13.7600189	48.3811292
	13.7604586	48.3813079
	13.7608513	48.3813731
	13.7615173	48.3813958
	13.7625802	48.3814099
	13.7630711	48.3813872
	13.7636688	48.381305
	13.7642109	48.3812171
	13.7647872	48.3810697
	13.765816	48.3807522
	13.7667295	48.3804403
	13.7672631	48.3803127
	13.7678778	48.3801596
	13.768198	48.3801142
	13.7686505	48.3801312
	13.7692652	48.3802815
	13.7696131	48.3804879
	13.7698174	48.3806929
	13.7699926	48.3810862
	13.7702137	48.3815184
	13.7703889	48.3817705
	13.7704181	48.3821556
	13.7703472	48.3824852
	13.7702304	48.3827207
	13.7699467	48.3832858
	13.76988	48.3833634
	13.7697215	48.3836127
	13.7695171	48.3841695
	13.769563	48.384344
	13.7693086	48.3848537
	13.7692168	48.385031
	13.7690917	48.3855822
	13.7690458	48.3859811
	13.7691042	48.3865822
	13.7689499	48.386837
	13.7690875	48.3870946
	13.769271	48.3872968
	13.7693419	48.3874409
	13.7695213	48.3876071
	13.7698884	48.3877705
	13.7706725	48.3881167
	13.770831	48.3881998
	13.7709353	48.38833
	13.7712189	48.3888286
	13.7715401	48.3891665
	13.7719488	48.3896125
	13.7722992	48.3900002
	13.7724994	48.3902689
	13.7727038	48.3904849
	13.7728581	48.3905847
	13.7732001	48.3909586
	13.7733253	48.3911386
	13.7735297	48.3913685
	13.7739217	48.3916898
	13.7740677	48.3918729
	13.7740146	48.392151
	13.7741061	48.3926465
	13.7740602	48.3929289
	13.7739457	48.3930685
	13.7733057	48.3938487
	13.7732545	48.3939982
	13.7732699	48.3942379
	13.7735796	48.3944725
	13.7737076	48.3945422
	13.7736104	48.3946118
	13.773508	48.3947665
	13.7735208	48.3950419
	13.7731726	48.3949977
	13.7723023	48.3948277
	13.772141	48.3955212
	13.772077	48.3960787
	13.7721896	48.3961705
	13.7724149	48.3962113
	13.7727938	48.3962487
	13.7735131	48.3962895
	13.7735899	48.3963099
	13.7736308	48.3963541
	13.7734644	48.3964509
	13.7725301	48.3968691
	13.772036	48.3970645
	13.7717621	48.3971342
	13.7714908	48.3971835
	13.7710428	48.397226
	13.7699216	48.3971886
	13.7687952	48.3965495
	13.7686237	48.3965784
	13.7682961	48.3967008
	13.7682372	48.3967841
	13.7676203	48.3972804
	13.7674334	48.3974027
	13.7669547	48.397571
	13.7668472	48.3978888
	13.7668651	48.3980078
	13.7666424	48.3985041
	13.7666296	48.3986265
	13.7666834	48.3989103
	13.7665554	48.3991788
	13.7665195	48.3994814
	13.7666219	48.3997975
	13.7654265	48.3999691
	13.7648505	48.4000201
	13.7645075	48.4000048
	13.7638163	48.4000116
	13.7632071	48.4001102
	13.7626925	48.4000915
	13.7617044	48.4001799
	13.7615047	48.3999539
	13.7611899	48.3999437
	13.7606754	48.3999674
	13.7605269	48.4001493
	13.7600917	48.4004926
	13.759636	48.4006337
	13.7594005	48.4007713
	13.7593135	48.4008461
	13.758909	48.4008767
	13.7585583	48.4008835
	13.7582486	48.4009379
	13.7581795	48.4010059
	13.7581104	48.4011911
	13.757839	48.4012608
	13.757624	48.4015395
	13.7574653	48.4016755
	13.757089	48.4019321
	13.7560623	48.4024882
	13.7557276	48.4026083
	13.7562568	48.4029544
	13.7562935	48.4030449
	13.7566158	48.4035006
	13.7569485	48.4037371
	13.7565608	48.4042189
	13.7562988	48.4043841
	13.755835	48.4040919
	13.755518	48.4043024
	13.754677	48.4037754
	13.7545303	48.4039354
	13.7543731	48.4040589
	13.7541033	48.4041528
	13.753988	48.4042172
	13.7537365	48.4043876
	13.7537863	48.4045494
	13.754098	48.4047772
	13.7543102	48.4049772
	13.7548919	48.4056973
	13.75496	48.4061669
	13.7546744	48.4064799
	13.7546954	48.4065825
	13.7547661	48.4067252
	13.7549678	48.4074678
	13.7549888	48.4076956
	13.7549626	48.4080104
	13.754863	48.4084365
	13.7547085	48.4085617
	13.7541504	48.4088487
	13.7537836	48.4089774
	13.7528483	48.4093982
	13.7524815	48.4096365
	13.7518921	48.41008
	13.7516327	48.4102539
	13.7512607	48.410433
	13.7509725	48.4106626
	13.750831	48.4108399
	13.749969	48.4115321
	13.74988	48.4115825
	13.7494713	48.4117877
	13.7490442	48.4120312
	13.7484233	48.4120086
	13.7484547	48.4121234
	13.7487534	48.4122955
	13.7487377	48.4124468
	13.7487534	48.4125477
	13.7490495	48.4130555
	13.7494162	48.4132363
	13.7500293	48.413565
	13.7502441	48.4137267
	13.7503725	48.4139615
	13.7506188	48.4139371
	13.7507681	48.4142084
	13.7509568	48.4144397
	13.751148	48.414631
	13.7514676	48.4149179
	13.7513026	48.4149579
	13.7515986	48.4152378
	13.750776	48.4155108
	13.7517316	48.4164959
	13.751521	48.4169319
	13.7509392	48.4176134
	13.7508641	48.4176686
	13.7503386	48.4182505
	13.7499927	48.4186171
	13.7497782	48.4187541
	13.7494752	48.418957
	13.7491239	48.4191616
	13.748644	48.4197009
	13.7481498	48.4198164
	13.7479448	48.4195872
	13.7478184	48.4193821
	13.7475769	48.4190578
	13.7472399	48.4191883
	13.7474477	48.4195163
	13.7471079	48.4196617
	13.7465546	48.4198369
	13.7464423	48.419658
	13.7459284	48.4198611
	13.7458357	48.4199376
	13.74567	48.4199711
	13.7452347	48.4200214
	13.7447067	48.420232
	13.7448135	48.4204389
	13.7448191	48.4208135
	13.7447404	48.421177
	13.7444428	48.4211826
	13.744381	48.421902
	13.7444652	48.42212
	13.7456026	48.4220268
	13.7459902	48.4226046
	13.746594	48.4235569
	13.7468495	48.4240042
	13.7463047	48.424308
	13.7460941	48.4244478
	13.7459452	48.4245726
	13.7458778	48.4246714
	13.7458975	48.4248168
	13.7460435	48.4251485
	13.7461587	48.4257206
	13.7456784	48.4260952
	13.7452909	48.4264959
	13.7454903	48.4266244
	13.7456166	48.426658
	13.7456672	48.4267046
	13.7456784	48.4269077
	13.74485	48.4273699
	13.7440496	48.4279047
	13.7434739	48.4282867
	13.7429515	48.428665
	13.7425836	48.4288364
	13.7422831	48.4290526
	13.7417383	48.4292911
	13.7418535	48.4293638
	13.7419768	48.4293959
	13.7423291	48.4295724
	13.7424855	48.4296483
	13.7429941	48.4300338
	13.7431551	48.4301809
	13.7435238	48.4306345
	13.7437805	48.430907
	13.7443171	48.4313575
	13.7443895	48.4314798
	13.7448328	48.4312337
	13.7454045	48.4309921
	13.7459668	48.43102
	13.7461698	48.4310494
	13.7467321	48.4311949
	13.7471848	48.4313761
	13.7484774	48.4319009
	13.7485638	48.4317647
	13.7489558	48.4320186
	13.7485731	48.432819
	13.7489558	48.4330171
	13.7491424	48.433093
	13.7495041	48.4331364
	13.7487901	48.4338872
	13.7486454	48.4339011
	13.7485964	48.4340467
	13.7494668	48.4338779
	13.7498681	48.4339615
	13.7503907	48.4343934
	13.7506124	48.4346133
	13.7507711	48.4347603
	13.7508411	48.4347897
	13.7509531	48.4347743
	13.7510277	48.4348501
	13.7511001	48.4349863
	13.7509461	48.4351056
	13.7514127	48.4354152
	13.7515037	48.4354105
	13.7516437	48.4353594
	13.7517791	48.4353842
	13.7518117	48.4354477
	13.7517347	48.4355731
	13.7516974	48.4356737
	13.7517371	48.4357821
	13.7518421	48.4359291
	13.7520894	48.4363812
	13.7517744	48.4364508
	13.7514641	48.4364864
	13.7512331	48.436587
	13.7510254	48.4367666
	13.7509111	48.4369292
	13.7507827	48.4370607
	13.7505937	48.4372032
	13.7500338	48.4375066
	13.7495064	48.4377125
	13.7497118	48.4381335
	13.7499358	48.4384524
	13.7505191	48.4382837
	13.7514617	48.4382775
	13.7523671	48.4379988
	13.7530717	48.4383611
	13.7526121	48.4388146
	13.7525234	48.4390174
	13.7524909	48.4392537
	13.7526049	48.439485
	13.7536407	48.440037
	13.7544343	48.4395287
	13.7548106	48.4393295
	13.7549129	48.4393575
	13.7548884	48.4394416
	13.7547505	48.4394991
	13.754715	48.4395463
	13.7549173	48.4395788
	13.7549351	48.4396024
	13.7547683	48.4398089
	13.7547417	48.4398148
	13.7545749	48.4398
	13.754526	48.4398634
	13.7544037	48.4399195
	13.7544726	48.4400345
	13.7546171	48.4400272
	13.7546372	48.4400463
	13.7546438	48.4400788
	13.7545571	48.4401393
	13.7545905	48.4401865
	13.7545838	48.4402764
	13.7547417	48.4403723
	13.7547417	48.4403989
	13.7545549	48.4404933
	13.7542925	48.4404889
	13.7542369	48.4405051
	13.7540902	48.4406349
	13.7542725	48.4408207
	13.7542747	48.4408414
	13.7542236	48.4408517
	13.7538078	48.4407426
	13.7536544	48.4408075
	13.753551	48.4409337
	13.7535803	48.4409516
	13.7538098	48.4409192
	13.7538391	48.440937
	13.7538318	48.441005
	13.7537097	48.441039
	13.7536511	48.4411006
	13.7535071	48.4411475
	13.7533899	48.4411491
	13.7532825	48.4411945
	13.7532044	48.4412658
	13.7532166	48.4413176
	13.7531433	48.4413905
	13.7529871	48.4414164
	13.752909	48.4413807
	13.7528406	48.4414164
	13.7528552	48.4414569
	13.7530847	48.4415378
	13.7531653	48.4414536
	13.7532239	48.441452
	13.7532654	48.4415443
	13.753197	48.4417468
	13.7532483	48.441797
	13.7532556	48.4418245
	13.7531873	48.4418634
	13.7531067	48.4418634
	13.7530725	48.4418213
	13.7530701	48.4417711
	13.7530359	48.4417694
	13.7529871	48.4417856
	13.7528919	48.441852
	13.752826	48.441852
	13.7527698	48.4418213
	13.7527039	48.4417711
	13.7525598	48.4419249
	13.7524768	48.4421257
	13.7525916	48.4421452
	13.7526685	48.4422295
	13.7526761	48.4422613
	13.7526282	48.4423398
	13.7526333	48.4424066
	13.7526005	48.44243
	13.7525653	48.442405
	13.7525117	48.4423371
	13.7524583	48.4423182
	13.7523015	48.4423844
	13.7522177	48.4424367
	13.7521377	48.4424671
	13.7520487	48.4424647
	13.7519917	48.4424954
	13.7520439	48.4426656
	13.7522267	48.4428073
	13.7523372	48.442812
	13.7523906	48.442838
	13.7524343	48.4429162
	13.7523728	48.4429727
	13.7522446	48.4429774
	13.7521484	48.443001
	13.752095	48.443001
	13.752013	48.4429656
	13.7519311	48.4429821
	13.7519169	48.4430223
	13.751981	48.4430861
	13.7519739	48.443157
	13.7520487	48.4431995
	13.7520202	48.4433554
	13.7519561	48.4434311
	13.751835	48.4434405
	13.7517245	48.4433933
	13.7516569	48.443457
	13.7514538	48.4435067
	13.7513897	48.4435941
	13.7513185	48.4435468
	13.7511048	48.4435492
	13.7511012	48.443587
	13.7512295	48.4437642
	13.7511084	48.4438516
	13.7510478	48.4438611
	13.7509267	48.443776
	13.7508412	48.4437642
	13.7507522	48.4438162
	13.7507237	48.4438871
	13.7507557	48.4439225
	13.7508519	48.4439319
	13.7509018	48.4440477
	13.7508875	48.4441729
	13.7506703	48.4443123
	13.7504744	48.4443383
	13.7503889	48.4443927
	13.7504067	48.4445486
	13.750339	48.4447471
	13.7502108	48.4448321
	13.7501538	48.4448463
	13.7500754	48.4448274
	13.7499686	48.4447211
	13.7498795	48.4447258
	13.7497941	48.4449125
	13.7497015	48.4449668
	13.7495376	48.4449574
	13.7493738	48.4450637
	13.7494415	48.4451983
	13.7494379	48.4452291
	13.7492277	48.4452999
	13.7491351	48.4453992
	13.7491529	48.4454393
	13.7491173	48.4454582
	13.7488146	48.4454441
	13.7487433	48.4454819
	13.7487968	48.4456142
	13.7488573	48.4456921
	13.7488395	48.445711
	13.7485332	48.4457677
	13.7485368	48.4458292
	13.7486436	48.4458528
	13.7486365	48.4459
	13.748494	48.4459615
	13.7483053	48.4459308
	13.7481735	48.4458552
	13.7481236	48.4458717
	13.7480773	48.4459993
	13.7480951	48.4461103
	13.7478956	48.4462875
	13.7478422	48.4463017
	13.7477603	48.4462686
	13.7476036	48.4463253
	13.7473934	48.4463017
	13.747251	48.446245
	13.7471049	48.4462426
	13.7469375	48.4463064
	13.746763	48.4463324
	13.7466989	48.4463962
	13.7464781	48.4464836
	13.7464745	48.4465403
	13.7465172	48.4465994
	13.746503	48.4466891
	13.7464638	48.4467151
	13.7462644	48.4467199
	13.7461575	48.4468687
	13.7461005	48.4470105
	13.746072	48.4470388
	13.7459901	48.4470412
	13.7458405	48.4472562
	13.745438	48.4474924
	13.7452742	48.4475137
	13.7450569	48.4475066
	13.7447791	48.4475515
	13.7447506	48.4476554
	13.7446544	48.4477523
	13.744487	48.4478161
	13.744398	48.4478421
	13.744341	48.4479366
	13.7442413	48.4479815
	13.7442733	48.4480689
	13.7440703	48.4481799
	13.7439385	48.4481941
	13.7438531	48.4483146
	13.7435859	48.4484091
	13.7434328	48.448428
	13.743358	48.4484587
	13.7433865	48.4485296
	13.7432333	48.4486808
	13.7429769	48.4486878
	13.7428843	48.4487327
	13.7427988	48.4486973
	13.7427311	48.4486052
	13.7427667	48.4484587
	13.7425779	48.4484185
	13.742496	48.4484209
	13.7424426	48.4484185
	13.7424141	48.448324
	13.7423322	48.4483476
	13.7423073	48.4484067
	13.7421114	48.4485603
	13.7419333	48.4485721
	13.7418229	48.4486359
	13.7418798	48.4486808
	13.7417196	48.4487162
	13.7415949	48.4487138
	13.7414738	48.4486453
	13.7414346	48.4484918
	13.7413313	48.4482957
	13.7411319	48.448239
	13.740879	48.448239
	13.740651	48.4481492
	13.7403198	48.4481067
	13.7402307	48.4480594
	13.7399209	48.4480287
	13.7394935	48.4479626
	13.7393581	48.4480523
	13.7392299	48.4480287
	13.739123	48.4480382
	13.7390839	48.4479767
	13.7390233	48.4479342
	13.7389343	48.4479531
	13.7387882	48.4478704
	13.7387312	48.4477736
	13.7386101	48.4477239
	13.7384677	48.4477688
	13.7381222	48.4476956
	13.7380082	48.447809
	13.7378123	48.4478799
	13.7376663	48.4478751
	13.7374526	48.4477877
	13.7372852	48.4478468
	13.7371213	48.4477169
	13.7370715	48.4477263
	13.7370038	48.447835
	13.7368364	48.4478255
	13.7366227	48.4478775
	13.736466	48.4478657
	13.7362202	48.4478657
	13.736124	48.4479673
	13.7359424	48.4479956
	13.735832	48.4479484
	13.735572	48.4479815
	13.7354616	48.4480405
	13.7353939	48.448135
	13.735255	48.4481421
	13.7351802	48.4481681
	13.7351267	48.4483098
	13.7349985	48.4483169
	13.7348881	48.4483618
	13.7348276	48.4483996
	13.7347314	48.4483382
	13.7346174	48.4483453
	13.7344358	48.4484398
	13.73445	48.4484918
	13.7342826	48.4485532
	13.7342363	48.44865
	13.7340867	48.44865
	13.7339015	48.4487091
	13.7336451	48.4485721
	13.7334207	48.4486406
	13.7333886	48.4486926
	13.7332141	48.4487894
	13.7326727	48.4486808
	13.732548	48.4486997
	13.7325765	48.4487327
	13.7325374	48.4488178
	13.7323878	48.4488485
	13.7323272	48.4488012
	13.7321491	48.4488627
	13.732053	48.4489265
	13.7317787	48.4489524
	13.7316469	48.4490139
	13.731305	48.4488343
	13.730931	48.4486477
	13.729948	48.4483429
	13.7293638	48.4481445
	13.7288937	48.4479555
	13.7287441	48.4478161
	13.7282561	48.4475562
	13.7278002	48.4473081
	13.7272517	48.4469963
	13.7267922	48.4467482
	13.7261903	48.4464056
	13.7259481	48.4462639
	13.7257059	48.4460111
	13.7254851	48.445893
	13.7247798	48.4457252
	13.7242919	48.4454441
	13.7239393	48.44517
	13.7234086	48.444766
	13.7229776	48.4444517
	13.7226748	48.4442249
	13.722308	48.4440524
	13.7214354	48.443828
	13.7208263	48.4436484
	13.7203989	48.4435185
	13.7200285	48.4434098
	13.7195156	48.4432137
	13.7184399	48.4428356
	13.7180303	48.4426324
	13.7173607	48.4424765
	13.7166848	48.4422794
	13.7165059	48.4422261
	13.7163135	48.4421008
	13.7161141	48.4420488
	13.7158398	48.4419969
	13.7152272	48.4420701
	13.7148069	48.4422166
	13.7145042	48.4422331
	13.7141907	48.4421812
	13.7139129	48.4419827
	13.7138346	48.4419023
	13.714034	48.4416519
	13.7140091	48.4414605
	13.7138274	48.44134
	13.7132861	48.4411652
	13.7127447	48.4409194
	13.71236	48.4407138
	13.7119718	48.4405106
	13.7116655	48.4403382
	13.7113734	48.4401704
	13.7108783	48.4399152
	13.7105791	48.4397616
	13.7104046	48.4396647
	13.7105898	48.4393221
	13.7107251	48.4390646
	13.7109887	48.4385376
	13.7108641	48.4383557
	13.7101054	48.4377838
	13.7095106	48.4373679
	13.7090725	48.4370726
	13.7089514	48.4371127
	13.7089229	48.4370655
	13.7087591	48.4369284
	13.7085525	48.436919
	13.7085311	48.4367654
	13.7082782	48.436815
	13.708216	48.436924
	13.708296	48.4371175
	13.70815	48.4372852
	13.7077261	48.4373892
	13.707085	48.4374294
	13.7065828	48.4374223
	13.7066184	48.4375239
	13.7063299	48.437557
	13.7058028	48.4376137
	13.7055107	48.437557
	13.7052365	48.4375003
	13.7048661	48.4374199
	13.7041858	48.4371884
	13.7039293	48.4371624
	13.7033345	48.4370442
	13.7030104	48.4366708
	13.7025189	48.4367252
	13.7021128	48.4366141
	13.7015501	48.436522
	13.7012117	48.4366874
	13.7010443	48.4367087
	13.7004245	48.4366921
	13.7001182	48.4366945
	13.6998725	48.4367748
	13.6996125	48.4367701
	13.6992278	48.4366189
	13.6988823	48.4366189
	13.6982234	48.4362219
	13.6980489	48.4356595
	13.697511	48.4353924
	13.6965871	48.4349351
	13.6965906	48.434914
	13.6965003	48.4347536
	13.6964736	48.4345854
	13.696487	48.4344002
	13.6966802	48.4341172
	13.6967177	48.4337059
	13.6967553	48.4335635
	13.696927	48.4333712
	13.6970612	48.4332857
	13.6973483	48.4330098
	13.6974342	48.4328211
	13.6974422	48.4326679
	13.6974288	48.4324881
	13.6974744	48.4322994
	13.6974825	48.4320555
	13.6973506	48.4314713
	13.6972827	48.4311563
	13.697385	48.4308875
	13.6975633	48.4305518
	13.6976786	48.4303186
	13.6977783	48.4301412
	13.6979487	48.4296627
	13.6980798	48.4293217
	13.6981517	48.4289458
	13.6982083	48.428664
	13.6982162	48.4283404
	13.6982057	48.4280081
	13.6981952	48.4276671
	13.6981139	48.4276288
	13.698051	48.4274652
	13.6980562	48.4273974
	13.6979749	48.4273382
	13.6978281	48.4271225
	13.6974794	48.4267814
	13.6972512	48.4267484
	13.6970415	48.4266544
	13.6967426	48.4264822
	13.6966849	48.4263221
	13.6964935	48.4262299
	13.6963295	48.4262
	13.6960739	48.4261498
	13.6958904	48.4260576
	13.6957147	48.4259323
	13.695602	48.4258471
	13.695657	48.4255634
	13.6956679	48.4253943
	13.695539	48.4251302
	13.6952821	48.4249283
	13.6949648	48.4249022
	13.6949464	48.4248344
	13.6950146	48.4246917
	13.6952008	48.424549
	13.6954586	48.4245249
	13.6955993	48.4244672
	13.6957673	48.4243628
	13.6959638	48.4242393
	13.6962391	48.4241349
	13.696441	48.4239783
	13.6961998	48.423766
	13.6963807	48.4235816
	13.696565	48.4234179
	13.6967399	48.4233832
	13.6968741	48.4233761
	13.6971804	48.4232544
	13.6973483	48.4229899
	13.697621	48.4226854
	13.6980457	48.4224435
	13.6980877	48.4224401
	13.6984731	48.4221495
	13.6987589	48.4220103
	13.6986173	48.4218728
	13.698578	48.4216814
	13.6985833	48.421396
	13.6986436	48.4212255
	13.6987144	48.4210601
	13.6987825	48.4208183
	13.6986619	48.4206825
	13.6985518	48.4205816
	13.6983945	48.4204667
	13.6981926	48.4203206
	13.6982192	48.4201235
	13.6982555	48.4199255
	13.6983656	48.4196854
	13.6985046	48.4194157
	13.6984364	48.4191912
	13.6984207	48.4190241
	13.6984443	48.4189302
	13.6985177	48.4187996
	13.6984312	48.4186656
	13.698405	48.4185229
	13.6984548	48.4182706
	13.6984364	48.418241
	13.6983315	48.4179121
	13.6983578	48.4177746
	13.6983289	48.4176285
	13.6982555	48.4175762
	13.6981218	48.4173813
	13.6979068	48.4172717
	13.6978412	48.4170315
	13.6977337	48.4168088
	13.6977363	48.4167322
	13.6976918	48.416499
	13.6976508	48.4164532
	13.6975869	48.4163667
	13.6974217	48.4162119
	13.697332	48.416095
	13.6971568	48.4160274
	13.696913	48.4158342
	13.6966087	48.4156216
	13.6964384	48.4155122
	13.6963361	48.4154618
	13.6961736	48.4154339
	13.6959507	48.4154357
	13.6959612	48.4153121
	13.695796	48.4151415
	13.695619	48.4150537
	13.6953092	48.4147987
	13.6951693	48.4146786
	13.6950592	48.4145672
	13.6950513	48.4144628
	13.6947708	48.4142174
	13.6945269	48.4140451
	13.6942175	48.4138867
	13.6940103	48.4137005
	13.6940602	48.4136518
	13.6939002	48.4133211
	13.693777	48.4131088
	13.6935803	48.4127955
	13.6932185	48.4124265
	13.6928016	48.4120262
	13.6925603	48.411793
	13.6923479	48.4116085
	13.6921404	48.4114456
	13.6918498	48.411149
	13.6915187	48.4108727
	13.6913935	48.4107713
	13.6912703	48.4106808
	13.6911323	48.4106091
	13.6909032	48.4104911
	13.6906646	48.4103362
	13.6904312	48.4101917
	13.6900851	48.4099498
	13.6898229	48.409727
	13.6893352	48.4093406
	13.6891473	48.409216
	13.6888956	48.409115
	13.6885626	48.4089027
	13.6882191	48.4087042
	13.6880317	48.4085603
	13.6878362	48.4084362
	13.6874141	48.4081821
	13.6872358	48.4081647
	13.6871608	48.4081367
	13.687104	48.4081161
	13.6870602	48.4080929
	13.6867481	48.4079071
	13.6861529	48.4074945
	13.6856888	48.4072334
	13.6854816	48.4070402
	13.6852404	48.4069549
	13.6851932	48.4069689
	13.6852456	48.4069306
	13.6852614	48.4068905
	13.6851827	48.4068244
END
END
