7873260
1
	13.6386646	48.0571734
	13.639015	48.0567695
	13.6387719	48.056358
	13.6387499	48.0560026
	13.6387202	48.055596
	13.6391107	48.0551257
	13.6395148	48.0547785
	13.6399163	48.0545482
	13.6403797	48.0546949
	13.6417235	48.0549788
	13.6423695	48.0547597
	13.6429082	48.0546312
	13.6429556	48.0544798
	13.6437216	48.0543116
	13.6440359	48.054154
	13.6443705	48.0541751
	13.6446155	48.0541311
	13.6448316	48.054087
	13.6453533	48.0540606
	13.6456431	48.0540694
	13.6458553	48.054115
	13.646438	48.0541236
	13.6465918	48.0543085
	13.6468796	48.0545989
	13.6471067	48.0549514
	13.6474532	48.0553938
	13.6477773	48.0556721
	13.6478389	48.0557739
	13.6480408	48.0557407
	13.6481888	48.055678
	13.6488207	48.0557513
	13.6492181	48.0558194
	13.6498535	48.0558887
	13.6504327	48.0559521
	13.6511893	48.0559961
	13.6521864	48.0559885
	13.652881	48.0560145
	13.6538136	48.0562427
	13.6540592	48.0563232
	13.6543511	48.0563149
	13.6544133	48.0566138
	13.6551494	48.0565206
	13.6562834	48.0564577
	13.657028	48.0565209
	13.6575901	48.0565396
	13.6578079	48.0565209
	13.6580317	48.056463
	13.6585641	48.0562585
	13.6589388	48.0562185
	13.6588882	48.0557865
	13.6589465	48.0553588
	13.6587723	48.055348
	13.6587749	48.0554325
	13.6580698	48.055397
	13.6580561	48.0544035
	13.6582558	48.0543882
	13.6582739	48.0537513
	13.6585723	48.0537806
	13.6586933	48.0533879
	13.6590152	48.0526987
	13.6591554	48.0527519
	13.6599579	48.0528348
	13.660924	48.0529661
	13.661556	48.0531912
	13.6620002	48.0535412
	13.6624638	48.0538308
	13.662772	48.0540247
	13.6631927	48.0541591
	13.6633651	48.0541991
	13.6650482	48.0546599
	13.6651738	48.0551775
	13.6651299	48.0555455
	13.6650942	48.0557963
	13.6651396	48.0559164
	13.6657325	48.0557955
	13.6661958	48.0556464
	13.6664427	48.0555811
	13.6667048	48.055532
	13.6667462	48.0557256
	13.6666141	48.0557658
	13.6662694	48.0559064
	13.6659887	48.0560185
	13.6660507	48.0562714
	13.6661124	48.0566941
	13.6661233	48.0568722
	13.6660319	48.0571178
	13.6660018	48.0573168
	13.6658896	48.0574454
	13.6655861	48.0576945
	13.6652762	48.0579295
	13.6650123	48.0580474
	13.6647329	48.0581298
	13.6645257	48.0582233
	13.6643216	48.0582982
	13.6641666	48.0583901
	13.6640731	48.0584708
	13.664018	48.0585628
	13.6640372	48.0586545
	13.6640931	48.0587844
	13.6642664	48.0591293
	13.6643946	48.0594573
	13.6645039	48.0597847
	13.6646456	48.0600865
	13.6647647	48.0602831
	13.6649202	48.0604548
	13.6651185	48.0606257
	13.6653457	48.0607739
	13.6655481	48.0609471
	13.6656651	48.0609053
	13.6657146	48.060935
	13.6660518	48.0608965
	13.6660807	48.0608593
	13.6662607	48.0608256
	13.6663483	48.0608851
	13.666512	48.0608648
	13.666673	48.0607874
	13.666842	48.0607248
	13.6674259	48.0604833
	13.6675672	48.0603958
	13.6676454	48.0604188
	13.667941	48.0602706
	13.6681667	48.0602072
	13.6682606	48.0601878
	13.6682952	48.0601366
	13.6687007	48.060178
	13.6690259	48.0600192
	13.6692935	48.0598204
	13.66954	48.0596053
	13.6698098	48.0590889
	13.6699917	48.0588839
	13.6705425	48.0586427
	13.6706136	48.0585638
	13.6706063	48.0583732
	13.6706594	48.0581552
	13.6707981	48.0579782
	13.6710205	48.0578469
	13.6715105	48.0578064
	13.6719458	48.0577809
	13.6725122	48.0577368
	13.6731443	48.0576897
	13.6733485	48.0574776
	13.6733975	48.057394
	13.6735345	48.0570746
	13.6735502	48.0569796
	13.6734948	48.056837
	13.673297	48.0566065
	13.6732502	48.0565061
	13.6732315	48.0562973
	13.6731527	48.0560793
	13.6730561	48.0559883
	13.672987	48.0558016
	13.6729346	48.0556129
	13.6730018	48.0554743
	13.6731186	48.0553314
	13.673463	48.0550984
	13.6736566	48.0547988
	13.6737252	48.0544239
	13.6736758	48.0539861
	13.6737655	48.0538261
	13.6739368	48.053508
	13.6739302	48.0533579
	13.6737173	48.0531266
	13.673691	48.0529623
	13.6738003	48.0528291
	13.6739113	48.0527555
	13.67437	48.052631
	13.6745553	48.0525099
	13.6744907	48.0522239
	13.6743594	48.051991
	13.6743233	48.0518167
	13.6743133	48.0516514
	13.6743615	48.0515452
	13.674593	48.0513725
	13.6746896	48.0513127
	13.6751116	48.051148
	13.6752972	48.0510505
	13.6756405	48.0505979
	13.6758645	48.0504326
	13.6763095	48.0501106
	13.6766796	48.0501853
	13.6779385	48.0504857
	13.6782801	48.0497781
	13.6771614	48.0493421
	13.6775501	48.0491412
	13.6780272	48.0489875
	13.6786005	48.0489452
	13.6790673	48.0489555
	13.6794042	48.0488518
	13.6796053	48.0487278
	13.6798834	48.0483504
	13.679937	48.048253
	13.680038	48.0479336
	13.680128	48.0477277
	13.6802739	48.0475183
	13.6805262	48.0473641
	13.6808076	48.0472655
	13.6809434	48.0472481
	13.6809221	48.0473984
	13.6815049	48.0476061
	13.6819341	48.0477629
	13.6824563	48.0480275
	13.6825833	48.0481328
	13.6826344	48.0482132
	13.6832792	48.0485627
	13.6834804	48.0486647
	13.6836903	48.0487643
	13.6842565	48.0490424
	13.6849925	48.0492928
	13.685642	48.0495785
	13.6859953	48.0496727
	13.6865207	48.0500277
	13.6874676	48.0505485
	13.6877561	48.0506703
	13.6882792	48.0509611
	13.6886026	48.051076
	13.6889038	48.0512314
	13.689155	48.0514849
	13.6892647	48.0517305
	13.6896478	48.0519901
	13.6897062	48.0520699
	13.6897051	48.0521732
	13.689597	48.0523263
	13.6894743	48.0524827
	13.6893059	48.0526539
	13.6892017	48.0527885
	13.6891436	48.0529218
	13.6891038	48.0530245
	13.6887618	48.0535341
	13.6886196	48.0538711
	13.6885091	48.0544144
	13.6884905	48.0545857
	13.6883867	48.0547311
	13.6880806	48.054904
	13.6884445	48.055027
	13.6891039	48.0550988
	13.6904069	48.0550871
	13.6907725	48.0551302
	13.690993	48.055149
	13.6912011	48.0552047
	13.6912727	48.0553116
	13.6920771	48.0553871
	13.6917327	48.0559931
	13.69131	48.0559669
	13.6907724	48.0559758
	13.6904258	48.0560051
	13.6904333	48.0562255
	13.6904332	48.0565097
	13.6903856	48.0566631
	13.6903192	48.0571304
	13.6903122	48.0572349
	13.6903049	48.0572715
	13.6895798	48.0573966
	13.6899075	48.0576129
	13.6901211	48.0576646
	13.6903816	48.0576938
	13.6903959	48.0578279
	13.6907572	48.0578971
	13.6908068	48.0581452
	13.6910789	48.0584729
	13.6910863	48.058619
	13.6911123	48.0587952
	13.6911759	48.0589713
	13.6914173	48.0589632
	13.6915422	48.0590196
	13.6917511	48.0589957
	13.6917892	48.0589341
	13.6918159	48.0586928
	13.692188	48.0586035
	13.6921996	48.0585601
	13.6930357	48.0583973
	13.6932344	48.0589874
	13.6933048	48.0593157
	13.6933183	48.0595044
	13.6933005	48.0596128
	13.6930561	48.0596441
	13.6927225	48.0597042
	13.6922981	48.0598196
	13.6923107	48.0599515
	13.6924998	48.0603799
	13.6923921	48.0603317
	13.6922744	48.0603165
	13.6921994	48.060236
	13.6920769	48.0601789
	13.6917812	48.060164
	13.6915455	48.0602272
	13.691296	48.0604332
	13.6911673	48.0605169
	13.6910691	48.0605823
	13.6912838	48.0607658
	13.6918185	48.0609895
	13.6920143	48.0610523
	13.6922321	48.0612106
	13.6924149	48.0614318
	13.6923491	48.0615403
	13.6919374	48.0616273
	13.6914842	48.0616756
	13.6909017	48.0617677
	13.6908344	48.0621588
	13.6907667	48.0624187
	13.6902443	48.0624992
	13.6900578	48.0625572
	13.6899705	48.0626752
	13.6898252	48.0629699
	13.6896239	48.0632364
	13.6894453	48.0633876
	13.6890932	48.0635436
	13.6889947	48.0635691
	13.6885317	48.0637112
	13.6883082	48.0637444
	13.6880717	48.0638158
	13.6877176	48.0637834
	13.6874809	48.0637131
	13.6872303	48.0637811
	13.6870945	48.0637979
	13.6866235	48.0639667
	13.6862666	48.0641243
	13.6861373	48.0641466
	13.6859233	48.0643458
	13.6857377	48.0643507
	13.685626	48.0646898
	13.6855825	48.0651179
	13.6854253	48.0651141
	13.6847294	48.0652757
	13.6846971	48.0653019
	13.6846844	48.0653286
	13.68398	48.0654399
	13.6838694	48.0655645
	13.6839178	48.0657604
	13.6843164	48.0663043
	13.6845039	48.0664664
	13.6846287	48.0664882
	13.6851058	48.0668319
	13.6853732	48.0670273
	13.6855827	48.067133
	13.6863978	48.0672704
	13.6865065	48.0676118
	13.6866197	48.0678505
	13.6870833	48.0679268
	13.6877227	48.0680228
	13.6881711	48.0680731
	13.689194	48.0680908
	13.6898876	48.0682518
	13.6903149	48.068713
	13.6905548	48.0687556
	13.6909385	48.0687147
	13.6906146	48.0687816
	13.689375	48.0690952
	13.6888524	48.0691746
	13.6877367	48.0692348
	13.6869767	48.0692615
	13.6859752	48.0693219
	13.6851004	48.069326
	13.6848611	48.0694151
	13.6844015	48.0694779
	13.6839588	48.0692542
	13.682968	48.0696245
	13.6830071	48.0697479
	13.6833309	48.0699472
	13.6834059	48.0699306
	13.6835436	48.0699267
	13.6837504	48.0700593
	13.6840309	48.0702773
	13.6845737	48.0704539
	13.6845827	48.0705233
	13.6845382	48.0705741
	13.6843306	48.0705526
	13.6841152	48.0704722
	13.6834286	48.0702983
	13.6830187	48.0702287
	13.6829093	48.0703153
	13.6826151	48.0702705
	13.6826138	48.0701077
	13.6820459	48.0699922
	13.6815233	48.0699629
	13.6811879	48.0699863
	13.6806827	48.0697394
	13.6803045	48.0698682
	13.6794535	48.0698797
	13.6793618	48.0699619
	13.6786556	48.0702747
	13.6783121	48.0702988
	13.6776837	48.0703314
	13.6770354	48.0702071
	13.6765323	48.0701512
	13.6764248	48.0702968
	13.676227	48.0702848
	13.6757845	48.0702313
	13.6752441	48.0712286
	13.6747253	48.0717666
	13.6749978	48.071851
	13.6759197	48.0720308
	13.6765466	48.0718401
	13.6768287	48.0717989
	13.6786609	48.072079
	13.6789085	48.072157
	13.6790389	48.0725086
	13.678894	48.0727905
	13.6788471	48.0730045
	13.6788889	48.0732628
	13.6790112	48.0733916
	13.679434	48.0735017
	13.6797438	48.0734764
	13.6799404	48.0735637
	13.6802582	48.0737459
	13.6804248	48.0738158
	13.6811876	48.0739999
	13.68126	48.0741558
	13.6814287	48.0742651
	13.6815116	48.0746295
	13.6815867	48.0751495
	13.6817036	48.0754879
	13.6817187	48.0756712
	13.6818422	48.0760347
	13.6821537	48.0763234
	13.6821567	48.0764372
	13.6824667	48.0773459
	13.6832363	48.0775676
	13.683795	48.0776237
	13.6838473	48.0774855
	13.6839886	48.0773488
	13.6841656	48.0772497
	13.6851881	48.0772705
	13.6856232	48.0773746
	13.6862173	48.0775447
	13.6871343	48.0775569
	13.6870461	48.0776644
	13.6862511	48.0777445
	13.6856623	48.0779242
	13.6851353	48.0781002
	13.684741	48.0783416
	13.6846439	48.0784803
	13.6846613	48.078562
	13.6843437	48.0785559
	13.6841713	48.0787563
	13.6841152	48.0787496
	13.683807	48.0789998
	13.68374	48.0795347
	13.6841791	48.07952
	13.6845012	48.0792516
	13.6851092	48.0790751
	13.6861231	48.0789969
	13.6862266	48.0795655
	13.6861566	48.0798969
	13.6860496	48.0804262
	13.6862427	48.0804585
	13.687534	48.0801832
	13.6888673	48.0799236
	13.6893729	48.079753
	13.689677	48.0798845
	13.6893546	48.0800741
	13.6888595	48.0801727
	13.6877872	48.0803674
	13.6873636	48.0805248
	13.6864831	48.0807135
	13.6850561	48.0809495
	13.6839315	48.0809357
	13.6830515	48.0808959
	13.6830472	48.0810878
	13.6828522	48.0810968
	13.682621	48.0811466
	13.6824327	48.0819434
	13.6832086	48.0818309
	13.6832285	48.0819766
	13.6833409	48.0824333
	13.6837523	48.0824998
	13.6842086	48.0826568
	13.6845932	48.082696
	13.684627	48.083356
	13.684594	48.083989
	13.684417	48.0839295
	13.6843067	48.0842718
	13.6839948	48.0842223
	13.6834393	48.0842144
	13.6832591	48.0843402
	13.6830324	48.0843289
	13.6820046	48.0845533
	13.6816041	48.0844282
	13.6814853	48.084672
	13.6814343	48.0851157
	13.681436	48.0852501
	13.6817248	48.08533
	13.6816953	48.0855172
	13.6821132	48.0856819
	13.6822412	48.0859833
	13.6822574	48.0862408
	13.6822196	48.0863446
	13.6822013	48.0865381
	13.6827066	48.0866967
	13.6826619	48.0867972
	13.6828011	48.0868628
	13.6826273	48.0870844
	13.6836897	48.0875321
	13.683669	48.087599
	13.683713	48.0876457
	13.6836508	48.0877117
	13.6834947	48.0878172
	13.6835365	48.0878279
	13.6834791	48.087939
	13.6835073	48.088058
	13.6839772	48.0882103
	13.684088	48.0881143
	13.6843844	48.088168
	13.6843213	48.0883029
	13.6846958	48.0883776
	13.6847761	48.0887477
	13.6848076	48.0889691
	13.684603	48.0889318
	13.68444	48.0888959
	13.6841305	48.0888443
	13.6838336	48.0887716
	13.683671	48.0886555
	13.6834869	48.0885685
	13.6834008	48.0883559
	13.6833425	48.0882117
	13.6831625	48.0879583
	13.6828794	48.0878482
	13.6825512	48.0877226
	13.6822212	48.0875491
	13.6819143	48.0874435
	13.6810968	48.087499
	13.6806179	48.0874353
	13.67983	48.087615
	13.6794278	48.0875776
	13.6792789	48.0876601
	13.679232	48.0878431
	13.6792356	48.0882106
	13.6791012	48.0886227
	13.6783109	48.08867
	13.6763491	48.0888394
	13.6759274	48.0891253
	13.6758308	48.0891702
	13.6756553	48.089289
	13.6754898	48.0895846
	13.6754236	48.0897251
	13.6753959	48.0898485
	13.6754365	48.090239
	13.6754533	48.0903065
	13.6755692	48.0904639
	13.6756622	48.090539
	13.6754743	48.0905555
	13.6750024	48.0905092
	13.674857	48.0906137
	13.6747586	48.0911628
	13.6745505	48.0916658
	13.6744808	48.0919582
	13.6744589	48.0922503
	13.6745688	48.0927267
	13.674631	48.0928474
	13.6746156	48.0931087
	13.6744914	48.0933279
	13.6744472	48.0936383
	13.6744629	48.09391
	13.674453	48.094177
	13.6743514	48.0943134
	13.6742893	48.0944339
	13.6741554	48.0945325
	13.6739745	48.0947451
	13.673871	48.0948346
	13.6737905	48.0949412
	13.6735075	48.0952688
	13.6734701	48.0952512
	13.6732289	48.0952077
	13.6718941	48.0949325
	13.6707222	48.0947746
	13.6703306	48.0947073
	13.6691584	48.0946025
	13.6691098	48.0942609
	13.6691059	48.0940444
	13.6691323	48.0939468
	13.6697269	48.0930299
	13.6702115	48.0928268
	13.6705928	48.0926879
	13.6701283	48.0922565
	13.669656	48.0918509
	13.6686873	48.0909967
	13.6683731	48.0907246
	13.6684121	48.0904685
	13.6680923	48.0902942
	13.667772	48.090195
	13.6674658	48.0900922
	13.6673037	48.0900658
	13.6669726	48.0900788
	13.666691	48.0901204
	13.6665491	48.0901851
	13.666381	48.0898177
	13.6662373	48.0895282
	13.6658685	48.0891436
	13.6659623	48.0890809
	13.6659185	48.0889481
	13.6660508	48.0888318
	13.6659892	48.0887118
	13.6658792	48.0887369
	13.6658017	48.0887156
	13.6657024	48.0887282
	13.6656354	48.0886762
	13.6656351	48.0886401
	13.6656512	48.0886061
	13.6656434	48.0885866
	13.6656005	48.0885723
	13.6655868	48.0885577
	13.6655949	48.0885237
	13.6655654	48.088504
	13.6655251	48.0885075
	13.6654771	48.0884988
	13.6654098	48.0884932
	13.6653511	48.0884756
	13.6652035	48.0884505
	13.6650504	48.0883552
	13.6650343	48.0883176
	13.6650316	48.0882764
	13.6650396	48.0881886
	13.6650155	48.0880847
	13.6649675	48.0880294
	13.6649243	48.0880274
	13.6648388	48.0879882
	13.6646883	48.0879163
	13.6647017	48.0878195
	13.6646883	48.0877102
	13.6646617	48.0875278
	13.6647768	48.0875024
	13.6648599	48.0874702
	13.6649645	48.0874737
	13.6650906	48.0874809
	13.6650936	48.0873862
	13.6650718	48.0873429
	13.6650292	48.0872375
	13.6649782	48.0871945
	13.6646912	48.0870422
	13.6645625	48.0869257
	13.6645864	48.086861
	13.6646293	48.086775
	13.6646132	48.0866961
	13.6646212	48.0865815
	13.6646534	48.0865528
	13.664699	48.0865205
	13.6647687	48.0865116
	13.6648599	48.0865026
	13.6650155	48.0864704
	13.6650002	48.0863365
	13.6649029	48.0862625
	13.6646373	48.0862177
	13.6645783	48.0861353
	13.6645729	48.0860421
	13.6646239	48.0860117
	13.6646883	48.0860189
	13.6648519	48.0860511
	13.6648868	48.0860834
	13.6649458	48.0860744
	13.6649887	48.0860547
	13.6650128	48.0859938
	13.6650104	48.0859385
	13.6649619	48.0858952
	13.6647556	48.085865
	13.6645678	48.0858597
	13.6645273	48.0858343
	13.664522	48.0857967
	13.6646078	48.0857644
	13.6646427	48.0857107
	13.6647339	48.0856498
	13.6648465	48.0856462
	13.6648787	48.0856211
	13.6648894	48.0855333
	13.6649487	48.0855228
	13.6650584	48.085562
	13.6651201	48.0855566
	13.6651365	48.0855407
	13.6649192	48.0854296
	13.6649541	48.0854243
	13.6648868	48.085372
	13.6648278	48.0852896
	13.6649273	48.0852146
	13.664989	48.0851429
	13.6650209	48.085071
	13.6650906	48.0850011
	13.6649407	48.0849656
	13.6647446	48.0849796
	13.6646456	48.0849064
	13.6645569	48.0848524
	13.6644659	48.0848383
	13.6644415	48.0847754
	13.6643533	48.0847523
	13.6643101	48.084727
	13.6641843	48.0847308
	13.6641306	48.0847559
	13.6640575	48.0847406
	13.6638051	48.0845108
	13.6637054	48.0843374
	13.6636635	48.0843177
	13.6636406	48.0842754
	13.6637627	48.0840729
	13.6618339	48.083788
	13.6612492	48.0838175
	13.6606717	48.0838396
	13.6602747	48.0839475
	13.6597458	48.084136
	13.6594639	48.0841467
	13.6594228	48.0842184
	13.6584328	48.0841257
	13.6581368	48.084085
	13.6581542	48.083394
	13.6582012	48.0832259
	13.6582774	48.0831206
	13.6585879	48.082863
	13.6566481	48.0819474
	13.6564649	48.0819022
	13.656043	48.0816712
	13.6561843	48.0815451
	13.6564775	48.0813471
	13.6563941	48.0812075
	13.6568396	48.0808299
	13.6568541	48.0806966
	13.6569171	48.0805715
	13.6571014	48.0804535
	13.657224	48.0803013
	13.6573452	48.0802313
	13.6576832	48.0797974
	13.657857	48.0796363
	13.658075	48.0793491
	13.6582217	48.0792568
	13.6578771	48.0789923
	13.6576317	48.0789238
	13.6572358	48.0789156
	13.6567331	48.0789781
	13.6561918	48.0789944
	13.6557697	48.0789674
	13.6549929	48.0786609
	13.6550278	48.0784378
	13.6548966	48.0780113
	13.6549537	48.0775221
	13.6543773	48.0774067
	13.6537669	48.0772768
	13.6531835	48.077054
	13.6530239	48.0770382
	13.6528772	48.0770359
	13.652411	48.0774511
	13.6523075	48.077423
	13.6524936	48.0771603
	13.6522509	48.0770779
	13.6512247	48.0768196
	13.6515452	48.0762983
	13.6517219	48.0760766
	13.6516737	48.0760521
	13.6522707	48.0756162
	13.6524966	48.0752189
	13.6524453	48.075182
	13.6529874	48.0747178
	13.6527044	48.0745768
	13.6522957	48.0744592
	13.651999	48.0743494
	13.6520739	48.0742422
	13.6517276	48.0740558
	13.6518759	48.0738857
	13.6520068	48.073792
	13.6510517	48.0735714
	13.6502542	48.0733796
	13.6502449	48.0732904
	13.6510444	48.0721412
	13.6508958	48.0721227
	13.6507899	48.0720672
	13.6507239	48.0718887
	13.6503023	48.0715453
	13.6504876	48.0713089
	13.6504838	48.0711682
	13.650188	48.0709443
	13.6501102	48.070738
	13.6503151	48.0702349
	13.6502121	48.0700245
	13.6499887	48.0697112
	13.6498412	48.0695453
	13.6494641	48.06939
	13.6495212	48.0692864
	13.6496993	48.0691402
	13.6498366	48.0689663
	13.6501491	48.0686776
	13.6501904	48.0686862
	13.6502427	48.0685892
	13.6502452	48.0684606
	13.6502557	48.0682009
	13.6512268	48.0679927
	13.6509728	48.0676387
	13.6509889	48.0676125
	13.6508424	48.067327
	13.6508331	48.0667664
	13.6513816	48.0666414
	13.6519293	48.0661392
	13.6523077	48.0662786
	13.6529547	48.065555
	13.6512139	48.0650526
	13.6507372	48.0649466
	13.6505799	48.0649178
	13.650294	48.0648894
	13.6499595	48.0648633
	13.6497768	48.0648068
	13.6489955	48.0657203
	13.6483457	48.065561
	13.6481779	48.0655622
	13.6477912	48.0655799
	13.647126	48.065472
	13.646662	48.065267
	13.6463559	48.0651427
	13.6458948	48.0649943
	13.6453678	48.0645892
	13.6450946	48.0643492
	13.6452311	48.0642466
	13.6452891	48.0640987
	13.6456105	48.0639367
	13.6456474	48.0637747
	13.6457598	48.0635964
	13.6457719	48.0632827
	13.6457317	48.0632077
	13.6459056	48.0630598
	13.6459372	48.0629471
	13.6457146	48.0627597
	13.6458424	48.0626054
	13.6461954	48.0625632
	13.6463166	48.0623977
	13.646173	48.0623264
	13.646617	48.0617673
	13.646975	48.0613843
	13.6469564	48.0612897
	13.6471226	48.061218
	13.6472433	48.061083
	13.6473551	48.061088
	13.6477538	48.0609013
	13.6485999	48.0606331
	13.6484357	48.060453
	13.6483759	48.0602544
	13.6480034	48.0604305
	13.6476681	48.0604579
	13.6474184	48.0605526
	13.647165	48.0605576
	13.6468013	48.0606247
	13.6464906	48.0606223
	13.6462894	48.0606796
	13.6459727	48.0606746
	13.6457118	48.0606298
	13.6454037	48.060629
	13.6451939	48.0607219
	13.6447691	48.0605177
	13.6447095	48.0604505
	13.6443518	48.0603484
	13.6441878	48.0602587
	13.6438652	48.0602748
	13.64322	48.0599841
	13.6426555	48.0597442
	13.6423546	48.0597407
	13.6420639	48.059666
	13.6417251	48.0596493
	13.6413496	48.0592321
	13.6409635	48.0587908
	13.6407523	48.0585976
	13.6404237	48.0583991
	13.6409202	48.0582246
	13.6400728	48.0576944
	13.639396	48.0574171
	13.6386646	48.0571734
END
END
