7873606
1
	11.4259132	47.0149825
	11.4260025	47.0147446
	11.4260188	47.0145871
	11.4261554	47.0144004
	11.4262377	47.0141511
	11.4265405	47.0139463
	11.4265875	47.0138093
	11.4267554	47.0136453
	11.4267902	47.0135337
	11.426927	47.013409
	11.427066	47.0131737
	11.4272521	47.0129348
	11.4275026	47.0127923
	11.4278411	47.0125321
	11.4281783	47.012112
	11.428505	47.011884
	11.4288427	47.011396
	11.4290621	47.0111883
	11.4291702	47.0109401
	11.4295717	47.0106339
	11.429805	47.0103195
	11.4303804	47.0100896
	11.4307068	47.0096895
	11.4307663	47.0094277
	11.4307063	47.009348
	11.4307741	47.0091735
	11.4309941	47.0090126
	11.4316756	47.0079512
	11.4319146	47.0076871
	11.4320747	47.0073782
	11.4323287	47.0068683
	11.4324197	47.0066274
	11.4325516	47.0057549
	11.4327705	47.0052847
	11.4335304	47.0044757
	11.4339716	47.0039494
	11.4341717	47.0036549
	11.4343447	47.0033186
	11.4347003	47.0027462
	11.4347057	47.0026555
	11.4344074	47.0024557
	11.4343812	47.0023848
	11.4347366	47.0016835
	11.4350764	47.0013308
	11.4353229	47.001074
	11.4352904	47.0007173
	11.4354181	47.0004487
	11.4354074	46.9997086
	11.4355801	46.9994529
	11.4355546	46.9992359
	11.4355385	46.9988046
	11.4356187	46.9985038
	11.4358062	46.9979614
	11.4360052	46.9976673
	11.4358196	46.9972716
	11.4358092	46.9971772
	11.43563	46.9968865
	11.4357113	46.9965596
	11.4357496	46.9963086
	11.4358169	46.9953663
	11.4358499	46.9945087
	11.4358513	46.9936832
	11.435497	46.9922719
	11.4351456	46.9917322
	11.4347956	46.9911605
	11.4345756	46.9907878
	11.4345002	46.9902709
	11.4344246	46.9897155
	11.4343144	46.988778
	11.4341553	46.987474
	11.4340636	46.9867393
	11.4343184	46.9856774
	11.4345	46.9848002
	11.4346674	46.9841502
	11.4348143	46.9835852
	11.434931	46.9830344
	11.4350343	46.9825905
	11.4351088	46.9822018
	11.4350407	46.9809469
	11.4348334	46.9801024
	11.4345096	46.9788523
	11.4342358	46.978124
	11.4337975	46.9770752
	11.4339598	46.9766235
	11.4340907	46.9761852
	11.434287	46.9755701
	11.4348765	46.9741049
	11.4353795	46.9742934
	11.4355554	46.9744051
	11.4357131	46.9744314
	11.435832	46.974498
	11.4362369	46.9745481
	11.4369043	46.9746307
	11.4376819	46.9746384
	11.4379346	46.9746805
	11.4380789	46.9746838
	11.438192	46.9747583
	11.4382645	46.9748915
	11.4385032	46.9749755
	11.4391525	46.9748088
	11.4393575	46.9748553
	11.4396289	46.9748778
	11.4398805	46.9749622
	11.4399926	46.9750458
	11.4400741	46.9750943
	11.4402351	46.9751304
	11.4403885	46.9752418
	11.4405304	46.9753163
	11.4405848	46.9754118
	11.4407801	46.9755822
	11.4408952	46.9756609
	11.4410279	46.9758397
	11.4412036	46.9759821
	11.4413305	46.976101
	11.4417127	46.9763686
	11.4419825	46.9765344
	11.4423167	46.9766352
	11.4426275	46.9767492
	11.4427698	46.9768693
	11.4429068	46.9771116
	11.4430136	46.9776646
	11.4430165	46.9780857
	11.442942	46.9784404
	11.4429857	46.978651
	11.4430495	46.9788755
	11.4432351	46.9792533
	11.4433113	46.9793905
	11.4433247	46.9794992
	11.4432523	46.9799366
	11.443233	46.9803476
	11.4434545	46.980756
	11.4436117	46.9809551
	11.4437279	46.981057
	11.4437461	46.9812644
	11.4437273	46.9814296
	11.4438681	46.9816872
	11.4441822	46.9819162
	11.4443504	46.9820373
	11.4444596	46.9821048
	11.4445475	46.9821703
	11.4446218	46.9822913
	11.4446658	46.982396
	11.4447922	46.9825738
	11.4450405	46.9828434
	11.4452192	46.9831746
	11.4453074	46.9833583
	11.4453117	46.9835769
	11.4453696	46.9838445
	11.4454343	46.9839365
	11.4455251	46.9840229
	11.4455343	46.9840792
	11.4455619	46.9841566
	11.4456373	46.9843976
	11.446041	46.984916
	11.4462414	46.9850428
	11.4464138	46.9851784
	11.4465857	46.9852874
	11.4467993	46.9855226
	11.4469205	46.985567
	11.4470054	46.9856234
	11.4474846	46.9859322
	11.4476208	46.9860321
	11.447756	46.9860526
	11.4479757	46.9861933
	11.4481967	46.9863556
	11.4483447	46.9869234
	11.448393	46.9870012
	11.4487135	46.9873062
	11.4487964	46.9874721
	11.4488836	46.9875761
	11.4489844	46.9876756
	11.449121	46.9877627
	11.4492725	46.9878525
	11.4493439	46.9879195
	11.4495582	46.9880904
	11.4497988	46.9883112
	11.4499372	46.988578
	11.4500066	46.9886451
	11.4500622	46.988732
	11.450166	46.9888186
	11.4503017	46.9888922
	11.4503685	46.9889618
	11.4504886	46.9890208
	11.4505688	46.9890981
	11.4506809	46.9891779
	11.4507488	46.9892506
	11.4509159	46.989385
	11.4510253	46.9894941
	11.4512088	46.9897255
	11.451311	46.9899326
	11.4513662	46.9901374
	11.4515012	46.9904239
	11.4515875	46.9905814
	11.4516857	46.9907142
	11.4517375	46.9908568
	11.4519405	46.9910769
	11.4520636	46.9913116
	11.4521674	46.9913668
	11.4526172	46.9923061
	11.4535185	46.9925121
	11.4545881	46.9929179
	11.4556366	46.9926437
	11.4560191	46.9926713
	11.4562283	46.9926751
	11.4568725	46.992558
	11.4570702	46.9925264
	11.4574085	46.9924605
	11.4576587	46.9923711
	11.4580401	46.9922906
	11.45845	46.99224
	11.458771	46.9921828
	11.4589403	46.9921364
	11.4590921	46.9921063
	11.4593418	46.992134
	11.4600107	46.9917137
	11.4604831	46.99141
	11.4605279	46.9914763
	11.4610133	46.9916153
	11.4613843	46.9920707
	11.461498	46.992084
	11.4619816	46.9931664
	11.4625639	46.9933266
	11.46357	46.9930506
	11.4642765	46.9934741
	11.4643911	46.9935628
	11.4645295	46.9936131
	11.464516	46.9937324
	11.4645005	46.9937846
	11.4648776	46.9940871
	11.4650597	46.9940976
	11.4653041	46.9942959
	11.4664856	46.9941845
	11.4672621	46.9946616
	11.4678385	46.9947441
	11.4682239	46.9947307
	11.4683964	46.9946843
	11.4690238	46.9948411
	11.4692619	46.9949287
	11.4698636	46.9952201
	11.4693883	46.9965911
	11.4689471	46.9968219
	11.4689881	46.9971479
	11.4687126	46.997422
	11.4685855	46.9978197
	11.468608	46.9980622
	11.4685844	46.9983994
	11.4685166	46.9985152
	11.4686147	46.998779
	11.4687043	46.9988324
	11.4687872	46.9989374
	11.4687311	46.9989634
	11.4688433	46.9990737
	11.4688998	46.9991984
	11.4688781	46.9992568
	11.4689004	46.9993431
	11.4688964	46.9994275
	11.4689605	46.9996267
	11.4690629	47.000009
	11.4692131	47.0001154
	11.4693134	47.0003046
	11.4694046	47.0005201
	11.4693824	47.0006456
	11.4693757	47.0009254
	11.4694459	47.0010037
	11.4694993	47.0011248
	11.4695817	47.0015176
	11.4698687	47.0016064
	11.4699448	47.0019538
	11.469826	47.0022357
	11.4700393	47.0025756
	11.4705797	47.0029006
	11.4707238	47.0030555
	11.4708152	47.0032598
	11.4708573	47.0034199
	11.4714839	47.0038155
	11.4716008	47.0041115
	11.4722499	47.0042666
	11.4728148	47.0045629
	11.473134	47.0045658
	11.4734768	47.0046708
	11.4736492	47.0048131
	11.473889	47.0049529
	11.4741594	47.0050304
	11.4746706	47.0057586
	11.4750166	47.0060659
	11.4750555	47.0065497
	11.4755327	47.0073231
	11.4756349	47.0075982
	11.4761204	47.0079287
	11.475983	47.0083724
	11.4769859	47.0088622
	11.4772131	47.0099208
	11.4774381	47.0100825
	11.4780009	47.0103087
	11.4784096	47.0103536
	11.4786137	47.0105588
	11.4786754	47.0107927
	11.4787673	47.0109803
	11.4795607	47.0109696
	11.4802506	47.0109368
	11.481528	47.0108817
	11.4831334	47.0108879
	11.4834967	47.0108641
	11.484138	47.010827
	11.4853433	47.0107725
	11.4866193	47.0106847
	11.4872773	47.0107025
	11.4882302	47.0107138
	11.488995	47.0106752
	11.4901558	47.0105538
	11.490818	47.0104558
	11.4916333	47.0103392
	11.492702	47.0102597
	11.4933353	47.0100809
	11.4940097	47.0099027
	11.4948	47.0095863
	11.4957456	47.0093794
	11.4961883	47.009288
	11.4973493	47.0093687
	11.4980982	47.0092371
	11.4985976	47.0092191
	11.4988403	47.0092088
	11.49927	47.0094259
	11.4990783	47.0099276
	11.4998823	47.0098279
	11.5014936	47.0097641
	11.5019947	47.0096772
	11.5020294	47.009679
	11.5019894	47.0094972
	11.5022237	47.0094401
	11.5020593	47.0089061
	11.501646	47.0085267
	11.5011386	47.0080678
	11.50085	47.0076215
	11.5008124	47.0073013
	11.5012266	47.0071403
	11.50172	47.0069675
	11.5021831	47.0068241
	11.5023797	47.0070344
	11.5027422	47.0070433
	11.5034419	47.0068851
	11.5048121	47.0067744
	11.5052446	47.0066548
	11.5058682	47.0064978
	11.5061294	47.0063979
	11.5062728	47.0066877
	11.5064875	47.0070879
	11.5075132	47.0072176
	11.5076429	47.0072273
	11.5079292	47.0070278
	11.5078713	47.0068717
	11.5077959	47.0066222
	11.5077171	47.0062921
	11.5076692	47.0060987
	11.5076093	47.0058385
	11.5074355	47.0052184
	11.5074849	47.0052098
	11.5073505	47.0050006
	11.5077779	47.0047454
	11.5079132	47.0048165
	11.5081109	47.0049373
	11.5085699	47.0050876
	11.5088216	47.0049799
	11.508942	47.0049487
	11.5090969	47.0049343
	11.509463	47.004877
	11.5097393	47.0048744
	11.5103856	47.0048476
	11.5109937	47.0048749
	11.5115	47.0048453
	11.512002	47.0050179
	11.512617	47.0051418
	11.5127646	47.0045948
	11.5132954	47.0042986
	11.513626	47.0037855
	11.513895	47.0035948
	11.5145088	47.0034872
	11.5145546	47.0032172
	11.5145309	47.0028461
	11.515052	47.00272
	11.5153169	47.0026706
	11.515552	47.002605
	11.5152689	47.0021595
	11.5153196	47.001843
	11.5150153	47.0014131
	11.5148073	47.0010157
	11.5148346	47.0008911
	11.5149809	47.0007971
	11.5151782	47.0005443
	11.5153356	47.0004934
	11.5153848	47.0004348
	11.5154513	47.0002803
	11.5160313	46.9999302
	11.5164216	46.9996843
	11.5174027	46.9995448
	11.5188258	46.9993859
	11.5194594	46.9993425
	11.5197054	46.9991506
	11.5199437	46.9990937
	11.5199034	46.9989998
	11.5196647	46.998343
	11.520597	46.9984275
	11.521876	46.9980194
	11.5216896	46.9969315
	11.521884	46.9967064
	11.5226764	46.9966295
	11.5226913	46.99642
	11.5235373	46.9967178
	11.5240953	46.9965349
	11.5251814	46.9963354
	11.5253488	46.9960256
	11.526277	46.995689
	11.5274227	46.9949048
	11.5276424	46.9945885
	11.5279917	46.9944228
	11.52818	46.9938315
	11.5305061	46.9927342
	11.5311667	46.9923751
	11.532194	46.9918023
	11.5325927	46.9916471
	11.5329933	46.9908275
	11.5334512	46.9904372
	11.5341434	46.9896141
	11.533938	46.989353
	11.5338064	46.9890977
	11.533565	46.9878627
	11.5334387	46.9872606
	11.5336106	46.9868506
	11.5344596	46.9865553
	11.5352937	46.9855404
	11.5355893	46.9851701
	11.5357128	46.9851539
	11.5358675	46.9851502
	11.536395	46.9850407
	11.5365343	46.9850083
	11.5368757	46.9848664
	11.537235	46.984509
	11.5373397	46.9844443
	11.5374784	46.9843024
	11.537705	46.9841951
	11.5381253	46.9840991
	11.538184	46.9840879
	11.5385291	46.9840796
	11.5389534	46.9841471
	11.5390609	46.9841876
	11.5392608	46.9842616
	11.5393768	46.9842745
	11.5394428	46.9842783
	11.5395022	46.9842648
	11.539556	46.9842597
	11.5397097	46.9842494
	11.5397559	46.9842648
	11.5398398	46.9842726
	11.5399624	46.9843054
	11.5400227	46.9843266
	11.5400982	46.9843253
	11.5401924	46.9843176
	11.5403301	46.9842996
	11.5404536	46.9843066
	11.540564	46.9843034
	11.5407403	46.9843337
	11.5409232	46.9843395
	11.5411146	46.9843703
	11.5412655	46.9844038
	11.5414296	46.9844694
	11.5415371	46.9845311
	11.5416747	46.9845646
	11.5418275	46.9846064
	11.5419039	46.9846161
	11.542051	46.9846534
	11.5421781	46.9846804
	11.5422988	46.9847306
	11.5423893	46.984746
	11.5424591	46.9847846
	11.5425327	46.9848142
	11.5425911	46.9848335
	11.5426468	46.9848631
	11.5426703	46.9848734
	11.5427269	46.9848966
	11.542808	46.9849236
	11.542891	46.984975
	11.542693	46.9853674
	11.5425421	46.9856556
	11.5424063	46.9859605
	11.5422686	46.9862551
	11.5427363	46.9864056
	11.5428721	46.9864751
	11.5430079	46.986506
	11.5431757	46.9865394
	11.543221	46.9865343
	11.543336	46.9865497
	11.5434435	46.9865819
	11.543585	46.986614
	11.5436438	46.986636
	11.5437226	46.9866655
	11.5439018	46.986708
	11.5441319	46.9867646
	11.5441809	46.9867993
	11.5442149	46.9868456
	11.544428	46.9869138
	11.5446203	46.9869627
	11.5447712	46.9870231
	11.5448259	46.9870386
	11.5448768	46.9870502
	11.5449522	46.9870476
	11.5450013	46.987045
	11.5450409	46.9870978
	11.5451257	46.987184
	11.5454331	46.9872702
	11.5455048	46.987283
	11.5455538	46.9873139
	11.5455802	46.9873461
	11.5456236	46.9873718
	11.5456821	46.9873795
	11.5458876	46.9874451
	11.5460781	46.9874798
	11.5461762	46.9875043
	11.5462705	46.987539
	11.5463082	46.9875609
	11.5463723	46.9876162
	11.5464477	46.9876638
	11.5464704	46.9877011
	11.5464765	46.9877125
	11.5464987	46.9877539
	11.5465062	46.987768
	11.5465533	46.9878015
	11.5465835	46.9878478
	11.5466589	46.9878761
	11.5467382	46.9878967
	11.5468268	46.987934
	11.546857	46.9879738
	11.5468664	46.9880176
	11.5468909	46.9880793
	11.5469777	46.9881385
	11.547121	46.988172
	11.5472304	46.9881771
	11.547402	46.9881771
	11.5475793	46.9881835
	11.5477452	46.9882221
	11.5477754	46.9882491
	11.5478079	46.9882661
	11.5478565	46.9882916
	11.5479583	46.9883379
	11.5480998	46.9883714
	11.5482318	46.9884267
	11.5483355	46.9885309
	11.5483657	46.9885913
	11.5484354	46.9886312
	11.5485392	46.988675
	11.5487089	46.9887509
	11.5488371	46.9887817
	11.5489239	46.9888486
	11.5490427	46.9889297
	11.5491653	46.9890017
	11.549252	46.9890364
	11.5493048	46.9890545
	11.5495481	46.9891123
	11.5496273	46.9890956
	11.5497009	46.9890956
	11.5497857	46.9891021
	11.5499083	46.9891239
	11.5499894	46.9891664
	11.5501044	46.9892551
	11.5501818	46.9892873
	11.5503307	46.9893542
	11.5504118	46.9893748
	11.5505288	46.9894185
	11.5506985	46.9894558
	11.5508022	46.9894944
	11.5508852	46.9895356
	11.5509606	46.9895549
	11.5510191	46.9895536
	11.551236	46.9896063
	11.5512982	46.9896308
	11.5513887	46.9896771
	11.5514679	46.9897182
	11.551566	46.9897504
	11.5516188	46.989762
	11.5517961	46.9898109
	11.5520393	46.9899112
	11.5522279	46.9899961
	11.5522581	46.9900193
	11.5525976	46.9901145
	11.5527258	46.9901904
	11.5527918	46.9902161
	11.552871	46.9902225
	11.5529691	46.9902508
	11.5530407	46.9902547
	11.553152	46.9902765
	11.5532274	46.9903036
	11.5532934	46.9903447
	11.5533613	46.9903872
	11.5534481	46.9904592
	11.5534839	46.9904734
	11.5535443	46.9904875
	11.5536272	46.9904952
	11.5537913	46.9904695
	11.5538403	46.9904463
	11.5539667	46.9904039
	11.554041	46.9903967
	11.5541006	46.990391
	11.5542383	46.9903833
	11.5543401	46.9904065
	11.5544099	46.9904309
	11.554523	46.9904502
	11.5546004	46.9904656
	11.5546833	46.9905248
	11.5547286	46.9905403
	11.5547682	46.990557
	11.5548832	46.9905737
	11.5549568	46.9905621
	11.555036	46.9905531
	11.5553755	46.9905557
	11.5556508	46.9905608
	11.555848	46.9905931
	11.5559412	46.9906084
	11.5560581	46.9906123
	11.5562572	46.9906165
	11.5563014	46.9906174
	11.5563712	46.9906071
	11.5565258	46.9906007
	11.5566069	46.9906097
	11.5567201	46.9906123
	11.5569811	46.9906285
	11.5570105	46.9906303
	11.5573141	46.9906354
	11.5575593	46.9906162
	11.5576592	46.9905724
	11.5577101	46.9905616
	11.5577988	46.9905428
	11.5579082	46.9905068
	11.5579949	46.9904952
	11.558014	46.9904893
	11.5581458	46.9904489
	11.5581816	46.9904078
	11.5582269	46.9903923
	11.5582646	46.9903743
	11.5583004	46.9903512
	11.558423	46.9903229
	11.558523	46.9903229
	11.5586097	46.9903126
	11.5588021	46.9903241
	11.5588605	46.9903422
	11.5588851	46.9903653
	11.5589303	46.9904
	11.559051	46.9904348
	11.5591265	46.9904271
	11.5592207	46.9904103
	11.5592763	46.9903656
	11.559283	46.9903602
	11.5595149	46.990274
	11.5596356	46.9902534
	11.559779	46.9902482
	11.5600562	46.9902971
	11.5601712	46.9903409
	11.5602221	46.9903743
	11.5604032	46.9904348
	11.560571	46.9904412
	11.5607106	46.9904438
	11.5607879	46.9904361
	11.5608784	46.9904283
	11.5609614	46.9904322
	11.5611557	46.9904502
	11.5612349	46.9904631
	11.5613292	46.9904798
	11.5614291	46.9905004
	11.5615724	46.9905364
	11.5616252	46.9905801
	11.5616988	46.9906316
	11.5617629	46.9906856
	11.561861	46.9907435
	11.5619458	46.9908027
	11.5620024	46.990822
	11.5620609	46.9908541
	11.5621042	46.9908709
	11.5623777	46.9909815
	11.5624362	46.9910265
	11.5624682	46.9910818
	11.5625116	46.9911307
	11.5625418	46.9911834
	11.5625474	46.9912156
	11.5625757	46.9912838
	11.5626398	46.9913365
	11.5626983	46.9913841
	11.56277	46.9914767
	11.5628341	46.9915321
	11.562876	46.9915894
	11.562956	46.9916786
	11.5631933	46.991835
	11.563284	46.9919005
	11.563372	46.9919514
	11.5634734	46.9920333
	11.5634894	46.9920715
	11.5636094	46.9921534
	11.5636867	46.9922389
	11.5637401	46.9922843
	11.5639348	46.9923553
	11.5640601	46.9923371
	11.5642322	46.9923614
	11.5643428	46.9923771
	11.5645168	46.9924128
	11.5645828	46.9924629
	11.5646016	46.9925195
	11.5646772	46.9925658
	11.5647412	46.9925877
	11.5648109	46.9925861
	11.5648619	46.9926134
	11.5649184	46.9926482
	11.5649392	46.9927073
	11.5649524	46.9927485
	11.5649939	46.9927999
	11.5651033	46.992845
	11.5652089	46.9928681
	11.5652787	46.9928694
	11.5653597	46.9928733
	11.5655823	46.9928733
	11.5656917	46.9928913
	11.5659217	46.9929749
	11.5661726	46.9929736
	11.5663272	46.9929942
	11.5664762	46.9930019
	11.5665554	46.9929877
	11.5666384	46.9929775
	11.5667251	46.9929517
	11.5668684	46.9929517
	11.5669835	46.9929311
	11.5671117	46.992899
	11.5671608	46.9928733
	11.56724	46.992872
	11.5673154	46.9928553
	11.5674663	46.992854
	11.5675964	46.9928488
	11.5676907	46.992845
	11.5677925	46.9928257
	11.5678962	46.9927884
	11.5680245	46.9927781
	11.5682018	46.9927729
	11.5683602	46.9927845
	11.5684884	46.9928372
	11.5685789	46.9929286
	11.5686412	46.9929607
	11.5687387	46.9929847
	11.568892	46.9930225
	11.5689674	46.9930289
	11.5691334	46.9930315
	11.569239	46.9930186
	11.5693408	46.9930392
	11.569371	46.9930559
	11.5694766	46.9930984
	11.5695973	46.9931344
	11.5695992	46.9931653
	11.5696237	46.9932051
	11.5696973	46.9933016
	11.5697708	46.993317
	11.5698575	46.9933197
	11.5698972	46.9933209
	11.5700311	46.9933428
	11.5700971	46.9933415
	11.5701838	46.9933441
	11.5702724	46.9933312
	11.5706442	46.9934109
	11.5707011	46.9934231
	11.5708608	46.9934573
	11.5710871	46.9935061
	11.5711531	46.9935524
	11.5711795	46.9936039
	11.5712135	46.9936618
	11.571287	46.9937325
	11.5715228	46.9937621
	11.5716755	46.9937943
	11.5717887	46.9938406
	11.571883	46.9939229
	11.5721413	46.994094
	11.5722526	46.9941531
	11.5723997	46.9942072
	11.5725223	46.9942175
	11.5727656	46.9942753
	11.5728429	46.9943435
	11.5729579	46.9944001
	11.573022	46.9944065
	11.5730862	46.9944233
	11.5732163	46.9944734
	11.5732502	46.9945029
	11.5732917	46.994539
	11.5733351	46.9945635
	11.5734882	46.9946068
	11.5735124	46.9946136
	11.5738669	46.9947063
	11.5740008	46.9947294
	11.5742309	46.9947783
	11.5743233	46.9948066
	11.5743893	46.9948002
	11.5745854	46.9948207
	11.5746929	46.9948529
	11.5748627	46.9948902
	11.5749626	46.9949339
	11.5751983	46.9949905
	11.5754303	46.9950355
	11.5755472	46.995069
	11.5756868	46.9950896
	11.5758756	46.9951401
	11.5760187	46.99515
	11.5761997	46.995195
	11.5763053	46.9952285
	11.5764072	46.9953134
	11.5765094	46.9953691
	11.5766127	46.995442
	11.5767184	46.9955025
	11.5767957	46.9954935
	11.5768324	46.9954926
	11.5769069	46.9954909
	11.5770187	46.9955127
	11.5772294	46.9955539
	11.5774029	46.9956272
	11.5776028	46.995716
	11.5778838	46.9958883
	11.5783195	46.9961212
	11.5786834	46.9963038
	11.578757	46.9963758
	11.5787834	46.996435
	11.5788173	46.9964723
	11.5790342	46.9965495
	11.5791059	46.9966035
	11.5794448	46.996766
	11.5796013	46.9968496
	11.5797258	46.9969885
	11.5798578	46.9970374
	11.5804232	46.9971467
	11.5805943	46.9972049
	11.5807186	46.9970919
	11.5807718	46.9971117
	11.5808174	46.9971138
	11.581386	46.9971394
	11.5815087	46.9973777
	11.581266	46.9976269
	11.5812366	46.9978615
	11.5809939	46.9982272
	11.5809357	46.9986006
	11.5809131	46.9987456
	11.5808638	46.9989948
	11.5808785	46.9994168
	11.5808905	46.9996742
	11.5808198	46.9998406
	11.5807331	47.0000407
	11.5805931	47.0003663
	11.5804597	47.000681
	11.5805531	47.0009038
	11.5806038	47.001092
	11.5806411	47.001273
	11.5808651	47.0015213
	11.5811665	47.0016177
	11.5811532	47.0018996
	11.5811772	47.002026
	11.5811972	47.0020606
	11.5812305	47.0020888
	11.5813105	47.0021188
	11.5814012	47.0021579
	11.5814545	47.0021688
	11.5815946	47.0021906
	11.5817693	47.0022088
	11.5818693	47.0021961
	11.5820133	47.0021888
	11.5822307	47.002207
	11.582304	47.0022206
	11.582392	47.0022206
	11.5824587	47.0022397
	11.5825454	47.0023088
	11.5826027	47.0023343
	11.5826774	47.0023561
	11.5828027	47.0024034
	11.5829694	47.0024258
	11.5829921	47.0024289
	11.5830219	47.0024369
	11.5832081	47.0024871
	11.5833824	47.0025492
	11.5834121	47.0025598
	11.5835985	47.0026258
	11.5836202	47.0026335
	11.5837349	47.0026635
	11.5838131	47.0026827
	11.5839254	47.0027103
	11.5839682	47.0027208
	11.5842243	47.0027845
	11.5843918	47.0028299
	11.5844016	47.0028326
	11.5845416	47.0028909
	11.5846683	47.0029263
	11.5847257	47.0029945
	11.5848043	47.0030618
	11.5848277	47.0031084
	11.5848417	47.0031364
	11.5848496	47.0031563
	11.5848697	47.0032073
	11.584931	47.0032637
	11.5849737	47.0032801
	11.5850177	47.0033083
	11.585143	47.0033337
	11.5853217	47.0033728
	11.5854911	47.0034292
	11.5856044	47.0034701
	11.5857111	47.0035174
	11.5857736	47.0035285
	11.5858085	47.0035347
	11.5860298	47.0036675
	11.5861024	47.0036937
	11.5861831	47.0037228
	11.5862085	47.003732
	11.5864379	47.0038103
	11.5864599	47.0038174
	11.5865592	47.0038494
	11.5866699	47.0039048
	11.5867619	47.0039539
	11.5868646	47.0040303
	11.586978	47.0041367
	11.5871071	47.0041646
	11.587134	47.0041704
	11.5872986	47.004166
	11.5873759	47.0041788
	11.5874608	47.0041788
	11.5875409	47.0041962
	11.5876239	47.0042348
	11.5877559	47.004283
	11.5879322	47.0043595
	11.5880591	47.0044181
	11.5880812	47.0044283
	11.5882368	47.0044785
	11.5883028	47.0045261
	11.5884084	47.0045962
	11.588514	47.0046257
	11.5886093	47.0046618
	11.5886743	47.0047325
	11.5887573	47.0047826
	11.5888092	47.0048604
	11.5888903	47.004919
	11.5889355	47.0049704
	11.5889868	47.0050464
	11.5890189	47.0050721
	11.5890368	47.0050965
	11.5890578	47.005125
	11.589067	47.0051395
	11.5891057	47.0051691
	11.5891577	47.0052055
	11.589207	47.0052146
	11.5892523	47.0052314
	11.5893017	47.0052414
	11.5894057	47.005255
	11.5894544	47.0053187
	11.5894942	47.0053792
	11.5895008	47.0054052
	11.589536	47.0054616
	11.5896245	47.0054263
	11.5897071	47.0053953
	11.589809	47.0053861
	11.5899138	47.0053983
	11.5898915	47.0054123
	11.5846713	47.0086871
	11.5833646	47.0095068
	11.5829323	47.0097778
	11.5827943	47.0098367
	11.5826789	47.0098859
	11.5823581	47.0099164
	11.5759426	47.0105256
	11.5741511	47.0104432
	11.5711732	47.0103064
	11.569695	47.0111835
	11.5695973	47.0112415
	11.5663895	47.0132677
	11.56623	47.0133843
	11.5660031	47.0135501
	11.5599693	47.017949
	11.5580364	47.019405
	11.557919	47.0194942
	11.5556715	47.0212029
	11.5544197	47.0221621
	11.5533794	47.0220138
	11.5525511	47.021892
	11.551025	47.02167
	11.5499593	47.0215069
	11.5488035	47.0217079
	11.5478253	47.0218734
	11.5471537	47.0219814
	11.5468393	47.0223424
	11.5452831	47.0224345
	11.5439377	47.0225095
	11.5428954	47.0226964
	11.5418386	47.0228498
	11.5403956	47.0230793
	11.539848	47.022998
	11.5388957	47.022865
	11.5375232	47.0226541
	11.5361988	47.022462
	11.5336439	47.0220701
	11.5325338	47.0220467
	11.5317503	47.0220295
	11.5311677	47.0220037
	11.5294627	47.0222778
	11.5286432	47.0224047
	11.5277852	47.0227721
	11.5271104	47.0230454
	11.5257741	47.023606
	11.5245462	47.0241039
	11.5235347	47.0245263
	11.5226574	47.0248805
	11.521662	47.0249916
	11.5198928	47.0251858
	11.5181247	47.0253909
	11.5171529	47.0253076
	11.515664	47.0253211
	11.514527	47.025324
	11.5130854	47.0253249
	11.5118682	47.0253323
	11.5119269	47.0257533
	11.5110673	47.0258259
	11.5101628	47.0258945
	11.5092155	47.0257899
	11.5085192	47.0257281
	11.5078204	47.0256502
	11.5072342	47.0261234
	11.5063966	47.0262314
	11.5059935	47.0270278
	11.5059176	47.0271363
	11.5055825	47.0277731
	11.5047816	47.0280919
	11.5044549	47.0281839
	11.5036964	47.0283393
	11.5046738	47.0288132
	11.504763	47.028945
	11.5049031	47.0290666
	11.5048068	47.0291691
	11.5042347	47.0291472
	11.503568	47.029632
	11.5032622	47.0296063
	11.5029647	47.0296149
	11.5028979	47.029652
	11.5023199	47.029754
	11.5021761	47.0298858
	11.502241	47.0301685
	11.5014946	47.0306511
	11.5008833	47.0307391
	11.5000545	47.0307749
	11.4999019	47.0307041
	11.499547	47.0308469
	11.4986654	47.0307845
	11.4981405	47.0307473
	11.4980901	47.0311935
	11.4989631	47.0312451
	11.4997404	47.0314979
	11.5003758	47.0316723
	11.5002099	47.0319256
	11.500455	47.0325833
	11.5014541	47.0331989
	11.5013951	47.0340855
	11.5015356	47.0340784
	11.5014959	47.03421
	11.5021584	47.0354556
	11.5026125	47.0363367
	11.5029365	47.0369612
	11.5031621	47.0373931
	11.5032211	47.0383312
	11.5037517	47.0390482
	11.5039115	47.0392088
	11.5039432	47.0395969
	11.5046532	47.0405284
	11.5048656	47.0407929
	11.5052076	47.0412104
	11.5062064	47.0415891
	11.5062552	47.0419388
	11.5062917	47.042197
	11.5072857	47.0428346
	11.5070929	47.043159
	11.5068566	47.0436785
	11.5066088	47.0441612
	11.5062925	47.0447323
	11.5059586	47.0453611
	11.5058197	47.0457846
	11.5057491	47.0460403
	11.5045225	47.0473964
	11.5042342	47.0479582
	11.5041006	47.0484977
	11.504287	47.0487464
	11.5037688	47.049374
	11.503547	47.0492938
	11.5028357	47.0493852
	11.5025983	47.0498942
	11.5023762	47.0503304
	11.5013557	47.0509625
	11.5003702	47.051572
	11.5000006	47.051693
	11.499498	47.051744
	11.4987276	47.0516438
	11.4985586	47.0521765
	11.4978886	47.0530139
	11.4982392	47.053495
	11.4980917	47.0537576
	11.4978792	47.0543265
	11.4971424	47.0546973
	11.4968431	47.0551364
	11.4965269	47.0555651
	11.4964319	47.0559955
	11.4961948	47.0561139
	11.4961492	47.0563777
	11.4958673	47.0565208
	11.495517	47.0567593
	11.4951139	47.0570504
	11.4952971	47.0574301
	11.4951986	47.0575317
	11.4951214	47.0578485
	11.4943049	47.0583733
	11.4940566	47.0585668
	11.4933479	47.0588016
	11.4925202	47.0592265
	11.4922085	47.0594417
	11.4920768	47.0596632
	11.4920419	47.0600368
	11.4915667	47.0602967
	11.4913022	47.0602356
	11.4909371	47.0603838
	11.4907459	47.0607341
	11.4902725	47.0610813
	11.4899353	47.0615622
	11.4894952	47.0621889
	11.4886709	47.0626855
	11.4885999	47.0630017
	11.4885985	47.0631077
	11.4884635	47.0631292
	11.4882992	47.0630051
	11.4882064	47.0629053
	11.4881513	47.0627313
	11.488075	47.0625901
	11.4880422	47.0623387
	11.4879776	47.0622199
	11.4878641	47.0618752
	11.4877276	47.0615894
	11.4876528	47.061319
	11.4875002	47.0610586
	11.4869208	47.06126
	11.48648	47.061432
	11.486302	47.0614857
	11.4865694	47.0619616
	11.4867663	47.0621365
	11.4870517	47.0625599
	11.4870458	47.0626977
	11.4871094	47.0630692
	11.4871973	47.0632999
	11.4872478	47.0635676
	11.4874377	47.064048
	11.4873693	47.0640575
	11.4871437	47.0637083
	11.4867808	47.0635683
	11.4861175	47.0633056
	11.4858671	47.0632103
	11.4853268	47.0629563
	11.4850827	47.0626762
	11.4846506	47.0621891
	11.48381	47.0625622
	11.4839146	47.0627573
	11.4838758	47.0627806
	11.4836677	47.0632112
	11.4831193	47.0634437
	11.4829157	47.0636206
	11.4826829	47.0638572
	11.4821486	47.0641287
	11.4820715	47.0648977
	11.4816312	47.0650598
	11.4818241	47.0655763
	11.4817997	47.0660736
	11.4816639	47.0659208
	11.4806077	47.0652202
	11.4799835	47.0643905
	11.4796791	47.0643659
	11.4797939	47.0661149
	11.4797075	47.0660676
	11.4796276	47.0659921
	11.4790652	47.0663865
	11.4788087	47.0666197
	11.4787607	47.0667456
	11.4781832	47.0668016
	11.4787532	47.0671341
	11.4792693	47.0670689
	11.4796359	47.0673192
	11.4800715	47.0674833
	11.4805522	47.0676115
	11.4807933	47.0676335
	11.4810886	47.0677427
	11.4813496	47.0678039
	11.4819142	47.0677363
	11.4822744	47.0677372
	11.4823554	47.0677978
	11.4825327	47.0678521
	11.482586	47.0679704
	11.4828063	47.0680778
	11.4828648	47.0683684
	11.4830552	47.068723
	11.4832159	47.0691299
	11.4832875	47.069557
	11.4830568	47.0698137
	11.4830048	47.0698044
	11.4828216	47.0701601
	11.4828193	47.0703731
	11.4827068	47.0705132
	11.4827658	47.0709029
	11.4826238	47.0710019
	11.4825032	47.0709471
	11.4822269	47.071114
	11.4821693	47.0713188
	11.4817653	47.0714085
	11.4819992	47.0717273
	11.4819324	47.0718365
	11.4817667	47.0718851
	11.4814647	47.0719131
	11.4817353	47.0721796
	11.4816851	47.0724293
	11.4814486	47.0729153
	11.4811583	47.0728893
	11.4805377	47.0729317
	11.4805318	47.0727578
	11.4798902	47.0733069
	11.479593	47.0731542
	11.479457	47.0735048
	11.4793084	47.0735387
	11.4793556	47.0736471
	11.4789182	47.0740599
	11.4786623	47.0740045
	11.4785236	47.0741551
	11.4786151	47.0743113
	11.4782506	47.0745887
	11.4778619	47.0744567
	11.4777519	47.0745042
	11.4775406	47.0742334
	11.4771737	47.0741673
	11.4767214	47.0742733
	11.4763105	47.0745378
	11.476045	47.0749992
	11.4757135	47.0754716
	11.4754431	47.0754975
	11.4750826	47.0753722
	11.4748375	47.0748509
	11.4745526	47.0747942
	11.4745521	47.0739455
	11.4741921	47.0738451
	11.4734803	47.0736547
	11.4734685	47.0733175
	11.4734314	47.0731268
	11.4732469	47.0729167
	11.4732839	47.0722803
	11.4721724	47.0722269
	11.4718854	47.072425
	11.4716446	47.0728429
	11.471386	47.0731633
	11.4703313	47.0737062
	11.4695632	47.0737687
	11.4689457	47.0745604
	11.4687022	47.0753393
	11.4689157	47.0762424
	11.4676561	47.0755183
	11.4669609	47.0750814
	11.4664094	47.0747599
	11.4654824	47.0742298
	11.4653805	47.0740347
	11.4639547	47.0735338
	11.4630341	47.0730588
	11.4621152	47.072658
	11.461133	47.0723406
	11.4599163	47.0719704
	11.4587024	47.0716234
	11.4584105	47.0710812
	11.4574358	47.0712152
	11.4559874	47.0713267
	11.4552589	47.0713866
	11.4539838	47.0714447
	11.4527312	47.0713987
	11.4513923	47.0713252
	11.4510259	47.0703409
	11.4508462	47.0690164
	11.4507163	47.0678213
	11.4511965	47.0670035
	11.4516321	47.0662157
	11.4510956	47.0655269
	11.4506246	47.0649763
	11.4501402	47.0643679
	11.4491199	47.0649924
	11.4481967	47.0650278
	11.447311	47.0645071
	11.4464608	47.0639659
	11.4454083	47.0635571
	11.4451004	47.0631341
	11.4448891	47.0628579
	11.4446465	47.0625157
	11.4441311	47.0618666
	11.4435617	47.0613814
	11.4432928	47.0611387
	11.4429507	47.060835
	11.4424706	47.0605865
	11.4421496	47.0604307
	11.4421521	47.0598664
	11.4422469	47.0594994
	11.4419967	47.0592986
	11.441678	47.0590485
	11.4413135	47.0587047
	11.4412677	47.058288
	11.4409924	47.0579667
	11.4406824	47.0576249
	11.4404012	47.0572934
	11.4401669	47.0570282
	11.4398856	47.0566843
	11.4397794	47.0565629
	11.4396475	47.0564184
	11.4395244	47.0562686
	11.4394255	47.0561675
	11.4393154	47.0560502
	11.439198	47.0559082
	11.439115	47.0558131
	11.4389436	47.0555878
	11.4384455	47.0550788
	11.4381666	47.0547598
	11.4378777	47.0544272
	11.4375259	47.0540382
	11.4370122	47.053432
	11.4367369	47.0531295
	11.4365648	47.0529255
	11.436379	47.0527285
	11.4360761	47.0523745
	11.4355874	47.052147
	11.4347649	47.0517695
	11.4339768	47.0513967
	11.4332265	47.0510426
	11.432731	47.0508152
	11.4321494	47.0509652
	11.4316676	47.0510966
	11.4312924	47.0511903
	11.4309276	47.0512912
	11.4306076	47.0512724
	11.4303013	47.0512443
	11.4297403	47.0512091
	11.4292241	47.0511739
	11.4285805	47.0510286
	11.4284463	47.0502407
	11.4289763	47.04957
	11.4289625	47.0490612
	11.4289522	47.048754
	11.4289384	47.0484421
	11.4288799	47.0482639
	11.428756	47.0478559
	11.4283234	47.0474163
	11.4279795	47.0470537
	11.4280769	47.0468124
	11.4281773	47.046515
	11.4285041	47.0462289
	11.4287698	47.0459997
	11.4290321	47.0457683
	11.4297786	47.045113
	11.4303032	47.0445882
	11.430782	47.0438757
	11.431006	47.0438939
	11.4312852	47.0431583
	11.4318434	47.0426152
	11.4324857	47.0422233
	11.4334609	47.0420125
	11.4340897	47.0418658
	11.4347757	47.0417192
	11.435787	47.041312
	11.4362419	47.0411279
	11.436447	47.0408254
	11.4367228	47.0404313
	11.4369951	47.0402686
	11.4375985	47.0402189
	11.4378022	47.0400119
	11.4380991	47.0397328
	11.4385492	47.0396097
	11.4398537	47.0390902
	11.4403203	47.0388528
	11.4407935	47.0385751
	11.442006	47.0378854
	11.4428899	47.037433
	11.4436051	47.0370909
	11.4442798	47.036797
	11.444769	47.0364973
	11.4452688	47.0361803
	11.4454759	47.0360737
	11.4458543	47.0357926
	11.4465306	47.0354489
	11.447022	47.0351073
	11.447868	47.0344971
	11.4485383	47.0339663
	11.4490082	47.0335005
	11.4495044	47.0329899
	11.4499151	47.0325554
	11.4502536	47.0321993
	11.4506183	47.0318074
	11.4507694	47.031458
	11.450891	47.0311243
	11.4510225	47.0308018
	11.4510389	47.0306674
	11.4512755	47.0303314
	11.4515383	47.0300268
	11.4518275	47.0296909
	11.4520911	47.0295471
	11.4521571	47.0294959
	11.4522385	47.0294927
	11.4524551	47.029552
	11.4525824	47.029597
	11.4525958	47.0296333
	11.4528272	47.0296285
	11.4529086	47.0295453
	11.453109	47.029225
	11.4531169	47.0291346
	11.4530531	47.0290391
	11.4528297	47.0289831
	11.4524091	47.0289585
	11.4518998	47.0289271
	11.4518144	47.0288689
	11.451519	47.0288252
	11.4513345	47.0288143
	11.4511631	47.0287879
	11.4509752	47.0287387
	11.4507892	47.0287502
	11.4507029	47.0287372
	11.4506561	47.028697
	11.4505002	47.0286797
	11.4504858	47.0286457
	11.4502338	47.0285905
	11.4500392	47.0285144
	11.4498067	47.0284814
	11.450063	47.027964
	11.4503981	47.0276952
	11.4504671	47.0275205
	11.4507418	47.0272867
	11.4508648	47.0272148
	11.450928	47.0271385
	11.4510685	47.0270703
	11.4512887	47.0269535
	11.4513708	47.0268844
	11.4514693	47.0267747
	11.4514923	47.0266492
	11.4513248	47.026535
	11.4511867	47.0262125
	11.4509969	47.0260489
	11.4508812	47.0259818
	11.4506873	47.0259123
	11.4509953	47.0255824
	11.451029	47.0254913
	11.4510783	47.0254196
	11.4513146	47.025253
	11.4514922	47.0251462
	11.451736	47.0248397
	11.4518334	47.0248059
	11.4519787	47.0246474
	11.4520714	47.0245957
	11.4522601	47.0243906
	11.4521155	47.0243794
	11.4519514	47.024308
	11.4518367	47.0242511
	11.4517619	47.0241876
	11.451412	47.0239578
	11.4512376	47.0238779
	11.4508983	47.0237871
	11.4505643	47.0236755
	11.4504006	47.0235682
	11.4498837	47.0234566
	11.4490104	47.0233887
	11.4485994	47.0233844
	11.448166	47.023496
	11.4479155	47.0234544
	11.4478449	47.0233603
	11.4475046	47.0232705
	11.4468945	47.0231086
	11.4466024	47.0231348
	11.4464515	47.0231348
	11.4463263	47.023113
	11.4462331	47.0230561
	11.4460951	47.0229335
	11.445941	47.0227934
	11.4458276	47.022666
	11.4456896	47.0225676
	11.4454668	47.0224436
	11.4452629	47.0222511
	11.4451186	47.0219303
	11.4449209	47.0218405
	11.4447986	47.0218576
	11.444717	47.0219089
	11.4443406	47.0219987
	11.4441806	47.0219944
	11.44387	47.021911
	11.44355	47.0219003
	11.4432959	47.0218062
	11.4431171	47.0216394
	11.4430386	47.021618
	11.4425335	47.0217292
	11.4422543	47.0216801
	11.4419312	47.0217057
	11.4417555	47.0218234
	11.4415547	47.0218512
	11.4408807	47.0218131
	11.440353	47.021747
	11.439658	47.021635
	11.4387156	47.0215902
	11.4383329	47.0217057
	11.4381635	47.0217292
	11.4377148	47.0214106
	11.4375737	47.0212908
	11.4372819	47.0212566
	11.4366357	47.021248
	11.4362981	47.0211631
	11.4359325	47.0211598
	11.4356568	47.0210501
	11.435487	47.0209
	11.4353369	47.0207604
	11.4353086	47.0205637
	11.4351549	47.0204717
	11.4349259	47.0204011
	11.4345871	47.0202963
	11.4343079	47.020168
	11.4341761	47.020029
	11.4340381	47.0199049
	11.4338624	47.0198472
	11.4336459	47.0197852
	11.4335298	47.0196932
	11.4335862	47.0195805
	11.4336621	47.0195763
	11.433643	47.0194386
	11.4335549	47.0194173
	11.4334765	47.0193424
	11.4332538	47.0191029
	11.4329526	47.0188805
	11.4326201	47.0187008
	11.4318797	47.0184056
	11.4311299	47.0180976
	11.430728	47.017962
	11.4303425	47.0178431
	11.4291096	47.0176442
	11.4284162	47.0175437
	11.4275159	47.0174068
	11.4264367	47.0172314
	11.4264397	47.0172026
	11.4269198	47.0171929
	11.4269574	47.0171459
	11.4270252	47.0169683
	11.4271645	47.0167844
	11.4272692	47.0166991
	11.4273579	47.0165146
	11.4273357	47.0163634
	11.4271998	47.0160252
	11.4271139	47.0158975
	11.4266214	47.0155497
	11.4262833	47.0153554
	11.4262171	47.0152436
	11.4261021	47.0150878
	11.4260314	47.0150249
	11.4259132	47.0149825
END
END
