7873150
1
	13.8272989	48.2658162
	13.8277789	48.2654966
	13.8278977	48.2653813
	13.8280684	48.2651244
	13.8282045	48.2648493
	13.828447	48.2645149
	13.8285954	48.2642283
	13.8286845	48.2638775
	13.8288874	48.2634014
	13.8291038	48.2631477
	13.8290767	48.2628246
	13.8290392	48.2625991
	13.8290274	48.2623362
	13.8290605	48.2619309
	13.829143	48.261244
	13.8292503	48.2606869
	13.8296277	48.2602528
	13.8301602	48.2595017
	13.8302631	48.2592896
	13.8303421	48.2588728
	13.8303674	48.2585845
	13.8304243	48.258435
	13.8306077	48.2580898
	13.8309238	48.2576078
	13.8313538	48.2569953
	13.8316398	48.2565543
	13.8316972	48.2563816
	13.8317177	48.2563087
	13.8320175	48.2564169
	13.8328599	48.2568145
	13.8330849	48.2568645
	13.8333128	48.2568933
	13.8338436	48.2567473
	13.8348793	48.2566013
	13.8359872	48.2565571
	13.8366968	48.256632
	13.8370921	48.2566685
	13.8373546	48.2566647
	13.837946	48.2566301
	13.8387134	48.256634
	13.8392817	48.2565706
	13.8398905	48.2565533
	13.8402886	48.2565149
	13.8419503	48.2562344
	13.8426485	48.2561595
	13.8432745	48.256052
	13.8438573	48.2559098
	13.844316	48.2557677
	13.8451328	48.2554155
	13.8452049	48.255379
	13.8451155	48.2552964
	13.8449541	48.2550813
	13.8447776	48.2547685
	13.8447579	48.2544964
	13.8447917	48.2543049
	13.8446141	48.2541454
	13.8443661	48.2539126
	13.8442477	48.2537831
	13.844102	48.2535733
	13.8440469	48.2534468
	13.8443692	48.2533349
	13.8445482	48.2530965
	13.8446887	48.2530121
	13.8451239	48.2527828
	13.8455261	48.2525884
	13.8457051	48.2524802
	13.8460356	48.2522051
	13.8462257	48.2521207
	13.8464929	48.2520474
	13.8468895	48.251941
	13.847067	48.2518954
	13.8469482	48.2513364
	13.8468379	48.2504099
	13.8473438	48.2499924
	13.8477502	48.2496877
	13.8485038	48.2492074
	13.8493677	48.2486591
	13.8503634	48.2481716
	13.8511358	48.2478777
	13.851989	48.2478813
	13.8521074	48.2479064
	13.8530359	48.2479494
	13.8536898	48.2479637
	13.8543358	48.2479135
	13.8549897	48.2478042
	13.8555926	48.2477576
	13.8557894	48.2477137
	13.8558836	48.2476904
	13.856037	48.247771
	13.8562633	48.2479329
	13.8563343	48.2480537
	13.8564631	48.2481641
	13.8565972	48.2482061
	13.8567839	48.2482061
	13.857394	48.2481711
	13.8577543	48.2481588
	13.8579804	48.2481746
	13.8582302	48.2482043
	13.8584354	48.2482446
	13.8593347	48.2481886
	13.8598869	48.2481448
	13.8605785	48.2480467
	13.8611387	48.2479347
	13.8617934	48.2475319
	13.8625745	48.2470031
	13.8624035	48.2468385
	13.8624062	48.2466721
	13.8624482	48.2465092
	13.8627007	48.2464129
	13.8626928	48.2466809
	13.8638446	48.2470661
	13.8644152	48.2470609
	13.8647334	48.24694
	13.865262	48.2470293
	13.8659115	48.2470573
	13.8666951	48.2470398
	13.8678285	48.2470556
	13.8680626	48.2469961
	13.8692854	48.2466126
	13.8705844	48.2464952
	13.8711288	48.2464392
	13.8714233	48.2464007
	13.871752	48.2469645
	13.8718125	48.2472622
	13.8719203	48.247264
	13.872249	48.2472255
	13.8729643	48.2471221
	13.8735402	48.2470766
	13.874074	48.2470906
	13.8747183	48.2471397
	13.8753047	48.2471449
	13.8754204	48.2471029
	13.8758043	48.2471046
	13.8760305	48.2471414
	13.8763565	48.2471782
	13.8765354	48.2471484
	13.8768562	48.2470153
	13.8770403	48.2469208
	13.8772349	48.2467824
	13.8772822	48.2467509
	13.8776845	48.2468437
	13.8784392	48.2468735
	13.8787048	48.2468402
	13.8794727	48.2467789
	13.8797646	48.2467737
	13.8801932	48.2468034
	13.8804352	48.2468437
	13.8807612	48.2466773
	13.8810821	48.2465478
	13.8815199	48.2464333
	13.8816553	48.246546
	13.8826416	48.2467435
	13.8829089	48.2467486
	13.8833483	48.2467367
	13.8837051	48.2467346
	13.8837576	48.2468798
	13.8838354	48.2470503
	13.8838203	48.2473379
	13.8838153	48.24748
	13.8836973	48.2478863
	13.8837073	48.2483043
	13.8837324	48.2488444
	13.883858	48.2492507
	13.8840815	48.2494764
	13.8843828	48.2494045
	13.8850155	48.2491888
	13.8855578	48.2489865
	13.8858692	48.2489096
	13.8862483	48.2488695
	13.8867382	48.2489617
	13.8867639	48.2490266
	13.8867628	48.2492106
	13.8867616	48.249476
	13.8867899	48.2496704
	13.8867899	48.2499784
	13.8867579	48.250064
	13.8866485	48.2501889
	13.8864681	48.2503111
	13.8863623	48.2503856
	13.8860674	48.2508918
	13.8860321	48.2511354
	13.8860508	48.2513168
	13.8863834	48.2513347
	13.8867055	48.2513278
	13.8872044	48.2513361
	13.8873499	48.2512932
	13.8875723	48.2513777
	13.8879735	48.2514676
	13.8881501	48.2514482
	13.888516	48.2511894
	13.8891375	48.2511839
	13.8899356	48.2510067
	13.890104	48.2509361
	13.8902745	48.2509085
	13.8904283	48.2509278
	13.8905738	48.2514524
	13.8914572	48.2514164
	13.8915403	48.2510718
	13.8917752	48.251022
	13.8939598	48.2516683
	13.8948432	48.2518316
	13.8950343	48.2518998
	13.8952079	48.2519994
	13.8953052	48.2520987
	13.8953749	48.2524351
	13.8953496	48.2525885
	13.8952479	48.2527419
	13.8950918	48.2529082
	13.894993	48.2530697
	13.8949352	48.2537177
	13.894895	48.253949
	13.8948892	48.2542378
	13.8949123	48.2545051
	13.8948606	48.2548557
	13.8948287	48.2550574
	13.8946875	48.2556368
	13.894566	48.2560557
	13.8944575	48.256217
	13.8943667	48.2562911
	13.8940159	48.2569306
	13.8938097	48.2573851
	13.8936839	48.2576332
	13.8935855	48.2579502
	13.8934758	48.2581796
	13.8933109	48.2585114
	13.8930642	48.2587644
	13.8921277	48.2595776
	13.8920548	48.2596604
	13.8919655	48.259986
	13.8918425	48.2601726
	13.8915214	48.2605075
	13.8912338	48.2608386
	13.891028	48.261147
	13.8906864	48.2616964
	13.8904232	48.2620117
	13.8902356	48.262357
	13.8899074	48.2628412
	13.8897286	48.2633357
	13.8895924	48.2639896
	13.8895009	48.26465
	13.8892873	48.264678
	13.8886742	48.264884
	13.8879632	48.2649672
	13.8874972	48.2652128
	13.887497	48.2652681
	13.8871013	48.2651829
	13.8864948	48.2651278
	13.8862187	48.2652694
	13.8860005	48.2654662
	13.8858579	48.2655543
	13.8855555	48.2656965
	13.8852719	48.2657791
	13.8853619	48.2660788
	13.8853707	48.2662533
	13.8853136	48.2663274
	13.8851282	48.2664373
	13.8854925	48.2671105
	13.8856755	48.2674315
	13.8858161	48.2676351
	13.8859581	48.2677881
	13.8861657	48.2679336
	13.8864115	48.2680255
	13.8866544	48.2681314
	13.8866922	48.2681941
	13.8866507	48.2688432
	13.8866051	48.2691487
	13.8864704	48.270047
	13.8863846	48.2702699
	13.8867677	48.2703759
	13.8865693	48.2711823
	13.8868809	48.2711805
	13.8872074	48.2712894
	13.8870787	48.2719466
	13.8868843	48.2725443
	13.8866963	48.2731439
	13.8865266	48.2733678
	13.8864443	48.2735958
	13.886436	48.2739501
	13.8861362	48.273776
	13.8857638	48.2736235
	13.8858389	48.2740663
	13.8857773	48.2741789
	13.8856246	48.2742161
	13.8851085	48.2742693
	13.8844386	48.2741853
	13.8846395	48.2746229
	13.8847602	48.2750238
	13.8848496	48.2755051
	13.8849873	48.2759464
	13.8850455	48.2762488
	13.8850277	48.2765497
	13.8844067	48.2765386
	13.8841258	48.2765494
	13.883864	48.2766052
	13.8834913	48.2770467
	13.8833167	48.2774152
	13.8831127	48.2779367
	13.8830189	48.278523
	13.8825001	48.278523
	13.8823397	48.2786031
	13.8820069	48.2786209
	13.8812655	48.2785095
	13.8808345	48.2784886
	13.8805419	48.2784381
	13.8801779	48.2782568
	13.8798652	48.2781468
	13.879624	48.2781067
	13.8793583	48.2781617
	13.8790657	48.2782761
	13.8786592	48.2784158
	13.8781702	48.2784976
	13.8777525	48.2783935
	13.877393	48.278395
	13.8773706	48.2781854
	13.8773014	48.2777886
	13.8771808	48.2772996
	13.8768101	48.2773115
	13.8764751	48.2773442
	13.8753183	48.2773145
	13.8751865	48.276503
	13.8746661	48.2766977
	13.874512	48.2767333
	13.874148	48.2767214
	13.8738421	48.2767378
	13.873822	48.276873
	13.8737393	48.2769295
	13.8731788	48.2768879
	13.8727544	48.2769459
	13.8712447	48.2768716
	13.8710214	48.2769266
	13.8706797	48.2767527
	13.8704028	48.2765565
	13.8700857	48.2763766
	13.869677	48.276225
	13.8695542	48.2761611
	13.8692728	48.2760645
	13.8691365	48.2760452
	13.8690182	48.2760511
	13.8689221	48.2761031
	13.8687613	48.2760838
	13.8684152	48.2759084
	13.8679775	48.2759114
	13.8677184	48.275849
	13.8678122	48.2755279
	13.8671936	48.2750627
	13.8670886	48.2748947
	13.8670104	48.2747907
	13.8668251	48.2746093
	13.8667514	48.274486
	13.866738	48.2744087
	13.8667358	48.2742556
	13.8667916	48.2738602
	13.8667737	48.2737992
	13.8666751	48.2736111
	13.8665255	48.273548
	13.8663422	48.2734943
	13.8659669	48.2734623
	13.865729	48.2734623
	13.8654248	48.2735838
	13.8648692	48.273747
	13.864664	48.2738109
	13.864309	48.2738694
	13.863897	48.2739494
	13.863588	48.2739437
	13.8631675	48.2738865
	13.8629008	48.2738472
	13.8625778	48.2738196
	13.8623596	48.2738051
	13.8620759	48.2738661
	13.8619842	48.2738705
	13.8613644	48.273856
	13.8611855	48.2742496
	13.8609804	48.2742162
	13.8600725	48.2739998
	13.8596936	48.274031
	13.859425	48.274015
	13.8594552	48.2739622
	13.8592404	48.2738275
	13.8590577	48.2737095
	13.8588661	48.273582
	13.858706	48.2735117
	13.8582663	48.2733389
	13.8580048	48.27324
	13.8576992	48.2731685
	13.8573775	48.2731158
	13.8575012	48.272928
	13.8575408	48.2724686
	13.8571029	48.2720156
	13.8571078	48.2719284
	13.857041	48.2718164
	13.8566896	48.271706
	13.8559622	48.2716121
	13.8558929	48.2716764
	13.8554277	48.2718411
	13.8553164	48.2718444
	13.8549353	48.271706
	13.8549081	48.2716517
	13.8549106	48.2715512
	13.85496	48.2714573
	13.8548685	48.2712482
	13.8546978	48.2712317
	13.854438	48.2712284
	13.8542672	48.271235
	13.8540198	48.2712333
	13.853322	48.2711164
	13.8528345	48.2709863
	13.8527059	48.2708232
	13.8527009	48.270759
	13.8524411	48.2705795
	13.8521739	48.2704659
	13.8520774	48.2704807
	13.8519636	48.2704379
	13.8516444	48.2702468
	13.851632	48.2701925
	13.8515083	48.2701282
	13.851053	48.2700722
	13.8507635	48.2700673
	13.850573	48.2699701
	13.8504195	48.2699322
	13.8501226	48.2699223
	13.8496945	48.2696506
	13.8493655	48.2695073
	13.8486998	48.2693261
	13.8480763	48.2691285
	13.8479353	48.2690626
	13.8475592	48.2689506
	13.8469133	48.2688748
	13.8465768	48.269084
	13.8460572	48.2691021
	13.8457504	48.269089
	13.8456118	48.2689671
	13.8452555	48.268888
	13.8451813	48.2688238
	13.8451441	48.268748
	13.8448027	48.2686525
	13.8446963	48.2687151
	13.8444414	48.2688122
	13.8443449	48.2688122
	13.8442237	48.2687826
	13.8436224	48.2685339
	13.8431721	48.2684499
	13.8427514	48.268244
	13.8421848	48.2681337
	13.8419448	48.2680579
	13.8405888	48.2678339
	13.8404849	48.2678388
	13.8403513	48.2678586
	13.8401434	48.2678471
	13.8399727	48.2677927
	13.8395891	48.267768
	13.8390745	48.2677334
	13.8384089	48.2677515
	13.838159	48.2678059
	13.8379907	48.267824
	13.8377804	48.2677828
	13.8374958	48.2678207
	13.8373152	48.2678619
	13.8371247	48.2679459
	13.8364838	48.2683857
	13.8358899	48.2685454
	13.8353184	48.2686591
	13.8351179	48.2687134
	13.83492	48.2688254
	13.8343286	48.2687842
	13.8336259	48.268725
	13.832307	48.2685932
	13.8320175	48.2684499
	13.8318121	48.2683313
	13.8316785	48.2681995
	13.8310129	48.2682341
	13.8306888	48.268272
	13.8300207	48.2682061
	13.8295431	48.2680282
	13.8290111	48.267969
	13.8284396	48.2679311
	13.8281253	48.2676922
	13.8279942	48.2672162
	13.8275488	48.2670812
	13.8274572	48.266559
	13.8273038	48.265971
	13.8272989	48.2658162
END
END
