7873752
1
	9.6677972	47.3013598
	9.6680472	47.3006148
	9.6682408	47.3006796
	9.6685492	47.3007331
	9.6689021	47.3008439
	9.6689583	47.3006188
	9.6691054	47.3002232
	9.66914	47.3000997
	9.669231	47.2997346
	9.6692929	47.2992306
	9.6695535	47.2982501
	9.6696356	47.2981836
	9.6697199	47.297994
	9.6698211	47.2975192
	9.6698385	47.2974997
	9.6698436	47.2974495
	9.6704898	47.2974284
	9.6707876	47.2974654
	9.6713467	47.297504
	9.6715738	47.2977016
	9.6719957	47.2978764
	9.6725956	47.2979985
	9.6733867	47.2984279
	9.6738943	47.2985986
	9.6753354	47.2987698
	9.6763159	47.2988849
	9.6768892	47.2989554
	9.6774984	47.2991301
	9.6783872	47.2991834
	9.6790573	47.2992282
	9.6793449	47.2992414
	9.6798977	47.299225
	9.6801133	47.2992004
	9.6803707	47.2991485
	9.6810398	47.2992515
	9.6816027	47.2994105
	9.6818268	47.2994064
	9.68219	47.2995038
	9.682614	47.2997292
	9.6827173	47.2997877
	9.6828357	47.2998493
	9.6831381	47.2999922
	9.6835213	47.3001437
	9.6839095	47.3004057
	9.6840169	47.3004271
	9.6846427	47.3004912
	9.6850513	47.3005928
	9.6852909	47.3007771
	9.685566	47.3008652
	9.6860525	47.3008592
	9.6865011	47.3009556
	9.6868534	47.3009661
	9.6872247	47.3009996
	9.6878675	47.3010893
	9.6884175	47.3010858
	9.6887453	47.3003689
	9.6891676	47.2997585
	9.6894361	47.2995462
	9.6896916	47.2993389
	9.6897246	47.2994314
	9.6896799	47.2997085
	9.6897961	47.2999021
	9.6898745	47.2999907
	9.6904513	47.300311
	9.6909376	47.300332
	9.6913573	47.3002988
	9.6918164	47.3002058
	9.6926336	47.3002743
	9.693168	47.3002969
	9.6937836	47.300439
	9.6941457	47.300525
	9.6948011	47.3006768
	9.6954919	47.3008384
	9.6955233	47.3009144
	9.6955462	47.3010562
	9.695315	47.301253
	9.6948516	47.3016632
	9.69477	47.3017777
	9.6948751	47.3021606
	9.6949019	47.3021994
	9.6949709	47.3022207
	9.6961112	47.3022808
	9.6968392	47.3023098
	9.696885	47.3022988
	9.6976908	47.301895
	9.6985554	47.3014517
	9.6986694	47.3014398
	9.6987821	47.3014593
	9.6995983	47.3017108
	9.700292	47.3019244
	9.7010029	47.3021413
	9.7019742	47.3024401
	9.7027414	47.3026747
	9.7037448	47.3027559
	9.7040967	47.3031411
	9.704194	47.303251
	9.7042898	47.3033185
	9.7047179	47.3035141
	9.7051215	47.3036931
	9.7052913	47.3037455
	9.7061394	47.3037916
	9.7071388	47.3038389
	9.7082485	47.3038183
	9.7093455	47.3038041
	9.7101437	47.303792
	9.7110927	47.3039969
	9.7118365	47.3041619
	9.7127653	47.3043654
	9.7135957	47.30454
	9.7144071	47.3046997
	9.7150674	47.3047601
	9.7161006	47.3048432
	9.7169965	47.3049194
	9.7177657	47.3047272
	9.718807	47.3044644
	9.7194571	47.304292
	9.7201451	47.3044018
	9.7208699	47.3045128
	9.7215841	47.304502
	9.721729	47.3044858
	9.722175	47.304151
	9.7228029	47.303665
	9.723554	47.3030882
	9.7245689	47.302324
	9.7254374	47.3016541
	9.7264993	47.3015755
	9.7272626	47.3015136
	9.7273453	47.3014864
	9.7273428	47.3014143
	9.7274061	47.3013738
	9.7283932	47.3011424
	9.7292974	47.3009314
	9.7298496	47.3008101
	9.7306339	47.3006164
	9.7306688	47.3005556
	9.7305459	47.3003657
	9.7318186	47.2996148
	9.7327298	47.299049
	9.7327443	47.2989838
	9.7324809	47.2986057
	9.7325133	47.2985735
	9.7341498	47.2980831
	9.7360946	47.2975097
	9.7371651	47.296741
	9.7381044	47.2960461
	9.7386046	47.2954625
	9.7389933	47.2952087
	9.7395962	47.2947694
	9.7401517	47.2943805
	9.7407842	47.2939582
	9.7416613	47.2933614
	9.7417895	47.2934087
	9.7420797	47.2939419
	9.7423616	47.2946133
	9.7426682	47.2952784
	9.7427454	47.2953037
	9.7437239	47.2951159
	9.7440948	47.295061
	9.7454936	47.2951638
	9.745716	47.2951605
	9.7464445	47.2947869
	9.7474508	47.2942599
	9.7475935	47.294256
	9.7488198	47.2944521
	9.7501427	47.2947649
	9.7499627	47.2953204
	9.7508452	47.2960846
	9.7516184	47.2967681
	9.7527536	47.2979028
	9.754034	47.2991506
	9.7560256	47.2995594
	9.7593432	47.2992692
	9.7622443	47.3003615
	9.7638563	47.3009691
	9.764606	47.3012888
	9.7653414	47.3016066
	9.7660436	47.3018036
	9.7672901	47.3021448
	9.7685917	47.3025004
	9.7691874	47.3030844
	9.7711374	47.3038487
	9.7718825	47.3041404
	9.7725847	47.3043962
	9.7748169	47.3055024
	9.7768334	47.3064927
	9.7776539	47.3069031
	9.7770481	47.3069431
	9.7760763	47.3070127
	9.7749446	47.3070903
	9.7735862	47.3071914
	9.7730959	47.3072255
	9.7723557	47.3072782
	9.7716383	47.3072428
	9.7710633	47.3072192
	9.7703583	47.3071907
	9.7694147	47.3072164
	9.7687846	47.3072292
	9.7680298	47.3072537
	9.7676409	47.3070706
	9.7669084	47.306741
	9.7661485	47.3064005
	9.7657084	47.3062001
	9.7653055	47.3060192
	9.7647999	47.3057854
	9.7638951	47.3056649
	9.7631974	47.3057574
	9.7624463	47.3058475
	9.761467	47.3057153
	9.7604171	47.3055721
	9.7599348	47.3057306
	9.7592895	47.305922
	9.7583142	47.3061274
	9.7576962	47.3062392
	9.7572471	47.3063261
	9.7564812	47.3065671
	9.7558619	47.3067599
	9.7548696	47.3067786
	9.7540058	47.3069018
	9.7534719	47.3072066
	9.7529055	47.3075339
	9.7526734	47.3080361
	9.7525244	47.3083395
	9.7523148	47.3084186
	9.7519406	47.3085524
	9.7511916	47.3085652
	9.7510535	47.3086911
	9.750598	47.3089435
	9.7504586	47.3090295
	9.7501811	47.3091888
	9.7498796	47.3093127
	9.748964	47.309861
	9.7488291	47.3101527
	9.7487435	47.3104345
	9.7485964	47.3110671
	9.7479039	47.3118223
	9.7473318	47.3124412
	9.7471158	47.3125033
	9.746807	47.3127334
	9.7464712	47.3131838
	9.7462825	47.3137875
	9.7461114	47.3143682
	9.7454216	47.31501
	9.7450308	47.3153797
	9.7439069	47.316089
	9.7435721	47.3163191
	9.7428156	47.3168583
	9.7422971	47.3172166
	9.7419932	47.3175667
	9.7416777	47.3180278
	9.7412331	47.3182933
	9.7409823	47.31852
	9.7406996	47.3187507
	9.7406527	47.318934
	9.740592	47.3191064
	9.7407141	47.3195508
	9.7409328	47.3200994
	9.7403879	47.320425
	9.7400899	47.3209939
	9.7398354	47.3214584
	9.7395154	47.3220411
	9.7390625	47.3228208
	9.7388376	47.3231927
	9.7382903	47.3234384
	9.7375728	47.3237603
	9.7368876	47.3241035
	9.7368104	47.3244576
	9.7361582	47.324924
	9.7354871	47.3253881
	9.7345067	47.3262933
	9.7342388	47.3265355
	9.7338683	47.3268721
	9.7323125	47.3269549
	9.7316005	47.3269874
	9.7304526	47.3270489
	9.7301827	47.3269516
	9.7296114	47.32674
	9.729288	47.326148
	9.7288428	47.3253519
	9.7272298	47.3249476
	9.7263698	47.3247367
	9.7248834	47.324356
	9.7242198	47.3237682
	9.7230369	47.3231913
	9.7220225	47.3227154
	9.7215558	47.3226109
	9.7202764	47.3222945
	9.7189259	47.3219754
	9.7175778	47.3216171
	9.7169022	47.3212129
	9.7161249	47.3209152
	9.7155418	47.3204052
	9.7140826	47.319675
	9.7134722	47.3189604
	9.7123507	47.3184438
	9.7117859	47.3186426
	9.7112905	47.3184478
	9.7104424	47.3179238
	9.70948	47.3173899
	9.7086069	47.3169484
	9.7069898	47.3169086
	9.7060669	47.3167322
	9.7053574	47.3166027
	9.7035306	47.3158756
	9.7022093	47.3153559
	9.7015671	47.3151482
	9.7003962	47.3143888
	9.6991521	47.3139458
	9.6977225	47.3134423
	9.6968924	47.3132171
	9.6965759	47.3131216
	9.6954365	47.3127085
	9.6946718	47.3124304
	9.6939194	47.312216
	9.6934323	47.3119255
	9.6925933	47.311527
	9.692092	47.3111342
	9.6914655	47.3108157
	9.6910521	47.3104102
	9.689932	47.3098784
	9.6891293	47.3104864
	9.6884016	47.3110438
	9.6878037	47.311495
	9.6868647	47.3122338
	9.6858819	47.3131769
	9.6853393	47.313591
	9.6850247	47.3136328
	9.684757	47.3135168
	9.6839644	47.3134281
	9.6837031	47.3133133
	9.6836556	47.3132773
	9.6836919	47.3131535
	9.6836433	47.3130589
	9.6829666	47.3128607
	9.6824304	47.3127292
	9.681643	47.312468
	9.6812894	47.3123533
	9.6809324	47.3123781
	9.6805903	47.3124022
	9.680243	47.312527
	9.6800688	47.312511
	9.6795012	47.3121098
	9.6794433	47.3120889
	9.6788961	47.3122231
	9.6782038	47.3120291
	9.6771178	47.3116492
	9.6766282	47.3115491
	9.6764153	47.3114994
	9.6763227	47.311317
	9.6762692	47.3113052
	9.6762294	47.3113242
	9.6760846	47.3114233
	9.6756836	47.3113777
	9.6754411	47.3112162
	9.6745185	47.3110541
	9.6742547	47.3107173
	9.6736687	47.3103929
	9.6730848	47.3100946
	9.6728517	47.3099476
	9.6726999	47.3097099
	9.672505	47.3093492
	9.6722406	47.3091812
	9.6720929	47.3090766
	9.6726141	47.308658
	9.6721153	47.3084177
	9.6716769	47.3078931
	9.6714868	47.3073079
	9.671689	47.306863
	9.6713233	47.3065511
	9.6708326	47.3063025
	9.670382	47.3060015
	9.6707907	47.3056906
	9.6708861	47.3055386
	9.669994	47.3050666
	9.6697974	47.3046972
	9.6701815	47.3040676
	9.670352	47.3036428
	9.6703641	47.3035512
	9.6700444	47.3033576
	9.6699734	47.3031947
	9.6697828	47.3029206
	9.6697546	47.3027693
	9.6696512	47.3026904
	9.6695199	47.3026055
	9.6694135	47.3026249
	9.669345	47.30259
	9.668898	47.30242
	9.6688312	47.302399
	9.6684536	47.302164
	9.6680847	47.3019645
	9.6680203	47.3017708
	9.6679776	47.3017224
	9.6677972	47.3013598
END
END
