7873120
1
	13.9656299	48.2597377
	13.9656801	48.259675
	13.9669076	48.2596126
	13.9673079	48.25955
	13.967527	48.2595517
	13.9677243	48.2595696
	13.9679015	48.2595588
	13.9682956	48.2594242
	13.9690693	48.2591633
	13.9690414	48.2589387
	13.9688739	48.2588192
	13.968798	48.2587427
	13.9686949	48.2586135
	13.9685431	48.2579278
	13.9686895	48.2574191
	13.9688388	48.2572421
	13.9688464	48.2569377
	13.9693618	48.2568896
	13.9697566	48.2568847
	13.9700945	48.2567918
	13.9703845	48.2566977
	13.9703478	48.2566263
	13.970413	48.2565062
	13.9710118	48.2564102
	13.9713638	48.2564295
	13.9714822	48.256407
	13.9717133	48.2560424
	13.9720694	48.2559378
	13.9717038	48.2556223
	13.9713151	48.2552076
	13.9707713	48.2547467
	13.9705925	48.2544159
	13.9714885	48.2541571
	13.9716574	48.2540926
	13.9714592	48.2539274
	13.9710496	48.2534968
	13.9708333	48.253115
	13.9707942	48.2527473
	13.9708373	48.2526863
	13.9712195	48.2527771
	13.9715017	48.2526494
	13.9714179	48.2524667
	13.9714963	48.2523537
	13.9719169	48.2521473
	13.9720667	48.2521418
	13.9723046	48.2521599
	13.9723908	48.2521717
	13.9725892	48.2522391
	13.9726149	48.2520487
	13.9724761	48.2518781
	13.9723026	48.2517327
	13.9721069	48.2516851
	13.9717276	48.2515293
	13.9714948	48.2513009
	13.9712744	48.2508858
	13.9712392	48.2506942
	13.9711708	48.2503858
	13.9710383	48.2501848
	13.9708673	48.2500066
	13.9706053	48.2498696
	13.9705523	48.2496114
	13.9706615	48.249446
	13.9707684	48.2493037
	13.9707741	48.2491351
	13.9707453	48.249021
	13.970419	48.2487117
	13.9702728	48.2485893
	13.9703444	48.2485153
	13.9702999	48.2484166
	13.97007	48.2484463
	13.9697501	48.2485757
	13.9695088	48.2483448
	13.9694222	48.2481419
	13.9694095	48.2475373
	13.9697761	48.2474491
	13.969944	48.2472179
	13.970244	48.2470245
	13.9701701	48.2468378
	13.9701261	48.2467459
	13.9697214	48.2461606
	13.9692163	48.2462669
	13.9685301	48.2464099
	13.9679947	48.246612
	13.9679613	48.2461453
	13.9678899	48.2459671
	13.9678792	48.2458705
	13.9680608	48.2457821
	13.9681828	48.2457461
	13.968402	48.2456425
	13.9685094	48.2455048
	13.9687223	48.2450448
	13.9690345	48.2446825
	13.9692048	48.2440895
	13.968987	48.243579
	13.9683068	48.2425042
	13.9685133	48.2424086
	13.9682647	48.2418401
	13.9679838	48.2418234
	13.9679439	48.241356
	13.9679358	48.2408644
	13.9679916	48.2407731
	13.9681099	48.240722
	13.9679667	48.2405382
	13.9677942	48.2399935
	13.9678532	48.2397995
	13.9679715	48.2396464
	13.9683513	48.2393708
	13.9683894	48.2392902
	13.9683472	48.2390962
	13.9682636	48.2388954
	13.9685814	48.2384954
	13.9688312	48.2382214
	13.9689006	48.2379016
	13.9703246	48.2380938
	13.9710131	48.2380933
	13.9713766	48.2378989
	13.9715482	48.2375813
	13.971608	48.2370698
	13.9720182	48.2370009
	13.9724492	48.2370159
	13.972715	48.2370221
	13.9727692	48.2371445
	13.9728577	48.2372229
	13.973193	48.2373012
	13.9733271	48.2372461
	13.9734614	48.237242
	13.9736296	48.2372756
	13.9737519	48.2373691
	13.9739716	48.237457
	13.9742854	48.2374505
	13.9753175	48.2372115
	13.9755227	48.2370005
	13.97578	48.2369878
	13.9765471	48.2367549
	13.9770017	48.2366141
	13.9774933	48.2363483
	13.977871	48.2362436
	13.978121	48.2360454
	13.9782701	48.2356858
	13.9785601	48.2353067
	13.9789085	48.2350653
	13.9794438	48.2350748
	13.9797724	48.2350979
	13.9802525	48.2350829
	13.9808812	48.2349787
	13.9813112	48.2348442
	13.9813989	48.2347795
	13.9819429	48.2346839
	13.9823208	48.2347223
	13.9826571	48.2348515
	13.9830906	48.2346285
	13.983564	48.2344794
	13.9839604	48.2342893
	13.9845527	48.2347598
	13.9851095	48.2345626
	13.9854796	48.2349083
	13.9858028	48.2348576
	13.9872813	48.2343881
	13.9874921	48.2344406
	13.9879792	48.2350709
	13.988303	48.2355203
	13.9886556	48.235642
	13.9893576	48.2358187
	13.9896274	48.2359279
	13.9899586	48.236108
	13.9904687	48.2363575
	13.9906815	48.2366773
	13.9908541	48.2369248
	13.99105	48.2370266
	13.9911975	48.2370686
	13.9913405	48.2372463
	13.9913198	48.2377966
	13.9913256	48.2379066
	13.9913293	48.2379974
	13.991358	48.2381377
	13.9917112	48.2382634
	13.9918511	48.2382663
	13.9921406	48.2382952
	13.9924386	48.2383003
	13.9928721	48.2383923
	13.9935178	48.2384365
	13.993811	48.2384706
	13.9941853	48.2385115
	13.9944373	48.2386103
	13.9950237	48.2387784
	13.9953818	48.2388851
	13.9958517	48.2391867
	13.9963139	48.2394144
	13.9966572	48.239581
	13.9969397	48.2397845
	13.9972862	48.2399411
	13.9975304	48.2399143
	13.9978682	48.2399258
	13.9980749	48.2400613
	13.9985241	48.2404693
	13.9988114	48.2403549
	13.9994018	48.2405129
	14.0009839	48.2405914
	14.0016476	48.2407253
	14.0019166	48.2410678
	14.0020781	48.2411005
	14.0033172	48.2408038
	14.0041961	48.2407928
	14.0049877	48.2406219
	14.0052199	48.2404694
	14.0055973	48.2402872
	14.0059484	48.2402983
	14.0068685	48.2406474
	14.0075135	48.2407313
	14.008778	48.240673
	14.009679	48.2408922
	14.0104213	48.2410261
	14.0112604	48.2409634
	14.0120474	48.2410098
	14.01324	48.2409297
	14.014048	48.2409963
	14.0142059	48.2409628
	14.0144123	48.2409732
	14.0145228	48.2410482
	14.0153895	48.2411381
	14.0158453	48.2411914
	14.0167639	48.2412893
	14.0171008	48.2413603
	14.0175266	48.2414933
	14.0183859	48.2418569
	14.0191622	48.2422114
	14.0192736	48.2422195
	14.0193378	48.2421849
	14.0193348	48.2423285
	14.019433	48.2423325
	14.0194262	48.2425915
	14.0194699	48.2428218
	14.019719	48.2431787
	14.0202651	48.2437615
	14.0204183	48.2439393
	14.020443	48.2439885
	14.0204519	48.2441026
	14.0203246	48.2442801
	14.019991	48.244603
	14.0197919	48.2448249
	14.0197072	48.2449696
	14.0196881	48.2450805
	14.0197296	48.2452663
	14.0198442	48.245502
	14.019971	48.2456235
	14.0201269	48.2456845
	14.0203434	48.2457164
	14.0206749	48.2457192
	14.0210885	48.2457792
	14.0212661	48.2458094
	14.0214294	48.2459894
	14.0215014	48.2461265
	14.0225955	48.2457541
	14.0226056	48.246207
	14.0226134	48.2464933
	14.0229048	48.2465011
	14.0228764	48.2470365
	14.0226696	48.2470554
	14.0226642	48.2471362
	14.0221428	48.2473475
	14.0217707	48.2475135
	14.0219761	48.2477198
	14.0220888	48.2478642
	14.0224645	48.2482631
	14.0229209	48.2487117
	14.02323	48.2488701
	14.0235005	48.2489533
	14.0237771	48.2490088
	14.023915	48.2489983
	14.0239549	48.2489717
	14.0240052	48.2489637
	14.0240486	48.2490064
	14.0244606	48.2489402
	14.0247635	48.2488683
	14.0251579	48.2488085
	14.0256997	48.2486548
	14.0261545	48.2485164
	14.0267029	48.2483346
	14.02681	48.2482816
	14.0271764	48.2480974
	14.0275579	48.2478549
	14.0277522	48.2477729
	14.0278611	48.2477367
	14.0281649	48.2477302
	14.028561	48.2477706
	14.0290957	48.2478695
	14.0294838	48.2479489
	14.0299538	48.2479761
	14.0303361	48.2479196
	14.030653	48.2478605
	14.0309055	48.2478705
	14.0313258	48.2480268
	14.0317272	48.248079
	14.032198	48.248096
	14.0328043	48.248146
	14.0329101	48.2481667
	14.0330266	48.2482274
	14.0332431	48.2487165
	14.0333984	48.249063
	14.0334342	48.2492239
	14.0336192	48.2492329
	14.033892	48.2491815
	14.0341293	48.2490761
	14.0343746	48.2488621
	14.0346099	48.2485986
	14.0356548	48.2478707
	14.0358124	48.2477718
	14.0359615	48.2476307
	14.0360226	48.2474947
	14.0361798	48.2471358
	14.0362342	48.2466185
	14.0363431	48.2464788
	14.0364377	48.2464103
	14.0366029	48.2463618
	14.0369818	48.2462789
	14.037445	48.2462003
	14.0380414	48.2461241
	14.0386899	48.2459514
	14.0389358	48.245764
	14.0391796	48.245622
	14.0394573	48.2454715
	14.0397373	48.245319
	14.0402298	48.2452553
	14.0408018	48.2453135
	14.0423453	48.2456106
	14.0432237	48.2456773
	14.0443683	48.2455262
	14.0448971	48.245426
	14.0454193	48.2453632
	14.0456365	48.2453288
	14.0456574	48.245292
	14.0460799	48.2450837
	14.046468	48.2449
	14.0467572	48.244808
	14.0474389	48.2446365
	14.0477581	48.2445758
	14.0480255	48.2445595
	14.0486166	48.2445292
	14.0489183	48.2445162
	14.0501412	48.2445697
	14.0506168	48.2445954
	14.0510019	48.2446607
	14.0514467	48.2447888
	14.0518505	48.2450201
	14.0525174	48.2454936
	14.0528425	48.2456231
	14.0534553	48.24583
	14.0545275	48.2463157
	14.055564	48.2472534
	14.0558742	48.2474402
	14.056117	48.2475325
	14.0566214	48.2476703
	14.0570327	48.2478501
	14.0576038	48.2481583
	14.0583291	48.2487365
	14.0587341	48.2489646
	14.0589006	48.2491783
	14.0588517	48.2493005
	14.0585416	48.2496864
	14.0583282	48.2501064
	14.0583702	48.2507277
	14.0583211	48.2510772
	14.0583488	48.2512927
	14.0585762	48.2515574
	14.059023	48.2517699
	14.0593008	48.2519796
	14.0595009	48.2521377
	14.0595194	48.2522665
	14.0594757	48.2524333
	14.059362	48.2526551
	14.059075	48.2530956
	14.0586585	48.2534756
	14.0580187	48.25394
	14.0576825	48.2543504
	14.0572595	48.2549838
	14.0570815	48.2549479
	14.0567024	48.2548817
	14.0564166	48.2548071
	14.0558186	48.2546024
	14.0555517	48.2548026
	14.0553629	48.2550138
	14.0552728	48.2551414
	14.0551662	48.2555149
	14.0550581	48.2561041
	14.0550121	48.2562002
	14.0548035	48.2564325
	14.0546904	48.2565074
	14.0542868	48.2567223
	14.0541149	48.2568415
	14.053888	48.2570787
	14.0536837	48.257359
	14.0534222	48.2577363
	14.0528255	48.2575052
	14.051369	48.2569211
	14.0510597	48.2572464
	14.0507771	48.2574886
	14.0506607	48.2576608
	14.0506359	48.2577541
	14.050622	48.258092
	14.0506012	48.258338
	14.0505934	48.2584407
	14.0504464	48.2587624
	14.050287	48.2591818
	14.0502356	48.2593561
	14.0502755	48.2598509
	14.0502815	48.260022
	14.0503807	48.260146
	14.0503996	48.2602381
	14.0501986	48.2604455
	14.0498158	48.2607445
	14.0486307	48.2615006
	14.0479405	48.2619359
	14.0472447	48.262257
	14.0468914	48.2624468
	14.046178	48.2629266
	14.0460253	48.2630569
	14.0462655	48.2633075
	14.0463751	48.2634594
	14.0464702	48.2637751
	14.0465006	48.2639021
	14.046499	48.2640317
	14.0464439	48.2641238
	14.0461888	48.2642727
	14.0458643	48.2643981
	14.0453677	48.2645583
	14.0449742	48.2647195
	14.0444973	48.2649215
	14.0442449	48.2650039
	14.0440795	48.2650203
	14.0432792	48.2651422
	14.0428582	48.2652969
	14.0424429	48.265428
	14.0420479	48.265446
	14.0417032	48.2655385
	14.0413784	48.2657201
	14.0409119	48.2661977
	14.0403194	48.2666328
	14.0401049	48.2669288
	14.0397733	48.2672758
	14.0395458	48.2675083
	14.0393092	48.2677241
	14.0391048	48.267913
	14.0387919	48.2681282
	14.0385461	48.2682591
	14.0382584	48.2684063
	14.0376595	48.268705
	14.0375596	48.2686345
	14.037371	48.2685129
	14.0371408	48.2683863
	14.0368265	48.2682921
	14.0361525	48.268111
	14.0356814	48.2680045
	14.0354249	48.2679723
	14.0351889	48.2679204
	14.0350712	48.2678679
	14.0348975	48.2677491
	14.0344551	48.2676361
	14.0338992	48.2675052
	14.0333991	48.2674107
	14.0329655	48.2673298
	14.0325467	48.2673079
	14.031978	48.2672802
	14.0318661	48.2672843
	14.0315851	48.2673702
	14.0314114	48.2674174
	14.0311582	48.2674317
	14.0309474	48.2674266
	14.0309389	48.267571
	14.0309047	48.2678483
	14.0308609	48.268025
	14.0308209	48.2681866
	14.0307388	48.2683843
	14.0304266	48.2688204
	14.0303726	48.2689556
	14.03034	48.2690889
	14.0303192	48.2692298
	14.0303364	48.2693686
	14.0303882	48.2694754
	14.0304783	48.2696107
	14.0307238	48.2698384
	14.0308874	48.2700355
	14.0310034	48.2702341
	14.0310564	48.2703404
	14.0310967	48.2704631
	14.0311013	48.2706035
	14.0310634	48.270731
	14.0309949	48.2708361
	14.0308983	48.2709473
	14.0303959	48.2714305
	14.0301117	48.2716076
	14.0300033	48.2716752
	14.0297158	48.2718249
	14.029377	48.2720063
	14.0292801	48.2720825
	14.0291173	48.2722437
	14.0288757	48.2726013
	14.0287226	48.2728131
	14.0285079	48.2730508
	14.0281586	48.2734261
	14.0280224	48.2735912
	14.0278441	48.2738524
	14.0277148	48.2741135
	14.0276523	48.2743884
	14.0276785	48.2746706
	14.0277319	48.2748413
	14.0278097	48.2749928
	14.0279451	48.2751645
	14.0282638	48.275491
	14.0283188	48.2755919
	14.0283394	48.2756766
	14.0283481	48.2757983
	14.0283139	48.2759296
	14.0282945	48.2760132
	14.0280032	48.276876
	14.0277439	48.277588
	14.0276696	48.2777996
	14.0273405	48.2787299
	14.0272916	48.2788955
	14.027247	48.2791126
	14.0272195	48.2793309
	14.0272241	48.2795405
	14.0272475	48.2799041
	14.0272606	48.2800883
	14.0272836	48.2804075
	14.0272737	48.2807256
	14.0272521	48.2810889
	14.0272571	48.2813823
	14.0269999	48.2814972
	14.0265466	48.2814044
	14.026222	48.2812902
	14.025986	48.2811045
	14.0258271	48.2809781
	14.0256276	48.2807905
	14.0253327	48.2805013
	14.0251262	48.2802032
	14.0249855	48.2799978
	14.024748	48.2797302
	14.0244683	48.2794456
	14.024382	48.2793035
	14.0242277	48.2790876
	14.024154	48.279025
	14.0238253	48.2787752
	14.0233398	48.2784575
	14.0230099	48.2782629
	14.0228463	48.2781665
	14.022613	48.2779327
	14.0223769	48.2776935
	14.022385	48.2776042
	14.0226747	48.2772525
	14.0226157	48.2770419
	14.0224306	48.2767956
	14.0227046	48.2764465
	14.0230439	48.2764241
	14.0234408	48.2761196
	14.0235831	48.2756089
	14.0237331	48.2754723
	14.0242281	48.2753518
	14.0244189	48.2752582
	14.0244692	48.2752069
	14.024426	48.2751081
	14.0245173	48.2750407
	14.0246163	48.275015
	14.0247809	48.2750577
	14.0249989	48.275141
	14.025443	48.2752064
	14.0255882	48.2751927
	14.0257446	48.2748575
	14.0257907	48.2746728
	14.0255955	48.2745005
	14.0251962	48.274215
	14.0245792	48.273813
	14.0242757	48.2735842
	14.0237667	48.2738259
	14.0222089	48.2727065
	14.0212025	48.2729202
	14.0207848	48.2730765
	14.0205458	48.2728443
	14.0201439	48.2725988
	14.0195842	48.2723179
	14.0189582	48.272061
	14.0179461	48.2716888
	14.0169251	48.2713414
	14.0167249	48.2712752
	14.0157904	48.2708815
	14.0154999	48.2711211
	14.0145562	48.2706632
	14.0140484	48.2703863
	14.013465	48.2701133
	14.0131917	48.2700327
	14.0129018	48.2699165
	14.0128083	48.2698584
	14.0127115	48.2696765
	14.0121073	48.2692994
	14.0118719	48.2691293
	14.0116397	48.2689796
	14.0115089	48.268933
	14.0114126	48.2689371
	14.011426	48.2690342
	14.0114021	48.2691096
	14.0110559	48.2692582
	14.0108369	48.2693303
	14.0106114	48.2693848
	14.0105201	48.2693144
	14.0092544	48.2692599
	14.0086688	48.2694738
	14.0081533	48.2697364
	14.0078986	48.2695662
	14.0074121	48.2692358
	14.0071974	48.2690014
	14.0069026	48.2686145
	14.0067363	48.2681146
	14.0063625	48.2675963
	14.006413	48.2673508
	14.006311	48.2672227
	14.0057525	48.267032
	14.0054928	48.2669849
	14.0049057	48.2669321
	14.0040208	48.2668642
	14.0033366	48.2668538
	14.0030165	48.2668176
	14.0028971	48.2668058
	14.003245	48.2664969
	14.0034955	48.266078
	14.0049618	48.2661941
	14.0052183	48.2661233
	14.0056319	48.2660123
	14.0060069	48.2659666
	14.0061576	48.2659566
	14.0064154	48.2659833
	14.007148	48.2660996
	14.007687	48.2661557
	14.0078473	48.2661561
	14.0078182	48.2659786
	14.007932	48.2650209
	14.0075178	48.2649756
	14.0076044	48.2647604
	14.008068	48.2640469
	14.0081557	48.2638077
	14.0081659	48.2637082
	14.007723	48.2638017
	14.0073704	48.2638218
	14.0065675	48.2639961
	14.0064752	48.2637591
	14.0064733	48.263624
	14.0063452	48.2633667
	14.0060376	48.2631804
	14.0054393	48.262855
	14.0050257	48.262614
	14.0047953	48.2624692
	14.0044963	48.2623467
	14.0043013	48.2625248
	14.0040739	48.2626484
	14.0036654	48.2627731
	14.0034027	48.2628299
	14.003018	48.262958
	14.0025569	48.2630769
	14.0022824	48.2631054
	14.0019716	48.263106
	14.0016925	48.2627662
	14.0018246	48.2625928
	14.001893	48.2624513
	14.0018765	48.2621454
	14.0013298	48.2620165
	14.0012649	48.2619782
	14.0013455	48.2617636
	14.0013388	48.2616861
	14.0011029	48.2617502
	14.0007451	48.2618146
	14.000492	48.2618453
	14.0006088	48.2615395
	14.0005389	48.2614232
	14.000367	48.2614895
	14.0001217	48.2615421
	13.9999836	48.2615011
	13.9998672	48.2614081
	13.9992772	48.2611173
	13.9990483	48.2610483
	13.9988772	48.2611093
	13.998534	48.2611807
	13.9983232	48.2612006
	13.9982687	48.2610554
	13.9981552	48.2609268
	13.9978605	48.2606971
	13.9975484	48.2604628
	13.9973028	48.2604332
	13.9969296	48.2602451
	13.9968768	48.2599996
	13.9968469	48.2596434
	13.9967537	48.2596525
	13.9966045	48.2597054
	13.9964058	48.2598466
	13.9958429	48.2596441
	13.9959218	48.2592539
	13.9959943	48.2590696
	13.9958184	48.2590169
	13.9956969	48.2589125
	13.9955825	48.2586822
	13.9955362	48.2584958
	13.9951398	48.2580599
	13.9954084	48.2577592
	13.9957439	48.2573548
	13.9959845	48.2571417
	13.9960866	48.2569641
	13.9958927	48.2567564
	13.9958608	48.2566381
	13.9959377	48.2564645
	13.9963956	48.256024
	13.9966668	48.2560853
	13.9969937	48.2561861
	13.9970482	48.2559563
	13.9969622	48.2556908
	13.9968823	48.2555731
	13.9968823	48.2554475
	13.9968825	48.2552389
	13.9969654	48.2551257
	13.9972591	48.2549177
	13.9976836	48.2546471
	13.9972977	48.2544474
	13.9970861	48.2542753
	13.9968612	48.2540117
	13.9969102	48.2539091
	13.9969981	48.2537956
	13.9971119	48.2536911
	13.996663	48.2535801
	13.9964355	48.2535596
	13.9956623	48.2535451
	13.9950011	48.2534816
	13.9945027	48.2533931
	13.9943578	48.2535805
	13.9942096	48.2537046
	13.9934836	48.25395
	13.9932747	48.2540284
	13.9926255	48.2542994
	13.9922188	48.2544385
	13.9920198	48.2548034
	13.9918024	48.2549792
	13.9916474	48.2551335
	13.9914894	48.2553368
	13.9910415	48.2559574
	13.9907906	48.256505
	13.9907128	48.2567024
	13.9906424	48.2570163
	13.9907237	48.257097
	13.9905457	48.2572688
	13.9901789	48.2576071
	13.9898137	48.2579065
	13.9890887	48.258458
	13.9890095	48.2585015
	13.9889793	48.2587481
	13.9891092	48.2591713
	13.9892226	48.2593635
	13.9884933	48.2596471
	13.9880794	48.2598356
	13.9876983	48.2600839
	13.9880624	48.2603565
	13.988406	48.2607367
	13.9885619	48.2608983
	13.9887934	48.2610398
	13.9889448	48.2611978
	13.9890272	48.2613232
	13.9891217	48.2615852
	13.98918	48.2616511
	13.9893738	48.2617519
	13.9895201	48.2618657
	13.9897193	48.2620118
	13.9898919	48.2621908
	13.9901392	48.2623597
	13.9902984	48.2624536
	13.989445	48.2630091
	13.9891291	48.2631781
	13.9887206	48.26333
	13.9883836	48.2634248
	13.9882667	48.263562
	13.9882185	48.2636775
	13.9881933	48.2638563
	13.9881153	48.2640497
	13.9879639	48.2640634
	13.9877626	48.2639638
	13.9870738	48.2633893
	13.9866574	48.2635745
	13.9865033	48.263732
	13.9855823	48.2638182
	13.985498	48.2635402
	13.9853352	48.2632425
	13.9851869	48.2630752
	13.9846417	48.2627716
	13.9844463	48.2627774
	13.9840471	48.2629892
	13.9836339	48.2632067
	13.9836076	48.2634479
	13.9836393	48.2635979
	13.9831164	48.2638599
	13.9833399	48.2641169
	13.9829994	48.2642575
	13.9826109	48.2645272
	13.9824054	48.2646759
	13.9817262	48.2650276
	13.9818813	48.26592
	13.9816984	48.266094
	13.981815	48.2665137
	13.9818643	48.2666295
	13.9819713	48.2667436
	13.9813298	48.2670626
	13.9815348	48.2674792
	13.9816853	48.2676608
	13.9815592	48.2676019
	13.9812778	48.2677004
	13.9809713	48.2677707
	13.9806881	48.2677747
	13.9804536	48.2678086
	13.9801146	48.2679381
	13.9798171	48.2682398
	13.9794706	48.2684791
	13.9788819	48.268905
	13.9784546	48.2691129
	13.9778133	48.2693055
	13.9774643	48.2694392
	13.9771648	48.2697679
	13.9759957	48.2694199
	13.9753946	48.269273
	13.9749443	48.2691279
	13.9743868	48.2689685
	13.9739591	48.2689159
	13.9736433	48.2688328
	13.9725644	48.2685044
	13.9719275	48.2683206
	13.971294	48.2680828
	13.9710067	48.2679635
	13.9705342	48.2675689
	13.9702577	48.2673825
	13.9698033	48.267333
	13.9696902	48.26737
	13.9695445	48.2673825
	13.9693166	48.2673602
	13.9691825	48.2672961
	13.9688621	48.2669995
	13.9682248	48.2667826
	13.9679873	48.2666639
	13.9674392	48.2664482
	13.9669607	48.2662983
	13.9666551	48.2660218
	13.9666162	48.2659475
	13.96661	48.2658621
	13.9664776	48.2656773
	13.966305	48.2655698
	13.9659525	48.2653592
	13.9657628	48.2652051
	13.965743	48.2650614
	13.9657958	48.2649949
	13.9662373	48.2647233
	13.9669872	48.2642389
	13.9675036	48.2640959
	13.968033	48.2639196
	13.9682626	48.2637961
	13.9684291	48.2636444
	13.9685637	48.2634821
	13.968735	48.2632058
	13.9690479	48.2629827
	13.9691513	48.2626351
	13.9691053	48.2625774
	13.9689329	48.2624579
	13.968698	48.2624193
	13.9685479	48.2623695
	13.9683211	48.2622639
	13.968238	48.2621962
	13.96822	48.2621198
	13.96763	48.261915
	13.9670275	48.2616915
	13.9668529	48.2614478
	13.9665408	48.2610989
	13.9663678	48.261046
	13.966178	48.2608962
	13.9664126	48.260252
	13.9658171	48.2599172
	13.9656299	48.2597377
END
END
