7873111
1
	12.749244	48.1085127
	12.74928	48.1078687
	12.749609	48.1058955
	12.7499643	48.1037236
	12.7504102	48.1009572
	12.750666	48.0995899
	12.7529046	48.0999913
	12.7548462	48.1002957
	12.7550259	48.1003555
	12.7552182	48.1004313
	12.7552585	48.1006294
	12.7555345	48.1007182
	12.7555742	48.1005714
	12.7556391	48.1001445
	12.7556434	48.099768
	12.7556814	48.0995878
	12.7556458	48.0992868
	12.7560896	48.0984071
	12.7562267	48.0978309
	12.7564421	48.0974718
	12.7565499	48.097151
	12.7565963	48.0968112
	12.7567023	48.0965303
	12.7569654	48.0962553
	12.7568077	48.0961169
	12.75676	48.0959723
	12.7569786	48.0957473
	12.757166	48.0956502
	12.7585415	48.0953227
	12.7585021	48.0952697
	12.7588271	48.0950354
	12.7592233	48.0948134
	12.7592906	48.0946655
	12.7595806	48.0942669
	12.7598255	48.094092
	12.7600363	48.094011
	12.7602895	48.0941219
	12.7604611	48.094234
	12.7607868	48.094235
	12.7610386	48.0940966
	12.7613141	48.0939204
	12.7613707	48.0938118
	12.7616475	48.0935662
	12.7618602	48.0934836
	12.7620568	48.0933333
	12.7628137	48.0930619
	12.7623003	48.0923532
	12.7626952	48.0918385
	12.7626429	48.0917623
	12.7622217	48.0915683
	12.7623652	48.0910274
	12.7624379	48.0910387
	12.762539	48.091072
	12.7628236	48.0905231
	12.7630589	48.0900263
	12.7632244	48.0898613
	12.763591	48.0898668
	12.7636031	48.089829
	12.7636994	48.0898084
	12.7643034	48.0892647
	12.7644659	48.0891034
	12.76472	48.0889957
	12.765166	48.088703
	12.765122	48.0886164
	12.765206	48.0876672
	12.7653363	48.0874359
	12.7653803	48.0871879
	12.765678	48.0867957
	12.7657019	48.0865476
	12.7660136	48.0863696
	12.7665025	48.0858739
	12.7670575	48.0856619
	12.7671742	48.0855513
	12.7677015	48.0853302
	12.7681773	48.0850602
	12.7684252	48.0848886
	12.7686826	48.0848006
	12.7692993	48.0846775
	12.7694353	48.0846418
	12.7698078	48.0845247
	12.7698701	48.0845537
	12.7700294	48.0845216
	12.770469	48.0846232
	12.7710749	48.0845883
	12.7714046	48.0846205
	12.771937	48.0845969
	12.7721129	48.0844913
	12.7724528	48.0844066
	12.772865	48.0843293
	12.7727929	48.0841407
	12.7728586	48.0840253
	12.7737729	48.0840317
	12.7743735	48.0838027
	12.7750985	48.0837388
	12.7759772	48.0835472
	12.7768419	48.0830475
	12.7775431	48.0825931
	12.7778453	48.0824424
	12.7780808	48.0824149
	12.7783644	48.0822047
	12.7785746	48.0820067
	12.7787782	48.0819571
	12.779066	48.0819501
	12.779202	48.0818202
	12.7797331	48.0816657
	12.7804055	48.0813353
	12.7807883	48.0812197
	12.78137	48.0811581
	12.7817205	48.0810325
	12.7821326	48.0809676
	12.7825144	48.0808246
	12.7826516	48.0805922
	12.7829673	48.0805006
	12.7832708	48.080398
	12.7834632	48.0802578
	12.7839388	48.0801562
	12.7841864	48.0800265
	12.784413	48.0799727
	12.7847083	48.0799718
	12.7850817	48.0798758
	12.7855049	48.0797998
	12.7860221	48.0796131
	12.7865185	48.0795246
	12.7868004	48.079374
	12.7868533	48.0792982
	12.7871883	48.0791531
	12.7872295	48.0790588
	12.7871955	48.0789712
	12.7873656	48.0790025
	12.7875657	48.0789246
	12.7878071	48.0788673
	12.7878124	48.0785949
	12.7879144	48.0784515
	12.7879023	48.0783047
	12.7876191	48.078187
	12.7874745	48.0782078
	12.7874423	48.0781469
	12.7873189	48.0780573
	12.7872921	48.0778637
	12.787394	48.0776917
	12.7877237	48.0773363
	12.7899864	48.0779388
	12.7908337	48.0782221
	12.7906238	48.0782619
	12.7904046	48.0782993
	12.790188	48.0785222
	12.7901062	48.0786835
	12.7897685	48.079052
	12.7897417	48.0791251
	12.7897763	48.0791736
	12.7898866	48.0793073
	12.789922	48.0794448
	12.7898951	48.079531
	12.7897141	48.0798603
	12.7896811	48.0799904
	12.7894064	48.0804707
	12.7893024	48.0805794
	12.7889701	48.0804479
	12.787563	48.0816275
	12.7875884	48.0817945
	12.7873044	48.0821224
	12.7869434	48.0822803
	12.7866389	48.0825192
	12.7861065	48.0830166
	12.7854328	48.0836645
	12.7853971	48.0838317
	12.7852887	48.084055
	12.7856176	48.0845293
	12.7858418	48.0847477
	12.7860937	48.0849009
	12.7862205	48.084647
	12.7863691	48.0845239
	12.7867433	48.084356
	12.7879564	48.0850313
	12.78774	48.085215
	12.7874146	48.0855235
	12.7887498	48.0862818
	12.7883671	48.0866151
	12.7882239	48.0867788
	12.788119	48.0869091
	12.7881421	48.0871357
	12.7882839	48.0873808
	12.7886434	48.0877394
	12.7891052	48.0881079
	12.7896073	48.0885438
	12.7892479	48.0889677
	12.7898522	48.0892198
	12.7916555	48.0897668
	12.7919706	48.0899628
	12.7921418	48.0900173
	12.792304	48.0900284
	12.7929116	48.0900807
	12.7934673	48.0901618
	12.7943026	48.0900445
	12.7946563	48.0904198
	12.7950149	48.0906798
	12.7950812	48.09166
	12.7952767	48.0917087
	12.7952647	48.0917499
	12.7954092	48.0918354
	12.7954929	48.0919642
	12.7954253	48.0924355
	12.7954527	48.0932697
	12.7957751	48.0941385
	12.7976009	48.0944071
	12.7993878	48.0948399
	12.8012189	48.0952155
	12.8011014	48.0956274
	12.8008286	48.0970747
	12.8005462	48.098624
	12.8013683	48.0985914
	12.8022202	48.0984569
	12.8028344	48.0983322
	12.803336	48.0982627
	12.8051703	48.0978962
	12.8057424	48.0978686
	12.8063178	48.0978788
	12.8062867	48.0980271
	12.8060715	48.0991297
	12.8060842	48.0994333
	12.8061826	48.0996006
	12.8061249	48.0997532
	12.8070433	48.1006711
	12.8072686	48.100824
	12.8073976	48.1009634
	12.8074883	48.1011452
	12.8079378	48.1015273
	12.8082042	48.1017243
	12.8084869	48.1020596
	12.8084721	48.1023878
	12.8085303	48.1028202
	12.8085424	48.1032905
	12.8086489	48.103475
	12.8087213	48.1038382
	12.8086473	48.1040489
	12.8086097	48.1044662
	12.8086486	48.104699
	12.8087118	48.1048118
	12.8086586	48.1049201
	12.8084206	48.1052514
	12.8082679	48.1058539
	12.8082557	48.1063607
	12.8083357	48.1065604
	12.808339	48.1068734
	12.8085746	48.1072714
	12.8086481	48.1075571
	12.8086659	48.107936
	12.8087458	48.1081344
	12.8087996	48.108393
	12.8089769	48.108938
	12.8089055	48.1097087
	12.8087589	48.1099048
	12.8087577	48.1106457
	12.8088081	48.1107519
	12.8086729	48.1109984
	12.8082562	48.1115356
	12.8080992	48.1118499
	12.8082537	48.1123245
	12.8083776	48.1130722
	12.8087137	48.1140327
	12.8088495	48.1142337
	12.8089975	48.1149224
	12.8090812	48.1151996
	12.8094438	48.11573
	12.8095908	48.1159564
	12.8096187	48.1162124
	12.8094943	48.1167847
	12.8093307	48.1171866
	12.8092963	48.1175153
	12.8091668	48.1179782
	12.8090126	48.1185292
	12.8088307	48.1188955
	12.808857	48.1191043
	12.8089471	48.1194188
	12.80899	48.1198317
	12.8093215	48.1210926
	12.8092952	48.1212877
	12.8094438	48.1218478
	12.8096348	48.1223864
	12.8098156	48.1235391
	12.8097485	48.1236992
	12.8098016	48.1238621
	12.8099551	48.1240286
	12.8105248	48.1250294
	12.8106675	48.1257148
	12.8108305	48.1260249
	12.8110703	48.1266229
	12.811213	48.1273404
	12.811735	48.1287243
	12.8117489	48.1290101
	12.8116551	48.1293058
	12.8116932	48.1294704
	12.8115912	48.1297809
	12.8114512	48.1307043
	12.811574	48.1309855
	12.8116411	48.1311658
	12.8116406	48.1318454
	12.8122156	48.1328887
	12.8123444	48.1332062
	12.8124887	48.1333971
	12.8119002	48.1332388
	12.8082529	48.1323097
	12.8078286	48.1322704
	12.8073328	48.1322838
	12.8070057	48.1322177
	12.806907	48.1322954
	12.8064811	48.1321465
	12.8060369	48.1321662
	12.8055353	48.1321562
	12.8049924	48.1320154
	12.8042833	48.1320674
	12.8025736	48.1320248
	12.8023553	48.1323706
	12.8018001	48.1330623
	12.8017974	48.133338
	12.8010464	48.1334264
	12.8004681	48.1340923
	12.7996736	48.1341289
	12.7992702	48.1342133
	12.7987799	48.1337891
	12.7979661	48.1332564
	12.7961755	48.1322335
	12.7953971	48.1316306
	12.7952383	48.1314422
	12.7942894	48.1318371
	12.7939181	48.1320842
	12.7931532	48.1324376
	12.7918616	48.1306573
	12.790574	48.1287262
	12.7893552	48.1268183
	12.788359	48.1251527
	12.7878749	48.1245132
	12.7875643	48.1242191
	12.7869191	48.1237109
	12.7863447	48.1233357
	12.785704	48.1230705
	12.7851906	48.1229468
	12.7844955	48.1228532
	12.7838036	48.1228394
	12.7829372	48.122965
	12.7821685	48.1231297
	12.7815657	48.1233297
	12.7809184	48.1236041
	12.780413	48.1239001
	12.7796724	48.1243738
	12.7786403	48.1251179
	12.7775215	48.1258649
	12.7764982	48.1264436
	12.775509	48.126926
	12.7748077	48.1272339
	12.7739737	48.1275519
	12.7729521	48.1278556
	12.7713306	48.1282495
	12.7697972	48.128524
	12.7682575	48.1287348
	12.7669988	48.1288507
	12.7656949	48.1289215
	12.7649055	48.128889
	12.7636462	48.1286968
	12.7622173	48.1283671
	12.761254	48.1280574
	12.7595676	48.1273348
	12.7594912	48.1272908
	12.7589665	48.1269882
	12.7585565	48.1266548
	12.7583107	48.1263522
	12.7580635	48.1258886
	12.7579822	48.1253599
	12.7580279	48.1247937
	12.7581796	48.1238945
	12.7583053	48.1233675
	12.7584576	48.1229759
	12.758876	48.1222487
	12.7590495	48.1218958
	12.7592012	48.1213912
	12.7592466	48.1211057
	12.7592199	48.1203827
	12.7591106	48.1197952
	12.7589605	48.1192913
	12.7586685	48.1186952
	12.7582694	48.118116
	12.7577966	48.1176005
	12.7570786	48.1170118
	12.7554186	48.1157489
	12.7526186	48.1136833
	12.7522844	48.1134378
	12.7518575	48.1130986
	12.7517963	48.1130501
	12.7508552	48.1122392
	12.7502849	48.1116447
	12.7497458	48.110887
	12.7494922	48.1102636
	12.7492832	48.1092317
	12.749244	48.1085127
END
END
