7873051
1
	15.30102	48.9599365
	15.301264	48.9598994
	15.3014464	48.9598539
	15.3019343	48.9597544
	15.3022348	48.9596718
	15.3028024	48.9595015
	15.3033288	48.9593329
	15.3041404	48.9591238
	15.3051317	48.9588742
	15.3065262	48.9584998
	15.307253	48.9583059
	15.3080235	48.9581019
	15.3086476	48.9579282
	15.3093667	48.9577157
	15.3099445	48.957198
	15.3102244	48.9569822
	15.3105994	48.9564999
	15.3112645	48.956225
	15.3115881	48.956085
	15.3120376	48.9558472
	15.3125769	48.955483
	15.3130905	48.9551744
	15.3133705	48.9549821
	15.3136889	48.9547022
	15.3141152	48.954402
	15.3149473	48.9537864
	15.3152709	48.9536212
	15.3156972	48.9533463
	15.3163752	48.9530748
	15.3167399	48.9528403
	15.3169146	48.9528505
	15.3182064	48.9527678
	15.3182937	48.9527341
	15.3183194	48.9524271
	15.3182192	48.9521522
	15.3182423	48.952014
	15.3199758	48.9515147
	15.3217556	48.9510004
	15.3206179	48.9496595
	15.3219636	48.9492699
	15.323127	48.9486796
	15.3241466	48.9481601
	15.3249145	48.9477604
	15.3249941	48.9476794
	15.3246936	48.9473556
	15.3264297	48.9466556
	15.3279424	48.9460501
	15.3277241	48.9454986
	15.3274287	48.9449655
	15.3275905	48.9448896
	15.3283225	48.9444224
	15.32889	48.9441829
	15.3290955	48.9440749
	15.3293138	48.9439265
	15.3297581	48.9434812
	15.3292778	48.9428486
	15.3294345	48.9423493
	15.3296939	48.9415953
	15.3296374	48.9414739
	15.3295655	48.9411837
	15.329509	48.9406119
	15.3297555	48.9397347
	15.3285459	48.9391358
	15.3280245	48.9388862
	15.3271103	48.9384998
	15.3264605	48.9383143
	15.3256747	48.9381304
	15.3255129	48.937987
	15.3252637	48.9377441
	15.3249684	48.9374623
	15.324162	48.937211
	15.3236843	48.9370642
	15.3231219	48.9369427
	15.3227752	48.9368483
	15.3224233	48.9367319
	15.3220201	48.9365564
	15.3216015	48.9361465
	15.3213678	48.9360199
	15.3211264	48.9358529
	15.3207514	48.9354902
	15.3204792	48.9352085
	15.3209518	48.9349065
	15.3211598	48.9348356
	15.321414	48.9348339
	15.3215065	48.9348373
	15.3218044	48.9345184
	15.3220638	48.9344611
	15.3220098	48.9342418
	15.321961	48.9341895
	15.3217145	48.9341102
	15.3216246	48.9339735
	15.3219251	48.9337913
	15.3220715	48.9335703
	15.3222667	48.9335298
	15.3224362	48.9335332
	15.322598	48.9334826
	15.3228265	48.933356
	15.323448	48.9331468
	15.3238358	48.9329815
	15.3241055	48.9329849
	15.3243803	48.932752
	15.3244034	48.9326947
	15.32437	48.9325664
	15.3244188	48.9325259
	15.3249915	48.932531
	15.3257645	48.9326137
	15.3258467	48.9325901
	15.3260702	48.9324197
	15.3263064	48.9322324
	15.3263501	48.932035
	15.3264579	48.9319574
	15.3265299	48.9319219
	15.3267507	48.9319118
	15.327064	48.9320282
	15.3273671	48.9319894
	15.3274929	48.9319844
	15.3279244	48.9320957
	15.32842	48.9319287
	15.3287488	48.9318983
	15.3292188	48.9318983
	15.3296553	48.9318544
	15.3298813	48.9317313
	15.3300072	48.9316216
	15.3297863	48.9314006
	15.3296913	48.9313534
	15.3294935	48.931296
	15.3294602	48.9312285
	15.3296143	48.9309467
	15.3301176	48.930751
	15.3302255	48.9307341
	15.3305773	48.9308084
	15.331204	48.9309029
	15.3313966	48.9308236
	15.3317304	48.9310497
	15.3326704	48.9312302
	15.3335641	48.9311745
	15.3342216	48.9311829
	15.3345863	48.931161
	15.3349022	48.9311306
	15.3351898	48.9310682
	15.3366126	48.9303731
	15.3384278	48.9295035
	15.3385849	48.9294282
	15.339322	48.9290604
	15.340131	48.9285205
	15.3409888	48.9279603
	15.3415024	48.9277713
	15.3435082	48.9268129
	15.343747	48.9267808
	15.344054	48.927011
	15.3447138	48.9273635
	15.3451752	48.9274974
	15.345379	48.9275009
	15.3457599	48.9274833
	15.345953	48.9275503
	15.3460496	48.9276313
	15.3461729	48.9277899
	15.346564	48.9279443
	15.3468644	48.9279795
	15.3472346	48.9279831
	15.3476852	48.9278703
	15.3479217	48.9277758
	15.3484099	48.9276454
	15.3486454	48.9276623
	15.3489088	48.927723
	15.349295	48.927797
	15.3495842	48.9278121
	15.3497001	48.9278075
	15.3499361	48.9277793
	15.3503357	48.9276912
	15.3508024	48.9276718
	15.3513437	48.9277928
	15.3515883	48.9278656
	15.3517139	48.9279232
	15.3519311	48.928043
	15.3519955	48.9282016
	15.3519665	48.9283185
	15.3519236	48.928382
	15.3516742	48.9285881
	15.3516259	48.9288331
	15.3518211	48.9290404
	15.3520068	48.9290727
	15.3522691	48.9291197
	15.352562	48.929189
	15.3526419	48.9292413
	15.3528833	48.9294792
	15.3530737	48.9295373
	15.3532352	48.929538
	15.3534846	48.9294833
	15.3537207	48.929434
	15.3539058	48.929397
	15.3543349	48.9293917
	15.3546031	48.9293846
	15.3552651	48.9294774
	15.3555145	48.9294792
	15.3559067	48.9294076
	15.3562554	48.9293036
	15.3564699	48.9291432
	15.3565987	48.9290463
	15.3569066	48.92888
	15.3572719	48.928789
	15.3576474	48.9287978
	15.3579531	48.9287958
	15.3582348	48.928745
	15.3583582	48.9286939
	15.3585272	48.9285881
	15.3586291	48.9283661
	15.3587337	48.9282198
	15.3588786	48.9280577
	15.3591575	48.9277105
	15.359305	48.9274515
	15.359466	48.9271131
	15.3595706	48.9270074
	15.3596886	48.9268858
	15.3599649	48.9267607
	15.3600453	48.9267254
	15.3602626	48.9266602
	15.3611075	48.9267854
	15.3616139	48.9268605
	15.3619492	48.9269451
	15.3623569	48.9271213
	15.3630328	48.9274227
	15.3632259	48.9275002
	15.3634786	48.9275308
	15.3637226	48.9275149
	15.3640821	48.9274568
	15.3644951	48.9274162
	15.3652461	48.9274092
	15.3655948	48.9274004
	15.3660449	48.9273222
	15.3663512	48.9272612
	15.3667235	48.927183
	15.3670164	48.9271114
	15.367585	48.9268788
	15.3681215	48.9266761
	15.3684862	48.9266179
	15.3686043	48.926625
	15.3689363	48.926716
	15.3694009	48.9268576
	15.3695511	48.9269246
	15.3696637	48.9269422
	15.3700017	48.9269052
	15.3702131	48.9268112
	15.3703498	48.9266526
	15.3703767	48.9264781
	15.3702485	48.9262267
	15.3702216	48.9261879
	15.3702055	48.9260699
	15.3701599	48.9257861
	15.3701143	48.9253984
	15.3701492	48.9251517
	15.3702082	48.9249261
	15.3702324	48.9246812
	15.3700983	48.924334
	15.3700285	48.9240872
	15.3700822	48.9238299
	15.3701492	48.9235532
	15.3703665	48.9231726
	15.370463	48.923051
	15.3706722	48.9228994
	15.3707983	48.9228201
	15.371029	48.9227002
	15.3711872	48.9225117
	15.3714072	48.9222579
	15.3715225	48.9220852
	15.3715145	48.921849
	15.3714635	48.921359
	15.3713964	48.9210629
	15.3714099	48.9207968
	15.3714447	48.9206717
	15.3716647	48.920291
	15.3716861	48.9200883
	15.3716754	48.9198151
	15.3716593	48.9194291
	15.3716834	48.9192052
	15.3717371	48.918925
	15.3719409	48.9184667
	15.3721636	48.9179538
	15.3723111	48.917804
	15.3727188	48.9175766
	15.3732198	48.9173398
	15.3734725	48.9171483
	15.3736468	48.9169157
	15.3737863	48.9165208
	15.3738989	48.9159021
	15.3739395	48.915738
	15.3737678	48.9154877
	15.3736552	48.9152409
	15.3737088	48.915107
	15.3738059	48.915004
	15.3743633	48.9147615
	15.3750794	48.9144797
	15.3755861	48.9143629
	15.3763577	48.9142486
	15.3769221	48.9141974
	15.3781028	48.9142425
	15.3792991	48.9143659
	15.380586	48.914483
	15.3813958	48.9145595
	15.382284	48.9146512
	15.3834148	48.9147556
	15.3849478	48.9149794
	15.3860738	48.9151528
	15.3866376	48.9152438
	15.3876617	48.9153678
	15.3881933	48.9154447
	15.3885473	48.9154482
	15.3889336	48.9154094
	15.3893627	48.9152755
	15.3897538	48.9151387
	15.3900672	48.9149544
	15.3904567	48.9145592
	15.390733	48.9143798
	15.3912764	48.914081
	15.3920338	48.9137291
	15.3923184	48.913652
	15.3926459	48.9138993
	15.3929821	48.914173
	15.3938035	48.9142295
	15.3938895	48.9142875
	15.3941306	48.9143221
	15.394496	48.9143393
	15.3947133	48.914333
	15.394933	48.9142138
	15.3956565	48.9143582
	15.3962225	48.9146124
	15.3974331	48.9147787
	15.3979394	48.9147536
	15.3979322	48.9148101
	15.3975	48.9149043
	15.3970726	48.9149451
	15.3961723	48.9148682
	15.395881	48.9148745
	15.39473	48.9149294
	15.3944745	48.9149718
	15.394687	48.9152778
	15.3948542	48.915543
	15.3950309	48.91586
	15.3958189	48.9157988
	15.3966236	48.9157172
	15.3969317	48.9160436
	15.3975239	48.9165489
	15.3977364	48.9167811
	15.3978128	48.9168753
	15.3988969	48.9176614
	15.3993793	48.917696
	15.3999858	48.9175485
	15.4003798	48.9174166
	15.4008455	48.9173037
	15.4013875	48.9173445
	15.4015666	48.9173115
	15.4026985	48.917685
	15.4030423	48.9177242
	15.4035008	48.917743
	15.4041742	48.9176175
	15.4046876	48.9175124
	15.4050649	48.9174041
	15.4051533	48.9182923
	15.4052846	48.9185998
	15.4058601	48.9196135
	15.4058195	48.9199179
	15.405946	48.9199508
	15.4063926	48.919579
	15.4077489	48.919036
	15.4082146	48.9189152
	15.4086587	48.9188524
	15.4087339	48.9189181
	15.4086872	48.9191726
	15.4085262	48.9196081
	15.4081972	48.9204069
	15.4087199	48.9206553
	15.4092052	48.9208761
	15.4097909	48.9212011
	15.4107452	48.9214296
	15.4111536	48.9214618
	15.4118465	48.9216258
	15.4118792	48.9218604
	15.4123482	48.921888
	15.4127939	48.9224829
	15.4138999	48.9226239
	15.4142335	48.9226868
	15.4142522	48.9229382
	15.4141892	48.9233506
	15.4139652	48.92355
	15.4137342	48.9237278
	15.4131205	48.9241371
	15.4130739	48.9241985
	15.4132232	48.9246385
	15.4134752	48.9252732
	15.4138182	48.926167
	15.4140049	48.9267541
	15.4140562	48.9268599
	15.4141029	48.9269519
	15.4143129	48.9274317
	15.4144015	48.9276586
	15.4146302	48.9280173
	15.4149615	48.9285263
	15.4149405	48.9286597
	15.4149895	48.9287838
	15.4152205	48.9291793
	15.4154165	48.9295994
	15.4156289	48.9299366
	15.4158039	48.9302371
	15.4159205	48.930559
	15.4160279	48.9309284
	15.4161352	48.9311507
	15.4163568	48.9315584
	15.4165552	48.9318758
	15.4167558	48.9322283
	15.4167512	48.9322958
	15.4168282	48.9324107
	15.4170452	48.9326177
	15.4173462	48.9329166
	15.4174862	48.9331266
	15.4189772	48.9355806
	15.4190402	48.935645
	15.4193365	48.9362106
	15.4196095	48.9368497
	15.4198335	48.9372513
	15.4201252	48.9377985
	15.4203725	48.9382828
	15.4204892	48.9385817
	15.4207085	48.9390277
	15.4235621	48.938761
	15.4237091	48.9387748
	15.4241991	48.9386966
	15.4246075	48.9386093
	15.4250648	48.9384959
	15.4256364	48.938246
	15.4259024	48.9381679
	15.4261101	48.938761
	15.4262758	48.9391902
	15.4265161	48.939584
	15.4265006	48.9400738
	15.4260659	48.9402031
	15.4255835	48.9404745
	15.4251728	48.9409152
	15.4248934	48.9410203
	15.4246618	48.941345
	15.4236111	48.9416712
	15.4232195	48.9418061
	15.4228613	48.9419677
	15.422601	48.9420968
	15.4223192	48.9423101
	15.4218536	48.9427712
	15.421407	48.9429641
	15.4215264	48.9430473
	15.4219754	48.9433468
	15.4232338	48.9441122
	15.4251837	48.9453278
	15.4261286	48.9459155
	15.4272203	48.945784
	15.4274178	48.9460375
	15.4279196	48.9470578
	15.428386	48.9478817
	15.4287774	48.9485031
	15.4288539	48.948621
	15.4290563	48.9489355
	15.4292016	48.9491676
	15.4295091	48.9497764
	15.4295502	48.9500697
	15.4295344	48.9511794
	15.428509	48.9513773
	15.425427	48.951701
	15.424727	48.9516259
	15.4234832	48.9521274
	15.4230439	48.9523102
	15.4220228	48.9528836
	15.4213546	48.9532034
	15.420772	48.9534614
	15.4202965	48.9537503
	15.4196839	48.9540171
	15.4179069	48.954557
	15.4173267	48.9546886
	15.4162846	48.9549695
	15.4146909	48.9554647
	15.4137841	48.9558607
	15.4128397	48.9563024
	15.4122198	48.9566448
	15.4112615	48.9573006
	15.4108312	48.9576508
	15.4104222	48.958006
	15.409867	48.9584532
	15.4093319	48.9587892
	15.4089435	48.9591458
	15.4086839	48.9594586
	15.4081552	48.9598962
	15.407718	48.9601738
	15.4070394	48.9605757
	15.4064421	48.9611031
	15.406075	48.96144
	15.4057391	48.9616332
	15.4052115	48.9621326
	15.4048558	48.9625597
	15.4044423	48.962862
	15.4033913	48.9634331
	15.4018499	48.9639008
	15.400022	48.9642434
	15.399327	48.9642666
	15.3981173	48.9642435
	15.3966128	48.9644365
	15.3958055	48.9645533
	15.3951282	48.9647223
	15.3944749	48.9649639
	15.3936402	48.9652217
	15.392835	48.9655987
	15.3926131	48.9657665
	15.3920113	48.966109
	15.3917015	48.9663105
	15.3913353	48.9666547
	15.3910119	48.9670555
	15.3909732	48.9673988
	15.3907963	48.9680054
	15.3905824	48.9682923
	15.3904004	48.9686435
	15.3901268	48.9696542
	15.3897518	48.9701246
	15.3895702	48.9704653
	15.3890745	48.9710019
	15.388976	48.9712273
	15.3894484	48.9719284
	15.3894151	48.9721312
	15.3890115	48.9725334
	15.3879056	48.9727124
	15.387356	48.9729351
	15.3857048	48.973469
	15.3849031	48.9736077
	15.384062	48.9738246
	15.3839193	48.9739338
	15.3832045	48.9742141
	15.3821346	48.9748361
	15.3814887	48.9751345
	15.3811218	48.9753456
	15.3806035	48.9755525
	15.3800612	48.9759639
	15.3798434	48.9760308
	15.3785195	48.9764109
	15.3777631	48.9764538
	15.3772427	48.9765304
	15.3764204	48.9767068
	15.3755546	48.9769848
	15.3748221	48.9773524
	15.3745136	48.9775251
	15.3740328	48.9778857
	15.3733211	48.9785275
	15.3729901	48.9788754
	15.3723195	48.9795327
	15.3718799	48.9797485
	15.3707523	48.9799084
	15.3692999	48.9802135
	15.3689436	48.9804766
	15.3687578	48.9807106
	15.3686162	48.9809873
	15.368127	48.9811806
	15.3678357	48.9814213
	15.3674189	48.9816802
	15.3669921	48.9818872
	15.3664195	48.9815135
	15.3658811	48.9817137
	15.365364	48.9817402
	15.3644454	48.9818789
	15.3635562	48.9819323
	15.362864	48.9818984
	15.3594444	48.9823605
	15.3574659	48.9821542
	15.3549437	48.9834404
	15.3540727	48.9838219
	15.3531833	48.9840711
	15.3517777	48.9841482
	15.3501242	48.9843128
	15.3488483	48.984679
	15.3484141	48.9847692
	15.3480465	48.9848124
	15.3470399	48.9840227
	15.3462129	48.9843172
	15.3458231	48.9840495
	15.3454469	48.9840004
	15.344386	48.9842212
	15.3439421	48.983659
	15.3432947	48.9840226
	15.3429795	48.9840872
	15.3421932	48.9840225
	15.3415662	48.983844
	15.3413086	48.9837503
	15.3408071	48.9833465
	15.3388271	48.9832683
	15.3376178	48.9834644
	15.3374237	48.983331
	15.3371874	48.9832658
	15.3360496	48.983228
	15.3348216	48.9835421
	15.3339369	48.9838499
	15.3326153	48.9845701
	15.3322283	48.9848267
	15.3318249	48.9840992
	15.3316254	48.9838406
	15.3309614	48.9831333
	15.3298213	48.9823063
	15.3295665	48.9824616
	15.3289995	48.9818659
	15.3278633	48.980772
	15.3276919	48.9806343
	15.3279433	48.9803485
	15.3280551	48.9801279
	15.3269806	48.9798028
	15.3272	48.9794178
	15.3269571	48.9791418
	15.3245822	48.9777314
	15.3226172	48.9767717
	15.321743	48.976125
	15.3219328	48.9757509
	15.3219653	48.9749334
	15.321979	48.9739877
	15.3221665	48.9737887
	15.3227289	48.9734651
	15.3230114	48.9732931
	15.3224602	48.9728793
	15.3224741	48.9726419
	15.3221772	48.9724055
	15.3218902	48.9722281
	15.3216588	48.9721178
	15.3215501	48.9720552
	15.3203481	48.9711206
	15.319873	48.9711694
	15.3177255	48.9694931
	15.3177621	48.9693145
	15.3177163	48.9692499
	15.3172998	48.968662
	15.3167219	48.9678477
	15.3166834	48.9677398
	15.3165858	48.9676269
	15.3162905	48.9672728
	15.3159386	48.966966
	15.3156716	48.9670149
	15.3151476	48.9670385
	15.3144773	48.9670519
	15.3140356	48.9670722
	15.3134449	48.9671548
	15.3124588	48.9673048
	15.3115368	48.9675088
	15.3111901	48.9675662
	15.3105942	48.9676151
	15.3086681	48.96761
	15.3082469	48.9676387
	15.307759	48.9676977
	15.3072453	48.967787
	15.3067189	48.9680096
	15.3056813	48.96848
	15.3049442	48.9687548
	15.3036627	48.96921
	15.3036216	48.9680753
	15.3037598	48.9679
	15.3036531	48.96732
	15.3035711	48.9670958
	15.3033818	48.966346
	15.3029632	48.9663359
	15.3026763	48.9655008
	15.3023993	48.9645756
	15.3021821	48.9641117
	15.3023929	48.9639673
	15.3022836	48.9637776
	15.3022091	48.9636377
	15.3019934	48.9632532
	15.3018162	48.9629649
	15.3017777	48.9629363
	15.3016826	48.9627204
	15.3016826	48.9625687
	15.3011998	48.9603868
	15.301074	48.9600478
	15.30102	48.9599365
END
END
