7873743
1
	9.600639	47.2335045
	9.6010292	47.2329564
	9.6015747	47.2325198
	9.6034488	47.2313518
	9.6033736	47.231273
	9.6030625	47.231023
	9.6033735	47.2308862
	9.6039571	47.2306764
	9.6042777	47.2304643
	9.6046285	47.2300541
	9.60469	47.2296838
	9.6048131	47.2292598
	9.6049539	47.2290837
	9.6051956	47.2288447
	9.6061102	47.2286088
	9.6065192	47.2285342
	9.6070291	47.2284057
	9.6080932	47.2282236
	9.6093771	47.2280027
	9.6114132	47.2276653
	9.6116385	47.2276559
	9.612732	47.2276832
	9.614469	47.2277191
	9.6146801	47.227728
	9.6157662	47.227716
	9.6165882	47.227707
	9.6173623	47.227689
	9.6184175	47.2275129
	9.6192002	47.2273189
	9.6198732	47.2271189
	9.6209592	47.2267724
	9.6223046	47.2263335
	9.6232678	47.2260409
	9.6236599	47.2258846
	9.6251665	47.2253746
	9.6256112	47.2253034
	9.6260245	47.2252646
	9.6264025	47.2252646
	9.6267806	47.2252974
	9.6269477	47.2253243
	9.6270577	47.2253839
	9.6272511	47.2255511
	9.6272951	47.225593
	9.6274051	47.2256229
	9.6275327	47.2256557
	9.6281395	47.2256526
	9.6293135	47.2256289
	9.630294	47.2256804
	9.6335954	47.2258064
	9.6360416	47.2259288
	9.6390236	47.2260638
	9.6392306	47.2263368
	9.6391843	47.2264242
	9.6391911	47.2264592
	9.639305	47.2265735
	9.6393957	47.2266264
	9.6394578	47.2267329
	9.6394392	47.2267943
	9.6394761	47.2268388
	9.639497	47.2269202
	9.6395534	47.2269818
	9.6396684	47.2270708
	9.6397949	47.2271557
	9.6398995	47.2272395
	9.640017	47.2272569
	9.6400499	47.2275727
	9.6401098	47.2277584
	9.6404301	47.2279385
	9.6405416	47.2280847
	9.6407267	47.2282502
	9.6409803	47.2284738
	9.6409751	47.22861
	9.6409649	47.2287485
	9.6411712	47.2290699
	9.6417277	47.2293129
	9.6421504	47.2294944
	9.6426889	47.2297583
	9.6431427	47.2299769
	9.6435174	47.2303755
	9.6435658	47.2304426
	9.6435326	47.2306438
	9.6442188	47.231352
	9.6448407	47.2321178
	9.6453976	47.2328726
	9.6460239	47.2336396
	9.6465405	47.2342681
	9.6470342	47.2348949
	9.6474852	47.2354557
	9.6476583	47.2356643
	9.6483436	47.2358746
	9.6488046	47.2360124
	9.6491797	47.2361315
	9.6497621	47.2359086
	9.6503058	47.2357029
	9.6506996	47.2359908
	9.6510323	47.2362385
	9.6514228	47.2363818
	9.6518404	47.2365517
	9.6522205	47.2366967
	9.6525245	47.2369305
	9.6527697	47.2371218
	9.6530418	47.237203
	9.65349	47.2371398
	9.6542053	47.2373561
	9.6547108	47.2376802
	9.6552544	47.2376943
	9.6556836	47.237689
	9.6559794	47.2376865
	9.65652	47.2380617
	9.6569514	47.238359
	9.6572939	47.2385932
	9.657774	47.2387895
	9.6583585	47.239014
	9.6579677	47.2392678
	9.6575321	47.2393855
	9.6566743	47.2397774
	9.656508	47.2401327
	9.6563782	47.2402133
	9.6563329	47.2403735
	9.6559316	47.2405924
	9.6558507	47.2407277
	9.6558788	47.2407747
	9.6558748	47.2409241
	9.6556678	47.2411656
	9.6557153	47.2412559
	9.6551485	47.2414411
	9.654335	47.2416985
	9.654107	47.2418656
	9.654287	47.2420256
	9.6549853	47.2424779
	9.6546891	47.2426922
	9.6543679	47.2432015
	9.654353	47.2433173
	9.6543089	47.2434939
	9.6541931	47.2435729
	9.6540217	47.2435891
	9.653836	47.2436305
	9.6537177	47.2436442
	9.6536686	47.2437016
	9.6536203	47.2442134
	9.6535428	47.244368
	9.6534555	47.244608
	9.6534424	47.2448428
	9.6533067	47.2452847
	9.6531059	47.2455495
	9.6534176	47.2462336
	9.6535584	47.2462011
	9.6538447	47.2460127
	9.6539023	47.2459594
	9.6542595	47.2458354
	9.6542088	47.2455852
	9.6546251	47.2454335
	9.6550458	47.245372
	9.6552305	47.245457
	9.6558132	47.2458709
	9.6564088	47.2463807
	9.6568662	47.2469683
	9.6569521	47.2473317
	9.6569679	47.2474875
	9.6572948	47.2482971
	9.65699	47.2484164
	9.6568045	47.2485083
	9.6567374	47.2485945
	9.6562367	47.2487431
	9.6559618	47.2488356
	9.6559957	47.2489308
	9.6561454	47.2491388
	9.6563343	47.249302
	9.6567367	47.2497244
	9.6564695	47.2498799
	9.6563495	47.2499769
	9.6560488	47.250124
	9.6563415	47.2511107
	9.6564369	47.2514446
	9.6559234	47.2514679
	9.6560129	47.251556
	9.6560845	47.2516695
	9.6560844	47.2519401
	9.6560453	47.2522218
	9.6560578	47.2523547
	9.6560885	47.2524962
	9.6563582	47.252751
	9.6565818	47.2530311
	9.6566354	47.2533466
	9.6566586	47.2536138
	9.6566633	47.2537855
	9.656569	47.2539373
	9.6563412	47.2540906
	9.6556131	47.2539543
	9.6550753	47.2538224
	9.6546169	47.2536574
	9.6544158	47.2535921
	9.6542544	47.2535069
	9.6541451	47.2534117
	9.6539658	47.2533062
	9.6536457	47.2536057
	9.6533496	47.2534781
	9.6530209	47.2533848
	9.6524972	47.2532255
	9.6515895	47.2527925
	9.6512044	47.2526441
	9.6508613	47.2525135
	9.6504588	47.2524384
	9.6503805	47.2524696
	9.6502964	47.2525591
	9.6500271	47.2523921
	9.6499661	47.2522946
	9.6497644	47.252214
	9.6494252	47.2521837
	9.6491513	47.2520552
	9.6491505	47.2519265
	9.6490556	47.2518289
	9.6490373	47.2518351
	9.6486847	47.2516079
	9.6482527	47.2514713
	9.6479781	47.2513268
	9.6475258	47.2511899
	9.6470675	47.2509208
	9.6467075	47.2508944
	9.6464881	47.2508589
	9.6462802	47.2505515
	9.64585	47.2508971
	9.6456269	47.251193
	9.6455145	47.2512654
	9.6450944	47.2518178
	9.6446473	47.252426
	9.6444413	47.253031
	9.6444268	47.2533589
	9.6445628	47.2540358
	9.6445422	47.2547786
	9.6446218	47.2549317
	9.6445279	47.2550047
	9.6445499	47.2552483
	9.6441814	47.255367
	9.6443281	47.256097
	9.6445038	47.2568936
	9.6445572	47.2573227
	9.6445135	47.2582731
	9.6436023	47.2582735
	9.6431552	47.2583219
	9.6428403	47.2583181
	9.6419828	47.2583015
	9.641748	47.258137
	9.6412937	47.2578219
	9.6410821	47.2576892
	9.64099	47.257377
	9.6409375	47.2571871
	9.6400642	47.2568607
	9.639598	47.2567877
	9.639159	47.2567276
	9.6384763	47.2565811
	9.6381403	47.2564531
	9.6377224	47.2557864
	9.637371	47.2552448
	9.6372058	47.25504
	9.6368402	47.2546473
	9.6367568	47.2541591
	9.635976	47.2533897
	9.6355766	47.2529697
	9.6353719	47.2527443
	9.6346137	47.2525528
	9.6338442	47.2523629
	9.6330934	47.2524601
	9.6325379	47.252553
	9.6320323	47.2525375
	9.631487	47.2523148
	9.6310855	47.2521393
	9.6305177	47.2519923
	9.629272	47.2517133
	9.627952	47.2515008
	9.6270155	47.2516795
	9.625994	47.2513009
	9.6256477	47.2511967
	9.6254895	47.2510867
	9.6252722	47.2510893
	9.6249635	47.2508261
	9.6245335	47.2507756
	9.6244499	47.2507166
	9.62433	47.2505516
	9.6241116	47.2503595
	9.6240594	47.2502585
	9.6238455	47.2500558
	9.6237749	47.2499607
	9.6235664	47.2499121
	9.6234025	47.2497499
	9.6232363	47.2496253
	9.6228823	47.2494064
	9.6228559	47.2493431
	9.6227351	47.249319
	9.6225461	47.2493235
	9.6223175	47.2491661
	9.6220411	47.2488436
	9.6221801	47.2487008
	9.6220165	47.248583
	9.621919	47.2485746
	9.6216219	47.2486387
	9.6214347	47.24849
	9.621172	47.248308
	9.6211897	47.2481871
	9.6210837	47.2480782
	9.6208833	47.2480974
	9.6207328	47.2478968
	9.6202913	47.2476565
	9.6202345	47.2475298
	9.6199851	47.2474826
	9.6198263	47.2473591
	9.6196799	47.247261
	9.6196822	47.2471183
	9.6193647	47.246973
	9.6193128	47.2470188
	9.6189429	47.2469116
	9.6186855	47.2467328
	9.6182706	47.2465327
	9.6179796	47.2462381
	9.6173565	47.245782
	9.6171981	47.2456897
	9.6166103	47.2453757
	9.6164996	47.2451306
	9.6162323	47.244861
	9.6161618	47.2447069
	9.6159697	47.2445874
	9.61582	47.2444594
	9.615818	47.2442638
	9.6157552	47.2441701
	9.6154247	47.2440556
	9.6153011	47.2440214
	9.6149676	47.2437042
	9.6146824	47.2435124
	9.614442	47.2434004
	9.6142387	47.2433285
	9.6140264	47.2432706
	9.6135085	47.2429466
	9.6132835	47.2428454
	9.6131798	47.2426824
	9.6127615	47.2424719
	9.6126353	47.2424702
	9.6122167	47.2421174
	9.6119916	47.2420367
	9.6119547	47.2418479
	9.6116021	47.2418501
	9.6115432	47.2418405
	9.6114107	47.2418362
	9.6115387	47.2415433
	9.6101477	47.2414004
	9.6091264	47.2407516
	9.6089099	47.2407094
	9.6088663	47.2405876
	9.6087951	47.24053
	9.6086522	47.240357
	9.6084358	47.2402276
	9.6082785	47.2400832
	9.60807	47.2399228
	9.6079157	47.2397491
	9.6079005	47.2396259
	9.6078484	47.2395491
	9.6076725	47.2394461
	9.6075851	47.2393764
	9.6074235	47.2392169
	9.6072799	47.2391106
	9.6071787	47.2390663
	9.6070902	47.2389902
	9.6070251	47.2388912
	9.6068877	47.2387682
	9.6068978	47.2387101
	9.6066971	47.2386373
	9.6065855	47.2385711
	9.6065946	47.2384576
	9.6065836	47.2384024
	9.6064576	47.2383412
	9.6064263	47.2382963
	9.6061485	47.2383245
	9.6061567	47.2382224
	9.6058848	47.2381056
	9.6053441	47.2378094
	9.6050388	47.2375074
	9.6047639	47.2372281
	9.6044326	47.2368056
	9.6037312	47.2364463
	9.6027176	47.235751
	9.6025934	47.2355056
	9.6024245	47.2352747
	9.602007	47.2350365
	9.6015236	47.2346836
	9.6013293	47.2343206
	9.6011369	47.2341145
	9.601077	47.2339191
	9.6009452	47.2337549
	9.6007435	47.2336469
	9.600639	47.2335045
END
END
