7873491
1
	13.691666	47.588735
	13.6925522	47.5882573
	13.692934	47.58798
	13.692939	47.587222
	13.693528	47.586701
	13.693277	47.58638
	13.693084	47.585067
	13.693377	47.58404
	13.693842	47.58381
	13.6940231	47.5835221
	13.6943233	47.5833413
	13.6946059	47.5829439
	13.694952	47.582729
	13.694673	47.582268
	13.695396	47.581001
	13.69429	47.579967
	13.6943539	47.5794481
	13.69459	47.5792712
	13.694727	47.5792623
	13.702432	47.581544
	13.702815	47.581525
	13.703403	47.581172
	13.707741	47.579884
	13.709897	47.579967
	13.7110714	47.5798369
	13.71229	47.5796861
	13.712916	47.579562
	13.7127091	47.5787037
	13.7125059	47.5783665
	13.7123308	47.5777743
	13.712323	47.577262
	13.7125143	47.5765956
	13.713153	47.575342
	13.7136011	47.575385
	13.7146238	47.5754788
	13.7146785	47.5755019
	13.7149091	47.5756028
	13.7164367	47.5758336
	13.7168672	47.5760303
	13.718106	47.575949
	13.720688	47.576098
	13.7231043	47.5763543
	13.7241548	47.5764657
	13.724884	47.576543
	13.728656	47.576694
	13.729979	47.577009
	13.735461	47.577022
	13.7370203	47.5743913
	13.7380687	47.5725773
	13.740555	47.568983
	13.7443777	47.5649476
	13.7506865	47.5582843
	13.7509186	47.558046
	13.7510392	47.5579178
	13.755934	47.552729
	13.7561357	47.5515956
	13.7562611	47.5507012
	13.7564107	47.5496338
	13.7570393	47.5448313
	13.7527066	47.5443899
	13.7505389	47.544106
	13.7480747	47.5439104
	13.7476139	47.543863
	13.7469606	47.5436634
	13.7462251	47.5428092
	13.7462845	47.5416694
	13.7470358	47.5407431
	13.752013	47.5262665
	13.7598969	47.5208313
	13.7606735	47.5202958
	13.78468	47.538982
	13.7968834	47.5409817
	13.8029583	47.541921
	13.80468	47.543392
	13.806809	47.546364
	13.807809	47.54935
	13.809674	47.552798
	13.811786	47.554733
	13.816186	47.562112
	13.8168523	47.5626396
	13.817333	47.563175
	13.818489	47.56371
	13.819104	47.563741
	13.8194677	47.5634944
	13.819803	47.563412
	13.8201907	47.5633755
	13.820861	47.563335
	13.8211609	47.5632162
	13.821854	47.562527
	13.822363	47.562764
	13.822776	47.56277
	13.823093	47.562837
	13.823128	47.563112
	13.8229468	47.5632224
	13.8227772	47.5634601
	13.8226176	47.5637292
	13.822562	47.563864
	13.8225694	47.5643572
	13.8226349	47.5646224
	13.8226588	47.5649549
	13.822633	47.565138
	13.8230587	47.5652226
	13.8232073	47.565288
	13.823595	47.565561
	13.8236443	47.5657214
	13.8236517	47.565897
	13.823909	47.566239
	13.8246081	47.5667346
	13.8250092	47.5669725
	13.8253917	47.5671228
	13.8255283	47.5672134
	13.8255695	47.5672791
	13.8260779	47.5675683
	13.827191	47.568517
	13.829419	47.569358
	13.831899	47.569424
	13.832475	47.569739
	13.8323465	47.5698557
	13.8321327	47.5699037
	13.8317167	47.5701389
	13.831158	47.5705
	13.8309892	47.5707896
	13.830712	47.571473
	13.8305266	47.5716825
	13.8303014	47.5718488
	13.829916	47.572347
	13.830682	47.572592
	13.8310083	47.5726023
	13.831166	47.572577
	13.831634	47.572829
	13.8313581	47.5729695
	13.8313818	47.5733201
	13.831516	47.573362
	13.831344	47.57375
	13.8312119	47.5737568
	13.8309167	47.5738811
	13.830753	47.573973
	13.830529	47.574344
	13.8306016	47.5744322
	13.8311832	47.5746342
	13.831397	47.574816
	13.8314151	47.5749225
	13.831413	47.575743
	13.8313058	47.575857
	13.8312257	47.5759758
	13.8313216	47.5760842
	13.831879	47.576561
	13.832438	47.576734
	13.8324047	47.5768319
	13.831966	47.576894
	13.8314116	47.5768943
	13.8310499	47.5768642
	13.830799	47.576838
	13.830795	47.576999
	13.8308458	47.5770456
	13.8310334	47.5771625
	13.8312141	47.5772032
	13.8313993	47.5772744
	13.8314752	47.5773339
	13.8315562	47.577454
	13.831737	47.5775307
	13.8318633	47.5775691
	13.8320159	47.5776388
	13.8322369	47.5777534
	13.832646	47.578088
	13.832786	47.5783404
	13.8330502	47.5787606
	13.8331327	47.578859
	13.833403	47.579093
	13.833623	47.580001
	13.8336102	47.5803465
	13.833519	47.5805291
	13.8334939	47.5806185
	13.833522	47.580683
	13.8336522	47.5808139
	13.834121	47.580968
	13.8343716	47.5809235
	13.834548	47.580953
	13.8346264	47.5812644
	13.8346529	47.581655
	13.8346339	47.581936
	13.8347406	47.5821361
	13.8349136	47.5826722
	13.834989	47.5830038
	13.8347495	47.5829378
	13.834315	47.583018
	13.834735	47.58399
	13.8345116	47.5841787
	13.834505	47.584439
	13.836199	47.586343
	13.8368046	47.5866114
	13.838226	47.58707
	13.838915	47.5872439
	13.839586	47.587249
	13.84393	47.5910626
	13.8461287	47.5929927
	13.84671	47.593503
	13.866877	47.593329
	13.8745242	47.5963638
	13.878624	47.5980309
	13.881705	47.599291
	13.888892	47.59869
	13.89088	47.600912
	13.890693	47.601469
	13.89381	47.604442
	13.894507	47.605742
	13.8947303	47.6058585
	13.90184	47.609566
	13.900716	47.610102
	13.892047	47.611342
	13.888761	47.610428
	13.88129	47.610162
	13.871186	47.61144
	13.844788	47.610433
	13.8424804	47.6109742
	13.8397986	47.6115212
	13.837916	47.611901
	13.836278	47.612571
	13.8317181	47.6115247
	13.8310594	47.6113694
	13.83061	47.611349
	13.8304997	47.6113873
	13.830379	47.611747
	13.8303181	47.6117962
	13.8299772	47.611963
	13.8300217	47.6121886
	13.829917	47.612291
	13.82911	47.612542
	13.829156	47.6126511
	13.829066	47.612704
	13.8288159	47.6126625
	13.8287055	47.6126529
	13.828653	47.6126626
	13.828169	47.612869
	13.8281248	47.613032
	13.827927	47.613292
	13.8277972	47.613327
	13.8274578	47.6134187
	13.8272361	47.6134802
	13.827292	47.6137503
	13.827218	47.614115
	13.826732	47.6146256
	13.8264008	47.6151875
	13.826297	47.615339
	13.8260477	47.6155629
	13.82566	47.615821
	13.8255832	47.6159716
	13.8253977	47.6165151
	13.825111	47.616898
	13.8249467	47.6170635
	13.8247844	47.6171808
	13.8244961	47.6173444
	13.8242466	47.6174363
	13.8239958	47.6175351
	13.823805	47.617663
	13.8236006	47.6179811
	13.8234449	47.6182949
	13.823355	47.618416
	13.8232148	47.6185306
	13.8230147	47.6186509
	13.8228572	47.6187746
	13.82276	47.618902
	13.8226472	47.6191302
	13.822362	47.6196095
	13.8223797	47.6197702
	13.821415	47.619924
	13.8211628	47.6199045
	13.8207799	47.6197922
	13.8200649	47.619483
	13.818838	47.619197
	13.818435	47.618953
	13.8181518	47.6186673
	13.817821	47.618273
	13.8177669	47.6178176
	13.817891	47.61733
	13.81765	47.616835
	13.817246	47.616429
	13.8170572	47.6163722
	13.816436	47.616281
	13.815835	47.6164595
	13.8155591	47.616573
	13.8153268	47.6167529
	13.815076	47.616849
	13.814509	47.616905
	13.8142932	47.6169021
	13.8136063	47.6168186
	13.8133417	47.6167662
	13.81311	47.616775
	13.8123606	47.616985
	13.811913	47.617093
	13.8113321	47.6170731
	13.8108929	47.6170367
	13.8106375	47.616986
	13.8101696	47.6168241
	13.8097962	47.6167775
	13.809413	47.616815
	13.80907	47.616918
	13.8087369	47.6172276
	13.8082654	47.6176215
	13.807781	47.618006
	13.80682	47.61813
	13.8065619	47.6181304
	13.8061946	47.6180925
	13.8056131	47.6180242
	13.804218	47.617839
	13.8034385	47.6175746
	13.802329	47.617041
	13.801744	47.6169894
	13.801536	47.617051
	13.8011574	47.6172625
	13.8007619	47.6175343
	13.8004548	47.6177088
	13.8002427	47.6178147
	13.800048	47.617842
	13.7998738	47.6177916
	13.799591	47.6176052
	13.7991283	47.6172789
	13.7985987	47.6170024
	13.7972809	47.6170086
	13.7965445	47.6169028
	13.79598	47.6168061
	13.7955356	47.6171251
	13.7951999	47.6172103
	13.79502	47.617214
	13.7946487	47.6170681
	13.794286	47.616806
	13.7936705	47.6169047
	13.793391	47.617002
	13.7934816	47.6173295
	13.793537	47.617487
	13.7937577	47.617679
	13.7943995	47.6180454
	13.795004	47.618342
	13.7951012	47.6184381
	13.7952076	47.6186724
	13.7952671	47.6187454
	13.7955305	47.6188492
	13.7956547	47.6189269
	13.7957026	47.6190523
	13.7957263	47.6191727
	13.7957891	47.6192572
	13.7958813	47.6193306
	13.7959948	47.6194
	13.796253	47.6195145
	13.7963663	47.6196823
	13.7964977	47.6200885
	13.796487	47.6204376
	13.7965755	47.6207271
	13.7966569	47.6208857
	13.7967421	47.621058
	13.79685	47.6212024
	13.7972053	47.6222599
	13.797275	47.622348
	13.7965794	47.623284
	13.796271	47.623654
	13.79639	47.624476
	13.796113	47.625049
	13.796149	47.625974
	13.7959283	47.6261844
	13.7957856	47.6262983
	13.795576	47.6264022
	13.7953134	47.6264004
	13.795227	47.6265012
	13.794899	47.626753
	13.7947092	47.626782
	13.794195	47.626712
	13.7943256	47.6270368
	13.7945715	47.6272284
	13.794673	47.627353
	13.7946573	47.6274342
	13.7942648	47.6276495
	13.79432	47.627744
	13.7947232	47.6278726
	13.7952392	47.6279703
	13.7956311	47.6280927
	13.7957569	47.6282087
	13.7958652	47.6285172
	13.7957196	47.6288165
	13.7956741	47.6289226
	13.7956363	47.629134
	13.795707	47.629491
	13.79586	47.6298969
	13.796099	47.6303533
	13.7961913	47.6307866
	13.796292	47.630974
	13.7964686	47.6311675
	13.796636	47.631466
	13.796869	47.631522
	13.7967854	47.6315755
	13.792195	47.632032
	13.786679	47.631564
	13.78619	47.631641
	13.785869	47.631252
	13.785039	47.63082
	13.7845639	47.630744
	13.783787	47.630729
	13.783253	47.63039
	13.7829667	47.6300852
	13.783002	47.62991
	13.781269	47.629015
	13.7812997	47.6287499
	13.781177	47.628444
	13.780552	47.628003
	13.78049	47.62768
	13.781194	47.627324
	13.780907	47.627102
	13.7805449	47.6269509
	13.77938	47.626627
	13.778811	47.626699
	13.778471	47.6266156
	13.7780797	47.6266266
	13.777514	47.626566
	13.7768282	47.6263061
	13.7768485	47.6262231
	13.7763577	47.6259762
	13.7758505	47.6257987
	13.7755276	47.6256499
	13.7752878	47.6253831
	13.7750906	47.6253281
	13.7749225	47.6251229
	13.774828	47.624926
	13.7744305	47.6249304
	13.7740062	47.6250119
	13.7739209	47.625068
	13.773765	47.625071
	13.7736801	47.6249724
	13.7739172	47.6243313
	13.7741229	47.6239853
	13.774235	47.623571
	13.7739426	47.6234334
	13.773689	47.623278
	13.7737281	47.6229659
	13.7739043	47.6226405
	13.774002	47.62223
	13.7736615	47.6220999
	13.77341	47.621926
	13.7732986	47.6217492
	13.7732533	47.6216462
	13.7728767	47.6215344
	13.772627	47.621433
	13.7722483	47.6212184
	13.7720377	47.621026
	13.7716579	47.6207831
	13.7708517	47.6205703
	13.7706633	47.6207023
	13.7711553	47.6210772
	13.771663	47.621619
	13.7716644	47.6218188
	13.771465	47.62246
	13.7710501	47.623249
	13.7708718	47.6235267
	13.770376	47.62405
	13.7700921	47.6242122
	13.7694735	47.6243423
	13.76917	47.624492
	13.7687783	47.6248628
	13.7681324	47.6255441
	13.767916	47.625821
	13.767644	47.626227
	13.7676644	47.6265246
	13.7678127	47.626848
	13.767909	47.627207
	13.7678103	47.6273929
	13.767522	47.627568
	13.7672165	47.6276221
	13.7664494	47.627384
	13.765921	47.627422
	13.7655283	47.62774
	13.765369	47.627843
	13.764453	47.628
	13.7640024	47.6279516
	13.7626323	47.627659
	13.7622721	47.6276516
	13.761681	47.627562
	13.7615562	47.6274529
	13.7615776	47.6273346
	13.7615428	47.6271785
	13.761381	47.626902
	13.7609109	47.6266492
	13.76077	47.626539
	13.760462	47.625827
	13.7606678	47.6254051
	13.760666	47.625028
	13.7600872	47.624677
	13.760016	47.624603
	13.760241	47.624325
	13.760133	47.6239014
	13.7602884	47.6236399
	13.7603013	47.6234084
	13.7601973	47.6231821
	13.7601172	47.6226795
	13.760206	47.622412
	13.760209	47.622256
	13.7600185	47.6220475
	13.7596	47.621896
	13.7587546	47.6217606
	13.7587006	47.6217577
	13.758138	47.621809
	13.7578271	47.6217785
	13.75731	47.621668
	13.755967	47.621895
	13.755666	47.622356
	13.755045	47.622503
	13.754801	47.622847
	13.7544542	47.6229236
	13.75392	47.623112
	13.7533725	47.6236341
	13.752924	47.623915
	13.75155	47.624349
	13.751036	47.6246837
	13.750898	47.624917
	13.7506667	47.6250495
	13.749758	47.6253484
	13.7492977	47.6254228
	13.74849	47.625647
	13.747867	47.62555
	13.7465461	47.6258353
	13.746418	47.625863
	13.7460884	47.6258426
	13.7457827	47.6258027
	13.7455539	47.6257669
	13.7451084	47.6256313
	13.7449034	47.6255879
	13.7446189	47.6255042
	13.7437259	47.6252728
	13.7435528	47.6251515
	13.743233	47.625067
	13.741771	47.625145
	13.7413758	47.6251933
	13.7402919	47.625438
	13.739618	47.625541
	13.739436	47.625423
	13.739576	47.622568
	13.7388092	47.6227178
	13.7383669	47.6229236
	13.738099	47.622961
	13.7376969	47.6229078
	13.7375443	47.6228026
	13.7372208	47.6227726
	13.7367417	47.622737
	13.7363255	47.6227602
	13.7360893	47.6227225
	13.7358684	47.622611
	13.7356235	47.6225629
	13.7353086	47.6225307
	13.735069	47.62256
	13.7349082	47.6225291
	13.73461	47.622351
	13.7344408	47.622339
	13.7341521	47.6223686
	13.7335861	47.6223384
	13.733457	47.622269
	13.7331288	47.6223172
	13.7329641	47.6224201
	13.732523	47.622437
	13.7319588	47.6223315
	13.731057	47.622084
	13.7309396	47.6220141
	13.7307205	47.6218165
	13.730532	47.621511
	13.7303466	47.6214777
	13.730194	47.621502
	13.729557	47.62108
	13.7289872	47.6210163
	13.7288507	47.6209456
	13.7286409	47.6209132
	13.7285098	47.6209281
	13.7275351	47.620791
	13.727225	47.6206252
	13.726838	47.620583
	13.7266306	47.6205781
	13.7263128	47.6206305
	13.72556	47.620653
	13.7247421	47.6204553
	13.7245224	47.6204007
	13.7239109	47.6203725
	13.7237947	47.6203786
	13.723504	47.620292
	13.723158	47.620307
	13.7230311	47.6203319
	13.722472	47.620379
	13.7217133	47.6202638
	13.7207518	47.6200608
	13.720508	47.619996
	13.7204721	47.6199022
	13.720332	47.619788
	13.7200536	47.6197542
	13.719748	47.619615
	13.719643	47.619412
	13.7198657	47.6193234
	13.7200343	47.619109
	13.7202805	47.6189409
	13.720411	47.618871
	13.7205089	47.6188195
	13.7206842	47.6187585
	13.72102	47.6186776
	13.7213476	47.6185005
	13.7219986	47.6182924
	13.7222722	47.6183084
	13.7225232	47.6183456
	13.723282	47.61856
	13.7236115	47.6187813
	13.7239039	47.618894
	13.724249	47.618993
	13.724708	47.6188587
	13.7251954	47.6187964
	13.7258465	47.6186953
	13.726258	47.618576
	13.7268919	47.6185679
	13.727705	47.618596
	13.7285196	47.6188322
	13.728728	47.618836
	13.7289058	47.618819
	13.728982	47.618764
	13.7289299	47.6186066
	13.729052	47.618451
	13.7292517	47.61839
	13.729869	47.618026
	13.729935	47.617816
	13.7301736	47.6176746
	13.7305509	47.6176122
	13.7307945	47.6174814
	13.730927	47.617306
	13.7272102	47.6155885
	13.7237582	47.6139964
	13.7201383	47.6123219
	13.709448	47.607327
	13.708879	47.606603
	13.707061	47.605705
	13.703919	47.604766
	13.703199	47.604292
	13.700902	47.603397
	13.6994	47.603001
	13.698512	47.60205
	13.6984174	47.6016697
	13.698644	47.600598
	13.699045	47.599552
	13.699496	47.599123
	13.699404	47.598587
	13.69855	47.598142
	13.696741	47.596183
	13.695859	47.595552
	13.69557	47.593815
	13.6951309	47.5933598
	13.694468	47.592806
	13.693536	47.59162
	13.692778	47.5904747
	13.692104	47.589683
	13.691666	47.588735
END
END
