7873500
1
	14.189187	47.526684
	14.191401	47.526074
	14.193031	47.525856
	14.193922	47.525121
	14.195599	47.523211
	14.197203	47.522035
	14.1994515	47.5210182
	14.2002568	47.5207213
	14.201305	47.52018
	14.203767	47.51952
	14.2041224	47.5193575
	14.2043207	47.5192588
	14.204519	47.51916
	14.2054297	47.5190944
	14.2063741	47.5189845
	14.2076559	47.5189744
	14.2080942	47.5189506
	14.210403	47.518759
	14.211239	47.518366
	14.213043	47.517947
	14.213278	47.517685
	14.215356	47.517287
	14.2165764	47.5168334
	14.217984	47.5163966
	14.2190003	47.5159833
	14.2197226	47.5157548
	14.220341	47.515598
	14.220826	47.515311
	14.2216104	47.5152275
	14.222017	47.515128
	14.222507	47.514631
	14.2229145	47.5145976
	14.223013	47.5146383
	14.2238184	47.5146824
	14.224244	47.514656
	14.224796	47.514242
	14.2250259	47.5139527
	14.225128	47.513568
	14.225991	47.512848
	14.2261511	47.5128384
	14.2266309	47.512761
	14.227018	47.5126706
	14.2273197	47.5126342
	14.2275426	47.5126554
	14.2277288	47.5126938
	14.2281024	47.512707
	14.2286936	47.5126668
	14.2290602	47.512621
	14.229474	47.512502
	14.2297882	47.5123528
	14.2301725	47.5120943
	14.2305505	47.5117664
	14.230906	47.511601
	14.2316925	47.5114977
	14.2323116	47.5114329
	14.2329854	47.5113398
	14.23351	47.511182
	14.233893	47.5110533
	14.235021	47.51039
	14.236244	47.510254
	14.2365798	47.5100391
	14.2369051	47.5098638
	14.2372183	47.5096705
	14.237367	47.509489
	14.2375894	47.5090212
	14.2376348	47.5086318
	14.2378266	47.5080644
	14.237886	47.507983
	14.2382418	47.5078957
	14.2387946	47.5078146
	14.239585	47.507674
	14.2400449	47.5076664
	14.240461	47.507735
	14.2409464	47.5076989
	14.24187	47.507463
	14.2423917	47.5074239
	14.2428285	47.5074109
	14.243464	47.507355
	14.244028	47.5072653
	14.2449027	47.507085
	14.245444	47.506955
	14.2458603	47.5068197
	14.2464003	47.5066169
	14.246814	47.506492
	14.2474494	47.5064876
	14.248094	47.5064059
	14.24891	47.506356
	14.2492794	47.506266
	14.249879	47.506098
	14.2503276	47.5060635
	14.2509099	47.5060815
	14.2516206	47.5059451
	14.252488	47.505869
	14.2529359	47.505764
	14.2536071	47.5055866
	14.25419	47.505398
	14.255679	47.505229
	14.2559095	47.5051404
	14.2563439	47.504928
	14.257444	47.504535
	14.2580821	47.504234
	14.258317	47.504028
	14.2587291	47.5039519
	14.259308	47.503748
	14.259865	47.5036439
	14.2602505	47.5035393
	14.2608281	47.5034278
	14.2612776	47.5033736
	14.261969	47.503182
	14.262556	47.502953
	14.26272	47.502766
	14.263223	47.502679
	14.2640382	47.5026352
	14.264656	47.502543
	14.2650804	47.5023861
	14.265769	47.5021539
	14.2661738	47.5019447
	14.2667043	47.5017486
	14.267133	47.501542
	14.2678207	47.5014004
	14.2684841	47.5011629
	14.2690403	47.5010196
	14.270223	47.500675
	14.270998	47.5007884
	14.271553	47.500887
	14.2724491	47.5013197
	14.273008	47.50151
	14.2734858	47.5015872
	14.276313	47.501892
	14.276894	47.5019923
	14.277761	47.502245
	14.2785338	47.5025213
	14.279281	47.502887
	14.2795311	47.5030873
	14.2800128	47.5033344
	14.2806738	47.5039288
	14.281227	47.504212
	14.282183	47.5046754
	14.2830952	47.5050605
	14.2835781	47.5052027
	14.285224	47.505875
	14.2853839	47.5059703
	14.2855278	47.5060959
	14.285768	47.506229
	14.2861041	47.5063444
	14.2865574	47.5066134
	14.2869597	47.506816
	14.287627	47.507057
	14.2878584	47.5072805
	14.2880943	47.5075953
	14.2883667	47.5079217
	14.2885676	47.5081373
	14.288877	47.508351
	14.2891407	47.5084445
	14.290405	47.508699
	14.2906303	47.508719
	14.2914393	47.5086438
	14.292177	47.508687
	14.2927519	47.5088621
	14.293431	47.509088
	14.2932774	47.5093269
	14.293272	47.509618
	14.293647	47.509999
	14.2941486	47.5103124
	14.294833	47.510552
	14.2951347	47.5107732
	14.295313	47.510974
	14.2956635	47.5110047
	14.296089	47.510987
	14.296352	47.511141
	14.2962908	47.5114505
	14.2963203	47.5117815
	14.296424	47.512019
	14.2965199	47.5121758
	14.2970317	47.5128298
	14.2973991	47.5131961
	14.297541	47.5135002
	14.297757	47.51368
	14.3016	47.516237
	14.302523	47.51638
	14.304944	47.51781
	14.3061775	47.5180046
	14.307215	47.518292
	14.307036	47.518539
	14.307553	47.51895
	14.309996	47.5233493
	14.3101037	47.5233263
	14.310372	47.523129
	14.3105977	47.5231267
	14.3111131	47.5230794
	14.311751	47.522988
	14.3118533	47.5232293
	14.3121643	47.5236494
	14.3131988	47.5230383
	14.313384	47.522985
	14.3135141	47.5230891
	14.314715	47.523209
	14.315445	47.523496
	14.3153765	47.5237153
	14.3151309	47.524099
	14.3151724	47.5241436
	14.3149303	47.5244332
	14.3144639	47.5248597
	14.314174	47.524955
	14.3139702	47.5252489
	14.3138592	47.5254336
	14.313427	47.525794
	14.313064	47.525934
	14.3133465	47.5261775
	14.314358	47.526585
	14.314483	47.526853
	14.314014	47.526983
	14.314505	47.527484
	14.313812	47.527665
	14.3129618	47.5276838
	14.312361	47.527717
	14.3122014	47.5276058
	14.311949	47.527563
	14.31205	47.527907
	14.312425	47.528174
	14.3116685	47.5284185
	14.311305	47.528462
	14.311295	47.528115
	14.3111467	47.5279469
	14.310614	47.527689
	14.3103396	47.5277672
	14.310193	47.527887
	14.310116	47.528363
	14.310374	47.528643
	14.311176	47.5286103
	14.3113053	47.5285822
	14.3120152	47.5285685
	14.3130725	47.5285769
	14.3134323	47.5284918
	14.314033	47.528472
	14.3149288	47.5282095
	14.3161248	47.5279939
	14.317152	47.5278859
	14.318059	47.52761
	14.3195165	47.5275332
	14.320783	47.527518
	14.321303	47.527668
	14.3213635	47.5277439
	14.3210745	47.527886
	14.3208096	47.5280759
	14.3206505	47.5282937
	14.319935	47.52876
	14.3199041	47.5290192
	14.319932	47.529152
	14.3199671	47.5292302
	14.320201	47.529353
	14.3204582	47.529343
	14.3206225	47.5292462
	14.320488	47.5294332
	14.3203005	47.5294639
	14.319966	47.529671
	14.320597	47.530493
	14.3203387	47.5304928
	14.3195854	47.5307042
	14.3192668	47.5308131
	14.3185199	47.5311556
	14.3181594	47.5313491
	14.317705	47.531414
	14.317773	47.531747
	14.3173644	47.5317959
	14.317043	47.531887
	14.3163504	47.5322353
	14.3158011	47.5324339
	14.315269	47.532588
	14.3148087	47.5326052
	14.3144903	47.5325831
	14.3140377	47.5325865
	14.313701	47.532641
	14.3115208	47.5335122
	14.310966	47.533777
	14.3106236	47.5340313
	14.3101136	47.5344491
	14.309637	47.53499
	14.308807	47.535466
	14.3085539	47.5357209
	14.3084219	47.5359371
	14.3083743	47.5360996
	14.308362	47.536298
	14.3082185	47.5363154
	14.3074122	47.5362147
	14.3071178	47.5361726
	14.306892	47.5361242
	14.3067861	47.5360502
	14.3066641	47.5358889
	14.3065809	47.5357122
	14.3064928	47.5356431
	14.306339	47.535558
	14.3062976	47.5356771
	14.305977	47.536157
	14.305562	47.536314
	14.305227	47.536979
	14.305542	47.53706
	14.305131	47.537391
	14.304805	47.537233
	14.304228	47.5375522
	14.304033	47.537745
	14.3038221	47.537704
	14.303192	47.537775
	14.3032596	47.5378274
	14.3034373	47.5378725
	14.3035828	47.5381201
	14.3034202	47.5382443
	14.303467	47.5385226
	14.303443	47.538662
	14.3032203	47.5387827
	14.302802	47.538925
	14.302842	47.539118
	14.3029138	47.539339
	14.3030216	47.5395282
	14.303229	47.539721
	14.3039484	47.5401081
	14.3042699	47.5403311
	14.303435	47.540993
	14.304095	47.541125
	14.3039947	47.5412356
	14.303983	47.541367
	14.3040078	47.5414321
	14.3041071	47.5416081
	14.304171	47.54187
	14.3038067	47.5423523
	14.303499	47.5431147
	14.302707	47.544158
	14.302396	47.545097
	14.301732	47.545303
	14.299182	47.545206
	14.299561	47.545608
	14.297503	47.545434
	14.2961905	47.545605
	14.295909	47.545543
	14.294202	47.545763
	14.293261	47.546137
	14.292278	47.546148
	14.2914202	47.5462834
	14.2909645	47.5463398
	14.289964	47.546561
	14.289058	47.546446
	14.288125	47.546655
	14.288008	47.546158
	14.286989	47.545427
	14.2861027	47.5451232
	14.284729	47.544733
	14.2838494	47.5447636
	14.2831778	47.5447537
	14.282635	47.544651
	14.2819622	47.5442409
	14.2814751	47.5438622
	14.28059	47.543358
	14.279415	47.543057
	14.273276	47.544775
	14.272221	47.54458
	14.270492	47.545488
	14.270246	47.545711
	14.2704527	47.5461763
	14.270396	47.54628
	14.2700524	47.546671
	14.269344	47.547535
	14.2690051	47.5475715
	14.2686009	47.5476874
	14.268223	47.547701
	14.2681593	47.5477773
	14.2681385	47.547949
	14.2681806	47.5480248
	14.267977	47.5480568
	14.267803	47.5480656
	14.2675656	47.5480248
	14.26717	47.547944
	14.266055	47.548081
	14.2659387	47.5479982
	14.2658386	47.54778
	14.2656186	47.5475011
	14.265431	47.547286
	14.264792	47.546965
	14.263991	47.546228
	14.2638358	47.5464453
	14.262652	47.547204
	14.2622056	47.5472216
	14.261141	47.5472465
	14.260139	47.5472526
	14.259358	47.5472044
	14.25861	47.547262
	14.2575787	47.5470704
	14.2570859	47.5470648
	14.255452	47.546775
	14.2545748	47.5469632
	14.2535886	47.5473884
	14.252967	47.547517
	14.252529	47.54746
	14.251375	47.547719
	14.250554	47.547724
	14.2502409	47.5478272
	14.2496895	47.5480931
	14.249289	47.548254
	14.248868	47.548134
	14.248192	47.548355
	14.2478444	47.5482719
	14.247579	47.548342
	14.2473553	47.5482261
	14.247034	47.548234
	14.2460768	47.5484501
	14.245398	47.548554
	14.2449275	47.5485515
	14.2444393	47.5485391
	14.243917	47.5484393
	14.2432384	47.5484018
	14.2431048	47.5483556
	14.2422032	47.5483216
	14.2416715	47.5485676
	14.2408571	47.5485026
	14.2404644	47.5487423
	14.2399769	47.5486764
	14.2395212	47.5486383
	14.2394876	47.5486933
	14.2396357	47.5489838
	14.2396273	47.5492134
	14.2399606	47.5496557
	14.239805	47.5501585
	14.239915	47.550375
	14.2401037	47.5508183
	14.2401633	47.5513346
	14.2386012	47.5515454
	14.2372765	47.5516646
	14.2368656	47.551663
	14.236319	47.551718
	14.236099	47.551413
	14.2359104	47.5513848
	14.235632	47.5513704
	14.2352104	47.551332
	14.235091	47.5512833
	14.234756	47.551342
	14.234721	47.551918
	14.2344441	47.5518742
	14.2336798	47.5520803
	14.2336145	47.5521169
	14.2336383	47.5521574
	14.233714	47.5521844
	14.233792	47.552382
	14.233252	47.5525105
	14.2325296	47.5527485
	14.231821	47.55296
	14.2317749	47.5534915
	14.2317556	47.5539453
	14.23179	47.554245
	14.2322504	47.5558474
	14.2324776	47.5563233
	14.2325361	47.5565586
	14.2328705	47.5573178
	14.232924	47.557659
	14.2329314	47.557988
	14.232826	47.558437
	14.232557	47.558858
	14.2322209	47.5588889
	14.2319699	47.5588373
	14.231722	47.558751
	14.2299872	47.5576505
	14.228016	47.5566316
	14.226975	47.5562294
	14.2265207	47.5560873
	14.2251345	47.5555994
	14.223716	47.554956
	14.2232774	47.5547066
	14.2230917	47.5545225
	14.2229893	47.5542349
	14.2217806	47.5543775
	14.2216735	47.5543913
	14.2213024	47.55444
	14.2213754	47.5547651
	14.2214022	47.555222
	14.2215613	47.556767
	14.221555	47.558172
	14.2214121	47.5583464
	14.221183	47.558483
	14.220322	47.558767
	14.219836	47.558715
	14.2195555	47.5584635
	14.2187849	47.5576436
	14.217737	47.556716
	14.215557	47.555975
	14.214442	47.555782
	14.2129399	47.5558309
	14.2117948	47.5558874
	14.2105366	47.5560257
	14.2094007	47.5559937
	14.20783	47.556082
	14.2070004	47.5562507
	14.2064556	47.5564352
	14.20603	47.556589
	14.205499	47.557058
	14.20523	47.557721
	14.204874	47.557886
	14.204049	47.557788
	14.2034574	47.5576382
	14.203006	47.557363
	14.2027939	47.5565633
	14.202362	47.555283
	14.201566	47.554655
	14.201746	47.554447
	14.200626	47.553952
	14.2006111	47.5536512
	14.2006122	47.5534432
	14.1992925	47.5528675
	14.1982347	47.5523931
	14.198813	47.55147
	14.1945565	47.5493796
	14.194603	47.5493018
	14.1946561	47.5492777
	14.196197	47.546659
	14.196465	47.546505
	14.197414	47.545995
	14.198935	47.547087
	14.200595	47.546091
	14.1997791	47.5452263
	14.199614	47.544975
	14.1995286	47.5447244
	14.1994848	47.5442595
	14.1993845	47.5441083
	14.19957	47.54381
	14.1995598	47.543511
	14.1994736	47.5432479
	14.199548	47.5431634
	14.199532	47.542695
	14.1997852	47.5422637
	14.2002023	47.5412423
	14.2001777	47.5411512
	14.2002603	47.5408273
	14.200351	47.54066
	14.2005569	47.5404633
	14.2006626	47.540386
	14.200988	47.540258
	14.2012975	47.5402004
	14.2021563	47.5398361
	14.2024154	47.5398033
	14.202712	47.539705
	14.2028813	47.5394405
	14.203054	47.53932
	14.2030879	47.5392339
	14.20276	47.538346
	14.2025809	47.5383915
	14.201454	47.538398
	14.2013283	47.5383787
	14.2011253	47.5383138
	14.201109	47.538253
	14.2011443	47.5381751
	14.2015619	47.537974
	14.2016714	47.5379327
	14.201888	47.53771
	14.202387	47.537257
	14.202539	47.537052
	14.2025031	47.5369699
	14.202329	47.536607
	14.202192	47.5364377
	14.20154	47.536193
	14.200852	47.536055
	14.2003252	47.5360701
	14.200112	47.536139
	14.199746	47.536465
	14.1995098	47.5364855
	14.198717	47.536246
	14.197788	47.536316
	14.197412	47.536206
	14.197186	47.536174
	14.1965972	47.5362479
	14.196122	47.536239
	14.1955441	47.5364651
	14.195391	47.536525
	14.195063	47.536431
	14.1948073	47.5365255
	14.194557	47.536574
	14.1938112	47.53457
	14.191882	47.529011
	14.1892133	47.5267694
	14.189187	47.526684
END
END
