7873183
1
	13.3361685	48.2180499
	13.3365091	48.2179694
	13.3367613	48.2178962
	13.3368391	48.2178515
	13.3384886	48.2174458
	13.3389821	48.2173261
	13.3396366	48.2171152
	13.3403152	48.2169365
	13.341195	48.2167846
	13.3405621	48.2159104
	13.3402362	48.2153968
	13.3404413	48.2152708
	13.3406478	48.2152118
	13.3410364	48.2151442
	13.3415624	48.2149848
	13.3421391	48.2149455
	13.3421952	48.2148672
	13.342174	48.2147543
	13.3420989	48.2146113
	13.3420613	48.2145612
	13.3419192	48.214404
	13.3417955	48.2144347
	13.3417046	48.2144093
	13.3416936	48.214331
	13.3414551	48.2137605
	13.3416936	48.2137341
	13.3421174	48.2137841
	13.3424985	48.2136908
	13.3428392	48.2134746
	13.3427855	48.2133209
	13.3427426	48.2132619
	13.3425897	48.2132672
	13.3424878	48.2131403
	13.3426165	48.2127793
	13.3432654	48.2124704
	13.3435282	48.2125098
	13.3438018	48.2125169
	13.3439523	48.2124665
	13.3440995	48.2123614
	13.3441237	48.2123793
	13.3445021	48.2123378
	13.3448562	48.2122199
	13.3452639	48.2119786
	13.3454007	48.2116944
	13.345752	48.2115067
	13.3457306	48.211437
	13.3462348	48.2111725
	13.3464786	48.2108743
	13.346594	48.2108082
	13.3467364	48.2106577
	13.3467898	48.2103506
	13.347058	48.2102166
	13.3471012	48.2102394
	13.3472943	48.2102788
	13.3473319	48.2102466
	13.3474391	48.2102144
	13.3475944	48.2102487
	13.3479085	48.2101804
	13.3482891	48.2101701
	13.3486646	48.2101987
	13.3490804	48.2100164
	13.349185	48.2098358
	13.3493194	48.2096907
	13.3494776	48.2096067
	13.349472	48.2095641
	13.3495605	48.2090225
	13.3498531	48.2089846
	13.3500084	48.2089868
	13.3502793	48.208985
	13.3508214	48.2089042
	13.3515	48.2087487
	13.352071	48.208665
	13.3522266	48.208665
	13.3531683	48.2083519
	13.3542761	48.2079568
	13.3543187	48.2079518
	13.3550378	48.2076851
	13.355405	48.2075943
	13.3555123	48.2074031
	13.3554667	48.2072172
	13.3553865	48.2067932
	13.35529	48.2066627
	13.3557808	48.2064214
	13.3555472	48.2060195
	13.3551424	48.2055883
	13.3555662	48.2050914
	13.3557215	48.2049595
	13.3559415	48.2048504
	13.3560246	48.2048022
	13.3560461	48.2047736
	13.3561721	48.2046931
	13.3566311	48.204539
	13.3567571	48.2044622
	13.3569071	48.2045769
	13.357374	48.2049037
	13.3576584	48.2050985
	13.357811	48.2051793
	13.358007	48.2051397
	13.3582189	48.2051379
	13.3584011	48.2051579
	13.3584923	48.2051865
	13.3586481	48.2051647
	13.3589565	48.205011
	13.3594176	48.2047271
	13.3597317	48.2045051
	13.3596942	48.2042995
	13.3595812	48.20408
	13.3588892	48.203617
	13.3585086	48.2034092
	13.3582562	48.2032326
	13.3579183	48.2028769
	13.3576447	48.2024836
	13.3576554	48.2023835
	13.3577815	48.202362
	13.3579049	48.2022905
	13.3579934	48.2022619
	13.3580765	48.2021457
	13.3576986	48.2017789
	13.3570012	48.2011853
	13.3567303	48.2009744
	13.3565289	48.200796
	13.3560166	48.2004849
	13.3557687	48.200297
	13.3556328	48.2001524
	13.3554989	48.2001381
	13.3553863	48.1999611
	13.3552387	48.1998002
	13.3551744	48.1997305
	13.3550885	48.1996107
	13.3550456	48.1995892
	13.354992	48.1995231
	13.3549383	48.1994569
	13.3548659	48.1994265
	13.3547935	48.1993318
	13.3547103	48.1992746
	13.3545601	48.199153
	13.3544529	48.1990725
	13.3543563	48.1989921
	13.3542839	48.198917
	13.3540693	48.1987668
	13.3538842	48.1985898
	13.3537662	48.1984826
	13.3537045	48.1983735
	13.3536562	48.1982484
	13.3535597	48.1979981
	13.3535141	48.1978962
	13.3534631	48.1978193
	13.3533102	48.1974724
	13.35327	48.1974152
	13.3531842	48.1972579
	13.353093	48.1971238
	13.353093	48.1970737
	13.3530172	48.1970218
	13.3530028	48.1969267
	13.3530718	48.1965586
	13.3531575	48.1963183
	13.3534374	48.1958938
	13.3535084	48.1956846
	13.3535731	48.1951563
	13.353557	48.1946128
	13.3535634	48.1943885
	13.3536378	48.1942138
	13.3540326	48.1936746
	13.3542073	48.1936035
	13.3544305	48.1933641
	13.3544305	48.1932972
	13.3545987	48.1931872
	13.3550614	48.1933058
	13.3564202	48.1935689
	13.3568149	48.1936078
	13.3574134	48.1936315
	13.3578049	48.1936725
	13.3584714	48.193776
	13.3590117	48.1939097
	13.3591411	48.1939658
	13.3589923	48.1943583
	13.3589826	48.1945826
	13.3589923	48.1947702
	13.3590343	48.1948802
	13.3591379	48.1950096
	13.3597299	48.1951994
	13.360542	48.1954948
	13.3610358	48.1956981
	13.3616672	48.1960046
	13.3617313	48.1960107
	13.3623703	48.1963583
	13.3624801	48.1964066
	13.3626165	48.1963977
	13.3627215	48.1963589
	13.3628378	48.1963053
	13.3630374	48.1962255
	13.3632428	48.1961939
	13.3633155	48.1962487
	13.3635337	48.196274
	13.363796	48.1963583
	13.3650416	48.1969146
	13.3658066	48.1972307
	13.3666001	48.1975088
	13.3669478	48.1977006
	13.3675579	48.1981051
	13.3684936	48.1988721
	13.3690405	48.1993104
	13.3691291	48.1993146
	13.369265	48.1992683
	13.3694483	48.1990807
	13.3694641	48.1988279
	13.369423	48.1986572
	13.3692776	48.198476
	13.3695052	48.1983306
	13.3696443	48.1981557
	13.369654	48.1980745
	13.3695654	48.1978635
	13.3694252	48.197676
	13.369452	48.1975991
	13.3695359	48.1975149
	13.3696727	48.1974345
	13.3699321	48.1973631
	13.3702306	48.1973594
	13.3704203	48.1973363
	13.3705766	48.1972914
	13.3710854	48.1970485
	13.3713322	48.1969233
	13.3715583	48.1967354
	13.3716629	48.1966174
	13.3717729	48.1965655
	13.3719392	48.1965995
	13.3720242	48.1967088
	13.3720966	48.1968268
	13.3722254	48.1969662
	13.3724426	48.1970842
	13.3726419	48.1971287
	13.3729469	48.1971325
	13.3731776	48.197288
	13.3732025	48.1974595
	13.3732473	48.1975276
	13.3733278	48.1975973
	13.3735075	48.1976438
	13.3738776	48.1976599
	13.3741547	48.1976472
	13.3743934	48.1975721
	13.3745999	48.1974023
	13.3746455	48.197093
	13.3746402	48.1968605
	13.3746903	48.1967195
	13.3748065	48.1965924
	13.3749915	48.1964529
	13.3751391	48.1963456
	13.3752625	48.1962455
	13.3753	48.1961508
	13.3752759	48.1959952
	13.3751739	48.1957681
	13.3750318	48.1954213
	13.3750506	48.1953212
	13.3751096	48.1952568
	13.3753349	48.1951638
	13.3755039	48.1950565
	13.3756567	48.1949099
	13.3760322	48.1941411
	13.376102	48.1940213
	13.3761664	48.1939569
	13.3763005	48.1938497
	13.3765472	48.1937728
	13.3766867	48.1936816
	13.3767591	48.1936029
	13.3768101	48.1935225
	13.3769415	48.1933705
	13.3773036	48.1931881
	13.3775718	48.1931058
	13.3777542	48.1930075
	13.3780171	48.1926839
	13.37806	48.1926052
	13.3780841	48.1925122
	13.3780278	48.1924461
	13.3778696	48.1923781
	13.3775236	48.1922047
	13.3773573	48.1920598
	13.3772795	48.191797
	13.3774565	48.1915127
	13.3777435	48.1912659
	13.3780278	48.1911622
	13.3781941	48.1911175
	13.3784167	48.1911283
	13.3791275	48.1912838
	13.3793555	48.1913089
	13.3796237	48.191291
	13.3796988	48.1912802
	13.3799375	48.1911569
	13.3800475	48.1910836
	13.3802755	48.1908565
	13.3805276	48.1905507
	13.3806591	48.1902968
	13.3805464	48.1902324
	13.3805429	48.1899393
	13.3807395	48.1897586
	13.3812813	48.189991
	13.3813296	48.1900482
	13.3817588	48.1901162
	13.3819277	48.1900929
	13.382086	48.1900125
	13.3821745	48.1899266
	13.3822281	48.1896835
	13.3821906	48.1895207
	13.382322	48.1893705
	13.3827914	48.1891059
	13.3831508	48.1889914
	13.3833949	48.1889593
	13.3837516	48.1889664
	13.383944	48.1889916
	13.3841693	48.1890775
	13.3844187	48.1893099
	13.3846797	48.1894582
	13.3849364	48.1895406
	13.3853073	48.1895797
	13.3856633	48.1895889
	13.3859368	48.1895281
	13.3861809	48.1894583
	13.3863775	48.1893848
	13.3865886	48.189242
	13.3867423	48.1891291
	13.386855	48.1889646
	13.3869488	48.1888126
	13.3869775	48.1886411
	13.386881	48.188566
	13.3867281	48.1883711
	13.38693	48.187958
	13.3868818	48.1879311
	13.3867254	48.1878651
	13.3863668	48.187788
	13.3861951	48.1877415
	13.3860932	48.1876718
	13.3859618	48.1873606
	13.3858376	48.1872356
	13.385674	48.1871659
	13.3855399	48.1871069
	13.3854039	48.1871156
	13.3852314	48.1871408
	13.3850517	48.1871426
	13.3849954	48.1869692
	13.3850517	48.186878
	13.3852797	48.1865865
	13.3853628	48.1865454
	13.3855291	48.1865275
	13.3858832	48.1865722
	13.3863123	48.1865203
	13.3865269	48.1864863
	13.3868166	48.1863773
	13.3872833	48.1862163
	13.3875703	48.1861537
	13.3877742	48.1860107
	13.3879834	48.1857371
	13.3880209	48.1856047
	13.388019	48.1855116
	13.3879757	48.1854595
	13.3878552	48.1852989
	13.3879015	48.1851959
	13.3881672	48.1849179
	13.3883957	48.1848273
	13.3885687	48.1846749
	13.3886552	48.1843968
	13.3886212	48.1843124
	13.3883031	48.1842692
	13.3880683	48.1841456
	13.3879942	48.184055
	13.3879818	48.183917
	13.3883649	48.1838017
	13.3886089	48.183847
	13.3888251	48.1837152
	13.3887726	48.1835092
	13.388788	48.183398
	13.3888344	48.1833424
	13.3895664	48.1829079
	13.3898404	48.1827823
	13.3900691	48.1827749
	13.3909316	48.1832742
	13.3914384	48.1831161
	13.3918179	48.1833025
	13.3929784	48.1840742
	13.3935327	48.1844558
	13.3934974	48.1845194
	13.3936419	48.184671
	13.3937559	48.1847502
	13.393949	48.1848819
	13.3940893	48.1849897
	13.3941657	48.1850387
	13.3941983	48.1850544
	13.3939935	48.1852748
	13.3939461	48.1854017
	13.3939186	48.1854898
	13.3938257	48.1856081
	13.3938076	48.185655
	13.3938987	48.1857505
	13.393926	48.1857171
	13.3944064	48.1855598
	13.3948779	48.1852078
	13.3951195	48.1850462
	13.3954856	48.1849002
	13.3960074	48.1848356
	13.3964651	48.1847594
	13.3968004	48.1846532
	13.3969383	48.1846434
	13.3974622	48.1844234
	13.3978263	48.1842694
	13.3981982	48.1841504
	13.3987396	48.1840256
	13.3992207	48.1839133
	13.3994939	48.183876
	13.3995937	48.1838262
	13.3996849	48.1839283
	13.4000299	48.1838704
	13.4001736	48.183947
	13.4001916	48.1840382
	13.4003631	48.1839556
	13.4006138	48.1838084
	13.4007217	48.1837819
	13.4008847	48.1836408
	13.4009856	48.1836578
	13.4011758	48.183712
	13.4012077	48.1838299
	13.4013046	48.1838335
	13.4014789	48.1841054
	13.4017174	48.1843165
	13.4017624	48.184372
	13.4019292	48.1844254
	13.4021834	48.1845931
	13.4023723	48.1849419
	13.4025135	48.1850973
	13.402932	48.1853511
	13.4032182	48.1855491
	13.4035653	48.1858668
	13.4044691	48.1864002
	13.4047193	48.1868213
	13.405064	48.1871783
	13.4051799	48.1873962
	13.4055316	48.1879056
	13.4058105	48.1881429
	13.4061956	48.1886283
	13.4066581	48.1890703
	13.4070657	48.1892798
	13.4071992	48.1894374
	13.4074485	48.1896143
	13.4077429	48.1897038
	13.4080808	48.1898865
	13.4084873	48.1901368
	13.4085815	48.1902146
	13.4087792	48.19038
	13.4089157	48.1904629
	13.4093541	48.1907187
	13.4092911	48.1907863
	13.4091696	48.1909314
	13.4090521	48.191088
	13.4089622	48.1912304
	13.4088853	48.1913609
	13.4086912	48.1914696
	13.4084758	48.1916213
	13.4081592	48.1918771
	13.4080892	48.1919954
	13.4079767	48.1921834
	13.4079578	48.1922112
	13.4075736	48.1926915
	13.4073483	48.192937
	13.4072391	48.1930556
	13.4070115	48.193244
	13.4067857	48.1934493
	13.406581	48.1936579
	13.4061649	48.1939881
	13.4059857	48.1941365
	13.4057801	48.1943152
	13.4057028	48.1943831
	13.4056068	48.1945868
	13.4054538	48.1947493
	13.4053802	48.1948821
	13.4052243	48.195032
	13.4050842	48.1951993
	13.4047817	48.1954653
	13.4046785	48.1955346
	13.4045838	48.195611
	13.4044957	48.1957407
	13.404492	48.1957969
	13.4045264	48.1958039
	13.404577	48.1958774
	13.4040756	48.1963316
	13.4032393	48.1965312
	13.4027447	48.196828
	13.4023061	48.1970703
	13.4019745	48.1973452
	13.4014781	48.1976988
	13.4010271	48.1979545
	13.4004138	48.1983685
	13.4001301	48.1986009
	13.3999326	48.1987653
	13.3995954	48.1989937
	13.3992403	48.1992341
	13.3987811	48.1993987
	13.3986563	48.1994308
	13.3984791	48.1995172
	13.3978823	48.1997568
	13.3970514	48.2000931
	13.3966228	48.200264
	13.3963268	48.2004091
	13.3960471	48.2005861
	13.3958692	48.2007219
	13.3956438	48.2009075
	13.3961003	48.2010304
	13.39652	48.2011353
	13.3971625	48.2013212
	13.3974773	48.201416
	13.3978762	48.2015456
	13.39768	48.2016946
	13.397502	48.2019022
	13.3973714	48.2020789
	13.3972579	48.2021743
	13.3970058	48.2024515
	13.3968426	48.202608
	13.3965863	48.2028535
	13.3959275	48.2033901
	13.3957804	48.2035103
	13.3954295	48.2038174
	13.3952544	48.2039695
	13.3950096	48.2042065
	13.3947965	48.2043905
	13.3947188	48.2046233
	13.3939621	48.2045048
	13.3933889	48.2043871
	13.3926658	48.2041402
	13.3925115	48.2045076
	13.392403	48.2047155
	13.3921581	48.2050611
	13.3920834	48.2051346
	13.392048	48.2051655
	13.3919956	48.2052215
	13.3918682	48.205384
	13.3918515	48.2054067
	13.391486	48.2057389
	13.3910984	48.2060349
	13.3910225	48.2060924
	13.39082	48.2062919
	13.3903532	48.2064989
	13.3899648	48.206623
	13.3893641	48.2068048
	13.3890772	48.2068696
	13.388932	48.2069675
	13.388486	48.207047
	13.3880972	48.2072238
	13.387845	48.2073481
	13.3876244	48.2075704
	13.3869781	48.2079363
	13.3866314	48.2081674
	13.3863976	48.2084335
	13.3863162	48.2086103
	13.386085	48.2088711
	13.3855491	48.2092038
	13.3847531	48.2095836
	13.3839861	48.209778
	13.3826253	48.2100406
	13.3816061	48.2102419
	13.3810886	48.2105815
	13.3805895	48.2110209
	13.3797331	48.2117789
	13.3791079	48.2123583
	13.3790343	48.2121867
	13.3788636	48.2119837
	13.3785772	48.2118734
	13.3782804	48.2117999
	13.377445	48.2118244
	13.3767279	48.2119242
	13.3761132	48.2120502
	13.3752253	48.2123443
	13.3749862	48.2124878
	13.374579	48.2126961
	13.374206	48.2128362
	13.3740458	48.2129464
	13.3736701	48.2132528
	13.3734442	48.2135329
	13.373305	48.2138234
	13.3730344	48.2141228
	13.372756	48.2143661
	13.3722621	48.2147389
	13.3721308	48.2148334
	13.3718523	48.2151835
	13.3715161	48.2157261
	13.3690467	48.2151625
	13.3686553	48.2150505
	13.367799	48.214928
	13.3676834	48.2149402
	13.3676781	48.215054
	13.3677412	48.215145
	13.3677569	48.2153166
	13.367665	48.2153901
	13.3676912	48.2154706
	13.36782	48.2155091
	13.367925	48.2155616
	13.3682403	48.2157997
	13.3678305	48.216162
	13.3675599	48.2163283
	13.3673813	48.2164351
	13.3671107	48.2165243
	13.3668007	48.2167134
	13.3665722	48.2168236
	13.3656571	48.2169905
	13.3655757	48.2169713
	13.3653392	48.2170413
	13.3649531	48.2171988
	13.3641676	48.2174439
	13.3640521	48.2175121
	13.3638944	48.2177222
	13.3638104	48.2177467
	13.3637027	48.2177484
	13.3636396	48.2177082
	13.3635503	48.2177642
	13.3634873	48.2178324
	13.3634741	48.2179304
	13.3646168	48.2186551
	13.3654181	48.2191977
	13.3657517	48.2194339
	13.3660433	48.2195967
	13.366813	48.2201568
	13.3666081	48.2203143
	13.3663243	48.2209374
	13.3660643	48.2212069
	13.365996	48.221347
	13.3660249	48.221921
	13.3659697	48.2220715
	13.3656124	48.2225231
	13.3654128	48.2227541
	13.3651632	48.2229659
	13.3647876	48.2231234
	13.3645039	48.2229326
	13.3641676	48.2227646
	13.3638472	48.2226158
	13.3634216	48.2224461
	13.3631326	48.2223691
	13.3624312	48.2222063
	13.361299	48.2219893
	13.361144	48.2221643
	13.361194	48.2222203
	13.3612123	48.2223218
	13.3610206	48.2226753
	13.360926	48.2226841
	13.3603822	48.2231374
	13.360356	48.2234279
	13.3602982	48.2234664
	13.3601957	48.2234507
	13.3600591	48.2235049
	13.3598805	48.2236414
	13.3597623	48.2237622
	13.3596467	48.2237919
	13.3595206	48.2237377
	13.3595022	48.2238514
	13.3595337	48.2240229
	13.3594955	48.2240526
	13.3595167	48.2240872
	13.3595942	48.2240894
	13.3597033	48.2241439
	13.3597435	48.2242116
	13.3596207	48.2242682
	13.3596396	48.2243312
	13.3595829	48.2243878
	13.3595474	48.2245468
	13.3596572	48.2245812
	13.3594733	48.224716
	13.3592763	48.2246337
	13.3591739	48.224646
	13.3591884	48.2247797
	13.3591199	48.2248017
	13.3590872	48.2249557
	13.3590162	48.2249942
	13.3589852	48.225
	13.3589085	48.225087
	13.3589994	48.2251826
	13.3590726	48.2252062
	13.359075	48.2252503
	13.3590325	48.2252455
	13.3590277	48.2252723
	13.3591686	48.2254003
	13.359095	48.2254125
	13.3590057	48.2254073
	13.3588836	48.2254124
	13.3588553	48.2255115
	13.3588008	48.2255508
	13.358835	48.2256593
	13.3589899	48.2257397
	13.358964	48.2258152
	13.3588087	48.2258623
	13.3587378	48.2259533
	13.3588387	48.2260214
	13.3588695	48.2261095
	13.3587772	48.2262053
	13.3590189	48.2262443
	13.3590609	48.2262963
	13.3590384	48.2262956
	13.3590219	48.226313
	13.3589092	48.2263298
	13.3589703	48.2264072
	13.3589823	48.2265346
	13.3588528	48.2266955
	13.3587254	48.2269155
	13.3586189	48.2270451
	13.3586349	48.2270808
	13.3586146	48.2271622
	13.3585953	48.2271576
	13.3584468	48.2271962
	13.3584116	48.2272831
	13.3582092	48.2273171
	13.358114	48.227308
	13.3579838	48.2273247
	13.357769	48.2273751
	13.3574094	48.2272597
	13.3568104	48.2269052
	13.3564732	48.2267589
	13.3560667	48.2266693
	13.3558811	48.2266419
	13.3553272	48.226524
	13.355068	48.2265032
	13.3547025	48.2264088
	13.3541768	48.2262913
	13.3539725	48.226292
	13.3529084	48.2265662
	13.3528483	48.2265774
	13.3527654	48.2265774
	13.3523766	48.2265174
	13.351883	48.226448
	13.3511797	48.2263013
	13.3509134	48.2262522
	13.3506209	48.226214
	13.3503319	48.2261531
	13.3502742	48.2261095
	13.3502133	48.2260486
	13.3501293	48.2259094
	13.3501368	48.2258703
	13.3501936	48.2256599
	13.3503486	48.2252955
	13.3504819	48.2252101
	13.3506171	48.2249158
	13.3506616	48.22477
	13.3506899	48.2245756
	13.350249	48.2243667
	13.3499505	48.2242113
	13.3497342	48.2240908
	13.3491323	48.223764
	13.3491498	48.2239028
	13.3478476	48.2235419
	13.3475337	48.2234393
	13.3468334	48.2232547
	13.3462965	48.2230932
	13.3449704	48.222736
	13.3451305	48.2223359
	13.3445909	48.2222169
	13.3422592	48.2216552
	13.3418834	48.2216213
	13.3411026	48.2214553
	13.3403999	48.2212556
	13.3404578	48.2211202
	13.3381157	48.219831
	13.3386283	48.2197751
	13.3372221	48.2188376
	13.3369678	48.2187313
	13.336665	48.2184942
	13.3364432	48.2185238
	13.3361685	48.2180499
END
END
