7873233
1
	14.1952069	48.4200596
	14.1954258	48.4200055
	14.195907	48.4197899
	14.196432	48.419397
	14.1968071	48.4191028
	14.1968956	48.4189554
	14.1972355	48.4185627
	14.1975589	48.4182903
	14.1976719	48.4182387
	14.1978744	48.4183993
	14.1982196	48.4182387
	14.1987956	48.4182357
	14.199043	48.4182488
	14.1998117	48.4179247
	14.2002103	48.4177175
	14.20028	48.4174693
	14.2004664	48.4172197
	14.2006078	48.4167814
	14.2009246	48.4166855
	14.2011676	48.4166038
	14.2013862	48.4164591
	14.2014972	48.4163524
	14.2015372	48.4162291
	14.2019417	48.415957
	14.2022633	48.4156528
	14.2025988	48.4155303
	14.2027112	48.4153845
	14.2026406	48.4149024
	14.2027581	48.4148565
	14.2028665	48.4145855
	14.2028517	48.41448
	14.2032981	48.4143026
	14.2033938	48.4140609
	14.2036052	48.4139973
	14.2038943	48.4135882
	14.2041129	48.4132409
	14.2041762	48.4128577
	14.2041204	48.4126631
	14.2040821	48.4123847
	14.2039431	48.4117666
	14.2037799	48.4113918
	14.2035513	48.411048
	14.203087	48.4102842
	14.2030878	48.4101624
	14.2033418	48.4098791
	14.203776	48.4095393
	14.2042003	48.4089907
	14.2044841	48.4083709
	14.2043911	48.4080641
	14.2039898	48.4077143
	14.20332	48.4072337
	14.2025009	48.4066753
	14.2023241	48.4064515
	14.2013961	48.4057888
	14.201203	48.4056223
	14.2011003	48.405462
	14.2011256	48.4052243
	14.2012884	48.4049366
	14.2015006	48.4047637
	14.2022851	48.4045954
	14.2029028	48.4044991
	14.2031459	48.4043016
	14.2030158	48.4041593
	14.2022205	48.4037384
	14.2017763	48.4035678
	14.2016406	48.4033698
	14.2019027	48.4026371
	14.2018074	48.4023213
	14.2016564	48.4018453
	14.2014974	48.4014246
	14.2013297	48.4010397
	14.2012122	48.4007862
	14.2011822	48.4006574
	14.2009129	48.4004662
	14.2003097	48.4002281
	14.1995568	48.3998854
	14.1988605	48.39958
	14.1987317	48.399473
	14.198728	48.3989001
	14.1989554	48.3984426
	14.1992247	48.3982257
	14.1994817	48.3980419
	14.1999189	48.3977346
	14.2003985	48.3974733
	14.2007042	48.3973317
	14.2010122	48.3969568
	14.2010368	48.3966119
	14.2012825	48.3960826
	14.2012565	48.3959319
	14.2010368	48.3957321
	14.2004516	48.3952655
	14.2004253	48.3951369
	14.2004553	48.3949813
	14.2007777	48.3946249
	14.2010838	48.3943396
	14.2012595	48.3941091
	14.2011994	48.3939291
	14.2010403	48.3937123
	14.2008491	48.393555
	14.2003773	48.3933369
	14.2003381	48.3931508
	14.2003588	48.3928222
	14.2003767	48.3926419
	14.2003269	48.3923703
	14.2001592	48.3920356
	14.2000289	48.3918502
	14.2000216	48.391427
	14.2000026	48.3911227
	14.2000694	48.3907472
	14.200105	48.390635
	14.2002456	48.3901983
	14.2004121	48.3899012
	14.2006452	48.389471
	14.200745	48.3891919
	14.200786	48.3889737
	14.2006629	48.3885542
	14.200281	48.3882789
	14.1999763	48.3881549
	14.1998424	48.3879189
	14.1998156	48.3877426
	14.1998162	48.3872725
	14.1999299	48.3870347
	14.1999798	48.3867689
	14.1999224	48.3865475
	14.1996823	48.386363
	14.1992558	48.3861685
	14.1988849	48.38607
	14.198625	48.3859036
	14.1982916	48.3855806
	14.1980561	48.3853662
	14.1978101	48.3850557
	14.1976111	48.3847609
	14.1974311	48.3844824
	14.1974577	48.3844183
	14.1977428	48.3843253
	14.198106	48.3841534
	14.1983643	48.3839919
	14.1985121	48.3837575
	14.1991478	48.3834945
	14.1994001	48.3833356
	14.1994836	48.3831619
	14.1998738	48.3829596
	14.2002354	48.3825871
	14.2002016	48.3823206
	14.2002072	48.3819566
	14.2002062	48.3816599
	14.2002708	48.3812909
	14.2005017	48.381227
	14.2006868	48.3805783
	14.2009936	48.3803327
	14.2013329	48.3801916
	14.2019432	48.3801077
	14.2022336	48.3801184
	14.202681	48.3798996
	14.203038	48.3798613
	14.2031906	48.3796352
	14.203732	48.3795576
	14.2039975	48.379446
	14.2042582	48.3792901
	14.20448	48.3790548
	14.2047753	48.3787154
	14.2049928	48.3783883
	14.2052388	48.3782937
	14.2055041	48.3781464
	14.2056363	48.3781731
	14.2056886	48.378184
	14.2057854	48.3781427
	14.2059041	48.3779366
	14.2058825	48.3778236
	14.2066376	48.3767435
	14.2079226	48.3758496
	14.2085478	48.375921
	14.2093986	48.3759666
	14.2099613	48.3760318
	14.2103648	48.3760267
	14.2111453	48.3759169
	14.2112493	48.3759951
	14.2115913	48.3759109
	14.2122334	48.3757042
	14.2126419	48.3757548
	14.2132589	48.3756019
	14.2135979	48.3755813
	14.213912	48.3756238
	14.2144608	48.375673
	14.2155092	48.3756146
	14.2159349	48.3758303
	14.2166803	48.375871
	14.2171532	48.3759773
	14.2173428	48.376099
	14.2177119	48.3762013
	14.2179852	48.3762075
	14.2183446	48.3763317
	14.2189374	48.3766935
	14.2191769	48.3768922
	14.2194741	48.3770978
	14.2199995	48.3771598
	14.2203986	48.3773246
	14.2209241	48.3773513
	14.2213838	48.3773415
	14.2216925	48.3772627
	14.2219117	48.3771875
	14.2221522	48.3770651
	14.2222694	48.37675
	14.2223859	48.3765836
	14.2228408	48.3764006
	14.2236607	48.3762745
	14.2238906	48.3760062
	14.2243624	48.3757849
	14.2246781	48.3757501
	14.2248133	48.3757364
	14.2251536	48.3758845
	14.2253189	48.3762496
	14.2255193	48.3764815
	14.2258583	48.3766146
	14.2264867	48.3767096
	14.228812	48.37673
	14.2293878	48.3767965
	14.230268	48.376803
	14.231125	48.376858
	14.2317412	48.3769166
	14.2323074	48.3769068
	14.2330098	48.376794
	14.2338	48.3766725
	14.2339923	48.3766878
	14.234152	48.376758
	14.2346455	48.3772238
	14.2352336	48.3774052
	14.2358501	48.3775988
	14.2363028	48.3776959
	14.2365501	48.3777698
	14.2368768	48.3779688
	14.237355	48.3781934
	14.2377996	48.3784664
	14.2379388	48.3786308
	14.2381344	48.3787337
	14.2385737	48.3788864
	14.2388622	48.3790496
	14.2393498	48.3791099
	14.2394858	48.3790472
	14.2401766	48.3788824
	14.2403398	48.3787557
	14.2405758	48.3779987
	14.2408226	48.3779399
	14.2409294	48.3779288
	14.2415311	48.3779688
	14.2417478	48.3779763
	14.2420034	48.3779571
	14.2422345	48.3779822
	14.2423291	48.3780781
	14.2427294	48.3781957
	14.2433393	48.378365
	14.2436217	48.3783647
	14.244164	48.3783434
	14.2447138	48.3783583
	14.2449874	48.378339
	14.2454982	48.3781641
	14.2459167	48.3780618
	14.2461559	48.3780544
	14.2462699	48.3780862
	14.2461914	48.3782667
	14.246007	48.3784483
	14.2459443	48.3785546
	14.2458558	48.3787748
	14.2458108	48.3790719
	14.2456339	48.3794247
	14.2460575	48.3795769
	14.2464141	48.3796933
	14.2467657	48.3797779
	14.2468552	48.3800113
	14.2460584	48.3803892
	14.2462633	48.3805104
	14.2467894	48.380442
	14.2474742	48.3803663
	14.2484673	48.380277
	14.248536	48.3804991
	14.248463	48.3806548
	14.2485023	48.3807955
	14.2490168	48.3808481
	14.2492245	48.3809042
	14.2494599	48.3809622
	14.2497304	48.3810876
	14.2502012	48.3812941
	14.2501248	48.3815511
	14.2499152	48.3817849
	14.2495977	48.3820821
	14.2492453	48.3822135
	14.2490052	48.3823234
	14.248891	48.3824155
	14.2490307	48.3824686
	14.2493422	48.382378
	14.2500495	48.3822097
	14.2502095	48.3823495
	14.2508107	48.3827826
	14.2511321	48.3829242
	14.251407	48.3829596
	14.2519213	48.3829039
	14.2528865	48.382828
	14.253369	48.3828254
	14.2535485	48.3829069
	14.2536497	48.3830023
	14.2538379	48.3832643
	14.2534032	48.3833495
	14.2531321	48.3834327
	14.2530036	48.3835025
	14.2528001	48.3836583
	14.2530972	48.3839812
	14.2535863	48.3843994
	14.2531593	48.3846062
	14.2520088	48.38528
	14.2528323	48.3856021
	14.2531333	48.3856156
	14.2538154	48.3857864
	14.2542251	48.3859683
	14.2548142	48.3862702
	14.25503	48.3864015
	14.2553214	48.3867645
	14.2557343	48.3872105
	14.2559882	48.3874355
	14.2562079	48.3877162
	14.2562143	48.3877917
	14.2558117	48.3881566
	14.2553537	48.3884923
	14.2550792	48.3886348
	14.2548618	48.3887987
	14.254693	48.3889675
	14.2552994	48.3894181
	14.2555336	48.3895163
	14.255806	48.3897514
	14.256022	48.3898909
	14.2564359	48.3896952
	14.2570175	48.3894444
	14.2571679	48.3893946
	14.25756	48.3893312
	14.2579739	48.3893383
	14.2582043	48.3893097
	14.2582183	48.389207
	14.2582803	48.3891566
	14.2586423	48.3890299
	14.2588963	48.3889773
	14.2591399	48.3890575
	14.2592934	48.3890882
	14.2596564	48.3891317
	14.2597965	48.389079
	14.2599172	48.3889954
	14.2602808	48.3886688
	14.2606896	48.3884498
	14.2608088	48.388419
	14.2613206	48.3883426
	14.2614994	48.3882272
	14.2618807	48.3880667
	14.2622235	48.3879317
	14.2622435	48.3878494
	14.2623489	48.3877141
	14.2625024	48.3875537
	14.2625606	48.3875274
	14.2631437	48.3870204
	14.2632368	48.3870016
	14.2636544	48.387058
	14.2642388	48.3873259
	14.2647101	48.3874594
	14.26522	48.3874912
	14.2655204	48.3876765
	14.2659566	48.3881114
	14.2663273	48.3883727
	14.2659773	48.3886667
	14.2663705	48.3888591
	14.2668844	48.3893024
	14.2667655	48.3893914
	14.266265	48.3896376
	14.2659749	48.3895708
	14.2659652	48.3897401
	14.2660584	48.3899475
	14.2661482	48.3900784
	14.26621	48.3902351
	14.2661849	48.3904062
	14.2663198	48.3904083
	14.2664921	48.3903809
	14.2670354	48.3902195
	14.2671328	48.3901855
	14.2674478	48.3900544
	14.2676936	48.3900044
	14.2679884	48.389979
	14.2681351	48.3900273
	14.2683818	48.390015
	14.269718	48.389787
	14.2699403	48.3897645
	14.2702869	48.3897007
	14.2706112	48.3895288
	14.2707991	48.3893994
	14.2714407	48.3892953
	14.272087	48.38925
	14.2730835	48.3891593
	14.2734274	48.3891196
	14.2737069	48.3890665
	14.273995	48.3889902
	14.2742829	48.3889213
	14.2744327	48.3888986
	14.2748436	48.3888871
	14.275679	48.3887298
	14.2759388	48.3888388
	14.2762258	48.3888292
	14.2759966	48.3889503
	14.2752608	48.3894894
	14.2746416	48.3899566
	14.2741664	48.3902489
	14.2736748	48.3905948
	14.2733214	48.3907621
	14.2728445	48.3911054
	14.2727326	48.3911979
	14.2723123	48.3917739
	14.2719818	48.3919958
	14.271753	48.3921793
	14.2715861	48.3923576
	14.2714497	48.3925343
	14.2711028	48.3928785
	14.2709888	48.3930814
	14.2708851	48.3931857
	14.2706911	48.3933316
	14.2702032	48.3935282
	14.2699739	48.3936232
	14.2694582	48.3938055
	14.2691837	48.3939943
	14.2688869	48.3939779
	14.2686364	48.3940169
	14.2679975	48.3942506
	14.267212	48.3946162
	14.2669216	48.3947298
	14.2666302	48.3948028
	14.2659581	48.3950341
	14.2658902	48.3950944
	14.2654572	48.3952183
	14.2652314	48.3952513
	14.2650833	48.3954792
	14.2650558	48.3958813
	14.26496	48.3960664
	14.2645976	48.3964535
	14.2642952	48.3966795
	14.263996	48.3971165
	14.2638787	48.3974597
	14.2635081	48.3978085
	14.2630991	48.398114
	14.2626135	48.3984638
	14.2622597	48.3987457
	14.2621387	48.3988072
	14.2616555	48.398895
	14.2615857	48.3987743
	14.2612616	48.398749
	14.2609696	48.3987878
	14.2605777	48.3987464
	14.2604988	48.3986628
	14.2601783	48.3985895
	14.2596204	48.3985019
	14.2589324	48.398358
	14.2583171	48.3982717
	14.2582133	48.3982758
	14.2580202	48.398316
	14.2577826	48.3983407
	14.2574589	48.3983405
	14.2570909	48.398405
	14.2566307	48.3985915
	14.2562495	48.3987772
	14.2557784	48.399104
	14.2554486	48.3993506
	14.2551792	48.3996349
	14.2550196	48.3999912
	14.2549051	48.4002098
	14.2545947	48.4005013
	14.2543827	48.400645
	14.2540417	48.4007911
	14.2535227	48.4011372
	14.2530194	48.4014859
	14.2533063	48.4019611
	14.2534753	48.4020526
	14.2538767	48.4023583
	14.2539875	48.4026055
	14.253962	48.4027567
	14.2538958	48.4028656
	14.2537317	48.4029147
	14.2536127	48.403145
	14.2536528	48.4033389
	14.253841	48.403578
	14.2540327	48.4041121
	14.2540145	48.4043867
	14.2544909	48.404453
	14.2547994	48.4045163
	14.2549312	48.4047531
	14.2548155	48.4048322
	14.2549414	48.4050375
	14.2550577	48.4050927
	14.2551408	48.4050392
	14.2552775	48.4052634
	14.2552555	48.4055791
	14.2556556	48.406349
	14.255944	48.4066768
	14.256149	48.4066694
	14.2563352	48.4068643
	14.2565383	48.407247
	14.2565438	48.4073198
	14.2564299	48.4073194
	14.2564347	48.4075502
	14.2565086	48.40788
	14.2565069	48.4079617
	14.2563595	48.4081644
	14.2563312	48.4082786
	14.2563438	48.4083372
	14.256517	48.4084422
	14.2565882	48.4085204
	14.2565545	48.4086647
	14.256368	48.4088239
	14.256343	48.4090682
	14.2566493	48.4093796
	14.2564703	48.4097067
	14.2563745	48.4099222
	14.2564349	48.4100764
	14.2563032	48.4104507
	14.2563069	48.4106882
	14.2562104	48.4108036
	14.2560417	48.4108442
	14.2558439	48.4113076
	14.2558536	48.4115309
	14.2554698	48.411914
	14.2553747	48.4120518
	14.2554796	48.412363
	14.2554406	48.4125005
	14.2550495	48.4127894
	14.2549463	48.4128438
	14.2543551	48.4130135
	14.2539668	48.4133044
	14.2536572	48.4136011
	14.2535807	48.4136774
	14.2535644	48.4137773
	14.2540162	48.4138968
	14.2546839	48.4139998
	14.2546896	48.4141844
	14.254709	48.414481
	14.2547482	48.4150489
	14.2545677	48.4152893
	14.2542438	48.4155407
	14.2540406	48.41577
	14.2539457	48.4159932
	14.253576	48.416324
	14.2534928	48.4165036
	14.253415	48.4170948
	14.2533069	48.4173123
	14.2531041	48.4176556
	14.2528704	48.4179103
	14.252803	48.4181323
	14.252911	48.4183007
	14.2531236	48.4184746
	14.2533051	48.4184545
	14.2536351	48.4182884
	14.2537466	48.4182069
	14.2540634	48.4182588
	14.2545054	48.4182493
	14.2548864	48.418199
	14.2551944	48.4181367
	14.2554057	48.4181762
	14.2556203	48.41828
	14.2557457	48.4183841
	14.2562591	48.4186584
	14.2566187	48.4187231
	14.2573574	48.4190865
	14.2577657	48.419395
	14.2583211	48.4195909
	14.2584964	48.4197747
	14.2586437	48.4200252
	14.2589649	48.420329
	14.2590999	48.4205404
	14.2590845	48.4207357
	14.2587009	48.4210798
	14.2585043	48.4213079
	14.2584862	48.4214948
	14.2585938	48.4217171
	14.2586409	48.4219258
	14.2585894	48.42236
	14.2587047	48.4224655
	14.2588442	48.4225707
	14.2588688	48.4227023
	14.2588224	48.4228645
	14.2587452	48.4230485
	14.2585692	48.4232741
	14.2584834	48.4232749
	14.2583206	48.4233869
	14.2583583	48.4236722
	14.2586179	48.4237824
	14.2588211	48.4239012
	14.2593652	48.4243655
	14.2597942	48.4246793
	14.260544	48.4247335
	14.260733	48.4247168
	14.2611676	48.4248185
	14.261284	48.4248515
	14.2614896	48.4249558
	14.26183	48.425237
	14.2623058	48.4256798
	14.2625283	48.4259975
	14.26284	48.4264098
	14.263501	48.4271534
	14.26326	48.4273175
	14.2629111	48.4275916
	14.2625791	48.4278419
	14.2631377	48.4278977
	14.2635777	48.4278992
	14.2633593	48.4281248
	14.2632777	48.4282597
	14.2632182	48.428421
	14.2631818	48.4287608
	14.2634658	48.429568
	14.26374	48.4302749
	14.2638645	48.430538
	14.2642314	48.4312783
	14.2643735	48.4316902
	14.2647374	48.4324203
	14.2648917	48.4329026
	14.2649423	48.4332087
	14.2650882	48.4337056
	14.2651032	48.4340067
	14.2654577	48.4340562
	14.2659701	48.4340714
	14.2660368	48.4344175
	14.2661231	48.434832
	14.2661831	48.4351943
	14.2662099	48.4353436
	14.2661506	48.4355329
	14.2657385	48.4357474
	14.2655359	48.435884
	14.2658775	48.4365981
	14.2659723	48.4367263
	14.2661962	48.4369582
	14.2663593	48.4371946
	14.2664181	48.4373833
	14.266527	48.4380087
	14.2666997	48.4389
	14.266684	48.4390248
	14.2669736	48.4395699
	14.2671376	48.4400008
	14.2677013	48.4404645
	14.2677791	48.4409727
	14.2679773	48.4415204
	14.2678746	48.4421645
	14.2678749	48.4424551
	14.2671487	48.4427012
	14.2661258	48.4430025
	14.2654791	48.4432584
	14.2649468	48.4433768
	14.2646708	48.4434254
	14.2646628	48.4430051
	14.2639173	48.4431599
	14.2632993	48.4432963
	14.2633187	48.4434414
	14.2633875	48.4438471
	14.2631159	48.4438388
	14.2628257	48.4439191
	14.2623495	48.4440989
	14.2620191	48.4441876
	14.2616417	48.4444366
	14.2612235	48.4446935
	14.2609169	48.4447881
	14.2607364	48.4449874
	14.2605817	48.4450828
	14.2605045	48.4449531
	14.2604697	48.4440682
	14.2600944	48.4440982
	14.2598761	48.4441109
	14.2595778	48.4441327
	14.2586408	48.4442351
	14.2582986	48.4442584
	14.2582967	48.4446034
	14.2582479	48.4447341
	14.2576741	48.4446879
	14.2576267	48.4448445
	14.257002	48.4447328
	14.2566658	48.4446907
	14.2559342	48.4446796
	14.2555138	48.4446204
	14.2552218	48.4445358
	14.2548871	48.4446666
	14.254196	48.444469
	14.2538395	48.44434
	14.253292	48.4445951
	14.2528739	48.4447485
	14.2524379	48.4448878
	14.2522024	48.4447277
	14.2520644	48.4446738
	14.2518052	48.4445742
	14.2515332	48.4444409
	14.2514871	48.4444002
	14.2513742	48.4441327
	14.2514442	48.4438566
	14.2515544	48.4433689
	14.2516443	48.4433144
	14.2518469	48.4429548
	14.2518304	48.4427368
	14.2517493	48.4425202
	14.2512297	48.4420452
	14.2505821	48.4417856
	14.2502474	48.4414193
	14.2500018	48.4411409
	14.249681	48.4408614
	14.249298	48.4405649
	14.2487723	48.4405481
	14.2480874	48.4405918
	14.2473962	48.4404951
	14.2466151	48.4405688
	14.2464765	48.4405499
	14.2460845	48.4404507
	14.2453993	48.4403164
	14.2452818	48.440283
	14.2451886	48.4402247
	14.2450065	48.4400246
	14.2446181	48.4395666
	14.2444834	48.4391397
	14.244488	48.43902
	14.2444483	48.4387681
	14.2443425	48.4383655
	14.2442384	48.4381028
	14.2442264	48.4378408
	14.2443327	48.4372169
	14.2444195	48.4370256
	14.2444857	48.4370018
	14.2445999	48.4367742
	14.2445994	48.4363196
	14.2444757	48.4359817
	14.244607	48.4358094
	14.2445915	48.4355447
	14.2446735	48.4353981
	14.2447325	48.4352813
	14.2448077	48.434995
	14.2447641	48.4348241
	14.2446062	48.4347459
	14.24437	48.4347553
	14.2441314	48.434816
	14.2430509	48.435144
	14.2421003	48.4352247
	14.2413402	48.4351755
	14.2411744	48.4352195
	14.2409317	48.4352529
	14.2404851	48.4352677
	14.2403669	48.4353602
	14.2398104	48.4351595
	14.2393555	48.4351061
	14.2391285	48.4350203
	14.2391565	48.4345656
	14.239307	48.4339661
	14.2393612	48.4333763
	14.2394261	48.433254
	14.2394092	48.4328988
	14.239308	48.432717
	14.2392104	48.4325895
	14.2391045	48.4324555
	14.2389859	48.4322606
	14.2389562	48.4316281
	14.238939	48.4314623
	14.2388387	48.4312053
	14.2386762	48.4311361
	14.2385107	48.4310554
	14.2381899	48.4309867
	14.2378482	48.4307022
	14.2375384	48.4303985
	14.237353	48.43012
	14.2370875	48.4295932
	14.2368531	48.4292104
	14.2367659	48.4289635
	14.2367565	48.4285738
	14.2369657	48.4283718
	14.2371504	48.4280566
	14.2373055	48.4278487
	14.2373356	48.4277319
	14.2373667	48.4275819
	14.2372023	48.427374
	14.2369587	48.4271145
	14.2366583	48.4269871
	14.2366347	48.4269771
	14.2364406	48.4269703
	14.2360803	48.4269577
	14.2357335	48.4269367
	14.2351458	48.4267674
	14.234696	48.4265779
	14.23442	48.426454
	14.23417	48.426239
	14.2338871	48.4257662
	14.2338479	48.4256657
	14.2334547	48.4256395
	14.2331707	48.4256869
	14.2328817	48.425672
	14.2326589	48.4256525
	14.2322603	48.4255761
	14.2316268	48.425372
	14.2308133	48.4254361
	14.2307269	48.4255277
	14.2309026	48.4256157
	14.2310887	48.4258186
	14.2313071	48.4261124
	14.2321265	48.4267989
	14.232525	48.4268973
	14.2326634	48.4268206
	14.2327882	48.4267607
	14.2329877	48.4270016
	14.2329491	48.4272713
	14.2330331	48.4275673
	14.2331183	48.4277396
	14.2332149	48.4278027
	14.2331945	48.427943
	14.2329164	48.4281251
	14.2325768	48.4283598
	14.2320771	48.4285522
	14.231843	48.4285636
	14.2315605	48.4287128
	14.2314613	48.4288607
	14.2312478	48.4291988
	14.2311064	48.4292976
	14.2311692	48.4296201
	14.2304855	48.4303055
	14.2302028	48.4304042
	14.2296613	48.4306965
	14.2296093	48.4308158
	14.2294424	48.4309896
	14.2291684	48.431166
	14.2289415	48.4311894
	14.2286955	48.4312621
	14.2285231	48.4315495
	14.2281889	48.4318372
	14.2279653	48.4318401
	14.2277867	48.4318807
	14.2276466	48.432023
	14.2277102	48.4320678
	14.2277986	48.4320209
	14.2278246	48.4321336
	14.2274655	48.4323687
	14.2272098	48.4325137
	14.2270034	48.432516
	14.2268335	48.4324518
	14.2265723	48.4327318
	14.2264136	48.4327518
	14.2257739	48.433173
	14.2251962	48.4334848
	14.2253271	48.4335912
	14.2252502	48.4338172
	14.2251087	48.433886
	14.2249136	48.4338805
	14.2246282	48.4340279
	14.2244599	48.4341465
	14.224206	48.4342343
	14.2240986	48.4342259
	14.2239771	48.434149
	14.2235889	48.4341361
	14.2233653	48.434296
	14.2231403	48.4342452
	14.222615	48.4342874
	14.2223371	48.4344384
	14.2217347	48.4345565
	14.2216649	48.4347533
	14.2213595	48.4350106
	14.221077	48.4350381
	14.2207801	48.4353388
	14.2205384	48.4354543
	14.2198002	48.4360924
	14.2198209	48.43634
	14.2196388	48.4364342
	14.2197699	48.4366289
	14.219547	48.4367379
	14.2194676	48.4370604
	14.2193697	48.4373997
	14.219197	48.4375929
	14.2188981	48.4376062
	14.2184573	48.4375935
	14.2179624	48.4378069
	14.2173283	48.4381806
	14.2170295	48.4382504
	14.2167188	48.4383383
	14.2165617	48.4384418
	14.2163985	48.4384961
	14.2161114	48.4384315
	14.2158691	48.4387848
	14.2156621	48.438868
	14.2155743	48.4391247
	14.2151404	48.439141
	14.2150409	48.4393072
	14.214736	48.4395467
	14.2146106	48.4395488
	14.2140532	48.4397232
	14.213073	48.44003
	14.2128614	48.4401558
	14.2112091	48.4407506
	14.2107511	48.4409284
	14.2099209	48.4414753
	14.2094233	48.4417213
	14.2085971	48.4420643
	14.2083267	48.4417519
	14.2077544	48.4411685
	14.2073093	48.4404202
	14.2072235	48.4402062
	14.2067012	48.4396208
	14.2064963	48.4391789
	14.2062195	48.4388978
	14.2060079	48.4386138
	14.2055608	48.437597
	14.2048859	48.4374831
	14.2043363	48.4374135
	14.2041228	48.4374381
	14.2037696	48.4377749
	14.2031452	48.4382348
	14.2029081	48.4382572
	14.202727	48.4381292
	14.2024395	48.4378107
	14.2021007	48.4372883
	14.2015951	48.437242
	14.20075	48.4371802
	14.2007151	48.4368233
	14.1992181	48.4368687
	14.1988971	48.4368405
	14.1987217	48.4367943
	14.1983582	48.4366437
	14.1979237	48.4365414
	14.1975863	48.4363446
	14.1975426	48.4362311
	14.1972491	48.435989
	14.196919	48.4358123
	14.1967071	48.4356136
	14.1968967	48.4351672
	14.1969034	48.4349621
	14.1969933	48.4346037
	14.1971402	48.4345579
	14.1973041	48.4343469
	14.197435	48.4341145
	14.1972507	48.4337463
	14.1970713	48.4336372
	14.1970571	48.4333167
	14.196967	48.433097
	14.1969906	48.4328865
	14.1971266	48.4328159
	14.1972288	48.4328109
	14.197089	48.4326975
	14.1971099	48.4324236
	14.1972027	48.4319613
	14.1971402	48.4317504
	14.197023	48.4317125
	14.1969764	48.4310604
	14.1971059	48.430907
	14.1969289	48.4308155
	14.196751	48.4307692
	14.196732	48.4306413
	14.1967889	48.4304476
	14.1968793	48.4304195
	14.1969568	48.4302099
	14.1969404	48.4300937
	14.1969265	48.4299212
	14.1970439	48.4297854
	14.1971773	48.4296726
	14.1973972	48.4295854
	14.1975066	48.4295601
	14.1976531	48.4294225
	14.197792	48.4292438
	14.1981351	48.4291392
	14.1983459	48.4291684
	14.1985444	48.4290918
	14.1985868	48.4288403
	14.1984738	48.428798
	14.1984926	48.4286624
	14.1985932	48.4285716
	14.1987142	48.4286538
	14.1989856	48.428581
	14.1991833	48.428185
	14.1989971	48.4277136
	14.1991141	48.4274987
	14.1991833	48.4274446
	14.1991605	48.4272949
	14.1990779	48.4272364
	14.1988839	48.4271741
	14.198874	48.4270572
	14.1991241	48.4266157
	14.1994284	48.4263842
	14.1996755	48.4262498
	14.199757	48.426184
	14.1998369	48.4259111
	14.1998203	48.425807
	14.1999421	48.4256826
	14.2001183	48.4257267
	14.2002516	48.4256794
	14.2002363	48.4254619
	14.2003157	48.4251623
	14.2002621	48.4249758
	14.2001792	48.4248752
	14.2003331	48.4244925
	14.2003085	48.4244195
	14.2000858	48.4243498
	14.1997342	48.4236892
	14.1995025	48.4232811
	14.1993053	48.4229408
	14.1989743	48.4228227
	14.198396	48.4226962
	14.1980358	48.4228763
	14.1977848	48.4229094
	14.1973275	48.4230369
	14.1972446	48.4230949
	14.1969831	48.4231353
	14.1965606	48.4231122
	14.1964067	48.4224943
	14.1961559	48.4223097
	14.1956221	48.4216387
	14.1952796	48.4210694
	14.1955019	48.4210997
	14.1954821	48.4209146
	14.1954373	48.4207271
	14.1952069	48.4200596
END
END
