7873194
1
	14.1067816	48.5389361
	14.1068875	48.5388785
	14.1070699	48.5385162
	14.1073251	48.5384939
	14.10744	48.5385233
	14.1075826	48.5385028
	14.1076309	48.538398
	14.1076631	48.5382151
	14.1076868	48.5380971
	14.1077673	48.5378591
	14.1078987	48.5375963
	14.1080382	48.5374453
	14.1082662	48.5373068
	14.1085612	48.5372997
	14.1088482	48.5373086
	14.1090923	48.5372642
	14.1095778	48.5371274
	14.109833	48.5369488
	14.1100123	48.5367793
	14.1101974	48.5366426
	14.1104951	48.5365342
	14.110981	48.536416
	14.1115094	48.5362207
	14.111732	48.5361763
	14.1125018	48.535798
	14.1125206	48.5356879
	14.1125903	48.5355476
	14.1127083	48.5354232
	14.1130007	48.5353025
	14.1134701	48.5352314
	14.1138161	48.5352616
	14.1143471	48.5352439
	14.1146234	48.5352012
	14.1148617	48.5353123
	14.1149073	48.5354029
	14.1148644	48.5355503
	14.1145724	48.5359951
	14.1145108	48.5361887
	14.1146154	48.536615
	14.1146579	48.5367864
	14.1146498	48.5369658
	14.1148537	48.5373352
	14.1150897	48.5374489
	14.1154522	48.5374852
	14.1155541	48.5374603
	14.1156829	48.5373431
	14.1158411	48.5371406
	14.1159189	48.5370288
	14.1160638	48.5369684
	14.1162891	48.5369222
	14.1166029	48.5368814
	14.1166431	48.5368032
	14.1166538	48.536583
	14.1167343	48.5365155
	14.1170079	48.5364231
	14.1170454	48.5362313
	14.1170106	48.5361479
	14.1170696	48.5358726
	14.1171098	48.5357998
	14.1172842	48.5356914
	14.1174826	48.5355263
	14.1175577	48.5354446
	14.1176328	48.5353327
	14.1176543	48.5351781
	14.1176543	48.5348478
	14.1176593	48.5347298
	14.1176915	48.5345966
	14.1178122	48.5343639
	14.1179409	48.5342076
	14.1180764	48.5340664
	14.1182735	48.534062
	14.1184988	48.5340336
	14.1189226	48.5338773
	14.1191693	48.5337902
	14.1194885	48.5336339
	14.1196656	48.5335576
	14.1198828	48.5335078
	14.1202342	48.5334084
	14.12043	48.5333178
	14.1205051	48.5332059
	14.1203737	48.5329999
	14.120261	48.5328542
	14.1201162	48.5327068
	14.1200089	48.532618
	14.1199338	48.5324546
	14.1199794	48.5324013
	14.1201349	48.5323747
	14.1202583	48.5323605
	14.1205292	48.532284
	14.1207308	48.5321019
	14.1208515	48.5319581
	14.1208377	48.531785
	14.1209664	48.531499
	14.1210201	48.5314386
	14.1211569	48.531444
	14.1213232	48.531499
	14.1213419	48.531563
	14.1214546	48.5315896
	14.1215971	48.5315247
	14.1214814	48.531277
	14.1214172	48.531094
	14.1215247	48.5310238
	14.1220504	48.5308568
	14.1222167	48.5308337
	14.1223213	48.5308959
	14.1223397	48.5309697
	14.1225306	48.5310593
	14.1227689	48.5310479
	14.1230076	48.5309466
	14.1232758	48.5307868
	14.1233911	48.5307068
	14.1233107	48.5305239
	14.1232436	48.530309
	14.1232812	48.5301349
	14.1233781	48.5298408
	14.1234264	48.5297911
	14.1235471	48.529768
	14.1237	48.5297804
	14.123992	48.5299519
	14.1240916	48.5299421
	14.1241479	48.5299083
	14.1241828	48.5298657
	14.1241157	48.5296952
	14.1237402	48.5295779
	14.123692	48.5294625
	14.1237966	48.5294145
	14.1239334	48.5294145
	14.1241908	48.5293275
	14.124333	48.5292227
	14.1243974	48.5291516
	14.1242552	48.5290859
	14.124105	48.5289882
	14.1240943	48.5289172
	14.1241372	48.5286685
	14.1241157	48.5283061
	14.1240081	48.5279643
	14.1240228	48.5279195
	14.1241895	48.5277764
	14.1244583	48.5277331
	14.1246612	48.5277795
	14.1248936	48.5278905
	14.125143	48.5280184
	14.1252852	48.5281161
	14.1253791	48.5282298
	14.1254756	48.5284038
	14.1255856	48.5285157
	14.1257787	48.5285673
	14.1258914	48.5286721
	14.1259284	48.5288625
	14.1260474	48.5289818
	14.1261417	48.5290367
	14.1262879	48.5290537
	14.126468	48.5291215
	14.1265136	48.5292085
	14.126193	48.5296653
	14.1263078	48.5301137
	14.1264622	48.5302343
	14.1268168	48.5305742
	14.1267252	48.5308131
	14.1267303	48.5309045
	14.1267923	48.5309623
	14.1270072	48.5311737
	14.1271571	48.5315671
	14.1271917	48.5317752
	14.1273154	48.5319019
	14.1274685	48.5320272
	14.1275781	48.5320291
	14.1277194	48.5319776
	14.1278543	48.5319129
	14.1280153	48.5320301
	14.128018	48.5323249
	14.1281444	48.5326774
	14.1284431	48.5330487
	14.1285036	48.5331633
	14.1285325	48.5333141
	14.1286507	48.5334058
	14.1288496	48.533423
	14.1291383	48.5335052
	14.1293353	48.5337005
	14.1293993	48.5339749
	14.1294851	48.534062
	14.1296438	48.5341214
	14.1298449	48.5341019
	14.1300139	48.534013
	14.1300488	48.5339349
	14.1304588	48.533776
	14.1309815	48.5338677
	14.1310483	48.5339964
	14.1308991	48.5342971
	14.1309174	48.5343994
	14.1310426	48.5345127
	14.1314941	48.5347316
	14.1318964	48.5349891
	14.1323336	48.5353692
	14.1324087	48.5354828
	14.1324436	48.5356445
	14.1325723	48.5358078
	14.1327413	48.5359464
	14.1328915	48.5361133
	14.1330659	48.5364632
	14.1331517	48.5366035
	14.1331602	48.5368529
	14.1331678	48.5371381
	14.1332992	48.5372979
	14.133487	48.5373761
	14.1336801	48.5373476
	14.1338491	48.5374009
	14.1339617	48.5375643
	14.1339483	48.5377312
	14.1340073	48.5378875
	14.1340905	48.5379852
	14.1345242	48.5382057
	14.1347154	48.5382853
	14.134981	48.5383422
	14.135209	48.5382996
	14.1355442	48.5384079
	14.1359278	48.5385375
	14.1362903	48.5386129
	14.1364911	48.5386547
	14.1370252	48.5387479
	14.1373954	48.5388189
	14.1376529	48.5388669
	14.1379479	48.5389734
	14.1381916	48.5391147
	14.1383579	48.5391946
	14.1384629	48.5393268
	14.1384759	48.5396404
	14.1383905	48.5398614
	14.138251	48.5400922
	14.138087	48.5405301
	14.1383011	48.5410871
	14.138696	48.5410612
	14.1389439	48.5410241
	14.1397023	48.5410827
	14.1399177	48.5410612
	14.1400328	48.5409733
	14.1403102	48.5409772
	14.1407823	48.5409127
	14.1418358	48.5406783
	14.1423197	48.5406412
	14.1427506	48.5406236
	14.1435296	48.541069
	14.1436476	48.5411921
	14.143984	48.5421455
	14.1441316	48.5429211
	14.1440283	48.542929
	14.1439693	48.5429583
	14.1440165	48.543095
	14.1441935	48.5435072
	14.1442791	48.5439527
	14.1444149	48.5442008
	14.1447881	48.544326
	14.1449578	48.5443258
	14.1451467	48.5443278
	14.1454182	48.5442907
	14.1457929	48.5441441
	14.1458431	48.5440933
	14.1461411	48.5439937
	14.1462739	48.5440191
	14.1464303	48.5439976
	14.1467785	48.5439019
	14.1467756	48.5437964
	14.1467254	48.5436831
	14.1470323	48.5432357
	14.1473186	48.5428704
	14.1475399	48.5427277
	14.1477789	48.5424151
	14.1481389	48.5422706
	14.1483396	48.5420635
	14.1484753	48.5418662
	14.1484871	48.5417919
	14.1485638	48.5416981
	14.1486494	48.5416669
	14.1488973	48.5415965
	14.1490625	48.541407
	14.1491629	48.5412468
	14.1492455	48.5411433
	14.1494166	48.5410221
	14.1495465	48.5409381
	14.1499655	48.5407545
	14.1508183	48.5405357
	14.1508655	48.5404575
	14.1510573	48.5403207
	14.1514144	48.5401957
	14.1517449	48.5399417
	14.1520784	48.5395842
	14.1520872	48.5394826
	14.1520341	48.5394298
	14.1519426	48.539297
	14.1520046	48.5391621
	14.152282	48.5389101
	14.1524413	48.5388066
	14.1523971	48.5387538
	14.1525564	48.538617
	14.152822	48.5385115
	14.1529666	48.5385076
	14.1531495	48.5383982
	14.1532882	48.5382712
	14.1535243	48.5382907
	14.1536099	48.5382341
	14.1536512	48.5380875
	14.1536689	48.5378785
	14.153961	48.537474
	14.1539876	48.5372943
	14.1541263	48.5370735
	14.1542443	48.5369328
	14.1546752	48.5366846
	14.1551768	48.5366886
	14.1556165	48.5364287
	14.1559588	48.5362528
	14.1562657	48.5361141
	14.1565047	48.5359246
	14.1567142	48.5357194
	14.1569798	48.5354146
	14.1569798	48.5353599
	14.1568529	48.5352817
	14.1569001	48.5350726
	14.1571569	48.5347659
	14.1573074	48.5346818
	14.1574785	48.5344337
	14.1574283	48.533867
	14.1581838	48.5338631
	14.1588153	48.5341132
	14.1590189	48.53425
	14.1595825	48.5346897
	14.1597035	48.5348225
	14.1602465	48.5346779
	14.1601845	48.5345216
	14.1603291	48.5345294
	14.1616599	48.5343653
	14.1619904	48.5343614
	14.1621173	48.5343712
	14.1622265	48.5343536
	14.1627606	48.534207
	14.1634865	48.5338631
	14.1632416	48.5333414
	14.1632534	48.533275
	14.1633331	48.5332378
	14.1627636	48.5326028
	14.1626514	48.5322764
	14.1628108	48.5317723
	14.1640266	48.5318192
	14.1640236	48.5319833
	14.1643217	48.5324074
	14.1655345	48.5320029
	14.1663548	48.5318837
	14.166287	48.531655
	14.1674467	48.5308597
	14.1680368	48.5304786
	14.1683083	48.5303966
	14.1686329	48.5302539
	14.1690047	48.530078
	14.1696362	48.5297888
	14.1699136	48.5295152
	14.1700582	48.5293726
	14.1700494	48.5292964
	14.1702441	48.5290658
	14.1706897	48.5287805
	14.1710733	48.5285049
	14.171215	48.5285088
	14.1719055	48.5286456
	14.1722714	48.5288606
	14.1725901	48.5289876
	14.1728468	48.528927
	14.1730681	48.5287433
	14.1730888	48.5290228
	14.1730681	48.5291244
	14.1730239	48.5292827
	14.1731832	48.5295367
	14.1727878	48.5297126
	14.1721474	48.5300233
	14.1719025	48.5301601
	14.1717019	48.5303028
	14.1715543	48.5303712
	14.1714746	48.5304454
	14.171451	48.530719
	14.1714599	48.530934
	14.1714864	48.5310375
	14.1715307	48.5311176
	14.1715012	48.5311978
	14.1713861	48.531356
	14.171333	48.531401
	14.1712297	48.5316863
	14.1712061	48.5319247
	14.1710468	48.5319091
	14.1709759	48.5320419
	14.1710645	48.5321416
	14.171	48.5323535
	14.1708871	48.5324224
	14.1706644	48.5324975
	14.1705623	48.5327156
	14.1704011	48.5333135
	14.1703095	48.5334004
	14.1699497	48.5336604
	14.1698076	48.53366
	14.1692131	48.5339628
	14.1689944	48.5342674
	14.1689466	48.5343588
	14.169075	48.5343387
	14.1690976	48.5344429
	14.1690574	48.5346464
	14.1688895	48.5348306
	14.1685043	48.534923
	14.1682882	48.5348989
	14.1679368	48.5350156
	14.1678235	48.535108
	14.1678872	48.5353094
	14.1681189	48.5354554
	14.1682427	48.5358307
	14.168419	48.5361347
	14.1685813	48.536421
	14.1689594	48.5366995
	14.1695515	48.5371138
	14.1699979	48.537383
	14.1706877	48.5378069
	14.1710472	48.5379713
	14.1711823	48.5380172
	14.171735	48.538123
	14.172078	48.538198
	14.172652	48.5383066
	14.1729862	48.5383703
	14.1731926	48.5383855
	14.1733333	48.5383834
	14.1734986	48.53836
	14.1737152	48.5382583
	14.1743879	48.5381138
	14.17517	48.537983
	14.1756021	48.5379123
	14.1759831	48.5378898
	14.1763324	48.5379274
	14.1766242	48.5379859
	14.1769888	48.5380749
	14.1771738	48.5380391
	14.1773917	48.5380304
	14.1776044	48.5380576
	14.1778956	48.5381558
	14.1781494	48.5383386
	14.1784964	48.5383811
	14.1784906	48.5384792
	14.1784808	48.5385654
	14.1784257	48.538692
	14.1783269	48.5388672
	14.1780375	48.5392786
	14.1778754	48.5393355
	14.1777078	48.5394117
	14.1771938	48.5394529
	14.1768052	48.5394807
	14.1766646	48.5394497
	14.1763741	48.5393333
	14.1761861	48.5392669
	14.1760353	48.5393142
	14.1757007	48.5397357
	14.1752784	48.5399426
	14.1750257	48.5400417
	14.1747247	48.5400739
	14.1744914	48.5400498
	14.1742335	48.5400551
	14.1736491	48.54009
	14.1732516	48.5400042
	14.1729264	48.5400181
	14.17218	48.5401553
	14.1716625	48.5402477
	14.1713903	48.5403572
	14.1713813	48.5405294
	14.1715672	48.5410714
	14.1716695	48.541515
	14.1719393	48.5419291
	14.1720584	48.5423873
	14.1721428	48.5426097
	14.1722342	48.5429005
	14.1722275	48.5431391
	14.1722163	48.5433535
	14.1720107	48.5435046
	14.1718426	48.5436531
	14.1719349	48.54379
	14.1722399	48.543966
	14.1725816	48.5441042
	14.1728265	48.5441504
	14.1731567	48.5440982
	14.173281	48.5441098
	14.1737493	48.5442587
	14.1739407	48.5444427
	14.174147	48.5446631
	14.1743384	48.5448724
	14.1743648	48.545128
	14.1746229	48.5455305
	14.1747817	48.5455627
	14.1746605	48.5456261
	14.1742314	48.5457646
	14.173911	48.5458466
	14.1736697	48.5459002
	14.1730763	48.5459926
	14.173129	48.5464147
	14.173131	48.546803
	14.1733768	48.547352
	14.1734475	48.547638
	14.1733553	48.5480162
	14.1732878	48.5483681
	14.1732704	48.5485885
	14.1734179	48.5488457
	14.1735787	48.5490983
	14.1737053	48.5493865
	14.1738222	48.5496495
	14.1738697	48.5498481
	14.1736929	48.5499148
	14.1731706	48.5501092
	14.1730774	48.5501372
	14.1724281	48.5505484
	14.1719396	48.5508287
	14.1716488	48.5509465
	14.1715105	48.5508044
	14.1715444	48.5506736
	14.1715359	48.5505596
	14.1712338	48.5502905
	14.1708357	48.5502026
	14.1708131	48.5500382
	14.1709007	48.5499709
	14.1709995	48.5499223
	14.1709825	48.5498457
	14.1705026	48.5497597
	14.1704038	48.5494046
	14.1704235	48.5490308
	14.1706014	48.5491074
	14.1707115	48.5489785
	14.1707002	48.5485673
	14.1706324	48.5483225
	14.1704772	48.5482253
	14.1706268	48.5478907
	14.1705223	48.5475823
	14.1705308	48.5474085
	14.1704376	48.5471917
	14.1703558	48.5471711
	14.1703868	48.5470254
	14.1704207	48.5469562
	14.1705816	48.5469338
	14.170703	48.5468871
	14.1707538	48.5467469
	14.1705788	48.5467843
	14.1704602	48.5467824
	14.1704094	48.5467357
	14.1703953	48.5466254
	14.1705421	48.5465899
	14.1706268	48.5463618
	14.1705336	48.5462385
	14.1702965	48.5460721
	14.1698306	48.5459936
	14.1696076	48.5459936
	14.1694947	48.5459637
	14.1694043	48.545932
	14.1692123	48.5456759
	14.1692773	48.5455824
	14.1689921	48.5453152
	14.1688566	48.5452329
	14.1685658	48.5449563
	14.1684641	48.544775
	14.1680435	48.5444292
	14.1679418	48.5443881
	14.1677301	48.5443675
	14.1674195	48.5440161
	14.1671908	48.543861
	14.1669226	48.5438871
	14.1666431	48.5439638
	14.1662196	48.5441582
	14.1657905	48.5441899
	14.1654432	48.5441582
	14.1645341	48.544246
	14.1638339	48.5440516
	14.1632721	48.5440348
	14.1629728	48.5439488
	14.162459	48.5439507
	14.1621032	48.5439376
	14.1620129	48.543775
	14.1618407	48.5436086
	14.161612	48.5434068
	14.1612506	48.5432367
	14.1609174	48.5436815
	14.1604375	48.5444329
	14.1602681	48.5446385
	14.159709	48.5451451
	14.1595312	48.5453114
	14.1594098	48.5454983
	14.1592799	48.5457507
	14.1589835	48.5463263
	14.1590851	48.5468142
	14.1592545	48.5473861
	14.1592799	48.5476552
	14.1595001	48.54813
	14.1596723	48.548571
	14.1598417	48.5488383
	14.1601269	48.5491205
	14.1603161	48.5493018
	14.1603951	48.5494308
	14.1603725	48.5495167
	14.1601611	48.5497292
	14.1594138	48.54987
	14.1587376	48.5500575
	14.1582233	48.5501493
	14.1578072	48.5501875
	14.1572293	48.5500709
	14.1566023	48.5499771
	14.1563365	48.550111
	14.1562267	48.5502162
	14.1561833	48.5502927
	14.1556863	48.5501684
	14.1553015	48.5500961
	14.1550246	48.5500441
	14.1549206	48.550002
	14.1545507	48.5495831
	14.1542473	48.5493134
	14.1534845	48.5488008
	14.1530771	48.5488543
	14.1528055	48.5489576
	14.1519791	48.549015
	14.1511469	48.5489729
	14.1506615	48.5488735
	14.1504419	48.548751
	14.1500604	48.5485502
	14.1495692	48.5485387
	14.1492543	48.5485464
	14.1485839	48.5484507
	14.1480436	48.5483742
	14.1477748	48.5482365
	14.147405	48.5482001
	14.1469831	48.5482116
	14.146463	48.5481428
	14.1460758	48.5480701
	14.1458698	48.5481373
	14.1448969	48.5484877
	14.1446284	48.5485292
	14.1443563	48.5486075
	14.1442996	48.5487225
	14.1443812	48.5488817
	14.1446639	48.5491498
	14.1447437	48.5493514
	14.1447496	48.549508
	14.1447289	48.5497821
	14.1446787	48.5503008
	14.1446047	48.5504633
	14.1440024	48.5509667
	14.1437738	48.5511425
	14.1437087	48.551352
	14.1436378	48.5517904
	14.1435964	48.5520606
	14.1435343	48.5522818
	14.143549	48.5526498
	14.1438507	48.552822
	14.1440133	48.5528553
	14.1442706	48.552867
	14.1446981	48.5529056
	14.1448186	48.5530153
	14.1448431	48.5531797
	14.1449196	48.5533368
	14.1450732	48.5536315
	14.1450709	48.5543057
	14.1451638	48.5546844
	14.1452565	48.5550015
	14.1454148	48.555171
	14.1455952	48.5552966
	14.1458647	48.5553986
	14.1459375	48.5554726
	14.1459443	48.5555584
	14.1458911	48.5556954
	14.14569	48.5558579
	14.1453875	48.5562452
	14.1449859	48.5565538
	14.1446345	48.5567136
	14.1446957	48.5569258
	14.1448137	48.5571016
	14.1449269	48.5571148
	14.1450368	48.5570136
	14.1452863	48.5569994
	14.1455406	48.5570643
	14.1457176	48.5571478
	14.1458249	48.5572099
	14.1461065	48.5571904
	14.1465401	48.557173
	14.1469258	48.5574772
	14.1470519	48.5576086
	14.1471686	48.5579549
	14.1470504	48.5583287
	14.1472658	48.5584452
	14.1472999	48.5586382
	14.1471318	48.5588364
	14.1470057	48.5589564
	14.146877	48.5590085
	14.1468744	48.558932
	14.1453324	48.559158
	14.1445917	48.5592137
	14.1446101	48.5592832
	14.1446206	48.5593771
	14.1445575	48.5595405
	14.1445444	48.5595962
	14.1446337	48.5596135
	14.1447283	48.55969
	14.1448438	48.5597613
	14.1449384	48.5598656
	14.1450041	48.5600238
	14.1450855	48.5603907
	14.1451669	48.5604359
	14.1451958	48.5606045
	14.1451118	48.5615676
	14.1451456	48.561792
	14.1452168	48.5619518
	14.1458867	48.5621326
	14.1457974	48.5621709
	14.1458447	48.5623586
	14.1463989	48.562868
	14.1464804	48.5628975
	14.1466721	48.5628749
	14.146814	48.5630157
	14.1468481	48.5630853
	14.1467693	48.5633078
	14.1467956	48.563572
	14.146877	48.5637198
	14.146835	48.5638763
	14.1467063	48.5640831
	14.1467509	48.564137
	14.147053	48.5643717
	14.1472001	48.5643769
	14.1472737	48.5645195
	14.1473209	48.5647159
	14.1474838	48.5647715
	14.1475127	48.5649992
	14.1474365	48.5652287
	14.1475127	48.5655433
	14.1476309	48.5656216
	14.1476414	48.5656998
	14.1472789	48.5660005
	14.147208	48.5658702
	14.1472842	48.5658041
	14.147271	48.5656876
	14.1470372	48.5655642
	14.1465565	48.5654078
	14.1462623	48.5653643
	14.1458098	48.5649527
	14.1456345	48.5647767
	14.1454428	48.5644656
	14.1453981	48.5648045
	14.1452615	48.5651557
	14.144899	48.5656981
	14.144547	48.5660492
	14.144061	48.5663812
	14.1439954	48.5663447
	14.1439034	48.5662282
	14.1435961	48.566077
	14.1432178	48.5659449
	14.1426268	48.5656928
	14.1422275	48.5655103
	14.1416444	48.5652461
	14.1418703	48.5650444
	14.1421461	48.5648289
	14.1415498	48.5646916
	14.1412109	48.5646342
	14.141182	48.5644204
	14.140809	48.5642048
	14.140457	48.5642118
	14.1401418	48.5643665
	14.1397531	48.5639354
	14.1399868	48.5640066
	14.1403126	48.5639058
	14.1402994	48.5638258
	14.140042	48.5637563
	14.1399238	48.5637528
	14.1397399	48.5635547
	14.1396296	48.5630627
	14.1395718	48.5626698
	14.1397399	48.5620092
	14.1398897	48.5618058
	14.1399369	48.5615172
	14.1400481	48.5613097
	14.1403704	48.5607366
	14.1406015	48.5605228
	14.1403178	48.5605054
	14.1400972	48.5603924
	14.1399685	48.5603124
	14.139711	48.5603766
	14.1394287	48.5603918
	14.1386557	48.5603277
	14.138384	48.5600538
	14.138153	48.5599893
	14.137804	48.5599536
	14.1373625	48.5599825
	14.1372419	48.5599706
	14.1371367	48.5599213
	14.1366721	48.5598092
	14.1362075	48.5597718
	14.1356044	48.5597752
	14.1350551	48.559765
	14.1340528	48.5596058
	14.133551	48.5596138
	14.1329967	48.559585
	14.1323114	48.5594915
	14.1320265	48.5595306
	14.1317467	48.5595221
	14.1311564	48.5594644
	14.130335	48.5592758
	14.129816	48.5590222
	14.1293186	48.558812
	14.1289747	48.558722
	14.1287052	48.558649
	14.1284409	48.5587118
	14.127911	48.5586268
	14.12768	48.5585656
	14.1275388	48.558744
	14.1275054	48.5588425
	14.1272642	48.5590481
	14.1270768	48.5591568
	14.126987	48.559325
	14.1270075	48.5594167
	14.1269767	48.5595543
	14.1268407	48.5598295
	14.1268047	48.560069
	14.1267226	48.5603934
	14.1266045	48.5605531
	14.1266148	48.5607739
	14.126663	48.5608904
	14.126542	48.5610683
	14.1262947	48.561095
	14.1262113	48.5612961
	14.1259855	48.561506
	14.1259156	48.561627
	14.1260017	48.561723
	14.1259452	48.5618992
	14.1258081	48.5619134
	14.1256253	48.5618885
	14.125421	48.5619134
	14.1252678	48.5619436
	14.1250912	48.5620373
	14.1248798	48.5619163
	14.1246379	48.5619181
	14.1245411	48.5619946
	14.1243637	48.5621013
	14.1237292	48.5621529
	14.1234818	48.562217
	14.1234227	48.5623913
	14.1232722	48.5624127
	14.1231028	48.5623237
	14.1231028	48.5622668
	14.1231754	48.5621956
	14.1231082	48.5621405
	14.1228313	48.5620711
	14.1224361	48.5620444
	14.1216887	48.561943
	14.1214548	48.5620391
	14.1213634	48.5620533
	14.1211429	48.5620284
	14.1205891	48.5620675
	14.1203902	48.5621529
	14.1198041	48.5623504
	14.1195218	48.5623949
	14.1194062	48.5622526
	14.1189303	48.5615693
	14.1185056	48.5611939
	14.1182932	48.5608843
	14.1181991	48.560669
	14.117941	48.5603843
	14.1177394	48.5601228
	14.1173791	48.5595837
	14.117199	48.5594075
	14.1169382	48.5592278
	14.1164462	48.5591762
	14.1162043	48.5591762
	14.1158145	48.55921
	14.1156155	48.55921
	14.1148197	48.5591815
	14.1135024	48.5591993
	14.1129325	48.5591584
	14.1127389	48.559073
	14.1121179	48.5589396
	14.1121152	48.5588791
	14.1112818	48.5588844
	14.1110613	48.5586602
	14.1106339	48.5587154
	14.1104833	48.5586015
	14.1102628	48.5582598
	14.1102118	48.5576904
	14.110029	48.5571513
	14.1100155	48.5569449
	14.1101042	48.5568577
	14.1103543	48.5567652
	14.1104215	48.556226
	14.1106365	48.5560285
	14.1108194	48.5559733
	14.1110613	48.5559662
	14.111314	48.555927
	14.1120587	48.5556993
	14.1124297	48.5554644
	14.1132443	48.5549501
	14.1134836	48.5550605
	14.1137336	48.5552135
	14.1138143	48.555322
	14.114317	48.555548
	14.1143896	48.5554181
	14.1143681	48.5553327
	14.1143654	48.5552491
	14.1143896	48.5551121
	14.1144622	48.5549501
	14.1143036	48.5547562
	14.1142014	48.5545462
	14.1141638	48.5543042
	14.1139379	48.5537383
	14.1137847	48.553523
	14.1137013	48.5533237
	14.1135804	48.5529197
	14.1135857	48.5526848
	14.1133303	48.5522346
	14.113083	48.551706
	14.1127873	48.5510992
	14.1127389	48.5506917
	14.1124889	48.5497894
	14.1122738	48.5496844
	14.1121851	48.5495723
	14.1120345	48.5492964
	14.1119404	48.548944
	14.1119431	48.5485258
	14.1118893	48.5484244
	14.1120856	48.5481966
	14.1124163	48.5479527
	14.1127013	48.5473174
	14.1130857	48.5468974
	14.1136153	48.5463741
	14.1137067	48.5463812
	14.1138331	48.5463492
	14.1144057	48.5459416
	14.1146746	48.5457369
	14.1149891	48.5453436
	14.1151558	48.5447474
	14.1151397	48.5445694
	14.1148278	48.5443291
	14.1145912	48.5442846
	14.1140616	48.5442757
	14.1135347	48.5441921
	14.1121259	48.5439625
	14.1112683	48.5438129
	14.1110398	48.5437364
	14.1105263	48.5437329
	14.1105156	48.5436136
	14.1101849	48.543667
	14.1102548	48.5437827
	14.1101553	48.543861
	14.1098918	48.5438254
	14.1095208	48.5435193
	14.1094993	48.5433217
	14.1095208	48.5432185
	14.1091848	48.542713
	14.108553	48.5426453
	14.1082869	48.5426952
	14.1082519	48.5427521
	14.1080449	48.5427504
	14.1076631	48.5426578
	14.1080852	48.5423944
	14.1086767	48.5422698
	14.109209	48.542179
	14.1098811	48.541896
	14.1102467	48.5418818
	14.1101123	48.5416076
	14.1096472	48.5410096
	14.1088944	48.5404026
	14.1085396	48.5395073
	14.1083057	48.5392385
	14.1078244	48.5389875
	14.1073916	48.5392812
	14.1068077	48.5390065
	14.1067816	48.5389361
END
END
