7873280
1
	14.0564218	48.1040505
	14.0565355	48.1034351
	14.0569915	48.1027895
	14.0571004	48.102811
	14.0571884	48.1025879
	14.0575993	48.1021175
	14.0578139	48.101947
	14.0585595	48.1012183
	14.0587629	48.1008074
	14.058847	48.10034
	14.0590713	48.0997187
	14.0592274	48.0991351
	14.05942	48.0985099
	14.0595718	48.0978604
	14.0596164	48.0976308
	14.0595723	48.09713
	14.0594655	48.0964474
	14.0594111	48.0958983
	14.0594199	48.0952449
	14.0604872	48.0951373
	14.0609824	48.0950666
	14.0615314	48.0949588
	14.062214	48.0947989
	14.0626992	48.0947052
	14.063191	48.0946679
	14.0639565	48.0945646
	14.0649178	48.0945073
	14.065355	48.0945133
	14.0658554	48.0944935
	14.0662982	48.0944664
	14.0668322	48.0944619
	14.0673943	48.0945744
	14.0678252	48.0946508
	14.0679464	48.0946882
	14.0680225	48.0946783
	14.0686695	48.094753
	14.0696986	48.0949339
	14.0707675	48.095122
	14.0706864	48.0953248
	14.0713191	48.0954367
	14.0719672	48.0955026
	14.0726706	48.0955449
	14.0734924	48.0955602
	14.073336	48.095137
	14.0729482	48.0946388
	14.072507	48.0941524
	14.0721961	48.0937728
	14.0719489	48.0934084
	14.0717145	48.0931137
	14.071463	48.0927168
	14.0714062	48.092509
	14.0714179	48.0923159
	14.0714959	48.0920996
	14.0715517	48.0919886
	14.0717185	48.0917725
	14.0718656	48.0914366
	14.0720572	48.091336
	14.0721669	48.0912482
	14.0725224	48.0910998
	14.0732655	48.0907301
	14.0731388	48.090579
	14.0735477	48.0904576
	14.074025	48.090323
	14.0748834	48.0901314
	14.0754147	48.0900224
	14.0758607	48.0899201
	14.0760699	48.0898868
	14.0760554	48.0896698
	14.0761002	48.0893685
	14.0762144	48.088861
	14.0763364	48.0882202
	14.0762908	48.0879765
	14.0764068	48.0880694
	14.0767518	48.0881662
	14.0772628	48.0882413
	14.0781273	48.0883159
	14.0791367	48.0884065
	14.0800102	48.0885277
	14.0811249	48.0887101
	14.0816054	48.0887307
	14.0818928	48.0886987
	14.0823739	48.0881846
	14.0828843	48.0875282
	14.0828319	48.0871214
	14.0827264	48.0868266
	14.0825919	48.0865212
	14.0824236	48.0861984
	14.0856257	48.0852375
	14.0852935	48.0849093
	14.0870495	48.0844287
	14.0886068	48.0839942
	14.0885408	48.0838512
	14.0885151	48.0833056
	14.0886025	48.0829209
	14.0885633	48.082884
	14.0888549	48.0821839
	14.0897768	48.0816635
	14.0909913	48.0810521
	14.0925464	48.080343
	14.0935957	48.0798153
	14.0943065	48.0796236
	14.0948582	48.0794166
	14.0955132	48.0792216
	14.095777	48.0791392
	14.0959273	48.0791096
	14.0958868	48.0789458
	14.096037	48.0788606
	14.0961191	48.078932
	14.096327	48.079006
	14.0963206	48.079139
	14.0964344	48.0792272
	14.096474	48.0794029
	14.0971946	48.0791265
	14.0990743	48.0785837
	14.0988306	48.0781649
	14.0987315	48.0778894
	14.0988422	48.0778808
	14.0991247	48.0778081
	14.1002692	48.0774958
	14.101411	48.077159
	14.1026518	48.0768836
	14.1031046	48.0768195
	14.1042883	48.0765949
	14.1057004	48.0774445
	14.1063184	48.0770994
	14.1068868	48.0773365
	14.1080214	48.0777545
	14.1061814	48.0790201
	14.106522	48.0795625
	14.1067092	48.0798084
	14.1084575	48.0807834
	14.108388	48.0809799
	14.108668	48.081048
	14.1090028	48.0813279
	14.1095717	48.0816602
	14.1107628	48.0822852
	14.1115195	48.0828057
	14.1121501	48.0831714
	14.1120616	48.0835626
	14.1120937	48.0838168
	14.112314	48.0842367
	14.1129832	48.0840304
	14.1127431	48.0847258
	14.1128201	48.0853419
	14.1131497	48.0853243
	14.1135966	48.0857242
	14.1148253	48.0865242
	14.1147556	48.0869356
	14.1146346	48.0871562
	14.1147403	48.087495
	14.1153736	48.088216
	14.1158193	48.0886246
	14.1159419	48.0888606
	14.1170389	48.0886101
	14.1176717	48.0893771
	14.1166962	48.0897227
	14.1147352	48.0903143
	14.115027	48.0907239
	14.1153175	48.0914104
	14.1155396	48.0918352
	14.1157112	48.0923389
	14.1162883	48.0922396
	14.1166845	48.092649
	14.1169357	48.0929517
	14.117244	48.093239
	14.1176558	48.093671
	14.1181805	48.0938802
	14.1183158	48.0937572
	14.1186271	48.0935855
	14.1189692	48.0934181
	14.1192688	48.093714
	14.1194893	48.0941084
	14.1202153	48.0940715
	14.1208144	48.094015
	14.1215366	48.0943418
	14.121859	48.0948385
	14.1220516	48.0949396
	14.1224589	48.0948611
	14.1228285	48.0947473
	14.1235023	48.0945079
	14.1240974	48.0944032
	14.1247047	48.0943275
	14.1248122	48.0942682
	14.1250731	48.0940653
	14.1253805	48.0939611
	14.1258873	48.0938656
	14.1255574	48.0934551
	14.1247504	48.0926441
	14.1242133	48.0923504
	14.1234758	48.0918257
	14.123127	48.0915699
	14.1237902	48.0913273
	14.1236985	48.0904986
	14.1239832	48.090223
	14.124325	48.0899766
	14.1242631	48.0893516
	14.1243095	48.0889493
	14.1250747	48.0888787
	14.1256181	48.0888883
	14.127057	48.0889916
	14.1270046	48.088495
	14.1285177	48.088278
	14.1285818	48.0884804
	14.1285979	48.0887295
	14.1285386	48.0887996
	14.128614	48.0888387
	14.1286113	48.0888853
	14.128901	48.0889498
	14.1288927	48.0890271
	14.1291531	48.0890484
	14.1292226	48.0891346
	14.1292199	48.0892744
	14.1291555	48.0893783
	14.1291207	48.0895539
	14.1290968	48.0897919
	14.1290351	48.0899836
	14.128783	48.0901323
	14.1287803	48.090204
	14.1286703	48.0902147
	14.1284423	48.0905551
	14.1284906	48.0905945
	14.1284072	48.0907041
	14.1283509	48.0908026
	14.127903	48.0910391
	14.1278735	48.0912075
	14.1279727	48.091564
	14.1280478	48.0920155
	14.1284048	48.0921854
	14.1287425	48.0922842
	14.128882	48.0925243
	14.1290697	48.0926533
	14.1291877	48.0926856
	14.1292467	48.0929973
	14.1293379	48.0932069
	14.1295877	48.0933965
	14.1297483	48.0934846
	14.1299522	48.0936583
	14.1300648	48.0936978
	14.1300755	48.0938232
	14.1298073	48.0942621
	14.1299307	48.094452
	14.1298771	48.0948335
	14.1299334	48.0949804
	14.1298341	48.0952778
	14.1298961	48.09536
	14.1299066	48.0953853
	14.1299953	48.0957129
	14.1302207	48.0960138
	14.1304808	48.0961625
	14.1305962	48.0962861
	14.1308939	48.0964438
	14.1309985	48.0965674
	14.1313177	48.0967823
	14.1315591	48.0968199
	14.1316476	48.0966408
	14.1317871	48.0967716
	14.1317227	48.0968791
	14.1317978	48.0969436
	14.1318327	48.0970152
	14.1319987	48.0970782
	14.1319558	48.0971892
	14.1319319	48.0973162
	14.132058	48.0974523
	14.132176	48.0974899
	14.1323316	48.0976279
	14.1324496	48.0976673
	14.1324818	48.0976386
	14.1324442	48.0976046
	14.132471	48.0975759
	14.132522	48.0976243
	14.1325756	48.0975186
	14.1328331	48.0974272
	14.1328278	48.0974845
	14.1330289	48.097549
	14.1331684	48.0974756
	14.1332837	48.097515
	14.1332489	48.0976476
	14.1331925	48.0977712
	14.1332733	48.0978022
	14.1334671	48.0978479
	14.1335562	48.0978978
	14.1337028	48.0978941
	14.1338909	48.0979715
	14.1340036	48.097943
	14.1341104	48.0979535
	14.134129	48.0979922
	14.1342618	48.098053
	14.1342383	48.0981301
	14.134416	48.0981853
	14.1345457	48.098249
	14.1346545	48.0982311
	14.1347612	48.0982336
	14.1348473	48.0982605
	14.135032	48.0983755
	14.1352396	48.0984922
	14.1353737	48.0985456
	14.1353547	48.09856
	14.1353803	48.0985918
	14.1353779	48.0986724
	14.1353925	48.0987283
	14.1353536	48.0987734
	14.1353571	48.0988083
	14.1353759	48.0988334
	14.1354912	48.0988549
	14.1355609	48.0988728
	14.1355931	48.0989481
	14.1356977	48.0990502
	14.1356789	48.0991093
	14.1356897	48.0991218
	14.1357541	48.0991254
	14.1357916	48.0991469
	14.1358077	48.0991756
	14.1357192	48.0992006
	14.1357111	48.0992221
	14.1357836	48.09924
	14.1357836	48.099258
	14.1357836	48.0992812
	14.1359016	48.0993296
	14.1358882	48.0993995
	14.1359043	48.0994371
	14.1359418	48.0994532
	14.1358962	48.0994872
	14.1358855	48.0996234
	14.1359338	48.0996861
	14.1359767	48.0997434
	14.1359981	48.0998043
	14.1361001	48.0998616
	14.1361322	48.0999566
	14.1361081	48.0999978
	14.136151	48.1000515
	14.1361591	48.1000712
	14.136092	48.1001142
	14.1360518	48.1002449
	14.1361583	48.1003494
	14.1362959	48.1003668
	14.136438	48.1004742
	14.1364675	48.1004832
	14.1365373	48.1004832
	14.1367492	48.1004223
	14.1367626	48.1004438
	14.1368243	48.1004671
	14.1368886	48.1003453
	14.136953	48.1003363
	14.1369369	48.1002933
	14.1368967	48.1002987
	14.1368806	48.1002772
	14.1369503	48.1002467
	14.1370174	48.1002593
	14.1373714	48.1001249
	14.1374787	48.1001894
	14.1376128	48.1002163
	14.137645	48.1002396
	14.1376826	48.1003059
	14.1377764	48.1004205
	14.1380259	48.1005226
	14.1381037	48.1005154
	14.1381359	48.1005548
	14.1381493	48.1005978
	14.1381359	48.1006623
	14.1382753	48.1007483
	14.1383477	48.1008235
	14.1384336	48.1008414
	14.1385221	48.1009776
	14.1384926	48.1010134
	14.1385435	48.1010725
	14.138622	48.1011149
	14.1386991	48.1011334
	14.1387662	48.1011101
	14.1388037	48.1010725
	14.1388654	48.1010492
	14.1389244	48.101051
	14.1389861	48.1010618
	14.139029	48.1010922
	14.1389942	48.1011424
	14.1389432	48.1011836
	14.138962	48.1012337
	14.1390151	48.1012589
	14.1390907	48.1012534
	14.139147	48.1012283
	14.1392972	48.1013448
	14.1394501	48.1013484
	14.1394716	48.1013806
	14.1394877	48.101454
	14.1395735	48.1015131
	14.1396593	48.1015167
	14.1396889	48.1016063
	14.1396808	48.1016851
	14.139713	48.1017406
	14.1396939	48.1018287
	14.1397103	48.1018481
	14.1399007	48.1018159
	14.1399168	48.101832
	14.14	48.1018374
	14.140118	48.1018481
	14.1403514	48.101943
	14.1404962	48.1019609
	14.1408047	48.101995
	14.1408181	48.1020183
	14.1408315	48.1020415
	14.1408824	48.102029
	14.1409763	48.1020272
	14.1410541	48.1020648
	14.1410729	48.1021007
	14.1411131	48.1021616
	14.1411507	48.1021795
	14.1412928	48.1022225
	14.1413545	48.1022332
	14.1413679	48.1022995
	14.1414189	48.1023765
	14.141494	48.1024589
	14.1414618	48.1025073
	14.1414135	48.1027061
	14.1412633	48.1027491
	14.1412338	48.1028153
	14.1412258	48.1028762
	14.1412338	48.1029962
	14.1412499	48.1030536
	14.1413009	48.1031109
	14.1414269	48.1031449
	14.1415852	48.1033079
	14.1416978	48.103367
	14.1417595	48.1034172
	14.1418722	48.103453
	14.1420626	48.1036339
	14.1420894	48.1037718
	14.1423094	48.1038882
	14.1424086	48.1038596
	14.1424918	48.1037897
	14.1425508	48.1038041
	14.142591	48.1038291
	14.1426178	48.1038667
	14.1426393	48.1039044
	14.142599	48.103985
	14.1424998	48.1040584
	14.1425213	48.1040817
	14.1426983	48.1041085
	14.1428056	48.1040978
	14.1428324	48.1041193
	14.1428753	48.1042071
	14.1428673	48.1042339
	14.1426661	48.10425
	14.1425669	48.1042823
	14.1425508	48.1043092
	14.1425883	48.1043539
	14.1427224	48.1043396
	14.1428834	48.1044077
	14.1429263	48.1043736
	14.1430202	48.1043539
	14.1431006	48.1043647
	14.143165	48.1043665
	14.1432213	48.1043414
	14.1432133	48.1042894
	14.1432428	48.1042626
	14.143342	48.1042572
	14.1434091	48.1042035
	14.1435003	48.1042035
	14.1435593	48.1042071
	14.1436451	48.1042733
	14.143747	48.1043754
	14.1437631	48.1044166
	14.1437846	48.1044721
	14.1438516	48.1044972
	14.1438463	48.1045671
	14.1438624	48.1045886
	14.1439348	48.1045814
	14.143975	48.1045527
	14.1439884	48.1044829
	14.1440555	48.1044327
	14.144136	48.104422
	14.1441601	48.1044309
	14.1441601	48.1044775
	14.1440984	48.1045259
	14.144262	48.1046029
	14.1441869	48.1046548
	14.1440769	48.1046351
	14.1440555	48.1047247
	14.144085	48.1047462
	14.1441789	48.1047677
	14.1441467	48.1048142
	14.1442003	48.1048304
	14.1443183	48.1048142
	14.1443371	48.1048393
	14.1442164	48.1049235
	14.1442835	48.1049647
	14.1442593	48.104988
	14.144203	48.1050148
	14.1441735	48.1050686
	14.144262	48.1050901
	14.1442432	48.1051993
	14.1443049	48.1052352
	14.1444122	48.1052459
	14.1446456	48.1052423
	14.1447716	48.1052047
	14.1448762	48.1052208
	14.1449379	48.1052638
	14.1448923	48.1053659
	14.1449648	48.1054447
	14.1450211	48.1055396
	14.1451632	48.1056829
	14.1452383	48.105708
	14.1455951	48.1056758
	14.1456594	48.1056829
	14.1457614	48.1056202
	14.1458955	48.1056381
	14.1459411	48.1057259
	14.1459357	48.1058602
	14.1462066	48.1059247
	14.1463032	48.1060411
	14.1463595	48.106034
	14.1465553	48.1061414
	14.1466331	48.1062113
	14.1467136	48.1063205
	14.1466492	48.1065247
	14.1465419	48.1065838
	14.1465285	48.1066125
	14.1464051	48.1066322
	14.1462951	48.1067701
	14.1460698	48.1068149
	14.1460484	48.1068346
	14.1460859	48.1068793
	14.1461288	48.1069331
	14.1461905	48.1071104
	14.1462281	48.1071766
	14.1462817	48.1072089
	14.1464829	48.107191
	14.1465204	48.1072214
	14.1467055	48.1072913
	14.1470193	48.1073844
	14.1471105	48.1073808
	14.1471481	48.1073719
	14.1471695	48.1073343
	14.1471534	48.107259
	14.1472634	48.1071946
	14.1472795	48.1071032
	14.1473144	48.1070889
	14.1474217	48.1071068
	14.1474592	48.1071534
	14.1475236	48.1071659
	14.1476496	48.1072035
	14.1477569	48.1072429
	14.1478454	48.1072877
	14.1479393	48.1073199
	14.1480091	48.1073898
	14.1480466	48.107431
	14.1480463	48.1075029
	14.1480868	48.1075098
	14.1481459	48.1074865
	14.1482129	48.1074757
	14.1483712	48.1074919
	14.1484624	48.1075205
	14.1484999	48.1075617
	14.148567	48.1075832
	14.148685	48.1077211
	14.1487198	48.1077713
	14.1487708	48.1077695
	14.1488674	48.1077337
	14.1493046	48.1077838
	14.1494843	48.1077999
	14.1496854	48.1078519
	14.1497954	48.1078357
	14.1499322	48.1078913
	14.1500073	48.1079629
	14.1503372	48.1080829
	14.1503158	48.1081151
	14.1506028	48.1082083
	14.1506725	48.1082978
	14.1507181	48.1083963
	14.1508039	48.1083981
	14.15104	48.1084912
	14.1511338	48.108613
	14.1511097	48.1086542
	14.1512143	48.1087778
	14.1513672	48.1088297
	14.1514879	48.1088351
	14.1515228	48.1088602
	14.1516622	48.1088978
	14.151909	48.1088673
	14.1520887	48.1088441
	14.1523569	48.1088136
	14.1524964	48.1088082
	14.1526117	48.1088297
	14.1525956	48.1088405
	14.1526842	48.1088727
	14.1527753	48.1089139
	14.152888	48.1089569
	14.1529095	48.1090088
	14.1529953	48.1089909
	14.1530221	48.1090214
	14.1531696	48.1090715
	14.1532581	48.1091414
	14.1533949	48.1091342
	14.1535586	48.1093831
	14.1535315	48.1094729
	14.1535851	48.1095607
	14.1536444	48.1095766
	14.1537624	48.1095658
	14.1537973	48.1095783
	14.1539019	48.1095515
	14.1539716	48.1095819
	14.1539958	48.1096195
	14.1539528	48.1097234
	14.1540092	48.109804
	14.1541352	48.1099007
	14.1540709	48.1099473
	14.1540601	48.1100225
	14.1541567	48.110087
	14.1543927	48.1101335
	14.1545322	48.1102267
	14.1547039	48.1103001
	14.1547977	48.1104183
	14.1548541	48.1105347
	14.1550096	48.1105616
	14.1551706	48.1106726
	14.1553074	48.11078
	14.1553395	48.1108821
	14.1553315	48.1110039
	14.1553449	48.111063
	14.1554281	48.1112278
	14.1554549	48.1112743
	14.1555085	48.1113388
	14.155597	48.1113836
	14.1556641	48.1114158
	14.155758	48.1115
	14.155876	48.1115036
	14.1560208	48.1115501
	14.1561335	48.1116737
	14.1561871	48.1116361
	14.1562032	48.1115806
	14.1562837	48.1114749
	14.156289	48.1114158
	14.1563507	48.1113746
	14.1564553	48.1113388
	14.1565436	48.1113516
	14.1566106	48.1112997
	14.1565868	48.11126
	14.1565546	48.111226
	14.1566297	48.1111633
	14.1567075	48.1111293
	14.1568013	48.1111132
	14.1568791	48.1111597
	14.1569971	48.1111955
	14.1571447	48.1112313
	14.1572922	48.1112367
	14.1573002	48.1112457
	14.1573619	48.1112833
	14.157496	48.1113263
	14.1576462	48.1113692
	14.1576865	48.111414
	14.1579708	48.1115537
	14.1581693	48.1116289
	14.1583838	48.1117453
	14.1585609	48.1118546
	14.1586065	48.1119226
	14.1587272	48.1119907
	14.1587996	48.1119978
	14.1589337	48.1120766
	14.1591912	48.1121483
	14.1592743	48.1121572
	14.1594111	48.1122038
	14.1594675	48.1122611
	14.1595882	48.1122951
	14.1596954	48.1123381
	14.1597866	48.112322
	14.1598457	48.1123041
	14.1601618	48.1123947
	14.1603022	48.1124621
	14.1603965	48.1125503
	14.1603915	48.1126222
	14.1603798	48.112826
	14.1603958	48.1128775
	14.1604392	48.1129145
	14.16048	48.1129469
	14.1603966	48.1131498
	14.1602255	48.1133274
	14.1598406	48.1135508
	14.159076	48.1140027
	14.1586059	48.1142287
	14.1584665	48.1143186
	14.158016	48.1147268
	14.1577036	48.1149263
	14.1572811	48.115047
	14.1562547	48.1153159
	14.1548452	48.1156673
	14.1540209	48.115953
	14.153716	48.1160792
	14.153182	48.1162696
	14.1526573	48.1164153
	14.1520453	48.1164523
	14.1511621	48.1165509
	14.1498559	48.1162968
	14.149007	48.116133
	14.1481568	48.1159737
	14.1476894	48.1159924
	14.1470984	48.116108
	14.1463983	48.1163393
	14.1454694	48.1165295
	14.1445391	48.1169361
	14.143709	48.117259
	14.1430801	48.1174595
	14.1422551	48.1175652
	14.1413832	48.1176273
	14.1408833	48.117733
	14.1401923	48.1179388
	14.1394144	48.1182199
	14.1386939	48.1178997
	14.1371949	48.1185244
	14.1369782	48.1185722
	14.136762	48.1184976
	14.1363643	48.1183228
	14.1361013	48.1181336
	14.1357409	48.118078
	14.1356465	48.1180772
	14.1353539	48.1182199
	14.1351142	48.1184309
	14.135005	48.1185912
	14.1349574	48.1187408
	14.1346949	48.1189478
	14.1344982	48.1190184
	14.1340595	48.1190708
	14.1336179	48.119088
	14.1335152	48.1190729
	14.1331354	48.1188216
	14.1328707	48.1188397
	14.1323377	48.1190846
	14.1321022	48.1191554
	14.1319031	48.1191854
	14.1317468	48.119251
	14.1315414	48.1192401
	14.1305769	48.1193188
	14.1288443	48.1193856
	14.1285902	48.1194295
	14.1283484	48.1194957
	14.1273864	48.1196664
	14.125969	48.1197533
	14.12515	48.1200013
	14.1243941	48.1203423
	14.1233079	48.1207893
	14.1209413	48.1218464
	14.1203735	48.1221615
	14.119785	48.122643
	14.119465	48.1229454
	14.1193802	48.1231339
	14.1193411	48.1233189
	14.119248	48.1236345
	14.1191311	48.1237813
	14.1190353	48.1238333
	14.1188116	48.1239135
	14.1181671	48.1240139
	14.1178345	48.1240027
	14.1175912	48.1240177
	14.1172895	48.1240927
	14.1172919	48.1241346
	14.1170263	48.1241597
	14.1159956	48.1244608
	14.1151461	48.1247394
	14.1147668	48.1248321
	14.1143294	48.1249018
	14.1133603	48.1251224
	14.1114758	48.1255694
	14.1102956	48.125896
	14.1100813	48.1259697
	14.1097999	48.1260727
	14.1093021	48.1263788
	14.1090006	48.1264816
	14.1078534	48.126886
	14.1073546	48.1269731
	14.1069774	48.1270749
	14.1066904	48.1272316
	14.1055961	48.1280913
	14.1050323	48.1284211
	14.1040989	48.1290235
	14.1035211	48.1295964
	14.1035069	48.1297988
	14.1032634	48.1297032
	14.103052	48.1296298
	14.1028533	48.1295196
	14.1025429	48.1293658
	14.1021892	48.1291547
	14.1017951	48.1289653
	14.1009046	48.1285938
	14.0996394	48.1283987
	14.0993546	48.1283956
	14.0989405	48.1283367
	14.0986135	48.1283328
	14.0979456	48.1283385
	14.0975315	48.1285825
	14.097407	48.1286604
	14.0969779	48.1288432
	14.0967129	48.1290604
	14.0965761	48.129224
	14.096214	48.1297356
	14.0959141	48.1302358
	14.0950767	48.1306748
	14.0937898	48.131601
	14.0920019	48.1327263
	14.0915448	48.1330686
	14.0904174	48.1335641
	14.0888046	48.1342742
	14.0883621	48.1344269
	14.0876352	48.1339748
	14.0871106	48.1337403
	14.0867973	48.1337103
	14.0865159	48.1336857
	14.0864145	48.1336591
	14.086032	48.1334536
	14.0856504	48.133138
	14.0854293	48.1326906
	14.0846754	48.1328322
	14.083338	48.1330719
	14.0829397	48.1330986
	14.0819398	48.1331877
	14.0820524	48.1336668
	14.0813843	48.1340343
	14.0810604	48.1341143
	14.0806488	48.1342999
	14.0801714	48.1337702
	14.0794971	48.133881
	14.0794542	48.133167
	14.0793914	48.1330306
	14.0794287	48.1323394
	14.0795481	48.1321061
	14.0797358	48.1311756
	14.0795296	48.1308983
	14.079621	48.1307683
	14.0795298	48.1301684
	14.0793574	48.1295777
	14.0796328	48.129481
	14.0795805	48.1290277
	14.0792659	48.1283585
	14.0791522	48.1280336
	14.0790816	48.1277323
	14.0789816	48.1275552
	14.0791675	48.1273545
	14.0790527	48.1268708
	14.0786506	48.1263183
	14.0785489	48.1256429
	14.0782461	48.1251146
	14.0795129	48.1249006
	14.0788009	48.1242385
	14.078149	48.1232332
	14.0780509	48.1232443
	14.077751	48.1233768
	14.0775066	48.1232452
	14.0776035	48.1231757
	14.0768495	48.122567
	14.0765244	48.1223809
	14.076434	48.1221647
	14.0760845	48.1221251
	14.0760231	48.1220565
	14.0758759	48.1221084
	14.0757219	48.1219192
	14.0752758	48.1215177
	14.074675	48.1207777
	14.0742024	48.1199544
	14.0741093	48.1194226
	14.0741037	48.1189521
	14.0736925	48.118075
	14.0734401	48.1174442
	14.0732883	48.1174431
	14.0719365	48.1178567
	14.07109	48.1182243
	14.0700844	48.1183737
	14.0694203	48.118241
	14.0682983	48.1178381
	14.0674773	48.1174775
	14.0664809	48.1184492
	14.0659725	48.1182066
	14.0657926	48.1181198
	14.0662491	48.1176931
	14.0668856	48.1171492
	14.0673153	48.1168953
	14.0677579	48.1165327
	14.0679548	48.1162847
	14.0676485	48.1161053
	14.0674205	48.1159408
	14.0670081	48.1155576
	14.0666776	48.1152838
	14.0665945	48.1150834
	14.0667392	48.1146948
	14.0671391	48.113855
	14.0672523	48.1133173
	14.0674374	48.1128884
	14.0675833	48.1127192
	14.0670967	48.1123857
	14.0672598	48.1122679
	14.0666837	48.1118239
	14.0661706	48.1114599
	14.0656347	48.1112288
	14.0653144	48.1110734
	14.0649942	48.1109581
	14.0646262	48.1107464
	14.0644813	48.1104043
	14.0645629	48.110366
	14.0645752	48.1100196
	14.0644663	48.1097413
	14.0641664	48.1094233
	14.063924	48.1092506
	14.0631933	48.1087971
	14.0625893	48.1084121
	14.0615593	48.1076505
	14.0596984	48.1082294
	14.0592403	48.1079794
	14.0588138	48.1076989
	14.058404	48.1075223
	14.0580188	48.1070853
	14.0575805	48.1063886
	14.0572302	48.1058387
	14.0567474	48.1049629
	14.0565221	48.1045065
	14.0564218	48.1040505
END
END
