7873012
1
	15.4366949	48.0908636
	15.4371178	48.0904745
	15.4376069	48.0897062
	15.4377514	48.0894152
	15.4379712	48.0891743
	15.4382454	48.0890308
	15.4385492	48.0886509
	15.4388472	48.0880459
	15.4396417	48.0864439
	15.43995	48.0857259
	15.4400521	48.0855264
	15.4401326	48.0854274
	15.4402746	48.0850612
	15.4402426	48.0849153
	15.4405714	48.0839444
	15.4406121	48.0836513
	15.4406744	48.0834624
	15.4407525	48.0832764
	15.4407954	48.0831582
	15.4408464	48.0830648
	15.4408991	48.082901
	15.4410479	48.0826202
	15.4409931	48.0822457
	15.4410145	48.08206
	15.4413583	48.0810453
	15.441494	48.0809599
	15.4415771	48.0808814
	15.4416666	48.0805658
	15.4417486	48.0800583
	15.4417644	48.0799102
	15.441667	48.0796506
	15.4415721	48.0789745
	15.4417562	48.0788924
	15.442055	48.0788888
	15.4424668	48.0789697
	15.4428948	48.0789895
	15.4438341	48.0791081
	15.4440871	48.0792322
	15.4442163	48.0793131
	15.444437	48.0793905
	15.445667	48.0795379
	15.4462161	48.079493
	15.4464234	48.07943
	15.4466845	48.078272
	15.447718	48.0783799
	15.4478849	48.0785093
	15.4479952	48.0789211
	15.4491095	48.0787125
	15.4498147	48.0793725
	15.450283	48.0800001
	15.4508967	48.0799749
	15.4515804	48.080009
	15.4521294	48.0801187
	15.4525332	48.0799857
	15.4540135	48.0798436
	15.4542854	48.0798346
	15.454681	48.079867
	15.4548237	48.079894
	15.4552059	48.080054
	15.4553889	48.0801925
	15.4562825	48.0804406
	15.4571411	48.0808704
	15.4581935	48.0813918
	15.4582715	48.0810718
	15.458678	48.0806222
	15.4590225	48.080295
	15.4592351	48.0800432
	15.4590252	48.0797393
	15.4590709	48.0796404
	15.4601045	48.079635
	15.4610277	48.0796836
	15.4622254	48.0797897
	15.4615337	48.0791585
	15.4614987	48.0788654
	15.4612511	48.0784392
	15.4610761	48.078182
	15.4611273	48.0781317
	15.4613964	48.078191
	15.4622335	48.0780921
	15.4623815	48.0781011
	15.4631136	48.0778674
	15.4632078	48.0768189
	15.4633809	48.0760174
	15.4637165	48.075713
	15.4643517	48.075026
	15.4645886	48.0745944
	15.4647985	48.0744199
	15.4648685	48.0744541
	15.465143	48.0743786
	15.465248	48.0741682
	15.4656948	48.0738876
	15.4657217	48.0738247
	15.4651484	48.0733445
	15.4664108	48.0726233
	15.4674201	48.0721539
	15.4677888	48.0721467
	15.4684913	48.0718752
	15.4688089	48.0720604
	15.4698586	48.0730639
	15.4701197	48.0728319
	15.4705826	48.072582
	15.470806	48.0725154
	15.4714197	48.0726899
	15.4717185	48.0726161
	15.4725932	48.0721737
	15.4728785	48.0722726
	15.4732015	48.0721144
	15.4735003	48.0718877
	15.4740036	48.0715766
	15.4743723	48.0714076
	15.4744531	48.0712547
	15.4744827	48.0711162
	15.4748756	48.0710371
	15.4753682	48.0708554
	15.4758231	48.0707295
	15.4767436	48.0706126
	15.4775107	48.0704543
	15.4781728	48.0704166
	15.4785684	48.0705083
	15.4786519	48.0703932
	15.4791444	48.0702943
	15.4795019	48.0701776
	15.4796504	48.0701648
	15.4798308	48.0702367
	15.4799923	48.0705533
	15.4799196	48.070814
	15.4799573	48.0710137
	15.4799923	48.0710532
	15.4802991	48.0710784
	15.4803449	48.0711432
	15.4804068	48.0714633
	15.4805548	48.0714543
	15.4825761	48.0712277
	15.4830149	48.0715316
	15.4833702	48.071814
	15.4839273	48.0722618
	15.4847267	48.0724651
	15.4848801	48.0726125
	15.4856391	48.0723158
	15.4866135	48.0722025
	15.487394	48.0723643
	15.4898864	48.0731934
	15.4903601	48.073188
	15.4927179	48.0737797
	15.4931431	48.0742725
	15.4937945	48.0746394
	15.4939748	48.0750422
	15.4948819	48.0761734
	15.4950245	48.0759144
	15.4949949	48.075481
	15.4957647	48.0749613
	15.4961442	48.0746699
	15.4962115	48.0745818
	15.495762	48.0744667
	15.4954713	48.0742005
	15.4953448	48.0742095
	15.4952695	48.0739344
	15.4953098	48.0737635
	15.4959235	48.0734362
	15.4962572	48.0730262
	15.4968951	48.0723859
	15.4970136	48.0721162
	15.4972881	48.0720244
	15.4974012	48.0720244
	15.4976003	48.0720604
	15.4980337	48.0719111
	15.4984428	48.0717996
	15.4987846	48.0717385
	15.4992745	48.0716216
	15.499689	48.0714327
	15.5004453	48.0712151
	15.5005368	48.0710982
	15.5004238	48.0709885
	15.5004803	48.0707313
	15.500491	48.0705658
	15.5004641	48.0703716
	15.500491	48.0699274
	15.5006418	48.0698356
	15.5009271	48.0697295
	15.5012608	48.0696648
	15.5014519	48.0695119
	15.5019499	48.0692241
	15.5023563	48.0690281
	15.5026227	48.0687223
	15.5028112	48.0684238
	15.5031584	48.0681072
	15.5035755	48.0679022
	15.5041569	48.0674003
	15.5042592	48.0673734
	15.5047302	48.0667888
	15.5047275	48.0663463
	15.5048648	48.0660046
	15.5047652	48.065911
	15.5050209	48.0654596
	15.5052147	48.0649991
	15.5051136	48.064903
	15.5049402	48.0647383
	15.5048163	48.0645278
	15.5046952	48.064267
	15.5047544	48.0638677
	15.5044207	48.0638209
	15.504418	48.0637508
	15.5050478	48.0635313
	15.5052847	48.0634882
	15.5054516	48.063481
	15.5055323	48.0630582
	15.5057799	48.0624359
	15.5061514	48.0614843
	15.5063371	48.0612091
	15.5071634	48.0606748
	15.5083961	48.0598779
	15.5095508	48.0597484
	15.5113649	48.0596332
	15.5119086	48.0597664
	15.5130713	48.0596494
	15.5136984	48.0594533
	15.5146539	48.0592537
	15.515456	48.0592968
	15.5160535	48.059358
	15.5169929	48.0593868
	15.5173132	48.0593742
	15.5190788	48.0594497
	15.5204973	48.0594929
	15.5207745	48.0594857
	15.5214016	48.0595523
	15.5214878	48.0597142
	15.521547	48.0602017
	15.5216815	48.0603708
	15.5220368	48.0601873
	15.5225132	48.0597142
	15.5227259	48.0593544
	15.5225751	48.0584028
	15.5235252	48.0577875
	15.5239936	48.0574745
	15.5246934	48.0570967
	15.5254362	48.0566506
	15.5270284	48.0564219
	15.5273228	48.0563968
	15.5277787	48.0564266
	15.5286092	48.0567846
	15.5292668	48.0571763
	15.5297048	48.057356
	15.5298019	48.0575879
	15.5300213	48.0576147
	15.53013	48.0578968
	15.5304744	48.0581575
	15.5309309	48.0585481
	15.5314756	48.0588656
	15.532106	48.0590499
	15.5331147	48.0593513
	15.5342882	48.0596677
	15.5353227	48.059954
	15.5361955	48.0602073
	15.5368223	48.0601861
	15.5374197	48.0601615
	15.538315	48.0600612
	15.5386288	48.061008
	15.5389955	48.0620409
	15.5401494	48.062894
	15.5403108	48.0632644
	15.5414813	48.063699
	15.543607	48.0644976
	15.5444892	48.0644584
	15.5456176	48.0641854
	15.5463394	48.0640176
	15.5467586	48.0638338
	15.547273	48.0635899
	15.5476252	48.0641474
	15.5486458	48.0644406
	15.5500212	48.0643178
	15.5510271	48.0642291
	15.5521394	48.0641725
	15.5533043	48.0640966
	15.5534856	48.064366
	15.5535977	48.0646971
	15.5541443	48.0646826
	15.5549353	48.0646007
	15.5550734	48.0645908
	15.5551941	48.0647106
	15.5551539	48.0651987
	15.5549412	48.0657047
	15.5548004	48.0660433
	15.5548465	48.0661763
	15.5539638	48.0665726
	15.5544286	48.066743
	15.5546035	48.0668701
	15.5547103	48.0670105
	15.5543919	48.0673732
	15.5542095	48.0675288
	15.5536811	48.0680386
	15.5530865	48.0684395
	15.5527804	48.0688887
	15.552193	48.0693251
	15.551574	48.0698132
	15.5515096	48.0703122
	15.5530891	48.0705355
	15.5543144	48.0707027
	15.5547658	48.0707584
	15.5555624	48.0709074
	15.5560943	48.07103
	15.5564591	48.0707355
	15.5566289	48.0704496
	15.5566951	48.070295
	15.5567941	48.0701611
	15.5572187	48.0699006
	15.5574263	48.0698542
	15.5579517	48.069785
	15.5582969	48.0697162
	15.5583809	48.0697096
	15.5585061	48.0698981
	15.558684	48.0704534
	15.5587765	48.0707007
	15.5587953	48.0712638
	15.5585932	48.0716347
	15.558552	48.0721352
	15.5586403	48.0727098
	15.5586687	48.0731625
	15.5585719	48.073739
	15.5583954	48.0743249
	15.5578431	48.0742051
	15.5574302	48.0742755
	15.5573192	48.0744143
	15.5564195	48.075006
	15.5562173	48.0752076
	15.5561746	48.0753864
	15.5562515	48.0755519
	15.5559212	48.0756737
	15.5555966	48.0756946
	15.5550016	48.0757003
	15.5548478	48.0756965
	15.5544891	48.0756604
	15.5542101	48.0756509
	15.5540193	48.0756946
	15.5541446	48.0759267
	15.5542471	48.0761968
	15.5542528	48.0765221
	15.5535638	48.0762805
	15.5527011	48.0761226
	15.552348	48.0757441
	15.5519039	48.0753807
	15.5508533	48.074713
	15.5507223	48.074675
	15.5502041	48.0748443
	15.5496033	48.075337
	15.5489656	48.0759172
	15.5495151	48.0761892
	15.5496717	48.0763338
	15.5498966	48.0763471
	15.5502411	48.0763357
	15.5506255	48.0764498
	15.5508447	48.0766762
	15.5523708	48.0771556
	15.5529829	48.0771366
	15.5531111	48.0772088
	15.5535865	48.0772279
	15.5540392	48.0773249
	15.5546201	48.0776616
	15.5549674	48.0777567
	15.5553774	48.0779831
	15.555944	48.0781847
	15.5560892	48.0782741
	15.556596	48.0783749
	15.5569063	48.0784929
	15.5567754	48.0786412
	15.5564992	48.0787668
	15.5555909	48.0792252
	15.5549788	48.0792671
	15.5544948	48.0794326
	15.5536663	48.079676
	15.5534442	48.079773
	15.5529488	48.079891
	15.552385	48.0801345
	15.551827	48.0802847
	15.5511123	48.0803989
	15.5506055	48.0804008
	15.5505628	48.0804445
	15.5506169	48.0810285
	15.5509785	48.0816486
	15.5510753	48.0818521
	15.5511038	48.0821222
	15.5512348	48.0821374
	15.5518213	48.0823029
	15.5520007	48.0825825
	15.552553	48.0831531
	15.5525986	48.0832596
	15.552852	48.0833205
	15.5538956	48.0835365
	15.5547286	48.0836836
	15.5549792	48.0837128
	15.5551102	48.083738
	15.5552139	48.0837778
	15.5555671	48.0840994
	15.5558214	48.0843276
	15.5560448	48.0845541
	15.5561142	48.0846965
	15.5561797	48.0847717
	15.5565012	48.0851662
	15.5568617	48.0857166
	15.5571793	48.0862727
	15.5572944	48.0865176
	15.5576516	48.0872146
	15.5579092	48.0876571
	15.5581695	48.0879012
	15.5582904	48.0880311
	15.5583325	48.08814
	15.5584297	48.0886896
	15.5584324	48.0888775
	15.5583772	48.0891304
	15.5582852	48.0894728
	15.5582089	48.089731
	15.5581511	48.0898627
	15.557996	48.0900207
	15.5577541	48.0902051
	15.5575149	48.0903877
	15.5574334	48.0904491
	15.5572547	48.0906862
	15.5571469	48.0909373
	15.5570207	48.0911954
	15.5568892	48.0913991
	15.5566001	48.0918012
	15.5563346	48.0921155
	15.556232	48.0923526
	15.5560138	48.0925966
	15.5557746	48.0928021
	15.5553125	48.0931712
	15.5552121	48.0933112
	15.5545056	48.0946584
	15.5543239	48.0950014
	15.5542344	48.0952692
	15.5541277	48.0957548
	15.5541046	48.0961402
	15.5542142	48.0961941
	15.5542921	48.0966855
	15.5542085	48.0970766
	15.5538739	48.0979901
	15.5536026	48.0986195
	15.5534761	48.0990718
	15.5533965	48.0994561
	15.5533537	48.1000882
	15.5533312	48.100219
	15.5531599	48.1002762
	15.5525356	48.1003648
	15.55174	48.1004588
	15.5510402	48.1005215
	15.550418	48.1005487
	15.5495714	48.1005187
	15.5492021	48.1005651
	15.548871	48.1007539
	15.5488252	48.1006536
	15.5469502	48.1005945
	15.546841	48.100624
	15.5466993	48.1006023
	15.5463538	48.1005018
	15.5458371	48.1004663
	15.5454946	48.1004702
	15.5450901	48.1004052
	15.5450162	48.1005038
	15.5448302	48.1005176
	15.5444611	48.1005885
	15.5440241	48.1007562
	15.5433244	48.1009198
	15.5424267	48.1011446
	15.5415941	48.1014522
	15.5408677	48.1016691
	15.5398609	48.1021424
	15.5390135	48.1024835
	15.5374308	48.1030297
	15.5369111	48.103148
	15.536111	48.1021877
	15.5356002	48.1015548
	15.5350155	48.1009494
	15.5346524	48.1010263
	15.5339762	48.1013832
	15.5334713	48.101748
	15.5332587	48.1020378
	15.5330845	48.1021857
	15.5327656	48.1024381
	15.5325323	48.1025466
	15.5322814	48.1026116
	15.5319949	48.1029666
	15.5318768	48.103217
	15.5315196	48.1034733
	15.5317026	48.1037415
	15.5318207	48.104191
	15.5319064	48.1043074
	15.5320274	48.1043803
	15.5320629	48.1044572
	15.532054	48.104749
	15.531992	48.1049186
	15.5318975	48.1050822
	15.5317322	48.1052479
	15.531555	48.1054076
	15.5313306	48.1055614
	15.5312302	48.1056994
	15.5310944	48.1059301
	15.5309202	48.1059853
	15.5308906	48.1059025
	15.5305836	48.1059813
	15.5301968	48.1061331
	15.5300698	48.1062436
	15.5296653	48.1064269
	15.5294556	48.1064407
	15.5290246	48.1062988
	15.5288549	48.1061469
	15.528747	48.1060503
	15.5287542	48.1059633
	15.5287647	48.1058374
	15.52862	48.105798
	15.5280856	48.1057822
	15.527684	48.1058078
	15.5274508	48.1057309
	15.5271467	48.1058137
	15.5268543	48.1057171
	15.5265443	48.1057092
	15.5263731	48.1057151
	15.5261959	48.1062436
	15.5257855	48.1062179
	15.525192	48.1060484
	15.5252363	48.1056166
	15.5249676	48.1055456
	15.5244509	48.1056718
	15.5241704	48.1056974
	15.5239164	48.1057388
	15.5233643	48.1061115
	15.5228446	48.1063717
	15.5222039	48.1066517
	15.5218879	48.1068291
	15.5217196	48.1070657
	15.5210435	48.1073674
	15.5203171	48.107531
	15.5193516	48.1076828
	15.5185544	48.1077854
	15.5178516	48.1079549
	15.517577	48.1081087
	15.5174914	48.1083275
	15.5173349	48.1084458
	15.5172493	48.1084399
	15.5171341	48.1085405
	15.5167946	48.1090215
	15.5168182	48.1091536
	15.5166174	48.109335
	15.515584	48.1090137
	15.5155419	48.108992
	15.5150968	48.1087633
	15.5152238	48.1086943
	15.5149344	48.1083926
	15.5147425	48.1079155
	15.5142671	48.1074561
	15.514025	48.1073063
	15.5138921	48.107466
	15.5137976	48.1077321
	15.5135762	48.1078169
	15.5132219	48.1080022
	15.5133134	48.108225
	15.5129118	48.1084872
	15.5128351	48.1084399
	15.5128528	48.1083709
	15.5127317	48.1083098
	15.5124807	48.1083768
	15.5125221	48.1084537
	15.5124896	48.1085326
	15.5122977	48.1087041
	15.5119965	48.1087376
	15.5119256	48.1087968
	15.5119611	48.1088796
	15.511905	48.1089683
	15.5117514	48.108988
	15.5116422	48.1089584
	15.5112731	48.1091517
	15.5110782	48.1091595
	15.510656	48.1092266
	15.5104198	48.1093153
	15.5099414	48.1097017
	15.5097997	48.1098437
	15.5095015	48.1099521
	15.5091531	48.1100369
	15.5089995	48.110031
	15.5084799	48.1102419
	15.5084356	48.1103405
	15.5082289	48.1104469
	15.5080576	48.110514
	15.5079395	48.1106382
	15.5079189	48.110792
	15.5065193	48.1111705
	15.5061738	48.1114307
	15.5057841	48.1123277
	15.5057162	48.1126471
	15.5055124	48.112655
	15.5054475	48.1127338
	15.505601	48.1129132
	15.505415	48.113069
	15.5051906	48.1131064
	15.5048983	48.1131281
	15.5038383	48.1129093
	15.5034603	48.1127792
	15.5031473	48.1126983
	15.5028845	48.1126767
	15.5026395	48.1126195
	15.5026985	48.1123593
	15.5025922	48.1122528
	15.5024475	48.1121917
	15.5023088	48.11217
	15.5020873	48.1121661
	15.5019308	48.11217
	15.501299	48.1123277
	15.5011129	48.1124835
	15.5009151	48.1125722
	15.500298	48.1126668
	15.4995067	48.1128817
	15.499362	48.1130157
	15.4989043	48.1129566
	15.4984437	48.1128896
	15.497741	48.112722
	15.4976937	48.1128107
	15.4975559	48.1127833
	15.4965924	48.1125919
	15.4959812	48.112582
	15.495556	48.1124677
	15.4952342	48.1124618
	15.4951102	48.1124716
	15.4941712	48.1127161
	15.4937874	48.1129112
	15.4936342	48.1129702
	15.4933622	48.1130749
	15.4932677	48.1131734
	15.4929016	48.1136643
	15.4928537	48.1137742
	15.4928277	48.1138339
	15.492937	48.1138871
	15.4929695	48.1139994
	15.4927598	48.1142242
	15.4924557	48.1146421
	15.4919685	48.1146677
	15.4915788	48.1147367
	15.4912969	48.1147346
	15.4911942	48.1147144
	15.4912448	48.1144626
	15.4911987	48.1142437
	15.491142	48.1140697
	15.4911255	48.1138697
	15.4911433	48.1133671
	15.4909759	48.1128799
	15.4907472	48.1123789
	15.4906302	48.1122635
	15.4902806	48.1121773
	15.4899217	48.1121598
	15.4896645	48.1121867
	15.4895133	48.1122045
	15.4893115	48.1122033
	15.4880865	48.1121813
	15.4878776	48.1121482
	15.4873837	48.1121275
	15.4870126	48.1121618
	15.4864473	48.112191
	15.4859516	48.1122066
	15.4849813	48.1121844
	15.4844088	48.1121831
	15.4843171	48.112225
	15.4841009	48.1122314
	15.4838924	48.1121776
	15.4837967	48.1121392
	15.4834982	48.1119665
	15.4828012	48.1116957
	15.4816982	48.1116266
	15.4814182	48.1116535
	15.4809012	48.1117018
	15.4804044	48.1116992
	15.4800257	48.1116904
	15.4791212	48.1117294
	15.4787078	48.1117244
	15.4782562	48.1116973
	15.4777417	48.1116391
	15.4773851	48.1115359
	15.4770671	48.111365
	15.4763833	48.1109745
	15.4760708	48.1107694
	15.4757038	48.1104726
	15.4755358	48.1103207
	15.4750974	48.1099933
	15.4752571	48.1098444
	15.4751254	48.1097479
	15.4749658	48.1096469
	15.4743539	48.109349
	15.473553	48.1089963
	15.473397	48.1091227
	15.4726255	48.1089497
	15.4720799	48.1088704
	15.4717344	48.1087376
	15.4713501	48.1085604
	15.4710223	48.1082894
	15.4713081	48.1082047
	15.4711989	48.1080426
	15.4711473	48.1079195
	15.471296	48.1076796
	15.4709337	48.1076133
	15.4708363	48.1075392
	15.4709331	48.1074232
	15.4711141	48.1070822
	15.47112	48.1064445
	15.4712656	48.1058702
	15.470916	48.105879
	15.4703701	48.105935
	15.4699914	48.1058735
	15.4697535	48.1058607
	15.4694259	48.1060222
	15.4689576	48.1062585
	15.468806	48.1064408
	15.4684365	48.1067339
	15.4678825	48.1065027
	15.4673431	48.1063056
	15.4665106	48.1057312
	15.4663943	48.1056784
	15.4657247	48.105396
	15.4653721	48.1052686
	15.4649337	48.1051512
	15.4646961	48.1051114
	15.4636839	48.1050359
	15.4631879	48.1049746
	15.4624866	48.1048396
	15.4619386	48.1047626
	15.4614259	48.1046368
	15.4609549	48.1044783
	15.4604942	48.104343
	15.4600211	48.104212
	15.4593353	48.1040639
	15.4584701	48.1038373
	15.4573507	48.1035097
	15.4567221	48.1033469
	15.4551418	48.1029143
	15.4546221	48.1026984
	15.4543743	48.1026351
	15.4540485	48.1025805
	15.4530806	48.1024831
	15.4514014	48.1023184
	15.4504522	48.1022681
	15.4494631	48.1022124
	15.4479234	48.1021221
	15.4472428	48.1019862
	15.4464117	48.1017858
	15.4453442	48.1016923
	15.4449207	48.1016772
	15.4441353	48.101639
	15.4435217	48.1015586
	15.442824	48.1014585
	15.4415741	48.1013238
	15.4411745	48.1012165
	15.4406007	48.1011638
	15.4396563	48.1009657
	15.4392548	48.100819
	15.4385711	48.1007343
	15.4388946	48.1004425
	15.4394332	48.0998582
	15.4398588	48.0993339
	15.4399642	48.0990564
	15.4401206	48.09884
	15.4401928	48.0986772
	15.4403886	48.098449
	15.4405452	48.0983952
	15.4406678	48.0982659
	15.4407493	48.0981364
	15.4407356	48.0980382
	15.4406203	48.0979245
	15.4406147	48.0976465
	15.4406689	48.0975128
	15.4407547	48.0973185
	15.4408196	48.0971984
	15.440991	48.0971474
	15.4410366	48.0970322
	15.4410312	48.0968617
	15.4409548	48.0966594
	15.4410044	48.096555
	15.4411814	48.0963882
	15.4413268	48.0962161
	15.4414145	48.0961003
	15.4415451	48.095894
	15.4413598	48.0957533
	15.4413349	48.0956401
	15.4413365	48.0955513
	15.4414641	48.0955
	15.4417195	48.0952933
	15.4417892	48.0951985
	15.4421068	48.0951448
	15.4423697	48.0951484
	15.4425306	48.0950903
	15.4426237	48.0948302
	15.4428404	48.0946971
	15.4432148	48.0945131
	15.4439476	48.0941561
	15.4442037	48.0941439
	15.4445991	48.0941038
	15.4447724	48.0940255
	15.4449373	48.0939293
	15.4449743	48.0937659
	15.4450685	48.0936394
	15.4453519	48.093447
	15.445503	48.0933974
	15.4458245	48.0933453
	15.4459567	48.0933041
	15.446132	48.0931868
	15.4461675	48.0931122
	15.4461732	48.0929148
	15.446164	48.0928168
	15.4460533	48.0927331
	15.4457205	48.0925877
	15.4454833	48.0924919
	15.4451472	48.0926617
	15.4449967	48.092626
	15.4450614	48.0924895
	15.4447379	48.0924297
	15.444403	48.0923912
	15.444058	48.092368
	15.4439528	48.0924098
	15.443948	48.0925256
	15.4436867	48.092433
	15.4436086	48.0924589
	15.4435839	48.0925528
	15.4434708	48.0925468
	15.4433407	48.0924889
	15.4432599	48.092425
	15.443306	48.0923398
	15.4433925	48.0923509
	15.4433874	48.092251
	15.4428865	48.0919217
	15.4427618	48.0919652
	15.4425079	48.0917256
	15.4423837	48.0917962
	15.4422522	48.0917654
	15.4420988	48.0917237
	15.4419858	48.0916806
	15.4417985	48.0916301
	15.4415996	48.0915751
	15.4414124	48.0915099
	15.4412171	48.0913848
	15.4408671	48.0913377
	15.4407756	48.0914195
	15.440661	48.0914465
	15.4405462	48.0913971
	15.440439	48.0913125
	15.4397981	48.0914618
	15.4396506	48.0914258
	15.439118	48.0913965
	15.4387343	48.0914042
	15.4381666	48.0913539
	15.4380497	48.0912601
	15.4378119	48.0911609
	15.4376236	48.0912622
	15.4374414	48.0911918
	15.4371736	48.091048
	15.4370859	48.0910917
	15.4369231	48.0910885
	15.4366965	48.0909957
	15.4366949	48.0908636
END
END
