7873648
1
	12.1624246	47.701167
	12.1628317	47.699144
	12.1634412	47.6961162
	12.164735	47.6900629
	12.1648039	47.6897547
	12.1651776	47.6886695
	12.1652808	47.688365
	12.1655081	47.6876718
	12.165956	47.6864046
	12.1662409	47.6855823
	12.1665987	47.6844599
	12.1668959	47.6836474
	12.1672944	47.6824158
	12.1675922	47.6818889
	12.1679344	47.6813054
	12.1683802	47.680558
	12.1689652	47.6796639
	12.1694558	47.6789682
	12.1699176	47.6783596
	12.1702482	47.6779543
	12.1708107	47.6773044
	12.1712126	47.676871
	12.1719435	47.6761528
	12.1725843	47.6756033
	12.1732999	47.675016
	12.1739733	47.6745082
	12.1748234	47.6738782
	12.1757305	47.673245
	12.1762765	47.672848
	12.1771947	47.6722185
	12.1784166	47.6713973
	12.1790805	47.6709379
	12.1792916	47.6707807
	12.1796927	47.6704845
	12.1800835	47.6701523
	12.180697	47.6696425
	12.1813146	47.6691159
	12.1814111	47.6690183
	12.1815494	47.6688784
	12.1820203	47.6683046
	12.1822372	47.668039
	12.1826241	47.6674263
	12.183153	47.6664982
	12.1832424	47.6663074
	12.1834212	47.66585
	12.183586	47.6654359
	12.1837354	47.6649369
	12.1839043	47.6643898
	12.1840231	47.6639618
	12.1841325	47.6634532
	12.1842314	47.6629373
	12.1842752	47.6625593
	12.1842853	47.6621526
	12.1842862	47.6618522
	12.1844733	47.660956
	12.1846892	47.6603276
	12.1848997	47.6598506
	12.1849988	47.6596885
	12.1851507	47.65946
	12.1852434	47.6593611
	12.185734	47.6587766
	12.1861384	47.6582572
	12.1862839	47.6580711
	12.1866191	47.6576129
	12.1868463	47.6573324
	12.1877133	47.6579089
	12.1880751	47.6581545
	12.1884308	47.6583948
	12.1882572	47.6586517
	12.1881188	47.6588672
	12.1879583	47.6591158
	12.187858	47.659288
	12.1877102	47.6595044
	12.1876328	47.6597036
	12.1875558	47.6598632
	12.1875043	47.6599906
	12.1874622	47.66033
	12.1872033	47.6606866
	12.1871895	47.6609464
	12.1872294	47.6612305
	12.187301	47.661509
	12.1873621	47.6618723
	12.1872941	47.6620606
	12.1872361	47.6622372
	12.187334	47.6626797
	12.1873808	47.6628682
	12.1875412	47.6632383
	12.1877087	47.6635952
	12.1880606	47.663502
	12.1883456	47.6634431
	12.1884045	47.6633288
	12.1883301	47.6632045
	12.1882831	47.6631937
	12.188173	47.6629614
	12.1882334	47.6628282
	12.1884665	47.6626462
	12.1886521	47.6625562
	12.1891231	47.6624177
	12.1893607	47.6623667
	12.1896296	47.662362
	12.1900023	47.6622535
	12.1902296	47.6621444
	12.1905314	47.6620809
	12.1907647	47.6620702
	12.1909125	47.6620306
	12.1911635	47.6618615
	12.1912255	47.6619657
	12.191215	47.6621861
	12.1912846	47.6622547
	12.1914581	47.6623569
	12.1915914	47.6625285
	12.1918548	47.6626584
	12.192008	47.6627122
	12.192151	47.6627374
	12.1922909	47.6627362
	12.1924124	47.6628111
	12.1924482	47.6628916
	12.1925132	47.6630493
	12.1925537	47.6631905
	12.1925486	47.6632848
	12.192517	47.6634404
	12.192629	47.6634702
	12.1926828	47.6635346
	12.1928627	47.6635256
	12.1929888	47.663459
	12.1933563	47.6633107
	12.1935191	47.6632843
	12.1936805	47.6632314
	12.1939391	47.6633235
	12.1941951	47.6633954
	12.1945414	47.6634612
	12.194595	47.66351
	12.1948688	47.6635026
	12.1955526	47.6632914
	12.1961303	47.6632629
	12.1964413	47.6633002
	12.1966872	47.6633783
	12.1968847	47.6634571
	12.197183	47.6635441
	12.1974626	47.6633154
	12.1976263	47.6628273
	12.1980305	47.662834
	12.1977902	47.6630462
	12.1978093	47.6631901
	12.1977409	47.6632812
	12.197769	47.663459
	12.1976868	47.6637116
	12.1976187	47.6638042
	12.1975351	47.6639502
	12.1974898	47.664148
	12.197332	47.6643837
	12.1973727	47.6645268
	12.1974104	47.6646321
	12.1974067	47.6647965
	12.1973478	47.6650076
	12.1972889	47.6650863
	12.1973059	47.6651437
	12.1972842	47.6652103
	12.1974401	47.6653274
	12.1975717	47.6654654
	12.1975912	47.6656028
	12.1975362	47.6658325
	12.1975346	47.6659099
	12.1976697	47.6661382
	12.1976821	47.6663987
	12.1976239	47.6664844
	12.1974865	47.6667937
	12.1972987	47.6670393
	12.1972186	47.6673046
	12.1973704	47.6675626
	12.1974477	47.6677951
	12.1975477	47.6679563
	12.1973863	47.6682104
	12.1974127	47.6683244
	12.1975194	47.668528
	12.1975732	47.6687055
	12.1977224	47.6688883
	12.1978085	47.6690415
	12.1978594	47.6692405
	12.1978207	47.6693019
	12.1977812	47.6695099
	12.1978114	47.6696354
	12.1977446	47.6696865
	12.1976919	47.669701
	12.1975603	47.6697877
	12.1974826	47.6698828
	12.1973868	47.6700472
	12.1973556	47.6701235
	12.1972031	47.6702007
	12.1971262	47.6703159
	12.1971032	47.6703887
	12.1970498	47.6705239
	12.1970522	47.6706605
	12.1970624	47.6706979
	12.1971113	47.6707472
	12.197206	47.6707989
	12.1972079	47.6708169
	12.1973849	47.6708635
	12.1976831	47.6708872
	12.1980021	47.6709856
	12.1983319	47.6711782
	12.19859	47.6711833
	12.1987318	47.6712364
	12.1988749	47.6711931
	12.198961	47.6711338
	12.1993928	47.6711233
	12.1995544	47.671196
	12.1997305	47.6711901
	12.1999442	47.6712619
	12.2000398	47.6712296
	12.2001752	47.6712141
	12.2002232	47.6712405
	12.2003655	47.6712368
	12.2005216	47.6712118
	12.2006899	47.6711621
	12.2007848	47.6711086
	12.2009119	47.6711049
	12.2010085	47.6710577
	12.2012406	47.6710632
	12.2013917	47.6710495
	12.2014745	47.6709883
	12.2017337	47.6709684
	12.2019934	47.6709414
	12.2020775	47.6711417
	12.2021877	47.6713864
	12.202542	47.6716307
	12.202936	47.671945
	12.203213	47.671984
	12.2035865	47.6720951
	12.2039694	47.6723091
	12.2044163	47.6725728
	12.2046292	47.6727888
	12.2049218	47.672634
	12.2052277	47.6724541
	12.2056923	47.6722682
	12.2061334	47.6722233
	12.2066253	47.6721861
	12.2069919	47.6720903
	12.2075171	47.6720315
	12.2079121	47.6720461
	12.2082303	47.672041
	12.2085235	47.6720344
	12.2091814	47.6721681
	12.2096186	47.6723788
	12.2098931	47.6726482
	12.2101686	47.673077
	12.2101124	47.6732694
	12.2101168	47.6734458
	12.2104638	47.6735884
	12.2108697	47.6736913
	12.2110095	47.6736837
	12.2113622	47.6736494
	12.2115009	47.6735314
	12.2119244	47.6736495
	12.2123378	47.6737333
	12.2131852	47.6737667
	12.2136301	47.673729
	12.2137974	47.6738086
	12.2140963	47.6740601
	12.2143563	47.6742457
	12.2145025	47.6742873
	12.2146486	47.6744838
	12.2147179	47.6746235
	12.2147369	47.6747403
	12.2146928	47.6748099
	12.21474	47.674928
	12.2148206	47.6750377
	12.2148377	47.6752165
	12.2148912	47.6753885
	12.2149471	47.6754586
	12.2149714	47.6756403
	12.2149008	47.6757694
	12.2146282	47.6760802
	12.2149011	47.6767515
	12.2148926	47.6768079
	12.2143173	47.6767024
	12.2136142	47.6768271
	12.2135427	47.6770833
	12.2133564	47.677324
	12.2135049	47.6776297
	12.2131605	47.6779408
	12.2129535	47.6782505
	12.212758	47.678368
	12.2127071	47.6784566
	12.2123732	47.6786035
	12.2119221	47.6787217
	12.2116639	47.678842
	12.2113826	47.6789821
	12.2110397	47.6790876
	12.2110415	47.679233
	12.210733	47.679385
	12.2106557	47.6794061
	12.2106132	47.6799268
	12.210215	47.6801337
	12.2098705	47.6802861
	12.2094651	47.6804591
	12.2091224	47.6805543
	12.2090342	47.6807878
	12.2089969	47.6809196
	12.2091995	47.6811457
	12.2093102	47.6812585
	12.209759	47.6815496
	12.2101415	47.6818656
	12.2108473	47.6822483
	12.2111059	47.6824672
	12.2115705	47.6826409
	12.2118681	47.6829387
	12.2122568	47.6833394
	12.2124673	47.6833911
	12.2127559	47.6838307
	12.2127654	47.6839912
	12.2128543	47.684244
	12.2129318	47.6843501
	12.2130555	47.6844907
	12.2131028	47.6846442
	12.2133663	47.6848078
	12.2135981	47.6849482
	12.2138431	47.6850251
	12.2140263	47.6850789
	12.2141994	47.6851381
	12.2144041	47.6850835
	12.2145277	47.6850963
	12.214809	47.6850064
	12.2149755	47.6850712
	12.2151755	47.6851176
	12.2153569	47.6852529
	12.2155396	47.6853195
	12.215647	47.6853044
	12.2157339	47.6853741
	12.2159914	47.6854262
	12.2161455	47.6854268
	12.2162653	47.6854435
	12.2164735	47.6855012
	12.2167243	47.6854415
	12.2169484	47.6854302
	12.2170921	47.6853429
	12.2172267	47.6853607
	12.2173302	47.6853325
	12.2177886	47.6853415
	12.2179261	47.6853242
	12.2181105	47.6853376
	12.2183172	47.6853281
	12.218399	47.6852723
	12.2185312	47.6850154
	12.2186679	47.6847516
	12.2187039	47.6846064
	12.2187937	47.6844914
	12.2189313	47.6844183
	12.2190179	47.6843031
	12.2195932	47.6841466
	12.2200205	47.6840341
	12.2201907	47.6838842
	12.2203723	47.6838253
	12.2206039	47.6837911
	12.2208344	47.6837013
	12.220966	47.6836541
	12.22132	47.6832922
	12.2215121	47.6833522
	12.221967	47.6837738
	12.2223622	47.6841504
	12.2225372	47.6842962
	12.2229007	47.6845448
	12.2230912	47.6847677
	12.2232862	47.6850229
	12.223607	47.6849748
	12.2237607	47.6849965
	12.2238498	47.6849086
	12.2240439	47.6847973
	12.2242816	47.6847384
	12.2245864	47.6845195
	12.2248234	47.6844147
	12.2251066	47.6843248
	12.2253931	47.6841781
	12.2256918	47.683965
	12.2257985	47.6837442
	12.2258868	47.6833454
	12.2264575	47.6828092
	12.2267361	47.6825478
	12.2270625	47.6825428
	12.2277996	47.6825933
	12.2282889	47.6826244
	12.2286765	47.6827217
	12.2288042	47.6825537
	12.2289454	47.6825456
	12.2293402	47.6826708
	12.2296223	47.6827564
	12.2299861	47.6829331
	12.2301283	47.6831408
	12.2306546	47.6833128
	12.2310923	47.6834536
	12.2314589	47.6836115
	12.2316892	47.6837482
	12.23174	47.6840037
	12.2319019	47.684219
	12.2316422	47.6845396
	12.2315256	47.6846767
	12.2317757	47.684804
	12.2321032	47.684847
	12.2323403	47.6847416
	12.2326581	47.6846617
	12.2329667	47.6845939
	12.234079	47.6846579
	12.2340994	47.6845685
	12.2344135	47.6842192
	12.2345583	47.6841171
	12.2343377	47.683955
	12.233632	47.6836762
	12.2332522	47.683413
	12.2336053	47.6832564
	12.2342601	47.6830416
	12.2347233	47.6830098
	12.23491	47.682947
	12.2351537	47.6828585
	12.2352778	47.6831303
	12.2357625	47.6834446
	12.2360165	47.6836028
	12.2363655	47.6840614
	12.2367364	47.6846558
	12.2369273	47.684958
	12.2371184	47.685108
	12.2374047	47.6853072
	12.2374991	47.6854144
	12.2376889	47.6854858
	12.2379209	47.6856765
	12.237549	47.6859634
	12.2371986	47.6863388
	12.2370536	47.6865489
	12.2368508	47.6868361
	12.2364608	47.6872536
	12.2365416	47.6873436
	12.2365401	47.6875777
	12.236793	47.6877141
	12.2371785	47.68791
	12.2371903	47.6881026
	12.2370815	47.6883154
	12.2367839	47.6886213
	12.2371287	47.6889659
	12.2371876	47.6891019
	12.2372218	47.6892762
	12.2374536	47.6894841
	12.237773	47.6897713
	12.2381695	47.6898842
	12.2383962	47.6899549
	12.2387164	47.6901465
	12.2391949	47.6902805
	12.239709	47.6903233
	12.2399616	47.690294
	12.240133	47.6902573
	12.2406409	47.6902292
	12.2410449	47.6904049
	12.2413953	47.690654
	12.241693	47.6908289
	12.2419096	47.6908809
	12.2421943	47.6910356
	12.2424003	47.6911292
	12.2425155	47.6914505
	12.2428139	47.691556
	12.2431454	47.6916671
	12.2429915	47.6918979
	12.2426415	47.6923991
	12.2426169	47.6924344
	12.2424259	47.692708
	12.2422728	47.6929272
	12.2412609	47.6943766
	12.2415587	47.6952472
	12.2417325	47.6957562
	12.242441	47.6978316
	12.2428234	47.6989518
	12.2428988	47.6991726
	12.243358	47.7005178
	12.2435367	47.7010411
	12.2439927	47.7023755
	12.2440513	47.7025465
	12.2445409	47.7039789
	12.2446264	47.7042293
	12.2446963	47.7044334
	12.2447471	47.7045821
	12.244826	47.704813
	12.2451261	47.7056909
	12.2453787	47.7064304
	12.245743	47.7074978
	12.2458702	47.70787
	12.2458763	47.7078885
	12.2461328	47.7086392
	12.2462414	47.7089574
	12.2466034	47.7100176
	12.2466962	47.710289
	12.2467827	47.7105425
	12.2469234	47.7109573
	12.2469883	47.7109512
	12.2470544	47.7109307
	12.247097	47.7109262
	12.2471394	47.710869
	12.2471987	47.7108496
	12.247226	47.7108143
	12.2472583	47.710804
	12.247382	47.7107973
	12.24747	47.7109277
	12.2474782	47.7109848
	12.2475289	47.7110202
	12.2475374	47.7110615
	12.2475645	47.7110775
	12.2475523	47.7111368
	12.2475728	47.7111677
	12.247615	47.7111883
	12.2476199	47.7112353
	12.2475706	47.7112683
	12.2475165	47.711298
	12.2474656	47.7113174
	12.2474636	47.7113734
	12.2474958	47.7114077
	12.2475482	47.71145
	12.2475967	47.7114752
	12.2476431	47.7115005
	12.2476701	47.7115016
	12.2477212	47.7114914
	12.2477702	47.7114926
	12.2478719	47.7114835
	12.2479388	47.7114824
	12.2480026	47.7114813
	12.2480483	47.7114894
	12.2481109	47.7115044
	12.2482059	47.7115066
	12.2482398	47.711501
	12.2483991	47.7115365
	12.2484889	47.7115446
	12.2485093	47.711555
	12.248538	47.7115493
	12.248655	47.7115723
	12.2486956	47.7115952
	12.2487193	47.7116535
	12.2487549	47.7116832
	12.2487885	47.711746
	12.2488188	47.7117644
	12.2488427	47.7117645
	12.2489123	47.7117531
	12.2490055	47.7117279
	12.2490174	47.7117052
	12.2491141	47.7117144
	12.2492225	47.7117453
	12.2493125	47.71175
	12.2493462	47.7117671
	12.2494072	47.711766
	12.2495275	47.7117879
	12.2495904	47.7117868
	12.2496531	47.7118234
	12.2497342	47.7118909
	12.2497851	47.7118841
	12.2498153	47.7118894
	12.249829	47.7119082
	12.249885	47.7119322
	12.2499339	47.712034
	12.2499355	47.712058
	12.2499203	47.7120831
	12.2499132	47.7121346
	12.249937	47.7121609
	12.2499912	47.7121792
	12.2500927	47.7122399
	12.2501536	47.7123143
	12.2501915	47.7123334
	12.2502145	47.7123452
	12.2502653	47.7123544
	12.2503144	47.7123841
	12.2504041	47.7124939
	12.2504447	47.7125249
	12.250492	47.7125329
	12.2505784	47.7125844
	12.2506038	47.712613
	12.25068	47.7126645
	12.2507067	47.7126943
	12.2507222	47.7127309
	12.2507255	47.7127914
	12.2507424	47.7128143
	12.2507711	47.7128257
	12.2507813	47.7128406
	12.2508014	47.7128852
	12.2507997	47.7128966
	12.2507793	47.7129092
	12.2507353	47.7128977
	12.2505862	47.7128381
	12.2505287	47.7128324
	12.2504982	47.712837
	12.2504213	47.7130163
	12.2504027	47.7130357
	12.2504179	47.7130494
	12.250423	47.7131135
	12.2504125	47.7131466
	12.2504515	47.7131649
	12.250487	47.7132015
	12.2505023	47.7132415
	12.2504919	47.7132747
	12.2504698	47.7133684
	12.2504509	47.7134507
	12.2504508	47.7135216
	12.2504369	47.7135775
	12.2504571	47.7136382
	12.2504723	47.713669
	12.2504788	47.7137662
	12.2505042	47.713812
	12.2505363	47.7138736
	12.2505734	47.7139343
	12.250597	47.7139664
	12.2506278	47.7140421
	12.2506898	47.7141492
	12.2507406	47.7141916
	12.2507676	47.7142132
	12.2507924	47.7142359
	12.250793	47.7142363
	12.2508437	47.7143163
	12.2509229	47.7145016
	12.2509855	47.7145565
	12.2510314	47.7145531
	12.2510584	47.7145691
	12.2511379	47.7146458
	12.2512056	47.7147018
	12.2512615	47.7147099
	12.2513327	47.714766
	12.2514478	47.7147947
	12.2514578	47.7148187
	12.2515832	47.7148668
	12.251612	47.7148896
	12.2516628	47.7148989
	12.2518341	47.7149653
	12.2518765	47.7149653
	12.2519339	47.7149951
	12.2519608	47.7150749
	12.2519471	47.7151495
	12.2519115	47.7152042
	12.2519503	47.7152283
	12.2519773	47.7152843
	12.2520433	47.7153278
	12.2520906	47.7153724
	12.2521479	47.7155131
	12.2522124	47.7155234
	12.2522463	47.7155143
	12.2523276	47.7155635
	12.2523918	47.7156618
	12.252407	47.7157178
	12.252422	47.7157728
	12.2524576	47.7157797
	12.2525457	47.7158232
	12.2526048	47.7160301
	12.2526449	47.7161697
	12.2526887	47.7162417
	12.2527208	47.7163183
	12.2527495	47.7163526
	12.2527952	47.7164223
	12.2528612	47.7164716
	12.2528881	47.716523
	12.25311	47.7166764
	12.2532404	47.7167599
	12.2532572	47.7167965
	12.2533164	47.716808
	12.2533435	47.7168206
	12.2533739	47.7168641
	12.2533959	47.7168995
	12.2534264	47.7169144
	12.2534993	47.7169236
	12.2536617	47.7170209
	12.2536988	47.7171066
	12.2537311	47.7171319
	12.2538158	47.7171524
	12.253848	47.7171742
	12.2538768	47.7172039
	12.2539292	47.7172029
	12.2539784	47.7172189
	12.2540122	47.7172522
	12.2540444	47.7172682
	12.2540901	47.7172841
	12.2541579	47.7173322
	12.2541926	47.7174119
	12.2542582	47.7174488
	12.2542411	47.7175104
	12.254243	47.7175596
	12.2542421	47.7176374
	12.2542486	47.7176523
	12.2542819	47.7176733
	12.2543113	47.7177104
	12.2543105	47.7177356
	12.2542701	47.7177807
	12.2542448	47.7178285
	12.2542531	47.7178893
	12.254292	47.7180042
	12.2543251	47.7180299
	12.2543598	47.7180601
	12.2543793	47.7180901
	12.2544325	47.7182316
	12.2544813	47.718302
	12.2545336	47.7183634
	12.2545444	47.7184552
	12.2545283	47.7184823
	12.2544914	47.7185242
	12.2544875	47.7185402
	12.2545053	47.7185656
	12.2545352	47.718589
	12.2545603	47.7186007
	12.2545749	47.7186215
	12.2546154	47.7186804
	12.2546385	47.7187025
	12.2546901	47.7187341
	12.2547191	47.7187754
	12.2547679	47.7187946
	12.2547977	47.7188157
	12.2548903	47.7189543
	12.2549169	47.7189695
	12.2549128	47.7189946
	12.2548852	47.7190114
	12.2548803	47.7191133
	12.2548964	47.7191397
	12.2549466	47.7191668
	12.2549833	47.7191821
	12.2550375	47.719239
	12.2550468	47.7192677
	12.2550429	47.7192848
	12.2550175	47.7192844
	12.2549886	47.7192829
	12.254963	47.7192917
	12.2549791	47.7193182
	12.2550104	47.7193473
	12.2550595	47.7194063
	12.2551213	47.7194381
	12.2551424	47.7194647
	12.2552135	47.7195275
	12.2552704	47.7196084
	12.2553032	47.719642
	12.2554057	47.7196709
	12.2556029	47.7197652
	12.255647	47.7197895
	12.255758	47.7198508
	12.2558975	47.7198952
	12.2559389	47.7199256
	12.2560749	47.7199766
	12.2561468	47.7200039
	12.2561735	47.7200203
	12.2562293	47.7200836
	12.2562892	47.7201158
	12.2563567	47.7201831
	12.2563823	47.7202304
	12.2564744	47.7203278
	12.2565674	47.7203919
	12.2566511	47.7204274
	12.2566676	47.7204437
	12.2566851	47.7204783
	12.2566889	47.7206282
	12.2567029	47.7206742
	12.256706	47.7207326
	12.2567273	47.7207604
	12.2567705	47.7207941
	12.256851	47.7208227
	12.2570079	47.7209015
	12.257044	47.7209399
	12.2570875	47.7209565
	12.2571017	47.7209922
	12.2571297	47.72102
	12.2572541	47.7211076
	12.2573086	47.7211609
	12.257364	47.7211777
	12.2574357	47.7212188
	12.2575191	47.7212634
	12.2575538	47.7212936
	12.257597	47.7213228
	12.2576132	47.7213437
	12.2576473	47.7215089
	12.2577165	47.7216838
	12.2577857	47.721806
	12.2578029	47.7218532
	12.2578297	47.7219165
	12.2578441	47.7219487
	12.2578631	47.7219948
	12.257969	47.7221336
	12.2580187	47.7221721
	12.2580432	47.722201
	12.2580754	47.7222541
	12.25812	47.7222935
	12.2581949	47.7223405
	12.2583324	47.7224522
	12.2584367	47.7225291
	12.2584772	47.7226498
	12.2584953	47.722665
	12.2585203	47.7226824
	12.2585623	47.7226875
	12.2611382	47.7266327
	12.2611384	47.726633
	12.261139	47.726634
	12.2619748	47.7279138
	12.262826	47.7292174
	12.2646408	47.7319962
	12.2649807	47.7325165
	12.2645159	47.7336556
	12.263993	47.7349366
	12.2638265	47.735345
	12.2638096	47.7353862
	12.2635819	47.7359444
	12.2631925	47.7368977
	12.2629793	47.7371099
	12.2622042	47.7378815
	12.2612975	47.7387846
	12.2586458	47.7414236
	12.2584492	47.7416194
	12.2570286	47.7430345
	12.2566953	47.7429665
	12.2558529	47.7427963
	12.2557314	47.7427718
	12.2556805	47.7427614
	12.2497055	47.7415525
	12.2494644	47.7413277
	12.2492658	47.7411426
	12.2483571	47.7402949
	12.2463648	47.7384366
	12.2452372	47.7373847
	12.2450799	47.737238
	12.2448629	47.7370357
	12.2440787	47.736304
	12.243305	47.7355823
	12.241311	47.7337219
	12.2406027	47.733061
	12.2398441	47.7323532
	12.2389423	47.7313735
	12.2374345	47.7297376
	12.236079	47.7282667
	12.2355551	47.7276982
	12.2342905	47.7263242
	12.2341448	47.7261664
	12.2338866	47.7258868
	12.2324566	47.7243383
	12.23226	47.724125
	12.2303933	47.7220993
	12.2300255	47.7217001
	12.229967	47.7216367
	12.2287052	47.7202684
	12.2280674	47.7195767
	12.227574	47.7190424
	12.2271717	47.7186067
	12.2267557	47.7181517
	12.2267425	47.7181373
	12.2265494	47.7180462
	12.2248394	47.7172332
	12.2231447	47.7164539
	12.2217908	47.715809
	12.2210754	47.7154784
	12.2195117	47.7147428
	12.2177441	47.7139159
	12.2163217	47.7132547
	12.214482	47.7123886
	12.2135202	47.7119273
	12.2126863	47.7115371
	12.2119569	47.7111967
	12.2099818	47.7105187
	12.2085892	47.7100548
	12.207998	47.7099567
	12.2072328	47.7104824
	12.2068712	47.7107064
	12.2059577	47.7105179
	12.2056004	47.7100832
	12.2049537	47.7093152
	12.2048287	47.7090263
	12.2045299	47.7083379
	12.2042915	47.7080942
	12.203648	47.7074399
	12.2026502	47.7074722
	12.2018187	47.7075083
	12.2010484	47.7075474
	12.2003864	47.7075841
	12.1993895	47.7076109
	12.1989453	47.7080626
	12.1984191	47.7086007
	12.1977075	47.7087613
	12.1964181	47.7084664
	12.195993	47.7082982
	12.1955279	47.7080679
	12.1951822	47.7078008
	12.1948541	47.7075677
	12.1947069	47.7074172
	12.1944641	47.7073061
	12.1940242	47.7071473
	12.1927957	47.7065697
	12.1923522	47.7063514
	12.1911267	47.7057749
	12.1901163	47.7052854
	12.1886411	47.7045937
	12.187933	47.7044385
	12.1873091	47.7041031
	12.1864446	47.7036584
	12.1861579	47.7032131
	12.1859369	47.7028474
	12.1858038	47.7023717
	12.1858492	47.7019645
	12.185663	47.7017854
	12.1852212	47.7014109
	12.1847223	47.7010174
	12.1843766	47.7007229
	12.1834955	47.7004791
	12.1828217	47.7005025
	12.1818519	47.7005357
	12.1806561	47.7005878
	12.1795352	47.7006164
	12.1786283	47.7006492
	12.178049	47.7006817
	12.1773784	47.7007033
	12.1764074	47.7007214
	12.1755347	47.7007451
	12.1741919	47.7008082
	12.1732156	47.7008477
	12.1719127	47.7008643
	12.1706726	47.7009057
	12.1692403	47.7009633
	12.1678529	47.7009885
	12.1659936	47.701052
	12.164455	47.7011051
	12.1629085	47.7011701
	12.1624246	47.701167
END
END
