7873044
1
	15.1790895	48.8964912
	15.1796409	48.8962034
	15.1808482	48.8954434
	15.1815455	48.8951914
	15.1820374	48.8950505
	15.1843012	48.8945266
	15.1834772	48.8930661
	15.1822789	48.8935027
	15.1817085	48.892826
	15.1815998	48.8925481
	15.1814247	48.8923418
	15.1812889	48.8922088
	15.1809116	48.891927
	15.1794236	48.8915678
	15.1799789	48.8911769
	15.1805977	48.8910022
	15.1816602	48.8908097
	15.1817085	48.8907204
	15.1815334	48.8900179
	15.1826381	48.8899028
	15.1837881	48.889867
	15.1832569	48.8891506
	15.1829188	48.8885612
	15.182783	48.8880293
	15.1821039	48.8879916
	15.1814338	48.8879817
	15.1801087	48.8882893
	15.1801118	48.887549
	15.1808301	48.8872434
	15.1815455	48.8868008
	15.1823876	48.886253
	15.1829641	48.8859831
	15.1840477	48.8866142
	15.1847811	48.8865527
	15.1856534	48.8863701
	15.1869754	48.8859831
	15.1873648	48.8858124
	15.1871415	48.8846612
	15.1869392	48.8836212
	15.1869754	48.8829563
	15.187887	48.8810349
	15.1877451	48.8803937
	15.1877733	48.87944
	15.1879909	48.8794861
	15.1886593	48.8794979
	15.1889231	48.8795449
	15.1891578	48.8796022
	15.1903081	48.8800197
	15.1916865	48.8801632
	15.1918161	48.8801486
	15.1928372	48.8798367
	15.1932324	48.8783689
	15.1935802	48.8771463
	15.1938015	48.876716
	15.1943958	48.8759882
	15.1945444	48.8756951
	15.1947025	48.874959
	15.1947025	48.8747511
	15.1946645	48.8745078
	15.1949459	48.8742541
	15.195417	48.8740898
	15.1955592	48.8739256
	15.1957363	48.8738029
	15.1963433	48.8738362
	15.1965898	48.8738071
	15.1966246	48.8737176
	15.1965171	48.8736948
	15.1966973	48.8734723
	15.1973423	48.8732394
	15.1976584	48.873254
	15.1978923	48.8730439
	15.1982243	48.8728443
	15.1986922	48.8726073
	15.1989419	48.8725262
	15.1989641	48.8724222
	15.1989356	48.8723266
	15.1989736	48.8718608
	15.1990589	48.8716549
	15.1991569	48.8715197
	15.1990494	48.871395
	15.1988914	48.8710228
	15.1988882	48.870977
	15.199315	48.8706422
	15.1993371	48.8704447
	15.1993213	48.8702908
	15.199394	48.8701244
	15.199511	48.8699893
	15.1996944	48.8692095
	15.1998746	48.8691159
	15.2000263	48.8689953
	15.2000421	48.868885
	15.1999694	48.8686646
	15.2001559	48.8684379
	15.2004974	48.8682404
	15.2007313	48.8679992
	15.2006776	48.8679222
	15.2007345	48.8678245
	15.2008388	48.8677995
	15.2010632	48.8678016
	15.2014489	48.8674481
	15.2014995	48.8673524
	15.2014932	48.8672921
	15.2014458	48.8671923
	15.2018821	48.8671528
	15.2018852	48.8669386
	15.2019137	48.86682
	15.2026218	48.8660526
	15.2027704	48.8658114
	15.2030518	48.8656263
	15.2033426	48.8654766
	15.2035386	48.8653352
	15.204095	48.8647861
	15.2058718	48.8651813
	15.2068961	48.8653497
	15.2068961	48.8654579
	15.2075663	48.8655535
	15.2090616	48.8658904
	15.2106044	48.8662149
	15.2109901	48.866454
	15.211341	48.8665476
	15.2128617	48.8668096
	15.2137374	48.8670114
	15.2149103	48.8672235
	15.2155394	48.8673337
	15.2165321	48.8674793
	15.2170942	48.8675365
	15.2172528	48.8678722
	15.2175499	48.8684947
	15.2178278	48.8690394
	15.2181606	48.8697271
	15.2185238	48.8704401
	15.2185733	48.8706066
	15.2186531	48.8710553
	15.2186127	48.8714424
	15.2181931	48.8722977
	15.218025	48.8724531
	15.2179646	48.8725534
	15.217983	48.8726086
	15.2184768	48.8728764
	15.2186975	48.8731995
	15.2188656	48.8733498
	15.2190442	48.8735744
	15.2191125	48.8737005
	15.2194934	48.8740772
	15.2201789	48.8740789
	15.2205152	48.8740322
	15.2209039	48.8739355
	15.2214897	48.8739234
	15.2222908	48.874015
	15.2227058	48.8740253
	15.2235175	48.8740063
	15.2237618	48.8740115
	15.224492	48.8740789
	15.2252196	48.8741549
	15.2254481	48.8741532
	15.22673	48.8740305
	15.2272973	48.8740236
	15.228327	48.8741618
	15.228876	48.8742205
	15.2292516	48.8742378
	15.2300344	48.8742223
	15.2307436	48.8742205
	15.2316472	48.874281
	15.2321305	48.8742568
	15.2330814	48.8740616
	15.2341216	48.873894
	15.2352904	48.8737299
	15.2357186	48.8736435
	15.2363044	48.8734984
	15.2372001	48.8731961
	15.2379828	48.8728678
	15.238805	48.8724324
	15.239572	48.8718588
	15.2402943	48.8712645
	15.2403942	48.8709086
	15.2405972	48.8708665
	15.2406065	48.8710366
	15.2407965	48.8711396
	15.2409197	48.8713236
	15.2410634	48.8714941
	15.2411096	48.8717136
	15.2407323	48.8719668
	15.2406887	48.8720563
	15.2407323	48.872242
	15.2409453	48.8726624
	15.240876	48.872767
	15.240758	48.8728801
	15.2405501	48.8729358
	15.2402395	48.8728919
	15.2400727	48.872951
	15.2400368	48.8730388
	15.2401368	48.8733444
	15.2403832	48.8734727
	15.2405039	48.8734136
	15.2405552	48.8734879
	15.240491	48.8736077
	15.2403704	48.8736921
	15.2402241	48.8739335
	15.2402241	48.8741547
	15.24045	48.8743708
	15.2407451	48.874288
	15.2407785	48.8744298
	15.2407913	48.8744788
	15.2410223	48.8744602
	15.2411661	48.8743893
	15.2411378	48.8745463
	15.241066	48.8746949
	15.2409197	48.8748029
	15.2410198	48.874938
	15.2415126	48.8751422
	15.2417821	48.8752401
	15.2420285	48.875306
	15.242529	48.8750241
	15.2426727	48.8750122
	15.242819	48.8750426
	15.2434299	48.8752064
	15.2437764	48.8754697
	15.2439098	48.8756149
	15.244146	48.8758006
	15.2444129	48.8758158
	15.244744	48.8759103
	15.2448518	48.8759981
	15.2448543	48.8760588
	15.2446208	48.876307
	15.2446131	48.8763981
	15.2447388	48.8765028
	15.2449647	48.876464
	15.2452214	48.8765484
	15.2453523	48.8766834
	15.2452753	48.8767712
	15.2452855	48.8768927
	15.245419	48.8769197
	15.2456731	48.876805
	15.2457373	48.8768826
	15.2457296	48.8769788
	15.2458117	48.8770818
	15.2460196	48.8770902
	15.2462788	48.8771257
	15.2467203	48.8773367
	15.2469872	48.8773755
	15.2472721	48.8774886
	15.2477649	48.8777097
	15.2476931	48.8778127
	15.2480062	48.8780625
	15.2484169	48.8781807
	15.2485734	48.8781419
	15.2485272	48.878049
	15.2485632	48.8779883
	15.2486684	48.8779832
	15.2494204	48.8784406
	15.2494794	48.8785419
	15.2495179	48.878677
	15.2494615	48.8788474
	15.249636	48.87892
	15.2499979	48.8787884
	15.2500621	48.878704
	15.2499543	48.8786061
	15.2500184	48.8784812
	15.2501339	48.8784221
	15.2502212	48.8784136
	15.2503367	48.8784643
	15.2505266	48.8786719
	15.2505549	48.8788221
	15.2510759	48.8790838
	15.2512915	48.879315
	15.2512838	48.8794889
	15.2511709	48.879656
	15.2512248	48.8797083
	15.2519049	48.8796897
	15.2519742	48.8796053
	15.2521565	48.8794889
	15.2528777	48.8796307
	15.252965	48.87971
	15.2531652	48.8797657
	15.2533525	48.8797876
	15.2534629	48.8797167
	15.2535912	48.8796948
	15.2538658	48.8796948
	15.2542714	48.8797235
	15.2546487	48.8797758
	15.2549182	48.8797421
	15.2552724	48.8797657
	15.2553571	48.8798163
	15.2554007	48.8798585
	15.2553417	48.8799716
	15.2552544	48.8800644
	15.2553032	48.8801505
	15.2555855	48.880137
	15.2556599	48.8801083
	15.2559217	48.8801843
	15.2562528	48.8802974
	15.2564043	48.8802316
	15.2565916	48.8801742
	15.2566943	48.8803126
	15.256933	48.8803801
	15.2570254	48.8803885
	15.2571178	48.8802923
	15.2571383	48.8801809
	15.2572179	48.8801168
	15.2573539	48.8800965
	15.257762	48.8802839
	15.2585525	48.8803784
	15.2586706	48.8804442
	15.2586193	48.8805354
	15.2585551	48.8805877
	15.2584678	48.8806215
	15.258455	48.8807126
	15.2584704	48.8807835
	15.2585602	48.8808645
	15.2586552	48.8808915
	15.2587912	48.8808797
	15.2588451	48.8809354
	15.2587707	48.8810063
	15.2585192	48.8811616
	15.2578698	48.8814907
	15.2576594	48.8816393
	15.2574412	48.8818351
	15.2570536	48.882252
	15.2568611	48.8824072
	15.2566378	48.8825558
	15.25653	48.8827077
	15.2565737	48.8828157
	15.2563863	48.8829389
	15.2560911	48.8831313
	15.2557549	48.8833153
	15.2559038	48.8836748
	15.2556317	48.8839077
	15.2558961	48.8839769
	15.2560039	48.8842351
	15.2558088	48.8841086
	15.2554726	48.8844292
	15.2556163	48.8847094
	15.2560116	48.884782
	15.2562118	48.8847685
	15.2563144	48.8848664
	15.2563401	48.8849474
	15.2563247	48.8850115
	15.2563504	48.8850621
	15.2564479	48.885074
	15.2565121	48.885047
	15.2565942	48.8849086
	15.2565814	48.8848073
	15.2566224	48.8846875
	15.2568406	48.8847128
	15.2570844	48.8847853
	15.2572461	48.8849052
	15.2572821	48.8849575
	15.2572949	48.8851212
	15.2571589	48.8850689
	15.2570742	48.8850824
	15.2570408	48.8851432
	15.2571024	48.8851972
	15.2573334	48.8852495
	15.2574489	48.8852478
	15.2575849	48.8852309
	15.2576337	48.8852815
	15.2574977	48.8854301
	15.2574566	48.8856157
	15.2576132	48.8857845
	15.2580238	48.8860427
	15.2582112	48.8861085
	15.2584935	48.8861575
	15.2587168	48.8861676
	15.2589273	48.8861069
	15.2589504	48.8860495
	15.2588503	48.8859701
	15.2588118	48.8858689
	15.2591095	48.885641
	15.2594817	48.885771
	15.259918	48.885982
	15.2603851	48.8860815
	15.2609164	48.8862908
	15.2610345	48.8863161
	15.2614503	48.8862942
	15.2614246	48.8863482
	15.2611166	48.8867229
	15.2609729	48.8871532
	15.2608061	48.8876173
	15.2600566	48.8884544
	15.2597383	48.8888088
	15.259592	48.8894248
	15.2595407	48.8896611
	15.2593764	48.8901943
	15.2591916	48.8907091
	15.2590659	48.8911748
	15.259089	48.891536
	15.2592635	48.8919241
	15.260167	48.8918431
	15.2605982	48.891779
	15.2610807	48.8917334
	15.2608677	48.8921165
	15.2608189	48.8923527
	15.2608266	48.8924101
	15.2609934	48.8925687
	15.2611115	48.8927712
	15.2607753	48.8928151
	15.2594816	48.8931548
	15.2584575	48.8933084
	15.2585499	48.8936189
	15.2586397	48.89412
	15.2597049	48.8939682
	15.2605442	48.8938872
	15.2607367	48.8938922
	15.2604467	48.8942247
	15.2603035	48.8944823
	15.2604296	48.8944875
	15.26132	48.8942927
	15.2615826	48.894253
	15.2626359	48.8940751
	15.263416	48.8939318
	15.2644904	48.8937263
	15.2652495	48.8936071
	15.2657538	48.8935346
	15.2658405	48.8937125
	15.2666052	48.893579
	15.2668953	48.8940041
	15.2672752	48.8943214
	15.267537	48.894426
	15.2680019	48.8946875
	15.2684745	48.8947342
	15.2688678	48.8945977
	15.2698349	48.8943588
	15.2705889	48.8942708
	15.2709194	48.8942726
	15.2713811	48.8942618
	15.2712199	48.8943714
	15.2709216	48.894814
	15.2708822	48.8949176
	15.2707588	48.8949728
	15.2706064	48.8950091
	15.2704436	48.8950851
	15.270462	48.8952042
	15.2704173	48.895351
	15.2699681	48.8954788
	15.269863	48.895541
	15.2699024	48.8956239
	15.2700522	48.8956861
	15.2701415	48.8958259
	15.2700417	48.8959054
	15.2698447	48.8958242
	15.269448	48.8958277
	15.2689515	48.8960107
	15.2685444	48.8964856
	15.2683947	48.8965443
	15.2680716	48.8965288
	15.2678772	48.8965944
	15.2677327	48.8967343
	15.2677564	48.8969985
	15.2676959	48.8972714
	15.2677879	48.8973128
	15.2680374	48.8972662
	15.2680926	48.8973646
	15.2680558	48.8974855
	15.2679166	48.8977186
	15.267759	48.8978551
	15.2677196	48.8981935
	15.267822	48.8982591
	15.2678877	48.8984491
	15.2672967	48.8989931
	15.2669526	48.8991795
	15.2665349	48.8992417
	15.2664141	48.8993108
	15.2664955	48.8994178
	15.26664	48.8995802
	15.2666584	48.8996354
	15.2665349	48.8998271
	15.2664141	48.8998668
	15.266196	48.8997874
	15.2660095	48.8998616
	15.2658729	48.9002571
	15.2659176	48.900352
	15.266133	48.9004902
	15.2661855	48.9005662
	15.2661356	48.9006145
	15.2658624	48.900599
	15.2656943	48.900668
	15.2655814	48.9008235
	15.2655157	48.9009754
	15.2656076	48.9010687
	15.2659754	48.901098
	15.266154	48.9012603
	15.2659728	48.9012655
	15.2658414	48.9012724
	15.2657994	48.9013415
	15.2657679	48.9014934
	15.2656759	48.9015262
	15.2654605	48.9015504
	15.2652845	48.9015729
	15.2652635	48.9016523
	15.2652714	48.9017922
	15.2652057	48.901894
	15.2649522	48.9019866
	15.2647353	48.9020199
	15.2642784	48.9023236
	15.2640038	48.9024232
	15.2632672	48.9025193
	15.2624253	48.9025362
	15.261776	48.9025969
	15.2613345	48.9026509
	15.2607185	48.9027825
	15.2591221	48.9030525
	15.2584881	48.903044
	15.2579893	48.903112
	15.2576797	48.9032976
	15.2572357	48.9035514
	15.2569547	48.9037569
	15.2566631	48.9040245
	15.2562822	48.9043146
	15.2560248	48.904546
	15.2558415	48.9047107
	15.2556029	48.9048157
	15.2550279	48.9049966
	15.2538476	48.9053438
	15.2530085	48.9055789
	15.2527389	48.9057073
	15.252516	48.9055102
	15.2522767	48.905295
	15.251875	48.9048646
	15.2514733	48.9044342
	15.2511129	48.9039947
	15.2507663	48.9036041
	15.2504444	48.9032044
	15.2501803	48.9029693
	15.2498474	48.9027324
	15.2493934	48.9024431
	15.248901	48.9021193
	15.248469	48.9018029
	15.2481059	48.901528
	15.247839	48.901329
	15.2476519	48.9011789
	15.2474236	48.9009275
	15.247253	48.9007159
	15.2463503	48.9010942
	15.2460936	48.9012494
	15.2447076	48.9007399
	15.2437991	48.9004851
	15.2433217	48.900416
	15.2430162	48.9004362
	15.2422873	48.9005037
	15.2417329	48.9007045
	15.241217	48.9007551
	15.2408038	48.9006589
	15.2406061	48.9007129
	15.2399953	48.9007956
	15.2398952	48.9007838
	15.2397899	48.9007568
	15.2397155	48.9007163
	15.2397104	48.9005627
	15.2397412	48.9005003
	15.2399106	48.9004564
	15.2398849	48.9002928
	15.2397052	48.9001916
	15.2394358	48.9001764
	15.2391945	48.9001139
	15.2389969	48.8999486
	15.2387967	48.8996432
	15.2388968	48.8994508
	15.2390713	48.89938
	15.2390995	48.899326
	15.2391175	48.8991201
	15.2390867	48.899056
	15.2390739	48.8988789
	15.2393742	48.8988687
	15.2393434	48.8987489
	15.2391457	48.8987489
	15.2392073	48.8985751
	15.2392792	48.898511
	15.2393742	48.8984486
	15.2394614	48.8983541
	15.2394435	48.8976033
	15.2386119	48.8976437
	15.2380215	48.8977247
	15.2367562	48.8979019
	15.2350057	48.8982056
	15.2331552	48.898894
	15.2325032	48.8990898
	15.2322953	48.8991826
	15.2314406	48.8996736
	15.2298878	48.9004514
	15.2290511	48.9008783
	15.2288945	48.9009356
	15.2283555	48.9012022
	15.2280963	48.9014013
	15.22718	48.9020256
	15.2268181	48.9022398
	15.226179	48.9027713
	15.2257196	48.9030277
	15.2260507	48.9037144
	15.2262611	48.9042745
	15.226274	48.9045073
	15.2263202	48.9048009
	15.2265409	48.9053424
	15.226623	48.9057591
	15.2266641	48.9058891
	15.2269105	48.9062788
	15.2270947	48.9079231
	15.2272159	48.9087148
	15.2272956	48.909018
	15.2280244	48.9100761
	15.2285121	48.9097927
	15.2294515	48.9093238
	15.2300624	48.9099834
	15.2307476	48.9108774
	15.2310531	48.9112215
	15.2314458	48.911704
	15.2316947	48.9120667
	15.2322132	48.9130147
	15.2325109	48.9135477
	15.2322953	48.9135797
	15.2317563	48.9138125
	15.231474	48.9140605
	15.2312533	48.914133
	15.2309324	48.914133
	15.2308426	48.9142038
	15.2308888	48.9142781
	15.230876	48.9143607
	15.2305013	48.9144484
	15.2302728	48.914359
	15.23026	48.914305
	15.2301804	48.9142899
	15.2298647	48.9144316
	15.2298031	48.9145513
	15.229721	48.9145547
	15.229549	48.9145159
	15.2292898	48.9144231
	15.2291692	48.9144653
	15.229046	48.9145429
	15.2290126	48.9147622
	15.2286815	48.9146997
	15.2280347	48.9148077
	15.2277447	48.9150067
	15.2275085	48.9150135
	15.227393	48.9149865
	15.2270363	48.9150894
	15.2265435	48.9151838
	15.2259865	48.9153137
	15.2258993	48.915425
	15.225599	48.9155212
	15.2255245	48.9155094
	15.2250523	48.9156899
	15.2249162	48.9156595
	15.2247571	48.9157691
	15.224675	48.9158788
	15.2245004	48.9159715
	15.2242951	48.9159867
	15.223869	48.9162465
	15.2238254	48.9163342
	15.2234122	48.9165433
	15.2232941	48.9165872
	15.2230836	48.9166074
	15.2227294	48.9168739
	15.2224163	48.9170578
	15.2222058	48.917132
	15.2219107	48.917191
	15.2217233	48.917299
	15.2215488	48.9175014
	15.221115	48.9177628
	15.2205709	48.9178724
	15.2199113	48.9181996
	15.2197598	48.9183869
	15.2195802	48.9184543
	15.2194903	48.9183498
	15.2193081	48.9182688
	15.2191387	48.9182435
	15.2190155	48.9183548
	15.2189796	48.9184071
	15.2188281	48.918483
	15.218456	48.9185825
	15.2181736	48.9185876
	15.2180787	48.9187141
	15.2179144	48.9188524
	15.2177168	48.918935
	15.2172368	48.9190632
	15.2170417	48.9190666
	15.2169955	48.9190193
	15.2169237	48.9190058
	15.2166106	48.9190733
	15.2165438	48.9191391
	15.21601	48.9193634
	15.2159201	48.9195186
	15.2158175	48.9195624
	15.2157276	48.9195371
	15.2156558	48.9197108
	15.2156044	48.9197867
	15.2153195	48.92006
	15.2152015	48.9202556
	15.2151861	48.9203163
	15.2150808	48.9203517
	15.2148524	48.9203973
	15.2147934	48.9203501
	15.2148216	48.9202674
	15.21476	48.9202286
	15.2145059	48.9202556
	15.2144648	48.9203501
	15.2145059	48.920404
	15.2144109	48.9205187
	15.2137667	48.9208324
	15.2135485	48.9209319
	15.2134048	48.9209842
	15.2125475	48.9210803
	15.2122909	48.9211343
	15.211639	48.9213181
	15.211218	48.9213283
	15.2109023	48.9213569
	15.210235	48.9214564
	15.2098192	48.9215424
	15.2091519	48.9216099
	15.2071499	48.9215897
	15.2060873	48.9215138
	15.2056433	48.9214396
	15.2053404	48.9213721
	15.2049631	48.9212406
	15.2045473	48.9210905
	15.2041828	48.9209302
	15.203169	48.9204361
	15.2026685	48.9202893
	15.2024581	48.9206486
	15.2023759	48.9210348
	15.2023118	48.9215829
	15.2014186	48.9211343
	15.2013236	48.9211242
	15.2010787	48.9214135
	15.2006823	48.9218766
	15.2004642	48.9222183
	15.2001543	48.9226671
	15.1998548	48.9231314
	15.1996105	48.9233869
	15.1993426	48.9237148
	15.1992427	48.9238529
	15.1991193	48.9239513
	15.1989511	48.9242136
	15.1987909	48.9244035
	15.1986491	48.9245865
	15.1985466	48.9246866
	15.1978169	48.9242374
	15.1968303	48.9234496
	15.1967469	48.9235379
	15.196462	48.9237128
	15.1959485	48.9239036
	15.1954673	48.9241526
	15.194857	48.9243452
	15.1942844	48.9246737
	15.1938274	48.9248857
	15.19333	48.9251577
	15.1931445	48.9252972
	15.1919159	48.9259349
	15.191467	48.9253661
	15.1913164	48.9251206
	15.1911632	48.9247832
	15.1908728	48.9244352
	15.1904992	48.9240908
	15.1904051	48.9240042
	15.1902787	48.9239442
	15.1892921	48.9234496
	15.1887974	48.923363
	15.1883888	48.9232871
	15.1881253	48.9232252
	15.1875225	48.9229901
	15.1874097	48.9229087
	15.186975	48.9227496
	15.1859163	48.9224071
	15.1853717	48.9222177
	15.1848702	48.9219924
	15.1846282	48.9217841
	15.1838847	48.9212463
	15.1832939	48.920807
	15.1827953	48.9204074
	15.1824467	48.9201006
	15.1818962	48.9195079
	15.1813343	48.9190781
	15.1811873	48.9188281
	15.1811931	48.9174779
	15.1814323	48.9162488
	15.1814928	48.9160159
	15.1816513	48.9156504
	15.1816513	48.9155102
	15.1819395	48.9144686
	15.1821585	48.9136145
	15.1822161	48.9131296
	15.1822853	48.9129327
	15.1824322	48.9126978
	15.1825418	48.9124251
	15.1825763	48.912213
	15.1825619	48.9120293
	15.1823602	48.9113436
	15.1823227	48.911283
	15.1822219	48.9110614
	15.1816945	48.9095727
	15.1815821	48.9092924
	15.1815504	48.9091409
	15.1815706	48.9084685
	15.1815764	48.9077298
	15.1816945	48.9072619
	15.1819135	48.9059171
	15.1819452	48.9053469
	15.1817118	48.9048469
	15.1816023	48.9041327
	15.1811787	48.9042862
	15.18083	48.9043847
	15.1809914	48.9036213
	15.1808184	48.9034186
	15.1799885	48.9021267
	15.1802334	48.901225
	15.1803113	48.901064
	15.1815533	48.900759
	15.1828587	48.9005525
	15.1835561	48.9005695
	15.1845928	48.8998784
	15.1840737	48.8997485
	15.1836136	48.899638
	15.1833069	48.8995468
	15.1831093	48.8994809
	15.1829707	48.8993879
	15.1826905	48.8991765
	15.1823808	48.8989148
	15.1821095	48.898653
	15.1818382	48.8983642
	15.1816465	48.898147
	15.1815432	48.8980772
	15.1814105	48.8979473
	15.1812395	48.8978678
	15.180915	48.8977825
	15.1805788	48.8976545
	15.1802869	48.8974917
	15.1801453	48.8974665
	15.1795761	48.8970981
	15.1793401	48.8969236
	15.1790895	48.8964912
END
END
