7873294
1
	13.1061174	47.8667849
	13.1062113	47.8667399
	13.1061918	47.8666309
	13.1062048	47.8665713
	13.1062715	47.8665555
	13.1064327	47.8665711
	13.1065698	47.8664623
	13.106639	47.8664287
	13.1068187	47.8663695
	13.1068552	47.8663402
	13.1070258	47.8662507
	13.1071825	47.8661601
	13.1072825	47.8661462
	13.1076185	47.8661415
	13.1079421	47.8663034
	13.1080501	47.8662951
	13.1080947	47.8662029
	13.108161	47.86609
	13.10823	47.8659908
	13.1086621	47.8653219
	13.1085036	47.86529
	13.1085751	47.8651227
	13.1086111	47.8650947
	13.1086617	47.864933
	13.1088235	47.8648692
	13.1088464	47.8647695
	13.1090154	47.8646968
	13.1091482	47.8647117
	13.1093681	47.8646533
	13.109441	47.8646023
	13.1095147	47.8645908
	13.1096043	47.8645433
	13.1095965	47.8645089
	13.1096196	47.8644636
	13.1098158	47.864318
	13.1097429	47.8642778
	13.109771	47.8641524
	13.1096655	47.864023
	13.1096576	47.8639552
	13.1096709	47.8639098
	13.1095942	47.8638691
	13.1095258	47.8636851
	13.1094793	47.8635249
	13.1096181	47.863348
	13.1096562	47.8632044
	13.1096351	47.8630841
	13.1096733	47.862998
	13.109638	47.8629388
	13.1095872	47.8628588
	13.1095288	47.8627391
	13.1088981	47.8621962
	13.1089226	47.8620625
	13.1089702	47.8620113
	13.1089643	47.8619324
	13.1090581	47.8618707
	13.1091314	47.8617427
	13.1092676	47.8616669
	13.1093122	47.8616076
	13.1094307	47.8615317
	13.1095649	47.8613865
	13.1097585	47.8612564
	13.1101857	47.8610276
	13.1111935	47.8604572
	13.1116926	47.8600943
	13.1121479	47.8601804
	13.1123737	47.859963
	13.1129101	47.8594904
	13.1124878	47.8592671
	13.1120367	47.8591259
	13.1120535	47.8591064
	13.1115456	47.8587523
	13.1114142	47.85884
	13.1107804	47.8584007
	13.1101411	47.8579508
	13.1103895	47.8577377
	13.1105277	47.8576464
	13.1107797	47.8574875
	13.110897	47.8574074
	13.1111613	47.8572461
	13.1117902	47.8568549
	13.1114465	47.8566254
	13.1112351	47.8564338
	13.1116664	47.855842
	13.1115956	47.8558542
	13.1117126	47.8557674
	13.1116052	47.8557096
	13.1115032	47.8557264
	13.1114582	47.855697
	13.1112852	47.8556789
	13.1111437	47.8557561
	13.1111997	47.8558036
	13.110778	47.8557286
	13.1106215	47.8556475
	13.110488	47.8556628
	13.1103932	47.8555969
	13.1102051	47.8555415
	13.1102129	47.855495
	13.1102122	47.8554425
	13.1101551	47.855422
	13.109969	47.8553934
	13.1099018	47.8553501
	13.1098093	47.8551565
	13.1098278	47.8550707
	13.1098306	47.8550113
	13.1097242	47.8548765
	13.1097018	47.8548577
	13.1095274	47.854797
	13.1094999	47.8546676
	13.1094879	47.8545312
	13.109308	47.8546189
	13.1091209	47.8545812
	13.108969	47.8545727
	13.1090667	47.8543723
	13.1089642	47.8543044
	13.1090317	47.8542825
	13.1091122	47.8542031
	13.1090037	47.8541709
	13.1089119	47.8540485
	13.108886	47.8540927
	13.1086918	47.8540877
	13.1087036	47.8540073
	13.1087627	47.8539299
	13.1086	47.8537965
	13.1085849	47.8537516
	13.1085124	47.8536919
	13.1085072	47.8535496
	13.1084068	47.8535669
	13.1083319	47.8535346
	13.1084349	47.8534757
	13.1089378	47.853236
	13.1092076	47.8531177
	13.1084066	47.8525174
	13.108335	47.8524572
	13.1082654	47.8523768
	13.107862	47.8516171
	13.1076956	47.8512949
	13.1076193	47.8511322
	13.1074884	47.8508152
	13.1074173	47.8506028
	13.107258	47.8503237
	13.1072115	47.8502548
	13.1074533	47.8501883
	13.1074951	47.8501343
	13.1075632	47.8501222
	13.107615	47.8500929
	13.1076995	47.8499971
	13.1077301	47.8499614
	13.1078911	47.8498189
	13.1078961	47.8497773
	13.1081357	47.849651
	13.1082616	47.8495408
	13.108465	47.8494181
	13.1087297	47.8493586
	13.1088685	47.8492836
	13.1091374	47.8492161
	13.1091853	47.8491784
	13.1093141	47.8491409
	13.1093607	47.849143
	13.1094203	47.8491526
	13.1095327	47.8491752
	13.1096989	47.8491236
	13.109887	47.849184
	13.1100394	47.8492272
	13.1101566	47.8492562
	13.1101845	47.8492705
	13.1102943	47.8492617
	13.1105217	47.8492718
	13.1105834	47.8492787
	13.1106725	47.8492677
	13.1107379	47.849285
	13.1108932	47.8492531
	13.1109219	47.8492272
	13.1109404	47.8491895
	13.1110047	47.849191
	13.111054	47.8491604
	13.1111624	47.8491596
	13.1112205	47.8491735
	13.1113056	47.8491697
	13.1114977	47.84915
	13.1116842	47.8490803
	13.1117475	47.849064
	13.1118912	47.8489577
	13.1119622	47.8487349
	13.111925	47.8486698
	13.1120123	47.8485445
	13.1119702	47.848457
	13.1121039	47.8483529
	13.112545	47.8477768
	13.1126287	47.8476052
	13.112665	47.8474005
	13.1128316	47.8473671
	13.1128463	47.8472341
	13.1128978	47.8471509
	13.1132232	47.8470842
	13.1134345	47.8470187
	13.1135894	47.8468959
	13.1138195	47.8468266
	13.1141498	47.8465337
	13.1141523	47.8462344
	13.1145151	47.8458762
	13.1146786	47.8457483
	13.1146662	47.8455714
	13.1146847	47.8454444
	13.1148306	47.8453989
	13.1148416	47.8452223
	13.1150929	47.8451358
	13.1152935	47.8451223
	13.1155193	47.8451197
	13.1156632	47.8450445
	13.115644	47.8449643
	13.115762	47.8448587
	13.1158715	47.844817
	13.1160003	47.8446583
	13.1160987	47.8446626
	13.1162905	47.8446119
	13.1164978	47.8442318
	13.1164833	47.8441267
	13.1165061	47.843991
	13.1166126	47.8439533
	13.1167497	47.8438494
	13.1169002	47.8438308
	13.1170206	47.8437571
	13.1173027	47.8437466
	13.1177082	47.8437519
	13.1183728	47.8438682
	13.1185992	47.843846
	13.1196075	47.8435111
	13.1200696	47.8436212
	13.1204779	47.8435441
	13.1205953	47.8434973
	13.1208303	47.8434982
	13.1209748	47.8434417
	13.1211149	47.8433481
	13.1211985	47.843195
	13.1216062	47.8427389
	13.1218073	47.8424686
	13.1219443	47.8423938
	13.1223222	47.8419598
	13.1223476	47.8418638
	13.1227708	47.8411907
	13.1230386	47.8409237
	13.1232658	47.8408073
	13.1237467	47.8402637
	13.1231116	47.8401519
	13.1220251	47.839644
	13.1215404	47.8394535
	13.121354	47.8393919
	13.1209827	47.8392872
	13.1203995	47.8391218
	13.1197608	47.8389557
	13.1194973	47.8388186
	13.1187415	47.838749
	13.1186806	47.8387234
	13.1197082	47.8378961
	13.1202535	47.8374383
	13.1205793	47.8371073
	13.1208921	47.8364682
	13.1210988	47.8362106
	13.1215767	47.8357249
	13.1220385	47.8353049
	13.1225611	47.8353932
	13.1228471	47.8354096
	13.123562	47.8355587
	13.1238323	47.8352424
	13.1238283	47.8348831
	13.1245219	47.8351065
	13.1247572	47.8352334
	13.1249091	47.8353346
	13.1252328	47.8348426
	13.1254891	47.8344508
	13.1257718	47.833941
	13.1261268	47.8329337
	13.1265394	47.8330745
	13.1267148	47.8319467
	13.1266993	47.8315681
	13.1267653	47.8314348
	13.1269636	47.8312914
	13.1271201	47.8310743
	13.1272262	47.830886
	13.1272365	47.8308507
	13.1273063	47.8306559
	13.1275279	47.8304059
	13.1276053	47.8303095
	13.1280451	47.8298828
	13.1280028	47.8297292
	13.1280517	47.8297012
	13.1280392	47.8296977
	13.1281309	47.8296376
	13.1283019	47.8295124
	13.1284257	47.8294749
	13.1286028	47.8293794
	13.128645	47.8292791
	13.1287381	47.8291485
	13.1287707	47.8288995
	13.128791	47.8286247
	13.1287465	47.8283954
	13.1287421	47.8280505
	13.128866	47.8277934
	13.128989	47.8277299
	13.1289847	47.8275314
	13.1291633	47.8274569
	13.1292615	47.8273155
	13.1296518	47.8274152
	13.1297694	47.8274221
	13.1303156	47.8275217
	13.1303098	47.827447
	13.1300582	47.8271465
	13.1298239	47.8268513
	13.1296029	47.8266269
	13.129592	47.8265331
	13.129733	47.8262807
	13.1297905	47.8261708
	13.1298112	47.8260937
	13.1297808	47.825961
	13.1297684	47.8259445
	13.129799	47.8256634
	13.1298863	47.8255338
	13.130193	47.8252669
	13.1304458	47.8250753
	13.1307462	47.8247434
	13.1309407	47.8245802
	13.1311721	47.8244941
	13.1313877	47.8244153
	13.1319634	47.8241425
	13.1323515	47.82418
	13.1324849	47.8241506
	13.1325201	47.8241522
	13.1326066	47.8243062
	13.1328485	47.8245013
	13.1328224	47.8246274
	13.1328715	47.8247685
	13.1328497	47.8248798
	13.1328992	47.8249388
	13.1329604	47.8249396
	13.1329585	47.8248418
	13.1330707	47.8247897
	13.1332644	47.8247903
	13.133423	47.824742
	13.1335673	47.8248021
	13.1337396	47.8249307
	13.1336695	47.8250294
	13.133903	47.8251502
	13.1339426	47.8252099
	13.1338884	47.8252751
	13.1339918	47.8253409
	13.1341232	47.8253748
	13.1342433	47.8253498
	13.1341647	47.8252601
	13.134106	47.8252299
	13.1341321	47.8251287
	13.1343675	47.8251302
	13.1345553	47.8251694
	13.1346304	47.8252349
	13.134689	47.8252347
	13.1347122	47.8251739
	13.1348171	47.8251206
	13.1348774	47.8250652
	13.1351708	47.8250938
	13.1353579	47.8250607
	13.1354766	47.8250519
	13.13558	47.8250379
	13.1356453	47.8250746
	13.1356087	47.8251582
	13.1356416	47.825212
	13.1356725	47.8252089
	13.1357441	47.8251629
	13.1358249	47.8251665
	13.1358511	47.82516
	13.1359281	47.8251511
	13.1363906	47.8249057
	13.1367712	47.8249166
	13.1368308	47.8250089
	13.1369955	47.8250017
	13.1370145	47.8250724
	13.1370521	47.8251228
	13.1370641	47.8251881
	13.137158	47.8252048
	13.1373042	47.8251886
	13.1373991	47.82522
	13.1374819	47.82527
	13.1375335	47.8253421
	13.1375945	47.8253425
	13.1377689	47.8253889
	13.1379502	47.825468
	13.1379804	47.8255774
	13.1381266	47.8255609
	13.1382097	47.8255355
	13.1382114	47.8254763
	13.1381641	47.8254018
	13.1381683	47.8253538
	13.1382155	47.8253234
	13.1383451	47.8253078
	13.138475	47.825313
	13.1385326	47.8253319
	13.1386149	47.8253307
	13.1388027	47.8254063
	13.1390283	47.8254489
	13.1391184	47.8253814
	13.1394236	47.8254238
	13.1395157	47.8254607
	13.1396889	47.8254794
	13.1398668	47.8255391
	13.1398123	47.8255907
	13.1399505	47.8258386
	13.1399546	47.8258769
	13.1405608	47.8258529
	13.1408615	47.825843
	13.1410717	47.8258952
	13.141135	47.8260422
	13.1414649	47.8260476
	13.1416164	47.8261609
	13.1417482	47.8265408
	13.1422691	47.8269813
	13.1422619	47.8270743
	13.1425162	47.8271987
	13.1428691	47.8273245
	13.1432056	47.827439
	13.1436119	47.8275612
	13.1441757	47.8277193
	13.1447008	47.8278388
	13.1454987	47.8280592
	13.1468009	47.8284308
	13.1471578	47.8285681
	13.1470544	47.8287146
	13.14711	47.8288731
	13.1474394	47.829241
	13.1477042	47.8292585
	13.1480231	47.8294383
	13.1484739	47.8296443
	13.1488276	47.8297909
	13.1492956	47.829771
	13.1493607	47.8297698
	13.1492969	47.8297924
	13.1489328	47.8298785
	13.1488646	47.8298966
	13.1486997	47.8299894
	13.1485529	47.8302122
	13.1482681	47.8302958
	13.1482418	47.8304338
	13.1480796	47.8304907
	13.1479425	47.8306
	13.1476249	47.8307162
	13.1476727	47.8308635
	13.1474979	47.8309405
	13.147575	47.8310026
	13.1474235	47.8311161
	13.1474517	47.8313022
	13.1470505	47.8314775
	13.1470419	47.831579
	13.1471992	47.8316713
	13.1471995	47.8317386
	13.1469892	47.8317561
	13.146999	47.8319617
	13.1467453	47.8319865
	13.1466733	47.8321255
	13.1466953	47.8321487
	13.146693	47.8321915
	13.146836	47.832389
	13.1468254	47.8326549
	13.1469482	47.8326958
	13.1467099	47.833321
	13.14694	47.8333584
	13.148573	47.8335284
	13.1489061	47.8335619
	13.1487745	47.8337725
	13.1485958	47.8338582
	13.1486094	47.8339157
	13.148324	47.8340307
	13.1481728	47.8340292
	13.1481557	47.8340366
	13.1480712	47.8343512
	13.148143	47.8344692
	13.147997	47.8344927
	13.1478494	47.8351076
	13.1477374	47.8353613
	13.1476247	47.8355107
	13.1474144	47.8357381
	13.1473376	47.8359337
	13.1470902	47.8360972
	13.147076	47.8361485
	13.1469927	47.8361828
	13.1469199	47.8362577
	13.1463028	47.8367523
	13.1461648	47.8369445
	13.14598	47.8373175
	13.1458921	47.8378299
	13.1458097	47.8381055
	13.1455255	47.8382678
	13.1455994	47.8385544
	13.1456781	47.8387065
	13.1457102	47.8389702
	13.1456565	47.8390715
	13.1460265	47.8390072
	13.1467792	47.8388167
	13.1473689	47.8386881
	13.1476692	47.8386452
	13.1481577	47.8385936
	13.1489086	47.8384598
	13.1491418	47.8383831
	13.1495952	47.8382617
	13.1498637	47.8381633
	13.1500583	47.8380684
	13.1501358	47.8380016
	13.1502232	47.8378875
	13.1502418	47.8378187
	13.1500371	47.8369336
	13.1506288	47.8369484
	13.151037	47.8369845
	13.1515715	47.8370888
	13.1519715	47.8371495
	13.1533167	47.8374114
	13.1542099	47.8374735
	13.1549106	47.8375603
	13.1552279	47.8372181
	13.1554328	47.8370662
	13.1555245	47.8371429
	13.1558029	47.837183
	13.1563566	47.8372373
	13.1567639	47.8372814
	13.1569693	47.8373375
	13.1570071	47.8374169
	13.157584	47.8376029
	13.159594	47.8378815
	13.1601299	47.8381038
	13.1607638	47.8383053
	13.1611316	47.8384805
	13.1614253	47.8386308
	13.1615567	47.8387146
	13.1617065	47.8387786
	13.1618018	47.8388897
	13.1618939	47.8390521
	13.1619414	47.8392114
	13.1619272	47.8393493
	13.1618577	47.8395031
	13.1617358	47.8396487
	13.1616164	47.8398004
	13.161537	47.8401342
	13.1615004	47.8405128
	13.1616157	47.8405248
	13.1617146	47.8406051
	13.1618987	47.8406098
	13.1619222	47.8406783
	13.1620369	47.8407176
	13.1622152	47.8407098
	13.1622836	47.840681
	13.1623393	47.8407201
	13.1623795	47.8406936
	13.1625809	47.8407094
	13.1626276	47.8407498
	13.1626806	47.8407201
	13.1627731	47.8407462
	13.1627939	47.8407894
	13.1629076	47.8407725
	13.1632023	47.8409888
	13.1632418	47.8410001
	13.1632995	47.8410295
	13.163333	47.8410986
	13.1634624	47.8410959
	13.1637327	47.8412327
	13.1638242	47.8412039
	13.1639786	47.8412214
	13.164202	47.8411724
	13.1642564	47.8411999
	13.1644168	47.8411669
	13.1645079	47.8412686
	13.1646349	47.8412984
	13.1646466	47.8413671
	13.164883	47.84148
	13.1648544	47.8415518
	13.164882	47.8416279
	13.1648738	47.8416714
	13.1650694	47.8417814
	13.1650986	47.8417692
	13.1652085	47.8418315
	13.1651292	47.841914
	13.1651121	47.8420077
	13.1652833	47.8420424
	13.1653929	47.8421234
	13.1654003	47.8421979
	13.1654442	47.8422602
	13.1655606	47.8422782
	13.1656051	47.8422168
	13.1656628	47.8422458
	13.1658318	47.842341
	13.165907	47.8424297
	13.1662102	47.8425169
	13.1663759	47.8423813
	13.1666214	47.8422698
	13.1669	47.8423223
	13.167098	47.8423466
	13.167361	47.8424826
	13.1674824	47.8425064
	13.1675173	47.8426491
	13.1677054	47.8426522
	13.1677882	47.842767
	13.1678829	47.8427933
	13.1678485	47.8429117
	13.1679504	47.8429745
	13.1679173	47.8430772
	13.1681047	47.8431621
	13.1681808	47.8432697
	13.1683179	47.8433389
	13.1682859	47.843484
	13.1685445	47.8437692
	13.1685648	47.8438572
	13.1688336	47.8440284
	13.1691366	47.8442053
	13.1692687	47.8442238
	13.1692516	47.8443102
	13.1694467	47.8444794
	13.1695296	47.8445012
	13.1696592	47.8446779
	13.1698243	47.8447119
	13.1699752	47.8447881
	13.1701136	47.8447796
	13.1701136	47.8447904
	13.1701465	47.8447877
	13.1701467	47.8447813
	13.1710466	47.8445743
	13.1712827	47.8444305
	13.1715512	47.8440579
	13.1718319	47.8438343
	13.1717653	47.8437791
	13.1719474	47.8434402
	13.172138	47.8432652
	13.1727736	47.8431875
	13.1731633	47.8429542
	13.1732409	47.8429008
	13.1737886	47.8424473
	13.1740511	47.8423868
	13.1742771	47.8423912
	13.1744988	47.8423722
	13.1752885	47.8425026
	13.1753594	47.8428151
	13.1753943	47.8431099
	13.1754001	47.8435246
	13.1763948	47.8432625
	13.1772519	47.8431294
	13.1775518	47.8430579
	13.1775545	47.8428915
	13.1775185	47.8427287
	13.1774586	47.8424969
	13.1774317	47.8423124
	13.1778724	47.8422618
	13.1782101	47.8422636
	13.1785613	47.8422989
	13.1788102	47.8424341
	13.1790042	47.8424927
	13.1791141	47.8425183
	13.1793061	47.8425358
	13.1796755	47.8423675
	13.1797754	47.8424542
	13.1799382	47.8425066
	13.1800921	47.8425848
	13.180584	47.8427022
	13.1807395	47.8427971
	13.1809169	47.8428676
	13.1810215	47.8428714
	13.181136	47.8429537
	13.1811499	47.843019
	13.1811848	47.8430393
	13.181277	47.8430404
	13.1813924	47.8430904
	13.1813403	47.8432577
	13.1812674	47.843427
	13.1811165	47.8435654
	13.1810529	47.843792
	13.1810535	47.8439242
	13.1812672	47.8443177
	13.1814983	47.8443378
	13.1815785	47.8442704
	13.1818511	47.84444
	13.1820309	47.8445924
	13.1821644	47.8447722
	13.1823769	47.8450045
	13.1826216	47.8451491
	13.1832708	47.8454237
	13.1841041	47.8457139
	13.1845304	47.8459088
	13.184837	47.8460571
	13.1856103	47.8463198
	13.1860248	47.8464577
	13.1864637	47.8465872
	13.1868663	47.846679
	13.1871289	47.8466961
	13.1873682	47.8466692
	13.1879518	47.8466597
	13.1883021	47.846681
	13.1889004	47.8468164
	13.1895292	47.8469272
	13.1899557	47.8472539
	13.1902269	47.8473462
	13.190409	47.8475393
	13.1905765	47.8477737
	13.1908605	47.8479959
	13.1910645	47.8482078
	13.1910681	47.8488431
	13.1910954	47.8489469
	13.1910999	47.8490086
	13.1910375	47.8493108
	13.1910298	47.8493832
	13.1909637	47.849522
	13.1910816	47.849767
	13.1911471	47.8504235
	13.1912003	47.850615
	13.1913506	47.8509248
	13.1914499	47.8510401
	13.191553	47.8511403
	13.1919011	47.8513869
	13.1921624	47.8516096
	13.1923967	47.8517694
	13.1924853	47.8518892
	13.1928015	47.8523583
	13.1929003	47.8524847
	13.1929386	47.8524836
	13.1929563	47.8525315
	13.1932642	47.8527058
	13.1932684	47.8529085
	13.1934297	47.8530839
	13.1936285	47.8534994
	13.1937943	47.8535874
	13.1940906	47.8536445
	13.194285	47.8536773
	13.1946078	47.8539124
	13.1952217	47.8538527
	13.1956799	47.8538628
	13.1960689	47.8538863
	13.1964952	47.8539941
	13.1973361	47.8543382
	13.1976321	47.8544508
	13.1979268	47.8545952
	13.1977434	47.8548445
	13.1976304	47.8553982
	13.1975857	47.8557181
	13.1976184	47.8558817
	13.1976008	47.856096
	13.1975199	47.8562761
	13.1974438	47.8565225
	13.1973587	47.8568882
	13.1972081	47.8572766
	13.1970665	47.8578656
	13.1970558	47.8583566
	13.1971404	47.85873
	13.1971372	47.8589448
	13.1970908	47.8593756
	13.1972171	47.8598251
	13.1974334	47.8603134
	13.1975747	47.8605148
	13.1976414	47.860694
	13.1975456	47.8611414
	13.197584	47.8612077
	13.1977308	47.8612722
	13.1979897	47.8614307
	13.1980263	47.8614846
	13.1980372	47.8615778
	13.1980589	47.8616412
	13.1982465	47.8618179
	13.1984747	47.8620851
	13.1985663	47.8622556
	13.1988388	47.8625608
	13.1991368	47.8625934
	13.1994053	47.8627138
	13.1996684	47.8628554
	13.1998604	47.8630284
	13.2000962	47.8633424
	13.200149	47.8635709
	13.2002976	47.8636461
	13.2002933	47.8641469
	13.2001305	47.8643121
	13.1999624	47.8646029
	13.2000664	47.86481
	13.2003518	47.8651316
	13.2005884	47.8653124
	13.200792	47.8655154
	13.200829	47.865772
	13.2011044	47.865873
	13.2011543	47.865942
	13.2012807	47.8659413
	13.2013381	47.8660125
	13.2015832	47.8660734
	13.2017709	47.8660833
	13.2019054	47.866218
	13.2019889	47.8662449
	13.2021179	47.8662326
	13.2022165	47.8662774
	13.202358	47.8662517
	13.2023768	47.8662951
	13.2022899	47.8662927
	13.2022222	47.8664348
	13.2022696	47.8664743
	13.2021983	47.866558
	13.201934	47.8669078
	13.2018269	47.8671161
	13.20172	47.8675158
	13.2011362	47.8674577
	13.2006803	47.8674618
	13.2001962	47.8675291
	13.1997939	47.867678
	13.1992994	47.8678083
	13.1989923	47.8678456
	13.1986837	47.8678511
	13.1977844	47.8677687
	13.1976522	47.867772
	13.1975194	47.867798
	13.1969787	47.8679794
	13.1965423	47.8680658
	13.1964033	47.8680873
	13.1962517	47.8680749
	13.1963504	47.8681805
	13.196523	47.8683077
	13.195893	47.8685074
	13.1957198	47.8686479
	13.1952701	47.8691064
	13.1947111	47.8690958
	13.193248	47.8690345
	13.1931009	47.8690683
	13.1927496	47.8692039
	13.1925033	47.8693153
	13.1922369	47.8693274
	13.1910759	47.8698701
	13.1907217	47.8700581
	13.1905738	47.8701617
	13.1903138	47.8702666
	13.1901551	47.8702103
	13.1898465	47.8701405
	13.1895885	47.8702148
	13.1894211	47.8703605
	13.1889086	47.8706628
	13.1885391	47.8705788
	13.1884121	47.8704799
	13.188206	47.8703731
	13.1877005	47.8702232
	13.1872536	47.87018
	13.1871465	47.8701914
	13.1868155	47.8703226
	13.1865301	47.8705244
	13.1864086	47.8705007
	13.1862484	47.8705498
	13.1862682	47.8706325
	13.1864511	47.871107
	13.1866377	47.8715263
	13.1869137	47.8720055
	13.1871402	47.8723251
	13.1871639	47.8724322
	13.1871462	47.8726917
	13.1869983	47.8730802
	13.1869063	47.8734895
	13.1867254	47.8739058
	13.1866353	47.8740327
	13.186149	47.8744658
	13.1857892	47.8747521
	13.1853623	47.8749172
	13.1847805	47.875066
	13.184677	47.8750451
	13.1841499	47.8752825
	13.1837237	47.8754438
	13.1841101	47.8758333
	13.1845245	47.876147
	13.1847211	47.8763793
	13.1849924	47.8767739
	13.184431	47.8772194
	13.1839025	47.8776351
	13.1846126	47.8778776
	13.185433	47.8782629
	13.1855985	47.8784451
	13.1857116	47.8789053
	13.1849755	47.8791249
	13.1838762	47.8796947
	13.1832652	47.8799984
	13.182487	47.8801991
	13.1816627	47.8804459
	13.1815593	47.8804453
	13.1806704	47.8809826
	13.1802816	47.8811796
	13.179487	47.8814159
	13.1796277	47.8816317
	13.1797893	47.8817853
	13.1799149	47.8818026
	13.1807632	47.8821106
	13.181129	47.8823505
	13.1815206	47.8827699
	13.1817872	47.8831076
	13.1819473	47.8832888
	13.1821191	47.8834652
	13.182098	47.8836918
	13.1819461	47.8839269
	13.1819917	47.8840829
	13.1821077	47.8842405
	13.1821477	47.884643
	13.1821047	47.8848766
	13.1819434	47.8854036
	13.1817705	47.8858011
	13.1814641	47.8862516
	13.1811149	47.8866922
	13.1810764	47.8868008
	13.1811103	47.8869011
	13.1812267	47.88701
	13.1810982	47.8871844
	13.1806505	47.8879335
	13.1805103	47.8880703
	13.1806534	47.888183
	13.1808236	47.8882179
	13.1808826	47.888295
	13.1807882	47.8884315
	13.1806132	47.8884672
	13.1805847	47.8886385
	13.1805806	47.8890028
	13.180568	47.8892014
	13.1802786	47.8894002
	13.1807105	47.8900654
	13.1807265	47.8901368
	13.1806562	47.8902448
	13.1808345	47.8905908
	13.180716	47.8907284
	13.180795	47.8909447
	13.1808763	47.8912409
	13.1808855	47.8913343
	13.1808402	47.8914005
	13.1807425	47.8914833
	13.180552	47.891674
	13.1804506	47.8916411
	13.1803217	47.8916441
	13.1802541	47.891678
	13.1801248	47.8918027
	13.1799302	47.8920409
	13.179702	47.8922313
	13.1794446	47.8923918
	13.1794245	47.8925609
	13.1794265	47.8926174
	13.1795081	47.8929247
	13.1794461	47.8929892
	13.179367	47.8930112
	13.1792151	47.8929896
	13.178971	47.8930174
	13.178884	47.8930378
	13.1788191	47.893068
	13.1786412	47.8931873
	13.1783543	47.8932403
	13.1777166	47.8932599
	13.1776669	47.8932171
	13.177539	47.893142
	13.1774863	47.8930808
	13.1772916	47.8929261
	13.177075	47.8925105
	13.1768791	47.892162
	13.1769003	47.8921268
	13.1768231	47.8920773
	13.1767796	47.8920713
	13.1764848	47.8921693
	13.1762114	47.8922638
	13.1759978	47.8923304
	13.1757882	47.8923753
	13.1756192	47.892395
	13.1754302	47.8923981
	13.1752365	47.8923923
	13.1744593	47.8923386
	13.1743957	47.8923217
	13.1741784	47.8923073
	13.173889	47.8921927
	13.1737108	47.8921205
	13.1734377	47.892012
	13.1733573	47.8918456
	13.1732103	47.8914274
	13.1730684	47.8912041
	13.173393	47.8910516
	13.1740004	47.8907381
	13.1741346	47.890926
	13.1748881	47.8907871
	13.1758577	47.8905961
	13.1756707	47.8901906
	13.1752853	47.8890672
	13.1762508	47.8888889
	13.1761042	47.8884217
	13.1751443	47.8885381
	13.1751102	47.8883786
	13.1750594	47.8879511
	13.1750244	47.8875525
	13.174953	47.88727
	13.1748287	47.8867861
	13.174534	47.8861234
	13.1744215	47.8858947
	13.1743723	47.8857696
	13.1743411	47.8857336
	13.1739855	47.8859592
	13.1735885	47.8862765
	13.1731759	47.8852284
	13.1729166	47.8846997
	13.17281	47.8843663
	13.1731141	47.8842077
	13.1733999	47.8840501
	13.1735277	47.8839534
	13.1731408	47.8834252
	13.1728012	47.8828758
	13.1719051	47.8831037
	13.1707974	47.8832778
	13.1707005	47.8825722
	13.1700985	47.8821949
	13.1704323	47.8817985
	13.1703537	47.8817748
	13.1700957	47.8817002
	13.1693669	47.8815391
	13.1681174	47.8812848
	13.1679899	47.881261
	13.1681266	47.8810364
	13.1682188	47.8808585
	13.1683339	47.8806167
	13.1683621	47.8805823
	13.1684306	47.8804528
	13.1681667	47.8804092
	13.1676473	47.8802853
	13.1668094	47.8800316
	13.1663436	47.8798789
	13.1661637	47.8800585
	13.1659932	47.8802706
	13.1654741	47.8809411
	13.1652684	47.8811881
	13.1648135	47.8816642
	13.1647195	47.8818217
	13.1645013	47.8821042
	13.1642864	47.8823243
	13.1645225	47.8828217
	13.1644148	47.882994
	13.1645145	47.8830674
	13.1645154	47.8831771
	13.1643114	47.8834085
	13.1640124	47.8834527
	13.1640194	47.8835589
	13.1636689	47.8837217
	13.1634921	47.8836943
	13.1633651	47.8837637
	13.1632521	47.8839151
	13.1630105	47.8839075
	13.1629716	47.8837788
	13.1627841	47.8837364
	13.1624965	47.8837759
	13.1624544	47.8837195
	13.1623279	47.8837572
	13.1621953	47.8836454
	13.1620451	47.8836025
	13.1620294	47.8836756
	13.1618645	47.883763
	13.161536	47.8837154
	13.1614997	47.8838033
	13.1611587	47.8839128
	13.1610599	47.8839005
	13.1610004	47.8839143
	13.1610515	47.8840873
	13.1608785	47.8841238
	13.1607601	47.8842022
	13.1609608	47.8843122
	13.1607918	47.8846499
	13.1606019	47.884802
	13.1601881	47.8848966
	13.1600256	47.8844818
	13.1600663	47.8840259
	13.1603331	47.8836581
	13.1595783	47.8830303
	13.1594376	47.8829136
	13.159167	47.8826696
	13.1589519	47.8823154
	13.1588529	47.882284
	13.1586178	47.8820675
	13.1584376	47.8817437
	13.1582082	47.8812691
	13.1581037	47.8807954
	13.1577732	47.8803488
	13.1573254	47.8797929
	13.1571905	47.8795597
	13.1570521	47.8792901
	13.1569172	47.8789015
	13.1567931	47.8786849
	13.1566213	47.878427
	13.1565521	47.8782379
	13.1565226	47.8781051
	13.1565177	47.87785
	13.1567361	47.8763283
	13.1568211	47.8759546
	13.1568919	47.8758105
	13.1566421	47.8756631
	13.156339	47.8755162
	13.1557079	47.8752189
	13.1549502	47.874955
	13.1545888	47.8747797
	13.1537887	47.8744778
	13.1532351	47.8743582
	13.1521246	47.8741192
	13.1511428	47.8737523
	13.1501901	47.8734369
	13.1497033	47.8741279
	13.149638	47.8743141
	13.1496625	47.8743925
	13.1496612	47.8744161
	13.1495078	47.8743605
	13.1483859	47.8740303
	13.1479602	47.8737243
	13.1477698	47.8735142
	13.1477561	47.8735576
	13.1472885	47.8744474
	13.1468954	47.8751665
	13.1462951	47.8761404
	13.1460506	47.8765463
	13.145802	47.8766995
	13.1450374	47.8770724
	13.1447807	47.8772213
	13.1444966	47.8774358
	13.1440278	47.8778953
	13.144191	47.8781789
	13.144312	47.8782964
	13.1444678	47.8786628
	13.1441695	47.8788224
	13.1435783	47.8789537
	13.142972	47.8792491
	13.1425944	47.8794755
	13.1423228	47.8795712
	13.1419866	47.8796563
	13.1411695	47.8799277
	13.1402694	47.8799951
	13.1398613	47.8801494
	13.1395571	47.8803945
	13.1390344	47.8806564
	13.1388909	47.880837
	13.1381705	47.8812435
	13.1380458	47.8813249
	13.1377808	47.8814932
	13.1375191	47.8817618
	13.1371436	47.8820503
	13.1365014	47.8816829
	13.1358152	47.8813657
	13.1352725	47.8812895
	13.1345476	47.8810785
	13.1339516	47.8809583
	13.1336103	47.8808646
	13.1334732	47.8808324
	13.1331869	47.8807353
	13.1329415	47.8806201
	13.1321979	47.8802944
	13.1316865	47.8799628
	13.1312265	47.8796814
	13.1306882	47.879387
	13.1304684	47.879336
	13.1297219	47.8791962
	13.1291519	47.8789945
	13.1285541	47.8789747
	13.1283151	47.8789086
	13.1279246	47.8789359
	13.1276949	47.8789645
	13.1273657	47.8791132
	13.1270892	47.8791592
	13.1268483	47.8792312
	13.1266023	47.8793649
	13.1264668	47.8794599
	13.1261114	47.8795577
	13.1258965	47.8796562
	13.1262795	47.8797015
	13.126486	47.8796983
	13.1267496	47.8797303
	13.1270484	47.8798228
	13.1273495	47.8799469
	13.127723	47.8800309
	13.1279716	47.8800296
	13.1281892	47.8800028
	13.1283512	47.8800127
	13.1284588	47.8800505
	13.1287243	47.8801716
	13.1291509	47.8803901
	13.1288444	47.8807387
	13.1288153	47.8807656
	13.1289631	47.8810097
	13.1293395	47.8811914
	13.1292892	47.881268
	13.1292626	47.8813371
	13.1285239	47.882158
	13.1270848	47.8813741
	13.1267455	47.8812238
	13.1262824	47.8810957
	13.1260361	47.8817355
	13.1254805	47.882109
	13.1253942	47.8820589
	13.1253408	47.8820986
	13.1235992	47.8829555
	13.1235393	47.8828532
	13.123092	47.8829673
	13.1229091	47.8830484
	13.1228102	47.8830768
	13.1229385	47.8833449
	13.1229483	47.8833558
	13.1227747	47.8834143
	13.1228834	47.883908
	13.1228406	47.8840265
	13.1227797	47.8840193
	13.1224798	47.8841334
	13.1219221	47.8842492
	13.1218582	47.8840732
	13.121577	47.883184
	13.121435	47.8828116
	13.1213263	47.8826423
	13.1210741	47.8824173
	13.1206986	47.8820933
	13.1202424	47.8817444
	13.1199473	47.8815001
	13.1197316	47.8812895
	13.1195387	47.8810233
	13.1194334	47.8808384
	13.1193471	47.8805923
	13.119298	47.8802057
	13.1192985	47.8800232
	13.1193241	47.879839
	13.1193849	47.879576
	13.1195143	47.8793058
	13.119742	47.878971
	13.1198218	47.8785405
	13.1198227	47.8783778
	13.1197961	47.8782131
	13.119688	47.8780056
	13.1192688	47.8774683
	13.1192007	47.877223
	13.1191631	47.8769289
	13.1191787	47.8766974
	13.1191212	47.8760083
	13.1190249	47.8754467
	13.1192419	47.8754144
	13.1193745	47.8753047
	13.119551	47.8752229
	13.1197333	47.8751059
	13.1199686	47.8749172
	13.1199969	47.8747314
	13.1199337	47.8745321
	13.1198396	47.8744366
	13.1194093	47.8742222
	13.1190397	47.8740434
	13.1187997	47.8739142
	13.1188175	47.8739003
	13.1185228	47.8738343
	13.118166	47.8737907
	13.1178407	47.8737822
	13.1175204	47.8738007
	13.1175987	47.8738894
	13.1172326	47.8738464
	13.1169878	47.8737455
	13.1169007	47.8737416
	13.1163168	47.8737383
	13.1159134	47.8736561
	13.1155305	47.8735646
	13.1151632	47.8734356
	13.115026	47.8733815
	13.1148674	47.873227
	13.1147264	47.8730058
	13.1146413	47.8724452
	13.114538	47.8723316
	13.1143321	47.8722092
	13.1140773	47.8721064
	13.1134202	47.8719714
	13.1129841	47.8718423
	13.1126449	47.8716625
	13.112195	47.8714715
	13.1119514	47.8713455
	13.1118654	47.8712926
	13.1116451	47.8709888
	13.1116431	47.8708187
	13.1115044	47.8704856
	13.1114178	47.870381
	13.1113379	47.8701368
	13.1113619	47.8698519
	13.1113911	47.8697403
	13.1114089	47.8695992
	13.1114387	47.8694736
	13.1115062	47.8693445
	13.1117197	47.8691166
	13.1117104	47.868983
	13.111698	47.8688845
	13.1117308	47.8683501
	13.1116572	47.8681968
	13.1115554	47.8680551
	13.1114547	47.8679503
	13.1105886	47.8671984
	13.1103874	47.8670684
	13.1100692	47.8669376
	13.1099474	47.8669195
	13.1097062	47.8669377
	13.1095413	47.8669988
	13.1091265	47.8671573
	13.1087087	47.8671444
	13.1082712	47.8670951
	13.1077717	47.8671416
	13.1070193	47.8671494
	13.1067494	47.8670688
	13.1061174	47.8667849
END
END
