7873678
1
	12.6953694	46.8235737
	12.698187	46.8225238
	12.699349	46.8220627
	12.7000088	46.8215118
	12.7017163	46.8204597
	12.7027377	46.8201356
	12.7043314	46.8196228
	12.7051618	46.8192186
	12.7062106	46.8186915
	12.7072191	46.8182128
	12.7080828	46.8175751
	12.7091768	46.8168088
	12.7095905	46.8169789
	12.7100215	46.8169602
	12.711292	46.8173933
	12.7115506	46.8174717
	12.7122893	46.8176648
	12.7127335	46.8176273
	12.7132691	46.8177327
	12.713809	46.8180471
	12.7140765	46.8179985
	12.714626	46.8177044
	12.7149777	46.8176481
	12.7158403	46.8180958
	12.7161812	46.8182186
	12.7165838	46.8183573
	12.7170379	46.8184608
	12.7176505	46.8185844
	12.7184844	46.8185924
	12.718928	46.8186167
	12.7193953	46.8186319
	12.7198649	46.8184471
	12.7204515	46.8185473
	12.721022	46.8185864
	12.7220077	46.8186492
	12.7229648	46.8186752
	12.723748	46.8184707
	12.7248436	46.8179014
	12.7254037	46.8179052
	12.7259205	46.8177993
	12.7265908	46.8177527
	12.7272528	46.8174985
	12.7278584	46.8173034
	12.7284349	46.8173579
	12.7293916	46.8174271
	12.7302684	46.817477
	12.7311991	46.8175284
	12.732217	46.817458
	12.7323817	46.8174383
	12.7327419	46.8177009
	12.7331515	46.8177487
	12.73349	46.817608
	12.7342338	46.8173427
	12.7355996	46.8173726
	12.7361226	46.8174376
	12.7368275	46.8175695
	12.737611	46.817499
	12.7384223	46.8173197
	12.7390518	46.817297
	12.7393667	46.8172656
	12.7397916	46.8172127
	12.7406094	46.8168627
	12.741093	46.8172735
	12.7415345	46.8176279
	12.7421922	46.8179291
	12.7433088	46.8185109
	12.743515	46.8187723
	12.7439431	46.8188938
	12.7441148	46.8190979
	12.7443347	46.8192299
	12.7448341	46.8192523
	12.7452802	46.8191895
	12.7454036	46.8192363
	12.7456782	46.8194586
	12.7463973	46.8193558
	12.7463228	46.8191647
	12.7460991	46.8189083
	12.7458832	46.8187914
	12.745837	46.8187363
	12.7463689	46.8187312
	12.7468622	46.8187841
	12.7471701	46.8187222
	12.7475088	46.8188079
	12.7481469	46.8187727
	12.7485619	46.8186523
	12.74902	46.8184491
	12.7493703	46.8182263
	12.7498821	46.8182349
	12.7501245	46.8181855
	12.7505175	46.817943
	12.750911	46.8179374
	12.7514064	46.818082
	12.7520227	46.818124
	12.7525788	46.8182173
	12.7528502	46.8182411
	12.753256	46.8182031
	12.7536184	46.8182446
	12.754315	46.8183316
	12.7538477	46.8172338
	12.7536938	46.8168305
	12.7542345	46.8167011
	12.7556086	46.816413
	12.7547806	46.8146721
	12.7565471	46.8141408
	12.7570199	46.8139939
	12.7570781	46.8139875
	12.7579187	46.8154351
	12.7580346	46.8156239
	12.7582176	46.8155911
	12.7604579	46.8150156
	12.7610621	46.8153202
	12.7612731	46.8154089
	12.7613404	46.8154576
	12.7615859	46.8155968
	12.7618183	46.8156888
	12.7619002	46.8155887
	12.7619035	46.815519
	12.762458	46.816075
	12.7633005	46.8169172
	12.7635533	46.8167918
	12.7643437	46.8176067
	12.764958	46.8172374
	12.766034	46.8181724
	12.766137	46.8182229
	12.7663749	46.8181243
	12.7667861	46.8183675
	12.767024	46.8186652
	12.767392	46.8189605
	12.7675149	46.8190729
	12.767634	46.8192593
	12.767701	46.8194032
	12.7676898	46.8195587
	12.767649	46.8196648
	12.7678553	46.8195923
	12.7683257	46.8191709
	12.7691443	46.8180942
	12.7702456	46.8187586
	12.7706093	46.8182049
	12.7706823	46.8178605
	12.7697583	46.8175839
	12.7694579	46.8174354
	12.769721	46.817016
	12.7699417	46.8170428
	12.7700295	46.8168912
	12.770253	46.8169963
	12.770946	46.8168929
	12.771788	46.8167718
	12.7723931	46.8166897
	12.7729252	46.8173202
	12.7733105	46.8176716
	12.7737081	46.8181015
	12.7739881	46.8184112
	12.7740611	46.8186214
	12.7740345	46.8188412
	12.773931	46.8191005
	12.7738727	46.8192242
	12.7746931	46.8190451
	12.7747113	46.8190696
	12.774788	46.819071
	12.7748384	46.819188
	12.7751326	46.8191841
	12.7753176	46.8192414
	12.7755218	46.8193357
	12.7761426	46.8197193
	12.7762185	46.81978
	12.7762431	46.8198439
	12.7762386	46.8199768
	12.7762079	46.8201353
	12.776177	46.8202091
	12.7760292	46.8204009
	12.7759592	46.8204643
	12.7760828	46.8205576
	12.7765588	46.820566
	12.7770693	46.8205591
	12.7773963	46.8205898
	12.7777584	46.8206746
	12.7782499	46.8208563
	12.7784865	46.8208827
	12.7793127	46.8210506
	12.7801768	46.8215301
	12.780027	46.8217118
	12.7798002	46.821951
	12.7802271	46.82214
	12.7809415	46.8219175
	12.7810296	46.8219754
	12.781137	46.8220929
	12.7810926	46.8221752
	12.7810904	46.8222642
	12.780894	46.8225723
	12.7808394	46.8227155
	12.780535	46.8239343
	12.7805078	46.8240016
	12.7804521	46.8240645
	12.7801704	46.8243607
	12.780033	46.8246131
	12.7799354	46.8248165
	12.7796774	46.8255476
	12.7796699	46.8256366
	12.7796308	46.8258586
	12.7795946	46.8258579
	12.7794407	46.8260752
	12.7796582	46.8261716
	12.7796803	46.8261959
	12.7794668	46.8264664
	12.7794271	46.8265598
	12.779504	46.8267388
	12.7795284	46.8269669
	12.7803196	46.8264994
	12.7809807	46.8261586
	12.7812022	46.8259991
	12.7821628	46.8255033
	12.7825268	46.825266
	12.7827531	46.8251431
	12.7836367	46.8246211
	12.7845023	46.824102
	12.7850185	46.8238112
	12.7855314	46.8235841
	12.7871472	46.8229858
	12.788547	46.8224981
	12.7890787	46.8223274
	12.7894371	46.8221999
	12.7902089	46.8220069
	12.7906378	46.8219248
	12.7913452	46.8218571
	12.7919106	46.8217993
	12.7924542	46.8217831
	12.7940446	46.821761
	12.7960196	46.8217407
	12.7961834	46.8217224
	12.7965789	46.8216803
	12.7972542	46.8216512
	12.7980718	46.8215597
	12.7987671	46.8214476
	12.79929	46.8213272
	12.8014163	46.8207146
	12.8016172	46.8209336
	12.8018175	46.8210752
	12.8025707	46.8215542
	12.8031334	46.8218937
	12.8035873	46.8221682
	12.8042595	46.8225879
	12.8053303	46.8232588
	12.8061105	46.8237383
	12.8074221	46.8245752
	12.808583	46.8252799
	12.8086157	46.8253808
	12.8081529	46.8253952
	12.8075098	46.8252227
	12.8076877	46.8258194
	12.8078703	46.8262795
	12.8079597	46.8265784
	12.8081451	46.8271542
	12.808285	46.8274635
	12.8084627	46.8277841
	12.8085007	46.8278276
	12.8054078	46.8285812
	12.8037087	46.8290126
	12.8018552	46.8294369
	12.8014376	46.8295364
	12.8010436	46.8296359
	12.8002173	46.8298192
	12.7995875	46.8299688
	12.7992464	46.8300415
	12.7988692	46.8301353
	12.7986233	46.8301491
	12.7986132	46.830165
	12.7985966	46.8302044
	12.7985109	46.8302086
	12.7984849	46.8302338
	12.7982219	46.8303869
	12.7979188	46.8305759
	12.7978357	46.8306676
	12.7976747	46.8309062
	12.7974977	46.8311851
	12.7974467	46.8312457
	12.7973394	46.8313136
	12.7971892	46.8313613
	12.7970149	46.8313943
	12.796693	46.8314255
	12.7964463	46.8314934
	12.7962532	46.8315393
	12.7960493	46.831587
	12.795918	46.8316596
	12.7958401	46.8317246
	12.7957033	46.8318897
	12.7956726	46.8320835
	12.7956199	46.8320737
	12.7956003	46.8322524
	12.7956281	46.8324615
	12.7956781	46.8327448
	12.7955836	46.8331593
	12.7955066	46.8335224
	12.7954211	46.8335399
	12.7953522	46.8336308
	12.7949878	46.833777
	12.7945387	46.8339092
	12.79391	46.8340565
	12.7937553	46.8341111
	12.7936586	46.8342075
	12.7936195	46.8342933
	12.7933688	46.8344666
	12.7926637	46.8348685
	12.7920057	46.835224
	12.7917602	46.8353169
	12.7914887	46.8353455
	12.7910022	46.8353347
	12.7897461	46.8351974
	12.7897277	46.8352475
	12.7896746	46.8352655
	12.7895352	46.8355926
	12.7894945	46.8356365
	12.7894298	46.8357063
	12.7891135	46.8359657
	12.7884018	46.8362667
	12.7880733	46.836483
	12.7878807	46.8365219
	12.7875807	46.8365191
	12.7870768	46.83666
	12.7870471	46.836642
	12.7852895	46.8367896
	12.7853341	46.8368964
	12.7853927	46.8371675
	12.7851131	46.8372015
	12.7851461	46.8375994
	12.7846529	46.8377494
	12.7843569	46.8377937
	12.7840568	46.8374151
	12.7839111	46.8372888
	12.7837283	46.837153
	12.7828829	46.8372722
	12.7811939	46.8374886
	12.7794077	46.837723
	12.7780816	46.8379089
	12.7776822	46.8379685
	12.777591	46.8375399
	12.7775302	46.8372917
	12.7774389	46.8373374
	12.7763805	46.8375052
	12.7758331	46.8375344
	12.7747849	46.8376162
	12.7742841	46.8376911
	12.7736474	46.8378104
	12.7735906	46.8378548
	12.7734771	46.8382986
	12.7732014	46.8389047
	12.7729236	46.8394927
	12.772954	46.8398006
	12.7730067	46.8405149
	12.7730716	46.8411002
	12.7729763	46.8413775
	12.7726215	46.8414483
	12.7723133	46.8416313
	12.7718267	46.8417673
	12.7712529	46.8419087
	12.7709123	46.8419559
	12.7707217	46.8418976
	12.7702675	46.8416577
	12.7700931	46.8415107
	12.7698365	46.8411011
	12.7697005	46.8408507
	12.769642	46.8406775
	12.7695918	46.8403513
	12.7695687	46.8398161
	12.7695144	46.8396244
	12.7693094	46.8394727
	12.7690897	46.8395514
	12.768822	46.8397704
	12.7685605	46.8400565
	12.7684705	46.8402225
	12.7682363	46.8402597
	12.7681045	46.8405087
	12.7677698	46.8410367
	12.7673577	46.8413929
	12.7670732	46.8418637
	12.7669582	46.841991
	12.7668808	46.8420354
	12.7668159	46.8420197
	12.7663725	46.8419352
	12.7662135	46.8418222
	12.7660942	46.8418093
	12.7658704	46.8419524
	12.7657742	46.8420712
	12.765588	46.8423373
	12.7653077	46.842406
	12.7651132	46.8423359
	12.7649207	46.8422357
	12.7649207	46.8421227
	12.7647848	46.8420597
	12.7646404	46.8421341
	12.7645107	46.8422286
	12.7643476	46.8424332
	12.7639543	46.8422758
	12.763126	46.841888
	12.7625361	46.8416877
	12.7623729	46.8416362
	12.7619901	46.8419939
	12.76144	46.8426406
	12.761212	46.8426921
	12.7611283	46.8427751
	12.7611116	46.8429368
	12.7609986	46.8430999
	12.7607539	46.8433131
	12.7605007	46.8437152
	12.7603309	46.8439109
	12.7601296	46.8440399
	12.7600837	46.8440989
	12.7600333	46.8440231
	12.7599222	46.8437522
	12.7598298	46.8436134
	12.7594373	46.8433517
	12.7591947	46.8432561
	12.7588708	46.8430608
	12.7587189	46.8430694
	12.7586817	46.8433065
	12.7587205	46.8436982
	12.7585976	46.8438168
	12.7584192	46.8438319
	12.7578656	46.843749
	12.7577786	46.8437844
	12.757668	46.8440245
	12.7575486	46.8441421
	12.7572827	46.8443716
	12.7571358	46.8445599
	12.7569034	46.8447505
	12.7567004	46.844979
	12.7565114	46.8451007
	12.7562211	46.8451726
	12.7560054	46.8451287
	12.7556968	46.8451114
	12.7554582	46.8450795
	12.7553052	46.8450293
	12.7551093	46.844983
	12.7552913	46.8446729
	12.7553881	46.8445432
	12.7554297	46.8444936
	12.755412	46.8444287
	12.7553658	46.8443715
	12.7551108	46.8442734
	12.7549939	46.8442065
	12.7548166	46.8441394
	12.7547324	46.8440398
	12.7542381	46.8438641
	12.7540982	46.8439169
	12.7540055	46.8440141
	12.7530442	46.8438105
	12.753055	46.8431161
	12.7528855	46.8431148
	12.7525561	46.8430687
	12.7523128	46.843102
	12.7516852	46.8430476
	12.7510412	46.8430491
	12.7503224	46.8430851
	12.7497061	46.84352
	12.74943	46.8434575
	12.7489364	46.8434832
	12.7487165	46.8435346
	12.7483893	46.8435382
	12.7482069	46.8433878
	12.7480781	46.8432153
	12.7479065	46.8429438
	12.7479333	46.8428337
	12.7477026	46.8423127
	12.7478796	46.842309
	12.7480728	46.8423714
	12.7481264	46.8423347
	12.7480245	46.8417256
	12.7476007	46.8416559
	12.7476061	46.841421
	12.747531	46.8410651
	12.7474559	46.8410394
	12.7473164	46.8410541
	12.7472145	46.840878
	12.7471072	46.8407532
	12.7471715	46.8405918
	12.747134	46.8404707
	12.747193	46.8402652
	12.7471555	46.8401661
	12.7469838	46.8401074
	12.7465385	46.8402799
	12.7462864	46.8399092
	12.7465976	46.8397551
	12.746855	46.8396854
	12.7472145	46.8395863
	12.7476758	46.8394946
	12.7480889	46.8393845
	12.7480138	46.8392487
	12.7480191	46.8390396
	12.7481371	46.8389882
	12.7484912	46.8389662
	12.7484966	46.8387167
	12.7484322	46.8386359
	12.7482713	46.8384414
	12.7481801	46.8384011
	12.7481479	46.838357
	12.7478421	46.8384341
	12.7471286	46.8388084
	12.7469892	46.8386983
	12.7469141	46.8384414
	12.7469301	46.8383497
	12.7468765	46.8381515
	12.7462425	46.8382269
	12.7461487	46.8381415
	12.7460289	46.8381222
	12.7458036	46.8377112
	12.7454788	46.8377242
	12.7453476	46.8376048
	12.7452243	46.8372782
	12.7451974	46.8369846
	12.7450687	46.8365846
	12.7458465	46.8363644
	12.7459646	46.8363644
	12.7460879	46.8363387
	12.7461952	46.836236
	12.7462357	46.8360923
	12.7462489	46.8359938
	12.7463079	46.8358763
	12.7462757	46.8358029
	12.7462596	46.8356929
	12.7462489	46.8355094
	12.7462811	46.835356
	12.7464742	46.8351725
	12.7465868	46.8351314
	12.7467531	46.8350139
	12.7474398	46.8347644
	12.7481693	46.8344855
	12.7487648	46.8342726
	12.7487272	46.8341736
	12.7484322	46.8342183
	12.7474344	46.8343614
	12.7471233	46.8344341
	12.747075	46.8343504
	12.7469409	46.8342029
	12.7464527	46.8344011
	12.7454764	46.8347754
	12.7448488	46.8350139
	12.7445215	46.835102
	12.7439744	46.835135
	12.7436149	46.835069
	12.7434004	46.835058
	12.7424616	46.8350653
	12.7418608	46.8351497
	12.7409352	46.8353539
	12.7400656	46.8355898
	12.7395648	46.8357369
	12.739023	46.8357956
	12.7382291	46.8357222
	12.737639	46.8357626
	12.7372532	46.8357619
	12.7366895	46.8357185
	12.7359599	46.8356084
	12.7352464	46.8356084
	12.7344847	46.8356268
	12.7338785	46.8357332
	12.7336532	46.8357736
	12.733208	46.8359057
	12.7325696	46.8361185
	12.7316898	46.8363974
	12.7305848	46.836702
	12.7300859	46.8368378
	12.7292651	46.8369956
	12.7289701	46.8369919
	12.7286858	46.8370286
	12.7282191	46.8370763
	12.7277094	46.8370433
	12.7269531	46.8371094
	12.726481	46.8372011
	12.7264829	46.8364068
	12.7268731	46.8361009
	12.7271344	46.8357345
	12.7277255	46.8350163
	12.7276866	46.8346433
	12.7278264	46.8344616
	12.7270955	46.8336322
	12.7267004	46.8331731
	12.7263678	46.8326997
	12.7252504	46.8321832
	12.7244959	46.8320751
	12.7236588	46.8319721
	12.7228029	46.8318374
	12.7219451	46.8315574
	12.7216648	46.831771
	12.719802	46.8315835
	12.7193704	46.8320399
	12.718955	46.8321782
	12.718838	46.8322845
	12.7188179	46.8323665
	12.7180771	46.8326786
	12.7171531	46.8328419
	12.7162518	46.8330684
	12.7153297	46.8331882
	12.7148225	46.8333537
	12.7147385	46.8335302
	12.714579	46.8335708
	12.7143754	46.8337025
	12.7137641	46.8341387
	12.7129012	46.834146
	12.7124096	46.8342387
	12.7117967	46.8344857
	12.7113077	46.8348378
	12.7108282	46.8351725
	12.7091335	46.8356204
	12.7085102	46.8360242
	12.7084246	46.8365028
	12.7079373	46.8367167
	12.7073466	46.8368525
	12.706844	46.8369163
	12.7063424	46.8372943
	12.7054745	46.8364624
	12.7040454	46.8357248
	12.703378	46.8353784
	12.7031023	46.8347325
	12.7027654	46.8341222
	12.7022258	46.8337016
	12.7019093	46.832964
	12.7017462	46.8326326
	12.7012135	46.832009
	12.7010317	46.8319995
	12.7009265	46.8319312
	12.7003337	46.8318945
	12.6998751	46.830657
	12.6999657	46.8303028
	12.6989218	46.8289992
	12.6983848	46.8280247
	12.6967428	46.8259179
	12.6958233	46.8244813
	12.6953694	46.8235737
END
END
