7873077
1
	15.2453204	48.6957282
	15.2453476	48.6953695
	15.2456927	48.6953032
	15.246603	48.6951812
	15.2475241	48.6950825
	15.2474182	48.6946001
	15.2473964	48.6943221
	15.2476029	48.6928692
	15.2476872	48.6919957
	15.2477035	48.6917284
	15.2481355	48.690697
	15.2482904	48.6902163
	15.2482795	48.6897714
	15.2488746	48.6896782
	15.249092	48.6896817
	15.2493148	48.6896602
	15.2496382	48.689497
	15.2496518	48.6894145
	15.2505947	48.6892961
	15.2512604	48.6891795
	15.2518636	48.6891077
	15.2530946	48.6889122
	15.2531788	48.6883651
	15.2526109	48.6884153
	15.252418	48.687122
	15.2510661	48.6867841
	15.251169	48.6875792
	15.2507712	48.6876178
	15.2506294	48.6869383
	15.2504124	48.6865104
	15.2501008	48.6859907
	15.2505195	48.6858913
	15.2512778	48.6852003
	15.2518024	48.6851815
	15.252192	48.6851935
	15.2525374	48.6850443
	15.2536801	48.6848248
	15.2540593	48.6847803
	15.2540333	48.6840018
	15.2539086	48.6831822
	15.2547423	48.6829131
	15.2557967	48.6824947
	15.2557863	48.6819923
	15.2555838	48.6811949
	15.2567368	48.6809429
	15.2565914	48.6806325
	15.2570797	48.6805622
	15.2575186	48.6804851
	15.2582821	48.6803633
	15.2586015	48.6802519
	15.2590794	48.6801678
	15.2593599	48.6805828
	15.2609571	48.6800135
	15.261557	48.6797031
	15.2620426	48.6795059
	15.2627023	48.6793516
	15.2627257	48.6794476
	15.2635957	48.6795522
	15.2643332	48.6795677
	15.2648449	48.6794528
	15.265985	48.679307
	15.2660031	48.6791784
	15.2676107	48.67882
	15.2678626	48.6788115
	15.2685249	48.6790721
	15.2682989	48.6808057
	15.2689041	48.6807097
	15.2702	48.6804473
	15.2714596	48.6803084
	15.2720413	48.6806994
	15.2725218	48.680293
	15.2730594	48.6799106
	15.27408	48.6797614
	15.2747111	48.6797923
	15.2751682	48.6797306
	15.2761992	48.6794974
	15.2769965	48.6792847
	15.2775289	48.679091
	15.2781288	48.6790601
	15.2783522	48.6787309
	15.2781756	48.6783107
	15.2789677	48.6781358
	15.2792014	48.6780689
	15.279539	48.6779249
	15.2797857	48.6778597
	15.280235	48.6778529
	15.2810401	48.6778117
	15.2817777	48.6777037
	15.2821231	48.6776402
	15.2824399	48.6775425
	15.2827698	48.6775065
	15.2830814	48.6775082
	15.2834294	48.6774893
	15.2839696	48.677443
	15.2849279	48.6774139
	15.2847773	48.6769132
	15.2843955	48.67603
	15.2841981	48.6755961
	15.2825776	48.6756733
	15.2825672	48.675224
	15.2825308	48.6745517
	15.2823776	48.6739464
	15.2822607	48.6732998
	15.2820712	48.6724269
	15.2819023	48.6722468
	15.2818114	48.6715831
	15.2817465	48.6712538
	15.2812713	48.670139
	15.2806817	48.6689985
	15.2819799	48.6688833
	15.2827642	48.6688008
	15.2840271	48.66872
	15.284495	48.6686778
	15.2839606	48.6676946
	15.2841813	48.6676682
	15.284144	48.6674066
	15.2841999	48.6665796
	15.2842663	48.6662337
	15.2869091	48.6660563
	15.2865847	48.6657368
	15.2869676	48.6657122
	15.2879646	48.6656929
	15.2889031	48.6656332
	15.290687	48.6654646
	15.2914315	48.6653873
	15.29237	48.6653487
	15.2925667	48.6653224
	15.2937126	48.6652275
	15.2936249	48.6650133
	15.2934255	48.6643864
	15.2933537	48.6638263
	15.2932075	48.6630571
	15.2924657	48.6630747
	15.2918303	48.6631116
	15.2914527	48.6631836
	15.2903813	48.6632749
	15.2895491	48.6633364
	15.2888924	48.6633416
	15.2879566	48.663317
	15.2869383	48.6632099
	15.2854494	48.6629939
	15.2856701	48.66259
	15.2860955	48.6620948
	15.286146	48.6617647
	15.2861646	48.6607075
	15.2863082	48.659617
	15.2859147	48.6593869
	15.2849975	48.6587723
	15.2847422	48.6585176
	15.2845508	48.658414
	15.284253	48.658349
	15.2837426	48.6583368
	15.2832268	48.6583771
	15.2825222	48.6583192
	15.2820703	48.6583069
	15.2816715	48.6582525
	15.2810121	48.658349
	15.2799779	48.6584632
	15.2798343	48.6584158
	15.2797572	48.6582612
	15.2789836	48.6580347
	15.2788878	48.6581014
	15.2789251	48.6583069
	15.2784837	48.6582472
	15.2783056	48.658205
	15.2783215	48.6580558
	15.2784066	48.6579732
	15.2783428	48.6579135
	15.2771969	48.6575096
	15.2769683	48.6575008
	15.2768433	48.6577028
	15.2766652	48.6576905
	15.2763807	48.6575026
	15.2761441	48.6576554
	15.2761308	48.6577168
	15.275833	48.657694
	15.2755485	48.6575816
	15.2753412	48.6576676
	15.2748626	48.6576957
	15.2744213	48.6576062
	15.2743521	48.6575711
	15.2743388	48.6575061
	15.2743548	48.6574235
	15.2740491	48.6572462
	15.2737087	48.6571777
	15.2735412	48.6571935
	15.2734907	48.657283
	15.2733286	48.6573234
	15.2731318	48.6573305
	15.2725868	48.6572233
	15.2725389	48.6571706
	15.272632	48.6571039
	15.2723821	48.6569529
	15.2722731	48.6569757
	15.2720737	48.6569529
	15.2717972	48.6568967
	15.2717307	48.6568422
	15.2716695	48.6567614
	15.2716376	48.6566684
	15.2713372	48.6565068
	15.2711298	48.6564664
	15.2710634	48.6565279
	15.2710155	48.6566034
	15.2709065	48.6565735
	15.2706433	48.6563312
	15.2705423	48.6561801
	15.2700158	48.6559167
	15.2698909	48.6559184
	15.2697819	48.6560027
	15.2696702	48.655943
	15.2695745	48.6557481
	15.2696303	48.6556954
	15.2695426	48.6554846
	15.2690667	48.6551896
	15.2687503	48.6549103
	15.2683834	48.6548366
	15.268285	48.6549156
	15.2681787	48.6548928
	15.2680484	48.6548137
	15.2678783	48.6545837
	15.2674795	48.6545538
	15.2672428	48.654329
	15.2670355	48.6540603
	15.2671923	48.6539777
	15.2670355	48.6537722
	15.2667616	48.6536528
	15.2661794	48.6535386
	15.2657061	48.6533929
	15.2657753	48.6533419
	15.2657779	48.6532769
	15.2656689	48.653212
	15.2652967	48.6531751
	15.2649617	48.6531663
	15.2646958	48.6531979
	15.2643608	48.653291
	15.2641721	48.6533138
	15.2635765	48.6531856
	15.2626088	48.6528624
	15.2620398	48.6526376
	15.2618723	48.6522301
	15.2617314	48.6518069
	15.261883	48.6515539
	15.2620505	48.6514099
	15.2624306	48.6512694
	15.2626965	48.6511183
	15.2630076	48.6510937
	15.2632229	48.6508865
	15.2632921	48.6506265
	15.2630288	48.6502524
	15.2628268	48.6501523
	15.2630395	48.6494497
	15.2639753	48.6494497
	15.2640338	48.6492934
	15.2645549	48.6492196
	15.2647783	48.6491002
	15.2653711	48.6490369
	15.2661289	48.6490158
	15.2666314	48.648979
	15.2674662	48.6488472
	15.2673971	48.6484766
	15.2684073	48.6483852
	15.2684073	48.6480831
	15.2686573	48.6480779
	15.2688965	48.6480568
	15.2697207	48.6478688
	15.2697925	48.6478267
	15.2699007	48.6475288
	15.2699228	48.6472646
	15.2701674	48.6472558
	15.2702152	48.6468887
	15.2712628	48.6469361
	15.2716057	48.6470309
	15.2716935	48.6468764
	15.2717679	48.6466375
	15.2718796	48.6463968
	15.2721773	48.646035
	15.272632	48.6454728
	15.2715845	48.6451268
	15.271954	48.644656
	15.2722996	48.6443855
	15.2736476	48.6446455
	15.2743894	48.6446876
	15.275431	48.6446569
	15.2757467	48.6446174
	15.2760543	48.6445383
	15.2763264	48.6443728
	15.2764462	48.6442811
	15.2767292	48.6442775
	15.2779376	48.6443638
	15.2783241	48.6445041
	15.2785826	48.6446102
	15.2790099	48.6448242
	15.2793446	48.6449357
	15.2801339	48.6448691
	15.2819982	48.6446749
	15.2826133	48.644594
	15.2826704	48.6445544
	15.2832556	48.6446156
	15.28328	48.6442308
	15.2838135	48.644157
	15.2846708	48.6439952
	15.2854519	48.6439071
	15.2859608	48.6438765
	15.2861921	48.6438765
	15.2866766	48.6439215
	15.287406	48.6439251
	15.2876563	48.6438981
	15.2882306	48.6438154
	15.2886307	48.643756
	15.2891015	48.643747
	15.2891668	48.6439736
	15.2897465	48.643997
	15.2907426	48.6440815
	15.2920136	48.644211
	15.2928818	48.6443207
	15.2944467	48.6445976
	15.2955462	48.6447864
	15.2953611	48.6451029
	15.2973043	48.6453798
	15.2973207	48.6454302
	15.2975384	48.6454625
	15.2988121	48.6457592
	15.2999579	48.6459337
	15.3009757	48.6461998
	15.3012942	48.6468381
	15.3016861	48.6467446
	15.3021134	48.6466781
	15.3023093	48.6466421
	15.3024753	48.6466421
	15.3025243	48.6466062
	15.3026713	48.6466044
	15.3028455	48.6466277
	15.3030496	48.6466763
	15.3036456	48.6466583
	15.3039695	48.646617
	15.3046771	48.6465918
	15.305382	48.6466134
	15.3059834	48.6466457
	15.3069115	48.6467284
	15.3070258	48.6465774
	15.308441	48.6467572
	15.3087676	48.6467842
	15.3108496	48.6468615
	15.3116389	48.6468651
	15.3130269	48.646919
	15.3131711	48.6468975
	15.3137889	48.6468723
	15.3145918	48.6468597
	15.3152776	48.6468903
	15.3159634	48.6468831
	15.3166384	48.6469173
	15.3175039	48.6469838
	15.31847	48.6470701
	15.3185108	48.646777
	15.3185598	48.6464983
	15.3188102	48.6457628
	15.3197274	48.645601
	15.3203506	48.6455542
	15.3215209	48.6453636
	15.3220816	48.6451227
	15.3225769	48.644977
	15.3231348	48.6447504
	15.3240574	48.6443171
	15.3247324	48.644015
	15.3252848	48.6439197
	15.3260496	48.64397
	15.3261802	48.6436607
	15.3263299	48.6433928
	15.3264606	48.6432615
	15.328216	48.6424739
	15.3283983	48.6424631
	15.328744	48.6423354
	15.3294461	48.6419236
	15.3295523	48.6416718
	15.3300639	48.6417815
	15.331588	48.641929
	15.3334196	48.6413643
	15.3345382	48.640983
	15.3350363	48.6407726
	15.3355261	48.6406881
	15.3359834	48.6406324
	15.3365059	48.640636
	15.3373986	48.6406809
	15.3389907	48.6404579
	15.3404467	48.6402511
	15.3409992	48.6401036
	15.3416796	48.639895
	15.3425723	48.6397152
	15.3435575	48.6395192
	15.3442134	48.6393663
	15.3448557	48.6393124
	15.3457048	48.639217
	15.3458681	48.6392296
	15.3473759	48.6390911
	15.349251	48.6388681
	15.3503696	48.6387602
	15.3518148	48.6386829
	15.3526394	48.6386523
	15.3537689	48.6386307
	15.3537852	48.6385444
	15.3546506	48.6385354
	15.3562292	48.6385139
	15.3570021	48.6385121
	15.3569885	48.6390696
	15.3570919	48.6399724
	15.3572552	48.6405083
	15.3574484	48.6407834
	15.3576308	48.6409255
	15.357922	48.6413193
	15.3582785	48.6418049
	15.3584364	48.6420674
	15.3585616	48.642348
	15.358929	48.64299
	15.3592882	48.6436427
	15.3592392	48.6443045
	15.3592991	48.6448404
	15.3592311	48.64561
	15.3588419	48.6455488
	15.3587439	48.6457628
	15.3586323	48.6464335
	15.3581969	48.6463904
	15.358137	48.6466242
	15.358782	48.6478631
	15.3590242	48.6483288
	15.3591766	48.6487208
	15.3589916	48.6493159
	15.3589344	48.6497906
	15.358782	48.6502113
	15.3584908	48.6501035
	15.3582077	48.6501466
	15.3579873	48.6504397
	15.3577968	48.6504325
	15.357609	48.6507166
	15.3571763	48.6508424
	15.3570048	48.6514304
	15.3566483	48.6520111
	15.3561666	48.6530935
	15.3562128	48.6539583
	15.3554753	48.6540733
	15.3547595	48.6542279
	15.354901	48.6552276
	15.3549391	48.6556501
	15.3550453	48.6561534
	15.3552957	48.6564033
	15.3555651	48.6566676
	15.357228	48.656691
	15.3583928	48.6567665
	15.3588119	48.6567988
	15.3592038	48.6568492
	15.3601809	48.6568384
	15.3605129	48.6568276
	15.3612015	48.6567341
	15.3618492	48.6567197
	15.3626085	48.6567305
	15.3635311	48.6567719
	15.3638768	48.6568312
	15.364187	48.6569517
	15.36539	48.6575971
	15.3658282	48.6578469
	15.3666174	48.6581076
	15.3673332	48.6591809
	15.3676434	48.6595674
	15.3679755	48.6601175
	15.3683592	48.6608743
	15.3680272	48.6610307
	15.3674366	48.6612643
	15.366582	48.6614171
	15.366416	48.662014
	15.3661547	48.6625946
	15.3661221	48.6628175
	15.3661384	48.6637702
	15.3661194	48.6644443
	15.3657166	48.6644389
	15.3652947	48.6644766
	15.3653274	48.6655066
	15.3655436	48.6667123
	15.3656159	48.6670542
	15.3656975	48.6671458
	15.3661956	48.6669301
	15.36711	48.6669266
	15.3673849	48.6667396
	15.3676489	48.6666174
	15.3684681	48.6665311
	15.3691594	48.6662004
	15.3693199	48.6662417
	15.3695077	48.666159
	15.3697554	48.6657546
	15.3701119	48.6655623
	15.3702208	48.665627
	15.370365	48.665778
	15.3706236	48.6660782
	15.3711407	48.6666965
	15.3716659	48.6675305
	15.3719599	48.6682315
	15.3722674	48.668848
	15.3725096	48.6692649
	15.3729478	48.6702679
	15.3731465	48.6705842
	15.3734431	48.671233
	15.3737098	48.671357
	15.3738704	48.6712959
	15.3740609	48.6713013
	15.3742923	48.6714109
	15.3744202	48.6715619
	15.3745889	48.6716446
	15.3748992	48.6716104
	15.3751223	48.6713858
	15.3755061	48.6713372
	15.3758027	48.6711683
	15.3758463	48.6715601
	15.3761239	48.6714774
	15.3763117	48.6712654
	15.3766246	48.6710784
	15.3769921	48.6710533
	15.3771472	48.6711449
	15.3771581	48.6713462
	15.3773159	48.671375
	15.3773976	48.6712006
	15.3775854	48.6712042
	15.3779555	48.6714415
	15.3785434	48.6715278
	15.3786522	48.6714756
	15.3788237	48.6713408
	15.3794143	48.6714091
	15.3793408	48.671472
	15.3794061	48.6715565
	15.3797245	48.6716356
	15.3798497	48.67165
	15.3800375	48.6713283
	15.3803178	48.6714469
	15.3803777	48.6715942
	15.3803478	48.6717111
	15.3804947	48.6718297
	15.3806961	48.6718135
	15.3808431	48.671641
	15.3811016	48.6715206
	15.3813738	48.6715493
	15.3815861	48.6716482
	15.3817929	48.6717758
	15.3821957	48.6716805
	15.3822855	48.6715295
	15.3824896	48.671463
	15.3825958	48.6716302
	15.3830639	48.6717812
	15.3834123	48.6716068
	15.383679	48.6716086
	15.3844465	48.6718405
	15.3850588	48.671889
	15.3856412	48.6719986
	15.3858508	48.6721244
	15.3864441	48.6722808
	15.3867979	48.6722934
	15.3868959	48.6722269
	15.3871952	48.6721676
	15.3873014	48.6724084
	15.3877423	48.6731471
	15.388371	48.6738875
	15.3898134	48.6754366
	15.390189	48.6759884
	15.3907578	48.6770846
	15.3910163	48.6787091
	15.3911143	48.6791763
	15.3913511	48.6792428
	15.3917729	48.6793326
	15.3921676	48.6793902
	15.392554	48.6794135
	15.3924778	48.6783497
	15.3924669	48.6777477
	15.39272	48.6770199
	15.392984	48.676673
	15.3930847	48.6764861
	15.3931038	48.676231
	15.3932889	48.6756828
	15.3936236	48.6751725
	15.3939175	48.674229
	15.3940074	48.6739073
	15.3940645	48.6735388
	15.3941843	48.6731183
	15.3942958	48.6729548
	15.394353	48.6726331
	15.3942469	48.6723419
	15.394206	48.6718584
	15.3942958	48.6710623
	15.3954008	48.6713301
	15.3960703	48.6715727
	15.3966473	48.671747
	15.3972379	48.6719878
	15.3984272	48.6725881
	15.3993634	48.6727643
	15.3996873	48.6728649
	15.4003323	48.6729745
	15.4007324	48.6729907
	15.4012059	48.6728739
	15.4012876	48.6727984
	15.4026239	48.6727643
	15.4035927	48.6726133
	15.4046514	48.6723491
	15.4048474	48.6723365
	15.4053373	48.6722341
	15.4060857	48.6719753
	15.406845	48.6717632
	15.4076914	48.671499
	15.4079037	48.6714091
	15.410198	48.6710389
	15.4110798	48.6708178
	15.4113111	48.6707334
	15.4119725	48.670178
	15.4122174	48.669779
	15.4127726	48.6697071
	15.4145988	48.6693153
	15.4151404	48.6692164
	15.4159351	48.6690205
	15.4165719	48.6689288
	15.4179028	48.6687869
	15.4185015	48.6687401
	15.4195575	48.6685999
	15.4204284	48.6684975
	15.421166	48.6684346
	15.4214299	48.668431
	15.4218219	48.6684525
	15.4241706	48.6687488
	15.4248258	48.6695805
	15.4250407	48.669799
	15.4251311	48.6698464
	15.4255298	48.6701749
	15.4257244	48.6703937
	15.4258251	48.6704421
	15.4261282	48.670562
	15.4267197	48.6710063
	15.4271965	48.6713374
	15.427432	48.6718612
	15.4275539	48.672245
	15.4270522	48.6723099
	15.4273769	48.6730481
	15.4276324	48.67321
	15.4278244	48.6732573
	15.4279057	48.6735505
	15.4282643	48.6740512
	15.4287474	48.6745185
	15.4284068	48.6745404
	15.4281055	48.6745387
	15.4278198	48.6747308
	15.427516	48.6748628
	15.4274251	48.6748714
	15.426594	48.6751064
	15.4262928	48.6751458
	15.425898	48.6751698
	15.4256539	48.6752333
	15.4249085	48.6755231
	15.424706	48.6755745
	15.4242489	48.675662
	15.4231321	48.6759124
	15.4223245	48.6760238
	15.4216648	48.6761387
	15.4207273	48.6763291
	15.4210597	48.6770682
	15.421348	48.6775912
	15.4218804	48.6782908
	15.4221972	48.6787864
	15.4227582	48.6798033
	15.4228828	48.6802217
	15.4230283	48.6807155
	15.4233529	48.6813294
	15.4236905	48.6818969
	15.4237736	48.682089
	15.4236516	48.6823445
	15.4234308	48.6824525
	15.4230361	48.6825691
	15.4224777	48.6827989
	15.4216804	48.6830732
	15.4210571	48.6832498
	15.4208987	48.6834076
	15.4206416	48.6834281
	15.4205429	48.683447
	15.420574	48.6837008
	15.4202156	48.6838654
	15.4196105	48.6839768
	15.4191223	48.684102
	15.4190444	48.6841603
	15.4189093	48.6841997
	15.417803	48.6844072
	15.4172914	48.684378
	15.4171849	48.6843832
	15.4162084	48.6845443
	15.4155799	48.6846061
	15.4155617	48.6845083
	15.4152708	48.6844758
	15.4148943	48.6845255
	15.414058	48.6847021
	15.4133984	48.6847947
	15.4132737	48.6848084
	15.4130815	48.6849593
	15.4128582	48.684925
	15.4127984	48.684877
	15.4120687	48.684877
	15.4120895	48.6851427
	15.4123232	48.6858766
	15.4129153	48.6873819
	15.4129725	48.6876974
	15.4129828	48.6882049
	15.412879	48.689849
	15.4129023	48.6911999
	15.4132737	48.6919817
	15.4131465	48.6933086
	15.411918	48.6936137
	15.4109234	48.6937954
	15.4097365	48.6939291
	15.4093651	48.6940046
	15.4090665	48.6940406
	15.4088665	48.694092
	15.4081289	48.6940834
	15.4076121	48.6941057
	15.407207	48.6941434
	15.4067499	48.6941023
	15.4061188	48.6939617
	15.4046463	48.6938091
	15.4042931	48.6938297
	15.4036152	48.6938263
	15.4032257	48.693852
	15.4015298	48.6943337
	15.4008026	48.6945445
	15.4005377	48.6942137
	15.400143	48.6941314
	15.399608	48.6939137
	15.3987613	48.6939171
	15.3985666	48.693888
	15.3984757	48.6938623
	15.3982004	48.6938897
	15.3977199	48.6941931
	15.3972213	48.6943165
	15.3965772	48.6944365
	15.3963798	48.6943903
	15.3962682	48.6943971
	15.3955903	48.6947965
	15.3951281	48.6951771
	15.395019	48.69522
	15.394445	48.6953417
	15.3939776	48.6952748
	15.3937854	48.6951925
	15.3927384	48.6945483
	15.3910015	48.6935215
	15.3899653	48.6940843
	15.3884461	48.6943567
	15.3881037	48.6940289
	15.3874665	48.694216
	15.3865187	48.6946321
	15.3860902	48.6948356
	15.3857251	48.6949404
	15.3851469	48.6950003
	15.3846798	48.6950871
	15.3845002	48.6951612
	15.3842052	48.6953792
	15.3835703	48.6948373
	15.3822075	48.6953453
	15.3815629	48.6955019
	15.381223	48.6956543
	15.3795459	48.6960967
	15.3781478	48.6961602
	15.3779202	48.6961983
	15.3775674	48.6962173
	15.3771153	48.6962195
	15.3764771	48.6962808
	15.3758999	48.6963761
	15.3750534	48.6964671
	15.3746045	48.6962258
	15.3743415	48.6960374
	15.3739511	48.6956755
	15.3733966	48.6953054
	15.3725602	48.6956197
	15.372059	48.695812
	15.3715421	48.6959836
	15.3712727	48.6961449
	15.3710629	48.6961945
	15.3706901	48.6961841
	15.3701889	48.6961966
	15.3694496	48.6962152
	15.3691896	48.6962462
	15.3689265	48.6963165
	15.3682279	48.6965129
	15.3685944	48.6977204
	15.3688106	48.6991242
	15.3689171	48.699333
	15.3690267	48.7001187
	15.3692022	48.7005239
	15.3695687	48.7010821
	15.3699602	48.7015845
	15.3698631	48.7017354
	15.369719	48.7018739
	15.3702766	48.7021303
	15.3703706	48.7022295
	15.3706431	48.7027298
	15.3709031	48.7032859
	15.3711725	48.7037469
	15.3713166	48.7041542
	15.3716706	48.7051258
	15.3718366	48.7056261
	15.3720246	48.7063538
	15.3720778	48.7067321
	15.3720747	48.7069843
	15.3721436	48.7081109
	15.3722094	48.7084065
	15.3722438	48.7091403
	15.37246	48.7096033
	15.3724976	48.709901
	15.3725947	48.7100705
	15.3727043	48.7101159
	15.3725571	48.7101945
	15.3720496	48.7104239
	15.3722971	48.7104632
	15.372012	48.71098
	15.3716299	48.7109758
	15.3719086	48.7111846
	15.3719212	48.7113086
	15.3718303	48.7114636
	15.371514	48.7116187
	15.3712038	48.7119349
	15.3712164	48.7121767
	15.3709626	48.7122698
	15.3708718	48.7123483
	15.3709564	48.7125178
	15.3710096	48.7127555
	15.3710315	48.7130015
	15.3712007	48.7130676
	15.3712727	48.712958
	15.3714638	48.7129849
	15.37142	48.7130738
	15.371185	48.7132536
	15.3709595	48.7132619
	15.3709313	48.7134272
	15.3710221	48.7136525
	15.3709877	48.7137414
	15.3709	48.71376
	15.3708405	48.7136257
	15.370687	48.7137435
	15.3705429	48.7139956
	15.370593	48.7140845
	15.3707152	48.7140597
	15.3709219	48.7141879
	15.3709564	48.7144545
	15.370947	48.7146178
	15.370073	48.7147211
	15.3698287	48.7147686
	15.3679116	48.7154114
	15.3669812	48.7157649
	15.3668246	48.7148038
	15.3669781	48.7141693
	15.3665583	48.7141486
	15.3662639	48.7140514
	15.3651612	48.713915
	15.3650359	48.7147562
	15.3638549	48.714686
	15.3638518	48.7143036
	15.3630687	48.7142747
	15.3636294	48.7132681
	15.3634634	48.7129684
	15.3633913	48.7129539
	15.3631783	48.7132061
	15.3630436	48.7133239
	15.3627523	48.7135327
	15.3623169	48.7139584
	15.3618564	48.7141879
	15.3612488	48.7143932
	15.360287	48.7144958
	15.3596981	48.7145248
	15.3590873	48.7146529
	15.3589338	48.7137641
	15.3588805	48.7129684
	15.3583386	48.7129374
	15.3577246	48.7128816
	15.35686	48.7127948
	15.3568224	48.7120259
	15.3567504	48.7104198
	15.3563526	48.7103516
	15.3555162	48.7102089
	15.3554974	48.7106079
	15.3554598	48.7108642
	15.3549743	48.7110234
	15.3544449	48.7109965
	15.3543697	48.711321
	15.3536649	48.7113541
	15.353715	48.7120383
	15.3533078	48.7122574
	15.3530133	48.7123049
	15.3526938	48.7123028
	15.3512842	48.7124082
	15.3487781	48.7124599
	15.3473654	48.7124806
	15.3471461	48.7125405
	15.3467639	48.7127824
	15.3466637	48.7130531
	15.3469237	48.7134066
	15.3472933	48.7143119
	15.3473685	48.714688
	15.3475815	48.7150952
	15.3475345	48.7154259
	15.347616	48.7162051
	15.3477444	48.7168169
	15.3480044	48.7175547
	15.3480984	48.7180714
	15.3482018	48.7184558
	15.3483606	48.718901
	15.3485657	48.7194824
	15.3487829	48.7200719
	15.3488931	48.7204716
	15.3488992	48.7208572
	15.3488502	48.7212468
	15.3487982	48.7218464
	15.3487615	48.722454
	15.3488105	48.7227649
	15.3489433	48.7231224
	15.349042	48.7233216
	15.3493977	48.7237081
	15.349894	48.7240835
	15.3504225	48.7244109
	15.3509919	48.7247962
	15.3515116	48.7251949
	15.3520296	48.7256539
	15.3531993	48.7266896
	15.3533366	48.7267416
	15.3537658	48.7272558
	15.3533599	48.7273444
	15.3526442	48.7274973
	15.3521993	48.7276139
	15.3515148	48.7277964
	15.3507989	48.7279582
	15.3501257	48.7280617
	15.3489963	48.7281596
	15.348423	48.7282254
	15.3480265	48.7282913
	15.3470539	48.7285076
	15.3467744	48.728645
	15.346281	48.7287108
	15.3459701	48.7287315
	15.3448263	48.7288801
	15.3434259	48.7290589
	15.3431492	48.7290175
	15.3428098	48.7289479
	15.3427072	48.7290965
	15.3425075	48.7291172
	15.3423478	48.729104
	15.3413295	48.7292018
	15.34105	48.7292733
	15.3410472	48.7294389
	15.3403341	48.7294257
	15.3400147	48.7295386
	15.3400746	48.7296195
	15.3400204	48.7296741
	15.3397466	48.7297324
	15.3396524	48.7297324
	15.3393786	48.7296985
	15.3390563	48.7297098
	15.3389166	48.7297926
	15.3389594	48.7299262
	15.3390478	48.7300466
	15.3393415	48.7306354
	15.3396296	48.7312675
	15.3397865	48.7317191
	15.3392674	48.7317209
	15.3394071	48.731958
	15.3387654	48.7318733
	15.3384745	48.7318451
	15.33858	48.732101
	15.3385886	48.7322101
	15.3381721	48.7322326
	15.3382634	48.732449
	15.3378613	48.7325731
	15.3374848	48.7326465
	15.3370141	48.7326616
	15.337037	48.7328666
	15.3366262	48.7331187
	15.3368658	48.7335025
	15.3362954	48.7334197
	15.3368059	48.7343095
	15.336438	48.7345465
	15.3355709	48.7349303
	15.3349691	48.735235
	15.3345926	48.7353272
	15.3341477	48.7353517
	15.3336742	48.7353009
	15.332964	48.7355718
	15.3322367	48.7358107
	15.3317889	48.7360063
	15.331304	48.7357693
	15.3306537	48.7354815
	15.3299407	48.7362113
	15.329393	48.7367399
	15.329239	48.7370202
	15.3290964	48.7372158
	15.3289082	48.737372
	15.3284775	48.7375939
	15.3281143	48.7378575
	15.327891	48.7379857
	15.3275207	48.7381555
	15.3270846	48.7381434
	15.32647	48.7382508
	15.3259575	48.7383637
	15.32496	48.7386264
	15.3249768	48.7381064
	15.3247957	48.7380458
	15.3246926	48.738066
	15.3245867	48.7380293
	15.3242189	48.7377261
	15.3240128	48.7372906
	15.3240796	48.7372245
	15.3241688	48.7371693
	15.3241409	48.7368331
	15.323893	48.7365979
	15.323762	48.7365777
	15.3235475	48.7365832
	15.3234054	48.7365317
	15.323202	48.736337
	15.3231296	48.7362469
	15.3232159	48.7360834
	15.323319	48.7355193
	15.3233023	48.7353943
	15.3232633	48.7352896
	15.3232549	48.7351903
	15.323411	48.7347971
	15.3237704	48.734312
	15.3238567	48.7342403
	15.3239598	48.7341815
	15.3241716	48.7341815
	15.3242329	48.7342219
	15.3243332	48.7342624
	15.3244418	48.7342697
	15.3248152	48.7339794
	15.3249043	48.7336982
	15.3248514	48.73361
	15.3246898	48.7335163
	15.3245811	48.7335347
	15.3245031	48.7336339
	15.3243666	48.7336872
	15.3242357	48.7336155
	15.3242161	48.7335328
	15.3243192	48.7333234
	15.3246703	48.7327813
	15.3249823	48.7325332
	15.3252999	48.7326214
	15.3254588	48.7325718
	15.3255061	48.7325166
	15.3253863	48.7323807
	15.3252721	48.7323347
	15.3245756	48.7322777
	15.3241409	48.7322704
	15.3236366	48.7323513
	15.3236339	48.7321987
	15.3225723	48.7324689
	15.3223077	48.7324836
	15.3218285	48.7324523
	15.3215666	48.7323954
	15.3210344	48.7323568
	15.3206778	48.7322428
	15.3202209	48.7322153
	15.3196358	48.7321215
	15.319516	48.7321197
	15.3190674	48.732116
	15.3189811	48.7318496
	15.3189309	48.7314967
	15.3189393	48.7312229
	15.3203685	48.7308921
	15.3210344	48.730701
	15.3216836	48.7304345
	15.3221684	48.7301074
	15.3224665	48.7299475
	15.3223495	48.7298648
	15.3219928	48.729705
	15.3212712	48.7294697
	15.3207948	48.7294036
	15.3203462	48.729433
	15.3202014	48.7292823
	15.3196358	48.7293007
	15.3191371	48.7294183
	15.3191092	48.7294899
	15.318552	48.7295102
	15.3182037	48.7294256
	15.3181592	48.7293264
	15.317276	48.7292804
	15.3163287	48.7293154
	15.3157185	48.7292271
	15.3149914	48.7287199
	15.3142252	48.7285545
	15.3134841	48.7282954
	15.3120297	48.7279738
	15.3116564	48.7279995
	15.3112162	48.7279297
	15.3110072	48.7279554
	15.3095807	48.7274022
	15.3089873	48.7271412
	15.3086502	48.7269464
	15.3076221	48.7263381
	15.3065021	48.7255588
	15.3065439	48.7253144
	15.3066612	48.7250009
	15.3066029	48.7246505
	15.3064804	48.7243291
	15.3080562	48.7245356
	15.3086468	48.7240921
	15.3094033	48.7232555
	15.3096129	48.7228156
	15.3096946	48.7225104
	15.3097245	48.7223632
	15.3099613	48.7218766
	15.3100429	48.7216486
	15.3101082	48.7213218
	15.3100647	48.7209609
	15.3097871	48.7209196
	15.3094959	48.7209663
	15.3093326	48.7210722
	15.3086985	48.7211369
	15.3084345	48.7210884
	15.3079745	48.721171
	15.306641	48.7210992
	15.3052394	48.7210256
	15.3047332	48.7208137
	15.3036201	48.7208011
	15.3032091	48.720706
	15.3026131	48.7206234
	15.3020824	48.7205893
	15.3016987	48.7205605
	15.3015763	48.7205286
	15.3013906	48.7196739
	15.3013587	48.7192003
	15.3013666	48.7187618
	15.3015315	48.7170954
	15.3014863	48.7163235
	15.3013959	48.7156798
	15.3011034	48.7146045
	15.3008535	48.71378
	15.3008216	48.7135379
	15.3006834	48.7131765
	15.3006036	48.7130695
	15.300577	48.7129432
	15.3006169	48.7128397
	15.3006169	48.7126625
	15.3004893	48.712552
	15.2998698	48.7127362
	15.29979	48.7127204
	15.2995401	48.7127958
	15.2986495	48.7115064
	15.2984075	48.7110889
	15.2981789	48.7105854
	15.2979822	48.7099819
	15.2977934	48.7092012
	15.2977402	48.7087924
	15.2977535	48.7083012
	15.2977801	48.7075906
	15.2974265	48.7076538
	15.2971925	48.7077327
	15.29694	48.7078468
	15.2967007	48.7079871
	15.2963418	48.7082959
	15.2960334	48.7085854
	15.2956638	48.7089538
	15.2953714	48.7092784
	15.2950603	48.7096696
	15.2948476	48.7099503
	15.2947385	48.7101681
	15.2946112	48.7099607
	15.294297	48.7095957
	15.2933231	48.7088377
	15.2931932	48.7085892
	15.2928089	48.7086343
	15.2922661	48.7087834
	15.2921025	48.7088137
	15.2916194	48.708339
	15.2912013	48.7080082
	15.2913182	48.7077649
	15.2918116	48.7076483
	15.2917986	48.7072936
	15.2918557	48.706932
	15.2918661	48.7059773
	15.2918038	48.7057357
	15.291435	48.7057323
	15.2909753	48.7057083
	15.2906949	48.7050553
	15.2901703	48.7044503
	15.2899911	48.7041898
	15.2897755	48.7038093
	15.2893106	48.703799
	15.2882484	48.703703
	15.2878978	48.7036876
	15.2869915	48.7033842
	15.2860098	48.7033774
	15.2861916	48.7030123
	15.286202	48.7029077
	15.2857553	48.7029454
	15.2857371	48.7026661
	15.2856955	48.7025101
	15.2851424	48.7024912
	15.2846593	48.7024501
	15.2845658	48.7027072
	15.2843866	48.702894
	15.2840464	48.7030637
	15.2834932	48.7029317
	15.2825089	48.7029232
	15.2824752	48.7030071
	15.2820155	48.7030071
	15.2818077	48.7027483
	15.2800287	48.7033396
	15.2796652	48.7033619
	15.27906	48.7033842
	15.2788549	48.7037647
	15.2791172	48.7041469
	15.2794626	48.7045394
	15.2784757	48.7048496
	15.2788886	48.7052798
	15.2793665	48.7055523
	15.2797119	48.7056637
	15.2799301	48.7058557
	15.2802417	48.7060356
	15.2800963	48.7061025
	15.2795301	48.7064812
	15.2788756	48.7069251
	15.2785458	48.706692
	15.2779511	48.7064161
	15.2774317	48.7062756
	15.2767564	48.7061881
	15.2763201	48.7060253
	15.275902	48.7059602
	15.2756085	48.7059345
	15.2756345	48.7056534
	15.2755618	48.7053998
	15.2752969	48.7051958
	15.2749177	48.7049542
	15.2743412	48.7046936
	15.2730297	48.7050793
	15.2720376	48.7053895
	15.2703157	48.705794
	15.2693574	48.7060185
	15.2687861	48.7061316
	15.2681732	48.7063201
	15.2680771	48.7063784
	15.2676512	48.7066989
	15.2671551	48.7070331
	15.2667188	48.7072644
	15.2663396	48.7074118
	15.2659942	48.7075592
	15.2655346	48.7078317
	15.2650749	48.7080374
	15.2647814	48.7080648
	15.2642594	48.7082653
	15.2639474	48.7084126
	15.2635336	48.7088546
	15.2633721	48.709125
	15.2632894	48.7093174
	15.2631672	48.7094006
	15.262796	48.7093704
	15.2627286	48.70936
	15.2613556	48.7091689
	15.2606319	48.7090949
	15.2601432	48.7090627
	15.2596663	48.7090595
	15.2587592	48.7088857
	15.2586604	48.708832
	15.2583667	48.7087251
	15.2579818	48.7084546
	15.2576676	48.7082782
	15.2574053	48.7080448
	15.2574128	48.707697
	15.2574647	48.7075451
	15.2574623	48.7072088
	15.2569724	48.7060054
	15.2564305	48.7051825
	15.2563266	48.7050796
	15.2558738	48.7046845
	15.2555398	48.7044347
	15.2551315	48.7034599
	15.2550172	48.7031411
	15.2547031	48.7026363
	15.2543991	48.7021816
	15.2540065	48.7016182
	15.2537608	48.701431
	15.2527147	48.7012889
	15.2526792	48.7011702
	15.2526564	48.7009244
	15.2523905	48.7006436
	15.25178	48.7005901
	15.2512532	48.700575
	15.2509973	48.6999331
	15.2509897	48.6994633
	15.2510606	48.6989818
	15.2509593	48.6988514
	15.2494851	48.6988665
	15.2486442	48.6988882
	15.2476943	48.6991373
	15.2468711	48.6984168
	15.2459997	48.6976995
	15.2454171	48.6971796
	15.2453342	48.6970467
	15.2453204	48.6957282
END
END
