8989982
1
	15.949295	47.234501
	15.9498496	47.2345869
	15.950237	47.2349
	15.9506257	47.2347169
	15.9511247	47.2346672
	15.9513004	47.2346192
	15.952084	47.234433
	15.9523467	47.2343372
	15.9524351	47.2342138
	15.9526965	47.234201
	15.952783	47.234091
	15.953435	47.234035
	15.954746	47.233367
	15.9550494	47.2333886
	15.9551456	47.2333642
	15.9552849	47.2333094
	15.9555258	47.2333653
	15.9556451	47.2332439
	15.9557379	47.2332044
	15.9558527	47.2332143
	15.956019	47.233087
	15.9562462	47.2330275
	15.9563377	47.2329383
	15.95654	47.232857
	15.95666	47.232946
	15.9568863	47.232829
	15.9569605	47.2327706
	15.957043	47.232662
	15.9574106	47.2326025
	15.957492	47.232646
	15.957522	47.2325385
	15.957612	47.232484
	15.9577127	47.2324782
	15.958364	47.232577
	15.9584804	47.2325256
	15.9586342	47.2324702
	15.958683	47.2323866
	15.9589723	47.2321878
	15.9589897	47.232085
	15.9590644	47.232019
	15.9591908	47.2319616
	15.9592388	47.231964
	15.9596023	47.2317538
	15.9597743	47.2317109
	15.960373	47.231426
	15.9604004	47.2313286
	15.960515	47.2312994
	15.9607286	47.2311699
	15.9608171	47.2309951
	15.9609641	47.2309076
	15.9610945	47.2307534
	15.9613813	47.2306635
	15.961657	47.230398
	15.9617381	47.2303155
	15.9619141	47.2300077
	15.962056	47.229924
	15.9621479	47.2297879
	15.9621555	47.2296276
	15.9620627	47.2295478
	15.9622666	47.2293916
	15.9623432	47.2292037
	15.9623484	47.2290946
	15.9625623	47.2290653
	15.9627643	47.2287135
	15.9627521	47.2285257
	15.9628973	47.2283585
	15.9630501	47.2282501
	15.9630893	47.2280097
	15.9632641	47.2277308
	15.9634197	47.2277015
	15.9636031	47.2276282
	15.9635968	47.2274524
	15.9638536	47.2273351
	15.9637956	47.2271107
	15.9638805	47.2269608
	15.9644109	47.2268091
	15.9643168	47.2266002
	15.9643403	47.2264714
	15.9644258	47.2263742
	15.9644803	47.2262804
	15.9647648	47.2262569
	15.9648329	47.2260735
	15.9650653	47.2261161
	15.9654049	47.226032
	15.9656027	47.2258349
	15.9655027	47.2257538
	15.9657117	47.2254056
	15.9656501	47.2252187
	15.9657372	47.2251496
	15.9658032	47.2250272
	15.9656731	47.2246597
	15.9657513	47.2245724
	15.9659065	47.2245262
	15.9661397	47.2243386
	15.9662884	47.2242945
	15.9663336	47.2241788
	15.966625	47.22388
	15.9671371	47.2237616
	15.9672303	47.2235643
	15.967201	47.223378
	15.9673384	47.2232438
	15.967501	47.223085
	15.9673942	47.2229791
	15.9674105	47.2228923
	15.967531	47.2227789
	15.967432	47.2226485
	15.9674237	47.2225476
	15.9675005	47.2222907
	15.9678885	47.2222681
	15.9680078	47.2221289
	15.968653	47.221933
	15.9687098	47.2218523
	15.9686855	47.2217294
	15.9687312	47.2215799
	15.9688489	47.221524
	15.9688723	47.2213291
	15.9687967	47.2211917
	15.9688242	47.2211323
	15.969273	47.220957
	15.969528	47.220598
	15.9692816	47.2202776
	15.9690995	47.2201466
	15.9689568	47.2199095
	15.9688971	47.2195316
	15.9686682	47.2193209
	15.9685907	47.2190796
	15.968342	47.218917
	15.9683348	47.2188083
	15.9684212	47.2186769
	15.9684315	47.2185239
	15.968308	47.218426
	15.9683418	47.2183461
	15.9684453	47.2183953
	15.9687101	47.2182515
	15.9689289	47.2181565
	15.969475	47.218058
	15.9694475	47.2178501
	15.9694827	47.2176394
	15.9695904	47.217402
	15.9697151	47.2173242
	15.969766	47.217082
	15.969867	47.2170345
	15.9699754	47.2169402
	15.9702533	47.2168042
	15.970286	47.216757
	15.9701875	47.2166889
	15.970028	47.216495
	15.970094	47.216199
	15.970344	47.21585
	15.970869	47.215909
	15.971206	47.21469
	15.9715772	47.2144119
	15.971648	47.2142548
	15.972792	47.2132118
	15.973252	47.2127511
	15.973657	47.212389
	15.974932	47.21178
	15.976164	47.211329
	15.9761973	47.2112901
	15.9761738	47.2111996
	15.976281	47.211077
	15.9763753	47.2110636
	15.9772129	47.2106664
	15.9775876	47.2104231
	15.9788123	47.2096599
	15.9788601	47.2096495
	15.978975	47.209529
	15.9790856	47.2095773
	15.9793343	47.2094217
	15.9794111	47.2093936
	15.9794945	47.2093732
	15.9797068	47.2094056
	15.97977	47.209383
	15.9798173	47.2093535
	15.9798243	47.2092782
	15.979741	47.209193
	15.9805833	47.2089365
	15.9818425	47.2086315
	15.983204	47.208309
	15.9833671	47.2080087
	15.983365	47.2078437
	15.983315	47.207663
	15.9835896	47.2076204
	15.983835	47.2075567
	15.984055	47.207484
	15.9842469	47.207499
	15.9844476	47.2075831
	15.984481	47.207584
	15.9846571	47.2074883
	15.985016	47.207427
	15.9850867	47.2073857
	15.9850699	47.2073588
	15.9850442	47.2072761
	15.9851464	47.2071836
	15.98532	47.207114
	15.9856223	47.2071569
	15.9856741	47.2072293
	15.9857265	47.207249
	15.985773	47.207255
	15.9860194	47.2071644
	15.9860911	47.2070999
	15.986259	47.207018
	15.9863053	47.2070285
	15.9863759	47.2070632
	15.9863843	47.207249
	15.986341	47.207301
	15.9864016	47.2073304
	15.9866673	47.2073271
	15.986833	47.207367
	15.9868638	47.2073062
	15.98647	47.206749
	15.9865154	47.2067078
	15.9867757	47.2067799
	15.9868721	47.2069465
	15.9870664	47.2070021
	15.987098	47.207044
	15.9871738	47.207023
	15.9871911	47.2069661
	15.9873527	47.2068618
	15.9874107	47.2068522
	15.9875302	47.2067682
	15.987716	47.206681
	15.9877393	47.2066378
	15.9877308	47.2065298
	15.9877987	47.2064343
	15.9879552	47.206322
	15.987975	47.206204
	15.9880761	47.2061538
	15.988149	47.206245
	15.9881415	47.2060457
	15.988068	47.205713
	15.990089	47.205859
	15.990013	47.205408
	15.9901847	47.20542
	15.9904115	47.2052537
	15.9904823	47.2051079
	15.990725	47.20516
	15.990767	47.2051308
	15.990739	47.204767
	15.9928033	47.2049125
	15.9927885	47.2048713
	15.995396	47.2050332
	15.9953932	47.2049471
	15.995427	47.2048802
	15.9961699	47.204962
	15.9969193	47.2050517
	15.9969163	47.2050026
	15.9970799	47.2050045
	15.99795	47.2050925
	15.999153	47.205107
	15.9994199	47.2052475
	15.9994127	47.2052701
	15.9998256	47.2055097
	16.000251	47.2057059
	16.0007944	47.2058786
	16.0016298	47.206161
	16.0019351	47.2061492
	16.0021225	47.2061006
	16.002301	47.206036
	16.0022958	47.20601
	16.002341	47.2060056
	16.0027636	47.2055529
	16.002987	47.205238
	16.003664	47.205705
	16.0043484	47.2059548
	16.004749	47.206006
	16.0045575	47.2063024
	16.0043484	47.206551
	16.0039302	47.2070314
	16.003736	47.207411
	16.0048116	47.2083037
	16.0048918	47.2083921
	16.0051359	47.2086368
	16.0051812	47.2087312
	16.0052146	47.2088746
	16.0064354	47.209166
	16.0068515	47.2092761
	16.0062537	47.2095628
	16.0052375	47.2099846
	16.0050381	47.210041
	16.0049897	47.2101416
	16.0048051	47.2106107
	16.0047033	47.2106799
	16.004657	47.210856
	16.0047996	47.2111023
	16.0049049	47.2112245
	16.0049678	47.2111969
	16.0050885	47.2110761
	16.0053444	47.2109883
	16.0058094	47.2109733
	16.0059328	47.2109394
	16.0060983	47.2109266
	16.006599	47.2107285
	16.007106	47.21051
	16.0072319	47.210663
	16.00793	47.210858
	16.0083407	47.2111153
	16.009119	47.211693
	16.009681	47.211308
	16.0107756	47.2109752
	16.0110574	47.2108958
	16.0112097	47.2108202
	16.0115209	47.2107976
	16.0120633	47.2106817
	16.0121981	47.2105939
	16.012367	47.210558
	16.012471	47.210665
	16.01255	47.210794
	16.012432	47.2108686
	16.0124017	47.2109995
	16.0122339	47.211306
	16.011911	47.21155
	16.011947	47.21208
	16.011476	47.213386
	16.010827	47.213425
	16.0105665	47.2135319
	16.0102089	47.213816
	16.010164	47.213877
	16.0101923	47.2139655
	16.010299	47.214036
	16.0105693	47.2140272
	16.010742	47.214082
	16.011009	47.21458
	16.0117689	47.2141412
	16.013264	47.213505
	16.014075	47.213356
	16.0143524	47.2135058
	16.0145129	47.2135489
	16.0148532	47.2136796
	16.0152835	47.2138273
	16.01581	47.2135604
	16.0162206	47.2133282
	16.0165535	47.2131229
	16.0167009	47.2130403
	16.0167447	47.2130074
	16.0168342	47.2129685
	16.0171741	47.2127879
	16.0173312	47.2128862
	16.0175694	47.2130885
	16.017825	47.2134533
	16.0180204	47.2138264
	16.0181735	47.2140747
	16.0182631	47.2142195
	16.0184265	47.2145189
	16.0186888	47.2149368
	16.018818	47.2150963
	16.0190586	47.2153956
	16.019128	47.2153732
	16.0192815	47.2155098
	16.0195256	47.215673
	16.0196947	47.215758
	16.020044	47.2153793
	16.0201276	47.2151727
	16.020534	47.214561
	16.0208209	47.2143498
	16.0209056	47.2143043
	16.02113	47.214078
	16.0216066	47.2137187
	16.0219718	47.2135163
	16.0223404	47.213259
	16.0228954	47.2129853
	16.0232262	47.2126831
	16.023626	47.212364
	16.024909	47.211681
	16.0257773	47.2114305
	16.0258762	47.2113324
	16.0261689	47.2112549
	16.0264198	47.2112601
	16.0270015	47.2110225
	16.0271118	47.2110225
	16.0275262	47.2109708
	16.0277695	47.2108495
	16.0278988	47.2108055
	16.028222	47.210763
	16.0284314	47.2106658
	16.0286668	47.2106248
	16.0289139	47.2104956
	16.029256	47.210278
	16.0294842	47.2102089
	16.0296971	47.2102296
	16.02986	47.210191
	16.0300371	47.210008
	16.0302098	47.2100089
	16.0305136	47.2098979
	16.0308632	47.209822
	16.0308569	47.2097323
	16.0310125	47.2097504
	16.0311076	47.209788
	16.0312807	47.2096141
	16.0316665	47.2095659
	16.0319255	47.2094933
	16.0320361	47.2094148
	16.0321456	47.2094341
	16.0322786	47.2093592
	16.0324367	47.2093351
	16.0325524	47.2092818
	16.0327019	47.2093392
	16.0328451	47.209319
	16.0329205	47.2092375
	16.0332092	47.2091913
	16.0341036	47.2090106
	16.034471	47.209031
	16.034403	47.208877
	16.034635	47.208819
	16.0348275	47.2088324
	16.035057	47.208756
	16.0354549	47.2088204
	16.0353924	47.2089228
	16.035564	47.208943
	16.0358791	47.2088298
	16.0360425	47.2086826
	16.036213	47.208589
	16.0364113	47.2085689
	16.036583	47.208637
	16.0369255	47.2085505
	16.0370287	47.2084184
	16.037086	47.208542
	16.0375063	47.2084165
	16.0377124	47.2083424
	16.0377287	47.2082302
	16.038036	47.208192
	16.037931	47.208032
	16.0383773	47.2078307
	16.038823	47.207571
	16.038605	47.207181
	16.0395187	47.2065631
	16.0403601	47.2059586
	16.041226	47.20524
	16.0395697	47.2033979
	16.039504	47.203272
	16.0389138	47.202755
	16.038029	47.202073
	16.0377578	47.2013924
	16.0373142	47.2007093
	16.0370669	47.2003348
	16.036805	47.199777
	16.0369593	47.1990087
	16.0370921	47.1988671
	16.0370475	47.1988309
	16.0373132	47.1987692
	16.037806	47.198852
	16.0380636	47.1986985
	16.0382369	47.1986607
	16.0385094	47.1985925
	16.038743	47.198572
	16.0387621	47.1986809
	16.038902	47.198726
	16.0390444	47.1985648
	16.039133	47.198522
	16.0393138	47.1985953
	16.0395124	47.198474
	16.0396037	47.1985923
	16.0397018	47.1985446
	16.0398468	47.1985395
	16.040196	47.1987793
	16.040523	47.198834
	16.0407235	47.1987213
	16.040956	47.198679
	16.0410359	47.1988264
	16.041204	47.198845
	16.0411545	47.198691
	16.041227	47.198667
	16.0415184	47.1987676
	16.041658	47.1987219
	16.0416811	47.1988596
	16.041825	47.198871
	16.0418616	47.198774
	16.042105	47.198712
	16.0421315	47.1986052
	16.0419596	47.1985336
	16.0419605	47.1984917
	16.042186	47.1984597
	16.0422689	47.1985496
	16.042856	47.198899
	16.0428225	47.1987919
	16.042869	47.198629
	16.0429564	47.1986817
	16.0431197	47.1988879
	16.043346	47.198941
	16.04355	47.199208
	16.043394	47.199419
	16.043642	47.199499
	16.0439555	47.199317
	16.0441041	47.1991125
	16.044166	47.1990156
	16.044353	47.198634
	16.0444979	47.1978757
	16.044492	47.197577
	16.0452125	47.1976239
	16.045658	47.197632
	16.0459667	47.1975173
	16.046183	47.197461
	16.0465103	47.1974608
	16.046774	47.197475
	16.0480382	47.1978025
	16.049118	47.197901
	16.0491044	47.1978025
	16.0486586	47.1974718
	16.048411	47.197199
	16.048686	47.196736
	16.049732	47.197023
	16.050023	47.197274
	16.051539	47.197519
	16.0515782	47.1976436
	16.0517008	47.1977543
	16.0519223	47.1977667
	16.052523	47.197676
	16.05339	47.1975941
	16.0535697	47.1976412
	16.0538546	47.1974738
	16.0545736	47.1974174
	16.055002	47.197398
	16.0553227	47.1974511
	16.0573401	47.1979081
	16.057703	47.198027
	16.058291	47.198355
	16.0585387	47.1989858
	16.058542	47.199273
	16.059193	47.199599
	16.059523	47.200268
	16.0595731	47.2004751
	16.059366	47.200814
	16.059557	47.201163
	16.060303	47.201589
	16.060369	47.20195
	16.061025	47.202297
	16.0613494	47.2023966
	16.0617595	47.2024164
	16.0619628	47.202441
	16.062272	47.20256
	16.0623111	47.202673
	16.0624891	47.2028677
	16.06247	47.202989
	16.0623933	47.2029881
	16.0622533	47.203009
	16.0622655	47.203051
	16.0623475	47.2031019
	16.0619229	47.2031907
	16.0616107	47.2033486
	16.0614077	47.2035122
	16.0611352	47.2035244
	16.060998	47.203604
	16.0600027	47.2036889
	16.0597014	47.2036913
	16.058863	47.203822
	16.0584951	47.2039878
	16.0581007	47.2041106
	16.0575308	47.2043843
	16.057227	47.2044727
	16.0568929	47.2046019
	16.0562459	47.2048282
	16.0557	47.20498
	16.055477	47.204598
	16.0550408	47.2046284
	16.053521	47.204869
	16.0531714	47.2051981
	16.052471	47.205563
	16.051411	47.2057924
	16.0508883	47.2059601
	16.0508992	47.206071
	16.05014	47.206296
	16.049313	47.206288
	16.048314	47.206146
	16.0476433	47.2062338
	16.0471467	47.2063628
	16.046783	47.2064409
	16.0464963	47.2065815
	16.045877	47.206739
	16.0445725	47.2067146
	16.0440174	47.2066514
	16.0440113	47.2066876
	16.0438664	47.2067001
	16.0430915	47.2069267
	16.042546	47.207192
	16.0422463	47.2073693
	16.041937	47.207669
	16.041677	47.207574
	16.0414062	47.2079419
	16.0413093	47.208029
	16.040933	47.208401
	16.0402521	47.2089036
	16.039467	47.20934
	16.0391669	47.2096515
	16.0389525	47.2098698
	16.0388887	47.2099431
	16.039098	47.210014
	16.0399372	47.2097205
	16.0403547	47.209612
	16.0409696	47.2093663
	16.04165	47.209131
	16.0420903	47.2090555
	16.04284	47.20897
	16.043411	47.209235
	16.043865	47.209012
	16.044962	47.209366
	16.045271	47.2091824
	16.046445	47.208599
	16.048463	47.208384
	16.0489101	47.2083692
	16.0493057	47.208347
	16.0496034	47.2083816
	16.0506596	47.2083594
	16.050987	47.208383
	16.0512077	47.2084457
	16.0515318	47.2087525
	16.0516725	47.2088113
	16.051831	47.208957
	16.0519518	47.2092199
	16.0519155	47.2093605
	16.0519301	47.209575
	16.0521224	47.2097402
	16.052129	47.210069
	16.0526342	47.2105441
	16.0527758	47.2107487
	16.052772	47.21081
	16.0525399	47.2109115
	16.0517921	47.211486
	16.050892	47.212106
	16.0504147	47.2127345
	16.050362	47.2128322
	16.049913	47.213517
	16.0498048	47.2139558
	16.0497304	47.2141489
	16.049458	47.214708
	16.0504818	47.2155
	16.0507049	47.2156442
	16.0509072	47.215751
	16.0511405	47.2159501
	16.051423	47.216118
	16.0518538	47.2163481
	16.0527359	47.2167204
	16.0530669	47.2168594
	16.053714	47.217091
	16.0536119	47.2175485
	16.05348	47.2178915
	16.053134	47.218422
	16.051853	47.219032
	16.0524658	47.2198708
	16.0528159	47.2202926
	16.0529885	47.2205503
	16.053107	47.220812
	16.0529792	47.2209126
	16.0528593	47.2209386
	16.052732	47.221141
	16.0527831	47.2213232
	16.0526306	47.2219025
	16.052629	47.22209
	16.052657	47.222387
	16.0528811	47.2224991
	16.05318	47.222936
	16.0531279	47.2230833
	16.052979	47.223153
	16.052765	47.2231158
	16.052489	47.223034
	16.0521974	47.22307
	16.051961	47.222993
	16.051652	47.2230636
	16.0509319	47.2232805
	16.0506197	47.2232559
	16.050055	47.223492
	16.04933	47.223463
	16.048686	47.2236
	16.04866	47.22384
	16.0483547	47.223781
	16.0479936	47.2239824
	16.0478211	47.2239979
	16.047607	47.2239215
	16.047351	47.223956
	16.0472404	47.2240275
	16.0472288	47.2240993
	16.047159	47.224146
	16.049165	47.225806
	16.050155	47.226283
	16.0480226	47.2271851
	16.045967	47.227919
	16.0431412	47.2292436
	16.042219	47.229724
	16.0418764	47.2300247
	16.0415263	47.2303664
	16.0413507	47.2306412
	16.040064	47.231677
	16.0387706	47.2326101
	16.038536	47.2327266
	16.038103	47.233024
	16.036689	47.233811
	16.0364179	47.2339206
	16.0363249	47.2339431
	16.0357246	47.2341609
	16.0354873	47.234288
	16.034337	47.234769
	16.0339677	47.2350131
	16.0333097	47.2353696
	16.0332268	47.2354352
	16.0328674	47.2355978
	16.0327662	47.2356926
	16.0325835	47.2357644
	16.032546	47.235806
	16.0311659	47.2362852
	16.0297439	47.236572
	16.029258	47.236713
	16.0282694	47.2367684
	16.0280818	47.2367688
	16.0270847	47.236817
	16.0266746	47.236899
	16.0264312	47.2369812
	16.0259052	47.2369346
	16.0254944	47.2371773
	16.0251179	47.2373526
	16.0252484	47.2374711
	16.0254467	47.2376202
	16.0256052	47.237715
	16.0257828	47.2377979
	16.0261576	47.2379249
	16.0263262	47.237986
	16.0264682	47.2380515
	16.0265572	47.2380449
	16.0265569	47.2380817
	16.0266208	47.2381628
	16.026724	47.2383877
	16.0268293	47.2387531
	16.0269629	47.2391276
	16.0269931	47.2392501
	16.0269766	47.2393521
	16.0269038	47.2394747
	16.0268056	47.2395933
	16.0266657	47.2397383
	16.0264835	47.2399412
	16.0263169	47.2400727
	16.0261398	47.2402398
	16.026023	47.2403341
	16.0258349	47.2404701
	16.026552	47.2406357
	16.0278267	47.2417125
	16.0279161	47.2417379
	16.0280542	47.2418482
	16.0282264	47.2421537
	16.0283667	47.242408
	16.0284397	47.2425757
	16.0284926	47.2428223
	16.0285187	47.2430558
	16.0284783	47.2434315
	16.0284784	47.243644
	16.0284979	47.2438513
	16.0286774	47.2445504
	16.028707	47.2447297
	16.0287486	47.2447321
	16.0287844	47.2449024
	16.0287643	47.245098
	16.0287433	47.2452567
	16.0286567	47.2455423
	16.0286028	47.2456821
	16.0285629	47.2457497
	16.0284956	47.2458477
	16.028423	47.2459357
	16.028422	47.2459683
	16.0284689	47.2460743
	16.0282816	47.2459435
	16.0282433	47.2460017
	16.0278344	47.246401
	16.0274078	47.2468116
	16.0270643	47.2471515
	16.0269261	47.2472484
	16.0267486	47.2473249
	16.0263206	47.2474752
	16.0258479	47.2476308
	16.0258275	47.2476219
	16.0257316	47.2476606
	16.0257285	47.2476738
	16.0249683	47.2480895
	16.0249202	47.2480464
	16.0246317	47.2481167
	16.0245544	47.2481287
	16.0243457	47.2482652
	16.0240987	47.2483417
	16.0239522	47.2483564
	16.0236704	47.2484538
	16.0236571	47.2484404
	16.0235911	47.2484652
	16.0234588	47.2484684
	16.0232518	47.2486415
	16.0231361	47.2486885
	16.0229306	47.2487878
	16.0226736	47.2489622
	16.0225683	47.2490724
	16.0225221	47.2491049
	16.021827	47.249509
	16.0220105	47.2496409
	16.0223098	47.2497617
	16.0232615	47.2500667
	16.023497	47.250136
	16.023561	47.250222
	16.0240851	47.2506523
	16.0241908	47.2507565
	16.023831	47.251038
	16.0240482	47.2512107
	16.0242088	47.2514044
	16.024477	47.251724
	16.0250652	47.2519473
	16.0249249	47.2520785
	16.0247861	47.2522116
	16.0247584	47.2522643
	16.0253983	47.2522491
	16.0253765	47.2522715
	16.0253434	47.2522637
	16.0253177	47.2522891
	16.0252628	47.2522864
	16.0250961	47.2525026
	16.0250226	47.2525547
	16.0255765	47.2529916
	16.0249568	47.2532281
	16.0246888	47.2533044
	16.0243448	47.2533281
	16.0240102	47.2534764
	16.023751	47.253571
	16.023549	47.253443
	16.0234184	47.2536002
	16.0231271	47.2537545
	16.0229591	47.2538917
	16.0227037	47.2541085
	16.0225566	47.2541812
	16.0223847	47.2543416
	16.022201	47.254547
	16.0220558	47.2546425
	16.0218519	47.2547902
	16.0216865	47.2548461
	16.021513	47.25489
	16.0208503	47.2547705
	16.0204587	47.2547326
	16.019241	47.25453
	16.0186375	47.2545193
	16.0186294	47.2545471
	16.0175563	47.2546266
	16.0166366	47.2546545
	16.015747	47.254675
	16.0154608	47.254618
	16.0151819	47.254579
	16.0150708	47.2544809
	16.0149418	47.2544147
	16.0148741	47.2543714
	16.014569	47.254257
	16.0137756	47.254156
	16.0132117	47.254069
	16.0127822	47.2540422
	16.012517	47.2539801
	16.0121573	47.2538523
	16.01129	47.253771
	16.010509	47.254235
	16.0101966	47.2539848
	16.0101015	47.2538824
	16.010138	47.253811
	16.0098887	47.2536873
	16.0095673	47.2536564
	16.0095824	47.253603
	16.009184	47.253499
	16.0090701	47.2530956
	16.008963	47.252972
	16.0088288	47.2530389
	16.0087049	47.2531083
	16.008463	47.253093
	16.008295	47.2530391
	16.007985	47.252899
	16.0079966	47.2528082
	16.0080972	47.2527239
	16.0080268	47.2525628
	16.0081007	47.2524182
	16.008193	47.252308
	16.007986	47.252063
	16.0078282	47.2520505
	16.0076404	47.2520714
	16.007222	47.2520569
	16.006809	47.251952
	16.0066534	47.2517919
	16.006651	47.2517277
	16.0063959	47.2516619
	16.0063396	47.2515985
	16.0061224	47.2515903
	16.005988	47.251364
	16.0057433	47.2513728
	16.005472	47.251269
	16.0051755	47.251056
	16.005156	47.251042
	16.0050025	47.2508547
	16.0049126	47.2506457
	16.0049716	47.2505925
	16.0048409	47.2504372
	16.0048083	47.2500939
	16.0046793	47.2498003
	16.0046728	47.2496346
	16.0045686	47.2495588
	16.0044777	47.2494717
	16.0044042	47.249441
	16.0044019	47.2492641
	16.0043681	47.2491856
	16.0042323	47.2489877
	16.0040152	47.2489058
	16.0039488	47.2487717
	16.0037646	47.2485592
	16.0036386	47.2485412
	16.0033649	47.248369
	16.003247	47.2483584
	16.0030006	47.2483109
	16.0028393	47.2483702
	16.0025454	47.2483476
	16.0023084	47.248421
	16.0020891	47.2484638
	16.00182	47.248416
	16.0014274	47.2484945
	16.0012367	47.2486293
	16.0010123	47.2485679
	16.0009063	47.2486473
	16.0006919	47.2486206
	16.0004832	47.2485588
	16.0004682	47.2486441
	16.000379	47.2486884
	16.000311	47.2488431
	16.0002519	47.2488497
	16.0001814	47.2488252
	16.0000509	47.2488369
	16.0000125	47.2489096
	15.9998776	47.2489077
	15.9996232	47.2488243
	15.9991872	47.2489228
	15.9989293	47.2490409
	15.9987842	47.2489668
	15.9987831	47.2489075
	15.9986645	47.2488881
	15.9985253	47.2489695
	15.9983517	47.248979
	15.9982137	47.2490503
	15.997953	47.24909
	15.9978671	47.2491485
	15.997743	47.2491731
	15.997607	47.2492649
	15.9974732	47.2492476
	15.9974221	47.2492774
	15.9973614	47.2493601
	15.9972897	47.2493225
	15.9972006	47.2493789
	15.9968235	47.2494289
	15.9967264	47.2494566
	15.9966392	47.2494823
	15.9965516	47.2494752
	15.9964012	47.2494629
	15.9962213	47.2494175
	15.9961299	47.2493748
	15.9960019	47.249299
	15.996099	47.2489895
	15.996026	47.2489647
	15.9955058	47.2487838
	15.995379	47.2487331
	15.9952698	47.248673
	15.9950801	47.2485269
	15.9946969	47.248174
	15.9945756	47.2480336
	15.9944879	47.2478783
	15.9944645	47.2477326
	15.9944744	47.2476345
	15.9945343	47.2474275
	15.9945591	47.2472991
	15.9945442	47.2471756
	15.9944768	47.24699
	15.9944147	47.2469027
	15.994147	47.2470569
	15.993994	47.2475555
	15.9934289	47.2481147
	15.9931309	47.2480943
	15.9930829	47.248212
	15.9931857	47.2485089
	15.9933817	47.2487675
	15.9936129	47.2489333
	15.9914863	47.2488
	15.9914557	47.2487941
	15.9914772	47.248608
	15.9914993	47.248496
	15.9913437	47.2484824
	15.990758	47.248406
	15.9904814	47.248225
	15.9898408	47.247982
	15.9896163	47.2479423
	15.989572	47.2479113
	15.9891244	47.2477433
	15.987806	47.247264
	15.9869395	47.2470583
	15.9870039	47.2467553
	15.9868018	47.2465823
	15.9861998	47.246563
	15.9848818	47.2461479
	15.9845991	47.2460857
	15.9844521	47.2461509
	15.9839685	47.246455
	15.9836367	47.2468492
	15.9833031	47.2471214
	15.9832379	47.2471749
	15.9831287	47.2473039
	15.9830716	47.2475325
	15.9828008	47.2480041
	15.982271	47.2487254
	15.9819324	47.2492219
	15.9817408	47.2495864
	15.9812239	47.2502889
	15.9810262	47.2501022
	15.9809159	47.2499496
	15.9808452	47.2498465
	15.9807952	47.249704
	15.980627	47.249233
	15.9805688	47.2486069
	15.9805207	47.247677
	15.9804589	47.2473753
	15.9803147	47.2469517
	15.9802261	47.2466775
	15.9802177	47.246485
	15.9799234	47.24619
	15.9796368	47.2460461
	15.9794201	47.2458543
	15.979391	47.2458206
	15.9793517	47.2457716
	15.9793233	47.2455129
	15.9793875	47.2453687
	15.9794007	47.2452032
	15.9794401	47.2449135
	15.9795103	47.2447735
	15.9796852	47.2445255
	15.9798057	47.2444043
	15.980168	47.2438607
	15.9802913	47.2436206
	15.9803479	47.2435405
	15.9806047	47.2430491
	15.9806459	47.2429419
	15.980673	47.2428119
	15.9807237	47.2426416
	15.9809614	47.2422823
	15.981077	47.242055
	15.9811139	47.2416947
	15.98109	47.241572
	15.9808761	47.241149
	15.9804949	47.24055
	15.980476	47.240505
	15.9801878	47.2401687
	15.9793152	47.2390269
	15.979131	47.2388647
	15.978659	47.238256
	15.9785142	47.2380143
	15.978491	47.237789
	15.9786248	47.2377816
	15.9787753	47.2377116
	15.979198	47.237581
	15.9793178	47.2373352
	15.9795136	47.2372313
	15.9797952	47.2370278
	15.9799763	47.2369382
	15.980098	47.236708
	15.9805508	47.2365138
	15.980912	47.2362866
	15.981729	47.235935
	15.981609	47.235865
	15.981881	47.235674
	15.9807962	47.2349154
	15.9804148	47.2346752
	15.9800846	47.2344123
	15.9797425	47.2342185
	15.9795699	47.234097
	15.9792597	47.2338056
	15.9791194	47.2337056
	15.978921	47.233566
	15.9783911	47.2332855
	15.9781207	47.233174
	15.9777888	47.2329895
	15.9772659	47.2327468
	15.9769187	47.2326122
	15.9767646	47.2325253
	15.976494	47.23231
	15.976278	47.2323504
	15.9759716	47.2323701
	15.9757895	47.2323448
	15.975185	47.232373
	15.9749892	47.2324169
	15.9746611	47.2324528
	15.974216	47.232579
	15.9743098	47.2328954
	15.974363	47.233026
	15.973948	47.233311
	15.9731476	47.2336257
	15.9727501	47.2338223
	15.9722479	47.2339671
	15.9712697	47.2343632
	15.9708437	47.2345519
	15.970418	47.234749
	15.9710113	47.2351972
	15.9714545	47.2354597
	15.9716779	47.2355601
	15.971971	47.235761
	15.9719372	47.2360096
	15.9719565	47.2362212
	15.971992	47.236425
	15.9726026	47.2368289
	15.9725516	47.2370354
	15.972704	47.2372034
	15.9731441	47.237528
	15.9735033	47.2377357
	15.9737024	47.2378806
	15.974038	47.2381961
	15.974351	47.238539
	15.9738929	47.2386509
	15.9734187	47.2388093
	15.9729626	47.239026
	15.9726907	47.239145
	15.9721933	47.2393883
	15.971913	47.2395572
	15.9714671	47.2398568
	15.971028	47.240119
	15.9697917	47.2406895
	15.9697406	47.2407377
	15.9694385	47.2408333
	15.9689257	47.2410707
	15.9685629	47.241331
	15.9682574	47.2414976
	15.9678656	47.2416457
	15.9675146	47.2418453
	15.9668483	47.2421732
	15.966478	47.242305
	15.9665114	47.2430237
	15.9664727	47.2432489
	15.9664747	47.2433958
	15.9663796	47.2439248
	15.966375	47.244046
	15.9661035	47.244077
	15.9654068	47.2440266
	15.965105	47.244038
	15.964942	47.243932
	15.9648313	47.2439474
	15.964357	47.244017
	15.964086	47.244211
	15.9634198	47.2441535
	15.963284	47.244166
	15.9630904	47.2441352
	15.9629261	47.2440519
	15.962874	47.243978
	15.963751	47.24181
	15.963911	47.241803
	15.963805	47.241438
	15.9642212	47.2412369
	15.9645848	47.241001
	15.9645756	47.240847
	15.962855	47.240972
	15.9620798	47.2412983
	15.960665	47.241904
	15.9598554	47.2421275
	15.9587812	47.2423294
	15.9583721	47.2424443
	15.9580949	47.2424707
	15.9569657	47.242782
	15.9564081	47.2429626
	15.9558025	47.2431284
	15.955209	47.243228
	15.9550233	47.2430575
	15.9544737	47.2425951
	15.954062	47.24229
	15.9538296	47.242056
	15.9534303	47.2415295
	15.952951	47.241029
	15.9528176	47.240826
	15.9527592	47.2406709
	15.9527146	47.2405203
	15.9527038	47.2403118
	15.9526419	47.239841
	15.9524986	47.2394533
	15.9523389	47.2391139
	15.9517625	47.2383054
	15.9514066	47.2378823
	15.9510968	47.2375658
	15.9510116	47.2374354
	15.9507946	47.2372395
	15.9506778	47.237142
	15.9505425	47.2370078
	15.950212	47.236595
	15.9499542	47.236029
	15.9498706	47.2359504
	15.9496599	47.2355523
	15.9496016	47.2354109
	15.9494936	47.235184
	15.9493434	47.2347903
	15.9493021	47.2345532
	15.949295	47.234501
END
END
