2834282
1
	13.6093683	52.1507981
	13.6132897	52.149126
	13.6128219	52.1487185
	13.6141544	52.148679
	13.6268901	52.1431407
	13.6292333	52.1427548
	13.628729	52.1419292
	13.6284007	52.1410758
	13.6297461	52.140844
	13.6377273	52.1375398
	13.6393002	52.1368398
	13.6424008	52.1352765
	13.6442665	52.1342057
	13.6455583	52.1335675
	13.6463479	52.1333087
	13.6493906	52.1329491
	13.6524205	52.1330558
	13.6540555	52.1333647
	13.6566637	52.1336479
	13.6594682	52.1337658
	13.6598491	52.1346318
	13.660068	52.1360456
	13.660333	52.1368049
	13.6604338	52.137736
	13.6609949	52.1397991
	13.6615561	52.1411647
	13.6614767	52.141889
	13.6639261	52.1428536
	13.6640087	52.1438675
	13.6602074	52.1474439
	13.6582618	52.1494314
	13.6574512	52.1504972
	13.6584715	52.1509166
	13.6582366	52.1513668
	13.6594972	52.1517618
	13.6608061	52.152432
	13.6612112	52.1533034
	13.6623403	52.1544173
	13.664544	52.1554619
	13.6657532	52.1563321
	13.6659989	52.1573767
	13.6657982	52.1583745
	13.6640269	52.1580395
	13.6624979	52.1583085
	13.6615658	52.1582229
	13.6610722	52.1579684
	13.659548	52.1580377
	13.6579211	52.1584199
	13.6566108	52.1579461
	13.6550018	52.1580915
	13.6539662	52.157847
	13.6521265	52.1577236
	13.6513959	52.1579987
	13.6501007	52.1572422
	13.6487049	52.157023
	13.6474539	52.1568788
	13.645158	52.1564918
	13.6448044	52.1561805
	13.6440813	52.1564237
	13.6430127	52.1563723
	13.6423551	52.1565435
	13.6418529	52.1569983
	13.6416888	52.1575963
	13.6403176	52.1580781
	13.6396868	52.1583414
	13.6391031	52.1588465
	13.6380335	52.159433
	13.6376151	52.1594517
	13.637217	52.1593422
	13.6366371	52.1587945
	13.6361758	52.1587225
	13.6343288	52.1590509
	13.630501	52.1603477
	13.6282709	52.1591352
	13.6268157	52.157238
	13.6263472	52.1567086
	13.6093683	52.1507981
END
END
