2879618
1
	8.9812707	54.3544906
	8.9812917	54.3526628
	8.9815547	54.351244
	8.9828515	54.3483863
	8.9842943	54.3466435
	8.9847492	54.3461666
	8.9855201	54.3454917
	8.9878547	54.3439198
	8.9908403	54.3420621
	8.992934	54.3404982
	8.9935589	54.3399483
	8.9944043	54.3388168
	8.994494	54.3385829
	8.994591	54.3384461
	8.9963931	54.3385332
	8.9968819	54.3337237
	8.9970255	54.3336012
	8.9969992	54.3334295
	8.9968346	54.3331917
	8.9976244	54.3332149
	8.9976467	54.3329065
	8.9984079	54.3329854
	8.9984353	54.3328766
	8.9995145	54.3329989
	8.9998893	54.3329629
	9.0040907	54.3333838
	9.0101066	54.3342311
	9.0112844	54.3343637
	9.0117209	54.3344574
	9.0119243	54.3345861
	9.0136508	54.3351934
	9.0150076	54.335255
	9.0150818	54.3352272
	9.0153255	54.334954
	9.0155095	54.3342646
	9.0155447	54.3340563
	9.0156433	54.3338553
	9.0157052	54.3337502
	9.0157351	54.3336435
	9.01575	54.3335191
	9.0162372	54.3333885
	9.0167845	54.3332578
	9.0172171	54.3332124
	9.0173533	54.333275
	9.0176929	54.3333827
	9.01799	54.3334543
	9.0181425	54.333498
	9.0183535	54.3335604
	9.018528	54.3336296
	9.0187417	54.3337011
	9.0190199	54.3337847
	9.0192348	54.3338282
	9.0194464	54.3338435
	9.0196367	54.3338757
	9.0198367	54.3339154
	9.0199394	54.3339123
	9.020446	54.3339129
	9.0205293	54.3339128
	9.020596	54.3339323
	9.0206571	54.3339583
	9.020827	54.3340486
	9.0210573	54.3341429
	9.0214537	54.3342489
	9.0221731	54.3344753
	9.0224088	54.3345567
	9.0230065	54.3346833
	9.0231463	54.3346957
	9.0237211	54.3347463
	9.0248102	54.3348181
	9.0251216	54.3348626
	9.0282828	54.3350789
	9.0306543	54.335216
	9.0307789	54.3352232
	9.0312899	54.3352526
	9.0345537	54.3354976
	9.0350295	54.3355246
	9.0377461	54.3357038
	9.0378934	54.3357167
	9.0404918	54.3358876
	9.0446037	54.3361821
	9.0447599	54.3361725
	9.0509414	54.336572
	9.0543003	54.3368177
	9.0549547	54.3368838
	9.0637078	54.3375059
	9.0636881	54.3376307
	9.0637199	54.3378529
	9.0637016	54.3379767
	9.0637069	54.3391351
	9.0638668	54.3396306
	9.0642356	54.3405247
	9.0643812	54.3409783
	9.0646102	54.3416945
	9.0646502	54.3451282
	9.0644569	54.3458848
	9.0643969	54.3460993
	9.0643845	54.3466015
	9.0642738	54.346875
	9.0642267	54.3470851
	9.0641335	54.3476312
	9.0639669	54.3478772
	9.0629821	54.3477743
	9.0629211	54.3477679
	9.0617717	54.3477086
	9.0606055	54.3477256
	9.0595749	54.3478385
	9.0596441	54.3484459
	9.0590485	54.3483252
	9.0588938	54.3482938
	9.0573426	54.3479794
	9.0572383	54.3480627
	9.0571694	54.3481225
	9.0568854	54.3481631
	9.0561219	54.3482171
	9.0554945	54.3482132
	9.0506193	54.3485767
	9.0517803	54.3517285
	9.0502854	54.3518162
	9.0475552	54.3519322
	9.0470977	54.3516163
	9.0452791	54.3517287
	9.0451899	54.3517342
	9.0453094	54.3525476
	9.0454713	54.353463
	9.0454763	54.3542134
	9.0454139	54.3549972
	9.044871	54.3563123
	9.0444601	54.3572752
	9.0440923	54.3581368
	9.0441377	54.3582016
	9.0441594	54.3582326
	9.04427	54.3582299
	9.0442779	54.3584849
	9.0443117	54.3586552
	9.0443945	54.3587828
	9.0444812	54.3588602
	9.0445581	54.3590255
	9.0446202	54.3591902
	9.0446703	54.3594233
	9.0447611	54.3595597
	9.0448515	54.3596299
	9.044985	54.3596741
	9.0451886	54.3596988
	9.0453113	54.3596935
	9.0455099	54.3596647
	9.0455963	54.3596054
	9.0456803	54.3594831
	9.0457563	54.3593559
	9.0458591	54.35924
	9.0460062	54.3591317
	9.0461353	54.3590484
	9.0462637	54.3589938
	9.04635	54.3589769
	9.0465062	54.3589681
	9.0466635	54.3589711
	9.0467528	54.3589854
	9.0468589	54.3589866
	9.0474398	54.3590015
	9.0475384	54.3590059
	9.047635	54.3590271
	9.0477177	54.3590575
	9.0478602	54.3591336
	9.0479889	54.3591905
	9.0480957	54.35923
	9.0482829	54.3592906
	9.0491115	54.3595378
	9.0495624	54.3597023
	9.0499229	54.3598432
	9.0502284	54.3600011
	9.0502933	54.36006
	9.0502923	54.3601885
	9.0502712	54.3602933
	9.0502331	54.3604643
	9.0502284	54.3607607
	9.0502405	54.3609542
	9.0502534	54.361113
	9.0502601	54.3615403
	9.0502359	54.3615882
	9.0501581	54.3616653
	9.0500865	54.3617207
	9.0499755	54.3617932
	9.0498451	54.3618867
	9.0497368	54.361967
	9.0496598	54.3620344
	9.0495693	54.3621169
	9.0494904	54.3621909
	9.0494473	54.3622808
	9.0494256	54.3623406
	9.0494172	54.3624169
	9.0494216	54.3624692
	9.0494285	54.3625247
	9.0494602	54.362584
	9.0495109	54.3626488
	9.0495466	54.3626937
	9.0496185	54.3627855
	9.0501961	54.3635087
	9.0502014	54.3635442
	9.0502027	54.3636503
	9.0502039	54.3638857
	9.0502005	54.3640213
	9.0501793	54.3641536
	9.0501781	54.3642186
	9.0498199	54.3643436
	9.0523292	54.3664875
	9.0504245	54.3668765
	9.0480879	54.3671284
	9.0453403	54.3672694
	9.0448404	54.3672814
	9.0445342	54.3672814
	9.0429567	54.3673264
	9.0416769	54.3673384
	9.0399922	54.3675364
	9.0384734	54.3678873
	9.0360858	54.3686732
	9.0329273	54.3699051
	9.0318654	54.37044
	9.0310446	54.3709619
	9.0305127	54.3714239
	9.0295948	54.3724768
	9.027853	54.3751585
	9.0265972	54.3763903
	9.0254134	54.3771422
	9.0237517	54.3778021
	9.021364	54.3784011
	9.0210011	54.3784621
	9.0201102	54.378546
	9.0150251	54.378721
	9.0112917	54.378779
	9.0095569	54.378668
	9.0083301	54.378443
	9.0071253	54.378145
	9.0057046	54.3777641
	9.0048627	54.3774741
	9.0033459	54.3768212
	9.0015652	54.3758943
	8.9990146	54.3746584
	8.9963181	54.3732926
	8.9954982	54.3728126
	8.9931576	54.3712408
	8.9889333	54.3679221
	8.9853379	54.3643775
	8.984661	54.3637296
	8.9841531	54.3629167
	8.9837882	54.3620588
	8.9832363	54.3610749
	8.9822415	54.3588501
	8.9817826	54.3573323
	8.9815386	54.3562224
	8.9812707	54.3544906
END
END
