2903421
1
	11.3833956	53.0643174
	11.38652	53.0619045
	11.3887021	53.0617058
	11.3899806	53.0610833
	11.3900688	53.0604342
	11.3907741	53.0598513
	11.3905096	53.0583809
	11.3900247	53.0580895
	11.3899145	53.0572019
	11.3895537	53.0566698
	11.3902444	53.0558826
	11.3913259	53.0552764
	11.3916373	53.0551019
	11.3944367	53.0538565
	11.3959576	53.0518824
	11.3964205	53.0500672
	11.3974124	53.0486097
	11.3983658	53.0480903
	11.4001531	53.0469886
	11.4020872	53.0453297
	11.4022898	53.0444958
	11.4042848	53.0431558
	11.4053602	53.0430059
	11.4061737	53.043012
	11.4070555	53.0433031
	11.4085029	53.0442495
	11.411511	53.0449898
	11.4122903	53.0450366
	11.4127112	53.0449242
	11.4153025	53.0452033
	11.4204614	53.0465283
	11.4237969	53.0468562
	11.4241485	53.0466504
	11.4245615	53.0467535
	11.4246005	53.0470252
	11.4246239	53.0472032
	11.4251304	53.0477092
	11.4259876	53.0478216
	11.4266925	53.0474895
	11.4275136	53.0476518
	11.4280591	53.0476054
	11.4293709	53.0466361
	11.4302686	53.0464152
	11.4306873	53.0461833
	11.4304779	53.045978
	11.4303126	53.04564
	11.4303898	53.0452226
	11.4306433	53.044898
	11.4306529	53.0441128
	11.4316415	53.0424352
	11.4323027	53.0418388
	11.4328538	53.0415672
	11.4335922	53.0407853
	11.4333718	53.0401028
	11.4336693	53.0394335
	11.434	53.0392413
	11.4342535	53.0389299
	11.4341212	53.0386383
	11.4341293	53.0382715
	11.4282491	53.0382838
	11.4275802	53.0363139
	11.4280445	53.0363011
	11.4290915	53.0359101
	11.4320341	53.036162
	11.4323317	53.035824
	11.4330816	53.0356179
	11.4358092	53.0355991
	11.4368417	53.0352792
	11.4397466	53.0339734
	11.4405714	53.0331947
	11.4417872	53.0327167
	11.4429873	53.0324449
	11.44439	53.0325292
	11.4449667	53.0329885
	11.4450602	53.0338227
	11.4481083	53.0335845
	11.4499474	53.0337626
	11.4523236	53.0332902
	11.4538277	53.035654
	11.4557231	53.0379335
	11.4577024	53.0403697
	11.4612343	53.0446433
	11.4608135	53.0448963
	11.4605485	53.0451774
	11.4603459	53.0458052
	11.4612499	53.045674
	11.4622318	53.0458052
	11.4671973	53.0515766
	11.468761	53.0537249
	11.4718245	53.0574459
	11.4727021	53.0586286
	11.4730638	53.0592168
	11.4736701	53.0601054
	11.4754547	53.0624304
	11.4760392	53.0633819
	11.4778769	53.0649505
	11.4748578	53.0671702
	11.4711145	53.0700638
	11.4662391	53.0729847
	11.463286	53.0746314
	11.4609766	53.0757746
	11.4587869	53.0764622
	11.4560332	53.07731
	11.4523858	53.0779958
	11.4488255	53.0783402
	11.4463465	53.0784762
	11.4424951	53.0783016
	11.438691	53.0778961
	11.4370074	53.0775142
	11.4346262	53.0770272
	11.4297071	53.0753846
	11.4281907	53.0748782
	11.4245158	53.0742898
	11.4183875	53.074119
	11.4140839	53.0738398
	11.4119874	53.0736902
	11.4030603	53.0724857
	11.4004177	53.0718014
	11.3977979	53.070867
	11.3936364	53.0690136
	11.3877818	53.0662573
	11.3833956	53.0643174
END
END
