2907303
1
	11.5377324	50.4811071
	11.5402959	50.4761091
	11.5408098	50.4780936
	11.5412351	50.4785267
	11.5415753	50.4785447
	11.542114	50.4781568
	11.549077	50.4751468
	11.5510879	50.4751886
	11.5510879	50.4748277
	11.5517363	50.4746922
	11.552704	50.4746382
	11.5528599	50.4743134
	11.5531718	50.47416
	11.5536255	50.4736999
	11.5537672	50.473339
	11.5530726	50.4727796
	11.5523779	50.4724728
	11.5522929	50.4722472
	11.5514858	50.4722579
	11.5514565	50.4719585
	11.5499265	50.4713234
	11.5506198	50.470694
	11.5519091	50.4704873
	11.5523354	50.4709299
	11.5529875	50.470984
	11.5537531	50.4709028
	11.5541358	50.4707043
	11.5542067	50.4704968
	11.5545044	50.4704156
	11.5546037	50.4700817
	11.5543768	50.4698742
	11.5532427	50.4696396
	11.5539515	50.4687643
	11.5545305	50.4674344
	11.5541925	50.466734
	11.5526615	50.4667701
	11.5527379	50.4666072
	11.552704	50.4664001
	11.5523921	50.4657323
	11.5512722	50.465967
	11.5509036	50.4663279
	11.5485077	50.4655338
	11.5476429	50.4650465
	11.5484652	50.4638824
	11.5484203	50.4634832
	11.5492874	50.4629077
	11.550053	50.4626009
	11.5518676	50.4623302
	11.5535753	50.4625438
	11.5539941	50.4620053
	11.5555252	50.4613826
	11.555114	50.4609945
	11.5566876	50.4602364
	11.5569634	50.4595815
	11.5562721	50.4591943
	11.5575099	50.4575468
	11.5572405	50.4572761
	11.5572831	50.4568789
	11.5585448	50.4571497
	11.5587873	50.4568283
	11.5599721	50.457037
	11.5601719	50.4561041
	11.5623144	50.4562384
	11.5623144	50.456931
	11.5626141	50.4573197
	11.5633468	50.4574399
	11.5637451	50.4563474
	11.5643571	50.4564135
	11.5645031	50.4556384
	11.5671178	50.4577548
	11.5675208	50.4584505
	11.5709262	50.4597908
	11.5727981	50.4601471
	11.5742037	50.4610937
	11.5747476	50.4613551
	11.5763684	50.4617862
	11.5775003	50.4622682
	11.5801673	50.4631385
	11.5803625	50.4632681
	11.581375	50.4636377
	11.581727	50.4638245
	11.5818523	50.4640052
	11.5822409	50.4642313
	11.5838172	50.4646694
	11.5843501	50.4646765
	11.5848385	50.4648178
	11.5857	50.4652979
	11.5869477	50.4662593
	11.5882022	50.4670366
	11.589963	50.4674837
	11.5910092	50.4676369
	11.5912772	50.4678987
	11.5920976	50.4682479
	11.591691	50.4687955
	11.5918395	50.4689047
	11.5905475	50.4698428
	11.5903033	50.4702689
	11.5905804	50.4704006
	11.5904201	50.4707149
	11.5910606	50.4708816
	11.591507	50.4716175
	11.5916902	50.4720109
	11.5916984	50.4725581
	11.5909117	50.4731476
	11.5884275	50.4756101
	11.5885352	50.475717
	11.5857276	50.4776497
	11.5832187	50.4789468
	11.5820432	50.4796989
	11.581034	50.4792642
	11.5808229	50.479289
	11.5794889	50.478996
	11.5789812	50.4788232
	11.5787097	50.4787406
	11.5781312	50.4787707
	11.5770515	50.4787257
	11.5763438	50.4788206
	11.5758429	50.4790119
	11.5752725	50.479508
	11.5748837	50.4796166
	11.5747045	50.4798003
	11.5746249	50.4800726
	11.5745354	50.4802119
	11.5740975	50.4804335
	11.5730925	50.4809401
	11.5724854	50.4810477
	11.5722466	50.4810667
	11.5720973	50.4811807
	11.5717192	50.481263
	11.571152	50.4813137
	11.5712117	50.481624
	11.5709231	50.4816366
	11.5707838	50.4820355
	11.5706345	50.4821875
	11.5698783	50.4824091
	11.5695996	50.4825991
	11.5692016	50.4829663
	11.568913	50.4830867
	11.5685846	50.4832006
	11.5681368	50.4832386
	11.567699	50.4834476
	11.5674203	50.4836945
	11.5658765	50.4838653
	11.566059	50.484104
	11.563565	50.4843467
	11.5636361	50.4845817
	11.5622521	50.4848716
	11.5610744	50.4844577
	11.5576721	50.4856307
	11.5568596	50.4862328
	11.5528961	50.4867054
	11.5505318	50.4866339
	11.5498835	50.4872776
	11.5490313	50.487479
	11.5486863	50.4877487
	11.5485095	50.4880042
	11.5482886	50.4883233
	11.5479599	50.4885789
	11.5469514	50.4888793
	11.5444182	50.489157
	11.5434073	50.4894513
	11.5420094	50.490009
	11.5420308	50.4895007
	11.5422205	50.4891795
	11.5427347	50.4888998
	11.5421334	50.4881906
	11.5419992	50.4878053
	11.5425973	50.4874815
	11.5424245	50.4872956
	11.5418671	50.4872268
	11.5411058	50.487345
	11.5403688	50.4866542
	11.5408888	50.4856126
	11.5420597	50.484752
	11.5409507	50.4844231
	11.5413283	50.4840882
	11.5415977	50.4836913
	11.5414843	50.483132
	11.5407471	50.4823923
	11.5399564	50.4820181
	11.5391086	50.4813864
	11.5377324	50.4811071
END
END
