2928404
1
	6.558767	49.7453094
	6.5588255	49.7452405
	6.558813	49.7452193
	6.558787	49.745175
	6.5591448	49.7451185
	6.5595413	49.7449484
	6.5605444	49.7443915
	6.5609985	49.7441035
	6.5603583	49.7434764
	6.5604217	49.7430572
	6.559964	49.7430286
	6.559985	49.7415376
	6.5609224	49.7399392
	6.5627123	49.7399845
	6.5626185	49.7398417
	6.5622346	49.7395281
	6.5617223	49.7391121
	6.5614433	49.7387633
	6.5613291	49.7384915
	6.5617194	49.7379814
	6.5633574	49.7384303
	6.5631937	49.7387625
	6.5633537	49.7389435
	6.5634081	49.739322
	6.5632613	49.7399499
	6.5632941	49.7399573
	6.5636757	49.7400724
	6.5637278	49.7400776
	6.5638251	49.7397188
	6.563835	49.7393059
	6.5639808	49.7388886
	6.5641791	49.7387182
	6.5649999	49.7383688
	6.5657187	49.7384169
	6.5660939	49.7384966
	6.5662853	49.7384603
	6.5664622	49.7380977
	6.5666224	49.7378496
	6.5669285	49.737599
	6.5674892	49.7372464
	6.5681891	49.736949
	6.5684877	49.7368408
	6.5686243	49.736769
	6.5688327	49.7367081
	6.5697531	49.7364995
	6.5701707	49.7364431
	6.5706623	49.7364632
	6.5710595	49.7366662
	6.5713866	49.7367498
	6.5725792	49.7365623
	6.5736094	49.7363768
	6.5740799	49.736191
	6.5743266	49.7360491
	6.5743886	49.7358512
	6.5745001	49.7351524
	6.5748221	49.7337541
	6.5748701	49.7335459
	6.5748928	49.7323162
	6.5736591	49.7322431
	6.5730931	49.7310282
	6.5727298	49.7299006
	6.5722081	49.7282817
	6.5726201	49.7273627
	6.5727666	49.7270128
	6.5729044	49.7267931
	6.5732183	49.7265098
	6.5738916	49.726155
	6.574689	49.7260632
	6.5748094	49.7260501
	6.575061	49.7260227
	6.5752156	49.7260065
	6.5764389	49.7258779
	6.576959	49.7259327
	6.5773888	49.7260603
	6.5776953	49.7261745
	6.5780065	49.7262881
	6.5796037	49.7268993
	6.5809713	49.7273764
	6.5817616	49.7276665
	6.5826242	49.7280983
	6.5831478	49.7283909
	6.5842118	49.7290086
	6.5853415	49.7299434
	6.5859574	49.7303853
	6.5866341	49.7309242
	6.5869974	49.7313687
	6.5875614	49.7320985
	6.5882385	49.732503
	6.588549	49.7326345
	6.5888691	49.7327598
	6.5890347	49.7328064
	6.5892804	49.7328746
	6.5895246	49.7329735
	6.5897235	49.7330478
	6.5901573	49.7330865
	6.5904885	49.7328473
	6.5909045	49.7325467
	6.5913147	49.7322486
	6.5915926	49.7320929
	6.5919979	49.7318757
	6.5921234	49.7318066
	6.5926347	49.7315192
	6.5928373	49.7314075
	6.593127	49.7315863
	6.5939106	49.7311582
	6.5941383	49.7310327
	6.5946343	49.7307602
	6.5947081	49.7307648
	6.5950722	49.7305117
	6.5950447	49.7304833
	6.5952604	49.7303304
	6.5953047	49.7302991
	6.5969643	49.7291183
	6.5970707	49.7290425
	6.6003124	49.7266216
	6.5999843	49.726395
	6.5997142	49.7262085
	6.5993559	49.7259313
	6.5989487	49.7256797
	6.5984953	49.725457
	6.5978967	49.7252046
	6.5965666	49.7246846
	6.595724	49.724385
	6.592849	49.7233366
	6.5893017	49.7220518
	6.592682	49.7185631
	6.5946056	49.7163329
	6.5946288	49.7161951
	6.5950832	49.7155652
	6.5946281	49.7154224
	6.5942686	49.7153222
	6.5936934	49.715165
	6.5934483	49.715095
	6.5932004	49.7150308
	6.5923465	49.7148103
	6.5939835	49.7134879
	6.5942179	49.7135721
	6.5945512	49.7136926
	6.5949312	49.7138287
	6.5955136	49.7140096
	6.5964149	49.71429
	6.5969067	49.7144545
	6.5977793	49.7147456
	6.5986722	49.7150434
	6.5994259	49.7152955
	6.5998948	49.715447
	6.6005301	49.7156523
	6.6016487	49.7160133
	6.6027509	49.7161825
	6.6037792	49.7164216
	6.6048537	49.7167032
	6.6057671	49.7169434
	6.6066771	49.7171847
	6.6071486	49.7173113
	6.6075424	49.717433
	6.6079787	49.7175693
	6.6081763	49.7176299
	6.6084282	49.7177012
	6.608675	49.7177711
	6.6090587	49.7179087
	6.6091216	49.7179315
	6.6093041	49.7180017
	6.6095784	49.7181093
	6.61021	49.7183562
	6.6107068	49.7185511
	6.6111426	49.7187811
	6.6123687	49.7194263
	6.6130478	49.7197842
	6.6134377	49.7199886
	6.6139356	49.7203184
	6.6141279	49.7204627
	6.6147011	49.7208469
	6.615013	49.7210565
	6.6153532	49.7212849
	6.615758	49.7215573
	6.6160522	49.7217554
	6.616257	49.7218924
	6.6168885	49.7224291
	6.6172076	49.7227003
	6.6176061	49.7230207
	6.6178512	49.7232191
	6.6181637	49.7234714
	6.6187474	49.7239434
	6.6206066	49.7253014
	6.6216693	49.7262493
	6.6229165	49.7275961
	6.624116	49.7292047
	6.6251373	49.7309065
	6.6262003	49.733854
	6.6264406	49.7346063
	6.6269725	49.738095
	6.626998	49.738789
	6.6270162	49.7391866
	6.6270482	49.7399865
	6.6266984	49.7429043
	6.6264928	49.744619
	6.6254416	49.7446123
	6.6250393	49.7446227
	6.6248904	49.7446341
	6.6246811	49.7446668
	6.6239085	49.7448344
	6.6238036	49.7447055
	6.623252	49.7448259
	6.6229271	49.7449361
	6.6228966	49.7448825
	6.6227698	49.7449154
	6.6224446	49.7444793
	6.6219828	49.7439701
	6.6214239	49.7434196
	6.6206639	49.7428329
	6.6196658	49.7422195
	6.6186484	49.7426366
	6.6182458	49.7430813
	6.6180762	49.7432358
	6.6178725	49.7433603
	6.6176195	49.743483
	6.6172746	49.7436119
	6.6156867	49.7441543
	6.614059	49.7446979
	6.6148166	49.7452482
	6.6123141	49.7460043
	6.6125337	49.7463072
	6.6111797	49.7466946
	6.6111909	49.7467343
	6.6112974	49.7469519
	6.6114278	49.7471471
	6.6111328	49.7472384
	6.6102458	49.7475209
	6.6086304	49.7480318
	6.6083768	49.7481121
	6.6075521	49.7483569
	6.6064706	49.7486949
	6.6046466	49.7492588
	6.6037524	49.7495579
	6.602092	49.7500063
	6.6007494	49.7503408
	6.5992741	49.7507067
	6.5990835	49.7512313
	6.5988088	49.7519419
	6.5985888	49.7524985
	6.5983875	49.753519
	6.5983193	49.7538719
	6.5962527	49.7539593
	6.5877012	49.7554527
	6.5875503	49.7554029
	6.5874063	49.7554542
	6.5872736	49.7554917
	6.5871335	49.7555211
	6.5870021	49.7555405
	6.5862981	49.7556015
	6.5857392	49.7556262
	6.5852113	49.7556302
	6.5847738	49.7556367
	6.5843637	49.7556638
	6.5839596	49.7557108
	6.5837504	49.7557449
	6.5835625	49.7557771
	6.5830856	49.7558844
	6.5826483	49.7559871
	6.582111	49.7560859
	6.5815609	49.7561561
	6.5810032	49.7561982
	6.5803164	49.756241
	6.5800758	49.7562678
	6.5796388	49.7563156
	6.5789704	49.7564213
	6.5784768	49.756523
	6.578315	49.7565568
	6.5781573	49.7565969
	6.5776671	49.7567205
	6.5774129	49.7567773
	6.5773126	49.7568002
	6.5770068	49.756868
	6.576658	49.7569271
	6.5764288	49.7569663
	6.5763292	49.7569824
	6.5757758	49.7570495
	6.5756429	49.7570657
	6.5754238	49.7570819
	6.5749489	49.7571167
	6.5749377	49.7570282
	6.5748107	49.7570219
	6.5746842	49.7569645
	6.574483	49.7566498
	6.5730037	49.7543348
	6.571702	49.7526681
	6.571546	49.7524742
	6.5716216	49.7524488
	6.5714889	49.7524008
	6.5713015	49.7521926
	6.5712108	49.7521712
	6.5712688	49.7521541
	6.5703272	49.7509984
	6.5694737	49.7505575
	6.5689994	49.750365
	6.56835	49.7501416
	6.5675568	49.7498825
	6.5671502	49.7497086
	6.5669232	49.7495823
	6.5674669	49.7490989
	6.5633958	49.7462972
	6.562778	49.7468247
	6.562058	49.7468831
	6.5620449	49.7469249
	6.5618088	49.7468311
	6.5616657	49.7467725
	6.5615673	49.74672
	6.561199	49.7465238
	6.5610556	49.7464459
	6.5606893	49.7462504
	6.5601079	49.7462431
	6.5599921	49.7462081
	6.559818	49.7460835
	6.5596545	49.7459757
	6.5595005	49.745876
	6.5594261	49.7458269
	6.5593674	49.7457885
	6.5588655	49.745462
	6.558767	49.7453094
END
END
