2946174
1
	12.4460891	51.1132108
	12.4462167	51.1122649
	12.4465743	51.1115675
	12.4471872	51.1113751
	12.4478639	51.1108621
	12.4488854	51.1105414
	12.448837	51.10982
	12.4486294	51.1094685
	12.4484217	51.1094118
	12.4483495	51.1095365
	12.4482231	51.1097293
	12.4473267	51.1096377
	12.4475702	51.1071342
	12.4484212	51.1043989
	12.4635029	51.0953695
	12.4592433	51.0846126
	12.459486	51.0829266
	12.4603372	51.0770705
	12.4610504	51.0729724
	12.4611274	51.0728338
	12.460305	51.0722358
	12.4610167	51.0700506
	12.4631035	51.0685592
	12.4629651	51.0668858
	12.4639474	51.0668017
	12.4669327	51.0678971
	12.4679507	51.0678353
	12.4680755	51.0677168
	12.4690376	51.0657297
	12.4693275	51.0642906
	12.4705343	51.0643298
	12.4727074	51.0645022
	12.4747611	51.0646198
	12.4772072	51.0648146
	12.4789514	51.0651689
	12.4802473	51.06576
	12.4804373	51.065805
	12.4807573	51.065889
	12.4814901	51.065985
	12.482239	51.06608
	12.4833719	51.066133
	12.4849836	51.065542
	12.4857395	51.0652641
	12.4876412	51.065679
	12.48928	51.0653821
	12.4908268	51.0657521
	12.4914527	51.066156
	12.4938503	51.066488
	12.4952691	51.066458
	12.495833	51.066404
	12.49606	51.066385
	12.4965619	51.0661411
	12.4988806	51.0639743
	12.4999995	51.0640273
	12.5005684	51.0640543
	12.5011373	51.0642793
	12.5106737	51.0671723
	12.5111654	51.0716301
	12.5254236	51.0775877
	12.5213498	51.0814708
	12.5410866	51.0825298
	12.5561877	51.0905155
	12.544739	51.0981027
	12.5500068	51.1120389
	12.557219	51.1153705
	12.5580073	51.1145163
	12.5582382	51.1144296
	12.5598681	51.1142405
	12.5617673	51.1144434
	12.5640364	51.1149615
	12.5654192	51.1153609
	12.5662635	51.1154436
	12.565547	51.1166302
	12.5635846	51.1170764
	12.5628618	51.1184621
	12.5631562	51.1218516
	12.5612818	51.1219836
	12.5602462	51.1222042
	12.559517	51.1277032
	12.5631635	51.1262773
	12.5638864	51.1280769
	12.5639477	51.1295652
	12.5630158	51.1309058
	12.5616262	51.1316317
	12.5572773	51.1300218
	12.5571374	51.1301569
	12.5529152	51.1285108
	12.55192	51.1313232
	12.5484637	51.1334575
	12.5528003	51.1329823
	12.5538418	51.1331032
	12.5527651	51.1338129
	12.5448642	51.136183
	12.5404074	51.1388862
	12.5289834	51.1384145
	12.528712	51.1389567
	12.5277636	51.1387384
	12.5241236	51.1459833
	12.5250677	51.1460987
	12.5240134	51.1486062
	12.52481	51.1490341
	12.5243243	51.1497232
	12.5246401	51.1502315
	12.5251514	51.1499495
	12.5256683	51.1501433
	12.525511	51.15082
	12.5258245	51.1513252
	12.5261821	51.1514299
	12.5265396	51.1518112
	12.5276496	51.1519337
	12.5247496	51.1561425
	12.5279859	51.1569248
	12.5283333	51.1613481
	12.5281684	51.1615259
	12.5296273	51.1626772
	12.530956	51.1642267
	12.5306464	51.1644225
	12.5303683	51.164572
	12.5297684	51.1648087
	12.52933	51.164925
	12.5293663	51.1643602
	12.5293504	51.1642249
	12.5226508	51.1651589
	12.5226074	51.1649519
	12.5114696	51.1645388
	12.5111993	51.1662008
	12.5098366	51.1677495
	12.5078025	51.1718747
	12.5088242	51.1721916
	12.5102021	51.1724326
	12.5107641	51.1773358
	12.4954174	51.1783899
	12.4951715	51.1783821
	12.4945279	51.1782427
	12.4938058	51.1780681
	12.4933942	51.1779475
	12.4932481	51.1778701
	12.4929488	51.1777374
	12.4931207	51.1775568
	12.4885113	51.176025
	12.4896872	51.1747553
	12.4894057	51.1746662
	12.4867006	51.1777657
	12.4838364	51.1808463
	12.4837099	51.1803453
	12.483656	51.1797363
	12.483656	51.1793947
	12.4816751	51.1792069
	12.4805976	51.1789948
	12.4800762	51.178932
	12.4803214	51.1780292
	12.4836304	51.1785055
	12.4839613	51.1778631
	12.4854802	51.1746411
	12.4825187	51.1735768
	12.4844148	51.1707237
	12.4861844	51.1681874
	12.4866901	51.168278
	12.487918	51.167508
	12.4895214	51.1662118
	12.4884236	51.1658548
	12.4892001	51.1641449
	12.489778	51.1624916
	12.4889834	51.1614384
	12.4884427	51.1599335
	12.4867241	51.1611339
	12.4857691	51.1615403
	12.4844768	51.1618706
	12.4826381	51.1619027
	12.4806129	51.1603368
	12.4753219	51.1581397
	12.474112	51.1571431
	12.4729764	51.1564831
	12.4732258	51.1558779
	12.4750006	51.1557337
	12.4765201	51.1542841
	12.4758051	51.1533951
	12.4759328	51.1530347
	12.4769926	51.1525221
	12.4759838	51.1521697
	12.4752466	51.1516627
	12.4742983	51.1526022
	12.474043	51.1530587
	12.4727788	51.1535873
	12.4726767	51.153291
	12.4711444	51.1533951
	12.4708763	51.1540599
	12.4703272	51.1540519
	12.4701101	51.1536354
	12.4702761	51.1529706
	12.471004	51.1530828
	12.4714764	51.1530908
	12.4718212	51.1527864
	12.4710074	51.1518235
	12.4704182	51.1515758
	12.4692822	51.1470304
	12.4692461	51.1447873
	12.4683587	51.1429261
	12.4685082	51.1423625
	12.4687527	51.1420615
	12.4690582	51.1413505
	12.4692695	51.1409959
	12.4696835	51.1401817
	12.4701591	51.1393407
	12.47061	51.1384808
	12.4705856	51.1384674
	12.470678	51.1383057
	12.4711943	51.1377648
	12.4716675	51.1375467
	12.4717097	51.1375125
	12.4716763	51.1372405
	12.4710551	51.1369091
	12.4705901	51.1366195
	12.4705528	51.1365404
	12.4705935	51.1364338
	12.4713494	51.1358539
	12.4713903	51.1357376
	12.4705328	51.1312745
	12.4704956	51.1312638
	12.4729781	51.130526
	12.4750066	51.1297176
	12.4748802	51.1292077
	12.4722437	51.1303523
	12.4697975	51.1310916
	12.4671896	51.1281402
	12.4663213	51.1283325
	12.4683747	51.1236372
	12.4635121	51.1226827
	12.452353	51.1225446
	12.4517932	51.1217285
	12.4496262	51.1220685
	12.4493734	51.1216718
	12.4465871	51.1220777
	12.4464411	51.1194985
	12.4468835	51.1194418
	12.447651	51.1196855
	12.4480753	51.1194872
	12.4483643	51.1188411
	12.4482288	51.118365
	12.4485719	51.1183423
	12.4484455	51.1177869
	12.4466217	51.1178492
	12.4463418	51.116812
	12.446204	51.1149984
	12.4467658	51.114774
	12.4467275	51.1141728
	12.4461018	51.1141327
	12.4460891	51.1132108
END
END
