6547554
1
	13.6649963	52.7872512
	13.6722528	52.7789802
	13.6736749	52.778925
	13.674507	52.7789572
	13.6756319	52.778989
	13.6765351	52.7790406
	13.6769542	52.7790694
	13.6778157	52.7791275
	13.680307	52.7792969
	13.6800221	52.7786849
	13.6797373	52.7782154
	13.6794937	52.7776744
	13.6793216	52.7752935
	13.6800812	52.7725129
	13.6809052	52.771168
	13.6823826	52.7689078
	13.6828702	52.7679537
	13.6839672	52.7650479
	13.6832913	52.7643754
	13.6860754	52.7598762
	13.68629	52.7591237
	13.6863555	52.7582926
	13.6867464	52.7577655
	13.6868576	52.7572934
	13.6868039	52.7563486
	13.6863286	52.7555052
	13.6856034	52.7549902
	13.6850841	52.7546097
	13.6850487	52.7543065
	13.6895226	52.7536584
	13.6904464	52.7538649
	13.6916748	52.7537831
	13.693635	52.7536058
	13.6959245	52.7531474
	13.6982988	52.7536727
	13.6986829	52.754737
	13.6989275	52.7553961
	13.6998362	52.7565681
	13.7013404	52.75692
	13.7027094	52.7580628
	13.7040216	52.7590633
	13.7044207	52.7599678
	13.7057202	52.7601708
	13.7082028	52.7613395
	13.7216332	52.7654412
	13.7268173	52.7668174
	13.7336516	52.7684104
	13.7353496	52.7689457
	13.7408614	52.7697989
	13.7410502	52.7677905
	13.7429857	52.7672556
	13.74408	52.7668168
	13.7456851	52.7654671
	13.7461503	52.7650019
	13.7467501	52.764095
	13.7474099	52.7630465
	13.7476849	52.7632521
	13.749702	52.764766
	13.7488758	52.7655645
	13.7480712	52.7653802
	13.7466507	52.766994
	13.747009	52.7676029
	13.7543618	52.769047
	13.7604354	52.7703531
	13.7618377	52.7705419
	13.7672021	52.7706555
	13.769512	52.7708639
	13.7726463	52.7709954
	13.7727918	52.7710015
	13.7735407	52.7711411
	13.7739741	52.7715305
	13.7751414	52.772116
	13.7759504	52.772388
	13.7790703	52.7724016
	13.7798106	52.7725924
	13.7809149	52.7716237
	13.7816656	52.7699639
	13.781842	52.7699509
	13.7821694	52.7699314
	13.7843993	52.769762
	13.786235	52.7693706
	13.786816	52.7693736
	13.7883012	52.7696716
	13.7885959	52.76972
	13.7888722	52.7697653
	13.7892992	52.7701151
	13.7885911	52.7708376
	13.7884495	52.7712537
	13.788605	52.771745
	13.7867865	52.7738652
	13.7862726	52.774182
	13.7868831	52.7743423
	13.7875547	52.7748154
	13.7881373	52.7749108
	13.7882124	52.7758734
	13.788619	52.7759311
	13.7901596	52.7771253
	13.7875708	52.7764335
	13.7840116	52.7778926
	13.7833786	52.7783014
	13.7831855	52.7788206
	13.7832606	52.7789374
	13.7830946	52.7790856
	13.7823327	52.7792188
	13.7819624	52.7793658
	13.781544	52.7797811
	13.7816405	52.779872
	13.7812006	52.7807545
	13.7805247	52.7811244
	13.7794518	52.7816047
	13.7791944	52.7816566
	13.779012	52.7820849
	13.7784863	52.7823769
	13.7776065	52.7833762
	13.777467	52.784129
	13.777864	52.7842782
	13.7778533	52.7845378
	13.7778318	52.7846221
	13.777982	52.7848687
	13.7783682	52.7851023
	13.778336	52.7854073
	13.7782502	52.7856344
	13.7780571	52.7856798
	13.7780142	52.7860951
	13.7778962	52.7863352
	13.7779391	52.7869256
	13.7784111	52.7871268
	13.7793338	52.7870489
	13.7793446	52.7872371
	13.7795269	52.7877627
	13.7798381	52.787834
	13.7798488	52.7881195
	13.779763	52.7883142
	13.7792463	52.7887572
	13.7768216	52.7886663
	13.7751049	52.7886015
	13.7704594	52.7883108
	13.7516152	52.7872622
	13.7428626	52.7867977
	13.7290943	52.7857445
	13.7190714	52.7850236
	13.7117501	52.7846265
	13.7064454	52.7844491
	13.6998582	52.7842287
	13.6906336	52.7839893
	13.6834045	52.7838128
	13.6718409	52.7837097
	13.6712679	52.7891803
	13.6649963	52.7872512
END
END
