6547436
1
	6.9899116	50.2404923
	6.9899663	50.2402644
	6.9905678	50.2402346
	6.9915579	50.2397266
	6.9931785	50.2383081
	6.9942747	50.2371248
	6.9948246	50.2364609
	6.9947516	50.235737
	6.9948546	50.235634
	6.9953419	50.2348529
	6.9961507	50.2344911
	6.9968361	50.2343507
	6.9972587	50.23411
	6.9978507	50.2340485
	6.9981681	50.2336152
	6.9984131	50.2331083
	6.998634	50.2323834
	6.998606	50.2315895
	6.998672	50.2315025
	6.999123	50.2313835
	6.999259	50.2313265
	6.9995989	50.2310485
	6.9996769	50.2308655
	6.9999958	50.2304456
	7.0001528	50.2301286
	7.0004758	50.2298657
	7.0009637	50.2297057
	7.0012407	50.2291827
	7.0016056	50.2290498
	7.0033594	50.2288548
	7.0039263	50.2285378
	7.0050611	50.2280079
	7.0053901	50.2279009
	7.0062269	50.226955
	7.0065469	50.226535
	7.0067429	50.2260891
	7.0067769	50.2256471
	7.0066079	50.2251772
	7.006151	50.2248422
	7.006103	50.2241933
	7.00573	50.2239303
	7.0051521	50.2238273
	7.0049031	50.2235944
	7.0039593	50.2231864
	7.0039133	50.2228964
	7.0039843	50.2225035
	7.0050401	50.2218476
	7.0055221	50.2213166
	7.0055831	50.2211456
	7.005794	50.2205887
	7.006156	50.2201958
	7.0066799	50.2198258
	7.0074108	50.2195358
	7.0075108	50.2195778
	7.0079447	50.2197648
	7.0085646	50.2201538
	7.0095965	50.2209507
	7.0100844	50.2213776
	7.0111732	50.2223245
	7.0115422	50.2226135
	7.0116712	50.2227135
	7.012696	50.2229424
	7.0132619	50.2230414
	7.0149127	50.2233464
	7.0155676	50.2234494
	7.0169184	50.2235944
	7.0176527	50.2236987
	7.0179392	50.2237394
	7.0188031	50.2240483
	7.01967	50.2245633
	7.0207728	50.2245823
	7.0228285	50.2253262
	7.0233015	50.2254292
	7.0238333	50.2299281
	7.0272236	50.236242
	7.0235758	50.2349793
	7.020915	50.2383831
	7.0197134	50.2427472
	7.0193057	50.2440728
	7.0179558	50.2460592
	7.0164359	50.2453645
	7.0154688	50.2459241
	7.0122798	50.2462922
	7.0120266	50.2454369
	7.0114509	50.2451866
	7.011468	50.2464838
	7.0121518	50.2474937
	7.0108981	50.247629
	7.0104585	50.2471189
	7.0087816	50.2471085
	7.0085553	50.246759
	7.0069767	50.2472151
	7.0059021	50.2463822
	7.0045345	50.2477044
	7.0033622	50.2474546
	7.0031343	50.247871
	6.9987057	50.2474129
	6.9955332	50.2466635
	6.9934055	50.2452863
	6.9918402	50.2450124
	6.9916228	50.242887
	6.9912356	50.2412802
	6.990729	50.2407132
	6.9899116	50.2404923
END
END
