6547608
1
	14.2697216	52.6978959
	14.2708788	52.6972574
	14.2791943	52.6911679
	14.2802772	52.6903749
	14.2899766	52.6831566
	14.3019865	52.6743443
	14.3061224	52.6711917
	14.3003417	52.6682529
	14.2911868	52.6634562
	14.2919969	52.6635089
	14.2916085	52.6632506
	14.2853729	52.6619687
	14.2823838	52.6612881
	14.2791523	52.660105
	14.278765	52.6592193
	14.2801651	52.6587547
	14.2809108	52.6570418
	14.2807133	52.6568453
	14.2812723	52.6555033
	14.2792392	52.6551369
	14.279369	52.6545635
	14.2781588	52.6544561
	14.281194	52.6515546
	14.2818721	52.6517317
	14.2830941	52.650329
	14.2844191	52.6492954
	14.2850433	52.649024
	14.2851583	52.6488072
	14.2850811	52.648623
	14.2851819	52.6480847
	14.2852495	52.6475594
	14.2874564	52.6469891
	14.2879392	52.6466865
	14.2883415	52.6460583
	14.2885465	52.6457445
	14.2868846	52.6452439
	14.2862001	52.6459008
	14.2855199	52.646262
	14.2849963	52.6464534
	14.2842549	52.6460602
	14.2827111	52.6475991
	14.2804194	52.6490467
	14.2777243	52.6507951
	14.2763784	52.6499977
	14.2737412	52.6509929
	14.27295	52.6506932
	14.2736575	52.6503756
	14.2739241	52.6501751
	14.274238	52.6499063
	14.2747942	52.6496755
	14.2756032	52.6494737
	14.2764733	52.6492326
	14.278486	52.6481556
	14.2785483	52.6477651
	14.2791738	52.6470087
	14.2807691	52.6460889
	14.2824782	52.6450565
	14.2825877	52.6447707
	14.2819386	52.6444836
	14.2801898	52.6427012
	14.279398	52.6419479
	14.2770887	52.642696
	14.2744831	52.6437597
	14.2708096	52.643735
	14.27061	52.6411745
	14.2740658	52.6410372
	14.2750833	52.6407463
	14.276219	52.6398822
	14.2817445	52.6353474
	14.2923006	52.6330239
	14.2930194	52.6326983
	14.2937275	52.6323987
	14.295913	52.6315333
	14.2928597	52.62083
	14.2926975	52.6202464
	14.289856	52.6111061
	14.2912285	52.6108658
	14.2919688	52.6106769
	14.2932885	52.6101948
	14.2948978	52.6094782
	14.2959492	52.6090547
	14.2964428	52.6089309
	14.2969256	52.6088853
	14.2987387	52.6088658
	14.3007236	52.6087289
	14.3047893	52.6084944
	14.3053579	52.6083901
	14.30748	52.6078677
	14.3088737	52.6089153
	14.3096344	52.6096593
	14.3098372	52.6101284
	14.3098039	52.6110275
	14.3102481	52.6111271
	14.3105324	52.612789
	14.3109927	52.614359
	14.3114272	52.6150502
	14.3121739	52.6160188
	14.3130269	52.6172004
	14.3140461	52.6170767
	14.3149452	52.618255
	14.3183162	52.6177509
	14.3192818	52.6171581
	14.3207795	52.619077
	14.3271363	52.6170487
	14.3354308	52.614615
	14.3436341	52.6117069
	14.3431084	52.6072292
	14.350448	52.6066473
	14.3512033	52.6110196
	14.3591212	52.6095108
	14.3685233	52.6079764
	14.3703869	52.6076944
	14.3729586	52.607682
	14.3772576	52.6079204
	14.3795611	52.6077608
	14.381002	52.6075979
	14.3839929	52.6067686
	14.3851144	52.606491
	14.3868149	52.6064786
	14.3891001	52.6066473
	14.3910978	52.6038762
	14.3925012	52.6018094
	14.3939377	52.6000578
	14.3926471	52.5975222
	14.3924368	52.5966658
	14.3923563	52.5956831
	14.3926567	52.5954843
	14.3924593	52.5947811
	14.3924132	52.5927959
	14.4058307	52.5894152
	14.4082795	52.5913148
	14.4095938	52.5924358
	14.4100315	52.5932883
	14.4131085	52.5951698
	14.4122787	52.5956421
	14.4119514	52.5961083
	14.4117253	52.5974068
	14.4112712	52.5976215
	14.4173458	52.6059361
	14.4190303	52.6057511
	14.4188114	52.6098231
	14.4264203	52.6085006
	14.4275168	52.6109307
	14.4281765	52.6118718
	14.4265819	52.6184909
	14.4286627	52.6234006
	14.4317301	52.6301449
	14.4304769	52.6308599
	14.4316314	52.632174
	14.4298246	52.6329124
	14.4292732	52.6336769
	14.4294628	52.6346229
	14.4303332	52.6362696
	14.4295679	52.6383444
	14.4318803	52.6390732
	14.4301755	52.6410858
	14.4293162	52.641994
	14.4286993	52.643102
	14.4319061	52.6446097
	14.4322795	52.6444581
	14.4326164	52.6439034
	14.431787	52.6429035
	14.432582	52.6417128
	14.4354971	52.6410084
	14.439117	52.6416223
	14.4415331	52.6419667
	14.4443988	52.6423501
	14.4465703	52.6426164
	14.4621593	52.6445713
	14.4742475	52.6461213
	14.4736252	52.6419615
	14.4730855	52.6396555
	14.4735597	52.6368852
	14.4742045	52.6354124
	14.4756165	52.6332155
	14.4775734	52.6313128
	14.4776067	52.6304076
	14.4783663	52.629873
	14.4793823	52.6296333
	14.4827372	52.6320649
	14.4777933	52.6373032
	14.4800227	52.6381331
	14.482692	52.6358542
	14.4844258	52.6365314
	14.4817758	52.6387841
	14.4930625	52.6446186
	14.4933672	52.6444402
	14.4963777	52.6459023
	14.4981759	52.647035
	14.4841381	52.652805
	14.4716068	52.6582094
	14.4681736	52.659714
	14.4666029	52.6605782
	14.4652296	52.6614111
	14.4641739	52.6623065
	14.4633671	52.663129
	14.4627663	52.6638838
	14.4606205	52.6676004
	14.4597794	52.6696199
	14.4587322	52.6715613
	14.4579598	52.6726387
	14.4566122	52.6739554
	14.4549042	52.6752044
	14.453385	52.6760631
	14.4512993	52.6770623
	14.449205	52.6777908
	14.4468361	52.6785194
	14.4450594	52.678842
	14.4397146	52.6799656
	14.4385987	52.6802017
	14.4364217	52.6798723
	14.4355373	52.6800075
	14.4344936	52.6805807
	14.4327052	52.6816353
	14.4321676	52.682651
	14.4315668	52.6835511
	14.4295774	52.6885136
	14.4287773	52.690039
	14.4276444	52.691735
	14.4268547	52.6927754
	14.4259278	52.6938835
	14.4250523	52.6947366
	14.4241167	52.6954128
	14.4223572	52.6964376
	14.4191385	52.6980813
	14.4159285	52.6996833
	14.4148384	52.7005259
	14.4130703	52.7021694
	14.4120661	52.7033344
	14.4112936	52.7046658
	14.4104267	52.7057788
	14.4089504	52.7073285
	14.4077483	52.7083361
	14.4067789	52.7091486
	14.4043328	52.7109894
	14.4025131	52.7124349
	14.4009424	52.7137713
	14.3974142	52.7163814
	14.3949772	52.7181647
	14.3930289	52.7195372
	14.3908676	52.7207714
	14.3875529	52.7222874
	14.3864886	52.7229372
	14.3859117	52.7235115
	14.3854328	52.7245227
	14.3847462	52.7256559
	14.3838278	52.7267111
	14.3825403	52.727995
	14.3810555	52.729019
	14.3796393	52.730043
	14.3782231	52.7315139
	14.3760945	52.7339722
	14.3751332	52.7351156
	14.3742491	52.7358276
	14.3732191	52.7363889
	14.3718201	52.7370229
	14.3704125	52.7375426
	14.3685414	52.7379947
	14.3653828	52.7388833
	14.3642498	52.7393198
	14.362662	52.740224
	14.3612715	52.7411282
	14.3598982	52.7420427
	14.3587824	52.7431443
	14.3566452	52.7453266
	14.3555037	52.7467399
	14.3538986	52.7485063
	14.352388	52.7500286
	14.3516327	52.750652
	14.3504311	52.751291
	14.3488003	52.7518521
	14.3401743	52.7548288
	14.3347927	52.7566365
	14.3329474	52.7575351
	14.3293167	52.7597115
	14.3276688	52.7603608
	14.3256775	52.7608542
	14.3260522	52.7570011
	14.3274062	52.7541749
	14.3282194	52.7523736
	14.3285434	52.751708
	14.3289351	52.7507462
	14.3288653	52.7488587
	14.3309585	52.7466714
	14.3311903	52.7446057
	14.3311817	52.7443999
	14.3308496	52.7440693
	14.3302499	52.7436419
	14.3293208	52.7435097
	14.3265506	52.7413361
	14.3262507	52.7412101
	14.3247224	52.7382799
	14.3236811	52.7358501
	14.3219109	52.7340213
	14.3190431	52.7319791
	14.3158094	52.7297088
	14.311652	52.7267486
	14.3102706	52.7258694
	14.309849	52.7256404
	14.3065788	52.7255436
	14.3003947	52.7192803
	14.3002172	52.7187675
	14.3002874	52.7182164
	14.3004591	52.7176036
	14.2964868	52.7178379
	14.2946741	52.7178895
	14.293855	52.7178307
	14.2929961	52.7176676
	14.2896042	52.7168081
	14.2849758	52.7153302
	14.2825082	52.7141022
	14.2793823	52.7122787
	14.2785605	52.7113252
	14.2782746	52.7105361
	14.2777983	52.7097517
	14.2772318	52.7086142
	14.2768628	52.7062779
	14.2766911	52.7042445
	14.2769143	52.703753
	14.2747942	52.7022266
	14.273893	52.7014464
	14.2733351	52.7003945
	14.2726447	52.6996618
	14.2713101	52.6987128
	14.2697216	52.6978959
END
END
