6547687
1
	12.291613	52.3861477
	12.2924357	52.3857722
	12.2928767	52.3853917
	12.2929754	52.3850178
	12.2931191	52.3845123
	12.2932983	52.3838705
	12.2937285	52.3828371
	12.2939497	52.3822799
	12.2942319	52.3813499
	12.2944996	52.381179
	12.2967884	52.380363
	12.3000003	52.379401
	12.3021732	52.379118
	12.3064597	52.3784481
	12.3075143	52.3787264
	12.309276	52.3791194
	12.3124281	52.3780197
	12.3145739	52.3778855
	12.3171285	52.3775711
	12.3185382	52.3771552
	12.3212043	52.3768009
	12.3228727	52.3759501
	12.3270876	52.3744319
	12.3311431	52.3730158
	12.3365269	52.3729883
	12.3397605	52.3731389
	12.3427238	52.3734809
	12.3456865	52.3729607
	12.3477904	52.3721917
	12.348526	52.3721656
	12.3501739	52.368458
	12.3491526	52.3683571
	12.3503481	52.3668319
	12.3522596	52.3656987
	12.3546987	52.364026
	12.3561793	52.3636329
	12.3572908	52.3634626
	12.3575096	52.3628232
	12.3587531	52.3590859
	12.3597209	52.3562599
	12.3597333	52.3557501
	12.3593397	52.3538018
	12.3583021	52.350408
	12.3584781	52.3486097
	12.3594758	52.3462857
	12.3605413	52.3448888
	12.361187	52.3436497
	12.3649464	52.3431129
	12.366678	52.34289
	12.372257	52.3424188
	12.3744705	52.3423806
	12.3775356	52.3420517
	12.3797089	52.3421705
	12.3891625	52.3426873
	12.3893342	52.3448123
	12.3978035	52.3448215
	12.4010597	52.3448695
	12.4081976	52.3456552
	12.4088263	52.3474525
	12.4091438	52.3480961
	12.4079251	52.3495063
	12.404232	52.3540186
	12.403868	52.3545756
	12.4033131	52.3554295
	12.4023697	52.3563464
	12.4010394	52.3573223
	12.3996124	52.3581877
	12.3980417	52.3594234
	12.3958452	52.3613188
	12.3949888	52.3623911
	12.3949413	52.3624506
	12.39546	52.362732
	12.3974106	52.3637927
	12.3980355	52.3641347
	12.4001384	52.3653611
	12.3988294	52.3667693
	12.3988359	52.3672711
	12.398815	52.3708556
	12.3987604	52.3743773
	12.3986876	52.3787586
	12.3985549	52.3790502
	12.3982652	52.3793842
	12.3970636	52.3798951
	12.3963426	52.3802366
	12.3955388	52.3808436
	12.3951847	52.3811351
	12.3950254	52.3815349
	12.3948285	52.3820844
	12.3948387	52.382695
	12.3948913	52.3830523
	12.395012	52.3833578
	12.3950715	52.3835922
	12.3946922	52.3838695
	12.3944304	52.3841478
	12.3943275	52.384451
	12.3942411	52.3848328
	12.3942937	52.3852974
	12.3938838	52.3857103
	12.3927664	52.3867825
	12.392518	52.3872105
	12.3923587	52.3876577
	12.392274	52.3881465
	12.3921438	52.3884942
	12.3920794	52.3886779
	12.3920499	52.3887954
	12.390748	52.3891454
	12.389666	52.3892469
	12.3886757	52.3894515
	12.3880089	52.389683
	12.3867311	52.3902804
	12.3847441	52.3910635
	12.3834953	52.3915588
	12.3818333	52.3919739
	12.3802873	52.3919739
	12.3789451	52.3919588
	12.3775246	52.391989
	12.375837	52.3920944
	12.3746529	52.3920541
	12.3735872	52.391512
	12.3734143	52.3915358
	12.3720793	52.3917192
	12.3710493	52.3918976
	12.3696786	52.3918134
	12.3689604	52.3917489
	12.3674088	52.3917687
	12.3662989	52.3918406
	12.3656868	52.3918223
	12.3650595	52.3917874
	12.3646352	52.3920232
	12.3638841	52.3924406
	12.3632782	52.3927298
	12.3615433	52.3927318
	12.3595408	52.3921684
	12.3590769	52.3919947
	12.3562905	52.3909515
	12.3555148	52.391385
	12.3508333	52.391456
	12.3502974	52.3920535
	12.34963	52.3920227
	12.3471045	52.3921032
	12.3448171	52.3923674
	12.335193	52.3923255
	12.324899	52.3928476
	12.3225419	52.3926689
	12.3196666	52.3926912
	12.3099827	52.393926
	12.3017816	52.395089
	12.3014039	52.3949555
	12.3006202	52.3948599
	12.3001251	52.3947401
	12.2993418	52.3945041
	12.2986085	52.3941927
	12.2975496	52.393725
	12.2967637	52.393375
	12.2959726	52.3926495
	12.2955202	52.392079
	12.2946426	52.3905515
	12.294395	52.3901383
	12.2930716	52.3881796
	12.291613	52.3861477
END
END
