6547714
1
	14.1006809	51.7540683
	14.1016046	51.7526301
	14.1020685	51.7517412
	14.1022345	51.7511152
	14.102255	51.7505082
	14.1022805	51.7497504
	14.1022916	51.7494104
	14.1032464	51.7487235
	14.1041003	51.7481936
	14.1046592	51.7478466
	14.1053352	51.7472247
	14.1071699	51.7466678
	14.1073629	51.7462708
	14.1081778	51.744619
	14.1086338	51.7437071
	14.1089007	51.7431772
	14.1105985	51.7403195
	14.1108375	51.7399196
	14.1110411	51.7398399
	14.1112665	51.7397516
	14.1117204	51.7395726
	14.1126803	51.7390917
	14.1138361	51.7392447
	14.114296	51.7391867
	14.1154389	51.7390417
	14.1163107	51.7390117
	14.1166867	51.7386568
	14.1171326	51.7383478
	14.1188244	51.7376989
	14.1205791	51.737318
	14.1236287	51.7368181
	14.1246465	51.7366961
	14.1258724	51.7368031
	14.1266752	51.7369481
	14.1274561	51.7370971
	14.128454	51.737558
	14.1298067	51.737879
	14.1300947	51.737886
	14.1311502	51.7379109
	14.1314085	51.737917
	14.1328513	51.738069
	14.134502	51.7385
	14.1369356	51.7392979
	14.1377435	51.7396179
	14.1382504	51.7398199
	14.1389323	51.7400908
	14.1388324	51.73892
	14.1388544	51.738332
	14.1392453	51.7375731
	14.1402362	51.7362843
	14.1417691	51.7340565
	14.1427479	51.7330797
	14.1427619	51.7327667
	14.142697	51.7325417
	14.1421281	51.7323057
	14.142277	51.7321298
	14.1429369	51.7319128
	14.142822	51.7311919
	14.142629	51.730512
	14.1423511	51.730242
	14.1424361	51.729879
	14.142786	51.7294141
	14.1425461	51.7288451
	14.142984	51.7287612
	14.143018	51.7279102
	14.1427401	51.7276363
	14.1428271	51.7272313
	14.1430551	51.7269224
	14.1437879	51.7267514
	14.143461	51.7258015
	14.1429931	51.7247596
	14.1428209	51.7244098
	14.1426284	51.7241838
	14.1425582	51.7241292
	14.1424412	51.7241307
	14.1415763	51.7238867
	14.1408525	51.7238787
	14.1403535	51.7236917
	14.1399336	51.7233257
	14.1399446	51.7230088
	14.1395317	51.7224638
	14.1392517	51.7221889
	14.1393417	51.7217429
	14.1394787	51.7214599
	14.1397347	51.720937
	14.1394628	51.720484
	14.1392498	51.7203461
	14.1392708	51.7198081
	14.1392099	51.7176034
	14.1392389	51.7168864
	14.138264	51.7157916
	14.1379301	51.7150666
	14.1378371	51.7147007
	14.1376792	51.7140747
	14.1377662	51.7136708
	14.1372303	51.7125409
	14.1365984	51.711992
	14.1356036	51.71153
	14.1354846	51.711431
	14.1307077	51.7076854
	14.1316066	51.7079324
	14.1294319	51.7066316
	14.1295327	51.706564
	14.1324043	51.7077659
	14.1334346	51.7075869
	14.1344914	51.7063728
	14.1350258	51.7062256
	14.1384537	51.7040202
	14.1437558	51.702646
	14.1517179	51.7007423
	14.1581115	51.7008797
	14.163388	51.7046563
	14.1640138	51.7094418
	14.169232	51.7103547
	14.1755798	51.7125109
	14.1819629	51.7131365
	14.1846163	51.7131244
	14.1872725	51.7131981
	14.1887928	51.7129621
	14.1922414	51.7155701
	14.1932579	51.7151333
	14.1950179	51.7158207
	14.1953823	51.7156934
	14.1955205	51.7158925
	14.1973378	51.7174741
	14.1967008	51.7179183
	14.196803	51.7185196
	14.1961517	51.7192988
	14.1965348	51.7216325
	14.1973648	51.7225501
	14.1980416	51.7227795
	14.1982587	51.7230722
	14.1981055	51.7236575
	14.1992257	51.7255212
	14.2006977	51.7259593
	14.201898	51.7257537
	14.2018725	51.7259514
	14.2011319	51.7269322
	14.2002252	51.7274068
	14.2004678	51.7280791
	14.2108059	51.7273479
	14.2259192	51.7260959
	14.2349727	51.725328
	14.2335566	51.7193243
	14.2326303	51.7161344
	14.241005	51.7174076
	14.2426797	51.7184106
	14.2472583	51.7196695
	14.2598133	51.7140749
	14.2647989	51.7115533
	14.2656525	51.7082765
	14.2666691	51.7075211
	14.267185	51.7071397
	14.2777928	51.7076508
	14.2841378	51.7072389
	14.2925891	51.7074715
	14.2993413	51.7052437
	14.3006005	51.7039261
	14.3006326	51.7038925
	14.3022717	51.7021941
	14.3032103	51.7029269
	14.3034079	51.702873
	14.3036827	51.7031376
	14.3042625	51.7034936
	14.3049633	51.7044556
	14.3054879	51.7050424
	14.3060233	51.7055241
	14.3069782	51.7060356
	14.3080431	51.7066415
	14.3083306	51.7078712
	14.3077006	51.7079761
	14.3076282	51.7079881
	14.3082776	51.7098224
	14.3082454	51.710416
	14.307969	51.7127176
	14.3075335	51.7135885
	14.3075849	51.7146891
	14.3094756	51.7205292
	14.3096976	51.7216276
	14.3095517	51.7222726
	14.3028759	51.7239889
	14.3008818	51.7244345
	14.3018128	51.7250077
	14.3021886	51.7251146
	14.3014066	51.7253502
	14.2990659	51.7258232
	14.2984692	51.7258468
	14.2981942	51.7257996
	14.2979149	51.7256555
	14.2977287	51.7254929
	14.2973436	51.7252334
	14.2967681	51.7250814
	14.2961968	51.7250578
	14.2923588	51.725181
	14.2900764	51.7250916
	14.2876069	51.724939
	14.2875627	51.7253654
	14.2900827	51.7255845
	14.2899438	51.7267738
	14.2900322	51.7277401
	14.2898112	51.7283269
	14.2858069	51.7277479
	14.2854469	51.728233
	14.2856427	51.7283112
	14.2854056	51.7289396
	14.2903374	51.7338997
	14.2898223	51.7340315
	14.2871595	51.7345365
	14.2853512	51.7359492
	14.2813644	51.7367565
	14.2758264	51.7377491
	14.2755382	51.7439717
	14.2754327	51.7445069
	14.2752349	51.7450651
	14.2756172	51.7470714
	14.2755621	51.7476506
	14.2765358	51.7476629
	14.2782819	51.747677
	14.2806884	51.7477242
	14.2806963	51.7478296
	14.2806895	51.7478721
	14.2806798	51.7479154
	14.2805812	51.7483541
	14.281019	51.7483871
	14.2810049	51.7487273
	14.2809611	51.7490398
	14.2808625	51.7491658
	14.2806579	51.7494543
	14.2796647	51.7511992
	14.2796382	51.7512448
	14.2803231	51.7513273
	14.2850074	51.7518845
	14.2833199	51.7548618
	14.2816555	51.7545967
	14.2809496	51.7553993
	14.2801284	51.7550782
	14.2790623	51.7566924
	14.2780106	51.7586453
	14.2788462	51.7587969
	14.2781868	51.7633624
	14.2797028	51.7634989
	14.279458	51.7645886
	14.2794468	51.764711
	14.2793296	51.7650938
	14.2758631	51.7647604
	14.2750831	51.7670826
	14.2789988	51.7675965
	14.2790866	51.7684112
	14.2848618	51.7698469
	14.2877501	51.7705649
	14.2877189	51.771829
	14.2870484	51.7729751
	14.286491	51.7736034
	14.2854929	51.7738547
	14.2851299	51.7743092
	14.284296	51.7745071
	14.2838549	51.7747783
	14.2836436	51.775122
	14.2832407	51.7753338
	14.2828997	51.7754716
	14.2829868	51.7756479
	14.2834351	51.7763229
	14.282787	51.7769245
	14.2834837	51.7775828
	14.2827816	51.7780673
	14.2832044	51.7782998
	14.2828686	51.7793136
	14.2832469	51.7795566
	14.2831887	51.7799084
	14.2827606	51.7804089
	14.2822426	51.7804017
	14.2817561	51.7811361
	14.2821009	51.7812618
	14.2820398	51.7815948
	14.2820438	51.7819953
	14.2825864	51.7823526
	14.2822147	51.7842298
	14.2786733	51.7868087
	14.2779857	51.7886165
	14.2773496	51.7921096
	14.2763955	51.7922585
	14.275235	51.7921415
	14.2740278	51.7938099
	14.2671298	51.7934177
	14.2621882	51.793614
	14.2570528	51.7941349
	14.2542638	51.7945088
	14.2520674	51.7947621
	14.2494743	51.7951614
	14.2470534	51.7956846
	14.2378743	51.7962552
	14.2373124	51.7948831
	14.2352379	51.7897951
	14.2329544	51.7894743
	14.2321804	51.7861378
	14.2290359	51.7860789
	14.2257343	51.7862005
	14.2164492	51.7873897
	14.2136985	51.7879515
	14.2121553	51.7881817
	14.2105716	51.7882801
	14.2093463	51.7884886
	14.2083641	51.7889036
	14.2079601	51.7889968
	14.2044255	51.7894388
	14.2020394	51.7900645
	14.1997241	51.7924683
	14.1971935	51.7950156
	14.1918301	51.7939897
	14.1903736	51.7937537
	14.188303	51.7935988
	14.1867764	51.793191
	14.1855042	51.7928464
	14.1849612	51.792739
	14.1834837	51.7925781
	14.1806991	51.7909217
	14.1778639	51.7892107
	14.1763162	51.7890358
	14.1758556	51.7889559
	14.1745342	51.7898192
	14.1720993	51.7924019
	14.1705172	51.7936637
	14.1696265	51.7942773
	14.16895	51.7946957
	14.1684149	51.7948692
	14.1663973	51.7961138
	14.1662043	51.7962325
	14.1653025	51.7972211
	14.1647839	51.7976883
	14.164502	51.7983228
	14.1637579	51.799034
	14.1628896	51.7995813
	14.1614676	51.7998982
	14.1603421	51.800411
	14.158353	51.800925
	14.1566569	51.8013012
	14.1555277	51.801208
	14.1544154	51.8012157
	14.1534166	51.8014032
	14.1519923	51.8019023
	14.1501202	51.8027478
	14.1493001	51.8032312
	14.1480443	51.8036874
	14.146683	51.8038615
	14.1458553	51.8040131
	14.1448531	51.8041749
	14.1440447	51.8046438
	14.1428643	51.8051168
	14.1418335	51.8047036
	14.141403	51.8043339
	14.1409645	51.8043289
	14.1407413	51.8044177
	14.1403028	51.8043536
	14.139952	51.804112
	14.1390511	51.8039937
	14.1368013	51.8033152
	14.1328228	51.8023553
	14.1235121	51.8042144
	14.1210325	51.8044819
	14.1205814	51.8048187
	14.1206039	51.8051882
	14.1198525	51.805368
	14.1184054	51.8063525
	14.1177176	51.8065547
	14.1174064	51.8068753
	14.1152487	51.8070766
	14.1152559	51.8049558
	14.115104	51.8030716
	14.115454	51.802774
	14.1175399	51.8022831
	14.1193627	51.8016907
	14.1207589	51.8011268
	14.1220273	51.8004784
	14.1236884	51.7993579
	14.1240103	51.7991463
	14.1234131	51.7988491
	14.1223633	51.7986311
	14.1236791	51.7973723
	14.1238351	51.7969873
	14.1234402	51.7968463
	14.1200467	51.7964033
	14.1196918	51.7962204
	14.1199967	51.7957744
	14.1199407	51.7952785
	14.1201007	51.7948285
	14.1214256	51.7941726
	14.1219515	51.7936417
	14.1225624	51.7926648
	14.1226184	51.7925738
	14.123316	51.7919322
	14.1225964	51.7916769
	14.1207658	51.790125
	14.118876	51.790281
	14.1169853	51.790525
	14.1162614	51.790468
	14.1156985	51.789968
	14.1156626	51.7888891
	14.1144618	51.7880232
	14.1139698	51.7875653
	14.1137659	51.7871603
	14.1139259	51.7867144
	14.1144568	51.7860014
	14.1149917	51.7851995
	14.1149318	51.7847956
	14.1144348	51.7845206
	14.1142389	51.7838457
	14.1126491	51.7837347
	14.1125972	51.7831058
	14.1129771	51.7826178
	14.1128491	51.7823918
	14.1126512	51.7820489
	14.1124267	51.7816371
	14.1114724	51.7799931
	14.1104776	51.7772424
	14.1100077	51.7762505
	14.1082191	51.7725159
	14.1080231	51.7721079
	14.1076462	51.771322
	14.1073283	51.7706541
	14.1072763	51.7705481
	14.1072263	51.7704451
	14.1058756	51.7676714
	14.1052597	51.7666185
	14.1051777	51.7664775
	14.1045698	51.7656346
	14.1037819	51.7652647
	14.103433	51.7649057
	14.1032711	51.7632849
	14.1019794	51.7565366
	14.1017105	51.7559527
	14.1008186	51.7544149
	14.1006809	51.7540683
END
END
