6547679
1
	12.5776625	52.0987597
	12.5804006	52.0983534
	12.5803352	52.0977042
	12.5802933	52.0968513
	12.5811966	52.0965616
	12.5809606	52.0956309
	12.5806581	52.0945286
	12.5803769	52.094252
	12.5797161	52.0939479
	12.5794114	52.0936196
	12.5791238	52.0928507
	12.5788578	52.0905874
	12.5783643	52.0897838
	12.5782152	52.0892525
	12.5782978	52.0884634
	12.578676	52.0873372
	12.579191	52.0853331
	12.5800271	52.0838819
	12.5804284	52.0825125
	12.5832908	52.083456
	12.5868013	52.0832357
	12.5917923	52.08351
	12.598	52.0829272
	12.6022186	52.0816428
	12.6044502	52.0806802
	12.6063235	52.0796463
	12.6092396	52.0792943
	12.6108232	52.0795989
	12.6138594	52.0791426
	12.6163589	52.0789679
	12.6182126	52.0786653
	12.6196187	52.0784358
	12.6215649	52.0783408
	12.6245432	52.0769389
	12.6243844	52.079827
	12.6244853	52.0814239
	12.6246848	52.0827848
	12.6260366	52.0829035
	12.6283752	52.0862467
	12.6308689	52.0865401
	12.633373	52.0873074
	12.6332636	52.0877003
	12.6356776	52.0877003
	12.6382868	52.088088
	12.6426513	52.0885507
	12.6465995	52.0872257
	12.6490414	52.0863634
	12.649977	52.0831448
	12.650876	52.0838383
	12.6524403	52.0845794
	12.6543758	52.0848194
	12.655998	52.0859204
	12.6569534	52.0869271
	12.6593524	52.0877419
	12.6675916	52.0840731
	12.6677783	52.0851042
	12.6685722	52.085712
	12.6697223	52.0862038
	12.6713982	52.0869725
	12.6722356	52.0878171
	12.6729448	52.0881659
	12.6738535	52.0887163
	12.6742392	52.0888593
	12.6756232	52.0872507
	12.6788762	52.0895607
	12.680095	52.0905139
	12.6828372	52.0943186
	12.6851997	52.0943924
	12.6856082	52.0937917
	12.6860887	52.0931487
	12.6863011	52.0927476
	12.6887424	52.0925138
	12.6914954	52.0921276
	12.6953031	52.09157
	12.6956464	52.0920973
	12.6996536	52.0919311
	12.7035418	52.0921922
	12.7038102	52.0932954
	12.704179	52.0948116
	12.7042563	52.0968364
	12.7014132	52.0970684
	12.6966667	52.0976129
	12.6923945	52.0978211
	12.6892949	52.098214
	12.6910115	52.1012721
	12.6927282	52.1034864
	12.6943064	52.1068445
	12.6945188	52.1087712
	12.6953106	52.1116453
	12.6961625	52.1146972
	12.6930981	52.1152988
	12.6957054	52.1175024
	12.6968298	52.1188187
	12.7028894	52.1173562
	12.7119542	52.1152942
	12.7141858	52.1147671
	12.7148585	52.114012
	12.7259908	52.1096673
	12.7271323	52.1103829
	12.7296678	52.1127796
	12.7301903	52.1137468
	12.7301227	52.1145355
	12.7329315	52.1152095
	12.7356351	52.1156272
	12.7359956	52.1161562
	12.7378045	52.1176326
	12.7392368	52.1191735
	12.7389858	52.1207387
	12.7384355	52.1229645
	12.7373601	52.1300495
	12.7372467	52.131826
	12.7371885	52.1333161
	12.7383901	52.1362664
	12.7388553	52.137123
	12.7398388	52.1378121
	12.74045	52.1393218
	12.7416756	52.1408029
	12.7432699	52.1414627
	12.7436331	52.1415706
	12.7489221	52.1429904
	12.7516098	52.1437788
	12.7535781	52.1444341
	12.7507586	52.1461242
	12.7492709	52.1488338
	12.7485181	52.1505935
	12.7471541	52.1534423
	12.7398692	52.1511787
	12.737854	52.1506391
	12.7327453	52.1493881
	12.725794	52.1483967
	12.7241409	52.1490227
	12.7216308	52.149922
	12.7214887	52.149748
	12.7212905	52.1495298
	12.7205933	52.1488412
	12.7202196	52.1485991
	12.7199681	52.1483256
	12.7196068	52.147753
	12.7195752	52.1474046
	12.7194678	52.1473732
	12.7181794	52.146972
	12.7175576	52.1466804
	12.717189	52.1463745
	12.7163951	52.1458346
	12.7150252	52.1448865
	12.7123043	52.1459149
	12.7120726	52.1456252
	12.7108095	52.1460844
	12.702187	52.1470023
	12.6989565	52.1474724
	12.6977796	52.1466114
	12.6973505	52.1469775
	12.6944279	52.1454831
	12.6917864	52.1445926
	12.689064	52.14329
	12.6885259	52.1432037
	12.6880429	52.1426318
	12.6870802	52.1418533
	12.6867297	52.1414585
	12.6865969	52.1410105
	12.6829904	52.1395444
	12.6822551	52.13926
	12.6820339	52.1391744
	12.6811547	52.1388198
	12.6786452	52.1373052
	12.6762865	52.135468
	12.6754352	52.1350448
	12.6749867	52.1349062
	12.6727951	52.134028
	12.6729547	52.1337857
	12.6722251	52.1336224
	12.6723509	52.1332798
	12.6715771	52.1331245
	12.6716029	52.132786
	12.6707166	52.1326033
	12.6697714	52.1321732
	12.6699109	52.1319565
	12.6694742	52.1317942
	12.6680809	52.1314292
	12.6663093	52.1307444
	12.6666783	52.1304019
	12.6600951	52.1271637
	12.6592716	52.1267551
	12.6576782	52.1255845
	12.6545089	52.1243791
	12.6481381	52.1209103
	12.6391345	52.122756
	12.6385766	52.1225453
	12.6382976	52.1209656
	12.6383392	52.1191067
	12.637892	52.1190177
	12.6326263	52.1178793
	12.6333337	52.1165727
	12.6322565	52.1163124
	12.6323917	52.1158486
	12.63162	52.1153936
	12.6291527	52.1140296
	12.6275219	52.113266
	12.6274521	52.111711
	12.6260531	52.1113559
	12.6262108	52.1106878
	12.6247678	52.1105916
	12.6227193	52.1097649
	12.6181059	52.1085129
	12.6174128	52.1093945
	12.6105807	52.1074942
	12.6112437	52.1066375
	12.6094406	52.1060976
	12.6096417	52.1054864
	12.6057397	52.1048406
	12.6031749	52.1046041
	12.6015431	52.1047869
	12.6002664	52.106665
	12.6002326	52.1067836
	12.5974978	52.1081733
	12.5937665	52.1100607
	12.5909521	52.1082873
	12.5871489	52.1080688
	12.5815248	52.1084786
	12.5810335	52.103572
	12.5776625	52.0987597
END
END
