6547577
1
	13.589836	52.3206612
	13.5966569	52.3160743
	13.598963	52.3146249
	13.6012212	52.3130168
	13.6018039	52.3126009
	13.6025776	52.3122474
	13.6033205	52.311587
	13.6044063	52.3109895
	13.6111222	52.3097067
	13.6128019	52.3094733
	13.6125043	52.3084529
	13.617131	52.3078288
	13.6167706	52.3090621
	13.6219547	52.3084323
	13.6216457	52.3072463
	13.6273964	52.3066848
	13.6310528	52.3073408
	13.6316355	52.3070808
	13.6316526	52.3079153
	13.6317363	52.3079045
	13.6330002	52.3077421
	13.6331032	52.3093531
	13.6353949	52.309096
	13.6353777	52.3078313
	13.6367338	52.307931
	13.6376179	52.3069077
	13.6394109	52.3059033
	13.6398383	52.3061629
	13.6401929	52.3061793
	13.640699	52.3057709
	13.6432468	52.307312
	13.6439475	52.3073506
	13.6440072	52.3086163
	13.6439608	52.3090068
	13.6442869	52.3095788
	13.6444843	52.310114
	13.6447161	52.311174
	13.6449221	52.3119821
	13.6453341	52.3130106
	13.6454285	52.3136613
	13.6454113	52.3143644
	13.6449907	52.3166206
	13.644965	52.318268
	13.6452139	52.3190288
	13.6452997	52.319779
	13.6453341	52.3204925
	13.6452053	52.3208231
	13.6449822	52.3211064
	13.6445187	52.3214159
	13.6437977	52.3218408
	13.6429222	52.3223812
	13.6423986	52.3228848
	13.6421154	52.3233517
	13.6419523	52.3238763
	13.6419008	52.3243642
	13.6419867	52.3247891
	13.6423386	52.3254606
	13.6427076	52.3262002
	13.6430338	52.3272126
	13.6430424	52.3280309
	13.6428278	52.3295153
	13.6427591	52.3309892
	13.6432055	52.3324533
	13.6420948	52.3320433
	13.6406477	52.3315092
	13.6390599	52.3314778
	13.6390513	52.3316613
	13.6389139	52.3325215
	13.638708	52.3334341
	13.6383904	52.3349027
	13.638193	52.335789
	13.637987	52.3368431
	13.6379011	52.3371263
	13.6377638	52.3373781
	13.6373862	52.3379654
	13.6361845	52.3395229
	13.6345108	52.34161
	13.62652	52.3397484
	13.6282538	52.3385633
	13.626914	52.3359244
	13.6242283	52.3308064
	13.6195312	52.331127
	13.6146239	52.331462
	13.6083067	52.3308589
	13.6069935	52.3308169
	13.606058	52.3308326
	13.6007794	52.3311264
	13.6001185	52.3312785
	13.5995434	52.3313886
	13.5990542	52.331525
	13.5983639	52.3311271
	13.5977116	52.3307967
	13.5953513	52.3297109
	13.5949515	52.3261537
	13.5934065	52.3239977
	13.5926787	52.3233094
	13.5921362	52.3227964
	13.589836	52.3206612
END
END
