6547696
1
	11.532477	53.0633196
	11.5349723	53.0605652
	11.5366229	53.058743
	11.5410273	53.0556275
	11.5415884	53.05559
	11.5443627	53.0533698
	11.5444562	53.0529013
	11.5440948	53.05252
	11.5456481	53.0526293
	11.5480878	53.0523954
	11.5502647	53.0520045
	11.5519999	53.0513555
	11.5530333	53.0504785
	11.5596736	53.0444956
	11.5608992	53.0435009
	11.5625071	53.0425056
	11.5635635	53.0418775
	11.5667174	53.0404517
	11.5699281	53.0393917
	11.5723127	53.0386439
	11.5756872	53.0377205
	11.5801955	53.0364786
	11.5824087	53.0358706
	11.5847164	53.035511
	11.5869422	53.0353012
	11.5894064	53.0351678
	11.5919339	53.0351585
	11.5940617	53.0353671
	11.5953334	53.0354406
	11.5965572	53.0356746
	11.5977828	53.0358094
	11.6074687	53.038641
	11.6123812	53.0400353
	11.616933	53.0410577
	11.6201218	53.0415085
	11.6229722	53.0416917
	11.6273689	53.0416847
	11.6307622	53.0454111
	11.6392724	53.0429293
	11.646195	53.0445712
	11.6508311	53.0430439
	11.656547	53.0427002
	11.6575523	53.0453156
	11.6578807	53.0478928
	11.6649302	53.0471674
	11.6726784	53.0458311
	11.6750491	53.0484888
	11.6777224	53.0474597
	11.6966296	53.0581733
	11.6974613	53.0573618
	11.7028573	53.0544166
	11.703399	53.055068
	11.7044637	53.056825
	11.6995268	53.0585748
	11.7067329	53.0613035
	11.7072768	53.0615407
	11.7072891	53.0615992
	11.7082851	53.0619457
	11.7129514	53.0654761
	11.7118041	53.0656105
	11.7109108	53.0658543
	11.7107648	53.0659605
	11.7103232	53.0661795
	11.7098001	53.06636
	11.706639	53.0670971
	11.706193	53.0672791
	11.7054405	53.0674986
	11.7050223	53.0675946
	11.7042218	53.0678578
	11.702987	53.0682552
	11.7024922	53.0684725
	11.7023467	53.0686458
	11.7020119	53.0694786
	11.701879	53.069671
	11.7016303	53.0698631
	11.7009153	53.0702865
	11.7003689	53.0706492
	11.6999487	53.0708723
	11.6997595	53.0709955
	11.6995491	53.0710599
	11.6993118	53.0710921
	11.6990665	53.0711381
	11.6988954	53.0710869
	11.6984727	53.0710189
	11.6975828	53.0710726
	11.6967992	53.07118
	11.6959909	53.0713146
	11.6957772	53.0713741
	11.695099	53.0716539
	11.6942635	53.0720413
	11.6930593	53.0725589
	11.6926272	53.0726904
	11.6925954	53.0727653
	11.6910277	53.0712721
	11.6882799	53.0727999
	11.685549	53.0736012
	11.68593	53.0761575
	11.6844058	53.0779507
	11.6765941	53.0790953
	11.6649719	53.0794005
	11.6628761	53.0771877
	11.659002	53.0746314
	11.6538578	53.0727999
	11.6476338	53.0715026
	11.6449664	53.0745551
	11.6444584	53.0771877
	11.6407748	53.0819946
	11.6442678	53.0826508
	11.6477736	53.0816894
	11.6521725	53.0816495
	11.6540229	53.0821739
	11.6550522	53.0835584
	11.645238	53.0886751
	11.6461063	53.0916549
	11.642137	53.0924743
	11.6380436	53.0939641
	11.6359349	53.0932937
	11.6302289	53.0947089
	11.6292366	53.0935171
	11.6114986	53.0985076
	11.6093899	53.1025293
	11.6059167	53.112433
	11.5959934	53.1165279
	11.5845074	53.1083836
	11.5629939	53.1069874
	11.5521795	53.1009779
	11.5494268	53.0948851
	11.5494742	53.0930945
	11.5476227	53.0929754
	11.5496285	53.0893087
	11.5496285	53.088104
	11.5484603	53.0860388
	11.5470496	53.0833115
	11.5467433	53.0821737
	11.5387935	53.0757198
	11.536138	53.0727071
	11.534022	53.0677275
	11.5326044	53.0679202
	11.532477	53.0633196
END
END
