6547685
1
	12.3861439	52.3034618
	12.3863156	52.3005226
	12.3872573	52.2952081
	12.3906069	52.2951478
	12.3957803	52.2945074
	12.400562	52.2944453
	12.4019823	52.2942891
	12.4051881	52.2934662
	12.4029257	52.2883126
	12.4113522	52.2862729
	12.4101052	52.2821771
	12.4098252	52.2811375
	12.4120624	52.2771966
	12.4120125	52.2768931
	12.411777	52.2754623
	12.4112082	52.2739758
	12.410587	52.2729589
	12.4169526	52.2716953
	12.4171736	52.2723177
	12.4178817	52.2748229
	12.4183921	52.2774167
	12.4209005	52.2775349
	12.4256029	52.2777594
	12.4259237	52.2800017
	12.4272745	52.280148
	12.4282658	52.2801887
	12.4304685	52.2801756
	12.4328739	52.280511
	12.4345669	52.280513
	12.4373585	52.2806029
	12.4394421	52.2805799
	12.4414773	52.2802222
	12.4418432	52.2795415
	12.444078	52.2792514
	12.4455686	52.2826617
	12.4481732	52.2824959
	12.4490638	52.2825543
	12.4509823	52.2833207
	12.4562051	52.2846347
	12.4587371	52.2881892
	12.4600618	52.2889139
	12.4617194	52.2903344
	12.4622773	52.291031
	12.4628978	52.2922947
	12.4637279	52.2935338
	12.4660671	52.2970624
	12.4686999	52.2997276
	12.4753862	52.2980125
	12.476989	52.2998142
	12.4825359	52.30527
	12.4909953	52.314057
	12.4924887	52.3145043
	12.4831576	52.3205879
	12.4866458	52.3253171
	12.48619	52.3254136
	12.4854046	52.3255959
	12.4830722	52.3261283
	12.4810852	52.3265834
	12.4784395	52.32363
	12.4764718	52.3239435
	12.4751531	52.3198769
	12.4750476	52.3192999
	12.4750476	52.3189615
	12.4734952	52.3192245
	12.4698109	52.3199938
	12.4682455	52.320363
	12.467958	52.3205453
	12.4663347	52.3207184
	12.4642759	52.3211755
	12.4649121	52.3199951
	12.464764	52.3194711
	12.4647673	52.3185392
	12.4643235	52.3180157
	12.4642673	52.3174098
	12.4637405	52.3163205
	12.4584655	52.3163171
	12.4516827	52.3163132
	12.4410955	52.316081
	12.4373189	52.3154986
	12.4365979	52.3154553
	12.4345788	52.3153189
	12.4331347	52.3143193
	12.4314395	52.3141173
	12.429886	52.3138156
	12.4273068	52.3135021
	12.4229766	52.3123044
	12.4189447	52.3115514
	12.4165007	52.3111145
	12.4120868	52.3111749
	12.4113723	52.3112982
	12.4087266	52.3109125
	12.4013408	52.3096938
	12.3980899	52.3092298
	12.396016	52.3087962
	12.390137	52.3079412
	12.387605	52.3075857
	12.3874068	52.3075292
	12.3861439	52.3034618
END
2
	12.4957031	52.3086088
	12.4960464	52.3074805
	12.4958318	52.3061948
	12.5011963	52.3065097
	12.5084962	52.3066828
	12.5083135	52.3089947
	12.5083238	52.3091686
	12.5089811	52.3203058
	12.5019473	52.319793
	12.4999088	52.3222719
	12.4988781	52.3225004
	12.4973339	52.3174766
	12.4966043	52.3144859
	12.4969047	52.3138825
	12.4973339	52.312046
	12.4974197	52.3107341
	12.4969906	52.3097371
	12.4957031	52.3086088
END
END
