6547575
1
	14.0881077	51.8785285
	14.0882981	51.8783424
	14.0891632	51.8774089
	14.0900761	51.8759781
	14.0905981	51.8755812
	14.0931807	51.8741743
	14.0939166	51.8738684
	14.0953044	51.8735674
	14.0965742	51.8734847
	14.097612	51.8732173
	14.097998	51.8732855
	14.0984271	51.8736624
	14.0987788	51.8737671
	14.0991579	51.8733425
	14.1005937	51.8735749
	14.1011338	51.8732633
	14.1016712	51.8735572
	14.1020596	51.8741122
	14.1025155	51.8741732
	14.1032042	51.8739295
	14.1050095	51.8736236
	14.1056545	51.8730836
	14.1065986	51.8734095
	14.1079415	51.8732286
	14.1083273	51.873367
	14.1085744	51.8736373
	14.1094211	51.8734363
	14.110181	51.8734899
	14.111158	51.8738384
	14.1114748	51.8743136
	14.112466	51.8741332
	14.1138337	51.8738556
	14.11372	51.8731682
	14.1153483	51.8731414
	14.1161343	51.8735366
	14.1168002	51.8732317
	14.1169176	51.8727717
	14.1177097	51.8725805
	14.1189191	51.872873
	14.1196044	51.8730722
	14.1201472	51.8730403
	14.1205163	51.8730839
	14.1209668	51.873037
	14.1213658	51.873037
	14.1219631	51.8729632
	14.1235799	51.8745774
	14.1236413	51.8755726
	14.1248933	51.8768082
	14.1249001	51.877108
	14.1244703	51.8779041
	14.1246054	51.8792565
	14.1303041	51.8828927
	14.1318839	51.8830856
	14.1337093	51.8828523
	14.1327117	51.8915679
	14.1326777	51.891865
	14.1314124	51.8940162
	14.1307096	51.8951406
	14.1300698	51.8961135
	14.1350981	51.8957835
	14.1341678	51.8931906
	14.1400465	51.8910729
	14.1399435	51.8906326
	14.1400631	51.8905505
	14.1436121	51.8885607
	14.147519	51.8914945
	14.1515191	51.891524
	14.1484553	51.8967486
	14.1535009	51.8970835
	14.1611077	51.8988861
	14.1623972	51.8991264
	14.1642709	51.900097
	14.1662308	51.9032106
	14.164443	51.9029201
	14.1630676	51.9027901
	14.1622243	51.9028087
	14.158882	51.9030074
	14.1587604	51.9032698
	14.1547965	51.9035893
	14.1592016	51.9082389
	14.1613774	51.90941
	14.1633707	51.9099141
	14.1672141	51.9094323
	14.1673473	51.9107287
	14.1639724	51.913363
	14.1714459	51.9181107
	14.1671749	51.9215366
	14.1661598	51.9187311
	14.1608951	51.9194251
	14.1553893	51.923713
	14.1550443	51.9261738
	14.147062	51.9266652
	14.1322421	51.9258276
	14.1315427	51.9281972
	14.1296502	51.9305384
	14.1239581	51.9305617
	14.1222488	51.9287932
	14.119327	51.9292351
	14.1152336	51.91968
	14.1125734	51.9186244
	14.1070469	51.9190434
	14.1062425	51.9152068
	14.1045062	51.9119717
	14.1042818	51.9116074
	14.1035225	51.9110239
	14.1030087	51.9107273
	14.1021317	51.9105678
	14.0991541	51.9104741
	14.0983397	51.9105434
	14.0978148	51.9107767
	14.096045	51.9117629
	14.0956858	51.9119374
	14.0969919	51.9103429
	14.0965851	51.9094593
	14.0956651	51.9085687
	14.0956136	51.907645
	14.0947439	51.9068433
	14.0917349	51.9056266
	14.0904743	51.9046169
	14.0893485	51.9038774
	14.0914839	51.9005052
	14.0891584	51.8959627
	14.0883407	51.8942849
	14.0884688	51.8921278
	14.0901143	51.8893663
	14.0899551	51.8882149
	14.0925337	51.8840953
	14.0881077	51.8785285
END
END
