6547647
1
	13.6672387	52.4742885
	13.6673548	52.4738566
	13.6675744	52.4737296
	13.6689689	52.473442
	13.6695042	52.4732859
	13.6700979	52.4730912
	13.6705792	52.4728381
	13.6716118	52.4722826
	13.6733901	52.471377
	13.675248	52.4706635
	13.6764148	52.4700191
	13.6786406	52.4692358
	13.6789789	52.4689326
	13.6794047	52.4685303
	13.6797509	52.46822
	13.6800255	52.467957
	13.6800971	52.4678964
	13.6801764	52.4678255
	13.6804631	52.4676273
	13.6808301	52.4673775
	13.6810041	52.4672539
	13.6827698	52.4660701
	13.6843634	52.4656654
	13.6853924	52.4654106
	13.6865756	52.4651343
	13.6875475	52.4650773
	13.6882402	52.4650373
	13.6884257	52.4650221
	13.6892063	52.4650154
	13.6898322	52.4650099
	13.690988	52.4647405
	13.692482	52.4645497
	13.6941087	52.464401
	13.6954338	52.4641841
	13.6953545	52.4640196
	13.6956163	52.4640035
	13.6959238	52.4635013
	13.6963616	52.4628054
	13.6964504	52.4626593
	13.6967753	52.4621878
	13.6970915	52.4617183
	13.6975326	52.4604962
	13.6976347	52.4595404
	13.6976332	52.4592959
	13.697693	52.4584876
	13.6984871	52.4572882
	13.6986478	52.4565833
	13.6986738	52.4564522
	13.6985777	52.4558643
	13.6985275	52.4556095
	13.6983491	52.4552557
	13.6990423	52.4551799
	13.7002501	52.4549839
	13.7014876	52.4548674
	13.7017172	52.4548603
	13.7031323	52.4548548
	13.7038516	52.4548059
	13.7046159	52.4547558
	13.7052454	52.455627
	13.7054028	52.4566575
	13.705593	52.457705
	13.7054841	52.4587874
	13.7053381	52.4595148
	13.7052641	52.4598659
	13.7040932	52.459999
	13.703354	52.4600499
	13.7031764	52.4604541
	13.7029858	52.4611196
	13.7028097	52.46227
	13.702564	52.4633169
	13.7021044	52.4643668
	13.7019815	52.4645182
	13.7011768	52.4655337
	13.7005746	52.466297
	13.7001095	52.4669193
	13.6996243	52.4675666
	13.6993374	52.4679407
	13.6990878	52.4682756
	13.7000956	52.4682528
	13.7012674	52.4682236
	13.7016656	52.4678007
	13.7019096	52.4675439
	13.7024621	52.4672068
	13.7037662	52.4665125
	13.7048279	52.4660154
	13.7057189	52.4655535
	13.7066655	52.4651666
	13.7079109	52.4647093
	13.7090723	52.4642576
	13.7115166	52.4632916
	13.71157	52.4632833
	13.7122227	52.4631768
	13.7133559	52.4630002
	13.7138089	52.4630377
	13.7146879	52.4630326
	13.71597	52.4629154
	13.7161928	52.4624887
	13.7166592	52.4618406
	13.7174051	52.4608286
	13.7189293	52.4589138
	13.7196523	52.4579456
	13.7205872	52.4567554
	13.7209918	52.4573558
	13.7211835	52.4577536
	13.7215068	52.4581817
	13.721655	52.4582753
	13.7217175	52.4583297
	13.7224506	52.4585409
	13.7230104	52.4585848
	13.7234592	52.4586473
	13.7243039	52.4587214
	13.7247203	52.4587595
	13.7261765	52.4590081
	13.7262479	52.4590272
	13.7264377	52.4590847
	13.7273499	52.4591946
	13.7276556	52.459219
	13.7284992	52.4593572
	13.7292491	52.4594595
	13.7291787	52.4595892
	13.7288052	52.4602112
	13.72803	52.461428
	13.7276351	52.4620642
	13.7298021	52.4615136
	13.730605	52.461333
	13.7308228	52.4618703
	13.7309238	52.4620822
	13.730956	52.4627932
	13.7308678	52.4635082
	13.7308761	52.4641998
	13.7332795	52.4639868
	13.7371308	52.4636936
	13.7398216	52.4634508
	13.7410236	52.4633425
	13.7415609	52.4637575
	13.742242	52.4643828
	13.7426923	52.4648012
	13.7430262	52.4650634
	13.7433853	52.4653738
	13.7436083	52.4658605
	13.7438852	52.4666465
	13.7438842	52.4667265
	13.7433293	52.4668564
	13.7407937	52.4671964
	13.7406537	52.4672154
	13.7406317	52.4674173
	13.7405897	52.4692981
	13.7405887	52.47024
	13.7405876	52.4710529
	13.7406406	52.4718838
	13.7408816	52.4718688
	13.7411035	52.4718648
	13.7410605	52.4721438
	13.7410625	52.4723308
	13.7411134	52.4763593
	13.7412853	52.4785791
	13.7413853	52.479872
	13.7414093	52.4801699
	13.7415402	52.4818787
	13.7415652	52.4822147
	13.7417071	52.4840265
	13.7417121	52.4841025
	13.7418759	52.4858565
	13.7414335	52.4860473
	13.7406105	52.4864889
	13.7400436	52.4867494
	13.7389611	52.487011
	13.7384366	52.4871444
	13.7378351	52.4872948
	13.7369162	52.4875321
	13.7363633	52.4876082
	13.7355952	52.4877029
	13.7339129	52.4878892
	13.7328634	52.4880435
	13.7322048	52.4881798
	13.7300709	52.4886559
	13.7285143	52.4889599
	13.727618	52.4891472
	13.7274165	52.4891753
	13.7271055	52.4892339
	13.7256384	52.4894327
	13.7244967	52.4895664
	13.723683	52.4897138
	13.7224476	52.490014
	13.7223339	52.4900846
	13.7171477	52.4915644
	13.7140501	52.4926173
	13.7133332	52.4928612
	13.7125313	52.4931322
	13.7118434	52.4933612
	13.7116735	52.4935981
	13.7115515	52.4941011
	13.7115655	52.494338
	13.7116524	52.494517
	13.7119074	52.494712
	13.7122693	52.494914
	13.714588	52.4957719
	13.7160497	52.4963559
	13.7163947	52.4965498
	13.7166656	52.4967868
	13.7144979	52.4990795
	13.7131094	52.5006004
	13.7127596	52.5008587
	13.7073577	52.5008623
	13.7019294	52.5008724
	13.6953323	52.5008842
	13.6890902	52.5008842
	13.6887717	52.5006401
	13.6886348	52.5005631
	13.687473	52.4998572
	13.6860732	52.4989913
	13.6826159	52.4967716
	13.6782935	52.4939368
	13.6780286	52.4934528
	13.6776176	52.4929109
	13.6774197	52.4926289
	13.6773187	52.492282
	13.6771947	52.492011
	13.6766988	52.4911751
	13.6761839	52.4903632
	13.675608	52.4896342
	13.6747732	52.4885773
	13.6728685	52.4867045
	13.6725776	52.4864186
	13.6722916	52.4860106
	13.6710059	52.4835879
	13.6699251	52.4816841
	13.6688803	52.4799089
	13.6684587	52.4791846
	13.6681239	52.4784651
	13.6679458	52.4778698
	13.6678514	52.4773448
	13.6676916	52.4764236
	13.6672387	52.4742885
END
END
