6547717
1
	14.1664967	51.8543029
	14.1685816	51.8531068
	14.1692328	51.8537308
	14.1706435	51.8528506
	14.1706348	51.8525641
	14.1705342	51.85188
	14.1709285	51.8517122
	14.1737401	51.851308
	14.1736165	51.8500981
	14.1735129	51.8486848
	14.1786803	51.8478651
	14.1799113	51.8483873
	14.179896	51.8477045
	14.1813852	51.8476381
	14.1813391	51.846832
	14.1832669	51.8466969
	14.1834539	51.8464812
	14.1833582	51.8462448
	14.1837409	51.8458754
	14.1837281	51.8455347
	14.1846942	51.8451184
	14.185117	51.8453248
	14.185978	51.8455267
	14.1864869	51.8454596
	14.1868262	51.8458379
	14.1876323	51.8461252
	14.1884971	51.8461368
	14.1889626	51.8462737
	14.1902221	51.8458995
	14.1904622	51.843996
	14.1900901	51.8439612
	14.1902613	51.8414276
	14.1936507	51.8415522
	14.1939154	51.8382584
	14.1944761	51.8383167
	14.1954612	51.8383281
	14.1966428	51.8382075
	14.1987356	51.8378276
	14.1993197	51.8378
	14.1998247	51.8378723
	14.2046171	51.8392425
	14.2066211	51.839839
	14.2070542	51.8400153
	14.2084566	51.8413597
	14.2089262	51.8416541
	14.2097886	51.8420439
	14.2204839	51.8422622
	14.224505	51.845994
	14.2265447	51.847772
	14.2274168	51.8488878
	14.2278158	51.8496767
	14.2286178	51.8498022
	14.2290216	51.8500487
	14.2290991	51.8501875
	14.2291198	51.8504069
	14.2293171	51.8505253
	14.2295511	51.850574
	14.2298611	51.8505584
	14.2301994	51.8504382
	14.2312345	51.8496225
	14.2315773	51.8493368
	14.2317248	51.849258
	14.2319998	51.8492236
	14.2323466	51.8492408
	14.2329587	51.8492692
	14.2333251	51.8493876
	14.2337648	51.8495896
	14.2339847	51.8497149
	14.2342609	51.8497323
	14.2345989	51.8496099
	14.2350668	51.8493696
	14.2350949	51.8491676
	14.2349596	51.8489134
	14.2348469	51.848586
	14.2350893	51.8484084
	14.2355868	51.8482876
	14.23583	51.848332
	14.2361409	51.8484452
	14.2364199	51.8485905
	14.2363163	51.8486915
	14.2365913	51.8489574
	14.2369205	51.848909
	14.2369713	51.8486791
	14.2371178	51.8485816
	14.2367514	51.8480767
	14.236774	51.8479548
	14.2368754	51.8478747
	14.2373875	51.8476975
	14.2386029	51.8474288
	14.2391271	51.847199
	14.2393977	51.8468228
	14.2401193	51.8467636
	14.2409875	51.8467706
	14.241374	51.8466891
	14.2421237	51.8462711
	14.2423537	51.8462915
	14.2425212	51.8463925
	14.2426487	51.8463383
	14.2431231	51.8462718
	14.2431709	51.8460576
	14.2430194	51.8459837
	14.2427085	51.8459394
	14.2422461	51.8455429
	14.2417959	51.8453909
	14.2415366	51.8452516
	14.241469	51.8451122
	14.2416776	51.844966
	14.24192	51.8448719
	14.2420665	51.8447361
	14.242044	51.8444645
	14.2418338	51.8442331
	14.2415507	51.8439917
	14.2415507	51.8439178
	14.2418138	51.8437701
	14.2422204	51.8436519
	14.2424835	51.8434918
	14.2425443	51.8432156
	14.2419185	51.842711
	14.2417551	51.8425682
	14.2417551	51.8423785
	14.2418548	51.8422258
	14.2420858	51.8420853
	14.244815	51.842658
	14.2480396	51.8436401
	14.2511779	51.8442872
	14.2512512	51.8441465
	14.2515105	51.8442127
	14.2523843	51.8423145
	14.2557515	51.8431956
	14.2584118	51.8482514
	14.2609261	51.8486832
	14.2608584	51.8490941
	14.2652638	51.8504698
	14.2653705	51.8503631
	14.2711838	51.8521035
	14.2711345	51.8522205
	14.2720965	51.8524821
	14.272095	51.8526053
	14.2725081	51.8527042
	14.273108	51.853027
	14.2740285	51.8530926
	14.2744953	51.8534706
	14.2748843	51.8536273
	14.2754316	51.8536996
	14.2769072	51.8537129
	14.2772624	51.8536398
	14.2779411	51.8537374
	14.2788793	51.8539384
	14.2795926	51.8542775
	14.2811871	51.8548487
	14.2827538	51.8553106
	14.2831344	51.8554302
	14.2851539	51.8560235
	14.2842357	51.857358
	14.2839818	51.8573011
	14.282966	51.8589757
	14.2857346	51.8597921
	14.2840259	51.8624767
	14.2851585	51.8627346
	14.2836429	51.865278
	14.2836714	51.865291
	14.2852303	51.8660036
	14.283875	51.8675888
	14.286231	51.8685679
	14.2849621	51.8700602
	14.2840707	51.8696962
	14.2823026	51.8709121
	14.2776747	51.8690987
	14.2756392	51.8695466
	14.2754798	51.8691676
	14.2760618	51.8686655
	14.2741018	51.8681881
	14.2627292	51.8870179
	14.2525549	51.9034051
	14.252492	51.9035064
	14.2506745	51.9064351
	14.2501453	51.9069521
	14.2496802	51.9078225
	14.2488772	51.9077056
	14.2476848	51.9075721
	14.246015	51.9072401
	14.2444213	51.9067702
	14.2433364	51.9063552
	14.2398139	51.9056468
	14.2384779	51.9053633
	14.2357826	51.9050613
	14.2325634	51.9049024
	14.2254908	51.9042983
	14.2234622	51.9042344
	14.2236675	51.9035289
	14.2239342	51.9022965
	14.2248236	51.8998429
	14.2248625	51.8984062
	14.2248109	51.8969524
	14.2249917	51.8951179
	14.224434	51.8927968
	14.2246546	51.8902517
	14.2252182	51.8893355
	14.2255545	51.8885165
	14.2241673	51.8875541
	14.2236937	51.8868582
	14.2218795	51.8855556
	14.2215562	51.8847868
	14.2209714	51.8837035
	14.2207104	51.8825777
	14.2205915	51.8815398
	14.2199076	51.879915
	14.2196839	51.878714
	14.2187865	51.8766359
	14.2179211	51.8752847
	14.2161792	51.8737341
	14.215641	51.8730395
	14.2152285	51.8724037
	14.2153335	51.8712329
	14.2151339	51.8704199
	14.2149636	51.8697567
	14.2148209	51.8692548
	14.2140788	51.8691041
	14.2121121	51.8689931
	14.2072185	51.8685146
	14.2047289	51.8678759
	14.2015376	51.8683462
	14.2008537	51.8683625
	14.2005693	51.8683725
	14.2003881	51.868316
	14.1979972	51.8675708
	14.1972579	51.8673829
	14.195526	51.8671213
	14.1941531	51.8668855
	14.1933781	51.8667663
	14.1909663	51.8664382
	14.1892286	51.8660142
	14.1870095	51.865741
	14.1849011	51.8654814
	14.1832126	51.8650473
	14.1812488	51.8645383
	14.1808159	51.8643513
	14.179888	51.8636684
	14.1785459	51.8629648
	14.1778169	51.8620178
	14.1771951	51.861652
	14.1765353	51.8611453
	14.1761113	51.8602304
	14.1759827	51.8599731
	14.1754704	51.8594928
	14.1749089	51.8591156
	14.1743783	51.8586781
	14.1741537	51.8581313
	14.1737177	51.8570166
	14.1723826	51.8574414
	14.1718406	51.8574764
	14.1708471	51.857433
	14.1700016	51.8576936
	14.1691311	51.8579991
	14.1682178	51.8580632
	14.1674731	51.8580316
	14.1673739	51.8580006
	14.167359	51.8577648
	14.1676078	51.8576565
	14.1680462	51.856485
	14.1679389	51.8559853
	14.1673009	51.8550776
	14.1664967	51.8543029
END
END
