6547993
1
	13.1785643	53.4123779
	13.1793257	53.3974698
	13.1824667	53.3956906
	13.1956587	53.3928811
	13.2033541	53.3978444
	13.2057098	53.3958779
	13.2053957	53.3830465
	13.19346	53.3822035
	13.1865499	53.3771447
	13.1945594	53.3753646
	13.2053957	53.3723664
	13.2126199	53.3775194
	13.2204723	53.3777068
	13.2280106	53.3727881
	13.2363342	53.3729755
	13.239004	53.3807515
	13.2419879	53.3825313
	13.2503115	53.3782221
	13.2448148	53.3669785
	13.2492121	53.3642609
	13.24953	53.3646033
	13.2556511	53.3711952
	13.2704922	53.3689464
	13.2877675	53.3663226
	13.2940494	53.376161
	13.3012736	53.3800957
	13.3127381	53.3802831
	13.3201208	53.3782131
	13.3233371	53.3831533
	13.3337099	53.3881889
	13.3340315	53.3978507
	13.3124374	53.4022984
	13.3016403	53.4066286
	13.2953584	53.4066286
	13.2847576	53.4025325
	13.27612	53.4020644
	13.2751384	53.408267
	13.2829908	53.4122456
	13.2863572	53.4221427
	13.2859421	53.424672
	13.2843142	53.4270524
	13.2832194	53.4285249
	13.2799873	53.4336483
	13.2781517	53.4372952
	13.2767545	53.4387754
	13.2732384	53.4403051
	13.2707234	53.4389318
	13.2682114	53.4375622
	13.2651769	53.4372837
	13.2637787	53.4387601
	13.2639266	53.4407324
	13.2649624	53.4425063
	13.2642308	53.4427962
	13.2634982	53.4430861
	13.2620345	53.4436622
	13.2597161	53.4408468
	13.2565481	53.4387716
	13.2556715	53.439153
	13.2564336	53.4412931
	13.2520286	53.4428496
	13.2435035	53.4459549
	13.2379199	53.4479004
	13.238327	53.4493271
	13.2332384	53.4498231
	13.231271	53.4435782
	13.2294102	53.4387677
	13.2275094	53.4334194
	13.2139608	53.4337742
	13.2085867	53.4344531
	13.2081662	53.4328471
	13.2028066	53.4337055
	13.2023868	53.4320956
	13.1952863	53.432278
	13.1927846	53.4336994
	13.1910249	53.431594
	13.190739	53.4312518
	13.1900628	53.4304428
	13.1838713	53.4269934
	13.1823435	53.4236874
	13.1795292	53.4217228
	13.1864444	53.4173621
	13.1785643	53.4123779
END
END
