6548147
1
	12.914819	54.07094
	12.915052	54.070889
	12.915598	54.070714
	12.915747	54.070627
	12.915918	54.070524
	12.915978	54.070495
	12.916125	54.070425
	12.91654	54.070256
	12.916668	54.070188
	12.916763	54.070124
	12.916934	54.070047
	12.917151	54.069943
	12.917407	54.069797
	12.917837	54.069579
	12.917941	54.069543
	12.918331	54.069446
	12.918609	54.0694
	12.918864	54.069382
	12.91962	54.06933
	12.919786	54.069298
	12.920177	54.069221
	12.920479	54.069167
	12.920713	54.069137
	12.921598	54.069023
	12.921775	54.068938
	12.922069	54.068904
	12.922619	54.068908
	12.923195	54.068931
	12.923488	54.068949
	12.924119	54.068898
	12.924161	54.068891
	12.926201	54.068573
	12.92694	54.068417
	12.927301	54.068376
	12.927751	54.068339
	12.928228	54.068289
	12.928496	54.068269
	12.928706	54.068268
	12.92882	54.068269
	12.929001	54.068254
	12.929459	54.068199
	12.929764	54.068172
	12.929997	54.068127
	12.930118	54.068103
	12.9304	54.068027
	12.930465	54.068007
	12.930592	54.067975
	12.93082	54.067948
	12.930675	54.06779
	12.930362	54.067434
	12.930194	54.066981
	12.930147	54.066907
	12.930143	54.066871
	12.930141	54.066845
	12.930332	54.066732
	12.930635	54.066609
	12.930737	54.066574
	12.930841	54.066537
	12.931036	54.066516
	12.931124	54.06651
	12.931379	54.066508
	12.931643	54.066512
	12.931878	54.066513
	12.931935	54.066513
	12.932698	54.066538
	12.93333	54.066555
	12.933967	54.066573
	12.934287	54.066571
	12.934431	54.066554
	12.934579	54.066513
	12.934906	54.066403
	12.935178	54.066293
	12.935458	54.066173
	12.935634	54.066087
	12.935898	54.065929
	12.935975	54.065886
	12.936113	54.065816
	12.936282	54.065738
	12.936391	54.065692
	12.936655	54.06564
	12.937121	54.065439
	12.937319	54.065372
	12.937602	54.06531
	12.937959	54.065227
	12.938412	54.065122
	12.938774	54.065075
	12.939227	54.065014
	12.939581	54.064985
	12.939746	54.064946
	12.939814	54.064904
	12.939818	54.064843
	12.939788	54.06478
	12.939839	54.064738
	12.940828	54.064382
	12.940997	54.064323
	12.941613	54.06412
	12.941795	54.064046
	12.942014	54.063984
	12.942212	54.063917
	12.942442	54.063854
	12.942709	54.063811
	12.942821	54.063771
	12.943072	54.063647
	12.94344	54.063397
	12.943502	54.063359
	12.943709	54.063258
	12.943799	54.063215
	12.944156	54.063057
	12.944397	54.062949
	12.944457	54.062924
	12.944596	54.062865
	12.944737	54.0628
	12.944861	54.062748
	12.945319	54.062564
	12.945725	54.062409
	12.945838	54.062356
	12.945856	54.062338
	12.945897	54.062298
	12.945941	54.062214
	12.945958	54.06216
	12.945924	54.062102
	12.945848	54.062013
	12.945694	54.06189
	12.945617	54.061822
	12.945446	54.061667
	12.945422	54.061627
	12.945419	54.061589
	12.945587	54.061487
	12.945693	54.061363
	12.945909	54.061109
	12.946419	54.060507
	12.946523	54.060383
	12.946632	54.060252
	12.946759	54.060098
	12.946845	54.059994
	12.947038	54.059801
	12.947142	54.05969
	12.94726	54.05958
	12.947358	54.059493
	12.947428	54.059436
	12.947441	54.059425
	12.947478	54.059387
	12.947497	54.059372
	12.947521	54.059352
	12.947563	54.059314
	12.947755	54.059224
	12.947816	54.059202
	12.947878	54.05918
	12.948419	54.059208
	12.948785	54.05911
	12.94898	54.059054
	12.949184	54.058978
	12.949346	54.058903
	12.949428	54.058863
	12.949627	54.058735
	12.949686	54.058683
	12.949741	54.05864
	12.949808	54.058599
	12.949867	54.058552
	12.949924	54.05854
	12.950182	54.058455
	12.950401	54.05839
	12.951318	54.058107
	12.95135	54.058098
	12.951521	54.058191
	12.952116	54.058517
	12.952146	54.058537
	12.952195	54.05856
	12.952229	54.058569
	12.952361	54.058605
	12.952464	54.058638
	12.952687	54.05868
	12.952895	54.058722
	12.953101	54.058731
	12.953318	54.05872
	12.953524	54.058731
	12.953778	54.058769
	12.954066	54.058821
	12.954255	54.058846
	12.954394	54.058871
	12.954536	54.05889
	12.954705	54.05893
	12.954756	54.058928
	12.954833	54.058918
	12.954966	54.058868
	12.955039	54.058834
	12.955132	54.058797
	12.955259	54.058754
	12.955421	54.05871
	12.955521	54.058699
	12.955628	54.058695
	12.955685	54.058698
	12.955749	54.058715
	12.955876	54.058735
	12.956128	54.058729
	12.956199	54.058745
	12.956295	54.058773
	12.95632	54.058787
	12.95639	54.058822
	12.956432	54.058872
	12.956525	54.058998
	12.956602	54.059086
	12.956702	54.059199
	12.956774	54.059269
	12.956954	54.05935
	12.957062	54.059391
	12.957285	54.059432
	12.957547	54.059664
	12.957716	54.059852
	12.958077	54.060112
	12.958167	54.06017
	12.958312	54.060185
	12.958827	54.060111
	12.9590488	54.0600787
	12.959129	54.060067
	12.959517	54.060107
	12.95966	54.060143
	12.959983	54.060293
	12.960195	54.060399
	12.960316	54.060425
	12.960655	54.060569
	12.961166	54.060801
	12.961318	54.06087
	12.96192	54.061
	12.96259	54.061101
	12.962958	54.061048
	12.963555	54.06103
	12.963932	54.060942
	12.965057	54.060811
	12.965324	54.060797
	12.965875	54.06069
	12.966491	54.060501
	12.967033	54.060355
	12.967669	54.060276
	12.968109	54.060311
	12.968776	54.060428
	12.969564	54.060403
	12.970293	54.060681
	12.971777	54.061178
	12.973196	54.061567
	12.974132	54.061687
	12.974717	54.061621
	12.975466	54.061488
	12.975574	54.061474
	12.976141	54.061419
	12.9769	54.061346
	12.977124	54.061301
	12.97734	54.061276
	12.978057	54.061036
	12.978764	54.060761
	12.979501	54.060492
	12.979827	54.060361
	12.980261	54.060187
	12.981826	54.05991
	12.982277	54.059913
	12.983325	54.060005
	12.983896	54.060058
	12.984307	54.060109
	12.984803	54.059962
	12.985475	54.059803
	12.985455	54.059786
	12.985456	54.059764
	12.98546	54.059337
	12.985476	54.059278
	12.98553	54.059217
	12.985995	54.058624
	12.986158	54.058387
	12.986285	54.058202
	12.986757	54.057575
	12.986892	54.0574
	12.990128	54.057738
	12.990881	54.057815
	12.992416	54.057971
	12.993335	54.058069
	12.994631	54.058222
	12.9948	54.058203
	12.995005	54.05818
	12.995472	54.058145
	12.995705	54.05812
	12.996062	54.058021
	12.99723	54.057782
	12.99772	54.057697
	12.998283	54.057624
	12.999283	54.057531
	12.999367	54.057482
	13.000041	54.057307
	13.000497	54.057217
	13.000783	54.057173
	13.000838	54.057176
	13.000893	54.057183
	13.001015	54.05723
	13.001185	54.057325
	13.001333	54.05747
	13.002545	54.058668
	13.009095	54.059603
	13.009017	54.060446
	13.008991	54.060685
	13.008978	54.060779
	13.008886	54.062414
	13.00863	54.066028
	13.008577	54.066803
	13.008582	54.066898
	13.008731	54.067017
	13.009323	54.067556
	13.009971	54.068132
	13.010151	54.068292
	13.010347	54.068468
	13.010937	54.068996
	13.011749	54.069706
	13.012585	54.070436
	13.012817	54.070641
	13.013388	54.071147
	13.014075	54.071747
	13.01458	54.072192
	13.014997	54.072558
	13.01513	54.072676
	13.015145	54.072689
	13.015261	54.072788
	13.016155	54.073562
	13.017065	54.074336
	13.017314	54.07457
	13.017436	54.074675
	13.01791	54.075084
	13.017976	54.075142
	13.018028	54.075188
	13.018222	54.075358
	13.01842	54.075528
	13.014184	54.076646
	13.013144	54.076917
	13.012671	54.077041
	13.011574	54.077328
	13.011133	54.077446
	13.009685	54.077835
	13.009464	54.077894
	13.009361	54.077922
	13.008256	54.078222
	13.007897	54.07832
	13.005658	54.078928
	13.005571	54.079078
	13.003871	54.082031
	13.00379	54.082172
	13.001907	54.081955
	12.999724	54.081683
	12.998364	54.081497
	12.994041	54.080894
	12.994039	54.080906
	12.993778	54.082955
	12.993633	54.0841
	12.993627	54.084142
	12.993624	54.08417
	12.993581	54.084528
	12.9889	54.083917
	12.988875	54.083914
	12.988309	54.085584
	12.98824	54.085788
	12.988065	54.086374
	12.987907	54.086902
	12.987878	54.086998
	12.987842	54.087118
	12.987769	54.087364
	12.987728	54.087498
	12.987327	54.088839
	12.987094	54.089493
	12.987048	54.089622
	12.987026	54.089685
	12.987008	54.089928
	12.986929	54.090076
	12.986681	54.090411
	12.986554	54.090545
	12.986549	54.090616
	12.986537	54.090803
	12.986524	54.090943
	12.986501	54.091154
	12.986389	54.091443
	12.986317	54.091526
	12.98628	54.091554
	12.986147	54.091611
	12.986022	54.091657
	12.985929	54.091705
	12.985804	54.091793
	12.985626	54.091941
	12.985537	54.092075
	12.985508	54.092188
	12.985475	54.092316
	12.985464	54.092497
	12.985451	54.092587
	12.985389	54.092706
	12.985096	54.093254
	12.985026	54.093358
	12.984944	54.093451
	12.984709	54.093605
	12.984526	54.093714
	12.984364	54.093888
	12.983431	54.094572
	12.9832949	54.0946589
	12.982778	54.094989
	12.982443	54.09519
	12.98193	54.095521
	12.981877	54.095555
	12.98065	54.096313
	12.98022	54.096667
	12.979795	54.097012
	12.979609	54.097164
	12.979154	54.097476
	12.9768607	54.0987236
	12.976064	54.099157
	12.975888	54.099252
	12.974599	54.099943
	12.972328	54.101232
	12.971879	54.101489
	12.971176	54.101892
	12.9711349	54.1019221
	12.971101	54.101954
	12.970961	54.102009
	12.970899	54.102029
	12.970772	54.10209
	12.970656	54.102204
	12.970463	54.1025
	12.970117	54.102997
	12.970048	54.103087
	12.969775	54.103616
	12.969731	54.104149
	12.969692	54.104266
	12.969573	54.104416
	12.969391	54.104572
	12.969222	54.104791
	12.969151	54.104956
	12.969048	54.105082
	12.968932	54.105217
	12.968784	54.105362
	12.968707	54.105429
	12.968475	54.105597
	12.968384	54.105652
	12.968137	54.105808
	12.967827	54.105981
	12.967674	54.106114
	12.967442	54.106509
	12.967481	54.10666
	12.967491	54.106708
	12.967466	54.106768
	12.967426	54.106845
	12.967166	54.107077
	12.966904	54.107312
	12.966872	54.107358
	12.96663	54.10755
	12.966504	54.107729
	12.966413	54.107813
	12.966282	54.107938
	12.966214	54.107991
	12.966072	54.108069
	12.965909	54.108134
	12.965749	54.108266
	12.965541	54.108448
	12.965243	54.108676
	12.965036	54.108818
	12.964985	54.108855
	12.964873	54.108956
	12.964764	54.10906
	12.964583	54.109238
	12.964404	54.109425
	12.964267	54.109603
	12.964087	54.109857
	12.964014	54.10998
	12.96393	54.110113
	12.963875	54.110204
	12.963852	54.11026
	12.962907	54.110322
	12.962592	54.110634
	12.962346	54.110618
	12.961883	54.110312
	12.96103	54.110187
	12.960977	54.109971
	12.961171	54.109543
	12.961134	54.109477
	12.960897	54.109373
	12.960646	54.109392
	12.960419	54.1095
	12.960296	54.109815
	12.959654	54.110012
	12.959417	54.110022
	12.959255	54.109802
	12.958895	54.109612
	12.958351	54.109506
	12.958379	54.109373
	12.959017	54.108974
	12.959139	54.108833
	12.959029	54.108691
	12.958361	54.108405
	12.958447	54.108253
	12.958699	54.108161
	12.958708	54.108059
	12.958605	54.107967
	12.958113	54.107794
	12.957876	54.107795
	12.957091	54.108041
	12.956574	54.108052
	12.956009	54.107962
	12.955892	54.108322
	12.955572	54.108791
	12.955336	54.108956
	12.955137	54.108959
	12.954882	54.108828
	12.954389	54.108664
	12.954338	54.108568
	12.954411	54.108328
	12.954233	54.108176
	12.953396	54.10822
	12.953273	54.108177
	12.953056	54.107975
	12.952762	54.107496
	12.952959	54.10743
	12.953561	54.107361
	12.953754	54.107285
	12.954087	54.107449
	12.954315	54.107469
	12.95471	54.107271
	12.954762	54.106223
	12.954605	54.105993
	12.95426	54.10575
	12.954107	54.105729
	12.95401	54.10576
	12.953911	54.105855
	12.9539016	54.106007
	12.953901	54.106016
	12.953736	54.106107
	12.953628	54.1061235
	12.953559	54.106134
	12.953299	54.106104
	12.953172	54.106019
	12.953039	54.105814
	12.952493	54.105709
	12.952331	54.105778
	12.95211	54.106009
	12.951929	54.106093
	12.951575	54.106099
	12.951056	54.106228
	12.950561	54.106263
	12.9490262	54.1061938
	12.948719	54.10618
	12.948582	54.106236
	12.948293	54.106581
	12.9483018	54.1066081
	12.948354	54.106769
	12.948311	54.106823
	12.947999	54.106957
	12.947697	54.107026
	12.947417	54.107001
	12.947203	54.106917
	12.946614	54.106438
	12.946581	54.106383
	12.946734	54.106205
	12.94673	54.106135
	12.946536	54.105993
	12.946431	54.105688
	12.946303	54.105586
	12.945744	54.105516
	12.9456796	54.1055271
	12.945417	54.105564
	12.945254	54.105913
	12.945046	54.106156
	12.944857	54.106246
	12.94456	54.106284
	12.944174	54.106203
	12.943753	54.105696
	12.94376	54.105332
	12.943911	54.104877
	12.943878	54.104686
	12.943768	54.104469
	12.943433	54.104211
	12.942405	54.103738
	12.941872	54.103404
	12.941762	54.103271
	12.940616	54.10289
	12.940332	54.102671
	12.93996	54.102693
	12.93962	54.102631
	12.93917	54.102729
	12.938694	54.102525
	12.937611	54.102389
	12.937368	54.102295
	12.937492	54.101999
	12.937315	54.101822
	12.935773	54.101645
	12.935328	54.101538
	12.93507	54.10133
	12.934997	54.101155
	12.935368	54.100391
	12.935035	54.100171
	12.934567	54.09998
	12.934385	54.099949
	12.9341205	54.0999883
	12.933779	54.100039
	12.9337615	54.1000459
	12.933055	54.100325
	12.932732	54.100383
	12.932522	54.100399
	12.932215	54.100339
	12.930967	54.100447
	12.929198	54.10049
	12.928467	54.100593
	12.928311	54.10056
	12.928075	54.100273
	12.927914	54.099877
	12.927879	54.099749
	12.927998	54.09956
	12.928633	54.099448
	12.928898	54.099464
	12.929286	54.099347
	12.929454	54.099336
	12.929689	54.09928
	12.929873	54.099209
	12.930589	54.098877
	12.931404	54.098524
	12.93221	54.098175
	12.932249	54.098158
	12.932291	54.098138
	12.932406	54.098116
	12.932511	54.098113
	12.932726	54.098045
	12.93323	54.097986
	12.934241	54.097067
	12.9343	54.097002
	12.934303	54.096922
	12.934327	54.096451
	12.934358	54.096176
	12.934379	54.096177
	12.934416	54.096059
	12.93443	54.096017
	12.934515	54.095702
	12.934533	54.095637
	12.934514	54.095633
	12.934519	54.095617
	12.934553	54.095539
	12.934584	54.095468
	12.934596	54.09544
	12.93461	54.095408
	12.934626	54.09536
	12.934637	54.095327
	12.934654	54.095297
	12.934996	54.094963
	12.935482	54.094631
	12.935857	54.094441
	12.936057	54.094381
	12.936449	54.09425
	12.936493	54.094225
	12.936545	54.094203
	12.936641	54.094149
	12.936672	54.094141
	12.936733	54.094091
	12.937013	54.093931
	12.937059	54.093897
	12.937201	54.093819
	12.93737	54.093786
	12.937465	54.093782
	12.937495	54.093774
	12.937567	54.093753
	12.937622	54.093737
	12.937672	54.093721
	12.937725	54.093695
	12.937874	54.093572
	12.937967	54.093551
	12.938255	54.09354
	12.938686	54.093578
	12.938842	54.093592
	12.93899	54.093606
	12.939167	54.093607
	12.939462	54.093595
	12.939794	54.093548
	12.939913	54.093525
	12.940059	54.093498
	12.940276	54.093427
	12.940572	54.093357
	12.940573	54.093338
	12.940574	54.093312
	12.94062	54.092064
	12.940612	54.091885
	12.940605	54.091666
	12.940604	54.091608
	12.940604	54.091579
	12.940557	54.091298
	12.940538	54.091183
	12.94053	54.091136
	12.940299	54.089686
	12.940189	54.08888
	12.940159	54.088393
	12.94013	54.087906
	12.94006	54.086861
	12.939962	54.085559
	12.939936	54.085188
	12.939933	54.085138
	12.939885	54.084678
	12.93983	54.08418
	12.939785	54.083615
	12.939782	54.083523
	12.939783	54.083496
	12.939836	54.083431
	12.93985	54.083415
	12.939826	54.083219
	12.939733	54.082968
	12.939686	54.082953
	12.938883	54.083015
	12.938686	54.083009
	12.93797	54.082988
	12.937835	54.082973
	12.93728	54.082932
	12.936917	54.082903
	12.936767	54.082902
	12.936385	54.082909
	12.936259	54.082901
	12.935925	54.082876
	12.935293	54.082821
	12.934425	54.082755
	12.933785	54.08268
	12.932992	54.082598
	12.932631	54.082564
	12.93248	54.082547
	12.932374	54.082533
	12.932273	54.082512
	12.932145	54.082493
	12.931924	54.082452
	12.9316	54.082402
	12.931185	54.082338
	12.930945	54.082299
	12.930091	54.08227
	12.929228	54.082241
	12.929184	54.082238
	12.929138	54.082228
	12.929063	54.082201
	12.928934	54.082121
	12.928841	54.082048
	12.928714	54.081907
	12.928207	54.081244
	12.928083	54.081081
	12.927672	54.08076
	12.927604	54.080721
	12.927293	54.080698
	12.926989	54.080667
	12.926961	54.080654
	12.926933	54.080634
	12.926912	54.080569
	12.9267	54.080133
	12.926547	54.079822
	12.926376	54.079474
	12.926256	54.079251
	12.926138	54.079012
	12.92589	54.078392
	12.925806	54.078171
	12.925769	54.078046
	12.925454	54.07802
	12.925108	54.077987
	12.924932	54.077937
	12.924734	54.077869
	12.924572	54.077823
	12.924461	54.077809
	12.924165	54.077778
	12.923838	54.077753
	12.923558	54.077746
	12.923246	54.077749
	12.923101	54.077769
	12.922984	54.07779
	12.922781	54.077834
	12.922139	54.077902
	12.921594	54.077905
	12.921306	54.077885
	12.921253	54.077873
	12.920938	54.077791
	12.92055	54.077679
	12.920309	54.077601
	12.920058	54.07753
	12.919858	54.077455
	12.919729	54.077416
	12.919495	54.077365
	12.919335	54.077335
	12.919129	54.077281
	12.918855	54.07723
	12.918555	54.077208
	12.918259	54.077144
	12.917949	54.077092
	12.917546	54.077023
	12.91752	54.077009
	12.917502	54.076964
	12.917468	54.076881
	12.917457	54.076854
	12.917447	54.076829
	12.917438	54.076807
	12.9174298	54.0767864
	12.917418	54.076757
	12.917388	54.07668
	12.917383	54.076671
	12.917368	54.076636
	12.917314	54.076499
	12.917275	54.076405
	12.917207	54.07624
	12.917158	54.076119
	12.917077	54.075946
	12.916936	54.075627
	12.916693	54.075079
	12.916484	54.074607
	12.916417	54.074457
	12.916296	54.074185
	12.916211	54.073993
	12.916194	54.073954
	12.916158	54.073871
	12.916144	54.07384
	12.915442	54.072256
	12.915098	54.07153
	12.914831	54.070966
	12.914825	54.070953
	12.914819	54.07094
END
END
