6548326
1
	13.216478	54.117444
	13.216521	54.11732
	13.216661	54.117207
	13.216818	54.116835
	13.217151	54.116653
	13.217427	54.116286
	13.217539	54.1162
	13.217572	54.11612
	13.217469	54.115991
	13.217493	54.115915
	13.217525	54.115814
	13.217646	54.115543
	13.217741	54.115449
	13.217959	54.115058
	13.217957	54.114861
	13.218035	54.114596
	13.217995	54.114504
	13.217903	54.114375
	13.217957	54.114038
	13.218172	54.113768
	13.218177	54.113495
	13.218222	54.113395
	13.218197	54.113297
	13.218377	54.112982
	13.218458	54.112715
	13.218483	54.112631
	13.218568	54.112373
	13.218711	54.111942
	13.218896	54.111531
	13.219063	54.111026
	13.219473	54.11045
	13.220363	54.109267
	13.22067	54.108864
	13.221416	54.107876
	13.221491	54.107691
	13.221533	54.107584
	13.222056	54.107313
	13.222363	54.107129
	13.223179	54.106758
	13.223294	54.106652
	13.223356	54.106471
	13.223359	54.106221
	13.223404	54.106093
	13.223612	54.105913
	13.224261	54.105591
	13.22479	54.105395
	13.225245	54.10519
	13.225719	54.104936
	13.226079	54.104845
	13.226907	54.104722
	13.227529	54.104673
	13.228172	54.104677
	13.22873	54.10472
	13.229694	54.104752
	13.23028	54.104654
	13.231485	54.104501
	13.231888	54.104486
	13.23298	54.104363
	13.233446	54.104352
	13.233922	54.10429
	13.234036	54.104277
	13.234637	54.104195
	13.23506	54.104167
	13.235384	54.104115
	13.235923	54.103948
	13.237221	54.1035
	13.237626	54.10328
	13.238125	54.10312
	13.238427	54.102973
	13.238664	54.102902
	13.239171	54.102715
	13.239698	54.102556
	13.239732	54.10255
	13.240258	54.102452
	13.241026	54.102312
	13.241416	54.102242
	13.241915	54.102201
	13.242026	54.102192
	13.242157	54.102182
	13.242359	54.102109
	13.242579	54.101985
	13.242653	54.101943
	13.242915	54.101854
	13.24325	54.101808
	13.243386	54.10182
	13.243605	54.101839
	13.243837	54.1019
	13.244102	54.101941
	13.244295	54.101898
	13.244468	54.101861
	13.244646	54.101866
	13.24505	54.10183
	13.245517	54.101758
	13.245667	54.101754
	13.245983	54.101679
	13.246043	54.101657
	13.246219	54.101493
	13.24632	54.101224
	13.246524	54.101045
	13.246627	54.100955
	13.246725	54.100733
	13.246861	54.100653
	13.247181	54.100556
	13.247193	54.100553
	13.247308	54.10052
	13.247968	54.100105
	13.24812	54.100009
	13.248288	54.099828
	13.248418	54.099594
	13.248478	54.099485
	13.248511	54.099192
	13.248575	54.099088
	13.24891	54.098541
	13.249108	54.098217
	13.249134	54.098174
	13.249373	54.09796
	13.249395	54.097941
	13.249565	54.097755
	13.249607	54.097705
	13.249711	54.097539
	13.249827	54.097389
	13.249854	54.097353
	13.250101	54.096843
	13.250123	54.096797
	13.250347	54.096468
	13.250463	54.09632
	13.250472	54.096307
	13.2778479	54.0968774
	13.3372578	54.0981152
	13.3384536	54.0988628
	13.3431022	54.0998878
	13.3445195	54.1001931
	13.3467507	54.1003983
	13.3498127	54.0994977
	13.351644	54.0995269
	13.3541586	54.1000956
	13.3568382	54.1000088
	13.357738	54.099892
	13.3585095	54.0999561
	13.3592221	54.1001764
	13.3598134	54.1001168
	13.3612234	54.0993111
	13.365121	54.0990482
	13.3675796	54.0990991
	13.3693898	54.0992566
	13.3639647	54.1067069
	13.3629903	54.1070066
	13.36039	54.1141215
	13.3519832	54.1150247
	13.35168	54.117268
	13.3509861	54.1172514
	13.3505896	54.1191105
	13.3496976	54.1191022
	13.3492499	54.1213746
	13.3470328	54.1215606
	13.3468204	54.1229382
	13.3456881	54.1231427
	13.3516207	54.1251148
	13.3528864	54.1268827
	13.3515345	54.1286461
	13.3513306	54.1289163
	13.3509389	54.129331
	13.3501827	54.1298814
	13.347055	54.1317213
	13.3434982	54.1338224
	13.3433799	54.133745
	13.3389976	54.1363374
	13.3391817	54.1364383
	13.3321334	54.1405352
	13.3312312	54.1391953
	13.3299522	54.1387342
	13.3277681	54.1386535
	13.3258398	54.1379619
	13.3217274	54.1373855
	13.3201139	54.1372587
	13.3157992	54.1374881
	13.3123558	54.1365083
	13.3090904	54.1361454
	13.3073271	54.135543
	13.3046511	54.1350012
	13.2996926	54.1342288
	13.2993581	54.1340789
	13.2938458	54.1338421
	13.2908337	54.133783
	13.2875493	54.1336339
	13.2813133	54.1326923
	13.2755645	54.1323597
	13.2677099	54.131944
	13.2589325	54.130219
	13.254505	54.1289482
	13.2536577	54.1289284
	13.2528647	54.1287286
	13.2525864	54.1287164
	13.2522096	54.1288632
	13.2504791	54.1270646
	13.249533	54.1258987
	13.2489347	54.1252464
	13.2482214	54.1247201
	13.2461344	54.1243858
	13.2452439	54.1240026
	13.2448543	54.1236846
	13.2444369	54.122804
	13.2445622	54.1220783
	13.2455361	54.1213607
	13.2462735	54.1207491
	13.2468022	54.1199989
	13.2459535	54.1201701
	13.2451883	54.1201375
	13.2447953	54.1201621
	13.2433771	54.1207253
	13.2430501	54.1209536
	13.2423405	54.1212145
	13.2418861	54.1214773
	13.2396036	54.121904
	13.2390529	54.1218349
	13.2368983	54.1206241
	13.2364359	54.1204396
	13.2352833	54.1204195
	13.2346192	54.1207828
	13.2343486	54.1207857
	13.2336452	54.1205839
	13.2331976	54.1205435
	13.2324704	54.1202615
	13.2318312	54.120475
	13.230892	54.1204627
	13.2302798	54.1208011
	13.229698	54.1207466
	13.2292446	54.1206434
	13.2287625	54.1204474
	13.2283001	54.1204964
	13.2274343	54.1202138
	13.2270404	54.120225
	13.2261111	54.1205657
	13.2254568	54.1205484
	13.22496	54.1207012
	13.2240844	54.1206983
	13.2235482	54.1204648
	13.2232924	54.1204648
	13.2227352	54.1201466
	13.2225195	54.1201099
	13.2218795	54.1202159
	13.2206481	54.1203015
	13.220029	54.1201629
	13.2193847	54.1202085
	13.218686	54.1197969
	13.2175538	54.1192204
	13.2171764	54.1188469
	13.2170094	54.1183147
	13.216708	54.117989
	13.216708	54.117935
	13.216668	54.117856
	13.21662	54.117639
	13.216478	54.117444
END
END
