6548364
1
	11.766378	53.686923
	11.766426	53.686847
	11.766695	53.686526
	11.766873	53.686304
	11.766915	53.686216
	11.767023	53.686014
	11.767095	53.685783
	11.767122	53.685616
	11.767166	53.685108
	11.767208	53.684833
	11.767234	53.684645
	11.767304	53.684311
	11.767418	53.683881
	11.766805	53.683779
	11.766769	53.683557
	11.766784	53.683359
	11.766786	53.6833
	11.766847	53.683068
	11.766984	53.682753
	11.767283	53.68232
	11.767442	53.682058
	11.767555	53.681777
	11.767814	53.681211
	11.767831	53.681174
	11.767837	53.681161
	11.767961	53.680957
	11.768033	53.680808
	11.768125	53.680659
	11.768211	53.680433
	11.768286	53.680292
	11.768332	53.680154
	11.768367	53.67982
	11.768373	53.679504
	11.768344	53.678984
	11.768308	53.678701
	11.768294	53.678359
	11.768266	53.677979
	11.768241	53.677703
	11.769318	53.67784
	11.769328	53.67767
	11.769342	53.67745
	11.769476	53.676307
	11.769298	53.67632
	11.769069	53.676362
	11.76865	53.676416
	11.768193	53.676289
	11.767854	53.676171
	11.767757	53.67607
	11.767665	53.67597
	11.767631	53.67593
	11.767219	53.675438
	11.76695	53.675109
	11.766746	53.674778
	11.766724	53.674704
	11.766697	53.674597
	11.766667	53.674422
	11.766657	53.674354
	11.766662	53.674097
	11.766769	53.673855
	11.766957	53.673532
	11.767088	53.673186
	11.767325	53.672636
	11.767581	53.67245
	11.767563	53.67212
	11.7675437	53.6715734
	11.767535	53.671325
	11.767526	53.671126
	11.76747	53.66983
	11.767449	53.669103
	11.76745	53.669066
	11.767457	53.668954
	11.767481	53.668151
	11.767505	53.667433
	11.767506	53.667397
	11.767484	53.667267
	11.767428	53.667186
	11.767338	53.667049
	11.767246	53.666902
	11.766993	53.666763
	11.766917	53.666721
	11.766878	53.6667
	11.768115	53.665245
	11.768148	53.66526
	11.768292	53.665128
	11.769923	53.664149
	11.770168	53.664012
	11.769997	53.662976
	11.769714	53.662239
	11.769181	53.661434
	11.76931	53.661368
	11.769509	53.6612658
	11.769608	53.661215
	11.769772	53.661132
	11.76993	53.661075
	11.770434	53.660906
	11.771399	53.660553
	11.77195	53.660401
	11.77288	53.660222
	11.775605	53.659764
	11.776616	53.659642
	11.777266	53.65951
	11.7774293	53.6594942
	11.77896	53.659346
	11.779918	53.659186
	11.782004	53.658754
	11.782528	53.658625
	11.783513	53.65834
	11.783862	53.658266
	11.784507	53.658168
	11.784868	53.658122
	11.785851	53.65804
	11.785843	53.658029
	11.786338	53.657976
	11.786991	53.657868
	11.788933	53.657525
	11.789419	53.657452
	11.790061	53.657381
	11.790505	53.657423
	11.790751	53.657479
	11.790952	53.657525
	11.790998	53.657535
	11.791349	53.657615
	11.791648	53.657685
	11.791831	53.657709
	11.792078	53.657714
	11.79219	53.657693
	11.792801	53.657511
	11.792918	53.657404
	11.793528	53.657072
	11.794052	53.656786
	11.793707	53.656631
	11.7934413	53.6565233
	11.793374	53.656496
	11.792897	53.656301
	11.792185	53.65599
	11.791668	53.655764
	11.791183	53.655539
	11.790927	53.655426
	11.790546	53.655269
	11.789823	53.654988
	11.789262	53.654774
	11.788992	53.654666
	11.788366	53.654432
	11.788379	53.6543961
	11.788382	53.654329
	11.788391	53.654278
	11.78866	53.652582
	11.788645	53.652574
	11.788084	53.652269
	11.787096	53.651732
	11.786334	53.651318
	11.786037	53.651156
	11.78553	53.650881
	11.784768	53.650466
	11.78377	53.649878
	11.782413	53.649396
	11.781519	53.649215
	11.781072	53.64906
	11.780987	53.649019
	11.780777	53.648869
	11.779829	53.648514
	11.779861	53.648498
	11.780123	53.648241
	11.778398	53.64801
	11.778339	53.648052
	11.778242	53.648093
	11.778082	53.648121
	11.77769	53.648113
	11.776767	53.647872
	11.776639	53.647839
	11.776138	53.647591
	11.775571	53.646991
	11.775493	53.646316
	11.775414	53.645645
	11.775423	53.645622
	11.775627	53.645066
	11.775641	53.645029
	11.776153	53.643926
	11.775608	53.643764
	11.775584	53.643736
	11.775542	53.643742
	11.775589	53.64367
	11.775606	53.643645
	11.775642	53.643589
	11.776089	53.642905
	11.776601	53.642662
	11.77702	53.642241
	11.777055	53.642205
	11.77728	53.641979
	11.777289	53.641986
	11.77903	53.641401
	11.78047	53.640917
	11.780463	53.64091
	11.7808015	53.640838
	11.780886	53.64082
	11.782169	53.641522
	11.783069	53.642172
	11.782823	53.642287
	11.782187	53.642583
	11.782149	53.642601
	11.781961	53.642689
	11.782643	53.643055
	11.782731	53.643102
	11.782817	53.643149
	11.782923	53.643101
	11.783077	53.643033
	11.783258	53.643109
	11.784222	53.643054
	11.7843	53.643021
	11.784639	53.642876
	11.784673	53.642863
	11.785225	53.642989
	11.785958	53.6434
	11.786383	53.643669
	11.7867181	53.643904
	11.786855	53.644
	11.787657	53.644546
	11.787737	53.644527
	11.787788	53.644504
	11.788056	53.644422
	11.788157	53.644414
	11.788459	53.644428
	11.788851	53.64437
	11.788964	53.64436
	11.789321	53.644424
	11.789782	53.644535
	11.789875	53.644538
	11.790852	53.643787
	11.789282	53.643056
	11.789972	53.642565
	11.790037	53.642519
	11.79131	53.641614
	11.791476	53.641523
	11.794019	53.640235
	11.794087	53.640201
	11.794679	53.639835
	11.795585	53.639327
	11.795865	53.639198
	11.796448	53.638921
	11.797296	53.638516
	11.797805	53.638211
	11.798345	53.637911
	11.7992598	53.6375381
	11.799633	53.637386
	11.801149	53.636839
	11.801431	53.636717
	11.801809	53.636615
	11.801871	53.636579
	11.802097	53.636454
	11.802125	53.636407
	11.80217	53.636179
	11.802198	53.635836
	11.802152	53.63553
	11.802044	53.635159
	11.801836	53.63487
	11.801436	53.634531
	11.801388	53.634467
	11.801272	53.634182
	11.801189	53.633956
	11.801245	53.633878
	11.801346	53.633677
	11.801306	53.63358
	11.801194	53.633491
	11.800972	53.633365
	11.800996	53.633366
	11.802048	53.633416
	11.802636	53.63344
	11.802681	53.633442
	11.803336	53.633468
	11.803452	53.633473
	11.803905	53.633491
	11.804597	53.633518
	11.805086	53.633526
	11.805186	53.633528
	11.805297	53.633532
	11.805555	53.633542
	11.806467	53.633578
	11.806499	53.633579
	11.808216	53.633644
	11.808323	53.633648
	11.808861	53.633668
	11.80895	53.633677
	11.809008	53.633676
	11.810854	53.633744
	11.811024	53.633751
	11.811708	53.63378
	11.811836	53.633786
	11.811993	53.633792
	11.812925	53.633832
	11.813261	53.633843
	11.813306	53.633845
	11.813983	53.633867
	11.814144	53.633871
	11.814252	53.633877
	11.814288	53.633878
	11.81455	53.633889
	11.816875	53.633989
	11.819111	53.634073
	11.819759	53.6341
	11.819878	53.634105
	11.820135	53.634115
	11.822049	53.634186
	11.822377	53.634198
	11.822619	53.634208
	11.823391	53.634237
	11.824099	53.634265
	11.82436	53.634274
	11.824724	53.634288
	11.82552	53.634318
	11.82564	53.634323
	11.825762	53.634327
	11.825997	53.634336
	11.826354	53.63435
	11.826378	53.634351
	11.824841	53.632711
	11.824583	53.632636
	11.823914	53.632485
	11.823577	53.632257
	11.823531	53.632171
	11.823616	53.631676
	11.82338	53.631334
	11.823189	53.631095
	11.822743	53.630612
	11.821171	53.628757
	11.819572	53.625975
	11.818718	53.62491
	11.8186963	53.6248784
	11.818223	53.624191
	11.817569	53.622911
	11.817597	53.622904
	11.819956	53.622032
	11.819978	53.62202
	11.818672	53.621162
	11.817393	53.620317
	11.81678	53.619912
	11.81646	53.619512
	11.816397	53.619136
	11.816186	53.618134
	11.816213	53.618117
	11.816221	53.618111
	11.816653	53.617827
	11.816765	53.617778
	11.81724	53.617573
	11.817697	53.617298
	11.817628	53.61726
	11.817607	53.617247
	11.817654	53.617225
	11.817705	53.617202
	11.817817	53.617135
	11.818033	53.617007
	11.818148	53.616899
	11.818229	53.616798
	11.818255	53.616728
	11.818299	53.616454
	11.818373	53.61636
	11.818409	53.616278
	11.818433	53.616156
	11.818362	53.616072
	11.818391	53.616013
	11.818493	53.615988
	11.818522	53.615942
	11.818465	53.61587
	11.818132	53.615742
	11.81796	53.615647
	11.81779	53.615522
	11.817699	53.615417
	11.817596	53.615323
	11.817499	53.615267
	11.816895	53.615001
	11.816813	53.614914
	11.816781	53.614832
	11.816789	53.614627
	11.816757	53.614463
	11.81651	53.614194
	11.816479	53.614023
	11.816474	53.613994
	11.816469	53.613964
	11.817202	53.612496
	11.817338	53.612322
	11.81777	53.611916
	11.818468	53.611285
	11.818925	53.610883
	11.818937	53.610872
	11.81873	53.610775
	11.81863	53.610759
	11.81844	53.610701
	11.818355	53.610663
	11.818146	53.61057
	11.817936	53.61053
	11.817951	53.610519
	11.8180016	53.6104829
	11.8189758	53.609788
	11.819346	53.609524
	11.819858	53.609316
	11.820027	53.609238
	11.82035	53.609068
	11.820647	53.608928
	11.820986	53.608795
	11.821312	53.608674
	11.821583	53.608618
	11.821695	53.60864
	11.821813	53.608698
	11.822104	53.608745
	11.822289	53.608658
	11.822501	53.608597
	11.82281	53.608475
	11.823028	53.608431
	11.823339	53.608341
	11.823783	53.608134
	11.8265	53.606435
	11.8273409	53.6060236
	11.827802	53.605798
	11.827849	53.605776
	11.828013	53.60573
	11.828333	53.605532
	11.828695	53.605381
	11.828905	53.605393
	11.829071	53.605438
	11.829182	53.605459
	11.829513	53.605413
	11.829729	53.605397
	11.829888	53.605376
	11.830035	53.605412
	11.830323	53.605446
	11.830436	53.605426
	11.830771	53.605206
	11.830841	53.605101
	11.830896	53.605047
	11.83086	53.605018
	11.83074	53.604998
	11.830602	53.604958
	11.830569	53.604905
	11.830595	53.604704
	11.830676	53.604582
	11.830763	53.604398
	11.830799	53.6043
	11.830873	53.604159
	11.830934	53.60399
	11.831031	53.603774
	11.831143	53.603598
	11.831182	53.60349
	11.83128	53.603368
	11.831336	53.603224
	11.83168	53.602886
	11.83176	53.60281
	11.8322964	53.6023696
	11.832481	53.602218
	11.832871	53.601873
	11.832891	53.601874
	11.833246	53.601877
	11.833573	53.6019
	11.833758	53.601909
	11.83394	53.60191
	11.834094	53.601914
	11.834553	53.601932
	11.834784	53.601939
	11.835252	53.601952
	11.835525	53.60196
	11.835765	53.601967
	11.836032	53.601975
	11.836232	53.601996
	11.8363688	53.6020186
	11.836693	53.602072
	11.837529	53.602134
	11.838093	53.602159
	11.838741	53.602187
	11.839456	53.60223
	11.839453	53.602239
	11.839286	53.60281
	11.839257	53.602917
	11.839206	53.603353
	11.839249	53.603354
	11.839305	53.603355
	11.840103	53.603399
	11.840772	53.603436
	11.841189	53.603437
	11.84145	53.603439
	11.841826	53.603503
	11.84194	53.603545
	11.842068	53.603624
	11.84226	53.603761
	11.842394	53.603918
	11.842373	53.604057
	11.842108	53.604381
	11.842073	53.604432
	11.842066	53.604484
	11.841001	53.604888
	11.8404962	53.6050918
	11.840424	53.605121
	11.840348	53.605089
	11.840174	53.605089
	11.839029	53.605064
	11.83886	53.605057
	11.839143	53.605542
	11.838257	53.605784
	11.838284	53.605807
	11.837584	53.605945
	11.837527	53.606387
	11.837439	53.60723
	11.837393	53.607652
	11.83738	53.60779
	11.839853	53.607793
	11.84178	53.607867
	11.842099	53.607876
	11.84427	53.60795
	11.844337	53.607851
	11.844543	53.607546
	11.845108	53.606704
	11.845709	53.60582
	11.846556	53.604601
	11.84664	53.604474
	11.846773	53.604264
	11.846936	53.604272
	11.848176	53.604338
	11.849375	53.604408
	11.850218	53.604453
	11.850381	53.604464
	11.850598	53.604475
	11.851888	53.604544
	11.853225	53.604617
	11.853505	53.604633
	11.854688	53.604696
	11.856096	53.60477
	11.856801	53.60481
	11.856928	53.605089
	11.857069	53.605409
	11.857113	53.605484
	11.857159	53.60559
	11.857318	53.605937
	11.857543	53.606455
	11.857772	53.606965
	11.858002	53.607462
	11.85809	53.607667
	11.858276	53.607878
	11.858666	53.608221
	11.858711	53.608257
	11.858756	53.608293
	11.85904	53.608521
	11.859405	53.608851
	11.859622	53.609013
	11.86	53.609327
	11.860094	53.609411
	11.860384	53.60967
	11.860399	53.609835
	11.8604608	53.6105267
	11.860472	53.610652
	11.860481	53.610757
	11.860486	53.610968
	11.8606	53.6109965
	11.860698	53.611021
	11.860812	53.611046
	11.861478	53.611192
	11.861662	53.611233
	11.861889	53.611281
	11.862522	53.611404
	11.862675	53.611442
	11.862741	53.611461
	11.862855	53.611538
	11.863233	53.611908
	11.863626	53.612229
	11.86376	53.612359
	11.864286	53.612811
	11.864604	53.613134
	11.864786	53.613288
	11.864977	53.613463
	11.865303	53.613727
	11.865331	53.613769
	11.865616	53.614038
	11.866042	53.614449
	11.866416	53.614777
	11.866997	53.615314
	11.867067	53.615356
	11.867139	53.615441
	11.867514	53.615772
	11.867648	53.615846
	11.868022	53.616095
	11.868313	53.616288
	11.868377	53.61633
	11.868651	53.61651
	11.868697	53.61654
	11.868809	53.616614
	11.868888	53.616666
	11.869167	53.616848
	11.869139	53.616912
	11.869009	53.61721
	11.868954	53.617335
	11.868934	53.617381
	11.869304	53.61759
	11.869371	53.617629
	11.869408	53.617651
	11.869488	53.617697
	11.869518	53.617716
	11.869647	53.617789
	11.870071	53.618016
	11.870448	53.618217
	11.870502	53.618246
	11.871004	53.618525
	11.871226	53.618643
	11.871474	53.618787
	11.872243	53.619189
	11.872201	53.619251
	11.871379	53.619928
	11.870342	53.620732
	11.869143	53.621699
	11.868468	53.622415
	11.867918	53.623091
	11.866961	53.624294
	11.866931	53.624328
	11.866894	53.624373
	11.866841	53.62443
	11.865252	53.626135
	11.864023	53.627264
	11.862669	53.62834
	11.862075	53.628949
	11.861815	53.629215
	11.861785	53.629246
	11.861205	53.629839
	11.861142	53.629896
	11.860974	53.630062
	11.860213	53.630811
	11.860183	53.630842
	11.859449	53.63152
	11.858553	53.632181
	11.857608	53.632878
	11.857336	53.633079
	11.857101	53.633339
	11.856923	53.633538
	11.856294	53.634242
	11.855601	53.635016
	11.855022	53.635664
	11.854603	53.636353
	11.854186	53.637006
	11.853957	53.637103
	11.853782	53.637264
	11.853005	53.637772
	11.852369	53.638077
	11.852246	53.638132
	11.851643	53.638332
	11.851541	53.638366
	11.851416	53.638407
	11.850517	53.638739
	11.850317	53.638794
	11.849304	53.639005
	11.848835	53.639117
	11.847347	53.639658
	11.84616	53.640144
	11.845096	53.640648
	11.844736	53.641036
	11.844369	53.641495
	11.844346	53.641525
	11.843201	53.642959
	11.843163	53.643006
	11.842989	53.643224
	11.842979	53.643236
	11.843511	53.643232
	11.844401	53.643375
	11.845087	53.643789
	11.845147	53.643848
	11.845422	53.644188
	11.845676	53.644502
	11.846315	53.645292
	11.847043	53.645745
	11.847863	53.646255
	11.8479	53.646341
	11.847682	53.646687
	11.84751	53.64696
	11.846977	53.647165
	11.846459	53.647259
	11.84614	53.647306
	11.845978	53.647351
	11.845783	53.647561
	11.845673	53.647655
	11.845598	53.647765
	11.845454	53.647878
	11.845459	53.64791
	11.84545	53.648069
	11.84501	53.651407
	11.845087	53.6524
	11.845302	53.653724
	11.845364	53.654469
	11.845397	53.654648
	11.845917	53.655006
	11.846079	53.655487
	11.845758	53.655811
	11.845978	53.657854
	11.8458845	53.6579099
	11.844598	53.6586799
	11.844053	53.659006
	11.843866	53.65915
	11.842662	53.660337
	11.842572	53.660447
	11.842566	53.660454
	11.842073	53.66124
	11.842157	53.661642
	11.842196	53.661719
	11.842285	53.661817
	11.842352	53.661878
	11.842572	53.662015
	11.842643	53.662045
	11.843803	53.662495
	11.845223	53.663031
	11.846292	53.663447
	11.846454	53.663489
	11.846606	53.663507
	11.846802	53.663523
	11.846959	53.663529
	11.847147	53.663529
	11.847306	53.663523
	11.847452	53.663518
	11.847618	53.663506
	11.847724	53.663487
	11.847627	53.663538
	11.847619	53.663542
	11.846953	53.663889
	11.846872	53.663918
	11.846837	53.663917
	11.846818	53.663931
	11.846862	53.663933
	11.846888	53.663934
	11.846476	53.664217
	11.845592	53.664823
	11.84489	53.665305
	11.844608	53.665465
	11.844528	53.665507
	11.843712	53.665994
	11.84261	53.666641
	11.841027	53.667632
	11.840445	53.668
	11.839993	53.668297
	11.84	53.668301
	11.839932	53.668351
	11.840385	53.668565
	11.840257	53.668624
	11.840237	53.668616
	11.838579	53.66919
	11.838341	53.669272
	11.838337	53.669266
	11.838318	53.669275
	11.838327	53.669289
	11.83908	53.670476
	11.839381	53.670889
	11.839844	53.671524
	11.840161	53.671921
	11.840375	53.672158
	11.840383	53.672166
	11.841123	53.673007
	11.841139	53.673025
	11.841376	53.673268
	11.841616	53.673531
	11.841738	53.673658
	11.841881	53.673802
	11.842141	53.674071
	11.842174	53.674105
	11.842506	53.674323
	11.842803	53.674518
	11.842828	53.674534
	11.843364	53.674881
	11.84353	53.675049
	11.843659	53.675224
	11.843755	53.675374
	11.843808	53.675682
	11.843876	53.676093
	11.843911	53.676448
	11.843986	53.677088
	11.844051	53.677597
	11.843403	53.678238
	11.843208	53.678584
	11.843236	53.678623
	11.843243	53.678632
	11.844038	53.678633
	11.844535	53.678955
	11.845125	53.679339
	11.845629	53.679719
	11.845954	53.679971
	11.846075	53.680253
	11.846437	53.681095
	11.846452	53.681094
	11.846464	53.681128
	11.846565	53.681401
	11.846663	53.681666
	11.846691	53.681719
	11.846818	53.68193
	11.846843	53.681967
	11.847033	53.682212
	11.84705	53.682232
	11.847567	53.682835
	11.847574	53.682842
	11.847601	53.682868
	11.84847	53.683706
	11.849366	53.684563
	11.849401	53.684599
	11.850113	53.685145
	11.850746	53.68563
	11.850778	53.685654
	11.850451	53.685792
	11.850291	53.685804
	11.847901	53.686939
	11.846804	53.687427
	11.846708	53.687407
	11.846126	53.687661
	11.846118	53.687728
	11.84378	53.688744
	11.843683	53.688725
	11.843416	53.688848
	11.843406	53.688914
	11.840788	53.690077
	11.84038	53.690277
	11.840547	53.690467
	11.840454	53.690441
	11.839596	53.690991
	11.8395083	53.6910557
	11.839208	53.691277
	11.839226	53.691343
	11.839012	53.691495
	11.838925	53.691489
	11.837509	53.69251
	11.835733	53.693829
	11.835753	53.693884
	11.83548	53.694064
	11.835378	53.694061
	11.8338877	53.6951585
	11.833348	53.695556
	11.833122	53.695756
	11.833003	53.695964
	11.832902	53.695981
	11.832756	53.696414
	11.830971	53.696639
	11.83081	53.696879
	11.826596	53.697564
	11.826591	53.697402
	11.826916	53.697148
	11.82766	53.696782
	11.827884	53.696608
	11.828256	53.696034
	11.828259	53.695952
	11.827604	53.695271
	11.8274928	53.6951877
	11.826835	53.694695
	11.826084	53.694733
	11.825487	53.694848
	11.825263	53.695003
	11.824795	53.695114
	11.824611	53.695335
	11.82476	53.695354
	11.825275	53.695855
	11.825211	53.695905
	11.824904	53.695791
	11.824794	53.695905
	11.824681	53.695906
	11.824418	53.695834
	11.824262	53.695706
	11.823963	53.69578
	11.823896	53.695969
	11.823576	53.695948
	11.823548	53.695832
	11.823295	53.695731
	11.823239	53.695637
	11.823074	53.695719
	11.822963	53.695682
	11.822829	53.695532
	11.822681	53.695605
	11.822398	53.695511
	11.82263	53.695437
	11.82266	53.695388
	11.822391	53.695299
	11.822375	53.695232
	11.82255	53.695081
	11.82227	53.695012
	11.822224	53.69484
	11.822002	53.694738
	11.821926	53.694751
	11.821905	53.694804
	11.82195	53.695076
	11.821815	53.695193
	11.821623	53.695265
	11.821446	53.695213
	11.821389	53.695145
	11.82146	53.695055
	11.82144	53.694964
	11.820839	53.694883
	11.820589	53.694892
	11.820514	53.694861
	11.820481	53.694754
	11.820306	53.694696
	11.820208	53.694723
	11.820133	53.694859
	11.820017	53.69481
	11.819911	53.694688
	11.819593	53.694877
	11.819493	53.694883
	11.819404	53.69486
	11.819347	53.694765
	11.818822	53.694727
	11.8188	53.694672
	11.819178	53.69458
	11.818887	53.694442
	11.818931	53.69435
	11.819075	53.694285
	11.818783	53.694224
	11.819003	53.694027
	11.818813	53.693862
	11.818894	53.69377
	11.818559	53.693544
	11.818307	53.693541
	11.818141	53.693418
	11.818143	53.693361
	11.818298	53.693232
	11.817934	53.693194
	11.817869	53.693053
	11.817794	53.693021
	11.817715	53.693225
	11.817423	53.693291
	11.817277	53.693125
	11.817149	53.693181
	11.816789	53.693011
	11.816578	53.69321
	11.816381	53.693205
	11.816483	53.69311
	11.816452	53.693082
	11.816147	53.693049
	11.816153	53.692951
	11.816018	53.692883
	11.815631	53.692846
	11.815543	53.692628
	11.815391	53.692579
	11.815179	53.692395
	11.815119	53.692242
	11.815318	53.692165
	11.815347	53.692088
	11.814843	53.692122
	11.814781	53.692087
	11.814871	53.691989
	11.814831	53.691949
	11.814278	53.691894
	11.814095	53.691809
	11.811339	53.691738
	11.810867	53.691651
	11.810752	53.691676
	11.808312	53.691565
	11.806185	53.691426
	11.805493	53.691347
	11.802368	53.690828
	11.802389	53.688535
	11.800279	53.688528
	11.798947	53.68799
	11.794705	53.685936
	11.7942924	53.6828639
	11.794274	53.682727
	11.793066	53.68253
	11.792415	53.682289
	11.790075	53.683903
	11.766378	53.686923
END
END
