6548782
1
	12.1243871	50.0628985
	12.1244555	50.062799
	12.1251003	50.0621004
	12.1257225	50.0614857
	12.1264226	50.0608555
	12.1266539	50.0606368
	12.1269631	50.0603062
	12.1274123	50.0599437
	12.127755	50.0596617
	12.1287293	50.0588985
	12.129091	50.0586531
	12.12926	50.0585239
	12.1293391	50.0585291
	12.1294411	50.0585308
	12.1295597	50.0585239
	12.1296751	50.0585033
	12.1297998	50.0584641
	12.1299051	50.0584275
	12.1300271	50.0583617
	12.1300741	50.0583173
	12.130121	50.0582725
	12.1301901	50.0581546
	12.1302766	50.0581154
	12.1303839	50.0580607
	12.130573	50.0579195
	12.130872	50.057675
	12.1313173	50.0572979
	12.1319235	50.0568226
	12.1315426	50.0568415
	12.1309659	50.0566831
	12.1290294	50.0561493
	12.129083	50.0559271
	12.1291849	50.0556757
	12.1293787	50.0550161
	12.1293848	50.0549748
	12.129374	50.0549434
	12.1293506	50.0549218
	12.1293103	50.0548999
	12.1292741	50.0548723
	12.1292708	50.0548349
	12.1292553	50.054614
	12.1291561	50.0542472
	12.1290032	50.0537013
	12.1289818	50.0534912
	12.1289844	50.0532139
	12.1290327	50.0529091
	12.1290917	50.0526714
	12.1292166	50.0524093
	12.1292415	50.0523667
	12.1293012	50.0522944
	12.1294914	50.0519963
	12.1297569	50.0516346
	12.1298937	50.0514331
	12.1299872	50.0513743
	12.1300654	50.0512928
	12.1302531	50.0511998
	12.1306783	50.0510336
	12.1310958	50.0509484
	12.1312455	50.0508958
	12.1314387	50.0507873
	12.1317458	50.0506108
	12.1319322	50.0504764
	12.1322111	50.0502465
	12.1324016	50.050051
	12.1324807	50.0499494
	12.1326027	50.0497539
	12.13271	50.0495946
	12.132769	50.049406
	12.1327959	50.0492079
	12.1328086	50.0489966
	12.1327838	50.04886
	12.1327489	50.0487369
	12.1326121	50.0485664
	12.1323439	50.0483537
	12.1321937	50.0482322
	12.1318933	50.0480161
	12.1316103	50.0478171
	12.1315205	50.0477534
	12.1314226	50.047657
	12.1312918	50.0474961
	12.1311034	50.0472694
	12.1310692	50.0472569
	12.1308888	50.0471454
	12.1307178	50.0470472
	12.1305891	50.0469792
	12.1303732	50.0468914
	12.1302826	50.0468582
	12.1302424	50.0468259
	12.1301468	50.0467458
	12.1300929	50.0467058
	12.1300171	50.0466616
	12.1298451	50.0466061
	12.1297049	50.0465772
	12.1295769	50.04654
	12.1294344	50.046459
	12.1283494	50.0463514
	12.1277339	50.0462937
	12.127123	50.0462347
	12.1266274	50.0461852
	12.1264685	50.0461679
	12.1264786	50.0461059
	12.1264836	50.0459874
	12.1265185	50.0457933
	12.1265373	50.0456745
	12.1265534	50.045553
	12.1265896	50.0453696
	12.1266311	50.0451853
	12.1267854	50.0446918
	12.1268373	50.0445385
	12.1270446	50.0440619
	12.1271291	50.0438237
	12.1274643	50.0429285
	12.127609	50.0424485
	12.127637	50.0422573
	12.1276566	50.0420832
	12.127667	50.0419402
	12.1276818	50.0418342
	12.1277367	50.0413812
	12.1277502	50.0412649
	12.127781	50.0410582
	12.1278186	50.0407998
	12.1279138	50.0402322
	12.1282155	50.0402313
	12.1286836	50.0402227
	12.1297632	50.0401956
	12.1298329	50.0400772
	12.1298892	50.0400173
	12.1300729	50.039839
	12.1301789	50.0397344
	12.1302701	50.0396702
	12.1303848	50.0395879
	12.1305799	50.0394798
	12.130946	50.0393756
	12.1312303	50.0392628
	12.1313611	50.0391801
	12.1314375	50.0390703
	12.1315622	50.0388239
	12.1317037	50.0385651
	12.1318606	50.0384031
	12.1319297	50.0383579
	12.1320846	50.0382705
	12.1323126	50.0381529
	12.1334133	50.0374716
	12.1334535	50.0373484
	12.1334901	50.0371562
	12.1335424	50.036915
	12.133706	50.0367315
	12.1339769	50.0364361
	12.1343336	50.0360433
	12.1344235	50.0358185
	12.1345281	50.0356479
	12.1346931	50.0354877
	12.1349707	50.0352301
	12.1350558	50.0351453
	12.1351189	50.0350884
	12.1353482	50.0351259
	12.1356238	50.0352155
	12.1358109	50.0352741
	12.1359886	50.0353145
	12.136179	50.0353391
	12.1363567	50.0353675
	12.1365357	50.0353529
	12.136694	50.0353064
	12.1367379	50.0352514
	12.1367523	50.035226
	12.1368009	50.0351362
	12.1368613	50.0349123
	12.1368318	50.0347305
	12.137041	50.0344281
	12.1369619	50.0343239
	12.1370316	50.0343351
	12.1372462	50.0342929
	12.1380374	50.0344324
	12.1387201	50.0345444
	12.1391613	50.0346099
	12.139917	50.0334645
	12.1393571	50.0334709
	12.1390426	50.0334544
	12.1389007	50.0334378
	12.138795	50.0334255
	12.1385243	50.0333674
	12.1383501	50.0333212
	12.1382628	50.033294
	12.1382487	50.0332897
	12.1383481	50.0331469
	12.1393699	50.0318359
	12.1387937	50.0316367
	12.136026	50.0305878
	12.1360662	50.0304721
	12.1362502	50.0298845
	12.1363242	50.0296631
	12.1363887	50.0295125
	12.1365255	50.0292562
	12.1366791	50.0290624
	12.1368326	50.0289209
	12.1371342	50.0286644
	12.13722	50.0285981
	12.1376197	50.0283034
	12.1376183	50.0282328
	12.137007	50.0280248
	12.1357306	50.0275964
	12.1352317	50.0274138
	12.1349567	50.027316
	12.1347001	50.0272277
	12.1344485	50.0271562
	12.1342292	50.027089
	12.1341212	50.0270373
	12.1340321	50.0269722
	12.1336539	50.0268973
	12.1333756	50.0268439
	12.1331986	50.0268098
	12.133161	50.0267616
	12.1331322	50.0267176
	12.1330839	50.026656
	12.1329766	50.0265578
	12.1328298	50.0264686
	12.1327198	50.0264312
	12.1327029	50.0264199
	12.132613	50.0264255
	12.1325332	50.0264276
	12.1324373	50.0264323
	12.1323662	50.0264384
	12.1322918	50.0264242
	12.1321879	50.0264578
	12.1318781	50.0265512
	12.1317936	50.0265973
	12.1318358	50.026394
	12.1318432	50.0263514
	12.1318741	50.026279
	12.1319277	50.0261485
	12.1319572	50.0260713
	12.1318908	50.0260511
	12.1319123	50.0260046
	12.1319659	50.0259684
	12.1320645	50.0259421
	12.132153	50.025943
	12.1322321	50.0259417
	12.1322737	50.0259197
	12.1323092	50.0258934
	12.1324045	50.025834
	12.1325543	50.025758
	12.1325415	50.0255292
	12.1325731	50.025491
	12.1326214	50.0254611
	12.1326964	50.0254492
	12.1333885	50.025494
	12.1339091	50.0256072
	12.1339639	50.0256089
	12.1340632	50.0255869
	12.1341092	50.025544
	12.1342758	50.0253705
	12.1346985	50.0251859
	12.1347538	50.0251508
	12.1348067	50.025106
	12.1348595	50.0250419
	12.1350036	50.0247598
	12.1350388	50.0247391
	12.1351065	50.0247266
	12.1352648	50.0247128
	12.1353051	50.0246938
	12.1353455	50.0246601
	12.1353631	50.024633
	12.1354143	50.0242799
	12.1354369	50.0242205
	12.13549	50.0241113
	12.1355606	50.0240312
	12.1356008	50.0240121
	12.135661	50.024014
	12.1357918	50.0240388
	12.1360581	50.0241415
	12.1361131	50.0241789
	12.136251	50.0243019
	12.1363464	50.0243539
	12.1364167	50.0243785
	12.1364996	50.024382
	12.1365826	50.0243647
	12.1366832	50.024317
	12.1368699	50.0242526
	12.1370911	50.0242352
	12.1374155	50.0241436
	12.1374885	50.0241311
	12.1376588	50.0241408
	12.1377473	50.0241458
	12.1378268	50.024162
	12.1380538	50.0242016
	12.1381139	50.0242043
	12.138241	50.0241532
	12.1382804	50.0241426
	12.138299	50.024152
	12.1383313	50.0241785
	12.1383466	50.0242354
	12.1383457	50.0242845
	12.1382946	50.024372
	12.1382417	50.0244817
	12.1382536	50.0245228
	12.1382829	50.0245399
	12.1383196	50.0245445
	12.1383847	50.0245411
	12.1384934	50.0245268
	12.1385755	50.0244991
	12.1387524	50.0243709
	12.1387899	50.0243587
	12.138814	50.024362
	12.1390568	50.0244412
	12.1391365	50.0244514
	12.1392245	50.0244428
	12.1393211	50.0244249
	12.1394049	50.0243975
	12.1395509	50.0243361
	12.1399231	50.0243917
	12.1399433	50.024406
	12.1399457	50.0244358
	12.1399269	50.0245313
	12.1399534	50.0245644
	12.1399981	50.0245837
	12.1402976	50.0246492
	12.1403477	50.0246496
	12.1403803	50.024639
	12.1403966	50.0245733
	12.1404182	50.0245437
	12.1404429	50.024522
	12.1404816	50.0244989
	12.1405933	50.0244589
	12.1406144	50.0244515
	12.1407046	50.0243551
	12.1407442	50.0243413
	12.1407985	50.0243324
	12.1408775	50.0243348
	12.1410275	50.0243551
	12.1410516	50.0243583
	12.1412141	50.0244
	12.141347	50.024449
	12.1414942	50.0245241
	12.1415106	50.0245692
	12.1414996	50.0246058
	12.141483	50.0246342
	12.1413379	50.0247291
	12.1411352	50.0248486
	12.1410872	50.0249005
	12.1410762	50.0249372
	12.1411054	50.0249825
	12.1411828	50.0250614
	12.1412685	50.0251151
	12.1413799	50.025185
	12.1414346	50.0252019
	12.1415171	50.0252098
	12.1416204	50.0252069
	12.1417169	50.0251846
	12.1419971	50.0250938
	12.1421006	50.0250684
	12.1421745	50.0250602
	12.1422282	50.0250675
	12.1422734	50.0250858
	12.1423086	50.0251084
	12.1423339	50.0251678
	12.1423152	50.0251856
	12.1421626	50.0252647
	12.1421425	50.0253059
	12.1421355	50.0253586
	12.1421546	50.0253812
	12.1425868	50.0254968
	12.1430195	50.0255995
	12.1431362	50.02562
	12.1432202	50.025615
	12.1432725	50.0255987
	12.1433213	50.0255712
	12.1433509	50.0255293
	12.1433306	50.0252849
	12.1433489	50.0252606
	12.1433912	50.0252461
	12.1434345	50.0252459
	12.1434825	50.0252668
	12.1435468	50.0253035
	12.1436542	50.0253967
	12.1439068	50.0257355
	12.1440647	50.0258571
	12.1440783	50.0259121
	12.1440931	50.0260336
	12.1440734	50.0261736
	12.1440895	50.026222
	12.1441685	50.0263843
	12.1442755	50.0264805
	12.1443464	50.0265313
	12.1447182	50.0268995
	12.1447801	50.0269411
	12.1448642	50.0269666
	12.1449583	50.0269809
	12.1451153	50.0269855
	12.1451756	50.0269981
	12.1452208	50.0270221
	12.1452516	50.0270527
	12.1452938	50.0271055
	12.1453287	50.0271271
	12.1455812	50.0275
	12.1456428	50.0275546
	12.1457052	50.0275737
	12.1458013	50.027596
	12.1458877	50.0276328
	12.1459306	50.0276568
	12.145938	50.0276703
	12.1459561	50.0277032
	12.1459888	50.0277768
	12.1461697	50.0281549
	12.1462057	50.0281852
	12.1462736	50.028204
	12.1463828	50.0282084
	12.146491	50.0281952
	12.1465591	50.0281758
	12.1466119	50.0281437
	12.146881	50.0278489
	12.1473279	50.0275933
	12.1474061	50.0275376
	12.1475673	50.0274499
	12.1477371	50.0273705
	12.1477818	50.0273484
	12.148072	50.0272067
	12.1484022	50.0270352
	12.148613	50.0269504
	12.1487453	50.0268919
	12.1488265	50.0268673
	12.1488785	50.0268439
	12.1489601	50.0268089
	12.1490552	50.0267506
	12.1493859	50.0265205
	12.1496693	50.0263151
	12.1497375	50.0262766
	12.1498376	50.0262057
	12.1500768	50.0260613
	12.1502492	50.0259662
	12.1503401	50.0259206
	12.1504122	50.0258751
	12.1504787	50.0258321
	12.1507119	50.0257339
	12.150749	50.0257057
	12.1507949	50.0256866
	12.1508769	50.0256101
	12.1509534	50.0255013
	12.1509447	50.0254466
	12.1509174	50.0253897
	12.1505599	50.0252731
	12.1504873	50.0252323
	12.1504439	50.0251795
	12.1504354	50.0251282
	12.1504483	50.0250908
	12.1505016	50.0250689
	12.150592	50.0250142
	12.1507251	50.0249587
	12.1510609	50.0248259
	12.1511596	50.0248003
	12.1515283	50.0247495
	12.1515951	50.0247291
	12.1516641	50.0246941
	12.151821	50.0245919
	12.1518745	50.0245777
	12.1519626	50.0245664
	12.1520296	50.0245724
	12.1522474	50.0246081
	12.1523225	50.0246277
	12.1524338	50.0246734
	12.152528	50.0247147
	12.1527037	50.024788
	12.1527812	50.0247197
	12.1529045	50.0245978
	12.153044	50.0244593
	12.1531168	50.0243279
	12.1532972	50.0240336
	12.1535312	50.0236373
	12.1535473	50.0236166
	12.1536311	50.0236485
	12.1537484	50.0237075
	12.1541769	50.0239268
	12.1543519	50.023779
	12.1543828	50.0237472
	12.154482	50.0236239
	12.154656	50.0234116
	12.1551331	50.0228284
	12.1555878	50.0222718
	12.1562409	50.0224786
	12.1564112	50.0225217
	12.1565668	50.0225372
	12.1567076	50.0224321
	12.1567981	50.0223705
	12.1568779	50.0223095
	12.1569537	50.0222779
	12.1570978	50.0222178
	12.1573386	50.0221417
	12.1575176	50.0220887
	12.1578911	50.0220069
	12.1582908	50.0219203
	12.1587246	50.0218242
	12.1589331	50.0217467
	12.1589196	50.0220622
	12.1590034	50.0220489
	12.1591623	50.022028
	12.1592844	50.0220131
	12.159629	50.0220056
	12.1601018	50.0220267
	12.1602942	50.0220198
	12.1603264	50.0219168
	12.1603304	50.0218841
	12.1603529	50.0217965
	12.1603271	50.0216644
	12.1602768	50.0215674
	12.1603794	50.0214421
	12.1604115	50.0214128
	12.160488	50.0213964
	12.1605483	50.0213852
	12.1605926	50.0213804
	12.160718	50.021383
	12.1609393	50.0213852
	12.1610016	50.0213873
	12.1610727	50.0213964
	12.1611807	50.0214205
	12.1612705	50.021452
	12.1614858	50.0215868
	12.1616494	50.0216868
	12.1624541	50.0211734
	12.1627235	50.0210629
	12.1631373	50.0209132
	12.1632316	50.0208738
	12.1633442	50.0208217
	12.163645	50.0206294
	12.164255	50.020229
	12.1649215	50.0199108
	12.1660116	50.0194829
	12.1668434	50.0191847
	12.1669816	50.0190972
	12.167171	50.0188537
	12.1672407	50.0187594
	12.1673014	50.0187007
	12.1674556	50.018566
	12.1676764	50.0183879
	12.1679606	50.0182141
	12.1682189	50.0181061
	12.1663904	50.0170258
	12.1666474	50.0167115
	12.1667786	50.0166436
	12.1670042	50.0165724
	12.1674048	50.0163469
	12.1673145	50.0162544
	12.1669924	50.0159252
	12.1687052	50.0160863
	12.1695731	50.0161513
	12.1696628	50.0161577
	12.170209	50.0160853
	12.1705773	50.0159023
	12.1710448	50.0158419
	12.1720325	50.0163396
	12.17214	50.0160954
	12.1725629	50.0158601
	12.1723623	50.0156699
	12.1741976	50.0155065
	12.1742903	50.0155311
	12.1744619	50.0155767
	12.1746812	50.0157994
	12.1747502	50.0160475
	12.1748461	50.015694
	12.1748606	50.015609
	12.1748897	50.0153324
	12.1749277	50.0150353
	12.1749486	50.0149394
	12.1749827	50.0148205
	12.175122	50.0144321
	12.1751787	50.0143264
	12.1752536	50.0141627
	12.175273	50.0141241
	12.1753156	50.013921
	12.1754758	50.0134663
	12.1756634	50.0130832
	12.1758206	50.0127463
	12.175914	50.0125144
	12.1759509	50.0123006
	12.1759448	50.0121631
	12.1759242	50.0119347
	12.1758693	50.0115887
	12.1758471	50.0115061
	12.1758118	50.0114473
	12.1756999	50.0113151
	12.1756444	50.0112308
	12.1755895	50.0110843
	12.1743528	50.0112477
	12.1738287	50.0102249
	12.1753752	50.0096593
	12.1753549	50.0096163
	12.1752861	50.0095567
	12.1737009	50.0087709
	12.1734363	50.0086482
	12.1730984	50.0084979
	12.1728817	50.0083678
	12.1726405	50.0082112
	12.1725202	50.0081435
	12.1723526	50.0080659
	12.1722009	50.0080164
	12.1718362	50.0079178
	12.1713517	50.0077535
	12.1711746	50.0077035
	12.1712789	50.0076183
	12.1714389	50.0074625
	12.1716622	50.0071956
	12.1714682	50.0071323
	12.1712191	50.0070334
	12.1708926	50.0068938
	12.1708017	50.0068469
	12.1707336	50.0068179
	12.1706305	50.0067338
	12.1705515	50.0063648
	12.1704708	50.006269
	12.170393	50.0061705
	12.1703784	50.0060291
	12.1701258	50.0058331
	12.1703333	50.0056455
	12.1704511	50.0054856
	12.1706328	50.0052964
	12.1709028	50.0051537
	12.1718454	50.0047737
	12.172979	50.0043423
	12.1737526	50.0040599
	12.173185	50.002486
	12.171829	50.0025231
	12.1725086	50.0015449
	12.1728324	50.0014086
	12.1737026	50.0013784
	12.174783	50.0013378
	12.1746538	50.0006963
	12.1744001	50.0006057
	12.1741749	50.0005439
	12.173737	50.0004391
	12.1734932	50.0004053
	12.1732576	50.0003868
	12.1730441	50.0003867
	12.1728876	50.0004009
	12.1727062	50.0004352
	12.1726178	50.0004506
	12.1724037	50.0005244
	12.1721227	50.0005656
	12.17119	50.0006351
	12.1708208	50.0001589
	12.1707739	49.9998246
	12.1699588	49.9996757
	12.1693828	49.9996506
	12.1685687	49.999638
	12.168208	49.9995561
	12.1666134	49.9990673
	12.1669136	49.9988771
	12.1670665	49.9987792
	12.1678354	49.9985808
	12.169526	49.997761
	12.1707944	49.9979512
	12.1719416	49.9981787
	12.1720628	49.9982103
	12.1721983	49.9979832
	12.1722464	49.9978938
	12.1723691	49.9979171
	12.1724034	49.9979247
	12.1745868	49.9975867
	12.1763964	49.9980222
	12.1811008	49.9988859
	12.1846171	49.9995318
	12.1854005	49.9996683
	12.1885904	50.0002399
	12.1892203	50.0003456
	12.1919541	50.0008233
	12.1920503	50.0008172
	12.1923158	50.0007978
	12.1925928	50.0007819
	12.1921493	50.0002501
	12.1917974	49.9998425
	12.1917533	49.9997973
	12.191388	49.9994048
	12.1909231	49.9989026
	12.1908785	49.9988567
	12.1914535	49.9985022
	12.1920074	49.9981643
	12.1927799	49.9976945
	12.1930204	49.997554
	12.1933999	49.9977949
	12.1935456	49.9978528
	12.1936571	49.9978663
	12.1938428	49.9978465
	12.1939417	49.9978109
	12.1941797	49.9976747
	12.1943158	49.9976247
	12.1944521	49.9975743
	12.1945961	49.9975037
	12.1947236	49.9975735
	12.1948149	49.9976501
	12.1948512	49.997682
	12.1948684	49.9976936
	12.1948905	49.9977042
	12.1949158	49.9977321
	12.1949475	49.9977505
	12.1949916	49.9977644
	12.1950579	49.9977859
	12.1951805	49.9978386
	12.1952527	49.997867
	12.1953579	49.9980101
	12.1953994	49.9980797
	12.1955338	49.9981855
	12.1955467	49.9982357
	12.1955973	49.998336
	12.1956702	49.9984405
	12.1957613	49.9985181
	12.1958343	49.9985596
	12.1959182	49.9986123
	12.1959678	49.9986399
	12.1959975	49.9986583
	12.1960791	49.9986782
	12.1961752	49.9986875
	12.1963246	49.9986982
	12.1964591	49.998735
	12.1965172	49.9987678
	12.1965616	49.9987933
	12.1966026	49.9988046
	12.1966417	49.9988037
	12.1966708	49.9987973
	12.196729	49.9987749
	12.1967605	49.9987981
	12.1968006	49.9988048
	12.1968748	49.9988172
	12.1969099	49.9988436
	12.1969412	49.9988599
	12.1969736	49.9988673
	12.1970629	49.9988942
	12.1971852	49.9989295
	12.197413	49.9989952
	12.1977246	49.9990683
	12.1977634	49.9990728
	12.198195	49.9990571
	12.198185	49.9990978
	12.1980665	49.9992746
	12.1979855	49.999388
	12.1978672	49.999536
	12.1977566	49.9996856
	12.1976984	49.9997573
	12.1975072	50.0000237
	12.1974399	50.0001146
	12.1973945	50.0001557
	12.1972707	50.0002631
	12.1972586	50.000277
	12.19716	50.0003903
	12.1971419	50.0004176
	12.1971084	50.0004875
	12.1970247	50.0006578
	12.1969661	50.0007751
	12.1968939	50.0008966
	12.1968501	50.0009325
	12.1968072	50.0009526
	12.1967405	50.0009711
	12.1965786	50.0010118
	12.1962227	50.0010944
	12.195998	50.0011525
	12.1956016	50.00129
	12.195419	50.001355
	12.1953413	50.0013826
	12.1951243	50.0014644
	12.1946999	50.0016247
	12.1945339	50.0016864
	12.1942881	50.0017234
	12.1938228	50.0019182
	12.1935789	50.0020309
	12.1934174	50.0021061
	12.1934502	50.0021897
	12.1934858	50.002266
	12.1935689	50.0024772
	12.1936755	50.0027272
	12.1937862	50.0029944
	12.1938888	50.0032362
	12.1936021	50.0032912
	12.1932933	50.003295
	12.1933617	50.0034485
	12.1934405	50.0035853
	12.1935582	50.0037726
	12.1937238	50.0039809
	12.1938043	50.0040611
	12.1939304	50.0041801
	12.1941852	50.0043852
	12.1943541	50.0045128
	12.1945137	50.0046231
	12.1946653	50.0047257
	12.1948705	50.0048593
	12.195128	50.0050248
	12.1953372	50.0051558
	12.1954575	50.0052266
	12.1955927	50.0053009
	12.1958273	50.0054287
	12.1958884	50.0054645
	12.1960674	50.0055378
	12.1962156	50.0055959
	12.196457	50.0056545
	12.1965945	50.0056839
	12.1967581	50.0057132
	12.19687	50.0057268
	12.1971094	50.0057537
	12.1975694	50.0057863
	12.1980952	50.0058225
	12.1985421	50.0058542
	12.1979418	50.0067716
	12.1978571	50.0068662
	12.198237	50.0070099
	12.1985763	50.0071397
	12.1989981	50.007303
	12.1991704	50.0073659
	12.1994044	50.0074517
	12.199967	50.0076508
	12.2001848	50.0077267
	12.2006597	50.0078964
	12.2008005	50.0079481
	12.1993739	50.008309
	12.199447	50.0084039
	12.1995662	50.0085829
	12.1996628	50.0087671
	12.1998304	50.0091082
	12.1998985	50.0092841
	12.2000106	50.0095459
	12.2000837	50.0097022
	12.2002899	50.010084
	12.2003464	50.0102033
	12.2004126	50.01041
	12.2004743	50.010763
	12.2004694	50.0108772
	12.200455	50.0109786
	12.2003898	50.0111877
	12.2003688	50.0112422
	12.2003182	50.0113734
	12.2002544	50.0115084
	12.2001812	50.0116188
	12.2001154	50.0117352
	12.1999302	50.0119865
	12.1998246	50.012143
	12.199458	50.0126674
	12.199297	50.0128693
	12.1991597	50.013051
	12.1990847	50.0131992
	12.1990173	50.0133012
	12.1989819	50.0133839
	12.1989507	50.0134925
	12.1989219	50.0136053
	12.198885	50.0138127
	12.1988741	50.0139039
	12.1989057	50.0141124
	12.1989515	50.0143944
	12.1989925	50.0145121
	12.1990069	50.0145536
	12.199124	50.0147891
	12.1992631	50.0149936
	12.1997251	50.0155367
	12.2000638	50.015859
	12.2004885	50.0162215
	12.2009064	50.0165911
	12.2013108	50.0169246
	12.2011103	50.0170054
	12.2009092	50.0170863
	12.2006388	50.0172013
	12.2004509	50.017361
	12.2003386	50.0174822
	12.200257	50.0175701
	12.2001503	50.0177305
	12.2001286	50.0179122
	12.2001425	50.0181167
	12.2001986	50.0183035
	12.2002562	50.0184452
	12.2004209	50.0187234
	12.2004832	50.018909
	12.200504	50.0191701
	12.2004454	50.0194592
	12.2004061	50.01952
	12.2003388	50.0195939
	12.2002897	50.0197005
	12.200258	50.0197513
	12.200249	50.019789
	12.200239	50.0198309
	12.2002452	50.0199007
	12.2002675	50.019972
	12.2002873	50.0201959
	12.2002627	50.0203364
	12.2001934	50.020663
	12.2001313	50.0208026
	12.2000024	50.0210202
	12.1998753	50.0211461
	12.1998705	50.0211533
	12.1998469	50.0211744
	12.199838	50.0211795
	12.1996407	50.0213387
	12.1995061	50.0214333
	12.1993287	50.0215504
	12.1992021	50.0216248
	12.1990597	50.0217996
	12.1985707	50.0221966
	12.1983693	50.022354
	12.198264	50.0224167
	12.1978442	50.0226757
	12.1976584	50.0228191
	12.1973533	50.0230466
	12.1972355	50.0231301
	12.1971498	50.0232095
	12.1971449	50.0232141
	12.1971522	50.0234695
	12.1972893	50.0235741
	12.1974154	50.0236645
	12.1979544	50.0240363
	12.1980736	50.0241195
	12.1981942	50.0242114
	12.1982365	50.0248017
	12.1980631	50.0247871
	12.1978903	50.0247694
	12.1977438	50.0247464
	12.1974863	50.0246927
	12.1974999	50.0247862
	12.1975145	50.0248229
	12.1974551	50.025626
	12.1975477	50.0262393
	12.197619	50.0265332
	12.1976968	50.0266779
	12.197777	50.0268063
	12.1978234	50.0268971
	12.1978264	50.027413
	12.1978133	50.0278362
	12.1977831	50.0288171
	12.1977143	50.0291705
	12.1977053	50.0291935
	12.1976969	50.0293619
	12.1977965	50.0303784
	12.1978012	50.0304253
	12.1979232	50.0316688
	12.1980356	50.0324686
	12.1980379	50.0324963
	12.1980532	50.0326756
	12.1980777	50.0330369
	12.1981366	50.0330714
	12.1982588	50.0331299
	12.1983707	50.0331846
	12.1987105	50.0332182
	12.199025	50.033256
	12.1990743	50.0331762
	12.1991811	50.0330436
	12.1992798	50.0329514
	12.1993416	50.0329003
	12.1994532	50.0328079
	12.1995601	50.0327289
	12.1996539	50.0326661
	12.1996927	50.0326424
	12.1998347	50.0325558
	12.2005902	50.0327299
	12.2010299	50.0328313
	12.2011573	50.0328628
	12.2023863	50.033191
	12.2028552	50.0333264
	12.2030953	50.0334056
	12.2033029	50.0334934
	12.2040473	50.033884
	12.2040932	50.0339081
	12.2039194	50.0347588
	12.2038903	50.0348825
	12.2045435	50.0348044
	12.2051313	50.0347567
	12.2058051	50.0347038
	12.2063368	50.0346431
	12.2077964	50.0345342
	12.2082089	50.0345085
	12.2086885	50.0344379
	12.208738	50.0344373
	12.2105978	50.0345266
	12.2125647	50.0346807
	12.2137005	50.0347062
	12.215103	50.0347764
	12.2160165	50.0348016
	12.2163083	50.0348346
	12.2166474	50.0349308
	12.2167352	50.0349408
	12.2180305	50.0350984
	12.2191772	50.0352155
	12.2193695	50.0352461
	12.2195513	50.0352717
	12.2195733	50.0352135
	12.2196171	50.0350952
	12.2196687	50.0350252
	12.2197104	50.0349689
	12.2198011	50.0348145
	12.2198502	50.0347076
	12.2198728	50.0346577
	12.2198852	50.0346374
	12.2198984	50.034585
	12.2199035	50.0345254
	12.2198912	50.0343771
	12.2199226	50.0342941
	12.2199642	50.0342251
	12.2200278	50.034176
	12.2200786	50.0341395
	12.2201128	50.034128
	12.2201257	50.0341171
	12.2201439	50.0341074
	12.2201892	50.0340962
	12.2203898	50.0339849
	12.2205387	50.0339021
	12.2206556	50.0339417
	12.2209799	50.0341275
	12.2211592	50.0341773
	12.2228648	50.034318
	12.2233885	50.0344314
	12.2236984	50.034612
	12.2239413	50.0347833
	12.2241056	50.0348912
	12.2242674	50.0349369
	12.2248685	50.0348835
	12.2250353	50.0348875
	12.2256206	50.0349052
	12.2256761	50.0349128
	12.226323	50.034959
	12.2265887	50.0349755
	12.2273261	50.0350213
	12.2280638	50.0351554
	12.2291007	50.0353816
	12.2299454	50.035666
	12.2305067	50.0359027
	12.2306197	50.0359504
	12.231414	50.0360832
	12.2322668	50.0362859
	12.2326319	50.0363365
	12.2332837	50.0364395
	12.2343593	50.0365719
	12.2347902	50.036644
	12.2350008	50.036742
	12.2352923	50.0368884
	12.2354091	50.0369538
	12.2354858	50.0369909
	12.2355715	50.0370297
	12.2358101	50.0371143
	12.2376066	50.0363755
	12.238368	50.0360875
	12.2385626	50.0360149
	12.2390314	50.0358829
	12.2406069	50.0354239
	12.2407358	50.0354071
	12.2408598	50.035408
	12.2409113	50.0354167
	12.2410102	50.0354334
	12.2411395	50.0356025
	12.2413007	50.0358185
	12.2414934	50.0359308
	12.2416634	50.036016
	12.2418513	50.0361015
	12.2424983	50.0363685
	12.2429614	50.0365666
	12.2430633	50.0366162
	12.2433057	50.0367436
	12.2434072	50.0368272
	12.2434895	50.0369206
	12.2439321	50.037641
	12.2440717	50.0379007
	12.2442271	50.0382241
	12.2442411	50.0382566
	12.2432236	50.0390828
	12.2422495	50.0405161
	12.2420486	50.0409049
	12.2417936	50.0414771
	12.2405353	50.0417756
	12.238652	50.0420772
	12.2367687	50.0424175
	12.2345888	50.0429731
	12.2326673	50.0434317
	12.2320786	50.0435843
	12.2315778	50.043693
	12.2310496	50.0438172
	12.2307146	50.0438726
	12.2304675	50.0439157
	12.230413	50.0441787
	12.2303843	50.0443123
	12.2302463	50.0445475
	12.2298826	50.0450787
	12.2298355	50.0451458
	12.2296459	50.0453743
	12.2297548	50.045597
	12.2298076	50.0456335
	12.229864	50.0456581
	12.2299796	50.0457161
	12.2310714	50.0461054
	12.2309257	50.0468547
	12.2309085	50.046957
	12.2323068	50.0469131
	12.2327493	50.046917
	12.2336296	50.0469594
	12.2340406	50.0470255
	12.234086	50.0470305
	12.2343017	50.0470557
	12.234286	50.0472235
	12.2342903	50.047368
	12.234311	50.0474722
	12.2343774	50.0476617
	12.2344818	50.0479018
	12.2346084	50.0481225
	12.2346522	50.0481889
	12.234659	50.0481965
	12.2346685	50.0482137
	12.2346703	50.0482222
	12.2346873	50.0482605
	12.2346914	50.0482781
	12.234698	50.0484381
	12.2346968	50.0485178
	12.234694	50.0485258
	12.2346862	50.0485475
	12.2346658	50.0485751
	12.2346369	50.0485992
	12.2345523	50.0486447
	12.2345049	50.0486597
	12.2344368	50.0486691
	12.2339597	50.0487353
	12.2328357	50.0489798
	12.2325367	50.0490191
	12.2321432	50.0490829
	12.2318325	50.0491519
	12.23117	50.0494328
	12.2309356	50.0495598
	12.230739	50.0496813
	12.2304984	50.0498796
	12.2293796	50.0505036
	12.2284924	50.0510231
	12.2280705	50.0512486
	12.2276632	50.0514802
	12.225824	50.0525415
	12.2273313	50.0532258
	12.2298831	50.054389
	12.2310993	50.0549282
	12.2317183	50.0552201
	12.2318564	50.0552899
	12.2355458	50.0569226
	12.2357198	50.057012
	12.2358402	50.0570677
	12.2357105	50.0571689
	12.2357054	50.0571777
	12.2335874	50.0605599
	12.23273	50.0619055
	12.2326707	50.0620052
	12.2323705	50.0625133
	12.2315421	50.0638114
	12.231472	50.0639489
	12.231383	50.0639437
	12.2312681	50.0639353
	12.2305195	50.0638871
	12.2292321	50.0637914
	12.2283213	50.0637129
	12.228258	50.0637111
	12.2282165	50.06381
	12.2280408	50.0641033
	12.2275641	50.0648933
	12.2270248	50.0657781
	12.2262367	50.0670876
	12.2252104	50.0687958
	12.2251474	50.0688947
	12.2248682	50.0693572
	12.2247939	50.0694813
	12.2232822	50.0719955
	12.2231144	50.0719202
	12.222911	50.0717984
	12.222705	50.071691
	12.2222553	50.0714394
	12.2217096	50.0711377
	12.2214421	50.0709889
	12.2212006	50.071151
	12.2209765	50.0713008
	12.2214706	50.0716166
	12.2211593	50.0718225
	12.2207148	50.0721187
	12.2203663	50.0723509
	12.2202685	50.0724177
	12.220224	50.0725757
	12.2201985	50.0726485
	12.2201608	50.0726886
	12.220232	50.0727802
	12.2202717	50.0728838
	12.2202468	50.0730597
	12.2201375	50.0732474
	12.2200766	50.0733717
	12.2200769	50.0734657
	12.2201103	50.0735738
	12.2201639	50.0736254
	12.2203254	50.0737431
	12.2204925	50.0737951
	12.2206501	50.073861
	12.2208661	50.0739951
	12.2209876	50.0741432
	12.2211024	50.0743238
	12.2211497	50.0744218
	12.2211624	50.0745022
	12.2211474	50.0746498
	12.2208972	50.0750004
	12.2208597	50.0750531
	12.2207952	50.0751436
	12.220738	50.0752172
	12.2206672	50.0752521
	12.2203332	50.075576
	12.2202216	50.0756981
	12.2199632	50.07597
	12.2198469	50.0760984
	12.2198254	50.0761162
	12.2196743	50.0762743
	12.2194446	50.0764637
	12.2180272	50.0774868
	12.2178298	50.07763
	12.2177725	50.0777206
	12.2150952	50.076581
	12.2149839	50.0769691
	12.214776	50.077711
	12.2146245	50.0782532
	12.2144729	50.078823
	12.2150315	50.0788802
	12.2150302	50.0789219
	12.21497	50.0791326
	12.2133393	50.0790632
	12.2122621	50.0790188
	12.212004	50.0790163
	12.2115644	50.0790027
	12.2100257	50.0789108
	12.2099942	50.0789099
	12.2092507	50.078901
	12.2071072	50.0789196
	12.2063134	50.0789243
	12.206074	50.0789237
	12.2058243	50.0789179
	12.2056413	50.0789014
	12.2054872	50.078881
	12.2053592	50.0788596
	12.2051996	50.0788204
	12.2050708	50.0787834
	12.204884	50.0787147
	12.2043956	50.0785208
	12.2032242	50.0780218
	12.2026932	50.0778001
	12.201687	50.0773816
	12.2011078	50.0771547
	12.2006569	50.0769991
	12.2003132	50.0768987
	12.1999775	50.0768172
	12.1997195	50.0767631
	12.1993266	50.0767199
	12.1990958	50.0767129
	12.1989141	50.0767163
	12.1987463	50.0767215
	12.1984924	50.0767548
	12.1984415	50.0767654
	12.1983675	50.0767027
	12.1982686	50.0766478
	12.1981429	50.0765925
	12.1979971	50.0765553
	12.1977347	50.0765021
	12.1974056	50.0764419
	12.1973297	50.0764148
	12.1972488	50.0763795
	12.1971639	50.0763274
	12.1970553	50.076255
	12.1970182	50.0762411
	12.1969986	50.0762374
	12.1969802	50.0762351
	12.1969407	50.0762356
	12.1968993	50.0762382
	12.1968702	50.0762405
	12.1968473	50.0762415
	12.1968111	50.0762481
	12.1967777	50.0762549
	12.1964973	50.0764632
	12.1963275	50.0765915
	12.1961622	50.0767101
	12.1955887	50.0764642
	12.1951002	50.0762759
	12.1946258	50.0760948
	12.1943593	50.0759903
	12.1942166	50.0760682
	12.1938218	50.0759144
	12.1936696	50.0758511
	12.1935018	50.0757882
	12.1929329	50.0755671
	12.1926091	50.0754356
	12.1924306	50.0753617
	12.1922275	50.075279
	12.1919755	50.0751576
	12.1915864	50.0749705
	12.1913082	50.0748296
	12.1910099	50.0746764
	12.190821	50.07458
	12.1907107	50.0745172
	12.1905863	50.0744472
	12.1905196	50.074412
	12.1902378	50.074384
	12.1900551	50.0744148
	12.189867	50.074445
	12.1897577	50.0744502
	12.189575	50.0744593
	12.1895079	50.0744716
	12.1886204	50.0745264
	12.1885636	50.0745278
	12.1875804	50.0745868
	12.186937	50.0746372
	12.186636	50.0746754
	12.1860958	50.0747625
	12.1858243	50.0748092
	12.1850326	50.0749567
	12.1842351	50.0751074
	12.1838203	50.0751835
	12.1840049	50.0758249
	12.1843154	50.076903
	12.1834761	50.077059
	12.1835171	50.0771963
	12.1841068	50.0786807
	12.1841429	50.0787733
	12.1840222	50.0788002
	12.1836148	50.0788781
	12.1822157	50.079182
	12.182112	50.0792018
	12.1818642	50.0792614
	12.1813657	50.0793996
	12.1810633	50.0794895
	12.1806132	50.0796749
	12.1804163	50.0797692
	12.179781	50.080101
	12.1796249	50.0802096
	12.1795326	50.080265
	12.1791334	50.080575
	12.1786695	50.0808323
	12.1783941	50.0809857
	12.1771182	50.0808209
	12.1769209	50.0807846
	12.1770308	50.0804911
	12.1768219	50.0804542
	12.1765011	50.0804314
	12.1763403	50.080065
	12.1762984	50.0799566
	12.1762752	50.0798957
	12.1766301	50.0797357
	12.1767049	50.0797024
	12.1768149	50.0796516
	12.1767562	50.0796049
	12.1766989	50.0795696
	12.1766352	50.0795279
	12.1765788	50.0794858
	12.1764162	50.0793804
	12.1762756	50.079276
	12.1761763	50.0792014
	12.1758893	50.0789977
	12.1757365	50.0789199
	12.1755896	50.0788563
	12.1754029	50.0787751
	12.1752644	50.0787276
	12.1750377	50.0786568
	12.1747837	50.0785816
	12.1745896	50.0785196
	12.1743311	50.0784286
	12.1741483	50.0783626
	12.173918	50.0782903
	12.173696	50.0782264
	12.1735399	50.0782063
	12.1736091	50.0780789
	12.1739376	50.0774429
	12.1739642	50.0773989
	12.1740124	50.0773195
	12.1734119	50.0771426
	12.1728225	50.0769545
	12.1725019	50.0768441
	12.1723517	50.076797
	12.1721747	50.0767402
	12.1715565	50.0765373
	12.1714053	50.0764807
	12.1713395	50.076456
	12.1713003	50.0764498
	12.1712651	50.0764476
	12.171248	50.0764513
	12.1711799	50.076462
	12.1711494	50.0764007
	12.1710789	50.0762376
	12.1708025	50.0756804
	12.1707058	50.0755874
	12.1701	50.0753287
	12.1690692	50.0748717
	12.1690313	50.074849
	12.1690217	50.0748193
	12.1690025	50.0747604
	12.1689526	50.074601
	12.1687837	50.0743329
	12.168769	50.0743226
	12.1687254	50.0742929
	12.1686858	50.0742606
	12.168661	50.0742507
	12.168256	50.0741164
	12.1680475	50.074005
	12.1679697	50.0739723
	12.1678074	50.0738999
	12.167678	50.0738251
	12.1672914	50.0737216
	12.1667711	50.0735907
	12.1659612	50.0733827
	12.1659118	50.07337
	12.1658068	50.0733553
	12.1656137	50.0733045
	12.1652529	50.0732038
	12.1651255	50.0731729
	12.164923	50.0731152
	12.1646119	50.0730713
	12.1644925	50.0730713
	12.1643075	50.0730506
	12.1641345	50.0730067
	12.1639319	50.0729529
	12.1637133	50.0728479
	12.1636718	50.0728105
	12.1636342	50.072755
	12.1637966	50.0725099
	12.1639173	50.0724195
	12.1637001	50.0723186
	12.1636142	50.0725494
	12.1635767	50.0725916
	12.1635579	50.07262
	12.1635324	50.0726459
	12.1633755	50.0728051
	12.1632682	50.0728765
	12.1631261	50.0729643
	12.1627519	50.0731356
	12.1624596	50.0732174
	12.1617729	50.0733517
	12.1614229	50.0734128
	12.1610849	50.0734351
	12.1608784	50.0734283
	12.1605176	50.0734007
	12.1592436	50.073257
	12.1584134	50.0731451
	12.1580084	50.0731132
	12.1578663	50.0731115
	12.1577402	50.0731055
	12.1573714	50.0731115
	12.1571582	50.0731253
	12.1566405	50.0731726
	12.1565252	50.073189
	12.155749	50.0732862
	12.1552342	50.0733561
	12.1549519	50.0733965
	12.1544852	50.0734774
	12.1542639	50.0735411
	12.1541271	50.0735867
	12.1539273	50.0736401
	12.1538039	50.0736728
	12.153712	50.0736879
	12.1534847	50.0737094
	12.1533888	50.0737159
	12.1532453	50.0737146
	12.1530784	50.0736982
	12.1529603	50.073681
	12.1527967	50.073653
	12.1525372	50.0736005
	12.15232	50.0735407
	12.1521751	50.0734938
	12.152045	50.0734589
	12.1517413	50.0733832
	12.1515468	50.0733457
	12.1513121	50.0733152
	12.1511633	50.0733053
	12.1509386	50.0733053
	12.1505403	50.0733135
	12.1498731	50.0733496
	12.1497377	50.073363
	12.1496834	50.0733978
	12.1496693	50.0734538
	12.1496492	50.0735355
	12.1496109	50.073573
	12.1495673	50.07361
	12.149499	50.0736358
	12.1494151	50.0736569
	12.1493407	50.0736691
	12.1492797	50.0736725
	12.1491965	50.0736694
	12.1490664	50.0736543
	12.1489599	50.0736256
	12.1488459	50.0735877
	12.1487077	50.0735309
	12.1485951	50.0734621
	12.1483885	50.0733329
	12.1482524	50.0732439
	12.1481699	50.0731901
	12.1482209	50.0731569
	12.148123	50.0730855
	12.1480513	50.0730351
	12.1479835	50.0729607
	12.1479634	50.0729452
	12.1479225	50.0729361
	12.1478461	50.0729155
	12.1477871	50.072903
	12.1477348	50.0728682
	12.1476389	50.0728544
	12.1474002	50.0728148
	12.1471286	50.0727958
	12.1469744	50.0727903
	12.1468503	50.0727885
	12.1467826	50.0727756
	12.1465985	50.0727419
	12.1463517	50.0727176
	12.1462773	50.0727307
	12.1462552	50.0727286
	12.1463011	50.072709
	12.1463293	50.0726952
	12.1463678	50.0726782
	12.1464255	50.0726574
	12.1465106	50.0726341
	12.1465663	50.0726259
	12.1465857	50.0726195
	12.1465804	50.0725894
	12.1465126	50.0725666
	12.1464315	50.0725399
	12.1462759	50.0725373
	12.1461244	50.0724762
	12.1460828	50.0724904
	12.1460084	50.0724753
	12.1459708	50.0724133
	12.1457992	50.0724047
	12.1456892	50.0723867
	12.1454505	50.072301
	12.1452721	50.0722429
	12.145075	50.0721852
	12.1448571	50.0721495
	12.1446753	50.0721121
	12.1444983	50.0720355
	12.1443099	50.0720023
	12.1441825	50.072023
	12.1440262	50.0719778
	12.1438962	50.071992
	12.1437245	50.0719731
	12.1435206	50.0719524
	12.1434757	50.0719825
	12.1428226	50.0719253
	12.1428742	50.0718134
	12.1425618	50.071729
	12.1428206	50.0710904
	12.1428715	50.0710895
	12.1429182	50.0710826
	12.1429473	50.071071
	12.1430026	50.0710161
	12.1430204	50.0709266
	12.1430338	50.0708616
	12.1430258	50.0707678
	12.1429547	50.07055
	12.142893	50.0701911
	12.1428581	50.0700301
	12.1428139	50.0699432
	12.1427978	50.0698898
	12.1427911	50.0697245
	12.1428139	50.0696324
	12.1428689	50.0695231
	12.1428595	50.069318
	12.1436741	50.0692844
	12.1436836	50.0690881
	12.1425732	50.0689176
	12.140768	50.0686181
	12.1395212	50.0683744
	12.1367581	50.0678833
	12.1366213	50.067864
	12.1368654	50.0674185
	12.1370371	50.0670897
	12.1351064	50.0667281
	12.1347934	50.0666739
	12.1348644	50.0665798
	12.1349356	50.0664927
	12.1347592	50.0664574
	12.1343904	50.0664001
	12.13409	50.0663506
	12.1338935	50.0663097
	12.1338124	50.0662809
	12.1337044	50.0662275
	12.1335683	50.0661104
	12.1324924	50.0651575
	12.1323372	50.0651932
	12.1321796	50.0652315
	12.1321105	50.065191
	12.1320052	50.0651544
	12.1313267	50.0649026
	12.1311764	50.0648407
	12.1308895	50.0647511
	12.1306454	50.0646805
	12.1302229	50.0644834
	12.1301009	50.064455
	12.1295081	50.0642165
	12.1290602	50.0640254
	12.1286485	50.063895
	12.1284835	50.0638463
	12.128344	50.0637934
	12.1280369	50.0637081
	12.1276574	50.0636023
	12.127247	50.0635101
	12.1265309	50.0633578
	12.1259093	50.0632226
	12.125342	50.0631124
	12.1250382	50.0630422
	12.1247391	50.0629643
	12.1245487	50.062926
	12.1243871	50.0628985
END
END
