6548190
1
	11.5026885	53.9085813
	11.5044263	53.9036609
	11.5046093	53.9035349
	11.5053872	53.9034589
	11.5068619	53.9034279
	11.5074179	53.903416
	11.5077508	53.903363
	11.5088826	53.903176
	11.5115152	53.9025701
	11.5117002	53.9025201
	11.5136559	53.9020052
	11.5141288	53.9018832
	11.5149837	53.9014672
	11.5154426	53.9014712
	11.5162825	53.9014822
	11.5172323	53.9014212
	11.5176213	53.9013603
	11.5182154	53.9012634
	11.5183942	53.9012343
	11.5187371	53.9011693
	11.519435	53.9010403
	11.5198159	53.9009673
	11.5242623	53.9006734
	11.5306972	53.9005043
	11.5313931	53.9004104
	11.5335218	53.8999755
	11.532693	53.8986637
	11.5325641	53.8985344
	11.532339	53.8983087
	11.5320311	53.8981447
	11.5309813	53.8975798
	11.5305735	53.8972979
	11.5304633	53.8972218
	11.5301454	53.8969998
	11.5296995	53.8964169
	11.5296299	53.8961962
	11.5295875	53.8960619
	11.5294777	53.8957108
	11.5293715	53.895371
	11.5290936	53.8946081
	11.5282448	53.8934452
	11.5278388	53.8927273
	11.5275519	53.8918504
	11.5273729	53.8913044
	11.5257772	53.8915184
	11.5250573	53.8916032
	11.5238324	53.8915868
	11.5278609	53.8903517
	11.5239816	53.885808
	11.5233477	53.885857
	11.5231427	53.885812
	11.5227308	53.8855901
	11.5224748	53.8855141
	11.5222958	53.8855391
	11.5220949	53.8855671
	11.521228	53.8865779
	11.5195497	53.8862998
	11.5199389	53.885587
	11.5199978	53.8848199
	11.518703	53.8823119
	11.5186999	53.8822033
	11.518694	53.8819945
	11.5187734	53.881779
	11.5193315	53.8811555
	11.5209247	53.8795574
	11.5222556	53.878407
	11.5225265	53.8780946
	11.5228151	53.8778446
	11.5228857	53.8774627
	11.5232744	53.8771051
	11.5232921	53.8767579
	11.524287	53.8759368
	11.5252357	53.8765487
	11.5259388	53.8774896
	11.5279032	53.8781278
	11.528305	53.8784305
	11.5313914	53.8779644
	11.5467477	53.8752387
	11.5474386	53.8751827
	11.5482823	53.8750944
	11.5512368	53.8745108
	11.5547309	53.8805431
	11.5554878	53.8818586
	11.5552523	53.8820101
	11.5564587	53.8845868
	11.5574351	53.8864282
	11.5557139	53.8876253
	11.555243	53.8878899
	11.5526311	53.8893576
	11.5542562	53.8905548
	11.5546744	53.8913294
	11.5565025	53.8927447
	11.5587679	53.893945
	11.5590232	53.8949549
	11.560046	53.8963612
	11.5605547	53.8970607
	11.5594301	53.8973416
	11.5571999	53.8978986
	11.5538087	53.8985432
	11.5524159	53.8986647
	11.5526806	53.8997255
	11.5535319	53.9025084
	11.554029	53.9041336
	11.554128	53.9044571
	11.5548885	53.9061478
	11.5598005	53.9064006
	11.5600607	53.9072911
	11.5606022	53.9074043
	11.5617907	53.9070684
	11.5614714	53.9061988
	11.561599	53.906092
	11.5647693	53.9064114
	11.565646	53.908105
	11.5651962	53.9092835
	11.5648831	53.909778
	11.5651058	53.9102673
	11.5649684	53.9106328
	11.5653198	53.9109375
	11.5651631	53.9121371
	11.5656032	53.9125537
	11.5647304	53.9136563
	11.5644957	53.9141443
	11.5634185	53.914429
	11.5624243	53.9148763
	11.5612528	53.9141182
	11.5601196	53.9164575
	11.5578167	53.916271
	11.5560302	53.918779
	11.555618	53.9196542
	11.5548642	53.9199709
	11.5548987	53.9206117
	11.5554188	53.9221812
	11.557194	53.9279915
	11.5576947	53.9297833
	11.5539216	53.9302166
	11.5468638	53.930522
	11.5453357	53.9326077
	11.5413528	53.9331952
	11.5392137	53.9297654
	11.5436446	53.9289906
	11.544661	53.9267587
	11.5309752	53.9277022
	11.5301269	53.9275959
	11.5276904	53.9279785
	11.5256871	53.9281273
	11.5229257	53.9284248
	11.5216985	53.9284142
	11.5209535	53.9284884
	11.5197234	53.9282934
	11.5174571	53.9276917
	11.5154071	53.9271053
	11.5156995	53.9238269
	11.5152381	53.9235553
	11.51323	53.9222555
	11.5127168	53.9218305
	11.5089459	53.9178622
	11.5088504	53.9177593
	11.5094426	53.9178488
	11.5100733	53.9178668
	11.5107261	53.9178515
	11.5119972	53.9177558
	11.5126722	53.9177285
	11.5119029	53.9161655
	11.5117094	53.9151012
	11.511648	53.9147647
	11.511352	53.9140788
	11.5104941	53.9135845
	11.510339	53.9135119
	11.5094123	53.9130028
	11.5089939	53.9128574
	11.5081999	53.9127121
	11.5074165	53.9125292
	11.5064168	53.912228
	11.5052386	53.911872
	11.5047775	53.911687
	11.5045357	53.9115352
	11.5043632	53.911378
	11.5040799	53.9110631
	11.5038438	53.9106334
	11.5036362	53.9101982
	11.5035473	53.9099432
	11.5031644	53.9094172
	11.5029624	53.9091383
	11.5028213	53.9089469
	11.5027545	53.9088563
	11.5026885	53.9085813
END
END
