6548036
1
	13.3528159	53.4880337
	13.3534027	53.4853581
	13.3567014	53.4819458
	13.3535763	53.4789666
	13.3533754	53.4736756
	13.3597312	53.4703044
	13.3650342	53.4698848
	13.3714439	53.4702247
	13.3746436	53.4686951
	13.3805666	53.4670928
	13.3841238	53.4662764
	13.3828487	53.4654105
	13.3843117	53.4648306
	13.3896448	53.4635946
	13.398617	53.4626295
	13.3978474	53.4604893
	13.3968278	53.4551181
	13.4012443	53.4535578
	13.4071483	53.4519556
	13.412179	53.4507349
	13.417125	53.4484383
	13.422908	53.4484159
	13.4271044	53.4464757
	13.4238046	53.4435252
	13.4201895	53.4420556
	13.4205629	53.4382247
	13.4250031	53.4365746
	13.4346481	53.4367117
	13.4371752	53.4387871
	13.437568	53.4437831
	13.438411	53.44866
	13.4403737	53.4505818
	13.4431933	53.4522108
	13.4460798	53.4532996
	13.4506749	53.4552491
	13.4554462	53.4573619
	13.4621343	53.4574759
	13.4677405	53.4567824
	13.4732069	53.4577463
	13.4747228	53.4606826
	13.4741073	53.4637965
	13.4763147	53.4649012
	13.4830872	53.4658748
	13.4880857	53.467138
	13.4909613	53.4688389
	13.4963451	53.4687836
	13.4990609	53.4691905
	13.49563	53.4718433
	13.4942605	53.4728223
	13.494309	53.4739593
	13.4937376	53.4751243
	13.4947923	53.4769897
	13.4897148	53.4788939
	13.4888439	53.4815292
	13.4927408	53.4817761
	13.4953414	53.4822154
	13.4956185	53.4825736
	13.4955922	53.4829963
	13.4958684	53.4832624
	13.4965393	53.4835285
	13.497447	53.4836225
	13.4991594	53.4839041
	13.5012786	53.4837932
	13.5029959	53.4836013
	13.504093	53.4834732
	13.5072013	53.4833368
	13.509302	53.4832518
	13.5114599	53.4834732
	13.5130808	53.4839022
	13.5055071	53.4876047
	13.5132435	53.4878773
	13.5131075	53.4899979
	13.5223085	53.49257
	13.5231708	53.4929469
	13.5233683	53.4933199
	13.5231052	53.4949477
	13.5228158	53.495652
	13.5224285	53.4974927
	13.5221823	53.5160898
	13.5155344	53.5160898
	13.5054393	53.5128689
	13.4997762	53.5114047
	13.4944753	53.5148391
	13.4891549	53.5124702
	13.4843208	53.5088269
	13.4805919	53.5074956
	13.4785547	53.5046727
	13.475315	53.501884
	13.4692508	53.4977373
	13.4679041	53.4959749
	13.4677622	53.494178
	13.4627276	53.4954026
	13.4609644	53.4959901
	13.46122	53.4992213
	13.4586078	53.5007358
	13.4549362	53.5001177
	13.4508494	53.5018535
	13.447117	53.5042949
	13.4434453	53.5069196
	13.4410067	53.5068089
	13.4368181	53.5072858
	13.433446	53.5066601
	13.4321298	53.5052563
	13.4338398	53.5039478
	13.4328365	53.5027156
	13.4311895	53.5009608
	13.4281759	53.5010485
	13.4226294	53.4995798
	13.4172927	53.5025167
	13.4101525	53.5044995
	13.4031639	53.5053749
	13.3996296	53.5069647
	13.391546	53.5084208
	13.3902898	53.5138229
	13.3868986	53.5163715
	13.3791084	53.5163331
	13.3752535	53.5148513
	13.3751216	53.5119825
	13.3720165	53.5092865
	13.3638504	53.5093101
	13.360724	53.5076058
	13.360675	53.5022645
	13.3585952	53.4977537
	13.3567037	53.4913303
	13.3528159	53.4880337
END
END
