6548776
1
	12.5593997	51.3540974
	12.5757169	51.3409012
	12.5909997	51.3454598
	12.5941674	51.3448807
	12.5967943	51.3456046
	12.5988031	51.3441568
	12.6060657	51.3474384
	12.6056793	51.3510575
	12.6049067	51.3519743
	12.6108559	51.3519261
	12.6116727	51.3457264
	12.6256901	51.3465698
	12.6291788	51.3466933
	12.6306624	51.3466933
	12.632935	51.3470169
	12.6371151	51.3470169
	12.6391951	51.3471029
	12.6394677	51.3470181
	12.6401564	51.3469453
	12.6415469	51.3463317
	12.6418181	51.3463742
	12.6424877	51.3476942
	12.6429487	51.3491039
	12.6417398	51.3503874
	12.6415637	51.3509688
	12.6447837	51.3519685
	12.6452782	51.3524097
	12.6479393	51.3532995
	12.6493288	51.3532407
	12.6496508	51.3534819
	12.6493876	51.3539099
	12.6493052	51.3544614
	12.6499411	51.3544614
	12.6511774	51.3546893
	12.6532027	51.3552261
	12.656701	51.3569098
	12.6667984	51.3565605
	12.6668379	51.3567983
	12.6662902	51.3582572
	12.6639884	51.358416
	12.6625872	51.3580778
	12.6609967	51.3581523
	12.6606162	51.3619575
	12.6629169	51.3629157
	12.6633761	51.363717
	12.664059	51.3645257
	12.6647067	51.3650698
	12.6649405	51.3656476
	12.665001	51.366518
	12.664742	51.3681795
	12.6643887	51.3692527
	12.664377	51.3715315
	12.6638942	51.372307
	12.664271	51.3724834
	12.664848	51.3731743
	12.665001	51.3742989
	12.66453	51.3751001
	12.6645065	51.375633
	12.6647891	51.3758461
	12.6648009	51.3764194
	12.6643449	51.3768051
	12.6643347	51.377953
	12.6637353	51.3787013
	12.6650508	51.3795536
	12.6654088	51.3807073
	12.6670574	51.3811646
	12.6685152	51.3792475
	12.6693747	51.3796149
	12.669516	51.3801294
	12.6727946	51.3811079
	12.6719485	51.3821742
	12.670932	51.3826704
	12.6703374	51.382978
	12.6687026	51.3838118
	12.670816	51.3847694
	12.6683348	51.3870557
	12.6699882	51.3878048
	12.6701326	51.3877823
	12.6699154	51.3872579
	12.6700924	51.3871928
	12.6700202	51.3869795
	12.6699947	51.386803
	12.670066	51.3864885
	12.6702784	51.3860547
	12.6708638	51.3854524
	12.6713919	51.3851962
	12.6720873	51.3849301
	12.6759491	51.3881744
	12.6770207	51.3878731
	12.6779228	51.388681
	12.6738475	51.3921028
	12.6741005	51.3925536
	12.6750543	51.3925536
	12.6772531	51.3938512
	12.6769029	51.3958524
	12.6771266	51.3961095
	12.6764201	51.3968075
	12.6764437	51.3971968
	12.6760198	51.3976376
	12.6768323	51.3978727
	12.6764201	51.3984017
	12.6758549	51.3986808
	12.6749954	51.3989012
	12.67423	51.3991951
	12.6738061	51.399555
	12.6737472	51.400084
	12.6739474	51.4005321
	12.6744463	51.4009163
	12.6757372	51.4010757
	12.6772326	51.4011785
	12.6786456	51.4012079
	12.6799173	51.401274
	12.6819349	51.401253
	12.683803	51.4015605
	12.6841209	51.4024567
	12.6844271	51.4030884
	12.683777	51.4040549
	12.6839384	51.4042417
	12.68103	51.4057768
	12.6807945	51.4061147
	12.6815246	51.4061735
	12.678993	51.4080171
	12.6758137	51.4090453
	12.6753781	51.408869
	12.66623	51.4130742
	12.6594702	51.4141894
	12.658816	51.4169365
	12.6599935	51.4184596
	12.659034	51.4202818
	12.6531377	51.4208165
	12.6522998	51.4203585
	12.6517209	51.4200305
	12.651099	51.4200235
	12.6503582	51.4191376
	12.6490474	51.4176308
	12.6485565	51.4176198
	12.6463668	51.4176008
	12.6455629	51.4176048
	12.645126	51.415468
	12.6470098	51.4143091
	12.6490325	51.4136292
	12.6510202	51.4129503
	12.651985	51.4126264
	12.6497084	51.4112795
	12.6485446	51.4105856
	12.6487596	51.4098037
	12.6491266	51.4084908
	12.6488386	51.4061721
	12.645733	51.4055731
	12.6436712	51.4069653
	12.6434624	51.4087697
	12.6436633	51.4099676
	12.6403088	51.4097886
	12.6400059	51.4097886
	12.6396459	51.4097696
	12.639177	51.4097806
	12.6375577	51.4088665
	12.6348428	51.4079232
	12.6343986	51.4083252
	12.6330999	51.4079682
	12.6307394	51.4089992
	12.6306878	51.4083237
	12.6322761	51.4072891
	12.6256223	51.4068768
	12.6254259	51.4086522
	12.6241837	51.4085631
	12.6244898	51.4063978
	12.6212508	51.406216
	12.6211054	51.4050138
	12.6212834	51.4013622
	12.6211186	51.3991243
	12.6211145	51.3962824
	12.6183456	51.3965604
	12.6183138	51.3963888
	12.6169947	51.3964005
	12.6171449	51.3934802
	12.6204585	51.3933495
	12.6205068	51.3926139
	12.6174502	51.3921819
	12.6158087	51.3921049
	12.6124318	51.3919572
	12.6124622	51.3884102
	12.6124105	51.385678
	12.6122744	51.3829217
	12.604388	51.3846287
	12.6009632	51.3847261
	12.5999437	51.3847327
	12.5980017	51.3845221
	12.5952462	51.3841272
	12.5896314	51.3830841
	12.5903902	51.3814343
	12.5893467	51.3804497
	12.5891761	51.3799715
	12.5890793	51.3792854
	12.5883112	51.3782626
	12.5879795	51.3776709
	12.5877444	51.3767553
	12.5845505	51.3763546
	12.5853453	51.3744705
	12.58462	51.3740958
	12.5834404	51.374018
	12.5824385	51.3738969
	12.5806739	51.3733612
	12.5792243	51.3764169
	12.5788274	51.3785423
	12.577471	51.3783359
	12.5759096	51.3801108
	12.5757479	51.3798296
	12.5689063	51.3775136
	12.5699958	51.375998
	12.5689796	51.3751873
	12.5681834	51.3745518
	12.5685625	51.3721514
	12.5693665	51.3715381
	12.5733126	51.3664762
	12.5662731	51.3661368
	12.564438	51.3631499
	12.5638346	51.3622348
	12.5620266	51.3557861
	12.5593997	51.3540974
END
END
