6548427
1
	13.3652863	54.6528707
	13.365935	54.6522657
	13.3661732	54.651935
	13.3663399	54.6513975
	13.3665019	54.6500417
	13.3665776	54.6461089
	13.3725378	54.6486166
	13.3794686	54.6415525
	13.3803863	54.6414207
	13.381031	54.6422374
	13.3813764	54.6426508
	13.3816245	54.6431227
	13.3818659	54.6436126
	13.382836	54.6448161
	13.3832208	54.6455456
	13.3837306	54.6460701
	13.3847747	54.6475335
	13.3860318	54.6486724
	13.3880652	54.6502052
	13.3891878	54.6507118
	13.3898066	54.6511069
	13.3933738	54.6522791
	13.3941139	54.6524652
	13.3954271	54.6525412
	13.3974585	54.6527976
	13.3983341	54.6529698
	13.4001346	54.6537609
	13.4007877	54.6540599
	13.4016555	54.654309
	13.4024594	54.6544072
	13.4040732	54.6547466
	13.4062917	54.6548681
	13.4093899	54.6553332
	13.4155419	54.6554405
	13.4163614	54.6556733
	13.4171536	54.656192
	13.4177466	54.6564004
	13.4208093	54.6566399
	13.4214825	54.6569346
	13.4216828	54.6571936
	13.4230901	54.6579711
	13.4246896	54.6589585
	13.4256681	54.6593177
	13.4268913	54.6596567
	13.4274646	54.6598983
	13.4279886	54.6604136
	13.428283	54.6605354
	13.4287258	54.6608802
	13.4302285	54.6623673
	13.4307362	54.6628066
	13.4317292	54.6638697
	13.4318731	54.6643837
	13.4319409	54.6644981
	13.4320763	54.6645967
	13.4322202	54.6647242
	13.4322631	54.6647868
	13.4323175	54.664842
	13.4323095	54.6651138
	13.4323083	54.6651702
	13.4324925	54.6655736
	13.432551	54.6657022
	13.4325789	54.6657301
	13.4326513	54.6657605
	13.4326727	54.6657296
	13.4327567	54.6657395
	13.4327923	54.6657739
	13.4327362	54.665899
	13.4326973	54.6659238
	13.4326961	54.6660537
	13.4324147	54.6665735
	13.4323998	54.6670589
	13.4320047	54.668104
	13.4318627	54.6690212
	13.4319994	54.6693393
	13.4320942	54.6706952
	13.43249	54.67129
	13.4328755	54.67189
	13.4331443	54.6723999
	13.4332976	54.6732299
	13.4336487	54.6738733
	13.4339688	54.6740611
	13.434933	54.6744494
	13.436181	54.6752212
	13.4369805	54.6755769
	13.4373789	54.676051
	13.4376389	54.6761075
	13.4376232	54.6762746
	13.4377699	54.6764188
	13.4378591	54.6766892
	13.4377243	54.6771776
	13.4367449	54.6781114
	13.4365871	54.6782839
	13.4364471	54.6783801
	13.4362218	54.678475
	13.4359233	54.6786443
	13.4357802	54.6787836
	13.4357589	54.6790582
	13.4357385	54.6793479
	13.4355664	54.6797458
	13.4351919	54.6803635
	13.4348321	54.6806349
	13.4343726	54.680905
	13.4338379	54.6813896
	13.4330009	54.6817552
	13.4320124	54.6824395
	13.4316052	54.6830329
	13.4309344	54.6835727
	13.4299207	54.6840214
	13.4293465	54.6849125
	13.428411	54.6851054
	13.4273907	54.6849492
	13.4264282	54.6846315
	13.4260524	54.6844457
	13.424194	54.6841577
	13.4214144	54.6839113
	13.4190596	54.6841304
	13.4172567	54.6835082
	13.4171262	54.6833127
	13.4162174	54.6831847
	13.4155405	54.6831573
	13.41515	54.6830875
	13.414044	54.683078
	13.4110377	54.6825056
	13.4088031	54.6822064
	13.4072535	54.6821194
	13.4064317	54.6821327
	13.4054215	54.6820923
	13.4047973	54.6821852
	13.4040534	54.6822578
	13.403243	54.6823594
	13.401093	54.6825427
	13.400152	54.6827076
	13.3926604	54.6827921
	13.3885568	54.6830131
	13.3854705	54.6832978
	13.382555	54.6836602
	13.3791465	54.6836389
	13.3766329	54.683499
	13.3757299	54.6831965
	13.3736979	54.682788
	13.372377	54.6823317
	13.3699262	54.6819673
	13.3663373	54.6813002
	13.366382	54.6791159
	13.3665636	54.6739552
	13.3691293	54.675119
	13.3699283	54.6710913
	13.3702878	54.6698783
	13.3729441	54.6706731
	13.3766316	54.6712293
	13.3856454	54.672202
	13.3865022	54.6676277
	13.3869948	54.6624209
	13.3718142	54.6587844
	13.3717288	54.653651
	13.3670942	54.6531862
	13.3652863	54.6528707
END
END
