6548405
1
	13.3003601	54.6681799
	13.3004056	54.667613
	13.3004166	54.6675888
	13.3047083	54.6682353
	13.3048195	54.6682341
	13.3053154	54.6668093
	13.305533	54.6666218
	13.321413	54.6666008
	13.3219825	54.6648894
	13.3232919	54.6651058
	13.3244822	54.6625486
	13.3256725	54.6617028
	13.3270384	54.6594203
	13.3274929	54.6593881
	13.3291373	54.6581713
	13.3300632	54.6580531
	13.3340757	54.6566792
	13.3344106	54.6554129
	13.3288274	54.6459629
	13.3262302	54.6438338
	13.3218942	54.6412888
	13.3159073	54.6400483
	13.3198355	54.6391662
	13.3180995	54.6381203
	13.317438	54.6377141
	13.3171224	54.6376463
	13.3169254	54.6376066
	13.3146739	54.6374032
	13.3134988	54.6372582
	13.3130602	54.63649
	13.3123054	54.6363939
	13.3121184	54.6358083
	13.3093126	54.6361429
	13.3078323	54.6362143
	13.3079397	54.633076
	13.3100538	54.6321072
	13.311605	54.6320237
	13.314118	54.6315644
	13.3158574	54.6311834
	13.315912	54.6298275
	13.3169059	54.6284148
	13.32341	54.6184089
	13.3306513	54.6185489
	13.3307959	54.6209617
	13.3327198	54.6209408
	13.332698	54.6203713
	13.3367862	54.6208099
	13.3368339	54.6238279
	13.3417458	54.6238666
	13.3416585	54.6228028
	13.3500557	54.6225461
	13.3517768	54.6207665
	13.3551742	54.6211382
	13.3552932	54.620705
	13.3626595	54.6197035
	13.3682924	54.620035
	13.3689175	54.6240984
	13.3694721	54.6256619
	13.3701434	54.6261622
	13.3703755	54.626086
	13.3704442	54.6260778
	13.3704966	54.6260373
	13.3711925	54.6258066
	13.3722	54.6254315
	13.3725603	54.6252935
	13.3730488	54.625025
	13.3733187	54.6248387
	13.3736381	54.6245119
	13.3737421	54.6243855
	13.3739266	54.6240346
	13.373984	54.6240136
	13.3741535	54.6240622
	13.3759271	54.6239832
	13.3759403	54.6239546
	13.3759661	54.6239807
	13.3771415	54.6239292
	13.3777359	54.6239281
	13.3771589	54.6279325
	13.3770788	54.6286473
	13.3768517	54.6307734
	13.3765301	54.6337873
	13.3765369	54.6346659
	13.3766823	54.6356656
	13.3768409	54.6360304
	13.3770454	54.636422
	13.3770477	54.636425
	13.3774878	54.637006
	13.3777579	54.6371759
	13.378014	54.6374234
	13.3786173	54.6384014
	13.3788744	54.638683
	13.3794214	54.6399592
	13.3801041	54.6411621
	13.3803863	54.6414207
	13.3794686	54.6415525
	13.3725378	54.6486166
	13.3665776	54.6461089
	13.3665019	54.6500417
	13.3663399	54.6513975
	13.3661732	54.651935
	13.365935	54.6522657
	13.3652863	54.6528707
	13.3670942	54.6531862
	13.3717288	54.653651
	13.3718142	54.6587844
	13.3869948	54.6624209
	13.3865022	54.6676277
	13.3856454	54.672202
	13.3766316	54.6712293
	13.3729441	54.6706731
	13.3702878	54.6698783
	13.3699283	54.6710913
	13.3691293	54.675119
	13.3665636	54.6739552
	13.366382	54.6791159
	13.3663373	54.6813002
	13.3651541	54.6810787
	13.3641954	54.680965
	13.3633676	54.6806655
	13.3629695	54.6805113
	13.3604624	54.6802794
	13.3560539	54.6797856
	13.3547302	54.6794233
	13.3525662	54.6788261
	13.3506685	54.6781546
	13.3494089	54.6781926
	13.3485392	54.6776152
	13.3479877	54.677425
	13.3465783	54.6773574
	13.3449008	54.6775042
	13.3436947	54.6772403
	13.3431917	54.6768748
	13.3379076	54.6756656
	13.3348665	54.6753129
	13.333644	54.6752884
	13.3307509	54.6750192
	13.3285153	54.6750126
	13.327786	54.6746941
	13.3237429	54.6744754
	13.3228604	54.6743284
	13.3202781	54.6744519
	13.3188762	54.6743664
	13.3171532	54.6743912
	13.316152	54.6743655
	13.3152714	54.6743768
	13.3141628	54.6743459
	13.3127359	54.6741926
	13.3116105	54.6741714
	13.3101029	54.6741807
	13.30875	54.6741669
	13.3069924	54.6740314
	13.3057185	54.6738766
	13.3045836	54.6737247
	13.303378	54.6735696
	13.3016774	54.6735301
	13.3016109	54.6730919
	13.3003601	54.6681799
END
END
