6548051
1
	12.4130752	53.2782668
	12.4171596	53.276539
	12.4185913	53.2761921
	12.4248414	53.2750582
	12.4253593	53.2749823
	12.42725	53.2747153
	12.4279299	53.2744483
	12.4286118	53.2740054
	12.4292218	53.2734265
	12.4302946	53.2720836
	12.4312865	53.2708358
	12.4313685	53.2704318
	12.4313765	53.2699389
	12.4316175	53.268864
	12.4315116	53.2659913
	12.4324385	53.2643855
	12.4324445	53.2639346
	12.4317876	53.2628557
	12.4342132	53.2612989
	12.4344472	53.2608529
	12.4343933	53.2594181
	12.4352492	53.2574923
	12.4357791	53.2570914
	12.4375908	53.2564734
	12.4393256	53.2559435
	12.4399285	53.2556795
	12.4401585	53.2552796
	12.4404704	53.2545627
	12.4404895	53.2532618
	12.4405704	53.2529489
	12.4411024	53.2525939
	12.4414783	53.2524599
	12.443585	53.252159
	12.4444929	53.251716
	12.4448718	53.2514951
	12.4449498	53.2512701
	12.4449678	53.2501482
	12.4452378	53.2497972
	12.4453488	53.2496523
	12.4454478	53.2496943
	12.4468605	53.2502862
	12.4472782	53.2502951
	12.4475634	53.2503012
	12.4486372	53.2505762
	12.4494281	53.2506832
	12.4495791	53.2507052
	12.449984	53.2507632
	12.450284	53.2508542
	12.4513758	53.2514571
	12.4543763	53.2531169
	12.4548982	53.2533449
	12.4557961	53.2535289
	12.4566939	53.2536239
	12.4581157	53.2539019
	12.4595315	53.2544478
	12.4603523	53.2548558
	12.4613972	53.2552638
	12.462369	53.2554927
	12.4632669	53.2556337
	12.4643867	53.2560007
	12.4652096	53.2561837
	12.4659434	53.2562297
	12.4668513	53.2562487
	12.4677602	53.2562407
	12.4691829	53.2563857
	12.4706067	53.2564847
	12.4726344	53.2564507
	12.4757869	53.2562448
	12.4760159	53.2559778
	12.4767798	53.2559128
	12.4780436	53.2558098
	12.4810471	53.2555999
	12.4826249	53.2555199
	12.4832838	53.2555159
	12.4854005	53.2554929
	12.4856284	53.2553139
	12.4864483	53.2556299
	12.4870462	53.2558139
	12.488244	53.2559999
	12.4896668	53.2560539
	12.4907946	53.2559279
	12.4926033	53.255398
	12.4935042	53.255222
	12.495005	53.255188
	12.4962788	53.255283
	12.4974766	53.255337
	12.4987684	53.255443
	12.4999992	53.2564699
	12.5006041	53.2569389
	12.500752	53.2569729
	12.500946	53.2570149
	12.5014249	53.2571259
	12.501111	53.2577508
	12.5010909	53.2617413
	12.5079708	53.2624933
	12.4988075	53.2664043
	12.4791831	53.2664464
	12.4753575	53.2707054
	12.469119	53.2706702
	12.466706	53.2744537
	12.4721794	53.2774451
	12.4718263	53.2830401
	12.4617034	53.283005
	12.4519924	53.287192
	12.4509919	53.2891974
	12.4423698	53.2956703
	12.4237424	53.295811
	12.4203877	53.2870864
	12.4152085	53.2822133
	12.4130752	53.2782668
END
END
