6548490
1
	13.0095868	50.4856238
	13.0145456	50.48417
	13.0149748	50.477043
	13.0136863	50.4770759
	13.0132926	50.4746884
	13.0134428	50.474094
	13.0129676	50.4726389
	13.0131485	50.4725472
	13.014725	50.4732604
	13.0161197	50.4720772
	13.0160697	50.4690873
	13.0157065	50.4670682
	13.0146998	50.4670654
	13.0147972	50.4684555
	13.0132843	50.4686658
	13.0131893	50.4670623
	13.012722	50.4657937
	13.0136798	50.4657547
	13.0137307	50.4648357
	13.014136	50.4643444
	13.0160778	50.4643871
	13.0186361	50.4594482
	13.0204276	50.4574304
	13.0206619	50.4570572
	13.0213108	50.4556508
	13.0214675	50.455028
	13.0221652	50.4542941
	13.0226396	50.4536751
	13.0226086	50.4534964
	13.0224736	50.4532116
	13.0219719	50.4525236
	13.0218353	50.452286
	13.0217502	50.451942
	13.0217861	50.4517606
	13.0219124	50.4517365
	13.0223893	50.4516454
	13.0224662	50.451935
	13.0227539	50.4521603
	13.0228322	50.4522663
	13.0228413	50.4524292
	13.0229883	50.4526066
	13.0229535	50.452849
	13.0229989	50.4529368
	13.0231247	50.4530288
	13.0232863	50.4532924
	13.0233289	50.4533627
	13.02356	50.4535983
	13.0236944	50.4536736
	13.0238075	50.453751
	13.023953	50.4538076
	13.0240353	50.4538639
	13.0240038	50.4538783
	13.023835	50.4540436
	13.023773	50.4542083
	13.0236317	50.4543656
	13.0233961	50.4544651
	13.0232873	50.4545061
	13.0232024	50.4545291
	13.0231492	50.4545332
	13.0230955	50.4545398
	13.0229442	50.454567
	13.0228843	50.4545823
	13.0228351	50.4545891
	13.0227954	50.4545999
	13.0227497	50.4546154
	13.0226264	50.4546681
	13.0225729	50.454857
	13.0225764	50.4550314
	13.022567	50.4551161
	13.0225194	50.4551594
	13.0223467	50.4551753
	13.0222696	50.4551876
	13.0222255	50.4552032
	13.0222102	50.455214
	13.0221844	50.4552292
	13.0221369	50.4552649
	13.0220396	50.4553628
	13.0220203	50.4553922
	13.0220066	50.4554404
	13.0220122	50.4554774
	13.0220544	50.4556669
	13.0220958	50.4557724
	13.0220845	50.4558451
	13.022067	50.4559067
	13.0220307	50.4559481
	13.0219786	50.4559741
	13.0219676	50.4559888
	13.0219493	50.4560256
	13.0219507	50.4561055
	13.0219622	50.4561364
	13.0220493	50.4562977
	13.0220829	50.4563451
	13.0221323	50.456398
	13.0222191	50.4564481
	13.0223467	50.4565418
	13.0223703	50.4565767
	13.0223384	50.456615
	13.0223158	50.4566475
	13.022272	50.4566759
	13.0222185	50.4567014
	13.0221842	50.4567089
	13.0221162	50.4567101
	13.0220259	50.4566949
	13.0219475	50.4566942
	13.0219241	50.4566997
	13.0218929	50.4567154
	13.021865	50.4567423
	13.0218438	50.4567724
	13.0218118	50.4568146
	13.0217812	50.4568521
	13.0217403	50.4569335
	13.0217215	50.45703
	13.0217057	50.4570432
	13.0216361	50.4570758
	13.0215313	50.4571124
	13.0214265	50.4571579
	13.0213894	50.4572031
	13.0214032	50.4572388
	13.0214561	50.4572891
	13.0215759	50.4573911
	13.021689	50.4574643
	13.0216987	50.4574689
	13.0216995	50.4574798
	13.0216879	50.4575077
	13.0216237	50.4576059
	13.0215684	50.4576676
	13.0215079	50.4577208
	13.0214824	50.4577344
	13.021433	50.4577554
	13.0213486	50.4577797
	13.0212116	50.4577787
	13.0211305	50.457774
	13.0210257	50.4577757
	13.0209924	50.4577816
	13.0209061	50.4578096
	13.0208368	50.4578428
	13.0207914	50.4578696
	13.0207734	50.4578897
	13.020779	50.4579127
	13.0207643	50.4579433
	13.0207769	50.4579988
	13.0207619	50.4580126
	13.0206877	50.4580466
	13.0205196	50.4581622
	13.0204784	50.4581946
	13.0204522	50.4582241
	13.0204257	50.4582621
	13.0204174	50.458282
	13.0204169	50.4583204
	13.0204316	50.4583469
	13.0204578	50.4583731
	13.0204919	50.4584158
	13.0205067	50.4584567
	13.0204985	50.4585467
	13.0204344	50.4586381
	13.0203395	50.4587608
	13.0202904	50.4588093
	13.0202562	50.4588223
	13.0201608	50.4588553
	13.0200301	50.4588862
	13.0199853	50.4589535
	13.0199694	50.4589927
	13.0199571	50.4590545
	13.0199574	50.4590898
	13.0199709	50.4591237
	13.0199906	50.4591614
	13.0200269	50.4591934
	13.020064	50.4592122
	13.0201102	50.4592241
	13.0201785	50.4592346
	13.0202017	50.4592463
	13.0202203	50.4592665
	13.0202173	50.4593031
	13.0201935	50.4593868
	13.0201617	50.4595396
	13.0201414	50.4595921
	13.0201167	50.4596322
	13.0200801	50.4597135
	13.0200722	50.4597413
	13.020061	50.4597715
	13.0200366	50.4598157
	13.0200048	50.4598596
	13.0199768	50.4598779
	13.0198317	50.4600419
	13.0197427	50.4601034
	13.0195985	50.4602294
	13.0195729	50.4602631
	13.0195228	50.4603666
	13.0195255	50.4603926
	13.0195337	50.4604206
	13.0195372	50.4604479
	13.019569	50.4605381
	13.0195837	50.4605722
	13.0195858	50.460596
	13.0195811	50.4606106
	13.0195549	50.4606444
	13.0194327	50.4607508
	13.0194056	50.4607724
	13.0193673	50.4608263
	13.0193623	50.4609225
	13.0193747	50.460983
	13.0194253	50.4609943
	13.0195661	50.4610076
	13.0196323	50.4610166
	13.0196565	50.4610248
	13.0196741	50.4610411
	13.0196809	50.4610558
	13.0196777	50.4610856
	13.0196453	50.4612634
	13.01964	50.4613568
	13.0196473	50.4614216
	13.0196535	50.4614462
	13.0196936	50.4614915
	13.019731	50.4615225
	13.0198087	50.4615691
	13.0198346	50.4615911
	13.019847	50.4616089
	13.0198584	50.4616368
	13.0198635	50.4616642
	13.0198664	50.4617215
	13.0198738	50.4617667
	13.0200004	50.4620336
	13.020023	50.4620878
	13.0200295	50.4621123
	13.0200233	50.4621526
	13.0200065	50.4622011
	13.0199718	50.4622844
	13.0199379	50.4623942
	13.0199135	50.4625198
	13.0199103	50.4625724
	13.0199058	50.4625944
	13.0198955	50.4626176
	13.0198408	50.4626682
	13.019816	50.4626879
	13.0197734	50.4627083
	13.0197348	50.4627183
	13.0197042	50.4627426
	13.019683	50.4627548
	13.0196538	50.4627797
	13.0196429	50.4627958
	13.0196347	50.4628191
	13.019622	50.462842
	13.0195914	50.4629032
	13.0195561	50.4630208
	13.019539	50.463116
	13.0195425	50.4631476
	13.0195614	50.4631849
	13.0195861	50.4632219
	13.0197848	50.4633979
	13.0198181	50.4634306
	13.0198314	50.4634563
	13.0198155	50.4634843
	13.0196694	50.463518
	13.0196105	50.4635395
	13.0194571	50.4635838
	13.0194145	50.4636036
	13.0193806	50.4636319
	13.0193544	50.4636477
	13.019332	50.4636696
	13.019327	50.4636959
	13.0193588	50.4637545
	13.019398	50.4637879
	13.0195001	50.4638257
	13.0195634	50.4638372
	13.0196553	50.4638448
	13.0196936	50.4638342
	13.0197575	50.4638036
	13.0197831	50.4637785
	13.0198381	50.4637478
	13.0198779	50.4637474
	13.0199282	50.4637776
	13.0199494	50.4638469
	13.0199424	50.4639286
	13.0199288	50.4639655
	13.0198955	50.4640259
	13.0197262	50.4642221
	13.0196847	50.4642441
	13.0196877	50.4642562
	13.0196747	50.4642718
	13.0196697	50.4642905
	13.019622	50.4643434
	13.0195982	50.4643781
	13.0195943	50.4644
	13.0196017	50.4646225
	13.0196197	50.4646642
	13.0196459	50.4646987
	13.0196844	50.4647334
	13.0198081	50.4648297
	13.0198255	50.4648483
	13.0198305	50.4648736
	13.0198125	50.4649023
	13.019751	50.4649225
	13.0193088	50.4649866
	13.0192855	50.4649945
	13.0192628	50.4650162
	13.0192549	50.4650693
	13.0192911	50.4651605
	13.0192566	50.4652407
	13.0192281	50.465254
	13.0191601	50.4652662
	13.0190977	50.465272
	13.0190388	50.4652739
	13.019009	50.4652852
	13.0189869	50.4653433
	13.0189781	50.4653864
	13.0189042	50.4657149
	13.0188992	50.4658266
	13.0189075	50.4658832
	13.0189419	50.4659263
	13.0189769	50.4659664
	13.0190314	50.466038
	13.0190438	50.4660637
	13.0190644	50.466094
	13.0190661	50.4661201
	13.0190435	50.4661675
	13.019034	50.4661812
	13.019017	50.4662012
	13.0189596	50.4662235
	13.0188792	50.4662696
	13.0188413	50.4662859
	13.0186799	50.4663327
	13.0186219	50.4663624
	13.0185892	50.4663938
	13.018586	50.466422
	13.0185954	50.4664817
	13.0185937	50.4665084
	13.0185866	50.4665305
	13.0185271	50.4668125
	13.0185198	50.4668346
	13.018455	50.4669012
	13.0184406	50.4669295
	13.0184394	50.4669698
	13.0184449	50.4669939
	13.0185845	50.4671255
	13.018672	50.4672452
	13.0187524	50.467293
	13.0188564	50.4673033
	13.0189537	50.4673708
	13.019003	50.4673916
	13.0190398	50.4674248
	13.0190618	50.4674598
	13.0190712	50.4674822
	13.0190641	50.4675157
	13.0190614	50.4675456
	13.0190658	50.4676099
	13.0190655	50.4676692
	13.0190236	50.4677245
	13.0189881	50.4677748
	13.0189148	50.4678842
	13.0188942	50.4679354
	13.0188922	50.4679653
	13.0188807	50.4680227
	13.0188767	50.4680827
	13.0188811	50.4681154
	13.0189229	50.4682203
	13.0189476	50.4682689
	13.0191668	50.4685279
	13.0192496	50.4686324
	13.0192658	50.4686855
	13.0192905	50.4687346
	13.0193026	50.4687703
	13.0193229	50.4688515
	13.0193323	50.4689109
	13.0193313	50.4689509
	13.0193563	50.4690446
	13.0194083	50.4691633
	13.0194705	50.4692839
	13.0195036	50.4693628
	13.0195401	50.4694413
	13.019562	50.4695126
	13.0196495	50.4696345
	13.0196907	50.4696683
	13.0197417	50.4698833
	13.0197022	50.4699856
	13.0197005	50.4700211
	13.0197019	50.4700742
	13.0197512	50.4703204
	13.019764	50.4703481
	13.0197715	50.4704769
	13.0197664	50.4705397
	13.0197546	50.4705829
	13.0197482	50.4706188
	13.0197549	50.470653
	13.0198789	50.4709355
	13.0199174	50.4709991
	13.0199752	50.4710647
	13.0200147	50.471098
	13.0200657	50.4711361
	13.0201184	50.4711666
	13.0202332	50.4712216
	13.0202457	50.4712519
	13.0202349	50.4712868
	13.0201913	50.4713635
	13.0201744	50.4713986
	13.0201501	50.4714405
	13.0201197	50.4715639
	13.0201049	50.4716157
	13.0200745	50.4716839
	13.0200083	50.4718586
	13.0200062	50.4718939
	13.0200305	50.4719459
	13.0200637	50.4719997
	13.0201099	50.4720564
	13.020219	50.4721549
	13.0203541	50.472239
	13.0204413	50.4723011
	13.0207152	50.4725217
	13.0207386	50.4725457
	13.020776	50.472604
	13.0208308	50.4726765
	13.0209095	50.4727685
	13.0209416	50.4728205
	13.0209433	50.4728416
	13.0209324	50.4728564
	13.0209183	50.4728702
	13.0208385	50.4728957
	13.020719	50.4729568
	13.0206828	50.4729822
	13.020669	50.4730191
	13.0206528	50.4730974
	13.0206419	50.4731683
	13.0206031	50.4732806
	13.0205619	50.4733552
	13.0205524	50.4733865
	13.0205494	50.4734282
	13.0205484	50.4734846
	13.0205835	50.4736062
	13.0205838	50.4736555
	13.0205896	50.4737163
	13.0205663	50.4737668
	13.0205197	50.4738498
	13.0204001	50.473976
	13.0203731	50.4740087
	13.0203423	50.4740758
	13.0202656	50.4742531
	13.0202427	50.4743378
	13.0202288	50.4744047
	13.0202103	50.4744539
	13.020218	50.4745749
	13.0202417	50.4746457
	13.0202917	50.4746962
	13.0203484	50.4747944
	13.0203673	50.4748359
	13.0203764	50.4748793
	13.0203788	50.4749071
	13.0203744	50.4749479
	13.0203626	50.4749739
	13.0203389	50.4750057
	13.0202363	50.4751126
	13.020213	50.4751474
	13.0202059	50.4751799
	13.0202028	50.4752076
	13.0202059	50.4752373
	13.0202221	50.4752753
	13.020241	50.4753043
	13.0203471	50.4754439
	13.0203791	50.4754787
	13.020415	50.4755103
	13.0204747	50.4755516
	13.0205801	50.475604
	13.020648	50.4756601
	13.0206342	50.4756956
	13.0206288	50.4757459
	13.0206271	50.4758194
	13.0206507	50.4760157
	13.0206433	50.4761107
	13.0206274	50.4761685
	13.0205659	50.4762773
	13.0205534	50.4763265
	13.0205504	50.4763512
	13.0205518	50.4763884
	13.0205663	50.4764473
	13.0205842	50.476483
	13.0206024	50.4765155
	13.0206598	50.4766073
	13.0206869	50.4766625
	13.0207098	50.4767427
	13.0207406	50.4768734
	13.0207629	50.4769097
	13.020801	50.4769542
	13.0208304	50.4769802
	13.0208662	50.4770088
	13.0209618	50.4770626
	13.0211898	50.477213
	13.0212145	50.4772573
	13.021252	50.4772906
	13.021275	50.4773132
	13.0213067	50.4773775
	13.0213273	50.4774314
	13.0213327	50.4774916
	13.0212719	50.4775598
	13.0212489	50.4776382
	13.021255	50.4776716
	13.0213685	50.4778771
	13.0213898	50.4779265
	13.0214043	50.4779751
	13.021401	50.478023
	13.0213854	50.4780344
	13.0213695	50.4780731
	13.0213425	50.4782135
	13.021327	50.4782547
	13.0213094	50.4782874
	13.0212821	50.4783203
	13.0211601	50.478417
	13.0211159	50.4784727
	13.0210878	50.4785501
	13.0210676	50.4786599
	13.0210503	50.4787986
	13.0210263	50.4788224
	13.0210304	50.478865
	13.0212442	50.4790593
	13.0213081	50.4790886
	13.0213793	50.479155
	13.0214064	50.479221
	13.0214057	50.4792384
	13.0214641	50.4793192
	13.0214857	50.4793686
	13.0214553	50.4794043
	13.0214854	50.4795152
	13.0215168	50.4795692
	13.021553	50.4796152
	13.0216219	50.4796679
	13.0217475	50.47977
	13.0218093	50.479828
	13.0218272	50.479946
	13.0218343	50.4801188
	13.0218539	50.4801569
	13.0218509	50.4802057
	13.0218205	50.4802749
	13.0218171	50.4803063
	13.0218296	50.4803628
	13.0218384	50.480576
	13.0218431	50.4805906
	13.0218364	50.480639
	13.0218222	50.4807101
	13.0218256	50.4807312
	13.0218357	50.4807533
	13.0218587	50.4807927
	13.0219066	50.4808269
	13.0220353	50.4808862
	13.0220627	50.4809062
	13.0221363	50.4809726
	13.0221806	50.4810061
	13.0222187	50.4810319
	13.0222302	50.4810485
	13.0222363	50.481079
	13.0222387	50.4810981
	13.0222191	50.4811828
	13.0222751	50.4812696
	13.0223265	50.4813133
	13.0224016	50.4813341
	13.0225234	50.4813229
	13.0226548	50.481337
	13.0227458	50.4813668
	13.0227592	50.4813961
	13.0229555	50.4815332
	13.0230193	50.481601
	13.0230253	50.4816206
	13.02302	50.4816662
	13.0229835	50.481719
	13.0229321	50.4818319
	13.0229247	50.4818545
	13.0228917	50.4818868
	13.0228573	50.4818928
	13.022837	50.4818872
	13.0227465	50.4818486
	13.022623	50.4818106
	13.0225769	50.481803
	13.0224647	50.4818058
	13.0223355	50.4818301
	13.0223094	50.4818281
	13.0222241	50.4818621
	13.0222294	50.4819117
	13.0222452	50.4819465
	13.0222686	50.4819831
	13.0223125	50.4820325
	13.022356	50.482085
	13.0224038	50.4821356
	13.0224437	50.482167
	13.022505	50.4822185
	13.0225554	50.4822521
	13.0226407	50.4823009
	13.0227093	50.4823418
	13.0228184	50.4824057
	13.0228741	50.4824367
	13.0229613	50.4825078
	13.0230084	50.4825411
	13.0230281	50.48256
	13.0230508	50.4826013
	13.0230508	50.4826251
	13.0230601	50.4826317
	13.0231215	50.4826522
	13.0231564	50.4826735
	13.0232394	50.4827642
	13.02333	50.4828707
	13.0233596	50.482911
	13.0233638	50.4829353
	13.0233533	50.4829588
	13.0232993	50.4830102
	13.0231666	50.4830761
	13.0231493	50.4831125
	13.0230467	50.4831879
	13.0229533	50.4832617
	13.0229115	50.4832993
	13.0228751	50.4833268
	13.0228325	50.4833424
	13.0227889	50.4833528
	13.0227713	50.4833743
	13.0227639	50.4833872
	13.022791	50.4834244
	13.0228155	50.4834377
	13.0228766	50.4834457
	13.0231168	50.4835451
	13.0231669	50.4835599
	13.023177	50.4835675
	13.0232104	50.4836076
	13.0232164	50.4836207
	13.0232125	50.4836467
	13.0231967	50.4836755
	13.023171	50.4837008
	13.0231009	50.4837452
	13.0230717	50.4837814
	13.0230359	50.4838076
	13.0229599	50.4838429
	13.0229082	50.483834
	13.0227469	50.4837254
	13.0226487	50.4837127
	13.022598	50.4837271
	13.022553	50.4837573
	13.022556	50.483856
	13.0225962	50.4839101
	13.0226302	50.4839661
	13.022655	50.4840367
	13.0226669	50.4841056
	13.0226783	50.4841265
	13.0226815	50.4841546
	13.0226812	50.48418
	13.0226762	50.4842073
	13.0226642	50.48424
	13.0226356	50.4842835
	13.0225849	50.4843336
	13.0225622	50.484392
	13.0225786	50.4844287
	13.0225938	50.4844543
	13.0226562	50.4845019
	13.0227158	50.4845908
	13.0227922	50.4846798
	13.022825	50.4847424
	13.0228698	50.4848069
	13.0229676	50.4848259
	13.0230082	50.4848195
	13.0230652	50.4847978
	13.0232951	50.4847957
	13.0233697	50.4848107
	13.0234312	50.4848337
	13.023472	50.484843
	13.0235836	50.4848411
	13.0237193	50.484813
	13.0237569	50.4848208
	13.0237623	50.484844
	13.0237235	50.4849223
	13.0236856	50.4849478
	13.0236263	50.4849783
	13.0235732	50.4849977
	13.0234688	50.485032
	13.0234058	50.485047
	13.023308	50.4850571
	13.0232811	50.4850668
	13.023186	50.4851237
	13.0231496	50.4851211
	13.0231203	50.4850973
	13.0230186	50.4850457
	13.0229763	50.4850307
	13.0229255	50.4850245
	13.0227967	50.485022
	13.0227654	50.4850339
	13.022749	50.4850575
	13.0227212	50.4851632
	13.022723	50.4852699
	13.0227203	50.485331
	13.022746	50.4853733
	13.0227731	50.4854111
	13.0227785	50.4854278
	13.0227812	50.4854507
	13.0227779	50.485476
	13.0226419	50.4856235
	13.0226362	50.4856421
	13.0226341	50.4856842
	13.0226463	50.4857523
	13.0227299	50.4858463
	13.0227752	50.4858717
	13.0228832	50.4859053
	13.0230192	50.485968
	13.0232507	50.486052
	13.0232942	50.4860805
	13.0233497	50.4861289
	13.0233828	50.4861638
	13.0233772	50.4861839
	13.0233274	50.4862181
	13.0232993	50.4862284
	13.0230422	50.4862652
	13.0229151	50.4862788
	13.0228683	50.4862773
	13.0227827	50.4862582
	13.0227633	50.4862384
	13.0227585	50.4861695
	13.0227403	50.4861319
	13.0226812	50.486116
	13.0226359	50.4861158
	13.022493	50.4861414
	13.0224632	50.4861541
	13.0224253	50.4861809
	13.0223996	50.4862143
	13.0223871	50.4862583
	13.0223904	50.4862798
	13.0224229	50.4863586
	13.0224882	50.4864628
	13.0225172	50.4865516
	13.0226562	50.4867078
	13.0226908	50.4867746
	13.0226914	50.4868042
	13.0227033	50.4868311
	13.0227009	50.4868469
	13.0226592	50.4868845
	13.0226186	50.4869276
	13.0226031	50.4869505
	13.0225998	50.486967
	13.022604	50.4870115
	13.022621	50.4870532
	13.022689	50.4871789
	13.0227585	50.4872371
	13.0228713	50.4873457
	13.0229986	50.4874493
	13.0230493	50.4874931
	13.0231165	50.4875404
	13.0231839	50.4875842
	13.0232414	50.4876139
	13.0233256	50.487722
	13.0233462	50.4877638
	13.0233813	50.4878152
	13.0233972	50.4878549
	13.0234034	50.4878887
	13.0234171	50.4879399
	13.0233903	50.4879773
	13.0232835	50.4880333
	13.0232582	50.4880508
	13.0232388	50.4880711
	13.0232161	50.4881481
	13.0232319	50.4881648
	13.0233005	50.4881813
	13.0233981	50.4881958
	13.0234756	50.4882117
	13.0235639	50.488236
	13.0236615	50.4882715
	13.0237471	50.4882981
	13.0239132	50.488373
	13.0239917	50.4884019
	13.0241429	50.4885074
	13.0241811	50.4885393
	13.0242041	50.4885689
	13.0242664	50.4887685
	13.0242989	50.4888112
	13.0243657	50.4888524
	13.0244114	50.4888739
	13.0244573	50.4889181
	13.0244866	50.4889836
	13.0244916	50.4890344
	13.0245173	50.4890823
	13.0246241	50.4891572
	13.0246655	50.489194
	13.0246995	50.4892567
	13.024744	50.489421
	13.0247649	50.4894867
	13.0248013	50.4895615
	13.024832	50.4896167
	13.0248994	50.4897082
	13.0249325	50.4897964
	13.0249629	50.4898689
	13.0249471	50.4899091
	13.0249468	50.489945
	13.0250229	50.4899949
	13.0251374	50.4900433
	13.0251697	50.4900612
	13.0252568	50.4901278
	13.025368	50.4902388
	13.0254501	50.4903743
	13.025456	50.49041
	13.0254214	50.4904572
	13.0254796	50.4905901
	13.025524	50.4906385
	13.025638	50.4907174
	13.025961	50.4909495
	13.0260425	50.4910101
	13.0261191	50.4910829
	13.0261964	50.4911922
	13.0262355	50.4912843
	13.0262489	50.4913629
	13.0262444	50.4914568
	13.026225	50.4916323
	13.0262119	50.4918096
	13.0262322	50.4919293
	13.0262775	50.4920457
	13.0263303	50.4921293
	13.0263947	50.4922156
	13.0264362	50.4922542
	13.0267759	50.4925109
	13.0271166	50.4927673
	13.0272135	50.4928459
	13.0273179	50.4929468
	13.0274159	50.4930542
	13.0275275	50.4932029
	13.0276379	50.4933506
	13.0277611	50.4935174
	13.0278422	50.4936242
	13.027875	50.4936842
	13.0279019	50.4937449
	13.0279207	50.4938036
	13.0279439	50.4939246
	13.0279957	50.4943744
	13.0280155	50.4945277
	13.0280701	50.4949423
	13.0281014	50.4950693
	13.0281841	50.4953374
	13.0282297	50.4954648
	13.0282907	50.495622
	13.0283347	50.4957297
	13.0283973	50.495864
	13.0284335	50.4959349
	13.0284982	50.4960617
	13.0286431	50.4962965
	13.0286858	50.4963513
	13.0287317	50.4964357
	13.0288638	50.4966574
	13.0288992	50.4967086
	13.0289328	50.4967553
	13.02905	50.4969255
	13.0291821	50.4970944
	13.029314	50.497254
	13.0295977	50.4975538
	13.0296675	50.4976278
	13.0298802	50.4978542
	13.029947	50.4979104
	13.0301206	50.4979921
	13.0303363	50.4980802
	13.030378	50.4981024
	13.0304058	50.4981307
	13.0304216	50.4981521
	13.0304362	50.4981779
	13.0304533	50.4982405
	13.0304636	50.4982781
	13.0305206	50.4984136
	13.0306823	50.4988261
	13.0307157	50.4989274
	13.0307509	50.4989891
	13.0307909	50.4990293
	13.0308425	50.4990653
	13.0309251	50.4991147
	13.0310387	50.4991874
	13.0311321	50.4992604
	13.0312142	50.4993519
	13.0313648	50.4995321
	13.0316476	50.4998735
	13.0317496	50.4999774
	13.0318367	50.5000492
	13.0320094	50.500152
	13.0320903	50.5002123
	13.0321777	50.5003025
	13.0322126	50.5003486
	13.0322436	50.500429
	13.0322842	50.5004848
	13.0323253	50.5006013
	13.0324736	50.5011493
	13.0326224	50.5016967
	13.0326212	50.5018022
	13.0326051	50.5018667
	13.0325974	50.5019397
	13.0324873	50.5020811
	13.0323364	50.502205
	13.0318597	50.5024977
	13.0317466	50.5025833
	13.0316705	50.5026675
	13.0316183	50.5027624
	13.0315059	50.5029929
	13.0314695	50.5031794
	13.0314823	50.5033881
	13.0315122	50.5034716
	13.0315417	50.5035572
	13.0316175	50.5038034
	13.0316002	50.5038738
	13.0315909	50.5039448
	13.0315488	50.504115
	13.0313985	50.5044062
	13.0313755	50.5044897
	13.0313675	50.5045377
	13.0313964	50.5045959
	13.0314152	50.5046495
	13.0314239	50.5047022
	13.0314492	50.5048212
	13.0314827	50.5048866
	13.0315182	50.5049379
	13.0315468	50.5049986
	13.0316055	50.5050599
	13.0315805	50.5050458
	13.0317598	50.5052407
	13.0317956	50.5053228
	13.0318081	50.5054349
	13.0318087	50.5055011
	13.0317744	50.5055805
	13.0315704	50.5058273
	13.031409	50.5060455
	13.0313615	50.5060866
	13.0312741	50.5061532
	13.031216	50.5062137
	13.0311721	50.5063278
	13.0311512	50.5064624
	13.0310504	50.5067373
	13.03102	50.5067704
	13.0309896	50.506839
	13.030943	50.5069333
	13.030932	50.5070206
	13.0309389	50.5070716
	13.0309663	50.5071181
	13.03098	50.5071543
	13.0309791	50.5072107
	13.0309383	50.5073065
	13.0309204	50.5073847
	13.0309043	50.5076472
	13.0307432	50.5079788
	13.0307357	50.5080942
	13.0307274	50.5081636
	13.0307318	50.5082361
	13.0307649	50.508337
	13.0308315	50.5084645
	13.0308339	50.5085142
	13.0308807	50.5085969
	13.030915	50.5087289
	13.0310003	50.5089097
	13.0311569	50.5091028
	13.0313055	50.5093233
	13.0313794	50.5094297
	13.0314478	50.5095498
	13.0315626	50.5096737
	13.0316956	50.5097651
	13.0317156	50.5097721
	13.0320277	50.509893
	13.032357	50.5099537
	13.0324497	50.5099438
	13.0327755	50.5099398
	13.0330654	50.5099178
	13.0331782	50.5099229
	13.0333077	50.5099169
	13.0333867	50.5099279
	13.0335893	50.5099269
	13.0340319	50.5099559
	13.0341205	50.5099427
	13.0344546	50.5099171
	13.0347222	50.5098706
	13.0348308	50.50984
	13.0352215	50.5096962
	13.035524	50.5096141
	13.0357865	50.5095581
	13.0358155	50.5095549
	13.0360786	50.5094644
	13.0362984	50.50934
	13.036469	50.5092569
	13.0365406	50.5092446
	13.0366865	50.5092343
	13.0367918	50.5092861
	13.0368553	50.5093669
	13.0369433	50.5094119
	13.0369788	50.5094134
	13.0372968	50.5094959
	13.0374534	50.509505
	13.0377365	50.5094991
	13.0377371	50.5094986
	13.0379468	50.5094811
	13.0380984	50.5094667
	13.0382532	50.5094798
	13.0384008	50.5095137
	13.0385297	50.5095627
	13.0385801	50.5095741
	13.0386499	50.5095919
	13.0388232	50.5096107
	13.0390377	50.5096076
	13.0392328	50.5096139
	13.03939	50.5096403
	13.0394941	50.5097033
	13.0395723	50.5097596
	13.0396265	50.5097835
	13.0397336	50.509807
	13.0398306	50.5098427
	13.0399335	50.5098949
	13.0400295	50.5099503
	13.0402118	50.5100385
	13.0403571	50.510117
	13.0406234	50.510271
	13.0407993	50.5103527
	13.0410863	50.5105029
	13.0411772	50.5105591
	13.0413407	50.5107048
	13.0413974	50.5107442
	13.0414538	50.5107929
	13.0415818	50.5108759
	13.0417882	50.5109961
	13.0419117	50.5110611
	13.0420882	50.511142
	13.0422142	50.511229
	13.0422249	50.5112447
	13.0423161	50.5114291
	13.042335	50.511458
	13.042405	50.5114939
	13.0424951	50.5115489
	13.0425053	50.511566
	13.0428927	50.5113524
	13.0430631	50.5112378
	13.0433469	50.511072
	13.0443449	50.5106048
	13.0447029	50.5114998
	13.0461048	50.5114065
	13.0460752	50.5125881
	13.04335	50.5144799
	13.0409049	50.5146769
	13.0412921	50.516158
	13.0387375	50.5165889
	13.0356453	50.5225725
	13.0346335	50.5226805
	13.0327725	50.5232068
	13.0317111	50.5238906
	13.0308389	50.523972
	13.0306928	50.523965
	13.0299492	50.5239851
	13.0290715	50.5211501
	13.027416	50.516067
	13.0233686	50.515995
	13.0156135	50.5201522
	13.0149766	50.5185956
	13.0196043	50.5174348
	13.0191231	50.5140513
	13.0196081	50.5116398
	13.0147374	50.5073827
	13.0166573	50.5003157
	13.0159115	50.5001873
	13.0172603	50.4985213
	13.0167462	50.4933016
	13.0141207	50.4900248
	13.0138244	50.4870864
	13.0130668	50.4873532
	13.0095868	50.4856238
END
END
