6548636
1
	14.803196	51.3422953
	14.804226	51.3409868
	14.8054705	51.3391253
	14.8070394	51.3376185
	14.8098125	51.3366037
	14.8123368	51.335959
	14.8139067	51.3344484
	14.8148831	51.3327852
	14.8159141	51.3316446
	14.8175028	51.3303171
	14.8184024	51.3292871
	14.8186332	51.3290239
	14.8188513	51.3287721
	14.8193017	51.3282571
	14.8179855	51.3266892
	14.8165387	51.3238664
	14.8151091	51.3212189
	14.8135107	51.3169541
	14.8120632	51.3141312
	14.811039	51.3098435
	14.8099719	51.3079017
	14.8125495	51.307795
	14.8139924	51.3078293
	14.8147135	51.3078407
	14.8150749	51.3078446
	14.8154346	51.307856
	14.8189993	51.3087944
	14.8230867	51.3093476
	14.8283377	51.3100304
	14.8315849	51.3108009
	14.8380001	51.3116173
	14.8461965	51.3133774
	14.8481144	51.3157567
	14.8543291	51.3269162
	14.8549083	51.3289457
	14.8560806	51.3300374
	14.8560277	51.330953
	14.8576214	51.3311218
	14.8579756	51.332343
	14.8736392	51.3337789
	14.8745066	51.3383871
	14.8945847	51.343125
	14.8972094	51.3390261
	14.8997694	51.3364672
	14.9173128	51.3423678
	14.9153061	51.3451564
	14.9123066	51.346728
	14.90967	51.3490016
	14.9061344	51.3509548
	14.9037264	51.352679
	14.9042253	51.3546435
	14.9041479	51.3566272
	14.9037483	51.3582676
	14.9037732	51.3613346
	14.9038124	51.3643978
	14.902916	51.3667782
	14.9029531	51.3698453
	14.9024592	51.3732937
	14.9027663	51.3761662
	14.9049281	51.3775167
	14.9073001	51.3781385
	14.9097117	51.3791226
	14.9130345	51.3804235
	14.9148911	51.381606
	14.9170459	51.3826542
	14.9176281	51.3829374
	14.9171504	51.3838605
	14.9164437	51.3853292
	14.915124	51.3864698
	14.9128333	51.3867445
	14.9126054	51.3872976
	14.9116287	51.3889609
	14.9103687	51.3906355
	14.9110574	51.3916883
	14.913869	51.3910322
	14.9142913	51.3922759
	14.9150772	51.3942252
	14.9143305	51.395339
	14.9105426	51.3949576
	14.907672	51.3950797
	14.9069851	51.3951797
	14.9059695	51.3953276
	14.9048985	51.3960943
	14.9029855	51.3970786
	14.9002675	51.398635
	14.8981266	51.4001685
	14.8960019	51.4018775
	14.8945845	51.4021178
	14.892867	51.4023696
	14.891796	51.4031363
	14.8918071	51.4032408
	14.8918914	51.4040366
	14.8923522	51.4056388
	14.8886384	51.4059822
	14.8832024	51.4063903
	14.8820383	51.4064814
	14.8797587	51.4065314
	14.8790358	51.4073287
	14.8757249	51.4060241
	14.8727387	51.4050666
	14.8690652	51.4030562
	14.8660603	51.4019194
	14.8642052	51.400733
	14.8632487	51.3998709
	14.8612194	51.3997755
	14.8583297	51.3997145
	14.8559429	51.3990927
	14.8540878	51.3979064
	14.853092	51.3966856
	14.8523285	51.3949118
	14.8507031	51.3931761
	14.8483134	51.392375
	14.8441802	51.3914633
	14.8411962	51.3905058
	14.8385181	51.3897123
	14.8363761	51.3885374
	14.8363808	51.3858327
	14.8376635	51.3843374
	14.8386593	51.3828534
	14.8412628	51.3802213
	14.8375703	51.3807363
	14.8345099	51.3817624
	14.8323269	51.3829335
	14.8304127	51.3839178
	14.82728	51.384406
	14.8247737	51.38523
	14.8239497	51.3856268
	14.823126	51.3860197
	14.8210229	51.3852033
	14.8196678	51.3832769
	14.8195724	51.3823804
	14.817582	51.3826399
	14.8149673	51.3796834
	14.8128642	51.378867
	14.8132688	51.3772268
	14.8163832	51.3772534
	14.8184309	51.3775281
	14.8207053	51.3772534
	14.820881	51.3761662
	14.8204602	51.3749227
	14.8188935	51.3737248
	14.8190299	51.3722752
	14.818842	51.3704785
	14.8177919	51.3687199
	14.8182001	51.3667172
	14.8168029	51.3647908
	14.8168821	51.3628033
	14.8161002	51.3608539
	14.8170031	51.3584735
	14.8179243	51.3562687
	14.8185407	51.3538997
	14.8189813	51.352618
	14.8193845	51.3509814
	14.8191775	51.3490054
	14.8210524	51.3476664
	14.8229845	51.3468615
	14.8209581	51.3467661
	14.8189698	51.3470294
	14.816943	51.3469302
	14.8178826	51.3449083
	14.8160876	51.3442599
	14.8137923	51.3443553
	14.8112316	51.3446413
	14.8086882	51.3451068
	14.805518	51.3450838
	14.8076049	51.3430163
	14.803196	51.3422953
END
END
