6548209
1
	11.1409211	53.5696037
	11.1414174	53.5683143
	11.1414779	53.5679064
	11.1414566	53.567485
	11.1420913	53.5673356
	11.1425038	53.5669706
	11.1431604	53.5669806
	11.1454249	53.5664246
	11.1462278	53.5665377
	11.1476168	53.5666777
	11.1479216	53.5668585
	11.1495976	53.5673284
	11.1524548	53.5680532
	11.1528084	53.5679832
	11.1556399	53.5689063
	11.1578193	53.5701213
	11.159082	53.5707311
	11.1600974	53.5707002
	11.1615361	53.5703132
	11.1638025	53.5702174
	11.1648771	53.5702332
	11.1677303	53.5702401
	11.1693059	53.5705992
	11.174781	53.5722581
	11.1771966	53.573212
	11.1773276	53.573266
	11.1791893	53.5744029
	11.181355	53.5754978
	11.1816359	53.5755848
	11.1824058	53.5758217
	11.1851743	53.5769656
	11.1863192	53.5771066
	11.187509	53.5772516
	11.1903665	53.5778126
	11.1906855	53.5779315
	11.193737	53.5790524
	11.1961696	53.5798884
	11.1974844	53.5803383
	11.1981572	53.5807503
	11.199933	53.5813982
	11.2024775	53.583703
	11.2028784	53.5853048
	11.2028443	53.5944028
	11.2033362	53.5958526
	11.2034082	53.5960626
	11.2036879	53.5970939
	11.20391	53.5975504
	11.2040234	53.5977378
	11.204165	53.5979204
	11.2053538	53.5996632
	11.2061256	53.6007921
	11.2064023	53.6011923
	11.1984325	53.6060867
	11.1967376	53.6071275
	11.1962028	53.6071862
	11.175216	53.6094891
	11.1636718	53.6078014
	11.1633738	53.60522
	11.1645658	53.6028154
	11.1600261	53.6026772
	11.1521109	53.5908646
	11.1469027	53.5878582
	11.147893	53.5874642
	11.1483529	53.5871553
	11.1486649	53.5867543
	11.1485969	53.5863503
	11.14818	53.5861634
	11.1474761	53.5858504
	11.1467352	53.5851675
	11.1460623	53.5848055
	11.1455444	53.5844425
	11.1449475	53.5840806
	11.1442806	53.5834926
	11.1443356	53.5830427
	11.1431648	53.5822188
	11.142055	53.5811769
	11.1411002	53.579911
	11.1410422	53.5790561
	11.1414351	53.5783852
	11.14251	53.5783662
	11.1433218	53.5783542
	11.1457355	53.5785072
	11.1468021	53.5780183
	11.1467444	53.5776623
	11.1463805	53.5775653
	11.1458384	53.5775395
	11.1456953	53.5774446
	11.1460654	53.5771604
	11.1464534	53.5767594
	11.1463003	53.5764611
	11.1454089	53.5759184
	11.1444685	53.5756424
	11.1433171	53.5753509
	11.1430124	53.5751878
	11.142734	53.5747879
	11.1425141	53.5738107
	11.1423985	53.5728146
	11.1422221	53.5724692
	11.1422617	53.571543
	11.1420017	53.57093
	11.1412591	53.5702402
	11.1409211	53.5696037
END
END
