6548464
1
	13.9523848	53.6898911
	13.9578865	53.683507
	13.9604289	53.6805055
	13.9626541	53.6781988
	13.9654887	53.6724167
	13.9740245	53.6737794
	13.9765844	53.667928
	13.977211	53.6672275
	13.9793825	53.6641661
	13.9833479	53.6597719
	13.9863734	53.6536108
	13.9947965	53.6552071
	14.0073792	53.6577249
	14.0227075	53.6606151
	14.0237128	53.6605783
	14.0238319	53.660769
	14.0241259	53.6611295
	14.0248082	53.6615052
	14.0255872	53.661659
	14.0264261	53.6615878
	14.0270903	53.6614111
	14.0305482	53.6621924
	14.0309484	53.662406
	14.0302907	53.6627926
	14.0306726	53.6639108
	14.0311999	53.6653859
	14.0325153	53.6674785
	14.0347721	53.6672115
	14.0360612	53.6670377
	14.0362189	53.6672208
	14.0361926	53.667482
	14.0358702	53.6683691
	14.0362468	53.6695033
	14.0368932	53.6698596
	14.0371416	53.6704625
	14.0375257	53.6709541
	14.0380439	53.6713892
	14.038009	53.6715993
	14.0377542	53.6718026
	14.0370139	53.6720823
	14.0365316	53.6724195
	14.0358745	53.6726356
	14.0343451	53.6726333
	14.0336204	53.6731888
	14.0333066	53.6736175
	14.0333296	53.6742591
	14.0328699	53.6741851
	14.0328152	53.6748877
	14.0320572	53.6761959
	14.0314489	53.6775076
	14.0328871	53.6791767
	14.03469	53.6816652
	14.0370048	53.6842904
	14.0375251	53.6850837
	14.0408535	53.6874715
	14.0420298	53.6885547
	14.0435951	53.6900271
	14.0438607	53.690529
	14.0455966	53.6907625
	14.0456384	53.692492
	14.0451398	53.6941078
	14.0449958	53.6946252
	14.0459142	53.6943425
	14.0470745	53.6943028
	14.0479822	53.6945925
	14.0483684	53.6950674
	14.045062	53.6953285
	14.0451371	53.6962077
	14.0451478	53.6977665
	14.0478043	53.6976674
	14.0491046	53.6979056
	14.0510015	53.695394
	14.052894	53.6948286
	14.0535528	53.6947352
	14.0541536	53.6947918
	14.0590661	53.6946151
	14.0592451	53.6946701
	14.0602247	53.6946611
	14.0604685	53.6946631
	14.0612248	53.6945585
	14.0621723	53.6946533
	14.0617206	53.6956951
	14.0617617	53.6959567
	14.0619771	53.6961467
	14.0627324	53.6967273
	14.0627796	53.6982816
	14.0627324	53.6996904
	14.0625307	53.7005543
	14.0618826	53.7012453
	14.0614331	53.7014822
	14.0608119	53.70142
	14.0599901	53.7013888
	14.0595566	53.7016696
	14.0596307	53.7021402
	14.0598581	53.7025365
	14.0604557	53.7033635
	14.0611035	53.703603
	14.0617904	53.7038709
	14.0616809	53.7040824
	14.0607089	53.704245
	14.0602379	53.7044158
	14.0594011	53.7057114
	14.0590084	53.7061242
	14.0587659	53.7064703
	14.0589569	53.7069129
	14.0588078	53.7071638
	14.0581522	53.7071765
	14.0573626	53.7071676
	14.0568422	53.7075778
	14.0566802	53.7080211
	14.0568176	53.7083488
	14.0570482	53.7096709
	14.0568894	53.7100881
	14.0563959	53.7101173
	14.0555805	53.7100163
	14.0551396	53.7102564
	14.0551793	53.7107263
	14.0552994	53.7111244
	14.0546128	53.711254
	14.0540259	53.7114984
	14.0526612	53.7123195
	14.0510497	53.7135862
	14.0507686	53.7140027
	14.0503052	53.7141945
	14.0494855	53.7141983
	14.0482023	53.714091
	14.0473236	53.7142536
	14.0469116	53.7152117
	14.0460469	53.715498
	14.0447787	53.7154326
	14.0419656	53.7153431
	14.0414979	53.7154599
	14.0409453	53.7157583
	14.040631	53.7163114
	14.0406857	53.7168142
	14.0401632	53.7183646
	14.0399593	53.7195855
	14.0396901	53.7199537
	14.038776	53.7192465
	14.0382449	53.7187284
	14.0363889	53.7182162
	14.0354683	53.717917
	14.0323505	53.717912
	14.0312475	53.718157
	14.0321895	53.7183532
	14.0317464	53.7189367
	14.0312754	53.7193144
	14.0315265	53.7203105
	14.0312089	53.7203568
	14.0313083	53.7213082
	14.0299677	53.7216509
	14.0297202	53.7218414
	14.0294515	53.7220017
	14.029356	53.7226981
	14.0296438	53.7231842
	14.02967	53.7232285
	14.0291216	53.7239471
	14.0287734	53.7242845
	14.0285369	53.7244524
	14.0280713	53.724719
	14.0278901	53.7252911
	14.0260344	53.7256537
	14.0237255	53.7266021
	14.021642	53.7276012
	14.0192527	53.7278659
	14.0167164	53.7281198
	14.0157433	53.7278386
	14.0154697	53.7274952
	14.0140331	53.7267938
	14.0127349	53.7259057
	14.0123144	53.7254189
	14.0117661	53.7252138
	14.0094776	53.7250628
	14.008261	53.7251408
	14.0070068	53.725787
	14.0052752	53.7260086
	14.0036025	53.7259597
	14.0031817	53.7256077
	14.0027281	53.7231768
	14.0022464	53.7227508
	14.0001886	53.7219598
	13.9971309	53.7192566
	13.9962726	53.7188421
	13.9950517	53.7183945
	13.9941848	53.7164847
	13.9946107	53.7159729
	13.9958155	53.7157926
	13.9979323	53.7152326
	13.9998968	53.7144593
	14.001695	53.7134992
	14.0027453	53.7123055
	14.0012669	53.7120248
	13.9987595	53.7118413
	13.9989948	53.7090632
	13.9956499	53.7057494
	13.9862095	53.7043194
	13.984825	53.7041071
	13.9794901	53.7032888
	13.9750799	53.7026286
	13.968463	53.7017482
	13.9564381	53.7000753
	13.9578221	53.6982612
	13.9600752	53.6924806
	13.9534169	53.6915721
	13.9523848	53.6898911
END
END
