6548095
1
	12.274995	53.378789
	12.275176	53.378644
	12.275444	53.378416
	12.275831	53.378092
	12.276244	53.377676
	12.27637	53.377564
	12.276589	53.377382
	12.27715	53.377003
	12.27732	53.376902
	12.277611	53.376735
	12.277852	53.376564
	12.278	53.376462
	12.278181	53.376292
	12.278343	53.376175
	12.278591	53.376004
	12.278787	53.375842
	12.279022	53.375678
	12.279787	53.375388
	12.280015	53.375298
	12.280214	53.375222
	12.280282	53.375185
	12.280337	53.375149
	12.28046	53.37503
	12.280567	53.374893
	12.280663	53.374791
	12.281305	53.374439
	12.281456	53.374365
	12.281614	53.374321
	12.282013	53.374232
	12.282289	53.374159
	12.282425	53.374124
	12.282661	53.374061
	12.282747	53.374039
	12.282974	53.373947
	12.283332	53.373853
	12.283652	53.373704
	12.285375	53.372898
	12.285985	53.372773
	12.286268	53.372748
	12.28652	53.372719
	12.286838	53.372672
	12.287081	53.372628
	12.287339	53.372558
	12.28775	53.372409
	12.288157	53.372199
	12.288311	53.37213
	12.288454	53.372026
	12.288642	53.371866
	12.288777	53.371768
	12.288853	53.371723
	12.288955	53.371698
	12.289057	53.371665
	12.289359	53.371619
	12.289676	53.371543
	12.289714	53.371518
	12.289718	53.371488
	12.289741	53.37141
	12.28978	53.371359
	12.28984	53.371332
	12.290002	53.371294
	12.290059	53.371278
	12.290082	53.371258
	12.290106	53.371247
	12.290114	53.371212
	12.290116	53.371151
	12.290088	53.3709
	12.290117	53.370882
	12.290187	53.370865
	12.290386	53.370832
	12.290407	53.370827
	12.291022	53.370787
	12.292068	53.370736
	12.29326	53.370633
	12.293558	53.37062
	12.294336	53.370544
	12.294774	53.370495
	12.295566	53.37044
	12.296265	53.370388
	12.296925	53.370287
	12.29764	53.370179
	12.298176	53.3701
	12.298531	53.370045
	12.299407	53.369891
	12.300179	53.369732
	12.300773	53.369565
	12.30141	53.369379
	12.301574	53.369332
	12.302566	53.368919
	12.303058	53.368756
	12.303276	53.368693
	12.303463	53.368638
	12.304035	53.368472
	12.304873	53.368302
	12.306018	53.368034
	12.306291	53.367962
	12.306944	53.367787
	12.307041	53.367761
	12.308289	53.367434
	12.308334	53.367433
	12.308256	53.366645
	12.308302	53.366643
	12.309653	53.366541
	12.310438	53.366467
	12.310429	53.366175
	12.310428	53.366124
	12.311718	53.366005
	12.311866	53.365945
	12.311847	53.365678
	12.311817	53.365382
	12.31181	53.364983
	12.311826	53.364793
	12.311892	53.364728
	12.311999	53.364665
	12.312093	53.364586
	12.312131	53.364487
	12.312048	53.364326
	12.311856	53.36422
	12.311777	53.363891
	12.311789	53.363731
	12.311781	53.363376
	12.311836	53.363062
	12.311908	53.362766
	12.312028	53.362345
	12.310435	53.362339
	12.308408	53.362374
	12.308333	53.362383
	12.307384	53.36247
	12.306651	53.362568
	12.306264	53.362522
	12.305901	53.362502
	12.305369	53.362533
	12.303529	53.362652
	12.303385	53.362662
	12.303277	53.362669
	12.302002	53.362767
	12.301887	53.362783
	12.299964	53.362898
	12.299901	53.3615
	12.299898	53.36145
	12.299896	53.361392
	12.299872	53.36085
	12.299869	53.360804
	12.299835	53.360048
	12.299814	53.359581
	12.299801	53.359282
	12.296559	53.359101
	12.296512	53.359122
	12.294642	53.357757
	12.293558	53.35695
	12.293174	53.356706
	12.292414	53.356228
	12.291817	53.355848
	12.291251	53.355479
	12.290798	53.355141
	12.290433	53.354871
	12.290003	53.354565
	12.290048	53.354549
	12.291732	53.35442
	12.2917962	53.3544136
	12.292637	53.35433
	12.292712	53.354322
	12.293906	53.354187
	12.295537	53.354024
	12.296738	53.353918
	12.297935	53.353793
	12.299162	53.353664
	12.30045	53.353548
	12.301162	53.353452
	12.303036	53.353238
	12.303523	53.353168
	12.303517	53.353145
	12.303532	53.353143
	12.303774	53.35311
	12.303902	53.353092
	12.304055	53.353072
	12.309737	53.352296
	12.309751	53.352294
	12.311529	53.352011
	12.312485	53.353163
	12.313675	53.354582
	12.314192	53.355323
	12.314264	53.355426
	12.315178	53.356734
	12.318371	53.356942
	12.318508	53.356951
	12.318537	53.356916
	12.319009	53.356334
	12.319654	53.355539
	12.319779	53.355384
	12.3262341	53.3565574
	12.3394813	53.3568152
	12.3515766	53.3603386
	12.3540245	53.3657519
	12.3583442	53.3682435
	12.3602161	53.3722813
	12.3672717	53.369704
	12.3770135	53.3737078
	12.3784582	53.3764395
	12.3754349	53.3782009
	12.3738403	53.3812328
	12.3740666	53.3835561
	12.373198	53.3856487
	12.3677154	53.3891458
	12.3611461	53.3940402
	12.3560733	53.3977819
	12.3496171	53.4003184
	12.3520428	53.4019635
	12.3519217	53.4032712
	12.347932	53.4036587
	12.3436902	53.4041164
	12.3417957	53.4022787
	12.3250723	53.4009393
	12.3225762	53.3963258
	12.31617	53.395135
	12.31635	53.394976
	12.316399	53.394889
	12.316446	53.394756
	12.316466	53.394621
	12.316471	53.394529
	12.316454	53.394458
	12.316447	53.394374
	12.316405	53.394234
	12.316392	53.394163
	12.316278	53.393833
	12.316241	53.393766
	12.316163	53.393671
	12.316057	53.393597
	12.315976	53.393552
	12.315924	53.393494
	12.315903	53.393448
	12.315893	53.393401
	12.315919	53.393397
	12.315963	53.393405
	12.315989	53.393397
	12.316012	53.393362
	12.316035	53.393365
	12.316017	53.393463
	12.316135	53.393477
	12.316139	53.393462
	12.316095	53.393336
	12.316068	53.393309
	12.316117	53.393245
	12.316079	53.393169
	12.316146	53.393154
	12.31607	53.39301
	12.316079	53.392957
	12.316081	53.392714
	12.316099	53.39263
	12.316109	53.392585
	12.316118	53.392543
	12.316099	53.392493
	12.316072	53.392459
	12.316033	53.39241
	12.316	53.392355
	12.315988	53.392289
	12.315979	53.392219
	12.315776	53.392032
	12.315807	53.391988
	12.315826	53.391938
	12.315821	53.391893
	12.315823	53.391794
	12.315808	53.391759
	12.315766	53.391714
	12.31569	53.391662
	12.315533	53.391576
	12.315734	53.39153
	12.315336	53.391306
	12.316053	53.390734
	12.315875	53.390645
	12.315571	53.39055
	12.315259	53.390458
	12.314991	53.39042
	12.314559	53.390459
	12.314287	53.390488
	12.313848	53.390544
	12.313475	53.390597
	12.313468	53.390599
	12.313109	53.390638
	12.312894	53.390665
	12.312719	53.390705
	12.312537	53.390757
	12.312362	53.390842
	12.312213	53.390923
	12.312061	53.391033
	12.311831	53.391329
	12.31166	53.391554
	12.311513	53.391694
	12.311275	53.391838
	12.310938	53.391975
	12.310527	53.392111
	12.310075	53.392228
	12.309805	53.392233
	12.309603	53.392333
	12.309199	53.392562
	12.309065	53.392622
	12.308815	53.392719
	12.308627	53.392831
	12.308426	53.393043
	12.308379	53.393147
	12.308367	53.393347
	12.308476	53.393454
	12.308687	53.393697
	12.308797	53.393929
	12.308675	53.394273
	12.308283	53.394113
	12.307835	53.393923
	12.306663	53.393434
	12.306309	53.393289
	12.306259	53.393269
	12.305949	53.393141
	12.305329	53.39268
	12.304639	53.392164
	12.303993	53.391771
	12.30334	53.391429
	12.303033	53.39127
	12.302961	53.391233
	12.302338	53.390909
	12.301181	53.390433
	12.300175	53.390015
	12.299095	53.389699
	12.298795	53.389684
	12.295934	53.388506
	12.295892	53.388489
	12.29569	53.388417
	12.295612	53.38837
	12.294784	53.387866
	12.293785	53.387256
	12.292433	53.386421
	12.291919	53.386186
	12.29108	53.38581
	12.290519	53.385557
	12.29043	53.385516
	12.289618	53.38515
	12.28853	53.384386
	12.28775	53.383836
	12.286587	53.383317
	12.286514	53.383284
	12.28632	53.383197
	12.284924	53.382824
	12.283841	53.382532
	12.282623	53.382209
	12.282231	53.382058
	12.282142	53.382024
	12.280224	53.381283
	12.27996	53.381163
	12.279885	53.38113
	12.27981	53.381096
	12.279293	53.380795
	12.278945	53.380621
	12.27856	53.380431
	12.278272	53.380269
	12.278004	53.380122
	12.277901	53.380074
	12.27756	53.379912
	12.276896	53.379608
	12.27579	53.379134
	12.275004	53.378792
	12.274995	53.378789
END
END
