6548204
1
	11.191082	53.762632
	11.1963773	53.7604732
	11.1994451	53.760822
	11.1977932	53.7583806
	11.1993271	53.7576132
	11.2002711	53.7475668
	11.1979112	53.7441477
	11.1990911	53.741496
	11.222631	53.7420891
	11.2338404	53.7275994
	11.2339159	53.7220144
	11.2391837	53.7180455
	11.2460711	53.7156518
	11.2520839	53.7142931
	11.2629179	53.707098
	11.2643829	53.7019338
	11.2701109	53.7018764
	11.2695551	53.7035892
	11.2699144	53.7054737
	11.2701397	53.7079876
	11.270499	53.7099598
	11.2722187	53.7117413
	11.2740348	53.7120453
	11.2751067	53.7130814
	11.2755391	53.7136329
	11.2757898	53.7157487
	11.2765165	53.7157031
	11.2771169	53.716502
	11.2782895	53.7166628
	11.2795213	53.7163302
	11.2797549	53.7169052
	11.2791017	53.7169275
	11.2784727	53.721446
	11.2792099	53.7259321
	11.2780237	53.72684
	11.2765521	53.7282935
	11.275359	53.7290259
	11.2741642	53.729579
	11.2729891	53.730857
	11.2721165	53.7321235
	11.2694262	53.7334128
	11.2670603	53.7354117
	11.2671067	53.7370292
	11.26684	53.738292
	11.2662917	53.7402718
	11.266035	53.7419006
	11.2657535	53.7426254
	11.2642696	53.7437165
	11.264081	53.7443981
	11.2637206	53.7457001
	11.2651462	53.7468735
	11.2643566	53.748119
	11.2631989	53.7491518
	11.2672398	53.750747
	11.267295	53.7509451
	11.266432	53.7518624
	11.2663339	53.7528573
	11.2656904	53.7534668
	11.2643471	53.754272
	11.2645257	53.7560916
	11.2641004	53.7566138
	11.2647578	53.7569986
	11.2629942	53.7582595
	11.2626339	53.759208
	11.2616864	53.7596029
	11.2598825	53.7617994
	11.2591876	53.7633316
	11.2599231	53.7637878
	11.2578291	53.7668442
	11.254635	53.7664546
	11.2524184	53.7659564
	11.2510299	53.7652507
	11.2478053	53.7638354
	11.2470997	53.7656513
	11.2460928	53.7675471
	11.2458581	53.7699847
	11.2425241	53.7701068
	11.239044	53.770412
	11.2380169	53.7716823
	11.2368534	53.773399
	11.235075	53.7748562
	11.2332696	53.7754208
	11.2314217	53.7761583
	11.2309132	53.7767622
	11.2280067	53.777935
	11.2264554	53.7782534
	11.2252231	53.7774943
	11.2191753	53.7734182
	11.2174966	53.7722938
	11.213285	53.7701206
	11.2114446	53.7713161
	11.2079886	53.7725177
	11.2051191	53.7729946
	11.1985012	53.7700981
	11.191082	53.762632
END
END
