6548704
1
	13.6764422	50.9658898
	13.6810184	50.9627615
	13.6830997	50.9571433
	13.6887457	50.9512945
	13.6947738	50.9540504
	13.6953444	50.9535103
	13.6932862	50.952502
	13.6942514	50.9518472
	13.695259	50.9521844
	13.6965727	50.951298
	13.6976152	50.9516442
	13.7005766	50.9527809
	13.7001733	50.9523683
	13.7000097	50.9520548
	13.7000862	50.9518612
	13.700701	50.9518921
	13.7113452	50.9526483
	13.7215533	50.9555826
	13.7256167	50.9592658
	13.7339417	50.9592658
	13.7366176	50.963136
	13.7365185	50.9660696
	13.7487086	50.969752
	13.749997	50.9746822
	13.755517	50.9783885
	13.7585181	50.9770722
	13.7599714	50.9787631
	13.7633507	50.9775961
	13.7640262	50.9787951
	13.7664734	50.9777057
	13.7683161	50.9786385
	13.7735254	50.9825531
	13.7718052	50.9836729
	13.7728963	50.984112
	13.7738685	50.9846913
	13.7737807	50.9847476
	13.7745168	50.9851941
	13.7735392	50.9856793
	13.7725485	50.986666
	13.7720926	50.986466
	13.7718028	50.9861047
	13.771481	50.9858811
	13.7706973	50.9865555
	13.7709568	50.9877583
	13.7708841	50.9883798
	13.7706959	50.9890167
	13.770659	50.9890989
	13.7705989	50.9892461
	13.7704115	50.989599
	13.7702848	50.9897869
	13.7701486	50.9899747
	13.7697692	50.9905029
	13.7696854	50.9906701
	13.7694788	50.9908547
	13.7690476	50.991302
	13.7686445	50.9917142
	13.7680777	50.9922953
	13.7673461	50.9930448
	13.7672234	50.9931699
	13.767135	50.9932601
	13.7659353	50.9944814
	13.7655068	50.9949303
	13.7668413	50.9964427
	13.7648317	50.9968289
	13.7649591	50.9975202
	13.7651644	50.9988104
	13.7655056	51.0008863
	13.7652756	51.0008788
	13.7647014	51.0008531
	13.7636708	51.0008266
	13.7636515	51.000805
	13.7636411	51.0007727
	13.7636079	51.0006367
	13.7635528	51.0003664
	13.7635074	51.0000499
	13.7634137	51.0000614
	13.7627251	51.0000952
	13.7622123	51.0001165
	13.761607	51.0001367
	13.7610309	51.0001535
	13.7592807	51.0001749
	13.7581929	51.000172
	13.7581622	51.0009346
	13.7577429	51.0009264
	13.757234	51.0009222
	13.7571207	51.000921
	13.7569959	51.0009071
	13.7567272	51.0008134
	13.7566345	51.0007539
	13.7567069	51.000727
	13.7567068	51.0006541
	13.7566403	51.0005365
	13.7564337	51.0005142
	13.7562955	51.0003946
	13.7561333	51.0002734
	13.7559059	51.0003494
	13.75568	51.0004328
	13.7553982	51.0004685
	13.7549171	51.0005797
	13.7547769	51.0004093
	13.7541917	50.9996529
	13.7536779	50.9998385
	13.7530004	51.0000721
	13.7526553	51.0001819
	13.7518681	51.0004171
	13.7515409	51.0000233
	13.7511493	50.9996188
	13.7507903	50.9999167
	13.7503281	51.0001387
	13.7502159	51.0002344
	13.7498717	51.0004716
	13.7497573	51.0006475
	13.7496706	51.0007313
	13.7495447	51.0008462
	13.7493296	51.0010128
	13.748507	51.001692
	13.7488371	51.0019337
	13.7487301	51.0021192
	13.7481795	51.0028726
	13.7479569	51.0028551
	13.7475754	51.0028361
	13.746977	51.0028118
	13.7461437	51.0027583
	13.7458312	51.0028025
	13.7454424	51.0028787
	13.7449404	51.0029537
	13.7447988	51.0029581
	13.744506	51.0029728
	13.7443307	51.0030007
	13.7439181	51.0030826
	13.7439442	51.0031662
	13.7439498	51.0033091
	13.7439428	51.0033923
	13.7439055	51.0035526
	13.7438162	51.0040009
	13.7437878	51.0041148
	13.7432097	51.0041146
	13.7424802	51.0040767
	13.7423437	51.0040733
	13.7421499	51.0040752
	13.7419722	51.0040693
	13.7417596	51.004059
	13.7416281	51.0046948
	13.7415115	51.0051305
	13.7414675	51.0052282
	13.74137	51.0054275
	13.7413186	51.0055693
	13.7412161	51.0057165
	13.7399913	51.0053165
	13.7398995	51.0054217
	13.7396953	51.0056661
	13.7396588	51.005709
	13.7395466	51.0056704
	13.7394401	51.0056152
	13.7389437	51.0061946
	13.7394985	51.0063833
	13.7400606	51.0067281
	13.7394841	51.0072267
	13.7389911	51.0075902
	13.7383264	51.0080616
	13.7381518	51.0081468
	13.7371882	51.0083974
	13.7359969	51.0085551
	13.7354543	51.0085471
	13.7347852	51.0085656
	13.7344344	51.0085721
	13.7338389	51.0085862
	13.7335532	51.0085985
	13.7329248	51.0086174
	13.7322001	51.0086479
	13.73244	51.0097282
	13.730971	51.0097234
	13.7308995	51.010142
	13.7300452	51.0101306
	13.7298732	51.0101106
	13.7297337	51.0101065
	13.7294831	51.0101089
	13.7288259	51.0101096
	13.7281076	51.0100966
	13.7277505	51.0100875
	13.7274674	51.0100766
	13.7271017	51.0100214
	13.7267305	51.0100033
	13.726259	51.0099161
	13.7258825	51.0098121
	13.7255705	51.0093346
	13.7251531	51.0089077
	13.7250218	51.0088004
	13.724452	51.0090905
	13.7244022	51.0090714
	13.7243243	51.0090097
	13.7242742	51.0089986
	13.7241387	51.0088939
	13.7240903	51.0088273
	13.7240327	51.008787
	13.7240333	51.0087632
	13.7239917	51.0087521
	13.7239589	51.0087253
	13.7239637	51.0087042
	13.7239514	51.0086909
	13.7239011	51.0086903
	13.7238391	51.0086605
	13.7237231	51.008609
	13.7236195	51.0085629
	13.723504	51.0084955
	13.7234467	51.0084446
	13.723344	51.0083642
	13.7232289	51.0082835
	13.7231179	51.0082003
	13.7230642	51.0081733
	13.7229314	51.0081216
	13.7228579	51.008052
	13.7228765	51.0079834
	13.722924	51.0079337
	13.7229006	51.0078699
	13.7229101	51.0078304
	13.722915	51.0078013
	13.722878	51.0077771
	13.7228278	51.0077713
	13.7228199	51.0077527
	13.7227792	51.0077099
	13.7227253	51.0076882
	13.7227043	51.0076879
	13.7226782	51.007722
	13.722632	51.0077242
	13.7225945	51.0077185
	13.7225738	51.0077077
	13.7225321	51.0076993
	13.7225018	51.0077333
	13.7224301	51.0077511
	13.7223632	51.0077424
	13.7223092	51.0077233
	13.7222594	51.0077042
	13.7222601	51.0076804
	13.7222646	51.0076672
	13.7223199	51.0076388
	13.7223375	51.0076039
	13.7219886	51.0076962
	13.7216372	51.0078803
	13.7207455	51.0070621
	13.7203761	51.0071455
	13.7195512	51.007336
	13.7193084	51.0073578
	13.7190289	51.0073705
	13.7189245	51.0071018
	13.7186434	51.0071877
	13.7181545	51.0073353
	13.7177842	51.0074492
	13.7176658	51.0074741
	13.717478	51.0075026
	13.7172738	51.0075453
	13.7165114	51.0070947
	13.7161474	51.0072969
	13.7157728	51.0074989
	13.7154578	51.0076451
	13.7150547	51.0073547
	13.7147404	51.0074743
	13.7146174	51.0075394
	13.7144243	51.0076603
	13.7138014	51.0080303
	13.7137398	51.0080573
	13.7134008	51.0075256
	13.7133391	51.0074232
	13.713087	51.0070883
	13.7128976	51.006842
	13.7127093	51.0067656
	13.7116952	51.0063743
	13.7114007	51.0062553
	13.710103	51.0058499
	13.7100347	51.0058142
	13.7086712	51.0051612
	13.7085688	51.0051098
	13.7070631	51.0047174
	13.7069528	51.0047219
	13.7068671	51.0047223
	13.7064366	51.0047906
	13.7057547	51.0048967
	13.7054499	51.0048977
	13.7051592	51.0048858
	13.7047719	51.004864
	13.7043712	51.0048246
	13.7041504	51.0047915
	13.7034936	51.0047449
	13.7027257	51.0047058
	13.7021934	51.0049141
	13.7015414	51.0049418
	13.7012311	51.0054216
	13.7012089	51.0054055
	13.7012127	51.0053596
	13.7011741	51.005307
	13.7010537	51.0053072
	13.701044	51.0052945
	13.7010444	51.0052787
	13.7010874	51.0052665
	13.7010565	51.005206
	13.7010212	51.0052135
	13.7009518	51.0051827
	13.7008857	51.0052168
	13.7008352	51.0052289
	13.7007993	51.0052538
	13.7007018	51.0052448
	13.7005082	51.0052632
	13.7004546	51.0052943
	13.7004043	51.0053
	13.7003639	51.0053107
	13.7002861	51.0053098
	13.7002788	51.0053034
	13.7002843	51.0052845
	13.7002647	51.0052684
	13.7001007	51.005303
	13.7000634	51.0052947
	13.7000081	51.0052972
	13.699972	51.0052446
	13.6999345	51.0052378
	13.6999091	51.0052518
	13.6998842	51.0052452
	13.6999054	51.0052027
	13.6997351	51.0051945
	13.6997204	51.0051832
	13.6997338	51.0051517
	13.6996593	51.0051256
	13.6996342	51.0051269
	13.6996189	51.0051331
	13.6995754	51.0051642
	13.6995653	51.0051673
	13.6994853	51.0051601
	13.6995339	51.0051242
	13.6995191	51.0051145
	13.6994615	51.0051123
	13.6993916	51.0050118
	13.6993392	51.0050034
	13.6993281	51.004951
	13.6992932	51.0049427
	13.6992938	51.0049206
	13.6992691	51.0049076
	13.6991856	51.0049352
	13.6991453	51.0049395
	13.6991021	51.0048694
	13.6990716	51.0048849
	13.699059	51.0048863
	13.6990168	51.00487
	13.6989165	51.0048689
	13.6988913	51.0048765
	13.6988605	51.0048999
	13.6988156	51.0048931
	13.6987476	51.0049018
	13.698727	51.0049222
	13.6986892	51.0049265
	13.698671	51.00495
	13.6986483	51.0049545
	13.6985407	51.0049454
	13.6984888	51.0049179
	13.6985784	51.0048525
	13.69849	51.0047866
	13.6984244	51.0048001
	13.6983795	51.0047917
	13.698343	51.0047517
	13.6983385	51.0047311
	13.6982485	51.0047238
	13.6981918	51.0047754
	13.698127	51.0047636
	13.6981187	51.0047904
	13.6980985	51.0047933
	13.6980466	51.004769
	13.6979757	51.0047904
	13.6979825	51.0047272
	13.6980108	51.0047021
	13.6979562	51.004681
	13.6978784	51.0045947
	13.6977369	51.0046079
	13.6977092	51.0046339
	13.6975982	51.0046596
	13.6975947	51.0046026
	13.6975443	51.0046115
	13.697522	51.0046033
	13.6975352	51.0045798
	13.6975883	51.0045629
	13.697581	51.0045565
	13.6975184	51.0045527
	13.6974705	51.00456
	13.6974463	51.0045313
	13.6973283	51.0045331
	13.6973598	51.0044829
	13.6972822	51.0044788
	13.6972072	51.0044701
	13.6971615	51.0043999
	13.6971755	51.0043495
	13.6970934	51.0043248
	13.6970999	51.0042711
	13.6970425	51.0042609
	13.6970158	51.004229
	13.6969924	51.0041702
	13.6969173	51.0041662
	13.6968159	51.0041144
	13.6967708	51.0041108
	13.6967441	51.0040804
	13.6965222	51.0040336
	13.6964857	51.0039952
	13.6964281	51.0039914
	13.6963501	51.0039099
	13.6962969	51.0039314
	13.6962316	51.0039323
	13.6961866	51.0038368
	13.6961293	51.0038235
	13.6960431	51.0037688
	13.6960365	51.0037355
	13.6960478	51.0036897
	13.6959851	51.0036906
	13.6959633	51.0036618
	13.6959468	51.0036253
	13.6959142	51.0036265
	13.6958409	51.0035545
	13.6958009	51.0035508
	13.6956908	51.0034547
	13.695651	51.0034416
	13.6955974	51.003384
	13.6955668	51.0034042
	13.6955496	51.0033898
	13.6955457	51.0033518
	13.6954825	51.0033701
	13.6954157	51.0033361
	13.6953714	51.0033055
	13.6953257	51.0033256
	13.6952511	51.003301
	13.6951967	51.0032961
	13.6951448	51.0032861
	13.6950853	51.0032497
	13.6950294	51.0031754
	13.6949706	51.0031072
	13.6948772	51.0030369
	13.6949068	51.0030117
	13.6948926	51.0030024
	13.6948991	51.0029769
	13.6949331	51.0029007
	13.6948875	51.0028747
	13.6948745	51.0028253
	13.6948606	51.0028051
	13.6948434	51.0028012
	13.6948358	51.0027628
	13.6948164	51.0027316
	13.6948516	51.0027138
	13.6948394	51.0026334
	13.6949232	51.002545
	13.6947965	51.0025356
	13.6946352	51.0024936
	13.694555	51.0020435
	13.6949126	51.0020016
	13.697858	51.000403
	13.6976684	51.0000078
	13.6975446	50.9998896
	13.6979533	50.9995267
	13.6972275	50.9984139
	13.696539	50.9967288
	13.6963176	50.9966528
	13.6963559	50.9963534
	13.6965076	50.9951662
	13.6964262	50.9948582
	13.6959777	50.9940993
	13.6976835	50.9927727
	13.6979286	50.9927721
	13.6978728	50.9926124
	13.6984665	50.9924735
	13.6983188	50.9921335
	13.6986106	50.9918325
	13.6975543	50.9917879
	13.6957447	50.9914821
	13.6939938	50.9912928
	13.6925945	50.9909256
	13.6905421	50.9900856
	13.6872502	50.9893478
	13.6852215	50.9888065
	13.6834246	50.9877431
	13.6827225	50.9859329
	13.6821646	50.9851152
	13.6821226	50.9848923
	13.684342	50.9845793
	13.6869992	50.9845549
	13.6876512	50.9846443
	13.6899058	50.9854565
	13.6899825	50.9854546
	13.6913843	50.986032
	13.6925949	50.9865837
	13.6925519	50.9866585
	13.69271	50.9867066
	13.6930939	50.9867488
	13.6934659	50.9866987
	13.6937878	50.9865722
	13.6958469	50.9853249
	13.6970876	50.9848644
	13.6972088	50.9849482
	13.6978251	50.9847299
	13.6982082	50.9846217
	13.6988497	50.9844902
	13.6995306	50.984566
	13.6998994	50.9843626
	13.6997924	50.9843267
	13.6998315	50.9842614
	13.700009	50.9841968
	13.7016843	50.9833834
	13.7019513	50.9832135
	13.702092	50.9829951
	13.702164	50.982429
	13.7020724	50.982292
	13.7021683	50.9812115
	13.7022144	50.980957
	13.7029112	50.9799477
	13.7042181	50.9789903
	13.7022986	50.9780228
	13.7020605	50.9763761
	13.7005697	50.9758441
	13.6978628	50.9748921
	13.6956109	50.9746101
	13.6958582	50.9736105
	13.6970095	50.9728576
	13.6962306	50.9725085
	13.6927049	50.9723759
	13.6923233	50.9720523
	13.6893783	50.9715992
	13.6889617	50.971123
	13.6872236	50.9709451
	13.6858041	50.9709306
	13.6856197	50.9709757
	13.685806	50.971233
	13.685923	50.9716404
	13.6859332	50.9720142
	13.6857465	50.9720199
	13.6845291	50.9717519
	13.6831903	50.971338
	13.6811509	50.971069
	13.6815195	50.9699995
	13.6812974	50.9689038
	13.6811631	50.9687403
	13.678706	50.9667344
	13.6764422	50.9658898
END
END
