6548125
1
	12.989578	54.425945
	12.991653	54.422131
	12.992031	54.421485
	12.993798	54.415687
	12.993806	54.415554
	12.993778	54.414638
	12.990534	54.414189
	12.994837	54.40249
	12.993243	54.395089
	12.993111	54.394037
	12.992955	54.39142
	12.995423	54.389702
	12.995299	54.389593
	12.996619	54.389111
	12.996907	54.389
	12.997046	54.388937
	12.99751	54.388798
	12.998317	54.388649
	12.998425	54.388629
	13.003332	54.388567
	13.004924	54.38852
	13.008752	54.388529
	13.009457	54.388382
	13.012867	54.38831
	13.015049	54.387988
	13.016516	54.387799
	13.01757	54.387603
	13.017571	54.387603
	13.017761	54.387479
	13.017891	54.387432
	13.020076	54.386862
	13.020098	54.387098
	13.020207	54.387295
	13.020364	54.387882
	13.020384	54.388016
	13.020863	54.388748
	13.021161	54.388939
	13.022077	54.389372
	13.02243	54.389483
	13.023055	54.38978
	13.023865	54.390196
	13.02442	54.390471
	13.025017	54.390808
	13.025091	54.39085
	13.025609	54.39114
	13.025929	54.391413
	13.026156	54.391584
	13.026224	54.391624
	13.027034	54.392102
	13.027061	54.392119
	13.02802	54.392751
	13.028126	54.39283
	13.02856	54.393131
	13.028593	54.393156
	13.0291967	54.393596
	13.0296622	54.3937777
	13.02927	54.393798
	13.029292	54.39387
	13.029386	54.393855
	13.029468	54.393915
	13.029457	54.39402
	13.029519	54.394069
	13.029568	54.394345
	13.029374	54.394506
	13.029226	54.394576
	13.028914	54.394565
	13.028652	54.394513
	13.028397	54.394496
	13.028216	54.394432
	13.028166	54.394444
	13.028159	54.394491
	13.028291	54.394692
	13.02827	54.394767
	13.028203	54.394838
	13.028029	54.394846
	13.028001	54.394888
	13.028136	54.394957
	13.028152	54.395006
	13.027961	54.39508
	13.028056	54.395104
	13.028151	54.39518
	13.028158	54.395282
	13.028216	54.395409
	13.028187	54.395467
	13.027729	54.395547
	13.027229	54.395556
	13.026681	54.395606
	13.026408	54.395515
	13.026345	54.395547
	13.026418	54.395636
	13.026268	54.395654
	13.026264	54.395696
	13.026521	54.395781
	13.026559	54.395834
	13.026589	54.395914
	13.026568	54.396023
	13.026559	54.396067
	13.026456	54.396093
	13.026442	54.39612
	13.026582	54.396176
	13.026575	54.396241
	13.026417	54.396311
	13.026146	54.396332
	13.025761	54.396339
	13.025689	54.39631
	13.025503	54.396194
	13.025496	54.396145
	13.02543	54.396119
	13.025354	54.39616
	13.025332	54.3962
	13.025447	54.396335
	13.025445	54.39636
	13.025373	54.396345
	13.025394	54.396379
	13.025493	54.396428
	13.025467	54.396512
	13.025425	54.396546
	13.025354	54.396569
	13.025241	54.396578
	13.0253	54.396639
	13.025381	54.396654
	13.025409	54.396696
	13.025372	54.396725
	13.025289	54.396752
	13.02532	54.396838
	13.025249	54.396932
	13.025079	54.396936
	13.025027	54.396998
	13.024912	54.397025
	13.024797	54.397068
	13.024871	54.39711
	13.024739	54.397177
	13.024812	54.397213
	13.024779	54.397261
	13.024699	54.397274
	13.024605	54.397272
	13.024522	54.397266
	13.024528	54.397312
	13.024582	54.397325
	13.024629	54.397367
	13.024608	54.397408
	13.024697	54.397436
	13.024748	54.397492
	13.024665	54.397525
	13.024738	54.397556
	13.024746	54.39758
	13.024665	54.397589
	13.024657	54.397628
	13.024774	54.397645
	13.024793	54.397684
	13.024797	54.397781
	13.024752	54.397809
	13.02468	54.397805
	13.024708	54.397879
	13.024644	54.3979
	13.024624	54.397946
	13.024483	54.397944
	13.024391	54.397909
	13.024361	54.397811
	13.024221	54.397801
	13.02402	54.397656
	13.023751	54.397549
	13.023585	54.397537
	13.023406	54.397496
	13.023349	54.397528
	13.023596	54.397568
	13.02373	54.397575
	13.023807	54.397594
	13.023994	54.397688
	13.024079	54.397814
	13.0242	54.39793
	13.024255	54.397945
	13.024332	54.397937
	13.024324	54.397966
	13.024411	54.398038
	13.024434	54.398064
	13.024409	54.398083
	13.024441	54.398122
	13.024615	54.39812
	13.024702	54.398139
	13.02477	54.398188
	13.024734	54.398215
	13.024789	54.398236
	13.024782	54.398243
	13.024731	54.398248
	13.024746	54.39827
	13.024817	54.398276
	13.024863	54.398303
	13.024832	54.398327
	13.024815	54.398361
	13.024841	54.398384
	13.02481	54.398438
	13.024659	54.398481
	13.024559	54.398508
	13.024539	54.398541
	13.024491	54.39855
	13.024504	54.398568
	13.024609	54.398572
	13.024669	54.398558
	13.024905	54.398623
	13.024983	54.398699
	13.024892	54.398705
	13.024893	54.398728
	13.025116	54.398778
	13.025203	54.398848
	13.025105	54.398912
	13.025148	54.398959
	13.025196	54.398985
	13.025236	54.398954
	13.025247	54.398916
	13.025473	54.398909
	13.025514	54.398941
	13.025612	54.398955
	13.025776	54.398943
	13.02601	54.399079
	13.025966	54.399111
	13.026062	54.399153
	13.026076	54.399195
	13.02603	54.399248
	13.025817	54.399351
	13.025694	54.399399
	13.025668	54.399483
	13.025578	54.399515
	13.025507	54.399519
	13.025494	54.399547
	13.025552	54.399616
	13.025511	54.399651
	13.02557	54.399674
	13.025572	54.39977
	13.025543	54.399827
	13.025719	54.399854
	13.025735	54.399901
	13.025655	54.399963
	13.025504	54.399961
	13.025464	54.399918
	13.025449	54.399853
	13.025302	54.399911
	13.025036	54.400012
	13.025019	54.400178
	13.024843	54.400241
	13.024704	54.40036
	13.024711	54.400439
	13.024555	54.400563
	13.024614	54.400655
	13.024746	54.400773
	13.024715	54.400917
	13.024611	54.400946
	13.024582	54.401001
	13.024639	54.401057
	13.024649	54.401128
	13.024556	54.401196
	13.024439	54.401195
	13.024216	54.401278
	13.024322	54.401309
	13.024452	54.401318
	13.024534	54.401375
	13.024504	54.401473
	13.024373	54.401549
	13.024172	54.40152
	13.024029	54.401568
	13.023871	54.40148
	13.023777	54.401495
	13.023585	54.401375
	13.023417	54.401317
	13.023379	54.401323
	13.023399	54.401356
	13.023916	54.401647
	13.023923	54.401746
	13.023856	54.401796
	13.02397	54.401847
	13.024094	54.401931
	13.024181	54.402015
	13.024172	54.402041
	13.023884	54.402093
	13.023746	54.402057
	13.023688	54.402066
	13.023639	54.402135
	13.023525	54.402156
	13.023416	54.402255
	13.023197	54.402303
	13.02296	54.402335
	13.022777	54.402348
	13.022808	54.402418
	13.023043	54.40244
	13.023257	54.402398
	13.023567	54.402467
	13.023882	54.402511
	13.024262	54.402807
	13.02432	54.402929
	13.024201	54.402933
	13.023949	54.402997
	13.023775	54.403142
	13.023713	54.403171
	13.023778	54.403226
	13.023817	54.403332
	13.023744	54.403385
	13.0237949	54.4034172
	13.023804	54.403423
	13.02379	54.403461
	13.023684	54.403506
	13.02371	54.403578
	13.023749	54.403593
	13.023768	54.403642
	13.023684	54.403667
	13.023602	54.403668
	13.023584	54.403723
	13.023488	54.403779
	13.023457	54.403883
	13.023505	54.404105
	13.02327	54.404167
	13.023144	54.404163
	13.022971	54.404271
	13.022862	54.404267
	13.022817	54.404304
	13.022646	54.40433
	13.022593	54.404372
	13.022465	54.404394
	13.022308	54.404411
	13.022353	54.404464
	13.022237	54.404516
	13.022311	54.404552
	13.022273	54.404612
	13.022351	54.404674
	13.022473	54.404659
	13.02259	54.404565
	13.022667	54.404669
	13.022788	54.404728
	13.022843	54.404832
	13.022742	54.405003
	13.022529	54.405136
	13.022419	54.40535
	13.022281	54.4055
	13.022326	54.405636
	13.022212	54.405703
	13.022161	54.405807
	13.022202	54.405847
	13.022142	54.405963
	13.022066	54.406027
	13.021977	54.406051
	13.021982	54.406084
	13.022019	54.406103
	13.02212	54.406092
	13.022263	54.406138
	13.022409	54.406247
	13.022424	54.406317
	13.022286	54.40654
	13.0222746	54.4066206
	13.02225	54.406794
	13.022184	54.406875
	13.022257	54.406973
	13.022885	54.40702
	13.026059	54.407411
	13.026065	54.407414
	13.026069	54.407425
	13.026059	54.407431
	13.026046	54.407431
	13.022926	54.407058
	13.022917	54.40708
	13.022904	54.407092
	13.022408	54.407327
	13.022242	54.40729
	13.022091	54.407318
	13.022139	54.407415
	13.022104	54.407497
	13.022166	54.40755
	13.022101	54.407607
	13.022111	54.407615
	13.022174	54.407665
	13.022111	54.407727
	13.02229	54.407839
	13.022214	54.407965
	13.022203	54.408101
	13.022127	54.408168
	13.021995	54.408236
	13.021931	54.408205
	13.021921	54.408097
	13.021521	54.40817
	13.021477	54.408127
	13.021173	54.408052
	13.021026	54.408119
	13.021102	54.408157
	13.021064	54.408206
	13.021164	54.408253
	13.021203	54.408233
	13.021416	54.408284
	13.02128	54.408335
	13.021555	54.408452
	13.021807	54.408382
	13.021872	54.408412
	13.021778	54.408515
	13.021667	54.408641
	13.021625	54.408754
	13.021653	54.408919
	13.021863	54.409017
	13.022293	54.409016
	13.022489	54.409109
	13.022552	54.409213
	13.022733	54.409293
	13.022647	54.409429
	13.022673	54.409634
	13.022614	54.409683
	13.022497	54.409738
	13.022174	54.409863
	13.022018	54.409926
	13.022056	54.409999
	13.021993	54.410184
	13.021785	54.410278
	13.021947	54.410354
	13.021956	54.410421
	13.022041	54.410433
	13.022081	54.410457
	13.022071	54.410499
	13.021951	54.410601
	13.021733	54.41067
	13.021657	54.410666
	13.021563	54.410682
	13.0216	54.41074
	13.021592	54.410765
	13.02138	54.4108
	13.021397	54.410856
	13.021568	54.410855
	13.021706	54.410874
	13.02176	54.410889
	13.02178	54.410906
	13.021831	54.411055
	13.021859	54.41108
	13.02183	54.411123
	13.021752	54.41117
	13.02179	54.411213
	13.02178	54.411296
	13.021768	54.411323
	13.021657	54.411421
	13.021521	54.411403
	13.021528	54.411466
	13.0212772	54.4116719
	13.0211861	54.4116973
	13.0210785	54.4116449
	13.0202334	54.4121865
	13.0202392	54.4122017
	13.0203069	54.4123789
	13.0206787	54.4122904
	13.0208546	54.4123591
	13.0210158	54.41235
	13.0210972	54.412454
	13.0213048	54.4124101
	13.0214064	54.4122464
	13.0216602	54.4120786
	13.0218272	54.4121141
	13.0218687	54.4121716
	13.021984	54.4121867
	13.0220427	54.412243
	13.0221431	54.4122644
	13.0221578	54.4123414
	13.022088	54.412342
	13.0222153	54.4124141
	13.022255	54.412486
	13.022342	54.412644
	13.022499	54.412723
	13.022567	54.41286
	13.022473	54.412895
	13.022609	54.412937
	13.022643	54.41298
	13.022549	54.413064
	13.022645	54.413124
	13.022583	54.413222
	13.022628	54.413261
	13.022612	54.413407
	13.022501	54.413429
	13.022294	54.413554
	13.022322	54.413638
	13.022246	54.413695
	13.022237	54.413806
	13.022282	54.414023
	13.022221	54.414103
	13.022325	54.41433
	13.022292	54.414483
	13.022346	54.414672
	13.022234	54.414739
	13.02227	54.414807
	13.022335	54.414824
	13.022378	54.41488
	13.022242	54.415232
	13.022264	54.415445
	13.02221	54.415497
	13.022315	54.415527
	13.022346	54.415581
	13.02224	54.415638
	13.022233	54.415711
	13.022191	54.415748
	13.022311	54.415834
	13.022258	54.415885
	13.022287	54.415935
	13.02223	54.415982
	13.022358	54.416069
	13.022288	54.416201
	13.022431	54.416292
	13.022426	54.416406
	13.022369	54.416528
	13.022368	54.41664
	13.022405	54.416687
	13.022406	54.416808
	13.022598	54.417069
	13.022588	54.417138
	13.022802	54.417362
	13.022937	54.417633
	13.022916	54.417723
	13.022989	54.417825
	13.023016	54.418032
	13.023102	54.418174
	13.023019	54.418305
	13.023032	54.418449
	13.022993	54.418498
	13.023087	54.418571
	13.023064	54.418624
	13.023116	54.418711
	13.023112	54.418849
	13.023061	54.418896
	13.023102	54.41895
	13.023094	54.419001
	13.023238	54.419093
	13.023187	54.419176
	13.023238	54.419259
	13.023363	54.419311
	13.023363	54.41936
	13.023623	54.419458
	13.023675	54.419519
	13.023611	54.419603
	13.023495	54.419662
	13.023455	54.419744
	13.023269	54.419847
	13.023248	54.419915
	13.023215	54.41994
	13.023186	54.419994
	13.02332	54.420046
	13.023445	54.420064
	13.023593	54.420119
	13.023641	54.420178
	13.023615	54.420256
	13.0235	54.420352
	13.023474	54.42039
	13.023528	54.420426
	13.023471	54.420465
	13.023541	54.420474
	13.023633	54.420549
	13.023827	54.420633
	13.023944	54.420652
	13.024147	54.420597
	13.024267	54.420595
	13.024461	54.420604
	13.02458	54.420632
	13.024642	54.420686
	13.024654	54.420741
	13.024538	54.420802
	13.024268	54.420818
	13.024058	54.420885
	13.024021	54.420926
	13.024064	54.420966
	13.024264	54.421011
	13.024363	54.421055
	13.024358	54.421099
	13.024424	54.421161
	13.024396	54.421209
	13.024432	54.421256
	13.024388	54.421307
	13.024448	54.42141
	13.024481	54.421542
	13.024555	54.421634
	13.024554	54.421675
	13.02453	54.421732
	13.024424	54.421843
	13.024392	54.421904
	13.02439	54.42193
	13.024397	54.421949
	13.024464	54.421969
	13.024557	54.421954
	13.024637	54.421966
	13.02466	54.421986
	13.024659	54.422018
	13.024701	54.422035
	13.024707	54.422052
	13.024748	54.422069
	13.024792	54.42204
	13.024885	54.422042
	13.024889	54.421994
	13.02491	54.421981
	13.025028	54.422003
	13.025128	54.422045
	13.025105	54.422083
	13.025112	54.422105
	13.025181	54.422125
	13.025197	54.422152
	13.025198	54.422196
	13.025279	54.4222
	13.025302	54.42218
	13.025358	54.422183
	13.025383	54.422192
	13.025406	54.422212
	13.025444	54.422219
	13.025455	54.422213
	13.025418	54.422178
	13.025265	54.422091
	13.025287	54.42208
	13.025338	54.422103
	13.025471	54.422111
	13.025477	54.42209
	13.025509	54.422072
	13.025579	54.422081
	13.025584	54.422109
	13.025539	54.422126
	13.025535	54.422163
	13.025728	54.422208
	13.025741	54.42237
	13.025658	54.422473
	13.02543	54.422575
	13.025267	54.422691
	13.025154	54.42277
	13.025122	54.422783
	13.025108	54.422798
	13.025094	54.422886
	13.025039	54.422993
	13.025037	54.422996
	13.025042	54.423077
	13.025055	54.423087
	13.025072	54.423084
	13.025078	54.423051
	13.025069	54.423
	13.02512	54.422879
	13.025128	54.422809
	13.025175	54.422776
	13.02529	54.422704
	13.025524	54.422557
	13.025651	54.422513
	13.0258	54.422373
	13.025823	54.422301
	13.025979	54.422265
	13.026216	54.422267
	13.026348	54.422316
	13.026312	54.422395
	13.026363	54.422484
	13.026411	54.422503
	13.026454	54.422472
	13.026501	54.422458
	13.026549	54.422464
	13.026582	54.422484
	13.026681	54.422489
	13.026738	54.422446
	13.026906	54.42244
	13.026999	54.422446
	13.027101	54.422458
	13.027141	54.422474
	13.027144	54.422494
	13.027118	54.422527
	13.027123	54.422549
	13.027188	54.422586
	13.027158	54.422615
	13.027169	54.422634
	13.02721	54.422631
	13.027224	54.42259
	13.027204	54.422579
	13.027212	54.422543
	13.02725	54.422524
	13.027347	54.422516
	13.027411	54.42252
	13.027446	54.422479
	13.027635	54.422493
	13.027775	54.422565
	13.027755	54.422614
	13.027877	54.422656
	13.027962	54.422664
	13.027989	54.422676
	13.027996	54.422708
	13.028079	54.422732
	13.028084	54.422752
	13.028054	54.422781
	13.028188	54.422819
	13.028208	54.422845
	13.028247	54.422829
	13.028411	54.422852
	13.02837	54.422892
	13.028423	54.42292
	13.02843	54.422932
	13.0284	54.422963
	13.028366	54.422972
	13.028305	54.422969
	13.028271	54.422949
	13.028271	54.422999
	13.0283	54.423
	13.028327	54.423025
	13.028391	54.423026
	13.02838	54.423011
	13.028416	54.423007
	13.028538	54.423066
	13.028632	54.423068
	13.028748	54.423093
	13.028758	54.423124
	13.028704	54.423153
	13.028608	54.42317
	13.028647	54.423294
	13.028527	54.423272
	13.028519	54.42328
	13.028564	54.423311
	13.028579	54.423327
	13.028572	54.423349
	13.028542	54.423353
	13.028454	54.423352
	13.028452	54.423393
	13.028517	54.423393
	13.028548	54.423384
	13.028586	54.423389
	13.028624	54.423405
	13.028645	54.423427
	13.028671	54.423431
	13.028662	54.423406
	13.028695	54.4234
	13.028728	54.423413
	13.028731	54.423435
	13.028763	54.423446
	13.028807	54.423444
	13.028828	54.423464
	13.028867	54.423466
	13.028906	54.423459
	13.028896	54.42344
	13.029047	54.423416
	13.029123	54.423408
	13.029183	54.423438
	13.029267	54.423446
	13.029494	54.42347
	13.029617	54.423432
	13.029681	54.423432
	13.029693	54.423371
	13.029749	54.423352
	13.029837	54.423359
	13.029899	54.423335
	13.029926	54.423345
	13.02996	54.423409
	13.029892	54.423462
	13.029951	54.423483
	13.029978	54.423455
	13.030063	54.423404
	13.030185	54.423403
	13.030667	54.423506
	13.030561	54.423566
	13.030592	54.423583
	13.03049	54.423644
	13.030479	54.423673
	13.030532	54.423682
	13.03059	54.423646
	13.030587	54.423621
	13.030614	54.423595
	13.030716	54.423581
	13.030715	54.423544
	13.030775	54.423525
	13.030762	54.423485
	13.030831	54.423457
	13.03102	54.423505
	13.031062	54.423541
	13.031045	54.423609
	13.031087	54.423643
	13.031084	54.423713
	13.031029	54.423755
	13.03103	54.423799
	13.03113	54.423815
	13.031208	54.423767
	13.03128	54.423741
	13.031245	54.423711
	13.031313	54.42368
	13.031485	54.423677
	13.031614	54.423641
	13.031728	54.423648
	13.031738	54.423688
	13.031947	54.423695
	13.031942	54.423648
	13.032126	54.423608
	13.032175	54.423647
	13.03223	54.423621
	13.032304	54.42363
	13.032328	54.423653
	13.032276	54.423703
	13.032357	54.423735
	13.032724	54.42367
	13.032882	54.423692
	13.032924	54.423723
	13.032959	54.423772
	13.033015	54.423728
	13.033076	54.423718
	13.033087	54.423792
	13.033006	54.423834
	13.033005	54.423862
	13.033029	54.423882
	13.033142	54.423857
	13.033237	54.423767
	13.033199	54.423751
	13.033232	54.423728
	13.033311	54.423718
	13.033405	54.423718
	13.033586	54.42379
	13.033677	54.423795
	13.033649	54.423824
	13.033912	54.42394
	13.034014	54.423924
	13.034031	54.423931
	13.034012	54.423981
	13.034131	54.424041
	13.034099	54.424071
	13.034134	54.42408
	13.034214	54.424067
	13.034239	54.424073
	13.034229	54.424101
	13.034141	54.424146
	13.034195	54.424157
	13.034311	54.424156
	13.034325	54.424168
	13.034239	54.424215
	13.034235	54.424243
	13.034344	54.424237
	13.034391	54.424249
	13.03443	54.424345
	13.034407	54.424366
	13.034353	54.424381
	13.0343	54.424422
	13.034231	54.424432
	13.034137	54.424412
	13.034101	54.424448
	13.034138	54.424492
	13.034078	54.424582
	13.03402	54.424609
	13.0340025	54.4246345
	13.0340843	54.4246831
	13.034051	54.424713
	13.0340974	54.4247557
	13.0341536	54.4247986
	13.0342053	54.4248421
	13.0342547	54.4248788
	13.034227	54.424918
	13.034194	54.424982
	13.0341898	54.4250298
	13.0341298	54.4250519
	13.0341556	54.4251203
	13.0341988	54.4251736
	13.0341774	54.4252039
	13.0342205	54.4252257
	13.0342378	54.4251894
	13.0342823	54.4251531
	13.0343478	54.4251564
	13.0344436	54.4252054
	13.0344739	54.4252649
	13.0345254	54.4252777
	13.0345107	54.4253547
	13.0345792	54.425396
	13.0345294	54.4254232
	13.0344328	54.4254362
	13.034412	54.425457
	13.0345728	54.4255525
	13.0345875	54.4256202
	13.0345238	54.4256581
	13.03444	54.42564
	13.034472	54.425729
	13.0345813	54.4258817
	13.0345724	54.4260083
	13.0345779	54.4261035
	13.0345497	54.4261857
	13.0344934	54.4262711
	13.034378	54.426332
	13.034357	54.426409
	13.0345018	54.4264742
	13.0344602	54.4265717
	13.034347	54.4265932
	13.0342824	54.4265916
	13.0343083	54.4266366
	13.0342717	54.4266749
	13.0343659	54.4267156
	13.0344189	54.4268031
	13.0344464	54.4268973
	13.0344307	54.4270047
	13.0343713	54.4270609
	13.0343814	54.4271174
	13.0343886	54.4272695
	13.0344162	54.427342
	13.0344709	54.4274524
	13.0343929	54.4275253
	13.0342761	54.4275783
	13.0342526	54.4276585
	13.034221	54.4276914
	13.0341392	54.4277146
	13.0342814	54.4277585
	13.0343969	54.4278131
	13.0344681	54.4279526
	13.0345534	54.4280722
	13.0344612	54.4281495
	13.0344943	54.4281957
	13.034495	54.4282445
	13.034514	54.4283742
	13.0345225	54.428497
	13.0345215	54.4285807
	13.0343891	54.4285602
	13.034372	54.4285934
	13.0344357	54.4285955
	13.0344908	54.4286189
	13.0345055	54.4286617
	13.0344734	54.4286974
	13.0343479	54.4287494
	13.0344195	54.4287728
	13.0344289	54.4288125
	13.034428	54.4288666
	13.0345022	54.4289352
	13.0345668	54.4290876
	13.0345872	54.4292101
	13.0346446	54.4292869
	13.0346304	54.4293554
	13.0345229	54.4293652
	13.0345973	54.4294011
	13.0346543	54.4294396
	13.0345658	54.4295168
	13.0345956	54.4295405
	13.034642	54.4296068
	13.034552	54.4296426
	13.0346191	54.4296665
	13.034745	54.4297555
	13.0348217	54.4298552
	13.034801	54.4299339
	13.0347945	54.4300116
	13.0348392	54.430129
	13.0348292	54.4301898
	13.0347428	54.4302139
	13.034836	54.4302851
	13.0348787	54.4303375
	13.0348724	54.4304651
	13.0348427	54.4305896
	13.0348388	54.430659
	13.0347975	54.4307632
	13.0348081	54.4309732
	13.0347619	54.4311059
	13.0347604	54.4312059
	13.0347584	54.4313676
	13.0346465	54.431553
	13.034528	54.4316999
	13.0344385	54.4317673
	13.034459	54.4318198
	13.0343655	54.4318853
	13.0342772	54.4319291
	13.0341546	54.4318604
	13.0341352	54.4318954
	13.0342127	54.4319564
	13.0342267	54.4319851
	13.0341772	54.4319973
	13.0340892	54.4319817
	13.0340954	54.4320263
	13.0339439	54.4320298
	13.0339404	54.4320666
	13.0340452	54.4320807
	13.0340866	54.4321263
	13.0341522	54.4321947
	13.0341143	54.4322545
	13.033997	54.4323369
	13.033926	54.4324228
	13.0337843	54.4325011
	13.0336783	54.4325225
	13.0335786	54.4324834
	13.0335701	54.4325308
	13.0335973	54.4325381
	13.0336545	54.43256
	13.0336906	54.4325919
	13.0336843	54.4326649
	13.0336877	54.4327293
	13.033652	54.4327688
	13.0335452	54.4327853
	13.0335056	54.432831
	13.0334043	54.4329106
	13.0334311	54.4330093
	13.0334177	54.4331849
	13.0333809	54.433232
	13.0333735	54.4333157
	13.0333663	54.4333676
	13.0333492	54.4334153
	13.03335	54.4334876
	13.033332	54.4335371
	13.0332933	54.4335754
	13.0332799	54.4336202
	13.0332861	54.4336671
	13.0332358	54.4337114
	13.033237	54.433742
	13.0331952	54.4338324
	13.0331622	54.4339513
	13.033139	54.434012
	13.033131	54.434123
	13.033031	54.434198
	13.032952	54.434245
	13.032944	54.434256
	13.0329032	54.4342866
	13.0326437	54.4344391
	13.0326547	54.4344866
	13.032562	54.434514
	13.0325702	54.4345264
	13.032553	54.434538
	13.0324294	54.4345852
	13.0322851	54.4346288
	13.0320338	54.4347054
	13.0318186	54.4347636
	13.031677	54.4348156
	13.031563	54.4349095
	13.031507	54.4349812
	13.0315209	54.4350497
	13.0314135	54.4350694
	13.0313646	54.4350855
	13.0313671	54.4351211
	13.0314133	54.4351665
	13.0313561	54.4351902
	13.0312973	54.4352276
	13.0312599	54.435229
	13.0312679	54.4352746
	13.0313714	54.4352799
	13.0314852	54.435302
	13.0315581	54.4353544
	13.0315385	54.4354256
	13.0314228	54.4354997
	13.0313072	54.4355173
	13.0312636	54.435552
	13.0313028	54.4355819
	13.0312654	54.4355987
	13.0312293	54.4356001
	13.0312287	54.4356385
	13.0311914	54.4356731
	13.0310689	54.4357372
	13.0309316	54.4357054
	13.0308883	54.4357226
	13.0309495	54.4358034
	13.0308369	54.4358266
	13.0307198	54.4358104
	13.030603	54.4357867
	13.0305185	54.4357617
	13.0304634	54.4357372
	13.0303807	54.4357867
	13.0303544	54.4358137
	13.0302822	54.4358476
	13.0303506	54.4358914
	13.0303605	54.4359095
	13.0303377	54.4359317
	13.0303177	54.4359745
	13.0301707	54.4359807
	13.0301064	54.4360167
	13.0300305	54.4360245
	13.0300128	54.4360495
	13.0299595	54.4360573
	13.0299613	54.4361143
	13.0298752	54.4361717
	13.0297538	54.4362118
	13.0297152	54.4362275
	13.0296708	54.4362878
	13.0295934	54.4362994
	13.0294575	54.4362507
	13.0293246	54.4363326
	13.0294581	54.4364472
	13.0294587	54.4365147
	13.0293705	54.436564
	13.0292509	54.4366041
	13.0291991	54.4366374
	13.0292462	54.436678
	13.0292537	54.4367216
	13.0292279	54.4368279
	13.0290908	54.4368838
	13.0288727	54.4368849
	13.0288348	54.4368685
	13.0287913	54.4368279
	13.0287411	54.4368592
	13.0288176	54.4368945
	13.0287876	54.4369233
	13.0287472	54.4369611
	13.0286554	54.4369735
	13.0285183	54.4369707
	13.0284625	54.4369354
	13.0284166	54.4369497
	13.028463	54.4370229
	13.0283946	54.4370173
	13.0283334	54.4370205
	13.0282415	54.4370697
	13.0281527	54.4371194
	13.0281038	54.4371252
	13.0280603	54.4371099
	13.0280389	54.4371192
	13.0280695	54.4371409
	13.0280644	54.4371742
	13.0280187	54.4372281
	13.0278123	54.4372673
	13.0275609	54.4373137
	13.0273036	54.4373178
	13.027208	54.4373183
	13.0271229	54.437294
	13.0269864	54.4373417
	13.0268328	54.4373695
	13.0266858	54.4373708
	13.0265585	54.4373815
	13.0263946	54.4374008
	13.0263006	54.4374175
	13.0261542	54.4374406
	13.0259361	54.4374612
	13.0257755	54.4374751
	13.0257076	54.4374973
	13.0254181	54.4375203
	13.0251711	54.4375355
	13.0250093	54.4375386
	13.0249634	54.437549
	13.0249065	54.4375437
	13.0247411	54.4375801
	13.0244791	54.4376174
	13.0243657	54.4376137
	13.0243032	54.4376001
	13.0242156	54.4376294
	13.0240323	54.4376248
	13.0239117	54.437618
	13.0238869	54.4376592
	13.0238024	54.4377016
	13.0237374	54.4377135
	13.0236389	54.4376813
	13.0236395	54.4377529
	13.0235765	54.4377579
	13.0235201	54.4377322
	13.0234369	54.4377365
	13.023476	54.4377892
	13.0233456	54.4378419
	13.0232209	54.4378604
	13.0231326	54.437906
	13.0228638	54.4379438
	13.0225129	54.4379882
	13.0222912	54.4380508
	13.0222069	54.4380637
	13.0221827	54.4380919
	13.022091	54.4380899
	13.0219741	54.438109
	13.0218546	54.4381715
	13.0217163	54.4382219
	13.0214529	54.4382889
	13.0213465	54.4382726
	13.021232	54.4383538
	13.0209605	54.4383849
	13.0207926	54.4384323
	13.02071	54.4384601
	13.0206478	54.4384947
	13.020547	54.438528
	13.020417	54.4386688
	13.0202878	54.4387327
	13.0201221	54.4387848
	13.0199239	54.4389026
	13.0196103	54.4389922
	13.0194065	54.4390337
	13.0191664	54.4391025
	13.0189703	54.4391389
	13.0188419	54.4391418
	13.0187475	54.4391158
	13.0186634	54.4391729
	13.0185617	54.4392075
	13.0184466	54.4392249
	13.0183903	54.4391828
	13.0183141	54.4392004
	13.0183613	54.4392451
	13.0181617	54.4393124
	13.0180328	54.439309
	13.0179334	54.4393583
	13.0178519	54.4393714
	13.0177448	54.4393782
	13.0175487	54.4393854
	13.0174121	54.4393857
	13.017177	54.439373
	13.0170559	54.4393676
	13.0169537	54.4393964
	13.0168323	54.4394019
	13.0166276	54.4393889
	13.0165398	54.439415
	13.0163814	54.4394783
	13.0162095	54.4394964
	13.0159952	54.4395092
	13.0157179	54.4394638
	13.0155441	54.4394367
	13.0153613	54.439348
	13.015174	54.439385
	13.0148874	54.439386
	13.0146712	54.4394006
	13.0143207	54.439376
	13.0140567	54.4393317
	13.0138745	54.4392813
	13.0137443	54.4392392
	13.0137857	54.4391668
	13.0137614	54.4391453
	13.013623	54.43916
	13.013478	54.439153
	13.013449	54.439203
	13.013363	54.439229
	13.013258	54.43918
	13.013128	54.439235
	13.013007	54.439189
	13.012909	54.439126
	13.012702	54.439129
	13.0125913	54.4391
	13.0125156	54.439064
	13.0124805	54.4390287
	13.0125289	54.4389732
	13.0125215	54.4389509
	13.012523	54.438925
	13.012381	54.438832
	13.012226	54.438867
	13.0122081	54.4389359
	13.0121332	54.4389679
	13.011853	54.4389903
	13.0117037	54.4389533
	13.0114906	54.4389891
	13.0112084	54.4389529
	13.0109904	54.438918
	13.0108169	54.4388674
	13.0097925	54.4388625
	13.0095826	54.4389189
	13.0094866	54.4388883
	13.0094543	54.4388303
	13.0092644	54.4388633
	13.0090981	54.438783
	13.0091007	54.4387246
	13.0089021	54.4387407
	13.0087022	54.4387858
	13.0087029	54.4387414
	13.008456	54.4386968
	13.0081473	54.4385281
	13.0078665	54.438481
	13.0074533	54.4384168
	13.007482	54.4383582
	13.0065243	54.4381766
	13.0059238	54.4380214
	13.0058162	54.4381314
	13.0057521	54.4381356
	13.005704	54.4381241
	13.0057284	54.4380415
	13.0053169	54.4379149
	13.0050627	54.4379502
	13.0048242	54.4379585
	13.0047118	54.4382042
	13.0046441	54.4382491
	13.0045637	54.4382199
	13.0045516	54.4381417
	13.004394	54.4381177
	13.0043546	54.4380058
	13.004196	54.4379128
	13.0040622	54.4379656
	13.0038304	54.4379214
	13.0034437	54.4377831
	13.0034177	54.4378136
	13.0034635	54.4379166
	13.0034347	54.4379569
	13.003363	54.437949
	13.0029285	54.4373199
	13.0027598	54.4372327
	13.0024823	54.4371989
	13.0023323	54.437244
	13.0021301	54.4372132
	13.0020618	54.4371402
	13.0019243	54.437134
	13.0018001	54.4372217
	13.0016919	54.4370795
	13.0017746	54.4370303
	13.0017569	54.436981
	13.0015863	54.4369441
	13.0015094	54.4367936
	13.0011066	54.4366102
	13.0009328	54.4364874
	13.0007091	54.4364531
	13.0005349	54.4363892
	13.0001902	54.4364405
	12.9999257	54.4364028
	12.9997149	54.4362918
	12.9996196	54.4360944
	12.9995007	54.4359829
	12.9994787	54.4357589
	12.99915	54.435602
	12.999067	54.435528
	12.9989	54.435274
	12.9987483	54.434989
	12.9986573	54.4349047
	12.9987298	54.434789
	12.9987605	54.4346071
	12.99875	54.434438
	12.998465	54.4338034
	12.9984148	54.4337591
	12.9984531	54.4337053
	12.9984466	54.4336446
	12.9982977	54.4336439
	12.9982596	54.4335762
	12.9983337	54.4335271
	12.998252	54.433435
	12.9982241	54.4333889
	12.998185	54.433324
	12.998187	54.433222
	12.998246	54.43309
	12.998252	54.432846
	12.998217	54.432731
	12.998163	54.432561
	12.99812	54.432383
	12.99807	54.432059
	12.997975	54.431925
	12.997884	54.431585
	12.997782	54.431512
	12.997718	54.431413
	12.997762	54.431366
	12.9976	54.430646
	12.997567	54.430395
	12.997343	54.430073
	12.997347	54.430037
	12.997241	54.43
	12.997273	54.429951
	12.99728	54.42994
	12.997324	54.429913
	12.997386	54.429888
	12.997513	54.42986
	12.997485	54.429822
	12.997407	54.429844
	12.997323	54.429881
	12.997311	54.429891
	12.997262	54.429931
	12.997226	54.42996
	12.997213	54.429993
	12.997173	54.430038
	12.997063	54.430006
	12.997082	54.429952
	12.9970254	54.4298329
	12.995893	54.428464
	12.995881	54.428399
	12.995657	54.428137
	12.995572	54.428121
	12.995474	54.428053
	12.995419	54.427971
	12.995265	54.427898
	12.994957	54.427844
	12.994921	54.427772
	12.994769	54.42776
	12.994613	54.427683
	12.994573	54.427611
	12.994469	54.427534
	12.9942983	54.4275268
	12.994157	54.427495
	12.994146	54.427422
	12.993739	54.427388
	12.993594	54.427331
	12.993473	54.42732
	12.993065	54.427169
	12.993153	54.427112
	12.993061	54.427082
	12.992927	54.427067
	12.992748	54.42707
	12.992208	54.427127
	12.991957	54.427079
	12.991911	54.426979
	12.991845	54.426955
	12.991752	54.426877
	12.99173	54.426819
	12.991786	54.426761
	12.9916845	54.4267142
	12.9915796	54.4266745
	12.9914238	54.4266836
	12.9912766	54.4266786
	12.9913493	54.4267279
	12.9912177	54.4267269
	12.991074	54.4267229
	12.9910272	54.4266796
	12.9910995	54.4266233
	12.9909787	54.4265144
	12.9905804	54.4263723
	12.9904709	54.4263049
	12.9903555	54.4262951
	12.9901959	54.4262391
	12.990003	54.426156
	12.989846	54.426046
	12.989726	54.426016
	12.989609	54.425969
	12.989578	54.425945
END
END
