6549121
1
	11.5243254	51.4239489
	11.5243525	51.4197684
	11.5275014	51.4164211
	11.5306859	51.4157138
	11.5311465	51.4153979
	11.5326737	51.4151497
	11.5332398	51.4144529
	11.5339539	51.4142015
	11.5475344	51.4130153
	11.5477749	51.4118087
	11.5518869	51.4122376
	11.5531096	51.4119245
	11.5545848	51.4117712
	11.5562102	51.4118409
	11.5568822	51.4106676
	11.5617661	51.4100822
	11.5652758	51.4097139
	11.5687834	51.409568
	11.5803166	51.4094209
	11.5840056	51.406455
	11.5861799	51.406875
	11.5864641	51.4078795
	11.5865661	51.407874
	11.5866807	51.4078664
	11.5880774	51.4077931
	11.5881071	51.4082438
	11.591413	51.408713
	11.591413	51.4096267
	11.5951544	51.4094785
	11.595283	51.4099169
	11.5968469	51.4098243
	11.5972131	51.411522
	11.5983514	51.4116084
	11.599351	51.4117134
	11.6002022	51.4118801
	11.6009644	51.41209
	11.6039535	51.413158
	11.6041713	51.413232
	11.6065072	51.4143926
	11.6069526	51.4146148
	11.6086352	51.4153679
	11.6090806	51.4155408
	11.6096646	51.4156766
	11.6103277	51.4157692
	11.6132971	51.4158
	11.6138909	51.4158186
	11.6145343	51.4158618
	11.6160091	51.4160223
	11.6156627	51.4176272
	11.6155439	51.4179729
	11.6153954	51.4183309
	11.6149005	51.4195407
	11.6153162	51.4196147
	11.6179891	51.42017
	11.6145001	51.4246524
	11.6150579	51.4251141
	11.6152177	51.4252464
	11.6157917	51.4248595
	11.6161332	51.4246293
	11.6214731	51.4257155
	11.6219581	51.4258513
	11.6223837	51.4259994
	11.6243336	51.4266227
	11.6247295	51.4268017
	11.6251254	51.4270238
	11.6264517	51.4278199
	11.6267783	51.4279434
	11.6271347	51.4280236
	11.6280848	51.4281779
	11.6301482	51.4285121
	11.631361	51.4287086
	11.6321825	51.4288814
	11.6333307	51.4291838
	11.6324003	51.4313806
	11.6334594	51.4314485
	11.6337167	51.4314979
	11.6339642	51.4315658
	11.6362506	51.4321026
	11.6367256	51.4322322
	11.6372799	51.4323865
	11.6376165	51.4324543
	11.6411401	51.4330159
	11.6413875	51.4330406
	11.6416053	51.4330406
	11.6433077	51.432911
	11.6433275	51.4332565
	11.6465344	51.4331825
	11.6467818	51.4332504
	11.64696	51.4333553
	11.6470788	51.4334848
	11.6470392	51.4336329
	11.6469204	51.4337687
	11.6465542	51.4342376
	11.6463067	51.4345091
	11.6427138	51.4376127
	11.6425852	51.437767
	11.6399721	51.4423449
	11.6398039	51.4426348
	11.6388834	51.4445658
	11.638923	51.4446768
	11.6390813	51.4447693
	11.6408827	51.4452012
	11.6411104	51.4452937
	11.641338	51.4454418
	11.6416449	51.4457625
	11.6418329	51.4458242
	11.6420606	51.4458983
	11.6422684	51.4460031
	11.642694	51.446219
	11.6428722	51.4463548
	11.6429415	51.4464658
	11.643179	51.4471937
	11.6431988	51.4474528
	11.6431196	51.4477304
	11.6424466	51.4491491
	11.6459009	51.4496611
	11.645604	51.4510921
	11.6454269	51.4529958
	11.6449542	51.4533031
	11.6441066	51.453165
	11.6417134	51.4530094
	11.644388	51.4543293
	11.644189	51.4547603
	11.64339	51.4560507
	11.6418861	51.458588
	11.6403843	51.4582569
	11.6389445	51.457645
	11.6383719	51.4584315
	11.6371238	51.4592251
	11.6362193	51.4602963
	11.6318521	51.4589145
	11.6319082	51.4607535
	11.6313106	51.4606146
	11.6216643	51.4583807
	11.620186	51.4578666
	11.618637	51.4572717
	11.6162955	51.4565647
	11.6142962	51.4559698
	11.6130237	51.4556915
	11.6115584	51.4554311
	11.6109863	51.4551761
	11.6104507	51.4549373
	11.6090908	51.4541348
	11.6078029	51.4534782
	11.606398	51.4530124
	11.6051827	51.452787
	11.6062113	51.4471775
	11.6038088	51.4470107
	11.6041298	51.4450649
	11.6029306	51.4450968
	11.602386	51.4450671
	11.6015281	51.4449091
	11.6016085	51.444696
	11.6004711	51.4444919
	11.6005441	51.4436539
	11.5986273	51.4433886
	11.5910283	51.4427901
	11.5870441	51.4427948
	11.5804484	51.4426552
	11.5762243	51.4419003
	11.5753155	51.4435721
	11.5766573	51.4437786
	11.5763655	51.4452712
	11.5765232	51.4465627
	11.571387	51.4459695
	11.5697422	51.4457808
	11.5687196	51.4454863
	11.5514431	51.4405203
	11.5507812	51.4401573
	11.5507662	51.4380635
	11.5449791	51.4380825
	11.5448461	51.4370066
	11.5429344	51.4364837
	11.546079	51.4347479
	11.5441484	51.4343721
	11.539026	51.433375
	11.5368684	51.43273
	11.5335739	51.4303883
	11.5343048	51.4304303
	11.5342029	51.4277636
	11.533442	51.4271306
	11.5319352	51.4267757
	11.5251822	51.4251848
	11.5243254	51.4239489
END
END
