6549905
1
	10.3191335	50.9320661
	10.3191434	50.9318256
	10.3214243	50.9297625
	10.3246517	50.9264196
	10.3286113	50.9224483
	10.3345949	50.9211704
	10.3417207	50.9222309
	10.3431685	50.9253755
	10.3438476	50.9241832
	10.3442899	50.9236709
	10.3453494	50.9227113
	10.3457203	50.921857
	10.3459939	50.9205981
	10.3556207	50.9180461
	10.3560841	50.916378
	10.357626	50.9177404
	10.3590191	50.9183669
	10.3608035	50.9183477
	10.3628387	50.919884
	10.3712405	50.9282465
	10.3765729	50.9311884
	10.3755779	50.9340946
	10.3792845	50.9353197
	10.3811842	50.9326114
	10.3846779	50.929409
	10.3866409	50.9274525
	10.3877369	50.9291239
	10.3881428	50.9293712
	10.3885351	50.9291751
	10.3882916	50.9286634
	10.3895769	50.927009
	10.3903346	50.9270005
	10.3905646	50.9257298
	10.3936349	50.9244053
	10.3970596	50.9251149
	10.4024412	50.9220364
	10.405589	50.9222042
	10.4090177	50.9234517
	10.4107836	50.9202415
	10.4137126	50.922489
	10.4167242	50.9237874
	10.4201154	50.9210635
	10.4255122	50.9196063
	10.4309366	50.9195834
	10.43577	50.9188471
	10.4387116	50.916144
	10.4384194	50.915693
	10.4384899	50.9149434
	10.438873	50.9145144
	10.4393398	50.9141399
	10.441573	50.9131901
	10.4423013	50.9124911
	10.4422689	50.9112192
	10.4430048	50.9100437
	10.4431417	50.9094634
	10.4435493	50.9101582
	10.444563	50.9106591
	10.445009	50.9107842
	10.4477291	50.9120276
	10.4487261	50.91272
	10.4493307	50.9136384
	10.449622	50.9149931
	10.4502043	50.9159761
	10.4510593	50.9165411
	10.4523009	50.9168768
	10.4537517	50.9180743
	10.4542109	50.9187523
	10.4548079	50.9189605
	10.4555362	50.9190339
	10.4565948	50.919379
	10.4566229	50.9207979
	10.4559379	50.9215442
	10.4553199	50.9224971
	10.4550865	50.9229057
	10.4543817	50.9235021
	10.4542018	50.923883
	10.4534804	50.9246859
	10.4541208	50.9251659
	10.4527274	50.9269328
	10.4514937	50.9288449
	10.4507096	50.9300006
	10.4481035	50.9349197
	10.4478561	50.9353486
	10.446634	50.9381268
	10.4460219	50.9392694
	10.445971	50.9401415
	10.4461688	50.940146
	10.446241	50.9409988
	10.4463383	50.9417611
	10.4462644	50.9427622
	10.4461215	50.943881
	10.4455526	50.9438073
	10.4450013	50.9438108
	10.4448438	50.9437115
	10.4441293	50.9437222
	10.4437805	50.9439951
	10.4431336	50.9440306
	10.4430548	50.9443496
	10.4423235	50.9444169
	10.4422053	50.9448104
	10.4424754	50.9455866
	10.4430154	50.9462211
	10.4425654	50.9463416
	10.4439549	50.9476637
	10.4430604	50.9479897
	10.4443543	50.9490318
	10.4460645	50.9512504
	10.4466609	50.9521045
	10.4475216	50.9529019
	10.4474091	50.9529445
	10.4478254	50.953593
	10.4474091	50.953632
	10.445997	50.953997
	10.4480256	50.9572837
	10.4481348	50.9581219
	10.4482754	50.9584691
	10.4476503	50.9594031
	10.4485049	50.9605404
	10.4471503	50.9608858
	10.4460252	50.9612188
	10.4444387	50.9616653
	10.4426835	50.9621649
	10.441131	50.9625323
	10.4380423	50.9631676
	10.4340087	50.9636849
	10.4321128	50.9639648
	10.4297669	50.9645494
	10.4279723	50.9645494
	10.4261581	50.9644442
	10.4237916	50.9643973
	10.4220432	50.9648754
	10.4201985	50.9651017
	10.4196062	50.9648817
	10.4181055	50.9650789
	10.4169237	50.9650835
	10.415089	50.9648004
	10.4101226	50.9647104
	10.4067378	50.9637892
	10.4056089	50.9637374
	10.4034913	50.9633983
	10.3988707	50.9633114
	10.3950007	50.9630894
	10.3945729	50.9635196
	10.3914511	50.9659123
	10.3807414	50.9700803
	10.3806114	50.9700003
	10.3789607	50.9690044
	10.3788537	50.9689395
	10.3784357	50.9686955
	10.3782848	50.9686035
	10.37673	50.9676886
	10.3768109	50.9676047
	10.3785308	50.9658228
	10.3786901	50.9652282
	10.3790763	50.963893
	10.3791115	50.9637769
	10.3793677	50.9629311
	10.3794057	50.9627941
	10.3793307	50.9626452
	10.3780579	50.9600934
	10.3780179	50.9600095
	10.377254	50.9584796
	10.3729817	50.9588386
	10.3727827	50.9586816
	10.3721028	50.9581596
	10.3701891	50.9588685
	10.3695962	50.9583466
	10.3661827	50.9590705
	10.3661191	50.9579079
	10.3660917	50.9574077
	10.3657758	50.9575187
	10.364002	50.9581436
	10.3616304	50.9570267
	10.3592877	50.9580336
	10.3577609	50.9572167
	10.3558393	50.9548019
	10.3526128	50.9507474
	10.3503721	50.9495795
	10.3517539	50.9474167
	10.3508284	50.9479364
	10.3507281	50.9479927
	10.3479275	50.9495645
	10.3467337	50.9487946
	10.3466177	50.9474357
	10.3458908	50.9478287
	10.3456708	50.9489395
	10.3466757	50.9501334
	10.3457448	50.9516822
	10.3463997	50.9518382
	10.3472575	50.953963
	10.3492372	50.9551988
	10.3477374	50.9550919
	10.3474015	50.9555348
	10.3470985	50.9559348
	10.3481524	50.9567397
	10.3490512	50.9583275
	10.3482173	50.9589484
	10.3460615	50.957833
	10.3455407	50.9575636
	10.3457007	50.9553748
	10.3431441	50.9552558
	10.3425432	50.9559427
	10.3413684	50.9558397
	10.337061	50.9554588
	10.3327117	50.9518841
	10.3327057	50.9517582
	10.3326527	50.9506633
	10.3337006	50.9499654
	10.3329877	50.9487295
	10.3326108	50.9451469
	10.3280477	50.9436892
	10.3277199	50.9436209
	10.3256139	50.9429461
	10.3232685	50.9373402
	10.322795	50.9355649
	10.3212486	50.9342022
	10.3197301	50.9327719
	10.3191335	50.9320661
END
END
