6549967
1
	11.2522848	51.2680382
	11.2524649	51.2675373
	11.2562275	51.2652832
	11.2560473	51.2647573
	11.2553737	51.264433
	11.25811	51.2633808
	11.259715	51.2612151
	11.2607015	51.2610164
	11.2604172	51.2620835
	11.2646889	51.2617382
	11.2653665	51.2613021
	11.2678609	51.2576843
	11.279749	51.2532678
	11.2781273	51.2515203
	11.2827919	51.250725
	11.2907	51.2453773
	11.2939592	51.2445921
	11.2988086	51.2439957
	11.3039414	51.2442365
	11.3075861	51.248632
	11.3134377	51.2506308
	11.3141186	51.2513862
	11.3198132	51.2577034
	11.3257242	51.2605443
	11.327332	51.2629116
	11.3267001	51.2634991
	11.3245893	51.2657818
	11.3284197	51.2708708
	11.3162429	51.2704122
	11.308133	51.2709004
	11.3054848	51.2717879
	11.3054375	51.2726607
	11.3064779	51.2731784
	11.3104501	51.273918
	11.3126726	51.2730749
	11.3143559	51.277865
	11.311195	51.2766968
	11.3077898	51.2765622
	11.3069295	51.2778628
	11.3067669	51.278009
	11.3050297	51.2791184
	11.3032734	51.2797014
	11.3021263	51.2797686
	11.296893	51.2790735
	11.2964629	51.2801274
	11.2825553	51.2782888
	11.2769635	51.2785578
	11.272017	51.2779525
	11.2707624	51.2783785
	11.2697588	51.2780421
	11.2640237	51.2779076
	11.2640237	51.2773246
	11.2619088	51.2751944
	11.2625899	51.2747235
	11.2596148	51.272369
	11.2599732	51.2715168
	11.2584319	51.2702834
	11.2547041	51.2703955
	11.252545	51.2685015
	11.2522848	51.2680382
END
END
