6549980
1
	12.5146342	50.6796484
	12.5155512	50.6794717
	12.5160063	50.6793651
	12.5158652	50.6792072
	12.5176331	50.6788721
	12.5198857	50.6784818
	12.5199077	50.6786277
	12.5212884	50.6785242
	12.5219336	50.6784759
	12.5219786	50.678767
	12.5219257	50.6788839
	12.5231014	50.6789833
	12.5234625	50.67898
	12.523766	50.6789478
	12.5244108	50.6789075
	12.524429	50.6780843
	12.5274013	50.6780732
	12.5294747	50.6774624
	12.5298999	50.6773653
	12.5303517	50.6772939
	12.5307614	50.6772614
	12.5311392	50.6772912
	12.5323175	50.6774577
	12.5331497	50.6774691
	12.5340374	50.6775045
	12.5344099	50.6775342
	12.5351473	50.6774697
	12.5336759	50.6770314
	12.5335429	50.6771145
	12.5333256	50.677027
	12.5336273	50.6768464
	12.5349675	50.6773077
	12.5352369	50.6768561
	12.5347792	50.6766477
	12.5342751	50.6765018
	12.5337124	50.6762343
	12.533311	50.6759112
	12.5330211	50.6756485
	12.5329604	50.6756922
	12.5323845	50.6753353
	12.5324847	50.6752618
	12.5323067	50.6751154
	12.5323703	50.6750724
	12.5317614	50.6746816
	12.5314554	50.6745467
	12.5303174	50.6742428
	12.5304757	50.6740903
	12.5305534	50.6740627
	12.5309544	50.6740186
	12.5311286	50.6740338
	12.531413	50.6741094
	12.5317148	50.6742378
	12.5319759	50.6743754
	12.5324044	50.6746633
	12.5331211	50.6750517
	12.5333436	50.6749504
	12.5335928	50.6750704
	12.5338509	50.6751218
	12.5341952	50.6753636
	12.5342252	50.6753616
	12.534101	50.6749872
	12.5339205	50.674738
	12.5338413	50.6745301
	12.5345461	50.6747793
	12.5347084	50.6748684
	12.5349609	50.6746852
	12.5344186	50.6744466
	12.5341075	50.6742757
	12.5336806	50.6739505
	12.5341534	50.6736203
	12.5334811	50.673023
	12.5334148	50.6729072
	12.5333072	50.67277
	12.5332377	50.6727057
	12.5334839	50.6725365
	12.5335916	50.6724188
	12.5337594	50.6723313
	12.5339832	50.6722593
	12.5341048	50.6721241
	12.5343175	50.6719867
	12.5354006	50.6728198
	12.5356162	50.6726732
	12.5358129	50.6725633
	12.5363436	50.6723685
	12.5366263	50.6725914
	12.5373399	50.6730272
	12.5387442	50.6737076
	12.5391403	50.6734742
	12.5393805	50.6735111
	12.5395539	50.6733503
	12.5397427	50.6731565
	12.5398924	50.672948
	12.5399605	50.6727205
	12.540109	50.6723958
	12.540368	50.6720227
	12.5404919	50.6718298
	12.5406175	50.6716829
	12.5408422	50.6714776
	12.5410263	50.6713464
	12.5412068	50.6712365
	12.5412849	50.671189
	12.5414634	50.6710806
	12.5416831	50.6709485
	12.5419936	50.6707605
	12.5421758	50.6706502
	12.5423022	50.6705916
	12.5424225	50.6705199
	12.5426101	50.6704357
	12.542941	50.6703079
	12.5437123	50.670096
	12.5441107	50.6703954
	12.5448393	50.6709487
	12.5458052	50.6714226
	12.5461639	50.6712924
	12.5473009	50.6708795
	12.5492569	50.6703426
	12.549477	50.6708453
	12.5526095	50.6697639
	12.5550096	50.6672309
	12.5563998	50.6684695
	12.5587073	50.6706363
	12.5622533	50.6732609
	12.5657961	50.6758817
	12.5682898	50.6745694
	12.5694306	50.674722
	12.5704682	50.6755078
	12.5709851	50.6759008
	12.5760604	50.6767363
	12.5820256	50.6769613
	12.585685	50.6765188
	12.5881636	50.6764654
	12.5881024	50.6766447
	12.5879804	50.6770071
	12.5880995	50.6791663
	12.5893214	50.6807609
	12.5889855	50.6849116
	12.5885204	50.6867197
	12.588336	50.688528
	12.5892756	50.6901265
	12.591652	50.6920529
	12.5937522	50.6941664
	12.5970081	50.6963638
	12.5990813	50.6979393
	12.5997066	50.6990037
	12.5997678	50.7000833
	12.5984528	50.7019144
	12.5937224	50.7038295
	12.5881492	50.7055767
	12.5812466	50.7089719
	12.5736934	50.7111235
	12.5692704	50.7132026
	12.5656672	50.7147209
	12.5637829	50.7157441
	12.563136	50.7160071
	12.5619213	50.7165009
	12.5604396	50.7184607
	12.5582893	50.7177196
	12.5570485	50.7172263
	12.5570441	50.7157965
	12.5569326	50.7149683
	12.5565012	50.7155898
	12.5562067	50.7162316
	12.555163	50.7162358
	12.5550579	50.715727
	12.5551545	50.7155372
	12.5549012	50.7149685
	12.5543435	50.7151086
	12.5538057	50.7150904
	12.5537935	50.7157722
	12.5527374	50.7151925
	12.5524578	50.7142184
	12.5524045	50.7143065
	12.5492011	50.7147408
	12.5493685	50.7154103
	12.5482178	50.7156503
	12.5487491	50.7167728
	12.546617	50.7170651
	12.5424823	50.7159047
	12.5407215	50.7158528
	12.5401482	50.715412
	12.5325722	50.7144526
	12.5243002	50.7141933
	12.5261493	50.7023098
	12.5254395	50.702207
	12.525335	50.702583
	12.5244727	50.7024912
	12.524353	50.7013199
	12.524077	50.6977417
	12.5235822	50.6938842
	12.5233445	50.6937461
	12.5235141	50.6926932
	12.5241364	50.6917588
	12.5273403	50.6875742
	12.5260369	50.6874041
	12.5225128	50.6881024
	12.5215946	50.6882844
	12.5219066	50.687277
	12.5210835	50.6864087
	12.5208654	50.6863251
	12.5204212	50.6861343
	12.5202484	50.6860778
	12.520005	50.6860001
	12.5196259	50.6858518
	12.5194642	50.68584
	12.5193453	50.6858341
	12.519219	50.6858055
	12.5192368	50.6855497
	12.5191796	50.6853634
	12.5190134	50.6850659
	12.5186919	50.6847257
	12.5183635	50.6843423
	12.5178433	50.6837025
	12.5176127	50.6834946
	12.5173988	50.6833818
	12.5172481	50.6833024
	12.5167882	50.6831604
	12.5163422	50.6829964
	12.5162145	50.6828911
	12.5161112	50.6827667
	12.5160796	50.6825223
	12.5161164	50.6823941
	12.5161853	50.6822844
	12.5161218	50.6819448
	12.5164076	50.6816661
	12.5161247	50.6812528
	12.51576	50.6808628
	12.5146342	50.6796484
END
END
