6549492
1
	11.8655524	52.6421364
	11.8661656	52.6404691
	11.8694186	52.6356472
	11.8692878	52.6352197
	11.8699305	52.6348573
	11.8710765	52.6349093
	11.8717678	52.6348636
	11.8763053	52.6335133
	11.8806228	52.6320716
	11.8819162	52.6326102
	11.8818296	52.6328696
	11.884634	52.6340443
	11.8849294	52.6338841
	11.8871416	52.6347842
	11.887041	52.6350436
	11.8887128	52.63602
	11.8914403	52.6372023
	11.8946387	52.6384384
	11.8965651	52.6383867
	11.9027095	52.6374843
	11.9030489	52.6377055
	11.9037468	52.637607
	11.9041741	52.6374308
	11.9095506	52.6343329
	11.9093587	52.634112
	11.9172605	52.6299373
	11.917639	52.63007
	11.9219852	52.6277773
	11.9225718	52.6278528
	11.9228118	52.6278528
	11.9230428	52.6275183
	11.9233182	52.6274105
	11.9243855	52.6256422
	11.9246249	52.6261696
	11.9250871	52.6260833
	11.925487	52.6270597
	11.9262603	52.6270651
	11.926278	52.6273295
	11.9286066	52.6289264
	11.931193	52.6303505
	11.9340141	52.6316538
	11.9344131	52.6314378
	11.935582	52.6320175
	11.9375177	52.6324448
	11.939931	52.6331771
	11.9423535	52.6337568
	11.9456186	52.6334335
	11.946638	52.6333346
	11.9479264	52.6334033
	11.9495238	52.6336655
	11.9519486	52.6334529
	11.9546304	52.6332476
	11.9593084	52.6329274
	11.9591638	52.632279
	11.9624067	52.6316229
	11.9640659	52.6313559
	11.964952	52.631272
	11.9662027	52.6310508
	11.9675162	52.630696
	11.9688716	52.6304105
	11.9690062	52.6310681
	11.9692313	52.6311466
	11.970629	52.6311085
	11.9709935	52.6312406
	11.9745324	52.6308976
	11.9760572	52.6306783
	11.9770639	52.6323889
	11.9774441	52.6331063
	11.9780662	52.633744
	11.9785362	52.6352459
	11.9791941	52.6366103
	11.9789937	52.6367235
	11.9808567	52.640618
	11.9821428	52.6434731
	11.9824923	52.6441214
	11.9827237	52.6445451
	11.9831307	52.6455742
	11.9829315	52.6466506
	11.9828163	52.6469856
	11.9828702	52.647483
	11.9830265	52.6480037
	11.983389	52.649951
	11.9839364	52.6529624
	11.9843469	52.6558698
	11.9776112	52.656537
	11.9690792	52.6556288
	11.968312	52.6556493
	11.9651564	52.6550503
	11.9653447	52.6561968
	11.9656493	52.6569291
	11.9662247	52.6577093
	11.9660104	52.6577504
	11.9671047	52.6606246
	11.9667774	52.6647218
	11.9599549	52.665197
	11.9585588	52.666663
	11.9557825	52.6666678
	11.9558217	52.6688695
	11.9517501	52.6693536
	11.9493541	52.6695123
	11.9469927	52.66975
	11.9466986	52.669923
	11.9436422	52.6700581
	11.9424303	52.6699013
	11.9423092	52.6695784
	11.9412807	52.6695879
	11.9398995	52.6696744
	11.9385094	52.6696906
	11.9372529	52.6695285
	11.937048	52.6697933
	11.9360873	52.6696094
	11.9317431	52.6679528
	11.9316718	52.6676826
	11.9305134	52.6673259
	11.9300144	52.6667801
	11.9276115	52.6652015
	11.9271387	52.6652163
	11.9257588	52.6642877
	11.924883	52.6635387
	11.9223189	52.6621556
	11.922467	52.6618773
	11.9198115	52.660364
	11.9183323	52.6595154
	11.9173521	52.6591533
	11.916865	52.6587724
	11.9162357	52.6578328
	11.9158955	52.657764
	11.9154922	52.6571066
	11.9150007	52.6569002
	11.9138035	52.6568238
	11.9139043	52.6564339
	11.9117872	52.655356
	11.9101363	52.6545686
	11.9084667	52.6542316
	11.9092291	52.6477903
	11.908925	52.6475393
	11.9035664	52.6463792
	11.8998519	52.6466304
	11.8917524	52.646757
	11.8826575	52.6452888
	11.8751662	52.6443278
	11.8727052	52.6438988
	11.870821	52.6434782
	11.8698368	52.6434279
	11.8655524	52.6421364
END
END
