6549785
1
	10.0682525	51.3992789
	10.0694185	51.3990531
	10.0703326	51.3984179
	10.0715079	51.3980421
	10.0739427	51.3974746
	10.0761241	51.3968672
	10.0815191	51.3951859
	10.0842867	51.3951048
	10.0868115	51.3939198
	10.0898526	51.3934219
	10.0923761	51.3935968
	10.0956821	51.39211
	10.0980835	51.39285
	10.0985422	51.3928516
	10.1016049	51.3928626
	10.1075772	51.3918343
	10.1082046	51.3928859
	10.1105844	51.3929927
	10.1098444	51.3942539
	10.113431	51.3947687
	10.1140711	51.3948083
	10.1137503	51.3960761
	10.1149077	51.3968978
	10.116105	51.3972962
	10.1151992	51.4067196
	10.1172921	51.4054566
	10.1204705	51.4075895
	10.1224729	51.4043267
	10.1251565	51.4042724
	10.1239627	51.4100514
	10.1247814	51.4106505
	10.1244798	51.4109388
	10.1266818	51.4122808
	10.1269084	51.41227
	10.1265651	51.4123402
	10.1266771	51.4125815
	10.1297596	51.4119471
	10.1314684	51.4111281
	10.1417196	51.4112607
	10.1437906	51.4117734
	10.1424829	51.4158166
	10.142853	51.4192588
	10.1415774	51.4190631
	10.1412073	51.420204
	10.1411805	51.420592
	10.1413414	51.4210871
	10.1428219	51.4225492
	10.1425853	51.4233947
	10.1430708	51.4243044
	10.1437809	51.4239957
	10.1440866	51.423958
	10.1444702	51.4239965
	10.1452963	51.4240258
	10.1471014	51.4249916
	10.1476298	51.425383
	10.1483889	51.4257392
	10.147931	51.4260321
	10.1490434	51.4263455
	10.1498062	51.4272154
	10.1499792	51.4273258
	10.1502984	51.4274312
	10.150698	51.4275148
	10.1512328	51.4276008
	10.1504727	51.429254
	10.151606	51.4295567
	10.1523644	51.4300261
	10.1509708	51.4297785
	10.1496721	51.4295952
	10.1484482	51.4294642
	10.1470853	51.4293575
	10.1456898	51.4293148
	10.1442368	51.4290808
	10.142522	51.4291606
	10.1413692	51.4294085
	10.1408532	51.4295345
	10.1392295	51.4301144
	10.1368208	51.4313193
	10.1360729	51.4317922
	10.1363379	51.4321622
	10.135188	51.4332081
	10.1338362	51.434108
	10.1333793	51.4343479
	10.1329584	51.4344279
	10.1327144	51.434104
	10.1322755	51.4342449
	10.1330673	51.4352138
	10.1321315	51.4355688
	10.1313956	51.4347569
	10.1309437	51.434028
	10.1303937	51.433715
	10.128405	51.4346769
	10.1281581	51.4345089
	10.1275841	51.4349588
	10.1266943	51.4343249
	10.1263323	51.4343749
	10.1259254	51.4341349
	10.1254485	51.4341579
	10.1251635	51.4340239
	10.1248526	51.4340155
	10.1247076	51.4340239
	10.1231238	51.4342449
	10.121982	51.4342419
	10.1214861	51.4341919
	10.1211261	51.4340579
	10.1204502	51.43291
	10.1201853	51.432815
	10.1195924	51.432872
	10.1191824	51.4318691
	10.1189555	51.4315712
	10.1183316	51.4312012
	10.1175927	51.4306863
	10.1170718	51.4301593
	10.115816	51.4303123
	10.1149771	51.4304993
	10.1146111	51.4307243
	10.1144951	51.4309382
	10.1128394	51.4308162
	10.1103308	51.4304263
	10.1095759	51.4316591
	10.108964	51.4321091
	10.1073992	51.432532
	10.1045646	51.4333149
	10.1045046	51.4336009
	10.1044466	51.4337759
	10.1028848	51.4336999
	10.101913	51.4336999
	10.1001453	51.4334409
	10.0977606	51.4336848
	10.0974487	51.4337298
	10.0973307	51.4339098
	10.0973107	51.4340738
	10.09711	51.4341161
	10.0965528	51.4342338
	10.094736	51.4346157
	10.0939952	51.4348287
	10.0937622	51.4348977
	10.0936992	51.4349627
	10.0911996	51.4356336
	10.0907826	51.4356296
	10.0870732	51.4350236
	10.0852095	51.4347907
	10.0845246	51.4347637
	10.081393	51.4345847
	10.0804972	51.4345807
	10.0799672	51.4342227
	10.0794403	51.4336728
	10.0793663	51.4333638
	10.0793414	51.4319679
	10.0793294	51.431136
	10.0792574	51.4305031
	10.0791594	51.4297402
	10.0792234	51.4288853
	10.0794654	51.4275504
	10.0796304	51.4262916
	10.0796634	51.4257426
	10.0795924	51.4252087
	10.0792915	51.4246938
	10.0795604	51.4245638
	10.0793945	51.4240788
	10.0790664	51.4237268
	10.0784051	51.4229843
	10.0806437	51.4226909
	10.080243	51.419349
	10.0778173	51.4163329
	10.0768488	51.4126555
	10.0748147	51.4124851
	10.0710353	51.4130567
	10.0691365	51.4078195
	10.0684171	51.4044699
	10.0692228	51.4030341
	10.0682525	51.3992789
END
END
