6549883
1
	9.2853694	50.6379485
	9.2855301	50.6349279
	9.2866158	50.6329223
	9.2885899	50.6335484
	9.2921519	50.6334939
	9.2965722	50.6324868
	9.2982029	50.631044
	9.2988847	50.630419
	9.2990826	50.6274683
	9.302699	50.625676
	9.3066544	50.6252458
	9.3229282	50.6159964
	9.3289179	50.6168569
	9.3294829	50.6119806
	9.3276747	50.6071038
	9.3243974	50.6035893
	9.3242844	50.6016526
	9.3323082	50.596416
	9.3317432	50.5921115
	9.3345685	50.5885959
	9.3380719	50.5888112
	9.3413492	50.5909636
	9.3466709	50.5909855
	9.3497368	50.5915491
	9.3540765	50.5913195
	9.3607668	50.5892532
	9.371616	50.5891384
	9.3762269	50.5907455
	9.3820132	50.5943614
	9.3874378	50.5941318
	9.3984678	50.5861535
	9.4009993	50.5897698
	9.4092266	50.5797814
	9.4146512	50.5798962
	9.4211607	50.5774275
	9.4281222	50.5772552
	9.4348276	50.57972
	9.4343535	50.5893789
	9.4310987	50.5909286
	9.4314604	50.5927653
	9.4367945	50.5925357
	9.4420383	50.596668
	9.4312795	50.6034395
	9.4260358	50.602923
	9.4175372	50.6069396
	9.4178085	50.6133655
	9.4209728	50.6221996
	9.4260358	50.6274763
	9.4240467	50.6298277
	9.4239563	50.6324657
	9.4226002	50.6344728
	9.4225098	50.6400921
	9.4271207	50.6419269
	9.4250413	50.6449082
	9.4268494	50.6462268
	9.4328165	50.6477173
	9.4251317	50.6521887
	9.4289289	50.6547108
	9.42477	50.6587803
	9.4349863	50.6677778
	9.4436657	50.6693822
	9.4459259	50.6692676
	9.448367	50.6684654
	9.4537823	50.6717624
	9.452217	50.6729661
	9.4511317	50.6749633
	9.4511943	50.6764049
	9.4506827	50.6781134
	9.4494075	50.6811986
	9.4486457	50.6832244
	9.4480449	50.6848083
	9.4479162	50.6858891
	9.4486656	50.6873029
	9.4495906	50.689703
	9.4507938	50.6909284
	9.4511651	50.6916175
	9.4514256	50.6921127
	9.4504278	50.6926659
	9.4499745	50.6929803
	9.4495972	50.6933301
	9.4493142	50.6936129
	9.4490313	50.6949667
	9.4490067	50.6954395
	9.4490011	50.6955467
	9.4489671	50.6957287
	9.4488452	50.6960292
	9.4487257	50.6962343
	9.4486729	50.6966608
	9.4486954	50.6969481
	9.4487069	50.6970945
	9.4487635	50.6972431
	9.4489323	50.6975011
	9.4486291	50.6978067
	9.4482388	50.6977342
	9.447656	50.6976522
	9.4459098	50.6975102
	9.4458025	50.6983596
	9.4450193	50.6986518
	9.4438606	50.6988965
	9.4362272	50.7005093
	9.4332228	50.7015765
	9.4307462	50.7026051
	9.4290207	50.7033379
	9.4281278	50.7037404
	9.4248466	50.7043686
	9.42134	50.704042
	9.4208277	50.7032293
	9.4204803	50.7033306
	9.4166425	50.7038658
	9.4148809	50.7035735
	9.4149348	50.7035004
	9.4144271	50.7033542
	9.4143809	50.7035053
	9.4146348	50.7040314
	9.4133567	50.7038371
	9.41056	50.7033282
	9.4087234	50.7030176
	9.4022534	50.7018147
	9.4013686	50.7012801
	9.4004329	50.7016483
	9.4002185	50.7019072
	9.3970461	50.7013851
	9.39594	50.7009356
	9.3946462	50.7007664
	9.393877	50.7008492
	9.3934385	50.7006592
	9.3919462	50.700362
	9.3914447	50.7004063
	9.3907333	50.7000326
	9.3903913	50.7000046
	9.3902865	50.7000885
	9.3897185	50.7002561
	9.3892442	50.70034
	9.3888103	50.7004452
	9.3885187	50.7006691
	9.388395	50.7007922
	9.3883862	50.7010049
	9.3879621	50.7013015
	9.3849313	50.7009601
	9.3850726	50.7011616
	9.3842597	50.701156
	9.3841448	50.7009937
	9.379914	50.7007387
	9.366015	50.6963986
	9.3552563	50.6882085
	9.3482947	50.6813919
	9.3338291	50.6769233
	9.3286757	50.6764649
	9.3265963	50.673944
	9.3236128	50.6741732
	9.3176457	50.6690736
	9.3141197	50.6683287
	9.3105033	50.6691882
	9.3057116	50.6662657
	9.304265	50.6625981
	9.298298	50.6543448
	9.2935063	50.6514214
	9.2899803	50.6476379
	9.2907153	50.6417833
	9.2903934	50.6415588
	9.2901118	50.6413121
	9.2885896	50.641199
	9.2879768	50.6411531
	9.2871413	50.6412662
	9.2870246	50.6412789
	9.2866477	50.6412943
	9.2863379	50.6404565
	9.2853694	50.6379485
END
END
