6550613
1
	13.6686552	52.5660886
	13.6738665	52.5645907
	13.6746422	52.5643311
	13.6750542	52.564155
	13.6755832	52.5639575
	13.6768127	52.5637084
	13.6774382	52.5636313
	13.6780014	52.5629583
	13.6780637	52.5624528
	13.6770133	52.5609077
	13.6732561	52.5562284
	13.6730308	52.5553471
	13.6725769	52.5528263
	13.6719632	52.5510508
	13.6715019	52.5492763
	13.670856	52.5481248
	13.6705878	52.5470738
	13.6703904	52.5457291
	13.6730683	52.5457984
	13.6732153	52.5463497
	13.6861521	52.5453893
	13.6931012	52.5449168
	13.6962729	52.5448255
	13.6991962	52.5447413
	13.7071302	52.5445279
	13.708658	52.5445312
	13.7120859	52.5445899
	13.7195553	52.5445632
	13.7194244	52.5441397
	13.7198514	52.5438937
	13.723422	52.5435381
	13.726528	52.5431016
	13.727559	52.5430794
	13.7308399	52.5422305
	13.7328698	52.54167
	13.7315126	52.5452633
	13.7340714	52.545399
	13.7346025	52.5441312
	13.7367529	52.5441742
	13.7401139	52.5442957
	13.7378544	52.5509373
	13.7408756	52.5511141
	13.7409078	52.5514318
	13.745488	52.5515708
	13.7458914	52.5502208
	13.7459387	52.5500625
	13.7473344	52.5453911
	13.7488182	52.5454551
	13.7489652	52.5450506
	13.749316	52.545091
	13.749184	52.5455503
	13.7503878	52.545748
	13.7505155	52.5452626
	13.7531022	52.5455595
	13.7519971	52.5486924
	13.7534927	52.5488705
	13.7537931	52.5478985
	13.7575053	52.5482775
	13.7583593	52.5460664
	13.7656828	52.5474979
	13.7673802	52.5421158
	13.7688629	52.5424992
	13.7692964	52.5426812
	13.7695843	52.5427613
	13.7721792	52.5434838
	13.7728873	52.5436534
	13.7733379	52.5439079
	13.7734441	52.5432684
	13.7741748	52.5435229
	13.7752047	52.5440775
	13.7759151	52.5444029
	13.7755872	52.5447192
	13.7753703	52.5451292
	13.7753016	52.545479
	13.7749325	52.546335
	13.776117	52.5466064
	13.7764346	52.5466534
	13.7766577	52.5466899
	13.7770697	52.5468569
	13.7772242	52.5469091
	13.7774045	52.5469196
	13.778616	52.546766
	13.7786583	52.5465768
	13.7785666	52.5462381
	13.778348	52.545321
	13.7806779	52.5444122
	13.7827748	52.54352
	13.7844294	52.542823
	13.7848374	52.5425238
	13.785311	52.5423851
	13.7852456	52.5430357
	13.7852751	52.5432501
	13.7853524	52.5434172
	13.7854803	52.5435366
	13.7857139	52.5436833
	13.7862013	52.5437482
	13.7866055	52.5437988
	13.7867128	52.5440423
	13.7868447	52.5442813
	13.7870373	52.544499
	13.7876896	52.5445896
	13.787662	52.5449339
	13.7872897	52.5452138
	13.7873262	52.5456591
	13.7877526	52.5462378
	13.7889108	52.546506
	13.7895409	52.5467734
	13.7903391	52.5483549
	13.7913691	52.5482087
	13.7918859	52.5483987
	13.7920131	52.548091
	13.792108	52.547805
	13.7925629	52.5476357
	13.7929656	52.5474154
	13.793256	52.5472664
	13.7932463	52.5475329
	13.7936179	52.5472066
	13.7939354	52.5467682
	13.794047	52.5466638
	13.7944504	52.5465177
	13.7946564	52.5464394
	13.7949654	52.5462149
	13.7951542	52.5461158
	13.7971713	52.5455938
	13.7979609	52.545385
	13.7981755	52.5453537
	13.7983986	52.5453641
	13.7988278	52.5454581
	13.7994286	52.545646
	13.7996861	52.545693
	13.7998835	52.5457086
	13.8005873	52.5455886
	13.8010165	52.5454581
	13.803806	52.5449727
	13.804072	52.5449518
	13.8046128	52.5448891
	13.8049218	52.5447378
	13.8048874	52.5445342
	13.8042437	52.5438556
	13.804072	52.5428169
	13.8041064	52.5427073
	13.8048188	52.5419817
	13.8051707	52.541658
	13.8055741	52.5413553
	13.8057972	52.5412665
	13.8061921	52.5411987
	13.8063294	52.5409742
	13.8067071	52.5408698
	13.8069645	52.5408698
	13.8073336	52.5407341
	13.8076512	52.5406401
	13.8080031	52.5405775
	13.8083893	52.5404835
	13.8085953	52.5403008
	13.8088099	52.5401703
	13.8091189	52.5400607
	13.8094536	52.5399615
	13.8099257	52.5398936
	13.8105265	52.5399197
	13.8109814	52.5399615
	13.8113591	52.5400189
	13.8116509	52.5400137
	13.8119256	52.5399562
	13.8123805	52.5398153
	13.812595	52.5397579
	13.8133843	52.539713
	13.8148391	52.5399603
	13.8151309	52.5400562
	13.8155644	52.5401025
	13.8159517	52.5402317
	13.8162975	52.5403758
	13.8164005	52.5405489
	13.8164676	52.5408403
	13.8166494	52.5409463
	13.8167293	52.5410954
	13.8175163	52.5412162
	13.8176107	52.5414302
	13.8176879	52.5417904
	13.8176879	52.542135
	13.817645	52.542255
	13.8175334	52.5423646
	13.8170442	52.5426517
	13.8168296	52.542777
	13.8168382	52.5429123
	13.8169021	52.543114
	13.8169337	52.5434183
	13.8170823	52.5437446
	13.8174589	52.5440715
	13.8175077	52.54446
	13.8174965	52.5446949
	13.8174702	52.5450851
	13.8176509	52.5452645
	13.8177341	52.5459949
	13.8175539	52.5463133
	13.8176976	52.5468627
	13.8181252	52.5474946
	13.8189448	52.5480625
	13.8195188	52.548148
	13.8200258	52.5480654
	13.8210069	52.5481431
	13.8223448	52.5489295
	13.8231618	52.5493914
	13.8230626	52.5496377
	13.8223985	52.5500184
	13.8227294	52.550295
	13.8226393	52.5506985
	13.8229698	52.5509513
	13.8227015	52.5512667
	13.8220197	52.5517553
	13.8212628	52.5518698
	13.8203884	52.5521784
	13.8207392	52.5526497
	13.8208519	52.5531194
	13.8213578	52.5536054
	13.8221152	52.5548748
	13.8221115	52.5552098
	13.8218363	52.5561413
	13.8218786	52.5566758
	13.8216018	52.5569052
	13.8217992	52.5571661
	13.8219194	52.5572652
	13.8220739	52.5573331
	13.8223657	52.5574218
	13.8225888	52.5574896
	13.8228034	52.5575261
	13.8231124	52.5576618
	13.8236531	52.5578444
	13.8244342	52.5580532
	13.8247861	52.5581367
	13.8254298	52.5581941
	13.8260221	52.5581836
	13.8263997	52.5581262
	13.8273353	52.5579018
	13.8276443	52.5578757
	13.8279533	52.5579227
	13.8291377	52.5579488
	13.8294467	52.5579227
	13.8299617	52.5578444
	13.8303651	52.5577714
	13.8306655	52.5577662
	13.8309699	52.5578127
	13.8303369	52.5586567
	13.8304957	52.5592287
	13.8303107	52.5599834
	13.8308448	52.5605122
	13.830738	52.561375
	13.8310525	52.5618839
	13.8321114	52.5626274
	13.8320656	52.5629892
	13.8309041	52.5631498
	13.8299444	52.5635922
	13.8298376	52.5639911
	13.8302361	52.5643394
	13.8306769	52.5652898
	13.8297039	52.5658107
	13.8288381	52.5658544
	13.8280077	52.5662287
	13.8272285	52.5663038
	13.8265443	52.5666533
	13.8260377	52.5673212
	13.8259462	52.5693897
	13.8266709	52.5719785
	13.8278167	52.5723578
	13.8277845	52.5730366
	13.8275109	52.5737741
	13.8277622	52.5750194
	13.8271823	52.5757799
	13.8267484	52.5764526
	13.8267621	52.5773041
	13.8270993	52.57783
	13.8275284	52.5781736
	13.8285763	52.5782851
	13.8282754	52.5789813
	13.8273629	52.5797906
	13.8275802	52.5808885
	13.8272216	52.5812596
	13.8268852	52.5813973
	13.8265934	52.5816586
	13.8267506	52.5821378
	13.8269368	52.5824362
	13.8271176	52.5826145
	13.8274246	52.5828632
	13.8276703	52.5830498
	13.8279083	52.583182
	13.8282588	52.583572
	13.828634	52.5839285
	13.8288762	52.5841233
	13.8291506	52.584267
	13.8296847	52.5844405
	13.8300804	52.5845047
	13.8303419	52.5845227
	13.8307262	52.5844543
	13.8307683	52.5846346
	13.8309389	52.5849372
	13.8312098	52.5851716
	13.8320728	52.5857183
	13.8318934	52.5859757
	13.8317309	52.5863953
	13.8315942	52.5866226
	13.8315231	52.5869678
	13.8314094	52.587263
	13.8313446	52.5876029
	13.8313446	52.5880526
	13.8312455	52.5884021
	13.8313033	52.5889413
	13.8313757	52.5891289
	13.8315735	52.5894718
	13.8318534	52.5897854
	13.8322974	52.5903767
	13.8326254	52.5908134
	13.8329079	52.5910485
	13.8334359	52.5913908
	13.8336144	52.5914699
	13.834286	52.591725
	13.834604	52.5920424
	13.8351395	52.5924908
	13.8354449	52.5928253
	13.8349716	52.5928787
	13.8350188	52.5931994
	13.8347678	52.5937123
	13.8343161	52.5941007
	13.8346626	52.5943106
	13.835478	52.5949662
	13.8359286	52.595457
	13.8355424	52.5955964
	13.8356894	52.5959438
	13.8356712	52.5963478
	13.8350274	52.5977359
	13.8347485	52.5983524
	13.8347023	52.5999047
	13.8340629	52.6020531
	13.8345199	52.6022896
	13.8342646	52.6026558
	13.8339041	52.6028832
	13.8337174	52.6032331
	13.8350489	52.6031106
	13.8371893	52.6025822
	13.8385443	52.6024147
	13.8411815	52.6021997
	13.8421106	52.6020036
	13.8429196	52.6017299
	13.8436749	52.6016628
	13.8464214	52.6015031
	13.8476005	52.6014334
	13.8486101	52.601496
	13.8506701	52.6016608
	13.8524049	52.6018635
	13.8545915	52.6018198
	13.8565237	52.6018348
	13.8586877	52.6019039
	13.8611629	52.6020733
	13.8630522	52.601999
	13.8662237	52.601868
	13.8684381	52.601997
	13.8751264	52.6012099
	13.8760947	52.6011353
	13.8790586	52.6009069
	13.8822761	52.600669
	13.8847223	52.6007446
	13.8852684	52.6017801
	13.8856021	52.6032416
	13.8888647	52.6028819
	13.8912422	52.6034371
	13.8922121	52.6035192
	13.893064	52.5999425
	13.8944126	52.6004312
	13.8976624	52.6012809
	13.9006225	52.6019345
	13.9034989	52.6021808
	13.9035343	52.6016087
	13.9032811	52.6010972
	13.9032532	52.600712
	13.9037574	52.6003745
	13.9044505	52.5999555
	13.9048743	52.5994348
	13.9053796	52.5987082
	13.9060813	52.5977333
	13.9068892	52.5977861
	13.9070233	52.5982807
	13.9080479	52.5984215
	13.9094222	52.5988125
	13.9103009	52.5988509
	13.9108792	52.5986958
	13.9115015	52.5982455
	13.9120197	52.5975685
	13.9125154	52.5970979
	13.912951	52.5971396
	13.9136923	52.5974681
	13.9143436	52.5976831
	13.9154787	52.5977679
	13.9168455	52.5977887
	13.9182242	52.5975997
	13.9189902	52.5975417
	13.9198893	52.597648
	13.9203421	52.5979451
	13.9207369	52.5981556
	13.9211928	52.5982547
	13.9221305	52.598836
	13.9232463	52.5988575
	13.924183	52.5993123
	13.9256432	52.599485
	13.9261646	52.5994218
	13.9264822	52.5995117
	13.927039	52.5995072
	13.9280207	52.5996694
	13.9293596	52.5996434
	13.9302684	52.5997333
	13.9317926	52.6000929
	13.9322582	52.6022694
	13.9322947	52.6034898
	13.9326681	52.6039629
	13.9370347	52.6065613
	13.9387578	52.6074976
	13.9381355	52.6097655
	13.9380003	52.6101512
	13.9377825	52.6109278
	13.9378362	52.6116079
	13.9375508	52.6144482
	13.9385282	52.6148091
	13.9379338	52.6157133
	13.9374145	52.6165842
	13.9370208	52.6171281
	13.9369392	52.6196561
	13.937054	52.6207777
	13.9363768	52.6219522
	13.935275	52.623534
	13.9336305	52.624681
	13.9328676	52.6253088
	13.9328483	52.6260402
	13.9328483	52.6265931
	13.932122	52.6272411
	13.9321864	52.6278942
	13.9318248	52.6284862
	13.9317851	52.6291172
	13.9317819	52.6297613
	13.9309676	52.6308514
	13.9305438	52.631302
	13.9300588	52.631539
	13.9259186	52.6358001
	13.9240357	52.6355703
	13.9216807	52.6353567
	13.9197699	52.635343
	13.9173505	52.6353313
	13.9127092	52.6352076
	13.9105109	52.6354094
	13.9082042	52.6359127
	13.9057966	52.6364017
	13.9047817	52.6365183
	13.9034953	52.6369382
	13.9017004	52.6376922
	13.9004537	52.6381336
	13.8970312	52.6386336
	13.8950742	52.6383042
	13.8946236	52.6392352
	13.8940834	52.6403485
	13.8941445	52.641135
	13.8938849	52.6413401
	13.8930116	52.6414644
	13.892209	52.6419019
	13.8917509	52.642521
	13.891149	52.6428166
	13.8898841	52.6431727
	13.8888509	52.643241
	13.8882404	52.6434487
	13.8871	52.6434806
	13.8863425	52.6436915
	13.8846795	52.644625
	13.8829758	52.6455299
	13.8813729	52.6461112
	13.8795694	52.646218
	13.8771125	52.6461815
	13.8749753	52.6463553
	13.8712331	52.6467622
	13.8689629	52.6471755
	13.8671465	52.6474691
	13.8649385	52.6472712
	13.8584357	52.6472907
	13.8563157	52.6471794
	13.8532162	52.6471469
	13.8506241	52.6473181
	13.8482905	52.6474385
	13.8451002	52.6476051
	13.8447483	52.6464602
	13.8444644	52.6455373
	13.8438805	52.6449954
	13.8413899	52.6434585
	13.840339	52.6427503
	13.8389773	52.6418327
	13.8359139	52.639083
	13.8339412	52.6375031
	13.8328414	52.6370032
	13.8326954	52.6368702
	13.8327134	52.6356573
	13.8318566	52.6334106
	13.8318707	52.6323807
	13.8332895	52.6313118
	13.8338164	52.6304619
	13.8335935	52.629786
	13.8335335	52.629607
	13.8333475	52.62942
	13.8329496	52.6290231
	13.8323237	52.6286721
	13.8299471	52.6273482
	13.8291282	52.6263113
	13.8283504	52.6253234
	13.8279894	52.6247815
	13.8263277	52.6250175
	13.824291	52.6253044
	13.8237291	52.6256554
	13.8227992	52.6262383
	13.8208655	52.6273071
	13.8193807	52.6279701
	13.817394	52.6275131
	13.8141555	52.6266432
	13.811209	52.6262272
	13.8074445	52.6261202
	13.8055248	52.6261091
	13.8032412	52.6257841
	13.7986039	52.6248652
	13.7944076	52.6239463
	13.791607	52.6236213
	13.7885085	52.6234693
	13.7814206	52.6233012
	13.7763574	52.6223243
	13.7754035	52.6220613
	13.7745226	52.6218173
	13.7739147	52.6217483
	13.7715111	52.6210314
	13.7713332	52.6209894
	13.7708752	52.6208754
	13.7702433	52.6207184
	13.7688635	52.6204974
	13.7663509	52.6201354
	13.7653311	52.6199864
	13.7645572	52.6199134
	13.7631624	52.6196735
	13.7619446	52.6194675
	13.7612647	52.6193495
	13.7590151	52.6188535
	13.7578203	52.6185905
	13.7575183	52.6185255
	13.7549297	52.6177966
	13.7539569	52.6174996
	13.753335	52.6173806
	13.7524321	52.6173086
	13.7515313	52.6171216
	13.7509624	52.6170376
	13.7498565	52.6169386
	13.7490317	52.6166977
	13.7480218	52.6164887
	13.746625	52.6158017
	13.7468006	52.6158509
	13.7457202	52.6154198
	13.7420998	52.6140929
	13.7359038	52.612864
	13.734514	52.612586
	13.7331662	52.612433
	13.7317814	52.612353
	13.7299727	52.612357
	13.7295087	52.612433
	13.7293288	52.612346
	13.7292258	52.612017
	13.7291608	52.611808
	13.7290478	52.611651
	13.7287849	52.6095993
	13.728613	52.6074395
	13.728484	52.6068866
	13.7284821	52.6062766
	13.7280882	52.6044638
	13.7277843	52.6015462
	13.7273963	52.6015802
	13.7271944	52.6017601
	13.7155961	52.6024499
	13.7155401	52.6025719
	13.7157261	52.6028389
	13.716077	52.6036178
	13.716153	52.6041748
	13.716006	52.6046317
	13.715934	52.6052806
	13.716009	52.6058646
	13.715751	52.6058796
	13.715438	52.6058376
	13.7155461	52.6047277
	13.7155441	52.6043647
	13.7147262	52.6023619
	13.7145603	52.602099
	13.7144863	52.601676
	13.7142823	52.6013361
	13.7137094	52.6009281
	13.7129696	52.6002452
	13.7126376	52.5997722
	13.7125436	52.5994483
	13.7125407	52.5986623
	13.7125767	52.5984294
	13.7129276	52.5979564
	13.7130886	52.5978004
	13.7133686	52.5975295
	13.7142515	52.5965866
	13.7150244	52.5958357
	13.7162762	52.5950378
	13.7166451	52.5946448
	13.7169191	52.5941719
	13.7172311	52.593489
	13.7172121	52.593299
	13.7171011	52.593032
	13.7171001	52.592871
	13.7173751	52.5922341
	13.7172631	52.5917192
	13.7172071	52.5912352
	13.7173692	52.5899454
	13.7173312	52.5893964
	13.7170722	52.5890605
	13.7157774	52.5879546
	13.7147996	52.5872256
	13.7131908	52.5878856
	13.7124959	52.5881715
	13.711853	52.5884425
	13.7110242	52.5886864
	13.7098993	52.5889924
	13.7085365	52.5892744
	13.7067288	52.5895793
	13.7062689	52.5896133
	13.705642	52.5895373
	13.705271	52.5895603
	13.7032443	52.5898772
	13.7004437	52.5904072
	13.6998168	52.5905291
	13.6995759	52.5901512
	13.698819	52.5902852
	13.7000548	52.5892743
	13.6998798	52.5892053
	13.698855	52.5888053
	13.699037	52.5885154
	13.6996269	52.5881874
	13.6997189	52.5879624
	13.699402	52.5870125
	13.699383	52.5865846
	13.6990975	52.5862908
	13.6989806	52.585929
	13.6987403	52.5855184
	13.698501	52.5851911
	13.6980021	52.5847505
	13.6980901	52.5844245
	13.6977157	52.5843509
	13.6974957	52.5842355
	13.6971245	52.5836964
	13.6964894	52.5829493
	13.696028	52.5829493
	13.6956922	52.5831143
	13.6952094	52.5830595
	13.6948468	52.5828079
	13.6942556	52.582579
	13.6939928	52.5824122
	13.6935894	52.5823594
	13.6930293	52.5827407
	13.6928973	52.5823255
	13.6926892	52.5821181
	13.6925272	52.5818672
	13.6926171	52.5812061
	13.6922612	52.5798363
	13.6919853	52.5796113
	13.6917253	52.5795123
	13.6914314	52.5794783
	13.6896046	52.5795013
	13.6887028	52.5795813
	13.687467	52.5796422
	13.6861222	52.5797752
	13.6857172	52.5797682
	13.6850653	52.579912
	13.6845482	52.5798847
	13.6843344	52.5796612
	13.6846084	52.5788103
	13.6845524	52.5786843
	13.6843485	52.5785283
	13.6841455	52.5784743
	13.6836296	52.5784293
	13.682661	52.5784223
	13.6824239	52.5787855
	13.681336	52.5787359
	13.6802191	52.5788722
	13.6795593	52.5790801
	13.6784907	52.5796252
	13.6778523	52.5797627
	13.6771968	52.5802452
	13.6731026	52.5819617
	13.6718817	52.5823245
	13.6720125	52.5809751
	13.672062	52.5783677
	13.6720729	52.5777953
	13.6731332	52.5777343
	13.6752629	52.5775975
	13.6756901	52.5775673
	13.6773118	52.5774529
	13.6777135	52.5774144
	13.6852814	52.5768915
	13.6859643	52.5768615
	13.6853535	52.5714021
	13.6851109	52.5693105
	13.6850976	52.5692694
	13.675592	52.5689763
	13.675592	52.5686784
	13.6756239	52.5669573
	13.6748502	52.5670305
	13.6740383	52.5671565
	13.6735564	52.5659017
	13.6734624	52.5657837
	13.6688601	52.5664665
	13.6686552	52.5660886
END
END
