6550144
1
	10.9906734	51.0681993
	10.9924075	51.0591121
	10.9972657	51.0600781
	11.0074418	51.0601533
	11.0075495	51.0606848
	11.009197	51.06074
	11.0093047	51.0601032
	11.0156152	51.0594612
	11.0196781	51.0604076
	11.0207452	51.0615935
	11.0218881	51.0626828
	11.0222172	51.0636405
	11.0224346	51.0663981
	11.0232523	51.066358
	11.0236911	51.0666889
	11.0236572	51.0673958
	11.0245009	51.0674108
	11.0278059	51.0670035
	11.0290684	51.065992
	11.032509	51.0648037
	11.0333308	51.0627844
	11.0352395	51.0624108
	11.0356364	51.0624171
	11.0359655	51.064187
	11.0369568	51.0642522
	11.0371204	51.0657363
	11.0401022	51.0649717
	11.0410716	51.0681566
	11.041265	51.0690928
	11.0415004	51.0691041
	11.0416466	51.0695208
	11.041776	51.0703862
	11.0425695	51.0757801
	11.043492	51.0794303
	11.0337029	51.0802224
	11.0322974	51.08079
	11.0312935	51.0822405
	11.0305406	51.0835018
	11.0301892	51.0848891
	11.0259227	51.0841009
	11.0255713	51.0819252
	11.0227604	51.082209
	11.0220577	51.0798755
	11.018795	51.0802854
	11.0073506	51.0779203
	11.0073004	51.0769427
	11.0059953	51.0773527
	11.0045397	51.0756182
	11.0032848	51.0764697
	11.0026825	51.0762174
	11.0018292	51.0761228
	11.0004739	51.0761228
	11.0016284	51.074672
	11.0001727	51.0713605
	10.9972614	51.0712028
	10.9965587	51.0706981
	10.9925933	51.0705404
	10.9926435	51.0685533
	10.9906734	51.0681993
END
END
