6550249
1
	11.2078522	50.9658303
	11.2097636	50.9571048
	11.2095379	50.9570095
	11.2099353	50.9554999
	11.2086012	50.9553339
	11.2108067	50.9500701
	11.2127001	50.9504116
	11.214739	50.9472128
	11.2124434	50.9472621
	11.211739	50.9462103
	11.2127042	50.9452406
	11.2152346	50.9454378
	11.2178954	50.9424792
	11.2208398	50.9303264
	11.2208425	50.9303144
	11.2217252	50.9264433
	11.2232009	50.9264665
	11.2267647	50.9274863
	11.2271299	50.928407
	11.2261387	50.929262
	11.2262691	50.9327475
	11.2279647	50.9350491
	11.2309907	50.9361012
	11.2303125	50.9386493
	11.2280951	50.9392739
	11.2288256	50.9449283
	11.2333646	50.9443201
	11.2336515	50.9449283
	11.2304168	50.9459309
	11.2300516	50.9478209
	11.2284082	50.9480839
	11.2276094	50.952045
	11.2274952	50.9556105
	11.2272219	50.9567172
	11.2255909	50.9631852
	11.210226	50.9655674
	11.2078522	50.9658303
END
END
