6550844
1
	12.1724328	51.3840849
	12.1730037	51.3838519
	12.1730847	51.3838179
	12.1733067	51.383326
	12.1736756	51.3826541
	12.1740486	51.3828641
	12.1756043	51.383742
	12.1761163	51.38307
	12.1761953	51.3826201
	12.1764192	51.3821742
	12.1767802	51.3818152
	12.1776141	51.3813692
	12.178394	51.3808993
	12.1775171	51.3805143
	12.1753074	51.3794654
	12.1749435	51.3792935
	12.1761084	51.3784016
	12.1768003	51.3777217
	12.1770108	51.3772443
	12.1777091	51.3768368
	12.1749156	51.3759248
	12.1762164	51.3755329
	12.1778781	51.3751779
	12.1793869	51.375143
	12.1806777	51.3754599
	12.1816766	51.3760479
	12.1833793	51.3778937
	12.1837972	51.3779887
	12.1838832	51.3780077
	12.1848151	51.3782147
	12.185319	51.3782177
	12.1861129	51.3779967
	12.1869747	51.3780427
	12.1875387	51.3783627
	12.1878986	51.3785646
	12.1882755	51.3787706
	12.1889054	51.3789506
	12.1894814	51.3789546
	12.1899153	51.3787296
	12.1899553	51.3786676
	12.1899963	51.3786037
	12.1902313	51.3782367
	12.1904292	51.3779237
	12.1903612	51.3776568
	12.1898643	51.3771578
	12.1898673	51.3769058
	12.1898713	51.3765779
	12.1896594	51.3762609
	12.1896814	51.3760699
	12.1897034	51.375494
	12.1893124	51.375269
	12.1892375	51.375586
	12.1888755	51.375765
	12.1882276	51.375719
	12.1880025	51.3756275
	12.1874387	51.3756881
	12.1871023	51.3751746
	12.1871198	51.3758659
	12.1865886	51.3758559
	12.1863359	51.3753007
	12.1877805	51.3736161
	12.1872835	51.37329
	12.1871829	51.3733105
	12.1869325	51.3739923
	12.1865814	51.3738449
	12.1864095	51.3739049
	12.1862976	51.3740713
	12.1861916	51.3740985
	12.1861277	51.374083
	12.1860222	51.3740082
	12.1860308	51.3739154
	12.1862041	51.3737569
	12.1859688	51.3734233
	12.1856664	51.3733158
	12.1854252	51.373335
	12.1848258	51.3738653
	12.184734	51.3746865
	12.1837929	51.3742525
	12.1835848	51.3741128
	12.1835719	51.3740486
	12.1834642	51.374008
	12.1834242	51.3739103
	12.1834289	51.3737215
	12.1833572	51.3736458
	12.1833584	51.3735071
	12.1834354	51.3733045
	12.1835592	51.373134
	12.1836815	51.3730983
	12.1837885	51.3730046
	12.1838414	51.3729261
	12.1835469	51.3725433
	12.1831596	51.3718999
	12.1829968	51.3717367
	12.1831346	51.3715163
	12.1831132	51.3713398
	12.18319	51.3712339
	12.1833133	51.3711011
	12.183011	51.3709283
	12.1825076	51.3705259
	12.1824938	51.3704157
	12.1825106	51.369132
	12.1819447	51.3688395
	12.1819313	51.3687614
	12.1847917	51.3671576
	12.1862924	51.3682365
	12.187539	51.368866
	12.1883581	51.3692298
	12.1895202	51.3698259
	12.1900126	51.369963
	12.1930531	51.3703283
	12.1930323	51.3701818
	12.1906043	51.369896
	12.1898029	51.3697218
	12.1885419	51.3690669
	12.1875915	51.3686486
	12.1866144	51.3681662
	12.185568	51.3673237
	12.1877136	51.3645916
	12.1855025	51.3647118
	12.1857493	51.3623793
	12.1889908	51.3623557
	12.189803	51.3623343
	12.1906398	51.3630859
	12.1906305	51.3638903
	12.1906065	51.3642413
	12.1915984	51.3642496
	12.1904585	51.3614756
	12.1902866	51.3610976
	12.1917984	51.3607427
	12.194399	51.3601328
	12.1948969	51.3604487
	12.1963089	51.3605144
	12.1959684	51.3579631
	12.1956974	51.3577962
	12.1955778	51.3569457
	12.1960203	51.3564566
	12.1959544	51.3558877
	12.1959271	51.3554882
	12.1957203	51.354831
	12.195675	51.3543889
	12.1923619	51.3541742
	12.1909135	51.3539486
	12.1909204	51.3536289
	12.1906568	51.353631
	12.1904392	51.3488247
	12.1901185	51.3488097
	12.1901235	51.3484779
	12.1892644	51.3484701
	12.1890253	51.3469786
	12.1901772	51.3471084
	12.1908729	51.3469602
	12.1915396	51.3470633
	12.1915751	51.3467375
	12.1916548	51.346373
	12.192379	51.3430172
	12.1933739	51.3431012
	12.1934574	51.3427587
	12.1954701	51.342984
	12.2032408	51.3439051
	12.2085744	51.3444736
	12.2080665	51.3411603
	12.2230741	51.3425435
	12.2257706	51.3428121
	12.227411	51.3426582
	12.2275463	51.342954
	12.2308326	51.343474
	12.2343409	51.3439313
	12.2396505	51.3472505
	12.2415192	51.3477495
	12.2425653	51.3485536
	12.2419677	51.3490751
	12.241809	51.3496522
	12.2426497	51.3516831
	12.2426307	51.3519264
	12.24256	51.3528334
	12.2416129	51.3541205
	12.2415038	51.355087
	12.2412196	51.3575651
	12.2413973	51.3588932
	12.2410531	51.3601434
	12.2416034	51.3652579
	12.2416503	51.365271
	12.2416871	51.3652911
	12.2416886	51.3653282
	12.2417059	51.365405
	12.2417238	51.3654304
	12.2418108	51.3655116
	12.2418756	51.3655899
	12.2418891	51.3656163
	12.2418866	51.365681
	12.2419123	51.3657111
	12.2419884	51.3658551
	12.241994	51.3659174
	12.2424574	51.3659927
	12.2420355	51.3663197
	12.2419854	51.3663818
	12.2419683	51.3664505
	12.2419861	51.3665191
	12.2420367	51.366581
	12.2422297	51.3667781
	12.2427155	51.3674618
	12.2429151	51.3678413
	12.2429522	51.3680259
	12.2427248	51.368976
	12.2429275	51.3697602
	12.2431447	51.3700927
	12.243391	51.3711715
	12.2420849	51.3717371
	12.2412959	51.3718796
	12.2411992	51.3718374
	12.2410563	51.3719324
	12.240094	51.3719783
	12.2391095	51.3720483
	12.2379388	51.3719917
	12.2379365	51.3719955
	12.2377596	51.372446
	12.2376696	51.3727011
	12.2383623	51.372801
	12.2387887	51.3728699
	12.2394669	51.3730057
	12.2401397	51.3731497
	12.2416762	51.3735187
	12.242661	51.3738161
	12.2434528	51.3740871
	12.244843	51.3746774
	12.2453839	51.3749302
	12.2461271	51.3753053
	12.2466745	51.3756048
	12.247195	51.3759063
	12.2478225	51.3763291
	12.248199	51.3766006
	12.2490556	51.3772617
	12.2490129	51.377287
	12.2494614	51.3776447
	12.2501947	51.3781683
	12.2509723	51.3786542
	12.2519965	51.3792077
	12.2523229	51.3793693
	12.2528144	51.3795934
	12.2524135	51.3797846
	12.2524167	51.3797951
	12.2528272	51.3795993
	12.2537609	51.3799685
	12.254621	51.380275
	12.2549776	51.3803758
	12.2551386	51.3804339
	12.2561941	51.3807219
	12.2567287	51.3808475
	12.2568789	51.380868
	12.2569014	51.3808424
	12.2571927	51.3806594
	12.2574201	51.3805785
	12.2578201	51.3805046
	12.2580393	51.3805088
	12.2581949	51.3805044
	12.2583158	51.3805224
	12.258519	51.3805765
	12.258646	51.3806006
	12.2587235	51.3806262
	12.2587332	51.3806342
	12.2586747	51.3806753
	12.2586133	51.3807124
	12.2585948	51.3807369
	12.2585827	51.3807766
	12.2585963	51.3807994
	12.2586526	51.3808715
	12.2587905	51.3810159
	12.258903	51.3811184
	12.2589979	51.3812162
	12.2590654	51.3812769
	12.2592297	51.381449
	12.2593287	51.3817949
	12.2584657	51.3823364
	12.2579666	51.3828974
	12.257414	51.3830118
	12.2573391	51.3835392
	12.2570956	51.3839789
	12.256489	51.38382
	12.2558086	51.3837535
	12.2556259	51.3838274
	12.2558001	51.384015
	12.2559115	51.3842224
	12.2562761	51.3846185
	12.2565817	51.3848357
	12.256732	51.3848907
	12.2569118	51.3849316
	12.2572162	51.3849496
	12.2572477	51.3850793
	12.2571141	51.3858471
	12.2569014	51.3858668
	12.2562889	51.3860162
	12.2562881	51.386213
	12.2564197	51.3870094
	12.2564577	51.3872396
	12.2565596	51.3875373
	12.2566231	51.3877456
	12.2568448	51.3880353
	12.2571262	51.3883916
	12.2578359	51.3892639
	12.2590168	51.3902209
	12.2598967	51.3905432
	12.2613198	51.3914089
	12.2619979	51.3918071
	12.2627326	51.3922879
	12.2636768	51.3926191
	12.2647359	51.3932051
	12.2652183	51.3936293
	12.265987	51.3944313
	12.2662854	51.3951595
	12.266555	51.3955347
	12.267152	51.3959892
	12.2674187	51.3961583
	12.2676036	51.3963061
	12.2676806	51.3963885
	12.2676691	51.396609
	12.2677038	51.3968704
	12.2677274	51.396903
	12.2678399	51.3973911
	12.2659908	51.3981588
	12.2650261	51.3983901
	12.2640335	51.3995897
	12.2637701	51.3998865
	12.2634826	51.4002106
	12.2633118	51.4003367
	12.26228	51.4001367
	12.2609531	51.3999393
	12.2605024	51.3999561
	12.2579008	51.4001151
	12.2573989	51.4001189
	12.2567826	51.4000543
	12.255732	51.3998389
	12.2548753	51.4009904
	12.2541198	51.4020391
	12.253687	51.4025957
	12.2523259	51.4036478
	12.2527756	51.4035823
	12.2552056	51.403149
	12.2574331	51.4026225
	12.262009	51.4011951
	12.2609378	51.402503
	12.2640862	51.402661
	12.2641076	51.406912
	12.2635256	51.4114806
	12.27252	51.4134465
	12.2710348	51.4178669
	12.2778576	51.4169517
	12.2779728	51.4170309
	12.278097	51.4170177
	12.2782573	51.4171014
	12.2783828	51.4171192
	12.2785416	51.4170776
	12.2788809	51.4169077
	12.2790822	51.4168333
	12.2793095	51.4167674
	12.2812864	51.416525
	12.2815775	51.4165379
	12.2818625	51.4165716
	12.2816143	51.416473
	12.2825178	51.4163665
	12.2843055	51.4161934
	12.2853557	51.4160998
	12.2868281	51.4159903
	12.2877579	51.4159312
	12.2901201	51.4158191
	12.2922113	51.4157588
	12.2992067	51.4155258
	12.2993382	51.4156133
	12.3013182	51.4154685
	12.3034312	51.4154041
	12.305579	51.4153628
	12.3076643	51.415287
	12.3077245	51.4153691
	12.3077124	51.4154774
	12.307631	51.4155262
	12.3078021	51.4155992
	12.3083698	51.415266
	12.3095029	51.4152328
	12.309588	51.4153137
	12.3098026	51.4153087
	12.3099664	51.4153444
	12.3101217	51.4152133
	12.3125815	51.4151562
	12.3125503	51.4157031
	12.3123291	51.4167954
	12.3122251	51.4171477
	12.3119468	51.4178024
	12.3126884	51.4180849
	12.3136704	51.4183545
	12.3142959	51.4184727
	12.3154605	51.4186193
	12.3167792	51.4187351
	12.317477	51.4188371
	12.3175073	51.4187444
	12.318217	51.4187501
	12.3184566	51.4187312
	12.3185264	51.4186858
	12.3188502	51.4186934
	12.3206018	51.418881
	12.3237219	51.4192493
	12.3246467	51.4193186
	12.3266648	51.4192937
	12.3287594	51.4192913
	12.3330167	51.4196399
	12.3333825	51.4181365
	12.3367826	51.4181147
	12.3383159	51.4180363
	12.3383499	51.4182744
	12.3387593	51.4182624
	12.3396755	51.4182076
	12.3414839	51.4181522
	12.341509	51.4181781
	12.3403997	51.4231229
	12.3403177	51.4242169
	12.3426558	51.4247442
	12.3432544	51.4272902
	12.3376491	51.4272713
	12.3376956	51.4298315
	12.3357292	51.4313613
	12.332382	51.4339687
	12.3412503	51.4441925
	12.3541059	51.4438077
	12.3544087	51.4438603
	12.3545992	51.4452177
	12.3546357	51.4457293
	12.3545281	51.4463288
	12.3537431	51.4480809
	12.3522677	51.4519775
	12.350575	51.4570858
	12.3483633	51.4576114
	12.344397	51.4582673
	12.3440937	51.4579799
	12.3431878	51.4581248
	12.3426491	51.4576519
	12.33478	51.4589515
	12.3352136	51.4593635
	12.3321668	51.459152
	12.3319696	51.4595554
	12.331348	51.4597465
	12.331262	51.4615935
	12.3290165	51.4614582
	12.3289454	51.4614469
	12.3287697	51.4613424
	12.3285897	51.4613289
	12.3285098	51.4616464
	12.3200711	51.4615517
	12.3137656	51.4613434
	12.3159291	51.4512367
	12.3151421	51.4513591
	12.301794	51.4560508
	12.2993486	51.451958
	12.290684	51.4534251
	12.2903668	51.4484054
	12.2767055	51.4473843
	12.2769561	51.4463304
	12.2682519	51.4467949
	12.2497029	51.4479778
	12.2408992	51.4504189
	12.2374891	51.4530518
	12.2375334	51.4535651
	12.2367186	51.4535927
	12.235638	51.4537196
	12.2354602	51.4558163
	12.2332813	51.4556728
	12.2333699	51.4563682
	12.2333516	51.4571885
	12.2284335	51.4577154
	12.220918	51.4582149
	12.2212436	51.4573096
	12.2184016	51.4569144
	12.2184949	51.4557419
	12.2188143	51.454415
	12.2190071	51.4540679
	12.2185445	51.4539638
	12.2186721	51.4537323
	12.2180953	51.4535907
	12.2172367	51.4534393
	12.2155935	51.4536196
	12.214085	51.4537417
	12.2121358	51.4537821
	12.2083352	51.4536572
	12.2076338	51.4570915
	12.2064237	51.4570381
	12.2045368	51.4568604
	12.2039034	51.4601286
	12.2037013	51.461077
	12.2021948	51.46038
	12.2019515	51.4603378
	12.2007063	51.4602089
	12.1992638	51.4600346
	12.1980701	51.4598416
	12.1969822	51.4596451
	12.1968588	51.4595729
	12.1968617	51.4592948
	12.1969288	51.4588997
	12.1968138	51.4587673
	12.1956549	51.4585374
	12.1960308	51.4571969
	12.1963654	51.4557439
	12.197596	51.4561763
	12.1976485	51.4561463
	12.1977442	51.4554038
	12.1968011	51.4522496
	12.1943565	51.4524151
	12.1943611	51.452382
	12.194679	51.4495056
	12.1947639	51.448739
	12.1935271	51.4488752
	12.1932039	51.4479374
	12.1913172	51.4483088
	12.1894979	51.4483174
	12.1892432	51.4475375
	12.1894621	51.446595
	12.1896318	51.4458642
	12.1895003	51.4458365
	12.1896653	51.4454917
	12.1908452	51.4434202
	12.1910674	51.4429682
	12.1912903	51.4423679
	12.1914819	51.4417729
	12.1915465	51.4415239
	12.1916488	51.4413878
	12.1918216	51.4413759
	12.1921402	51.4413759
	12.1930227	51.4413582
	12.1937342	51.4413276
	12.1940695	51.4413016
	12.1942472	51.4412797
	12.1943976	51.4412637
	12.1945624	51.4412532
	12.1946275	51.4412428
	12.1946776	51.4412251
	12.194761	51.4411731
	12.1948994	51.4411128
	12.1951396	51.4410359
	12.1954099	51.4409485
	12.1957377	51.4408522
	12.1959738	51.4408144
	12.1962991	51.4407874
	12.1968012	51.4407635
	12.1973117	51.440752
	12.1981624	51.4407229
	12.1988722	51.4406537
	12.1993661	51.4405935
	12.2008285	51.4404042
	12.2011679	51.440371
	12.201497	51.4403694
	12.2018287	51.4403904
	12.2025181	51.4404431
	12.2028875	51.4404796
	12.2037421	51.4405372
	12.2045628	51.4405826
	12.2052841	51.440602
	12.2058019	51.440509
	12.2059536	51.440521
	12.2057362	51.4403038
	12.2037613	51.4368188
	12.2083654	51.4358861
	12.2080985	51.4318436
	12.2060158	51.4265259
	12.2037127	51.4269077
	12.2015143	51.4269822
	12.2006773	51.4268591
	12.1988081	51.4260894
	12.1975728	51.4252488
	12.1972447	51.4248187
	12.1959326	51.4250991
	12.1941225	51.4212869
	12.1903035	51.4153345
	12.1894637	51.4139007
	12.1886668	51.4144346
	12.1831216	51.4143246
	12.1834587	51.410681
	12.1806531	51.410311
	12.1797172	51.410353
	12.1766947	51.410338
	12.174462	51.410376
	12.1735271	51.410235
	12.1757948	51.4075913
	12.1760218	51.4066914
	12.1765987	51.4066074
	12.1772589	51.4045255
	12.1759968	51.4015662
	12.1759909	51.4011752
	12.175662	51.401167
	12.1740992	51.401125
	12.1744952	51.3999961
	12.1778519	51.3904362
	12.1778919	51.3903482
	12.1805995	51.3900133
	12.1811634	51.3899973
	12.1815053	51.3900433
	12.1823572	51.3901003
	12.1826592	51.3891124
	12.1822282	51.3890674
	12.1823812	51.3876976
	12.1823333	51.3875836
	12.1819703	51.3875256
	12.1810345	51.3866827
	12.1806465	51.3888344
	12.1796406	51.3887844
	12.1800296	51.3865877
	12.177512	51.3864887
	12.1766491	51.3863047
	12.1757823	51.3859387
	12.1747904	51.3855158
	12.1744535	51.3853748
	12.1738586	51.3851228
	12.1724328	51.3840849
END
END
