6550396
1
	12.2399687	50.6228869
	12.2403626	50.6225745
	12.2402986	50.6224515
	12.2406379	50.6223614
	12.2412013	50.6222516
	12.2417092	50.6221998
	12.2420715	50.6221943
	12.2434383	50.6222912
	12.2436877	50.6228783
	12.2443154	50.6227671
	12.2445948	50.6234714
	12.2457053	50.6234714
	12.2463238	50.6238013
	12.2505689	50.6237211
	12.2510299	50.6235561
	12.2523767	50.6223336
	12.2527006	50.622066
	12.2531338	50.6220813
	12.2537592	50.6216782
	12.2543934	50.6217818
	12.254514	50.6213178
	12.2545201	50.6211592
	12.2545659	50.6210976
	12.2539222	50.6209206
	12.2536017	50.62073
	12.2533911	50.6204918
	12.2533348	50.6202331
	12.2533938	50.6199651
	12.2551024	50.620441
	12.2563798	50.6205404
	12.2567494	50.6204277
	12.2580295	50.6205778
	12.258568	50.6195483
	12.2583423	50.6194654
	12.2585708	50.619216
	12.2591202	50.6188034
	12.2586325	50.6186444
	12.2585735	50.6182799
	12.2591102	50.6178952
	12.2580268	50.617643
	12.2581931	50.6172863
	12.2586145	50.6162842
	12.2579466	50.6159933
	12.2581385	50.6158077
	12.2601229	50.6160105
	12.260193	50.6158112
	12.2602775	50.6158216
	12.2603167	50.6157966
	12.2606784	50.6149799
	12.2622373	50.6153618
	12.2628602	50.6138285
	12.2638041	50.6142154
	12.2647635	50.6126767
	12.2636248	50.6124691
	12.2643976	50.6118208
	12.2635456	50.6116561
	12.2637165	50.611281
	12.264804	50.6115182
	12.2658418	50.6103996
	12.267424	50.6106461
	12.2675793	50.610141
	12.2662968	50.6097906
	12.2665738	50.608877
	12.2683498	50.6092009
	12.2697078	50.6082468
	12.2660804	50.6056449
	12.2666004	50.6036782
	12.2673231	50.6029844
	12.2677412	50.6027548
	12.2705672	50.6031661
	12.270785	50.603816
	12.2721304	50.6042574
	12.2735129	50.6045769
	12.2744569	50.6038817
	12.2778246	50.6047155
	12.2784511	50.6037271
	12.2781946	50.6035394
	12.278719	50.6029761
	12.2794908	50.6026151
	12.2824365	50.6013743
	12.2856495	50.59921
	12.2861161	50.5987711
	12.285772	50.5987595
	12.2858034	50.5986556
	12.2869071	50.5987217
	12.2873299	50.5987842
	12.287694	50.5988803
	12.2882321	50.5981225
	12.2877245	50.5974741
	12.2873698	50.5967677
	12.2873757	50.5961518
	12.2879347	50.5954257
	12.2890915	50.5948524
	12.2901316	50.5946398
	12.2913467	50.5934806
	12.2931514	50.5935151
	12.2932515	50.5934061
	12.2933327	50.5927747
	12.2930003	50.5926783
	12.2925542	50.5930413
	12.2916995	50.593069
	12.2915094	50.593184
	12.2911124	50.5929163
	12.2907898	50.5929062
	12.2902605	50.5931005
	12.2895823	50.5925334
	12.2883261	50.5921194
	12.2878314	50.5921581
	12.2870021	50.5917673
	12.2859181	50.5915176
	12.2856783	50.5915785
	12.2850923	50.591603
	12.28353	50.5914525
	12.2826279	50.5911522
	12.2808628	50.5909552
	12.2806202	50.5895406
	12.2796049	50.5879877
	12.2797921	50.5863469
	12.2802952	50.5856587
	12.2808961	50.5851202
	12.2808755	50.5848389
	12.2793937	50.5836029
	12.2788032	50.5830135
	12.2789957	50.5824356
	12.2781706	50.5812134
	12.2782617	50.5807722
	12.2796233	50.5807355
	12.2820548	50.5811347
	12.2828654	50.5815233
	12.2828298	50.5821895
	12.2856939	50.5827732
	12.288688	50.582857
	12.2889005	50.5832765
	12.2900807	50.5837417
	12.2905963	50.5837761
	12.2919944	50.5841774
	12.2931466	50.5836555
	12.2937028	50.5829664
	12.2945118	50.5822346
	12.2989736	50.5837818
	12.3051827	50.5801339
	12.3078637	50.5827877
	12.3091287	50.5840397
	12.3210826	50.5851082
	12.3281621	50.5827869
	12.3290326	50.5807235
	12.3334427	50.5811288
	12.3390135	50.5834502
	12.3377949	50.5862872
	12.3331526	50.586803
	12.3354738	50.5908556
	12.3346033	50.5946499
	12.3320928	50.5965261
	12.3315007	50.5969678
	12.3295431	50.5979513
	12.3252949	50.5975666
	12.323447	50.5971055
	12.3219548	50.5972088
	12.3202997	50.5969763
	12.3173617	50.5959947
	12.3168676	50.5959946
	12.3166369	50.5973725
	12.3152597	50.5975885
	12.3150023	50.5977996
	12.3114624	50.6002815
	12.3100496	50.6019071
	12.3124696	50.6038062
	12.3157648	50.6055415
	12.3139078	50.6080635
	12.3200728	50.6117872
	12.3195857	50.6120206
	12.3188432	50.6122922
	12.3189468	50.612391
	12.318608	50.6126759
	12.3182773	50.6128145
	12.3186096	50.6132043
	12.3184364	50.6132715
	12.3186277	50.6134478
	12.3182805	50.6141418
	12.3185952	50.6146307
	12.3202956	50.6154543
	12.3195724	50.6160415
	12.3223229	50.6174146
	12.3242623	50.617967
	12.3248014	50.6174034
	12.3291006	50.6185354
	12.3285955	50.6201258
	12.3438607	50.6247808
	12.3484426	50.6278216
	12.3504603	50.6298279
	12.3524476	50.6307024
	12.353196	50.6313434
	12.3553831	50.6322561
	12.3569947	50.6325603
	12.3585678	50.6332905
	12.3584494	50.63345
	12.3549419	50.6332539
	12.3525198	50.6335655
	12.3469963	50.6346311
	12.3478313	50.635494
	12.3533177	50.6347841
	12.3537066	50.6360053
	12.3500944	50.6363088
	12.3463376	50.6368972
	12.3452884	50.6370939
	12.3355405	50.636197
	12.334496	50.6405029
	12.3322329	50.6410917
	12.3319232	50.6418278
	12.3316946	50.6423712
	12.3319466	50.6436236
	12.3254704	50.6434691
	12.325562	50.6452543
	12.3245466	50.6478379
	12.3208012	50.6517995
	12.3205691	50.659047
	12.3179388	50.6632749
	12.3153012	50.6630759
	12.3144893	50.6630149
	12.3138784	50.6632519
	12.3133525	50.6631749
	12.3120856	50.6630609
	12.3113068	50.6631139
	12.3105589	50.6632819
	12.309585	50.6628629
	12.3087811	50.6626679
	12.3072054	50.6623929
	12.3042178	50.662027
	12.3038699	50.66189
	12.3038109	50.661832
	12.3033619	50.661386
	12.303033	50.6607761
	12.302885	50.6600552
	12.3028071	50.6584604
	12.3029241	50.6573385
	12.3028631	50.6570905
	12.3023992	50.6562976
	12.3016283	50.6553207
	12.3011624	50.6545728
	12.3004495	50.6530359
	12.2999996	50.6530049
	12.2995687	50.6529749
	12.2990408	50.651606
	12.2970741	50.6509112
	12.2959592	50.6505562
	12.2940505	50.6497173
	12.2936386	50.6494613
	12.2928267	50.6494273
	12.2921328	50.6491443
	12.2904571	50.6482904
	12.2898022	50.6479584
	12.2896242	50.6478704
	12.2892953	50.6477525
	12.2890113	50.6477904
	12.2867606	50.6485153
	12.2858268	50.6479394
	12.2845049	50.6483853
	12.284389	50.6472335
	12.284354	50.6468825
	12.2821943	50.6466195
	12.2813324	50.6465165
	12.2810055	50.6467565
	12.2807775	50.6471575
	12.2806205	50.6475354
	12.2802856	50.6479774
	12.2801266	50.6475044
	12.2801776	50.6471455
	12.2803846	50.6463865
	12.2804016	50.6460056
	12.2803536	50.6454446
	12.2804386	50.6451087
	12.2805986	50.6447387
	12.2807896	50.6443078
	12.2799097	50.6441818
	12.2785369	50.6440908
	12.2761382	50.6440708
	12.2742045	50.6439038
	12.2724058	50.6438498
	12.2719439	50.6439528
	12.270766	50.6442927
	12.2677885	50.6446016
	12.2663317	50.6441057
	12.2660847	50.6440677
	12.2659027	50.6440137
	12.2642	50.6434877
	12.2635951	50.64134
	12.2635521	50.641187
	12.2636341	50.640897
	12.264807	50.6398442
	12.2651389	50.6394702
	12.2653299	50.6391312
	12.2654929	50.6385973
	12.2653769	50.6379714
	12.265221	50.6374264
	12.265306	50.6370905
	12.2659199	50.6358736
	12.2662718	50.6350267
	12.2665104	50.6343013
	12.2664476	50.6340681
	12.2661883	50.6337943
	12.2659838	50.6334917
	12.2658006	50.6332201
	12.265681	50.6328883
	12.265721	50.63231
	12.2661418	50.6312766
	12.265773	50.6309178
	12.265799	50.6307243
	12.265564	50.6304578
	12.2651056	50.630788
	12.2648881	50.6308762
	12.2646405	50.630989
	12.2642725	50.6310319
	12.2636005	50.6310818
	12.2631216	50.6312077
	12.262482	50.6315565
	12.2620064	50.6316636
	12.2616768	50.6316952
	12.261169	50.6316053
	12.2606237	50.6316311
	12.2602023	50.6317393
	12.2597439	50.6315511
	12.2591068	50.6315168
	12.2582741	50.6313001
	12.2577118	50.6313114
	12.2571113	50.6312581
	12.2569313	50.6313301
	12.2563697	50.6314288
	12.2553135	50.632101
	12.2547218	50.6323714
	12.2537335	50.6324136
	12.2533501	50.6325246
	12.2530881	50.6326386
	12.252732	50.6326321
	12.251977	50.6326309
	12.251603	50.6330353
	12.2510284	50.633143
	12.250589	50.6331523
	12.2502165	50.633344
	12.2496472	50.6333663
	12.2491341	50.6332638
	12.2488623	50.6331844
	12.2488997	50.6328097
	12.2481567	50.6328607
	12.2474533	50.6329927
	12.2470287	50.6329855
	12.2463223	50.6330128
	12.2454776	50.6332204
	12.244905	50.6332533
	12.2442688	50.6332473
	12.2428954	50.6329546
	12.2422426	50.6326891
	12.2418959	50.6325523
	12.2417542	50.6323838
	12.2416244	50.6321519
	12.2415176	50.6319382
	12.2417254	50.6319558
	12.2423606	50.631926
	12.2423381	50.6309465
	12.2418441	50.6309892
	12.2414833	50.6309966
	12.2414158	50.6309803
	12.2413824	50.629896
	12.241485	50.6295793
	12.2418627	50.629651
	12.242122	50.6296327
	12.2427065	50.62942
	12.2430681	50.6292169
	12.2431033	50.6289928
	12.2430785	50.6281169
	12.2432787	50.6274967
	12.2433336	50.6266287
	12.2411649	50.6248536
	12.2406978	50.6242411
	12.2406313	50.6239922
	12.2402435	50.6237106
	12.2401517	50.6237244
	12.2399687	50.6228869
END
END
