6550469
1
	11.550254	50.4021098
	11.5503942	50.4016676
	11.5506282	50.4012969
	11.5520199	50.4001358
	11.5540345	50.3988448
	11.5666476	50.3901336
	11.5666957	50.3902756
	11.5667157	50.3903984
	11.5667149	50.3904956
	11.5667058	50.3907217
	11.5666156	50.3908241
	11.5665433	50.3909335
	11.5665748	50.3909907
	11.5666005	50.3910739
	11.5665975	50.3912041
	11.5665868	50.3912405
	11.5665583	50.3912817
	11.5665193	50.3913274
	11.5664728	50.3913639
	11.5664195	50.3914074
	11.5663875	50.3914462
	11.5663805	50.3914805
	11.566384	50.3914965
	11.5663796	50.3915133
	11.566363	50.3915741
	11.5663274	50.3916198
	11.5662919	50.3916768
	11.5662813	50.3917248
	11.5662813	50.3917307
	11.5662814	50.3917749
	11.5663102	50.3918411
	11.5663322	50.3918762
	11.5663461	50.3918982
	11.5664211	50.3919597
	11.5665143	50.3920509
	11.5666002	50.3921103
	11.5666432	50.3921444
	11.5666502	50.3921581
	11.5666432	50.3921764
	11.5666219	50.39219
	11.5665933	50.3922084
	11.5665756	50.3922381
	11.5665829	50.3922586
	11.5666077	50.3922699
	11.5666221	50.3922722
	11.5666542	50.3922699
	11.56669	50.3922812
	11.5667115	50.3923017
	11.5667042	50.3923109
	11.5666829	50.3923201
	11.5666687	50.3923247
	11.5666294	50.3923384
	11.5666048	50.3924023
	11.5666082	50.3924092
	11.566644	50.3924205
	11.5666726	50.3924364
	11.5666905	50.3924547
	11.5666942	50.3924799
	11.5666835	50.3925163
	11.5666801	50.3925415
	11.5666695	50.3925963
	11.566666	50.3926213
	11.5666591	50.3926602
	11.5666628	50.3926876
	11.5667056	50.3927081
	11.5667269	50.3926943
	11.5667447	50.3926806
	11.5667591	50.3926646
	11.5667804	50.3926509
	11.5668126	50.392644
	11.5668374	50.3926532
	11.5668339	50.3926646
	11.5668233	50.3926783
	11.5668056	50.392708
	11.5667593	50.3927834
	11.5667239	50.3928313
	11.5667061	50.3928586
	11.5666918	50.3929044
	11.5666742	50.3929294
	11.5666493	50.3929478
	11.5666207	50.3929524
	11.566585	50.3929593
	11.5665564	50.3929638
	11.566528	50.3929707
	11.5664887	50.3929844
	11.5664674	50.3930005
	11.5664496	50.3930278
	11.566446	50.3930461
	11.5664461	50.3930598
	11.5664532	50.3930826
	11.5664456	50.3931206
	11.5664641	50.3931465
	11.5665106	50.3931738
	11.5665143	50.3931899
	11.5665108	50.3932035
	11.5664965	50.3932218
	11.5664788	50.39324
	11.5664609	50.3932561
	11.5664396	50.3932835
	11.5664361	50.3932995
	11.5664362	50.3933223
	11.5664362	50.3933406
	11.5664435	50.393377
	11.5664579	50.3934432
	11.566459	50.3934652
	11.5664618	50.3935277
	11.5664727	50.3935847
	11.5664941	50.3936075
	11.5665191	50.3936098
	11.5665478	50.3936143
	11.5665692	50.3936189
	11.5666014	50.3936348
	11.5666228	50.3936553
	11.5666336	50.3936712
	11.5666408	50.3936849
	11.566641	50.3937238
	11.5666338	50.3937558
	11.5666126	50.3937877
	11.5665877	50.3938083
	11.5665605	50.3938335
	11.5665557	50.393838
	11.5665593	50.3938745
	11.5665772	50.3938904
	11.5666165	50.3938996
	11.5666914	50.3939177
	11.5667308	50.3939291
	11.5667881	50.3939496
	11.5668345	50.3939724
	11.5668559	50.3939906
	11.5668739	50.3940066
	11.5668881	50.3940271
	11.5669312	50.3940933
	11.5669743	50.3941639
	11.5669709	50.3942255
	11.5669459	50.394237
	11.5669102	50.3942416
	11.5668675	50.3942439
	11.566846	50.3942554
	11.5668426	50.3942805
	11.5668498	50.3943238
	11.5668607	50.394358
	11.5668786	50.3944196
	11.5668967	50.3944812
	11.5669326	50.3945383
	11.5669612	50.3945702
	11.5669541	50.3945839
	11.5669328	50.3945885
	11.5668971	50.3946
	11.5668793	50.3946251
	11.5668795	50.3946547
	11.5668831	50.3946844
	11.5669045	50.3946981
	11.5669403	50.3947072
	11.5669725	50.3947139
	11.5670011	50.3947116
	11.5670331	50.394723
	11.5670546	50.394739
	11.5670689	50.3947618
	11.567069	50.3947869
	11.5670621	50.394812
	11.5670477	50.3948349
	11.5670228	50.3948646
	11.5669944	50.3948874
	11.5669766	50.3949011
	11.5669518	50.3949217
	11.5669304	50.39494
	11.5669054	50.3949675
	11.5669091	50.3950039
	11.5669809	50.3951042
	11.5670057	50.3951157
	11.56702	50.3951202
	11.5670631	50.3951522
	11.5670739	50.3952046
	11.5670599	50.3952503
	11.567035	50.3952846
	11.5670136	50.3953164
	11.566978	50.3953508
	11.5669283	50.3954398
	11.5669497	50.3954489
	11.5669855	50.3954488
	11.5670104	50.3954397
	11.5670353	50.3954261
	11.5670532	50.3954192
	11.5670745	50.39541
	11.5670995	50.3954008
	11.5671388	50.3953962
	11.5671639	50.3954077
	11.5671781	50.3954259
	11.5671817	50.3954327
	11.5671782	50.3954555
	11.5671856	50.3955012
	11.5671942	50.3955306
	11.5671963	50.3955376
	11.5672002	50.3955948
	11.5672323	50.3956244
	11.567261	50.3956334
	11.5673003	50.3956426
	11.5673359	50.3956379
	11.5673751	50.3956471
	11.5673967	50.3956653
	11.5674289	50.395695
	11.567454	50.3957315
	11.5674649	50.3957634
	11.5674614	50.395793
	11.5674542	50.3957998
	11.5674363	50.3958159
	11.5674185	50.3958251
	11.5673865	50.3958388
	11.5673508	50.3958501
	11.5673401	50.3958616
	11.5673259	50.3958845
	11.5673189	50.3958982
	11.5673189	50.3959348
	11.5673297	50.3959712
	11.567337	50.3959917
	11.567355	50.3960123
	11.5673763	50.3960237
	11.5674193	50.3960396
	11.5674694	50.3960555
	11.5675228	50.3960736
	11.5675658	50.3960874
	11.5675765	50.3961056
	11.5675765	50.3961376
	11.5676053	50.3961672
	11.567666	50.3961969
	11.5676946	50.3962128
	11.5677054	50.3962287
	11.5677055	50.3962538
	11.5676949	50.396263
	11.5676806	50.3962904
	11.5676736	50.3963109
	11.5676665	50.3963383
	11.5676702	50.3963657
	11.5676809	50.3963886
	11.5676988	50.3964136
	11.5677381	50.3964455
	11.5677919	50.3964638
	11.5678455	50.3964819
	11.5678811	50.3964864
	11.5679172	50.3965503
	11.5678957	50.3965618
	11.567878	50.3965778
	11.5678638	50.3965938
	11.5678529	50.3966121
	11.5678567	50.3966393
	11.5678603	50.3966554
	11.5678745	50.3966828
	11.5678855	50.3967192
	11.5678962	50.3967466
	11.567925	50.3967945
	11.5679428	50.3968013
	11.5679892	50.3967945
	11.5680429	50.3968035
	11.5680893	50.3968378
	11.5681358	50.3968719
	11.5681896	50.3969197
	11.568211	50.3969654
	11.5682291	50.3970111
	11.5682469	50.3970407
	11.5682722	50.3970795
	11.5683149	50.3971069
	11.5683759	50.3971364
	11.568408	50.397134
	11.5684295	50.3971272
	11.5684687	50.3971158
	11.5685044	50.3971181
	11.5685329	50.3971408
	11.5685508	50.3971568
	11.5685652	50.3971704
	11.5686081	50.3971955
	11.5686545	50.3972114
	11.5687259	50.3972205
	11.5687795	50.3972319
	11.568776	50.3972501
	11.5687726	50.3972821
	11.5687727	50.3973027
	11.5687583	50.3973118
	11.568819	50.3973095
	11.5688439	50.3973025
	11.5688796	50.3972934
	11.5689224	50.3972888
	11.5689583	50.3972933
	11.5690047	50.3973092
	11.5690619	50.3973456
	11.5690906	50.3973936
	11.5690872	50.3974323
	11.5690908	50.3974575
	11.5691016	50.3974712
	11.5691266	50.3974803
	11.5691552	50.3974916
	11.5692266	50.3975305
	11.569284	50.3975897
	11.569309	50.3976056
	11.5693163	50.3976262
	11.569302	50.3976444
	11.5692841	50.397649
	11.5692557	50.3976673
	11.5692486	50.3976788
	11.5692522	50.3977061
	11.5692595	50.3977471
	11.5692738	50.3977654
	11.5693167	50.3977746
	11.5693488	50.3977745
	11.5693987	50.3977721
	11.5694488	50.3977744
	11.5694989	50.3977812
	11.5695167	50.3978017
	11.5695131	50.3978268
	11.5695062	50.3978542
	11.5695062	50.3978701
	11.5695028	50.3978952
	11.5695135	50.3979158
	11.5695565	50.3979432
	11.5696351	50.3979796
	11.5696924	50.3980115
	11.5697354	50.398064
	11.5697389	50.3980982
	11.5697606	50.3981392
	11.5697891	50.3981643
	11.5698357	50.3981962
	11.5698608	50.3982076
	11.5698677	50.3982278
	11.5698824	50.3982715
	11.5698718	50.3982989
	11.5698719	50.3983194
	11.5698968	50.3983513
	11.5699397	50.3983582
	11.5699721	50.3983787
	11.5699863	50.3984083
	11.5699972	50.3984289
	11.5700294	50.3984494
	11.570108	50.398495
	11.5701688	50.3985428
	11.5702118	50.3985724
	11.5702797	50.3986499
	11.5703514	50.398716
	11.570416	50.3987777
	11.570441	50.3988164
	11.5704477	50.3988283
	11.5704594	50.3988542
	11.5704626	50.3988871
	11.5704484	50.3988985
	11.5704198	50.3989191
	11.5704236	50.398942
	11.5704807	50.3989625
	11.570545	50.3989783
	11.5705952	50.398992
	11.5706024	50.3990057
	11.5705879	50.3990216
	11.570563	50.3990422
	11.5705417	50.3990605
	11.5705311	50.3990742
	11.5705347	50.3990788
	11.5705669	50.3990878
	11.5706062	50.3990992
	11.5706775	50.3991174
	11.5707169	50.3991289
	11.5707491	50.3991402
	11.5707742	50.3991744
	11.5707814	50.3992086
	11.5707743	50.3992406
	11.5707745	50.3992703
	11.5707925	50.3993067
	11.5708425	50.3993477
	11.5709034	50.3993956
	11.5710059	50.3994113
	11.5713544	50.3995631
	11.5715284	50.3996619
	11.5718738	50.3997612
	11.5723509	50.3999249
	11.5725711	50.4000421
	11.5731878	50.4001537
	11.5733379	50.4001565
	11.5737918	50.4000825
	11.5742031	50.400004
	11.5746607	50.3999255
	11.5749971	50.3998422
	11.5753868	50.3997749
	11.5757157	50.3997256
	11.5759588	50.3996763
	11.5763772	50.3996114
	11.5766415	50.3995962
	11.5768085	50.3995687
	11.5770635	50.3995268
	11.5774058	50.3995621
	11.5778415	50.399543
	11.5781238	50.3995234
	11.5785162	50.3995497
	11.5789019	50.3995533
	11.579152	50.3995198
	11.579155	50.3995189
	11.5793382	50.3994609
	11.5794172	50.399411
	11.5797003	50.3992908
	11.5799724	50.399205
	11.5804234	50.3990557
	11.5806019	50.3990539
	11.5806073	50.3990552
	11.5808085	50.3991003
	11.5814337	50.3990544
	11.5817479	50.3990691
	11.5819057	50.399112
	11.5820114	50.3991407
	11.5826052	50.3994233
	11.5828329	50.39952
	11.5829506	50.3995319
	11.5832075	50.3995486
	11.5835612	50.3995386
	11.5838574	50.3995302
	11.5840751	50.3995399
	11.584364	50.3995705
	11.5846417	50.3996628
	11.5849085	50.3997801
	11.5850425	50.3999677
	11.5852021	50.4001167
	11.5853835	50.4001766
	11.5856824	50.4002985
	11.585957	50.4003474
	11.5863518	50.4005222
	11.586654	50.4006716
	11.5869458	50.400789
	11.5871449	50.4008901
	11.5873121	50.4009569
	11.5875189	50.4009826
	11.5875723	50.4009923
	11.5877364	50.4010221
	11.5879572	50.4010982
	11.5880637	50.4011556
	11.5882989	50.4012249
	11.5885555	50.401285
	11.5886647	50.4014383
	11.5888674	50.4015348
	11.5890382	50.4016084
	11.5891554	50.4016819
	11.5892579	50.401817
	11.5893502	50.4018835
	11.5894207	50.4019888
	11.5895951	50.4020486
	11.5898841	50.4020747
	11.5899789	50.4020781
	11.5900095	50.4020792
	11.5900945	50.4020821
	11.5903159	50.4020875
	11.5905668	50.4019785
	11.5907272	50.4020178
	11.5908027	50.4020448
	11.5908414	50.4020768
	11.5908879	50.4021455
	11.5909959	50.4021913
	11.591254	50.4022118
	11.5913975	50.402214
	11.5915698	50.4022759
	11.5916056	50.4023033
	11.5916343	50.402324
	11.5917242	50.402411
	11.5917779	50.4024432
	11.5919071	50.4024752
	11.5920758	50.4024888
	11.5922658	50.4025277
	11.5923843	50.4025827
	11.5925064	50.4026858
	11.5926368	50.4027345
	11.5927791	50.4027522
	11.5929441	50.4027635
	11.5930731	50.4027497
	11.5932166	50.4027702
	11.593229	50.4027718
	11.5933387	50.4027863
	11.5934092	50.4027836
	11.5935573	50.4027426
	11.5936864	50.4026715
	11.5937546	50.4026622
	11.5938334	50.4026576
	11.5939913	50.4026575
	11.5942315	50.4026207
	11.5943284	50.4026137
	11.5944073	50.4026206
	11.594447	50.4026257
	11.5945472	50.4025793
	11.5946797	50.4025425
	11.5948633	50.4024844
	11.5950455	50.4024139
	11.5951709	50.4023656
	11.5952678	50.4023358
	11.5953466	50.4023037
	11.5954397	50.4022623
	11.5955365	50.4022095
	11.5956298	50.4021636
	11.5957271	50.4021194
	11.5957543	50.4020159
	11.595756	50.4020097
	11.5957577	50.4020029
	11.5958412	50.4019641
	11.5959307	50.4019158
	11.596053	50.4018873
	11.5960666	50.4018805
	11.5963072	50.4017873
	11.5965085	50.4017504
	11.5966801	50.4017564
	11.5967895	50.4017186
	11.5968628	50.4016934
	11.5969096	50.401654
	11.5970093	50.401499
	11.5970322	50.4014739
	11.5971099	50.4013878
	11.5973574	50.4013166
	11.5975437	50.4012523
	11.5976585	50.4011605
	11.5978306	50.4010986
	11.5980492	50.4010618
	11.5982429	50.4010571
	11.5984223	50.4010708
	11.5987056	50.4010774
	11.5989316	50.4010498
	11.5991717	50.400919
	11.599358	50.4008088
	11.5994118	50.4007078
	11.5994259	50.4005955
	11.5994979	50.4005588
	11.5995297	50.4005427
	11.5996984	50.4005426
	11.5998382	50.4005172
	11.5999816	50.4004439
	11.6002325	50.400352
	11.6004727	50.400299
	11.6006127	50.4002692
	11.6007307	50.4001957
	11.6008276	50.4001453
	11.6009889	50.4000878
	11.6011251	50.4000122
	11.6011679	50.3998814
	11.6011892	50.3997094
	11.6012642	50.3995489
	11.6014542	50.3994043
	11.6016081	50.3992025
	11.6017621	50.3991312
	11.6019773	50.3990326
	11.6022509	50.3988533
	11.6022853	50.3988308
	11.6023583	50.3988011
	11.6024671	50.3987872
	11.602585	50.3987866
	11.6028817	50.3987989
	11.60326	50.3987673
	11.6033682	50.3985522
	11.6035174	50.3984966
	11.6037785	50.3985968
	11.6038958	50.398546
	11.6040534	50.3985772
	11.6042427	50.3985809
	11.6045016	50.3987099
	11.6045454	50.398785
	11.6047411	50.3987224
	11.6050517	50.3987049
	11.6052364	50.3986172
	11.6053425	50.3985298
	11.6055348	50.398481
	11.6055483	50.3984147
	11.6054901	50.3983282
	11.6056596	50.398179
	11.6057775	50.3981716
	11.6060234	50.398127
	11.606065	50.3980263
	11.6063222	50.398025
	11.6063003	50.3979795
	11.6063763	50.3978826
	11.6064443	50.3977961
	11.6065329	50.3977226
	11.6064563	50.3975996
	11.6064479	50.3974945
	11.6066852	50.3973449
	11.6068047	50.3971892
	11.6068495	50.3970473
	11.6066994	50.3970549
	11.6065645	50.3971058
	11.6065203	50.3970055
	11.6065829	50.3968773
	11.6067279	50.3967556
	11.6067445	50.3966527
	11.6068572	50.3965196
	11.606952	50.3963845
	11.6070763	50.3963313
	11.6072944	50.3963395
	11.607512	50.3963224
	11.6077104	50.3961913
	11.6078438	50.3960033
	11.6077202	50.3958395
	11.6076405	50.3957508
	11.6079031	50.3956103
	11.6081279	50.3954913
	11.6081338	50.3954881
	11.6081659	50.3954629
	11.6082824	50.3953709
	11.6084342	50.3952262
	11.6086258	50.3951112
	11.6087673	50.3950031
	11.6088761	50.3948496
	11.608786	50.3947884
	11.6088464	50.3947516
	11.6087111	50.3947865
	11.6088478	50.3945963
	11.6091043	50.3945311
	11.6092669	50.3943978
	11.6094995	50.3941409
	11.6096723	50.3939619
	11.6096719	50.3939266
	11.6096704	50.3938112
	11.6099039	50.3936273
	11.610153	50.3935485
	11.6103207	50.3935361
	11.6104641	50.393588
	11.6105909	50.3934391
	11.610662	50.3934044
	11.6107733	50.3934316
	11.6108267	50.3934446
	11.6110047	50.3934586
	11.6111272	50.3934683
	11.6113552	50.3934284
	11.6115112	50.3933294
	11.6115301	50.3932793
	11.6115561	50.3932104
	11.6117904	50.3930928
	11.611993	50.3930096
	11.6121889	50.3929539
	11.6123955	50.3929209
	11.6125944	50.3928308
	11.612772	50.3927409
	11.6128788	50.3927107
	11.6129512	50.3927857
	11.6133935	50.3924569
	11.6134101	50.3923541
	11.6135718	50.39215
	11.6137561	50.392035
	11.614037	50.3919284
	11.6140918	50.3917477
	11.6141726	50.391682
	11.6143004	50.3915777
	11.6143992	50.3914791
	11.6146136	50.3914779
	11.6148315	50.3914929
	11.6150564	50.3914667
	11.61517	50.3914227
	11.6152112	50.3912969
	11.6154169	50.3911703
	11.6159553	50.3908727
	11.6159051	50.3907895
	11.6158539	50.3907045
	11.6160131	50.3905896
	11.6160157	50.3905051
	11.6163023	50.3902936
	11.6164404	50.3901901
	11.6165115	50.3901647
	11.6165235	50.3901328
	11.6165306	50.3901168
	11.6165343	50.3901031
	11.6165342	50.3900895
	11.6165305	50.3900712
	11.6165268	50.3900576
	11.6165125	50.3900394
	11.6164947	50.3900256
	11.6164874	50.3900165
	11.6164694	50.3899915
	11.6164872	50.3899663
	11.6165156	50.3899251
	11.6165584	50.3899206
	11.6165797	50.3899137
	11.616594	50.3898976
	11.6166046	50.3898657
	11.6166098	50.3898452
	11.6166115	50.3898382
	11.6166222	50.3898224
	11.6166471	50.3897995
	11.6166829	50.3897879
	11.6166898	50.3897857
	11.6167399	50.3897902
	11.616797	50.3897924
	11.6168292	50.3897923
	11.6168506	50.3897877
	11.6168791	50.3897786
	11.6169075	50.3897626
	11.6169217	50.389742
	11.6169609	50.3897305
	11.6170039	50.3897396
	11.6170394	50.3897441
	11.6171145	50.3897394
	11.6171643	50.3897166
	11.6172106	50.389696
	11.617289	50.389657
	11.6173139	50.3896364
	11.6173384	50.3896157
	11.6173814	50.3895793
	11.6174134	50.3895518
	11.617474	50.3895152
	11.6175168	50.3895083
	11.6175525	50.3895083
	11.6176059	50.3894991
	11.6176309	50.3894716
	11.6176486	50.389442
	11.6176627	50.3894168
	11.6176877	50.3893917
	11.6176982	50.3893688
	11.6176945	50.3893505
	11.6176874	50.3893256
	11.6176765	50.3892913
	11.617662	50.3892457
	11.6176477	50.3892068
	11.6176368	50.3891636
	11.617633	50.389127
	11.6176345	50.3891088
	11.6176363	50.3890882
	11.6176506	50.3890563
	11.6176897	50.3890174
	11.6177394	50.3889854
	11.617793	50.3889693
	11.6178393	50.3889624
	11.6178399	50.3889623
	11.6178822	50.3889532
	11.6179249	50.3889508
	11.6179677	50.3889325
	11.6179746	50.3889052
	11.617971	50.3888846
	11.6179742	50.3887933
	11.6179756	50.3887844
	11.617988	50.3887043
	11.6179913	50.3886129
	11.6179926	50.3886103
	11.6180124	50.3885696
	11.6180623	50.3885535
	11.6181266	50.3885489
	11.618173	50.3885351
	11.6182122	50.3885259
	11.6182514	50.3885167
	11.6182621	50.3884847
	11.6182621	50.3884733
	11.6182797	50.3884368
	11.618326	50.3884208
	11.6183547	50.3884253
	11.6183867	50.3884389
	11.6184081	50.3884503
	11.6184304	50.3884662
	11.6184368	50.3884708
	11.6184619	50.3884845
	11.6185298	50.3884981
	11.6185761	50.3884957
	11.618619	50.3884933
	11.6186901	50.388459
	11.6187257	50.3884362
	11.6187721	50.3884064
	11.6188006	50.3883858
	11.6188254	50.3883538
	11.618843	50.3883014
	11.6188536	50.388267
	11.6188641	50.3882305
	11.6188782	50.3881895
	11.6188889	50.388162
	11.6189065	50.3881324
	11.6189273	50.3880991
	11.6189278	50.3880981
	11.6189671	50.3880615
	11.6190381	50.3880134
	11.6191024	50.3879997
	11.6191629	50.3879951
	11.6192129	50.3879927
	11.6192521	50.3879949
	11.6192771	50.3879971
	11.619302	50.3879743
	11.6193127	50.3879583
	11.6193375	50.3879468
	11.6193912	50.3879422
	11.6194412	50.3879513
	11.6194625	50.3879535
	11.6194912	50.3879603
	11.6195304	50.3879511
	11.6195517	50.3879329
	11.6195802	50.3879214
	11.6196053	50.3879213
	11.6196481	50.3879486
	11.6196661	50.38796
	11.6196928	50.3879747
	11.6197161	50.3879873
	11.6197412	50.3880055
	11.6197698	50.388017
	11.6198092	50.3880238
	11.6198591	50.3880259
	11.6199232	50.3880122
	11.6199838	50.3879961
	11.620073	50.3879731
	11.6201477	50.3879479
	11.6201799	50.387932
	11.620244	50.3879125
	11.62045	50.3878111
	11.6206707	50.3877575
	11.6209418	50.3877356
	11.6210483	50.387678
	11.6209099	50.3874799
	11.6208403	50.3873387
	11.6209535	50.3872491
	11.6214693	50.3872209
	11.6219671	50.3871937
	11.6221649	50.3870123
	11.6227161	50.3868223
	11.6229051	50.3868008
	11.6230949	50.3868478
	11.6232142	50.3868972
	11.6233458	50.3868578
	11.6234562	50.3867937
	11.6235204	50.3867662
	11.623599	50.3867547
	11.6236526	50.3867524
	11.6237205	50.3867591
	11.6237919	50.3867636
	11.6238635	50.3867749
	11.6239385	50.3867839
	11.6239993	50.3867884
	11.6240493	50.3867952
	11.6240887	50.3868021
	11.6241495	50.386811
	11.6241922	50.386811
	11.6242351	50.3868041
	11.6242993	50.3867903
	11.6243564	50.3867766
	11.6244064	50.386765
	11.6244743	50.3867535
	11.6245136	50.3867535
	11.6245602	50.3867648
	11.6246137	50.3867762
	11.6246351	50.3867921
	11.6246425	50.3868081
	11.6246424	50.3868195
	11.6246319	50.3868355
	11.6246176	50.386847
	11.6245962	50.3868539
	11.6245926	50.3868676
	11.6246104	50.3868744
	11.6246749	50.3868903
	11.6247571	50.3869084
	11.6247575	50.3869086
	11.6248429	50.3869266
	11.6250573	50.3869469
	11.6252323	50.3869467
	11.6253324	50.3869374
	11.6253739	50.3869314
	11.6253966	50.3869282
	11.6254681	50.3869075
	11.6255465	50.3868937
	11.6256287	50.3868731
	11.6257108	50.3868615
	11.6257823	50.3868751
	11.6258038	50.3869003
	11.6258217	50.3869367
	11.6258255	50.3869688
	11.6258363	50.3870098
	11.6259046	50.3871171
	11.6259619	50.3871673
	11.6260085	50.3872037
	11.6260908	50.38727
	11.6261589	50.3873452
	11.6262199	50.3874113
	11.6262703	50.3874752
	11.6262918	50.3875209
	11.626292	50.3875871
	11.6262709	50.3876488
	11.6262494	50.3876855
	11.6262245	50.3877106
	11.6261854	50.3877335
	11.6261568	50.3877586
	11.626132	50.3877861
	11.6261213	50.3878204
	11.6261333	50.3878371
	11.6261392	50.3878455
	11.6261894	50.3878773
	11.6262539	50.3879115
	11.6263004	50.3879252
	11.6263754	50.387941
	11.6264433	50.3879524
	11.6265256	50.3879774
	11.6265575	50.3879892
	11.6266365	50.3880184
	11.6267259	50.3880663
	11.626794	50.3881325
	11.6268443	50.3881918
	11.626891	50.3882625
	11.6269447	50.3883241
	11.6270129	50.3884017
	11.6270415	50.3884336
	11.6270989	50.3884472
	11.6271302	50.3884394
	11.6271452	50.3884357
	11.6271562	50.3884336
	11.6272059	50.3884242
	11.6272632	50.3884264
	11.6273167	50.3884356
	11.6273668	50.3884583
	11.6273919	50.3884879
	11.6274099	50.3885199
	11.6274457	50.3885678
	11.6274817	50.3886157
	11.6275391	50.3886819
	11.627625	50.3887388
	11.6277359	50.3887776
	11.627836	50.3887957
	11.627936	50.3887978
	11.6280362	50.3887955
	11.6281324	50.3887885
	11.6281479	50.388786
	11.6282182	50.3887746
	11.628286	50.388754
	11.6283682	50.3887333
	11.6284358	50.3887081
	11.6285072	50.3886828
	11.6286108	50.3886507
	11.6287107	50.3886278
	11.6287928	50.3886117
	11.6288785	50.3886024
	11.62905	50.388593
	11.6292679	50.3886087
	11.6294181	50.3886222
	11.6294929	50.3886243
	11.6295789	50.3886266
	11.6298217	50.388608
	11.6300039	50.3885963
	11.6301431	50.3885709
	11.6302467	50.3885616
	11.6302966	50.3885457
	11.6302983	50.3885453
	11.6303126	50.3885422
	11.6303503	50.3885341
	11.6303788	50.3885203
	11.6304073	50.3885021
	11.6304322	50.3884792
	11.6304678	50.3884517
	11.6304891	50.3884198
	11.6305002	50.3884003
	11.6305034	50.3883946
	11.6305318	50.3883649
	11.6305639	50.3883466
	11.6306424	50.3883008
	11.6307244	50.3882595
	11.630785	50.388232
	11.63086	50.3881977
	11.6309171	50.388177
	11.6309884	50.3881495
	11.6310491	50.3881288
	11.6311168	50.388115
	11.6311812	50.3881173
	11.6312669	50.3881171
	11.6313491	50.3881102
	11.6314026	50.3880895
	11.631456	50.3880644
	11.6315243	50.3880324
	11.6315345	50.3880277
	11.631606	50.3879933
	11.6317165	50.3879612
	11.6317985	50.3879406
	11.6318736	50.3879266
	11.6319913	50.387906
	11.6320557	50.3878993
	11.6321021	50.3878944
	11.6321123	50.3878945
	11.6322771	50.3878965
	11.6323416	50.3879124
	11.6324131	50.3879534
	11.6324668	50.3879853
	11.6325385	50.3880331
	11.6326102	50.3880901
	11.6326854	50.3881312
	11.6327282	50.3881608
	11.6327783	50.3881812
	11.6328607	50.3881971
	11.6329097	50.3882062
	11.6329714	50.3882175
	11.6331001	50.3882471
	11.6332252	50.3882789
	11.633329	50.3883039
	11.6334399	50.3883357
	11.6335614	50.3883744
	11.6335937	50.3884085
	11.6336404	50.3884632
	11.6337013	50.3885248
	11.6337587	50.3885842
	11.6338053	50.3886321
	11.6338376	50.3886732
	11.6338343	50.3887326
	11.6338344	50.388776
	11.6338309	50.388808
	11.6338347	50.3888468
	11.6338455	50.388897
	11.6338565	50.3889381
	11.6338779	50.3889746
	11.6339532	50.3890407
	11.6340071	50.3890705
	11.6340605	50.3890932
	11.6341357	50.3891044
	11.634218	50.3891112
	11.6343144	50.3891112
	11.6344144	50.3891109
	11.6345145	50.3891017
	11.6345788	50.3890947
	11.6346465	50.3890878
	11.6347037	50.3890831
	11.6347787	50.3890945
	11.6348289	50.3891081
	11.6348789	50.3891217
	11.6349148	50.3891536
	11.6349327	50.389181
	11.6349471	50.3892152
	11.6349686	50.3892426
	11.6349758	50.3892609
	11.6349902	50.3892929
	11.6350011	50.3893088
	11.6350439	50.3893225
	11.6350726	50.3893271
	11.6351298	50.3893201
	11.6351762	50.3893177
	11.635212	50.3893155
	11.6352174	50.3893152
	11.6352584	50.3893131
	11.635319	50.3893129
	11.635344	50.389322
	11.6353727	50.3893426
	11.635412	50.3893654
	11.6354407	50.3893813
	11.6354872	50.3893949
	11.6355337	50.389404
	11.6355908	50.3894063
	11.6356517	50.389413
	11.6356981	50.3894198
	11.6357483	50.3894312
	11.6357946	50.3894448
	11.6358483	50.3894675
	11.6358664	50.3894881
	11.635895	50.3895222
	11.6359095	50.389568
	11.6359274	50.3896045
	11.6359527	50.3896342
	11.6359704	50.3896547
	11.6360063	50.3896729
	11.6360527	50.3896637
	11.6361098	50.3896408
	11.6361848	50.3896338
	11.6362706	50.38962
	11.6363598	50.3896016
	11.6364704	50.3895786
	11.6366132	50.3895647
	11.6367633	50.389569
	11.6369455	50.389587
	11.6371386	50.389621
	11.6373353	50.3896687
	11.6374639	50.3897014
	11.6375033	50.3896616
	11.6375532	50.3896296
	11.6375923	50.3896021
	11.6376245	50.3895884
	11.6376672	50.3895745
	11.6376993	50.3895677
	11.6377566	50.3895699
	11.6378351	50.3895857
	11.6379139	50.3896039
	11.6381366	50.3896904
	11.6382623	50.3897497
	11.6383553	50.3897976
	11.6384055	50.3898454
	11.6384378	50.3898796
	11.6384593	50.3899184
	11.6384667	50.3899527
	11.638474	50.3899847
	11.6384847	50.3900235
	11.6384957	50.3900508
	11.6385171	50.3900896
	11.6385567	50.3901238
	11.6385817	50.3901557
	11.6386069	50.3901831
	11.6386464	50.3902105
	11.6386964	50.3902402
	11.6387536	50.3902721
	11.6388216	50.3903062
	11.6388717	50.390329
	11.6389326	50.3903472
	11.6389933	50.3903471
	11.639079	50.3903493
	11.639147	50.3903492
	11.6392221	50.3903537
	11.6392863	50.3903558
	11.6393471	50.3903648
	11.6393971	50.3903716
	11.6395867	50.3904102
	11.6396796	50.3904237
	11.6397511	50.3904442
	11.6398083	50.3904693
	11.6398906	50.3904919
	11.6399871	50.3904941
	11.6400692	50.3904826
	11.6402156	50.3904526
	11.6403227	50.3904388
	11.6404514	50.3904272
	11.6405799	50.3904179
	11.6406835	50.3904131
	11.6408014	50.3904084
	11.6408658	50.3903946
	11.6409157	50.3903762
	11.6410227	50.3903647
	11.6411121	50.39036
	11.6412121	50.3903553
	11.641312	50.3903574
	11.6414157	50.390371
	11.6415051	50.3903867
	11.6415767	50.3903958
	11.6416588	50.3904002
	11.6417409	50.3903864
	11.6418052	50.3903863
	11.6418802	50.390384
	11.641959	50.3903861
	11.6420483	50.3903997
	11.6421483	50.3904224
	11.6422342	50.3904359
	11.6423236	50.3904473
	11.6423454	50.3904519
	11.6424308	50.39047
	11.6425024	50.390479
	11.6425594	50.3904743
	11.6426094	50.3904538
	11.6426879	50.3904307
	11.6427736	50.3904146
	11.6428485	50.3904031
	11.6429271	50.390403
	11.6430129	50.3904143
	11.6430845	50.3904393
	11.6431417	50.3904712
	11.6432062	50.3905054
	11.6432634	50.3905259
	11.6433279	50.3905394
	11.6433958	50.3905393
	11.643478	50.3905369
	11.6435637	50.3905414
	11.643646	50.3905618
	11.6437103	50.3905869
	11.6438141	50.390637
	11.6438892	50.3906825
	11.6438987	50.3906892
	11.6439611	50.3907326
	11.6440291	50.3907736
	11.6441114	50.3908238
	11.644215	50.3908533
	11.6443009	50.3908669
	11.6443867	50.3908736
	11.6444616	50.3908804
	11.6445475	50.3908826
	11.6446332	50.3908983
	11.6447299	50.3909302
	11.6447617	50.3909421
	11.6448337	50.3909689
	11.6449088	50.3910122
	11.6449946	50.3910394
	11.6450948	50.3910577
	11.6451913	50.3910689
	11.6452914	50.3910802
	11.6454166	50.3911074
	11.645506	50.3911415
	11.6455705	50.3911757
	11.6456349	50.3912121
	11.6457172	50.3912577
	11.645796	50.3912964
	11.6458819	50.3913373
	11.6460214	50.391376
	11.6460965	50.3913942
	11.6461858	50.3914077
	11.6463218	50.3914212
	11.646411	50.3914188
	11.646486	50.3914164
	11.6465826	50.3914209
	11.6466754	50.3914343
	11.6467719	50.3914616
	11.6468472	50.3915049
	11.6468973	50.3915413
	11.6469546	50.391587
	11.6470013	50.3916212
	11.6470585	50.3916531
	11.647259	50.3917282
	11.6473328	50.3917318
	11.6473483	50.3917326
	11.6474268	50.3917257
	11.647627	50.3917322
	11.6477164	50.3917458
	11.6478201	50.3917708
	11.6478702	50.3917844
	11.6479416	50.391807
	11.6479883	50.3918321
	11.6480241	50.3918595
	11.6480636	50.3919005
	11.6480922	50.3919416
	11.6481317	50.391985
	11.6481607	50.3920786
	11.6482073	50.3921264
	11.648261	50.3921766
	11.6483113	50.3922017
	11.6483863	50.3922153
	11.6484435	50.3922197
	11.648683	50.3922445
	11.6487615	50.3922627
	11.6488298	50.3922923
	11.6489119	50.3923173
	11.6489977	50.3923263
	11.6490907	50.3923261
	11.6491548	50.3923124
	11.6492201	50.3922904
	11.6492299	50.392287
	11.6493206	50.392644
	11.6492173	50.3937922
	11.6485008	50.3946523
	11.648178	50.3948581
	11.6478229	50.3949445
	11.6473517	50.3953067
	11.6484943	50.3958705
	11.6505859	50.3947223
	11.6508635	50.3945165
	11.6511669	50.3941708
	11.6519674	50.394356
	11.6521287	50.3940103
	11.6524515	50.3935083
	11.6538007	50.3935906
	11.6546375	50.3939448
	11.6547014	50.3941311
	11.6547014	50.3942416
	11.654318	50.3952776
	11.654318	50.3969537
	11.6540533	50.3977975
	11.6540806	50.3981234
	11.6541354	50.3983446
	11.6540566	50.3988023
	11.6534393	50.4006525
	11.6533662	50.4015312
	11.6531148	50.4024234
	11.6514559	50.4024779
	11.6502941	50.4019558
	11.6495622	50.4021985
	11.646117	50.402149
	11.645773	50.4024759
	11.6433115	50.4023683
	11.6439092	50.4034411
	11.6429575	50.4038338
	11.6423837	50.4040706
	11.6411414	50.4049757
	11.6426037	50.4054718
	11.6423786	50.4068008
	11.6416526	50.4071846
	11.6404874	50.4068704
	11.6394416	50.4066812
	11.6379082	50.4059597
	11.6377439	50.4061028
	11.6380727	50.4062226
	11.6374337	50.4068335
	11.6365207	50.4066183
	11.6360186	50.4069906
	11.6351422	50.4069499
	11.6351787	50.4075318
	11.634987	50.4076947
	11.6342	50.4074223
	11.633557	50.4079397
	11.632918	50.4075906
	11.6326806	50.4076197
	11.6326258	50.4082423
	11.6308532	50.4098304
	11.6301642	50.411269
	11.6283571	50.4127877
	11.6276715	50.4138526
	11.6273238	50.4140334
	11.6266137	50.4141404
	11.6249998	50.4141815
	11.6240961	50.414017
	11.6224435	50.4135069
	11.6213109	50.4135832
	11.6191842	50.4127986
	11.6184282	50.4127417
	11.6179375	50.4125196
	11.6174896	50.4121025
	11.6179892	50.41145
	11.6180537	50.4110797
	11.6177439	50.4105285
	11.6183636	50.4100019
	11.6181441	50.4097797
	11.6170963	50.4093264
	11.615522	50.4102888
	11.6145259	50.4107337
	11.6135607	50.4108658
	11.6122438	50.4107835
	11.6114304	50.4105943
	11.6103459	50.4100677
	11.6097132	50.4099361
	11.6091452	50.4099936
	11.6078649	50.410439
	11.6075374	50.4107565
	11.6063435	50.4101582
	11.6055214	50.410022
	11.6052725	50.4105546
	11.6048077	50.4108097
	11.604472	50.4110483
	11.6043558	50.4112786
	11.604472	50.4117723
	11.6044333	50.4121261
	11.6040718	50.41234
	11.6039298	50.4125786
	11.603891	50.4128419
	11.6041105	50.4132204
	11.6042525	50.4136235
	11.6040201	50.4144627
	11.6035127	50.4144316
	11.6030289	50.4143327
	11.6024628	50.4148621
	11.6020976	50.4149319
	11.6017325	50.4155719
	11.6017142	50.4159849
	11.6020155	50.4165492
	11.601559	50.4161885
	11.6011117	50.4159267
	11.6005183	50.4156649
	11.6009382	50.4148505
	11.6015225	50.4141815
	11.6011124	50.4139906
	11.6000122	50.4146323
	11.598837	50.4142855
	11.5949548	50.4165071
	11.5910925	50.4164856
	11.5921881	50.4161133
	11.5921424	50.4158515
	11.5907547	50.4159155
	11.590563	50.4151767
	11.5900356	50.4150007
	11.5710004	50.409199
	11.5706732	50.4088705
	11.5601411	50.40722
	11.5503275	50.4043904
	11.550254	50.4021098
END
END
