6550499
1
	11.9661021	50.8319408
	11.9677298	50.8307884
	11.9697366	50.8300088
	11.972466	50.8286373
	11.976741	50.8268243
	11.9792762	50.8250797
	11.9813156	50.8239697
	11.9881984	50.8201671
	11.9899673	50.8203906
	11.9910558	50.8200124
	11.9977298	50.8161719
	12.0000635	50.8166082
	12.0035197	50.8170552
	12.0084997	50.818018
	12.011998	50.8180247
	12.0115685	50.8206256
	12.0182774	50.8213693
	12.0181038	50.8258154
	12.0190503	50.8260534
	12.0157799	50.8291133
	12.0165655	50.8298512
	12.0184167	50.8313808
	12.016208	50.832617
	12.0153931	50.8340692
	12.0138177	50.8352612
	12.011097	50.8367831
	12.0095651	50.8396534
	12.0118255	50.8415223
	12.0048394	50.8450082
	12.0019256	50.8472169
	12.0009627	50.8477746
	12.0006355	50.8480905
	11.9995964	50.8488559
	11.9988844	50.8494998
	11.9983249	50.8496957
	11.9980363	50.8491004
	11.9974013	50.8486995
	11.9966508	50.8481041
	11.9955595	50.8476199
	11.9943349	50.8470186
	11.9933008	50.8466921
	11.9911509	50.8453175
	11.9885112	50.8442177
	11.9877112	50.8443143
	11.983537	50.8433133
	11.9831321	50.8424162
	11.9823111	50.8421536
	11.9815221	50.841297
	11.9808157	50.8410154
	11.979599	50.8399661
	11.9794002	50.8386785
	11.9788098	50.8381518
	11.9759912	50.8373393
	11.9713227	50.8354071
	11.9696099	50.8337802
	11.9672238	50.8329902
	11.9661021	50.8319408
END
END
