6550379
1
	11.6820179	50.9576772
	11.68228	50.9568432
	11.6847223	50.9567632
	11.6871973	50.9581174
	11.6887972	50.9570151
	11.6922972	50.9578812
	11.6943221	50.9571568
	11.696822	50.9569994
	11.700022	50.9574088
	11.700697	50.956464
	11.702072	50.9553349
	11.7049657	50.9560576
	11.7075737	50.9570317
	11.7073698	50.9580619
	11.7094219	50.9607534
	11.7104717	50.9610488
	11.7129558	50.9630499
	11.7161493	50.9648108
	11.717127	50.9673165
	11.7166327	50.9675254
	11.7162791	50.9688835
	11.7172337	50.9704197
	11.7200874	50.9716993
	11.7224759	50.9722779
	11.7241708	50.972569
	11.7243583	50.973238
	11.7261708	50.9731829
	11.727754	50.9729583
	11.7276415	50.973222
	11.7264583	50.9733639
	11.7245833	50.9736079
	11.7225914	50.9740966
	11.7199704	50.973802
	11.7178487	50.9732766
	11.7103736	50.9719306
	11.7034383	50.9709825
	11.7022604	50.9718579
	11.7025204	50.9730627
	11.7041619	50.9736785
	11.7038949	50.9746945
	11.7032096	50.9747004
	11.7017086	50.9745509
	11.7018322	50.9739953
	11.6991963	50.9735172
	11.6978079	50.9745896
	11.6981452	50.9747423
	11.6979419	50.9749983
	11.6976208	50.9753343
	11.6973646	50.9752516
	11.697553	50.9748926
	11.6956438	50.974336
	11.6960062	50.9738463
	11.6974084	50.9744085
	11.6981334	50.9740386
	11.6980584	50.9732436
	11.6985834	50.9730154
	11.6984716	50.972649
	11.6987032	50.9725531
	11.6991552	50.9723659
	11.6984009	50.9715025
	11.6978611	50.9718445
	11.6956079	50.9732723
	11.693614	50.9728638
	11.6932648	50.9713541
	11.6926734	50.9687974
	11.6909626	50.9642908
	11.6882757	50.9641127
	11.6884163	50.9627706
	11.6870663	50.9622037
	11.6861544	50.9607949
	11.6820179	50.9576772
END
END
