6550599
1
	13.4574583	51.5041026
	13.4625897	51.5053273
	13.4641951	51.504328
	13.4672823	51.5006895
	13.4720161	51.4961025
	13.4744036	51.4935654
	13.476544	51.4917201
	13.4799606	51.4890034
	13.482579	51.4881091
	13.4911413	51.4884747
	13.4933238	51.4812517
	13.4837251	51.4755371
	13.4815767	51.4739838
	13.4798713	51.4730407
	13.4789952	51.4714216
	13.4791362	51.4706778
	13.4789813	51.4702144
	13.4785891	51.4696747
	13.4784339	51.4686982
	13.4723134	51.467097
	13.4737785	51.4649375
	13.4749352	51.4639397
	13.4772229	51.4626305
	13.4800284	51.4615381
	13.4819103	51.4610967
	13.4838374	51.4607674
	13.4866315	51.460437
	13.4881233	51.4601268
	13.4897517	51.4596485
	13.4896444	51.4593965
	13.4894441	51.4587377
	13.4891531	51.4578816
	13.4884266	51.4559094
	13.4882358	51.4533955
	13.4853594	51.4534795
	13.4830028	51.4528309
	13.4808371	51.4509121
	13.477276	51.4497563
	13.4757416	51.4485395
	13.474455	51.4467771
	13.4797434	51.4440991
	13.4877581	51.4433171
	13.4940721	51.4427716
	13.4980444	51.4419324
	13.5014147	51.4407498
	13.5062765	51.440067
	13.5118496	51.4413373
	13.5139114	51.4419095
	13.5141616	51.4419743
	13.5142948	51.4420125
	13.5144283	51.4420468
	13.5149435	51.4421918
	13.5152032	51.4422639
	13.5159734	51.4424779
	13.5187678	51.4413144
	13.5205321	51.438007
	13.521475	51.4350964
	13.5234561	51.4301286
	13.5265225	51.4275357
	13.5273121	51.4262448
	13.5328565	51.426833
	13.5379341	51.426636
	13.5476395	51.4278409
	13.5532942	51.4282665
	13.5564052	51.4284086
	13.5612748	51.4271802
	13.581446	51.4336762
	13.5970446	51.4382582
	13.6024356	51.4403041
	13.6041295	51.4407564
	13.6059745	51.4412066
	13.59275	51.4447449
	13.5938627	51.4495313
	13.5944171	51.4510648
	13.5945618	51.4514462
	13.5830681	51.4517972
	13.5724128	51.4519422
	13.56378	51.4523846
	13.5607902	51.4510343
	13.5570757	51.4477231
	13.5551454	51.4488636
	13.5498509	51.4551503
	13.5501065	51.4565846
	13.550177	51.4569432
	13.5502055	51.4571225
	13.5502343	51.457298
	13.550361	51.4580151
	13.5586903	51.4574048
	13.5606138	51.4598691
	13.5654767	51.4593617
	13.5659324	51.4615093
	13.5616438	51.4620015
	13.5541489	51.4622266
	13.5531832	51.4650176
	13.5506955	51.4655286
	13.5500552	51.465576
	13.5478859	51.4651969
	13.546912	51.4650268
	13.5463513	51.4649288
	13.5425792	51.4655677
	13.5423394	51.4656084
	13.5419422	51.4656756
	13.5416768	51.4657206
	13.5414791	51.4663981
	13.5414576	51.4668635
	13.5419677	51.4669405
	13.5418194	51.4673112
	13.5423598	51.4673777
	13.5421249	51.4678571
	13.5423965	51.4678978
	13.5422973	51.4680837
	13.5433383	51.4684209
	13.5430596	51.4692281
	13.5435	51.4694016
	13.5433712	51.4699716
	13.5451455	51.4699712
	13.5452158	51.4697481
	13.5456687	51.4697971
	13.5456466	51.4701402
	13.5470961	51.4701545
	13.5465123	51.4724305
	13.5446804	51.4716345
	13.5444735	51.4717406
	13.5443844	51.4727782
	13.5443098	51.4730309
	13.544096	51.4730219
	13.543772	51.4750779
	13.5425219	51.4752412
	13.5421775	51.4751828
	13.5417854	51.4749616
	13.5410847	51.4745087
	13.5401331	51.4741947
	13.5374536	51.4744978
	13.5343708	51.4740794
	13.5337501	51.473922
	13.533377	51.4739298
	13.5323344	51.4740581
	13.532308	51.4745011
	13.5316974	51.4750313
	13.5301528	51.4766537
	13.5294455	51.4773644
	13.5300505	51.4778043
	13.5301999	51.4781263
	13.5301274	51.4785162
	13.5299609	51.478934
	13.5296943	51.4789431
	13.5296842	51.4794626
	13.5273928	51.4805314
	13.5271892	51.4807319
	13.5268612	51.4817387
	13.5263893	51.4827471
	13.5262542	51.4828078
	13.5262653	51.4829613
	13.5259283	51.4836227
	13.5269943	51.4854611
	13.526909	51.4866615
	13.5267247	51.4877543
	13.5242793	51.4893265
	13.5239458	51.4895468
	13.5233817	51.4896935
	13.5231724	51.4901939
	13.5227498	51.4919386
	13.5228172	51.4932455
	13.5232009	51.4940199
	13.5230061	51.4949183
	13.5229214	51.4972363
	13.5231213	51.4972257
	13.5229304	51.4992176
	13.5228417	51.5001485
	13.5166551	51.5013205
	13.5149825	51.5020723
	13.5124188	51.5029345
	13.511503	51.503166
	13.5104888	51.5033302
	13.511015	51.5046154
	13.5149487	51.5039355
	13.5170054	51.5028465
	13.5185092	51.5029241
	13.5218937	51.5027913
	13.5208134	51.5098357
	13.5203701	51.5112925
	13.5200308	51.5133097
	13.5193849	51.5170793
	13.5145457	51.5142514
	13.5048181	51.5118405
	13.4905513	51.5104634
	13.4704698	51.5085369
	13.4635567	51.5087392
	13.4623082	51.5084606
	13.4616779	51.5083157
	13.4610598	51.5081821
	13.4598898	51.5078607
	13.4592957	51.5073921
	13.4588852	51.5068394
	13.4574583	51.5041026
END
END
