6550602
1
	13.1740192	51.4286399
	13.1740292	51.4284229
	13.1740322	51.4282819
	13.1744862	51.427481
	13.1752251	51.4268171
	13.175882	51.4265991
	13.1792772	51.4256757
	13.1808397	51.4254348
	13.1830768	51.4252083
	13.1834979	51.4246654
	13.1839429	51.4241805
	13.1842518	51.4239175
	13.1847142	51.4237163
	13.1850307	51.4239675
	13.1867678	51.4248432
	13.1878407	51.4252781
	13.1881438	51.4254386
	13.1889251	51.4261643
	13.189259	51.4270652
	13.189025	51.4276901
	13.1885741	51.4283121
	13.1879052	51.429068
	13.1876652	51.4298729
	13.1866513	51.4300858
	13.1867743	51.4308028
	13.1870992	51.4320166
	13.1872352	51.4322456
	13.1878651	51.4328785
	13.188559	51.4337864
	13.1894298	51.4336145
	13.1898468	51.4341564
	13.1904117	51.4344804
	13.1912655	51.4348923
	13.1916885	51.4351673
	13.1919634	51.4356173
	13.1924553	51.4359832
	13.1929963	51.4360862
	13.1977296	51.4342095
	13.1988964	51.4336415
	13.1999983	51.4329396
	13.2002173	51.4328016
	13.2015361	51.4318748
	13.202277	51.4311658
	13.2029459	51.4303649
	13.2033999	51.429609
	13.2037318	51.4280412
	13.2039078	51.4270113
	13.2038609	51.4261114
	13.2037359	51.4254395
	13.20306	51.4238607
	13.2020302	51.4220979
	13.2016263	51.421106
	13.2015063	51.4202971
	13.2014204	51.4182753
	13.2020454	51.4165325
	13.2040381	51.4136218
	13.2103034	51.4044089
	13.2108583	51.40365
	13.2116512	51.4024412
	13.2122292	51.4012283
	13.2124472	51.4001064
	13.2124792	51.3999954
	13.2128181	51.3988016
	13.2128811	51.3985806
	13.2132411	51.3976837
	13.214107	51.3967458
	13.2152588	51.3958909
	13.2163387	51.395353
	13.2179195	51.394949
	13.2195712	51.3948611
	13.2246705	51.3950441
	13.2317074	51.3953611
	13.2350109	51.3953612
	13.2379545	51.3950482
	13.2406841	51.3944183
	13.2429828	51.3935674
	13.24363	51.3932336
	13.2453951	51.3932645
	13.2459022	51.3936795
	13.2461981	51.3935517
	13.2463067	51.3935132
	13.2464177	51.3934923
	13.2465991	51.3934748
	13.2467769	51.3934748
	13.2469156	51.393494
	13.2470506	51.3935437
	13.2471476	51.3936086
	13.2473273	51.3937634
	13.2476356	51.3940245
	13.2454262	51.394286
	13.2454142	51.3945103
	13.2478813	51.394244
	13.2508521	51.393781
	13.2509801	51.3924017
	13.2541246	51.3923669
	13.254925	51.3922815
	13.2559036	51.3920967
	13.2566392	51.3918614
	13.2578738	51.3912471
	13.259274	51.3905169
	13.2617641	51.3889722
	13.262715	51.3882652
	13.2631004	51.3875899
	13.2633557	51.3866909
	13.2636628	51.3847675
	13.2686862	51.3845847
	13.2701309	51.3893301
	13.2703064	51.3909114
	13.2686838	51.3907615
	13.2670423	51.3907387
	13.263891	51.3909156
	13.2639858	51.3931595
	13.2639258	51.3939458
	13.2637613	51.3944166
	13.2636744	51.3945871
	13.2604134	51.3950197
	13.2590683	51.3951846
	13.2592033	51.3962872
	13.2592936	51.3966092
	13.2591747	51.3972599
	13.2591477	51.3979478
	13.2592666	51.3988548
	13.2593239	51.3996099
	13.2609878	51.3993802
	13.2607032	51.4002615
	13.2602114	51.4014342
	13.2610498	51.401025
	13.2613422	51.400829
	13.2616961	51.4007676
	13.2634757	51.4007856
	13.2649127	51.400544
	13.2675613	51.4004145
	13.2683761	51.4004882
	13.2700184	51.4003793
	13.2700166	51.4004669
	13.2705992	51.4003126
	13.2725029	51.399637
	13.2746724	51.3997601
	13.2817655	51.3991381
	13.2858875	51.3992821
	13.2864519	51.3992967
	13.2864186	51.3995455
	13.2864115	51.3998455
	13.2862102	51.4013006
	13.2859449	51.4012981
	13.2857311	51.4056799
	13.2861103	51.4057055
	13.2858355	51.4098447
	13.2856229	51.4107778
	13.287979	51.4116526
	13.2924573	51.4132736
	13.2968561	51.4143416
	13.2980066	51.4145844
	13.3000955	51.4149499
	13.3008385	51.4151273
	13.3023389	51.4155627
	13.3040623	51.4163182
	13.3061806	51.4168848
	13.307169	51.4170675
	13.3076026	51.417081
	13.3092358	51.4175278
	13.3104856	51.4189414
	13.3112532	51.4197789
	13.3113595	51.4223401
	13.3143821	51.423187
	13.314847	51.4231975
	13.3157712	51.4232353
	13.31604	51.4232575
	13.3178913	51.4235222
	13.3207367	51.4240595
	13.3215291	51.4242717
	13.3227452	51.4246004
	13.3232518	51.4248015
	13.3252125	51.4254594
	13.325042	51.425579
	13.3265369	51.4261983
	13.3268406	51.4259551
	13.3278699	51.426195
	13.328584	51.4264734
	13.3286807	51.4267862
	13.3286565	51.426968
	13.3274137	51.4285649
	13.3271088	51.4296044
	13.3269714	51.4299611
	13.326899	51.4301283
	13.3267686	51.4308112
	13.3265789	51.4316304
	13.3262322	51.4325166
	13.325975	51.4331881
	13.3255568	51.4337421
	13.3246787	51.4343981
	13.3240425	51.4347686
	13.3237682	51.4349709
	13.3233022	51.4355545
	13.322637	51.4362501
	13.3222248	51.4368067
	13.3219025	51.4370368
	13.3217197	51.4371547
	13.320841	51.4373839
	13.3038481	51.4366962
	13.302363	51.4446525
	13.2952777	51.4437525
	13.2947301	51.4457814
	13.2906553	51.4446755
	13.2923562	51.4466127
	13.2908324	51.4471311
	13.2873992	51.4464776
	13.2749282	51.443798
	13.2689631	51.4427003
	13.258171	51.4419448
	13.2584482	51.4462863
	13.2581493	51.4466564
	13.2536748	51.448345
	13.2554957	51.4502689
	13.2557832	51.4527201
	13.2512746	51.4549746
	13.2479566	51.4580612
	13.2510219	51.4591783
	13.2492548	51.4625229
	13.250296	51.4627586
	13.2499126	51.4639734
	13.2513346	51.4640881
	13.2514357	51.4644887
	13.2515365	51.464893
	13.2540313	51.4675251
	13.2531101	51.4707944
	13.2518112	51.4728124
	13.2529628	51.4754322
	13.2535316	51.4767262
	13.2611327	51.4862515
	13.2590974	51.488101
	13.2646563	51.4915623
	13.2642654	51.5140421
	13.2626717	51.5159374
	13.2542243	51.5150906
	13.250414	51.5224034
	13.2494604	51.5242382
	13.2489769	51.5251538
	13.2487508	51.5256115
	13.2485089	51.5260655
	13.2466013	51.5297199
	13.2469076	51.5340381
	13.2492574	51.538654
	13.2509807	51.5425717
	13.2518562	51.5461498
	13.2461268	51.5553176
	13.1925763	51.5520916
	13.1877878	51.5489405
	13.1885545	51.5453469
	13.1892404	51.5431122
	13.1894614	51.5423942
	13.1902044	51.5399305
	13.1907373	51.5388127
	13.1925759	51.5368068
	13.1950187	51.5343038
	13.1969468	51.5321529
	13.1979226	51.5304088
	13.1989503	51.5287489
	13.1998626	51.5271889
	13.2003777	51.5262992
	13.2008416	51.5257367
	13.2014278	51.5254747
	13.2024493	51.5250685
	13.2032637	51.5248443
	13.2049961	51.5246046
	13.2080416	51.5242717
	13.2075391	51.521991
	13.206341	51.5178933
	13.2071239	51.5175536
	13.206875	51.515664
	13.2074329	51.5147651
	13.2082092	51.5116966
	13.2083488	51.510546
	13.2081853	51.5098179
	13.2076813	51.5083647
	13.207066	51.5067571
	13.2069966	51.5057352
	13.2071251	51.5048876
	13.2020191	51.5039887
	13.2031983	51.4999981
	13.203905	51.4986841
	13.2016601	51.4980599
	13.2026044	51.4963528
	13.2014148	51.4958603
	13.2011883	51.4957675
	13.1999979	51.4952796
	13.1966024	51.4938908
	13.1972724	51.4931358
	13.1985223	51.4927255
	13.1987252	51.4926589
	13.199999	51.492208
	13.2011988	51.491789
	13.199999	51.4908771
	13.1978864	51.4892783
	13.1972082	51.4885643
	13.1968691	51.4884002
	13.195736	51.4882632
	13.193741	51.4881494
	13.1921166	51.4880718
	13.1916399	51.4886058
	13.1909167	51.4899049
	13.1903584	51.4906291
	13.1883117	51.4916819
	13.1869259	51.4922959
	13.186641	51.4923148
	13.186349	51.4923338
	13.1847034	51.4921548
	13.1833555	51.4919989
	13.1825276	51.4919529
	13.1820917	51.4919099
	13.1832125	51.4912619
	13.1844573	51.490515
	13.1854922	51.4895381
	13.1864651	51.4883363
	13.186776	51.4874854
	13.186947	51.4864975
	13.1869761	51.4854636
	13.1869321	51.4845637
	13.1866691	51.4837128
	13.1861192	51.4827589
	13.1837807	51.4789523
	13.1829588	51.4774645
	13.1824979	51.4759766
	13.182263	51.4741768
	13.1821471	51.473143
	13.182397	51.4719331
	13.182631	51.4713082
	13.183161	51.4703693
	13.1836879	51.4696104
	13.1853917	51.4679696
	13.1867945	51.4667297
	13.1892232	51.4649139
	13.19061	51.464166
	13.1921458	51.4634231
	13.1933106	51.4628962
	13.1944755	51.4624613
	13.1958263	51.4621253
	13.197592	51.4616874
	13.1991938	51.4611225
	13.1999987	51.4606985
	13.2009465	51.4601996
	13.2015335	51.4598486
	13.2023424	51.4592267
	13.2030083	51.4585628
	13.2034612	51.4578499
	13.2037742	51.456957
	13.2038752	51.4559231
	13.2037403	51.4548132
	13.2034673	51.4525925
	13.2032804	51.4516046
	13.2024636	51.4498917
	13.2019096	51.4491218
	13.2009308	51.4480799
	13.200086	51.447435
	13.199998	51.44737
	13.1980383	51.4460241
	13.1955657	51.4444673
	13.1942959	51.4435104
	13.1932451	51.4424645
	13.1925512	51.4416026
	13.1920723	51.4407447
	13.1918034	51.4400688
	13.1916764	51.4394858
	13.1916214	51.4388979
	13.1917894	51.438047
	13.1918834	51.4371471
	13.1917864	51.4372191
	13.1915355	51.4372421
	13.1912925	51.4373491
	13.1908115	51.437715
	13.1900217	51.438021
	13.1880019	51.4388789
	13.1868351	51.4386119
	13.1853344	51.4381889
	13.1844115	51.437731
	13.1840626	51.437368
	13.1834227	51.437094
	13.1825718	51.4366321
	13.1822908	51.4364071
	13.18126	51.4361051
	13.181003	51.4360331
	13.1788714	51.4351102
	13.1773906	51.4340613
	13.1760418	51.4333284
	13.175051	51.4327334
	13.1747901	51.4319245
	13.1740192	51.4286399
END
END
