6550472
1
	6.7187424	49.6753524
	6.7188702	49.6750412
	6.7191869	49.6746793
	6.7197528	49.6743833
	6.7200433	49.6740654
	6.7204964	49.6731091
	6.7205688	49.6726776
	6.7225532	49.6724498
	6.726559	49.6718478
	6.7266283	49.6719759
	6.7300319	49.6714112
	6.7311059	49.6692202
	6.7284536	49.6690553
	6.7285914	49.6686682
	6.7279127	49.6673413
	6.7280177	49.6670877
	6.7282976	49.6667027
	6.7286996	49.6664044
	6.7292632	49.6661593
	6.7301028	49.6659509
	6.7306937	49.6659762
	6.7322362	49.6653185
	6.7339628	49.6641469
	6.7370199	49.6638142
	6.7381937	49.6638801
	6.7397312	49.6634811
	6.7419306	49.6626569
	6.7435164	49.661182
	6.7442551	49.6595083
	6.746482	49.6600915
	6.7466823	49.6598499
	6.7503231	49.6615918
	6.7535417	49.6625823
	6.7548698	49.6626615
	6.7612981	49.6644266
	6.7623534	49.664973
	6.7632504	49.6652121
	6.7640946	49.6624798
	6.7629422	49.6623478
	6.7596411	49.6615717
	6.7594707	49.6613898
	6.760139	49.6600785
	6.7603934	49.6597635
	6.7597927	49.6592522
	6.7594859	49.6587077
	6.7591083	49.658347
	6.758941	49.6577968
	6.7588569	49.6574957
	6.7580546	49.6569657
	6.7576097	49.6568161
	6.7575705	49.6567046
	6.757709	49.6565028
	6.7576051	49.6563907
	6.7574517	49.6562882
	6.757427	49.6561377
	6.7575111	49.6559839
	6.7574863	49.65567
	6.7573874	49.6555579
	6.7575655	49.6553593
	6.7574877	49.655168
	6.7571563	49.6552044
	6.756754	49.6551025
	6.7564269	49.6551311
	6.7563092	49.6551161
	6.7563626	49.6550062
	6.7567348	49.6544582
	6.7572456	49.653014
	6.7575777	49.6530147
	6.7579364	49.6532471
	6.7580738	49.6535772
	6.7583095	49.6536819
	6.7585619	49.653893
	6.7590716	49.6540244
	6.7592546	49.6541685
	6.7594594	49.6545211
	6.7611135	49.6555114
	6.7611991	49.6556163
	6.761204	49.6558597
	6.7610064	49.6561975
	6.7610705	49.6563388
	6.7621871	49.6568772
	6.7624684	49.6570511
	6.7630275	49.6571696
	6.7637252	49.6575614
	6.7636212	49.657823
	6.7637499	49.6580055
	6.764022	49.6580952
	6.764631	49.6580413
	6.765066	49.6583482
	6.7657039	49.6585007
	6.7664192	49.6584757
	6.7667479	49.6586021
	6.7674154	49.658654
	6.7688241	49.6590276
	6.76951	49.6596766
	6.770749	49.6603482
	6.7710402	49.6610941
	6.7721637	49.6622033
	6.7734285	49.6627881
	6.7732456	49.663048
	6.7729092	49.6632657
	6.7687124	49.6666047
	6.7675538	49.6673944
	6.7644968	49.669093
	6.7629434	49.6700077
	6.7622426	49.6708832
	6.7619061	49.6710753
	6.7617775	49.6714211
	6.7615103	49.671626
	6.7616291	49.6719782
	6.7616488	49.6724393
	6.7614905	49.672593
	6.7614509	49.6729388
	6.7612728	49.6732078
	6.7612332	49.6734639
	6.7613302	49.6736793
	6.7613061	49.6737752
	6.7599637	49.6759284
	6.7580634	49.6760323
	6.7520798	49.6779089
	6.7516988	49.6790808
	6.7514733	49.6794428
	6.7517899	49.68028
	6.7525142	49.6809517
	6.753456	49.6815073
	6.7540855	49.6817846
	6.7535688	49.6827644
	6.7532982	49.6829442
	6.7524987	49.6825231
	6.7515331	49.6827223
	6.7503016	49.6826861
	6.7494676	49.682383
	6.7490491	49.6823579
	6.7488602	49.6824779
	6.746829	49.6819697
	6.7468172	49.682791
	6.7473145	49.6832056
	6.7492338	49.6841869
	6.7492677	49.6860527
	6.7493204	49.6870133
	6.7494826	49.6879721
	6.7498485	49.6889108
	6.7507185	49.6899652
	6.7506274	49.6904797
	6.74948	49.6919734
	6.74969	49.6924899
	6.751768	49.69281
	6.7534106	49.6929508
	6.7536283	49.6936805
	6.7547762	49.6955112
	6.7526135	49.6953283
	6.7492035	49.6956589
	6.7485239	49.6960609
	6.7480707	49.6962146
	6.746516	49.6962091
	6.7474912	49.698084
	6.7487097	49.6979398
	6.7503905	49.697402
	6.7508865	49.6988288
	6.7510499	49.6988343
	6.7509453	49.7017204
	6.7518286	49.7041938
	6.7518078	49.7042034
	6.7504406	49.7048362
	6.7488576	49.7059193
	6.7461277	49.7062605
	6.7429469	49.7059592
	6.7420385	49.7057179
	6.7409192	49.7068194
	6.7392479	49.7068285
	6.7390858	49.7065216
	6.7371392	49.7053362
	6.7363281	49.7053362
	6.7348519	49.7058712
	6.734495	49.7053047
	6.7343491	49.7047172
	6.7342679	49.7035212
	6.7333109	49.7035212
	6.7321591	49.7033009
	6.7319631	49.7030924
	6.731559	49.7030319
	6.7312405	49.7030849
	6.7304465	49.7024066
	6.7301468	49.7023291
	6.7296674	49.702455
	6.7284388	49.7025422
	6.7281886	49.7026958
	6.7270216	49.7025066
	6.7257617	49.7010515
	6.7258994	49.700369
	6.7262779	49.7000648
	6.7265073	49.6996419
	6.7262205	49.6993303
	6.725842	49.6991671
	6.7257626	49.6990407
	6.7258098	49.6988205
	6.7260485	49.6984993
	6.7264844	49.6982545
	6.7267321	49.6977972
	6.7269925	49.6971389
	6.7273331	49.6963939
	6.7277711	49.6961211
	6.7279531	49.6953836
	6.7278388	49.6950681
	6.7272928	49.6945815
	6.7272283	49.6944255
	6.7273086	49.6942773
	6.7272242	49.6940885
	6.7269191	49.6938858
	6.7263325	49.6937877
	6.7259133	49.6938173
	6.7252959	49.6937729
	6.7241432	49.6934464
	6.7236953	49.6929644
	6.7235353	49.692708
	6.7234362	49.6923579
	6.7234819	49.6919635
	6.7237701	49.691568
	6.7242492	49.6914066
	6.7247019	49.691316
	6.7250361	49.6911417
	6.7259954	49.6910092
	6.7268361	49.6907512
	6.7278905	49.690697
	6.7289737	49.6898821
	6.72921	49.6883266
	6.7297211	49.6872917
	6.7297211	49.6869221
	6.728945	49.6863363
	6.7283522	49.6854925
	6.7282983	49.6851508
	6.7288373	49.6842791
	6.7298397	49.6835887
	6.7302062	49.6832539
	6.7298377	49.682414
	6.7292664	49.6820095
	6.7286736	49.6814725
	6.7283286	49.6810052
	6.7281346	49.6805937
	6.7281993	49.6800776
	6.728555	49.6797638
	6.7286095	49.6796023
	6.7282969	49.6789327
	6.7283077	49.6787653
	6.7290151	49.678122
	6.7294394	49.6776703
	6.7295903	49.6772797
	6.7291203	49.6768955
	6.7284007	49.6766991
	6.7276893	49.6763643
	6.7269133	49.6759528
	6.7265569	49.6757963
	6.7262368	49.6757273
	6.725688	49.6757174
	6.7252414	49.6760312
	6.7247528	49.6761677
	6.7243115	49.6761774
	6.7236912	49.6760577
	6.7232795	49.676093
	6.7228769	49.6760907
	6.722359	49.6760971
	6.7219008	49.6761885
	6.7216431	49.6763748
	6.72133	49.6764995
	6.7206811	49.6766282
	6.7199744	49.676756
	6.7196015	49.6767469
	6.7191186	49.6766154
	6.7189154	49.6765188
	6.7188317	49.6760278
	6.7187672	49.6758583
	6.7187424	49.6753524
END
END
