6550531
1
	12.3009705	50.9327514
	12.3026128	50.9285771
	12.3027649	50.9279372
	12.3028885	50.9276306
	12.3038609	50.9276296
	12.3042763	50.9272276
	12.3053118	50.9276037
	12.3051451	50.9277826
	12.3078129	50.9279098
	12.3087109	50.9282398
	12.3090561	50.9281366
	12.3086934	50.9276978
	12.3087928	50.9275558
	12.308787	50.9274784
	12.3078976	50.9262861
	12.3081396	50.9260149
	12.307366	50.9250631
	12.3072585	50.9251765
	12.3071344	50.9250162
	12.3070537	50.9249666
	12.306911	50.9246759
	12.3064394	50.9244151
	12.3058313	50.9241361
	12.3057237	50.9242117
	12.3054713	50.9241035
	12.305341	50.92396
	12.3052728	50.9239614
	12.305188	50.9237971
	12.3043006	50.9233707
	12.3042282	50.9230734
	12.3040751	50.922338
	12.3034939	50.9220694
	12.3034487	50.9208353
	12.308223	50.9175063
	12.3080885	50.9173053
	12.3087759	50.9167419
	12.3094928	50.9170654
	12.3101651	50.9174122
	12.3111765	50.918003
	12.3116295	50.9182077
	12.3120432	50.9184098
	12.3130795	50.918951
	12.3138531	50.9192718
	12.3147094	50.9197308
	12.3150342	50.9199498
	12.3154024	50.9202002
	12.3154541	50.9203475
	12.3158943	50.9207243
	12.3161963	50.9204087
	12.3167858	50.9200267
	12.3173928	50.9202618
	12.3179194	50.9205016
	12.3188935	50.9209589
	12.3182147	50.9218334
	12.3188665	50.9220803
	12.3198573	50.9225067
	12.3205254	50.9227909
	12.3222867	50.923469
	12.3228454	50.9236552
	12.3231847	50.9237327
	12.323407	50.9232772
	12.3240184	50.9226816
	12.3241412	50.9225323
	12.3241442	50.9224087
	12.3240125	50.9218113
	12.3237727	50.921188
	12.3241354	50.9199967
	12.3233719	50.9187391
	12.3230765	50.9182706
	12.3228717	50.9181194
	12.3223218	50.9178815
	12.3244747	50.9162568
	12.3244864	50.9161904
	12.3231759	50.9156076
	12.3214764	50.9148828
	12.3206485	50.9145416
	12.3200138	50.9142945
	12.3196306	50.9142078
	12.3191779	50.914146
	12.3203999	50.9127914
	12.3205695	50.9125461
	12.3215742	50.9115432
	12.3276897	50.9135091
	12.3279772	50.9131773
	12.3281262	50.9129164
	12.3282379	50.9125552
	12.3282296	50.9123413
	12.3281241	50.9121326
	12.3276608	50.9119983
	12.3274064	50.9118822
	12.3273505	50.9112393
	12.3275739	50.9102767
	12.3273691	50.9101698
	12.3278014	50.9095646
	12.3278449	50.9095464
	12.3301803	50.9062383
	12.3331029	50.9071139
	12.3339737	50.907303
	12.3328799	50.9089768
	12.3354221	50.9113141
	12.3368638	50.9122467
	12.3408952	50.9148692
	12.343995	50.9169603
	12.3455968	50.9160278
	12.3476248	50.917282
	12.3435899	50.919789
	12.3484819	50.9223311
	12.3511175	50.9201736
	12.3514393	50.9203561
	12.3515563	50.9202934
	12.3525509	50.9204428
	12.3544991	50.9186356
	12.3563771	50.9191427
	12.3599985	50.9200961
	12.3603261	50.9196038
	12.3600746	50.9195318
	12.3611332	50.9183869
	12.3615377	50.9185368
	12.3624227	50.9173954
	12.3625464	50.9174701
	12.3628828	50.9174295
	12.3637808	50.9171879
	12.3643805	50.9168966
	12.3644653	50.9169703
	12.3656559	50.917175
	12.3665598	50.9174756
	12.3672033	50.9176527
	12.3684261	50.9178408
	12.3688853	50.9178445
	12.3695874	50.9177615
	12.372065	50.918394
	12.3694908	50.9216396
	12.3723429	50.9229673
	12.3731064	50.9232863
	12.3736832	50.9235055
	12.3746568	50.9237214
	12.3737646	50.9237399
	12.3732439	50.9236938
	12.3742063	50.9246858
	12.3745515	50.9255192
	12.3743701	50.9262291
	12.3743555	50.9264854
	12.374139	50.9272358
	12.3741829	50.9277189
	12.3745398	50.928674
	12.3766606	50.9286795
	12.3774065	50.9293856
	12.3790581	50.9304141
	12.3840389	50.933531
	12.3837101	50.9345048
	12.3867137	50.9357097
	12.3869206	50.9360499
	12.3869888	50.9363262
	12.386751	50.9365609
	12.3874915	50.9370614
	12.3880017	50.9373467
	12.383456	50.9411568
	12.384199	50.9413024
	12.3848454	50.9413393
	12.385644	50.9416287
	12.3857961	50.941719
	12.3861062	50.9418886
	12.3862174	50.9418683
	12.3864426	50.941907
	12.3865859	50.9420084
	12.3868668	50.9420618
	12.3875454	50.9422738
	12.3878028	50.9423586
	12.3882504	50.9424249
	12.3887828	50.9424212
	12.3893473	50.9424581
	12.3895492	50.9425171
	12.3899061	50.9426406
	12.390301	50.9427327
	12.3905174	50.9427346
	12.3907836	50.9428231
	12.390965	50.9428194
	12.39112	50.942847
	12.3912663	50.94293
	12.391278	50.9429945
	12.3913072	50.9431935
	12.391395	50.9433354
	12.3915179	50.9434184
	12.3916963	50.9434294
	12.3919391	50.9434774
	12.3921409	50.9434755
	12.3923135	50.94354
	12.3924218	50.9434534
	12.3924832	50.9434516
	12.3925563	50.9434884
	12.3928869	50.9434165
	12.3934587	50.943917
	12.3911077	50.9461061
	12.389058	50.9480417
	12.3889015	50.9480297
	12.388843	50.9480942
	12.3883413	50.9481007
	12.3880254	50.9481366
	12.3860011	50.9506623
	12.3864076	50.9507716
	12.3852845	50.9518814
	12.3836752	50.9533517
	12.3838561	50.953434
	12.3831563	50.9543791
	12.3818228	50.9562355
	12.381072	50.956255
	12.3803025	50.956242
	12.3801536	50.9562029
	12.3785174	50.956685
	12.3773136	50.9570407
	12.3763952	50.957197
	12.3754416	50.9574003
	12.374757	50.9575931
	12.3734296	50.958062
	12.3728561	50.9582797
	12.3721597	50.9585753
	12.3721321	50.958557
	12.3713782	50.9589412
	12.370468	50.9592826
	12.3696034	50.9594441
	12.3686892	50.9594988
	12.3676001	50.9595152
	12.3665576	50.9594736
	12.3648491	50.9593433
	12.362669	50.9590462
	12.3615189	50.9586163
	12.3605219	50.9581134
	12.3598724	50.9576573
	12.3591237	50.957243
	12.3574399	50.9565968
	12.3554087	50.9558828
	12.3542876	50.9554033
	12.3505727	50.9538136
	12.3499687	50.95434
	12.3495964	50.9546189
	12.3488187	50.9550984
	12.347801	50.9544156
	12.3467461	50.95354
	12.3464081	50.953264
	12.3455656	50.9527361
	12.3439587	50.9518444
	12.3426012	50.9510387
	12.3418304	50.9506379
	12.3413396	50.9504357
	12.3357735	50.9483637
	12.3350971	50.948107
	12.3325529	50.9474463
	12.3311339	50.9469302
	12.3291275	50.9461522
	12.3286642	50.9460036
	12.3279113	50.9458303
	12.327541	50.9457873
	12.3265172	50.9454589
	12.325605	50.9451253
	12.3251354	50.9449154
	12.3245459	50.9446769
	12.3245571	50.9446661
	12.3238427	50.9444137
	12.3230815	50.9441791
	12.3220214	50.9438694
	12.3211663	50.943602
	12.3195179	50.9430491
	12.3173752	50.9424224
	12.3139908	50.9413911
	12.3128	50.9409935
	12.3145598	50.9391454
	12.314941	50.9389144
	12.3149931	50.93893
	12.3150902	50.9388786
	12.3152496	50.9388528
	12.3171276	50.9393431
	12.3167298	50.9398924
	12.3187658	50.9404997
	12.3187688	50.9405393
	12.3203812	50.9409504
	12.3205985	50.9404075
	12.3210822	50.9405172
	12.3207617	50.9382141
	12.3203414	50.9380377
	12.3196505	50.9378057
	12.3187363	50.9375476
	12.3181944	50.9374198
	12.3172087	50.9372009
	12.3146935	50.9367015
	12.3102402	50.9357038
	12.3098268	50.9362848
	12.3097712	50.9360119
	12.3096191	50.935728
	12.3091247	50.9354183
	12.3084461	50.9350847
	12.3056086	50.9383106
	12.3034907	50.9370461
	12.3030286	50.9366461
	12.3021379	50.9359893
	12.3021557	50.9359554
	12.3024325	50.9357464
	12.3029455	50.9352797
	12.3038039	50.9344259
	12.3045654	50.9336196
	12.303403	50.9332807
	12.3009705	50.9327514
END
END
