6550609
1
	12.652401	52.5645713
	12.6545833	52.5629878
	12.6567913	52.5620917
	12.6677089	52.5565893
	12.673981	52.5554935
	12.6787639	52.5546403
	12.6850338	52.5529129
	12.6904026	52.5500842
	12.6914232	52.5495409
	12.6942268	52.5487281
	12.6971044	52.5477362
	12.6993921	52.5472443
	12.7013448	52.5470153
	12.7041863	52.5469273
	12.7047752	52.5468743
	12.7054391	52.5468134
	12.70629	52.5465654
	12.7078738	52.5458255
	12.7096455	52.5452376
	12.7110813	52.5448566
	12.7121492	52.5444977
	12.7127781	52.5443607
	12.713368	52.5443377
	12.7137359	52.5444517
	12.7149527	52.5453256
	12.7157296	52.5457756
	12.7160416	52.5458895
	12.7164675	52.5460465
	12.7172054	52.5461115
	12.7177943	52.5461115
	12.7184622	52.5459096
	12.7189011	52.5457756
	12.7193811	52.5455046
	12.719969	52.5450317
	12.7207059	52.5442228
	12.7211848	52.5439058
	12.7220697	52.5436388
	12.7225136	52.5431889
	12.7230655	52.542762
	12.7239484	52.542358
	12.7249433	52.5419951
	12.7245374	52.5414801
	12.7246483	52.5410762
	12.7244294	52.5406062
	12.7253673	52.5399543
	12.7255252	52.5397633
	12.7256202	52.5394963
	12.7252723	52.5387334
	12.7249574	52.5382725
	12.7244244	52.5383335
	12.7228807	52.5382565
	12.7222118	52.5383784
	12.720922	52.5388294
	12.7199851	52.5387714
	12.7190422	52.5390423
	12.7185703	52.5392333
	12.7183044	52.5392333
	12.7181614	52.5390423
	12.7181584	52.5387414
	12.7180354	52.5384894
	12.7186943	52.5374745
	12.7189543	52.5369746
	12.7191013	52.5366886
	12.7191343	52.5361737
	12.7186584	52.5349108
	12.7184694	52.5347208
	12.7174326	52.5347588
	12.7170096	52.5347438
	12.7166787	52.5346058
	12.7163838	52.5343158
	12.7162738	52.5336869
	12.7162738	52.532744
	12.7164578	52.5323361
	12.7167147	52.5320691
	12.7169847	52.5319171
	12.7171207	52.5318441
	12.7175616	52.5317301
	12.7184845	52.5316842
	12.7191894	52.5319391
	12.7197563	52.5322101
	12.7201972	52.5326911
	12.7212371	52.5324391
	12.7222429	52.5319592
	12.721737	52.5315012
	12.7212971	52.5312342
	12.7204462	52.5307913
	12.7186165	52.5303263
	12.7184955	52.5302953
	12.7188405	52.5300473
	12.7188725	52.5298954
	12.7179586	52.5295284
	12.7173917	52.5292804
	12.7175467	52.5288995
	12.7178187	52.5286975
	12.7182726	52.5286895
	12.7171168	52.5268127
	12.7167838	52.5261823
	12.7163789	52.5254658
	12.716209	52.5252599
	12.7197764	52.524463
	12.7199894	52.5243334
	12.7201854	52.524215
	12.7248161	52.5233871
	12.7272604	52.5226209
	12.734396	52.5190668
	12.7374629	52.5171999
	12.7398792	52.5157084
	12.745119	52.5124738
	12.7482224	52.5105578
	12.7497022	52.5097719
	12.7508561	52.5105106
	12.765104	52.5033535
	12.7700822	52.5013158
	12.770168	52.5027265
	12.7745454	52.5049208
	12.7766911	52.5060702
	12.7781502	52.5070628
	12.7745454	52.5087345
	12.7709405	52.5103539
	12.7694813	52.5116076
	12.769138	52.5122867
	12.7675072	52.5147417
	12.7670781	52.5164131
	12.7748029	52.51751
	12.7836434	52.5187112
	12.7930848	52.5192857
	12.7930848	52.520957
	12.7984921	52.5213748
	12.798578	52.5283724
	12.7987496	52.5316097
	12.7990929	52.5372483
	12.7996079	52.5406416
	12.8024403	52.5486278
	12.8038958	52.5528174
	12.8050095	52.5589164
	12.8065158	52.5600852
	12.8111092	52.5606826
	12.8189248	52.5617054
	12.8213231	52.5612566
	12.8251883	52.5605327
	12.8271596	52.5606304
	12.8327386	52.5595347
	12.8353993	52.558752
	12.8365151	52.5581258
	12.8377167	52.5572909
	12.83909	52.5554645
	12.84012	52.5545773
	12.8412358	52.5529596
	12.841311	52.5503495
	12.8439718	52.5502712
	12.8436713	52.5490056
	12.8462892	52.5483271
	12.8498941	52.5478443
	12.8561383	52.5468135
	12.8659873	52.5447648
	12.8704505	52.5430422
	12.8710943	52.5429509
	12.8731542	52.5421157
	12.8779713	52.5413202
	12.8760831	52.5442956
	12.8732507	52.5491497
	12.8711907	52.5526464
	12.8766732	52.5538853
	12.8759222	52.5553465
	12.8780435	52.5563287
	12.8792042	52.5568121
	12.8794531	52.5577371
	12.8819315	52.5584559
	12.882689	52.5581923
	12.8846545	52.5588446
	12.886208	52.5684056
	12.8873581	52.5682387
	12.8875899	52.5687839
	12.8902828	52.5684056
	12.8891391	52.5609148
	12.8937505	52.5620424
	12.8960251	52.563112
	12.8973554	52.5644686
	12.8981963	52.5656325
	12.8993111	52.5649083
	12.9024654	52.56393
	12.9047195	52.5643884
	12.9051423	52.5680091
	12.9057817	52.572159
	12.9016962	52.5720469
	12.9029686	52.5765706
	12.9034128	52.5781875
	12.901797	52.5791629
	12.8986449	52.5799596
	12.90007	52.5851867
	12.9008854	52.5883416
	12.9011429	52.5905056
	12.9011766	52.591105
	12.9013145	52.5935558
	12.903117	52.5972054
	12.9043615	52.5996817
	12.9064644	52.602992
	12.9088676	52.6063541
	12.9115713	52.6101069
	12.9302395	52.6100026
	12.9316128	52.6097942
	12.9326857	52.6098202
	12.9374493	52.610602
	12.9389942	52.6116183
	12.9395092	52.6117486
	12.9418695	52.6113056
	12.9428566	52.6111753
	12.9438436	52.6109668
	12.944659	52.6108365
	12.9459465	52.6104457
	12.9472769	52.6104196
	12.9489506	52.6104717
	12.9492081	52.6103414
	12.9493797	52.6102111
	12.9504955	52.6101329
	12.9514397	52.6102632
	12.9535425	52.611045
	12.954297	52.6122419
	12.9546307	52.6125357
	12.9567904	52.6139285
	12.9579083	52.6147336
	12.9581412	52.6149082
	12.9633272	52.6151622
	12.967369	52.615503
	12.9684312	52.6154196
	12.9716949	52.6148554
	12.9740131	52.6142241
	12.9793776	52.6131558
	12.9825962	52.612817
	12.9879606	52.6122177
	12.9890764	52.6122177
	12.9919652	52.6125747
	12.9930675	52.6125825
	12.9982174	52.6129473
	12.998432	52.6124001
	13.0057276	52.6127649
	13.0062439	52.6138503
	13.0065181	52.6140093
	13.0067524	52.6141109
	13.0059596	52.6142405
	13.0058416	52.616979
	13.0057096	52.6173386
	13.0053674	52.6180147
	13.0051602	52.6186738
	13.0053447	52.6202553
	13.0060335	52.6242335
	13.005143	52.6254188
	13.0033341	52.6256741
	13.0016347	52.6259958
	13.0014974	52.6263501
	13.0022119	52.62675
	13.0032762	52.6271577
	13.0047868	52.6274872
	13.0071751	52.6279469
	13.0105461	52.6286581
	13.0139128	52.6291387
	13.0133313	52.6303773
	13.012003	52.631074
	13.0097629	52.6316301
	13.0064047	52.63253
	13.0057052	52.632504
	13.0030745	52.6315963
	13.0011755	52.6334312
	13.0002743	52.6343285
	12.9995662	52.6345356
	12.9968368	52.633779
	12.9968024	52.6334872
	12.9959527	52.6329181
	12.9941481	52.6325066
	12.9917856	52.6325014
	12.9887258	52.6324545
	12.9881879	52.6324034
	12.9870357	52.6322152
	12.9854256	52.6318567
	12.9834579	52.630204
	12.9804646	52.6284862
	12.9797865	52.6286932
	12.9797972	52.6300048
	12.97972	52.6320794
	12.9796427	52.6340433
	12.9782287	52.634615
	12.9764606	52.6348885
	12.9766215	52.635481
	12.9771386	52.6355917
	12.9776279	52.6359941
	12.9774369	52.6366426
	12.9764541	52.6373353
	12.9749371	52.6379135
	12.9732419	52.6380125
	12.9716461	52.6391922
	12.969755	52.6392729
	12.9678968	52.6398094
	12.9662832	52.6400503
	12.9646946	52.639335
	12.9636217	52.6388141
	12.9606177	52.6376943
	12.9563261	52.636939
	12.9549528	52.6368869
	12.9506184	52.6375641
	12.9466674	52.6373607
	12.9452644	52.6367814
	12.944865	52.6362147
	12.9343535	52.6385016
	12.9326932	52.6389302
	12.9286686	52.6414939
	12.9279457	52.6421198
	12.9253205	52.6438509
	12.9230961	52.6461265
	12.9211641	52.6469222
	12.9191158	52.6475685
	12.919871	52.6484485
	12.9190956	52.6498383
	12.9145741	52.6513521
	12.9149051	52.6517366
	12.9044332	52.6554067
	12.9029894	52.6534556
	12.9024033	52.6538295
	12.9020674	52.6542431
	12.9019725	52.6548895
	12.901341	52.657693
	12.9012525	52.6590313
	12.9012903	52.6592723
	12.9037698	52.6596527
	12.9054815	52.6597153
	12.9072375	52.6596541
	12.9109719	52.6596023
	12.9135711	52.660523
	12.9145552	52.6608243
	12.9152258	52.6613409
	12.9158625	52.6617037
	12.915926	52.6623702
	12.9144555	52.6630177
	12.9120934	52.6640277
	12.910608	52.6646795
	12.9076074	52.666032
	12.907345	52.6664513
	12.9075568	52.6664823
	12.9126947	52.6671385
	12.9146506	52.6673604
	12.9155381	52.6674511
	12.9156793	52.6678814
	12.9158578	52.668092
	12.9161672	52.6682231
	12.9167559	52.6681789
	12.9171036	52.6680901
	12.9177517	52.668268
	12.918277	52.6686859
	12.9185431	52.6690292
	12.9191707	52.6693974
	12.9199143	52.6695836
	12.9200303	52.6698318
	12.9217903	52.6694553
	12.9216607	52.6701338
	12.9237492	52.6705034
	12.9245037	52.6706061
	12.9249573	52.6706682
	12.9259479	52.670792
	12.9282424	52.6703902
	12.9288308	52.6703231
	12.9302235	52.6700172
	12.9306081	52.6693052
	12.9325749	52.6688543
	12.9331408	52.6668413
	12.9323091	52.666798
	12.931675	52.6666839
	12.9315024	52.6664858
	12.9296141	52.6664091
	12.9284983	52.6650686
	12.9291733	52.6649457
	12.9291657	52.664633
	12.9339798	52.6644084
	12.9336123	52.6628032
	12.9338206	52.6624921
	12.9341331	52.6623709
	12.9352522	52.6624002
	12.936993	52.6628171
	12.9377405	52.6630968
	12.9382785	52.6635086
	12.9395759	52.6645757
	12.9416787	52.6660069
	12.9423973	52.6665097
	12.9427947	52.668443
	12.943671	52.6712347
	12.9464377	52.6715299
	12.9478774	52.672193
	12.9507766	52.6732534
	12.9517712	52.6739064
	12.9525767	52.6741669
	12.9536811	52.6747374
	12.9551459	52.675309
	12.9558938	52.6757781
	12.9562893	52.6763723
	12.9573418	52.676888
	12.9593924	52.6779011
	12.9600279	52.6783996
	12.9606228	52.6793418
	12.9595127	52.6792439
	12.9594354	52.6797852
	12.9543442	52.6806916
	12.9569534	52.6850393
	12.9594626	52.6892778
	12.960172	52.6904761
	12.9606226	52.6903981
	12.960172	52.6894486
	12.9616468	52.6896614
	12.9698061	52.6919882
	12.970393	52.692044
	12.9785827	52.6923229
	12.9855565	52.692505
	12.99122	52.692524
	12.9914573	52.6923614
	12.992424	52.6932819
	12.9932199	52.6940845
	12.9943126	52.6960161
	12.9955581	52.6973964
	12.9955878	52.6976849
	12.9940612	52.6981761
	12.9902835	52.6997171
	12.9887812	52.7000036
	12.9874218	52.7005993
	12.9862553	52.7010381
	12.9851061	52.7012133
	12.984104	52.7013383
	12.9830724	52.7013353
	12.9784271	52.7012203
	12.9694346	52.7009697
	12.9703202	52.702441
	12.9709894	52.7025893
	12.9709977	52.7028307
	12.9711579	52.7028222
	12.9721073	52.7061929
	12.9719174	52.7075405
	12.9721142	52.7078568
	12.9722242	52.7080305
	12.9722917	52.7081535
	12.9725995	52.7086013
	12.9732599	52.7097073
	12.9748068	52.7119878
	12.974259	52.7120964
	12.973273	52.7104493
	12.9682916	52.711397
	12.9683023	52.7126664
	12.9666436	52.7131378
	12.9663586	52.7132258
	12.9647919	52.7137287
	12.963902	52.7138317
	12.963865	52.7140037
	12.963691	52.7148166
	12.963271	52.7167424
	12.963195	52.7168074
	12.9621492	52.7171123
	12.961541	52.7173335
	12.9621376	52.7185963
	12.9624873	52.7192254
	12.9593386	52.720184
	12.9584117	52.7203929
	12.9580687	52.7204699
	12.9571749	52.7206449
	12.9553258	52.7211379
	12.9519956	52.7217318
	12.9510468	52.7219537
	12.9506688	52.7220527
	12.9456345	52.7229009
	12.9445408	52.7230675
	12.9422989	52.7234395
	12.9396746	52.7238925
	12.9379955	52.7242778
	12.934573	52.724745
	12.9302799	52.7252802
	12.9284652	52.7253751
	12.9278503	52.7250242
	12.926287	52.7244321
	12.92535	52.7239112
	12.9247167	52.7235591
	12.9242836	52.7232658
	12.9242259	52.7230535
	12.9245478	52.7220138
	12.9248589	52.7218774
	12.9252988	52.7215719
	12.9257387	52.7216369
	12.9262	52.7216499
	12.9263395	52.7210391
	12.9264361	52.7207726
	12.9236346	52.7202552
	12.9234105	52.7202138
	12.9238465	52.7191996
	12.9238826	52.7191155
	12.9061049	52.7166979
	12.9059869	52.7168604
	12.9040986	52.7164379
	12.901631	52.7158075
	12.8954512	52.7143647
	12.8830411	52.7116384
	12.8770763	52.7102044
	12.8749508	52.7097042
	12.8721325	52.7090341
	12.8713	52.7087546
	12.8691756	52.7078225
	12.8676665	52.7071924
	12.8681203	52.7062734
	12.8653925	52.7059474
	12.8581162	52.704757
	12.8564815	52.7027093
	12.8548378	52.701797
	12.8544962	52.7017263
	12.8435409	52.6987369
	12.843229	52.6991016
	12.8415055	52.6982572
	12.8410002	52.6986739
	12.8407435	52.6983643
	12.8398281	52.6977236
	12.8331262	52.6960679
	12.8290787	52.6950181
	12.8293066	52.6936389
	12.8340702	52.6949498
	12.8361559	52.6919846
	12.8416594	52.6880996
	12.8421583	52.6876444
	12.837133	52.6864083
	12.8382619	52.6852273
	12.840728	52.6822989
	12.8356807	52.6810392
	12.8328616	52.6825797
	12.8313334	52.6835049
	12.8296962	52.6837792
	12.8279762	52.6840598
	12.8212607	52.6852122
	12.8101091	52.6872049
	12.8057618	52.6879827
	12.8020732	52.6885758
	12.7943446	52.6898004
	12.787441	52.6909905
	12.7875401	52.691337
	12.7773089	52.6931286
	12.7771768	52.6927543
	12.76607	52.6945628
	12.7597874	52.6897285
	12.7611689	52.6895153
	12.7606084	52.6873757
	12.7579755	52.6850322
	12.7623603	52.6833797
	12.7603437	52.6818609
	12.7608565	52.6812935
	12.7614254	52.6795442
	12.7607653	52.6791954
	12.7609062	52.6790216
	12.7501398	52.673867
	12.7499007	52.6733687
	12.7536699	52.6720351
	12.7650961	52.6695108
	12.7689556	52.6685392
	12.7636713	52.6658256
	12.7638693	52.6645894
	12.7662344	52.6638418
	12.7632253	52.6613505
	12.7634305	52.6611536
	12.763248	52.6610381
	12.7633044	52.6603251
	12.7635692	52.6597021
	12.7646691	52.6569327
	12.7663244	52.6523186
	12.7665922	52.6515281
	12.7661447	52.6514209
	12.7669675	52.6493283
	12.7670552	52.648288
	12.7662377	52.6479144
	12.7654995	52.6482464
	12.7645349	52.6484852
	12.7616951	52.6491069
	12.7623423	52.6502146
	12.7610945	52.6529816
	12.759118	52.6535459
	12.7577361	52.6539845
	12.7555226	52.6524947
	12.7537429	52.6513967
	12.7499749	52.6490756
	12.7371539	52.641152
	12.7401389	52.6398974
	12.7412747	52.6391109
	12.7397298	52.6365066
	12.7390431	52.6358815
	12.7388715	52.6350481
	12.7376699	52.635569
	12.7361249	52.6334853
	12.7359532	52.6330686
	12.7376699	52.6326519
	12.7359532	52.629943
	12.7347516	52.6279633
	12.7345799	52.6267129
	12.7345799	52.6253583
	12.73355	52.6232742
	12.73355	52.6218153
	12.7328633	52.6201479
	12.7333783	52.6186888
	12.7333783	52.617334
	12.7321767	52.6166044
	12.7318334	52.6155622
	12.7313184	52.613686
	12.7301168	52.612748
	12.7261685	52.6106633
	12.7254819	52.6101421
	12.7246236	52.6087869
	12.7227353	52.6080572
	12.7197754	52.6063988
	12.7137197	52.6040472
	12.7102967	52.6022779
	12.7050725	52.6001775
	12.6992434	52.5975952
	12.6952446	52.5952721
	12.692925	52.5935215
	12.6921707	52.5930775
	12.6905828	52.5924241
	12.6887911	52.5918017
	12.6851728	52.5908224
	12.6832787	52.5902256
	12.6815986	52.5894688
	12.6793584	52.5883744
	12.6768881	52.5874226
	12.6766011	52.587312
	12.6735627	52.5865474
	12.6710489	52.5862853
	12.6682326	52.586327
	12.66628	52.5864111
	12.6660653	52.5852898
	12.6619196	52.5776154
	12.6589327	52.5749031
	12.6551219	52.5705044
	12.6543794	52.5687737
	12.652401	52.5645713
END
END
