6550535
1
	12.5564858	50.9444302
	12.557186	50.9436439
	12.5572773	50.9424419
	12.557399	50.9422309
	12.5573686	50.9419432
	12.5568714	50.9419816
	12.5583546	50.9401105
	12.5594168	50.9391273
	12.560042	50.9393888
	12.5613975	50.9396084
	12.561569	50.9392912
	12.562587	50.939462
	12.5638042	50.9395596
	12.564789	50.9398838
	12.5650988	50.9400163
	12.5649051	50.9401906
	12.5655137	50.9406892
	12.5655248	50.9410308
	12.5675055	50.9410831
	12.5684515	50.9413411
	12.5698789	50.9418884
	12.5711238	50.9419407
	12.5730546	50.9426065
	12.5738845	50.9430876
	12.5747697	50.9433665
	12.5753064	50.9432445
	12.5756025	50.9435302
	12.5756964	50.9431111
	12.5755478	50.9427365
	12.5755243	50.942485
	12.5758294	50.9424308
	12.576025	50.942273
	12.5759155	50.9417997
	12.5764867	50.9416223
	12.5767918	50.9413067
	12.576205	50.9410799
	12.5766666	50.9404982
	12.5766666	50.9402615
	12.5760016	50.9403503
	12.5757512	50.9401777
	12.5756182	50.9393198
	12.5759077	50.9389057
	12.576072	50.9382893
	12.5759546	50.9374018
	12.5754773	50.9365784
	12.5759233	50.9361001
	12.5757355	50.9357303
	12.5763224	50.9356465
	12.5764397	50.9354246
	12.576282	50.9351345
	12.5769017	50.9347768
	12.5768464	50.9345606
	12.5765144	50.9346024
	12.5763152	50.9345397
	12.5763927	50.9343793
	12.5768132	50.9342538
	12.5764591	50.933926
	12.5761382	50.9339051
	12.5760829	50.9337098
	12.5770787	50.932622
	12.5766914	50.9324964
	12.5765587	50.9320501
	12.5766472	50.931806
	12.5770566	50.9315899
	12.5769349	50.9313458
	12.5771009	50.931297
	12.5770787	50.9309343
	12.578484	50.9308925
	12.5790262	50.9311017
	12.5802212	50.9310877
	12.5810401	50.9309622
	12.584249	50.9306484
	12.5867054	50.9305019
	12.5881328	50.9304182
	12.5901658	50.9305049
	12.5895622	50.9309374
	12.5895309	50.9316376
	12.5904542	50.931608
	12.5922538	50.9313023
	12.5924885	50.9317658
	12.5943507	50.931253
	12.5963537	50.9309275
	12.5974821	50.9306842
	12.6020448	50.9326538
	12.6053701	50.9341725
	12.6054797	50.9348826
	12.6049554	50.9355581
	12.6043103	50.9367159
	12.6033611	50.9378134
	12.6019477	50.939111
	12.6010149	50.9401057
	12.6004768	50.9412043
	12.5998024	50.9424837
	12.5990921	50.9435596
	12.5986042	50.9443869
	12.5985038	50.9453634
	12.597858	50.947158
	12.5965092	50.949843
	12.5962796	50.9506567
	12.595189	50.950729
	12.5947155	50.9521754
	12.5934527	50.9521663
	12.5914581	50.9517053
	12.589033	50.9509821
	12.5867227	50.9501414
	12.5849147	50.949382
	12.5844842	50.9488124
	12.5836232	50.9483785
	12.5829201	50.9482971
	12.58226	50.9478722
	12.5818582	50.9481525
	12.5821595	50.949617
	12.5816429	50.9499425
	12.5811551	50.9494905
	12.5808968	50.9488848
	12.580495	50.9479898
	12.5801362	50.9471128
	12.5796053	50.9466427
	12.5788161	50.946489
	12.577869	50.9464619
	12.5770367	50.9462991
	12.5766493	50.9461454
	12.5756017	50.946055
	12.574913	50.9462358
	12.5727175	50.9463624
	12.5702063	50.9465432
	12.5684793	50.9467893
	12.5672312	50.9468084
	12.5641669	50.9467253
	12.5624927	50.9464824
	12.5608692	50.9460924
	12.5594081	50.9458111
	12.5574498	50.9452294
	12.5564858	50.9444302
END
END
