6550679
1
	13.2649403	53.8578891
	13.2703681	53.8572534
	13.2743538	53.8568108
	13.2773546	53.8564723
	13.2795959	53.8563299
	13.2815389	53.8560964
	13.2830559	53.8559559
	13.283115	53.8549257
	13.2839486	53.8554402
	13.2850054	53.8558686
	13.2864409	53.85659
	13.2883474	53.856895
	13.2894814	53.8572228
	13.2904342	53.8572848
	13.2915585	53.8575695
	13.2935369	53.8583478
	13.2939125	53.8584636
	13.2951677	53.8583187
	13.2960174	53.8583523
	13.2975227	53.8582384
	13.2992104	53.8585048
	13.3027354	53.8589481
	13.3032289	53.8593873
	13.3044799	53.8595809
	13.3037712	53.860875
	13.3037615	53.8619583
	13.3038684	53.8631001
	13.3044542	53.8647906
	13.3052717	53.8697467
	13.3054948	53.8713268
	13.3064411	53.8724401
	13.3071084	53.8735572
	13.3082628	53.8746641
	13.3098099	53.8755509
	13.3122025	53.8777317
	13.3132775	53.8793521
	13.3145607	53.8820133
	13.3162129	53.8841749
	13.3182128	53.8895548
	13.3206525	53.8936114
	13.3211224	53.8947747
	13.3201568	53.894996
	13.3204293	53.8960252
	13.3205323	53.8980647
	13.3193986	53.899293
	13.317466	53.9008094
	13.3272786	53.8995313
	13.3377843	53.8981456
	13.3399061	53.897628
	13.3417804	53.8975894
	13.3445656	53.8972347
	13.3504063	53.8963942
	13.3528612	53.8956865
	13.3541722	53.8951504
	13.3546711	53.8947527
	13.3563505	53.8941529
	13.3594551	53.8928908
	13.3610505	53.8922269
	13.3624731	53.8915504
	13.3638164	53.890633
	13.3654236	53.8894386
	13.3646618	53.889027
	13.3665479	53.8881923
	13.3679942	53.8886248
	13.3692158	53.8888862
	13.3733962	53.890258
	13.3733093	53.891049
	13.3735925	53.8915985
	13.3749851	53.8909978
	13.3752458	53.8920537
	13.3759282	53.8928548
	13.3765472	53.8936887
	13.3774924	53.8943936
	13.3783303	53.8939194
	13.3799204	53.8941256
	13.3842806	53.8945921
	13.3880796	53.8948716
	13.3896503	53.8948564
	13.3920525	53.8946939
	13.3950781	53.8943089
	13.39733	53.8939719
	13.4015036	53.8933201
	13.4030206	53.8928649
	13.4059539	53.8925683
	13.406014	53.8934352
	13.4057811	53.8937974
	13.4057415	53.8945934
	13.4062586	53.8950537
	13.4055479	53.8952876
	13.4057035	53.8967005
	13.4056123	53.8971862
	13.4055537	53.8974984
	13.4052865	53.8982228
	13.4060719	53.8996294
	13.40653	53.9004847
	13.4078851	53.9013216
	13.4082961	53.9015271
	13.4093903	53.9019227
	13.4093742	53.9024486
	13.409061	53.9028058
	13.4072231	53.903441
	13.4070461	53.9040289
	13.4066244	53.9045389
	13.4062421	53.9055654
	13.4057968	53.9061754
	13.4051241	53.9063593
	13.4049417	53.9066178
	13.4052625	53.9069464
	13.4048849	53.907459
	13.404004	53.9081454
	13.4033024	53.9084696
	13.4029183	53.9092937
	13.4026608	53.9098373
	13.4016254	53.9094056
	13.3999972	53.9091192
	13.3969447	53.9093701
	13.3929753	53.9096151
	13.3901568	53.909596
	13.3874162	53.909447
	13.3845917	53.909607
	13.3830659	53.909779
	13.3818381	53.9101299
	13.3809932	53.9104849
	13.3796774	53.9114647
	13.3762648	53.9146344
	13.3738331	53.917568
	13.3728243	53.9183009
	13.3691638	53.9204406
	13.3660122	53.9221654
	13.3647114	53.9228703
	13.3634076	53.9234892
	13.3613479	53.9239232
	13.3602001	53.9241411
	13.3589053	53.9241791
	13.3534242	53.9241451
	13.3503706	53.924706
	13.3473601	53.9256939
	13.3456623	53.9265217
	13.3429317	53.9282415
	13.3424638	53.9289554
	13.3424028	53.9293714
	13.3422088	53.9306982
	13.3420327	53.9322211
	13.3414868	53.933113
	13.340407	53.9338689
	13.3389462	53.9347538
	13.3374024	53.9360886
	13.3357906	53.9368895
	13.3333042	53.9380471
	13.327148	53.9353856
	13.3307142	53.932801
	13.3273457	53.9311307
	13.3267733	53.9308943
	13.3263628	53.9306808
	13.3259732	53.9305062
	13.3257185	53.9304179
	13.3251251	53.9302256
	13.3250502	53.9302186
	13.3249543	53.9302009
	13.3248134	53.9301286
	13.324603	53.9300561
	13.3238664	53.9298021
	13.3233876	53.9296309
	13.3232439	53.9295987
	13.3231183	53.9295752
	13.3229992	53.9295447
	13.3228798	53.9295052
	13.3226788	53.9294128
	13.322396	53.9292827
	13.3219645	53.9290825
	13.3217283	53.9290171
	13.3210625	53.9288939
	13.3205349	53.9288575
	13.3199035	53.9288617
	13.3194924	53.9288896
	13.3189284	53.9289314
	13.3186482	53.9289196
	13.318377	53.9288507
	13.3181092	53.9287632
	13.3181843	53.9285784
	13.3181361	53.928321
	13.3179476	53.9279847
	13.3177925	53.9276407
	13.3175959	53.9271948
	13.317472	53.9270992
	13.316108	53.9253533
	13.3155823	53.9250829
	13.3148849	53.9242553
	13.3146489	53.9226822
	13.3143249	53.9208373
	13.305465	53.9204531
	13.3027184	53.9203154
	13.3009052	53.9197644
	13.3000555	53.9190201
	13.2991135	53.9188242
	13.295337	53.9188533
	13.2882487	53.9158507
	13.2815081	53.9113531
	13.2804601	53.9095792
	13.27617	53.9072564
	13.285316	53.9052139
	13.2844534	53.9020029
	13.2843847	53.9009776
	13.2844298	53.9001394
	13.2837698	53.8991462
	13.2840736	53.8976778
	13.2890325	53.8965955
	13.2908907	53.8962693
	13.2924013	53.8957445
	13.2940986	53.8958229
	13.295429	53.8952375
	13.2986476	53.8942512
	13.293133	53.8891843
	13.2912147	53.8893588
	13.2837946	53.8813063
	13.2832582	53.8808623
	13.281518	53.8808244
	13.2757802	53.8819311
	13.2743146	53.8810976
	13.2681976	53.8784147
	13.2654425	53.8768626
	13.2688285	53.8765033
	13.2740529	53.8750373
	13.2713443	53.8699101
	13.2700644	53.8675992
	13.2649403	53.8578891
END
END
