6550736
1
	13.9361653	53.5054956
	13.942579	53.5047822
	13.9556663	53.5023451
	13.9619149	53.5011814
	13.9707748	53.4997634
	13.9746308	53.4991367
	13.9737381	53.4986287
	13.972794	53.4985508
	13.9726674	53.497905
	13.9732489	53.4974582
	13.9741952	53.4971417
	13.9743241	53.496552
	13.9739999	53.4958244
	13.9730665	53.4955027
	13.9721631	53.4950521
	13.9713392	53.4947815
	13.9713284	53.4943181
	13.9708564	53.4941356
	13.9698993	53.4940079
	13.9690475	53.4942594
	13.9688823	53.4949666
	13.9682493	53.4955525
	13.9672515	53.4953355
	13.9664361	53.4953125
	13.9659254	53.4953368
	13.9657838	53.4948453
	13.9650156	53.4951963
	13.9645671	53.4947751
	13.9637946	53.494673
	13.9627604	53.4949155
	13.9618055	53.4952308
	13.9609257	53.4957159
	13.9597917	53.4958136
	13.9589731	53.4956304
	13.9585482	53.4949193
	13.9588315	53.4943156
	13.9574435	53.4936044
	13.9564518	53.4934696
	13.9551549	53.4934371
	13.953304	53.4924901
	13.9530658	53.4914817
	13.9531072	53.4911308
	13.9581326	53.4888222
	13.9588272	53.4885019
	13.9622218	53.486477
	13.9648399	53.4843414
	13.9670262	53.4828738
	13.9681505	53.482192
	13.9700431	53.4815535
	13.9719335	53.4807593
	13.9741866	53.480131
	13.9774632	53.4791375
	13.9817333	53.4786983
	13.9827879	53.478508
	13.9841108	53.4782692
	13.9929835	53.4761046
	13.9964811	53.4750408
	14.0026244	53.4733563
	14.0054075	53.4725555
	14.0118834	53.4706461
	14.0131382	53.4698221
	14.0168874	53.4684964
	14.0201103	53.4676623
	14.0223419	53.4669687
	14.023683	53.4665702
	14.0260541	53.4683048
	14.0281355	53.4697034
	14.0302555	53.4717853
	14.0309363	53.4718338
	14.034024	53.4731161
	14.0357578	53.4740484
	14.0365925	53.4750714
	14.0378199	53.4762578
	14.0379422	53.4778248
	14.0377791	53.4792078
	14.0369509	53.480901
	14.038131	53.4817361
	14.0380216	53.4830168
	14.0387791	53.4840574
	14.0393649	53.484821
	14.0394657	53.4860773
	14.0397597	53.4871702
	14.0326188	53.4882189
	14.0391998	53.4959712
	14.0452314	53.4976701
	14.0464054	53.498515
	14.0489769	53.5002739
	14.0497418	53.5009159
	14.0542243	53.5007538
	14.0542393	53.5029478
	14.0564452	53.5036612
	14.0592647	53.5048825
	14.0660604	53.5078777
	14.067728	53.5086805
	14.0688563	53.5092087
	14.0718668	53.5114596
	14.0763836	53.5144083
	14.0775939	53.5166411
	14.0781968	53.5180815
	14.0759395	53.5183176
	14.0689378	53.5190716
	14.069558	53.5216039
	14.0700622	53.5224752
	14.073416	53.5251872
	14.065496	53.5261668
	14.0650283	53.5262123
	14.0621143	53.5264959
	14.0619938	53.5279815
	14.0616057	53.5333336
	14.0615006	53.5355871
	14.0557929	53.5393146
	14.0547586	53.5399318
	14.0459974	53.5458429
	14.0400944	53.5466258
	14.0365496	53.5470393
	14.032418	53.5482907
	14.0318086	53.5494712
	14.0313547	53.5509462
	14.0312485	53.5533587
	14.0304406	53.5535321
	14.0290008	53.5540248
	14.0265876	53.5540587
	14.019479	53.5556902
	14.0176325	53.5560101
	14.0154975	53.5564097
	14.0130706	53.5568418
	14.0100011	53.5573504
	14.0097168	53.5573153
	14.009042	53.5557157
	14.0091407	53.5550541
	14.0090999	53.5546602
	14.0083854	53.5546181
	14.0012078	53.5548603
	14.0011219	53.5551344
	14.0011809	53.5557826
	13.9956942	53.5571528
	13.9959152	53.5567934
	13.9977123	53.5540018
	13.9960161	53.5535429
	13.9929648	53.5519469
	13.9926859	53.5456898
	13.9855351	53.5471056
	13.9841489	53.5472089
	13.9835765	53.5471311
	13.9833464	53.5470999
	13.9811878	53.5458192
	13.9837421	53.5417052
	13.9842412	53.5409014
	13.9842305	53.5394292
	13.982163	53.5389969
	13.9796332	53.5413521
	13.9780238	53.543076
	13.975627	53.5418927
	13.9754328	53.5411462
	13.9755111	53.5402172
	13.9761506	53.5387444
	13.977423	53.5375674
	13.9788532	53.536838
	13.9798842	53.5347669
	13.9731973	53.5363054
	13.9666834	53.53754
	13.9550289	53.539678
	13.9515783	53.5402491
	13.9512768	53.5386303
	13.9515633	53.5385901
	13.9515644	53.538038
	13.9499658	53.5380329
	13.9490549	53.5381897
	13.9492201	53.5376771
	13.9492856	53.5357138
	13.9487268	53.5336534
	13.9485195	53.5331215
	13.9480855	53.5319945
	13.9472424	53.5300096
	13.9472157	53.5299466
	13.9464332	53.5281044
	13.9449784	53.5263059
	13.9437939	53.5233618
	13.9422447	53.518412
	13.9414422	53.5140613
	13.9393136	53.510047
	13.9376699	53.5075076
	13.9361653	53.5054956
END
END
