6550807
1
	13.3379824	51.4291168
	13.3401357	51.4255794
	13.3619127	51.4138906
	13.3660771	51.4069463
	13.3798451	51.4080596
	13.3778337	51.4027162
	13.3943411	51.4012345
	13.4012251	51.4141697
	13.4063244	51.4074375
	13.4048796	51.4045746
	13.4075142	51.400068
	13.4083641	51.3941822
	13.4115087	51.3931746
	13.415758	51.3933337
	13.4240045	51.4002699
	13.4285836	51.3995762
	13.4379954	51.4040456
	13.4431228	51.3992256
	13.4438364	51.3993267
	13.4592072	51.4015042
	13.4629818	51.4122143
	13.4628508	51.4127292
	13.4627528	51.4131222
	13.4627218	51.4132402
	13.4627637	51.4155749
	13.4634846	51.4154989
	13.4636421	51.415824
	13.4638135	51.4161778
	13.4650833	51.4166468
	13.4653353	51.4170468
	13.4654983	51.4173067
	13.4653333	51.4178867
	13.4654533	51.4185156
	13.4655542	51.4196375
	13.4655462	51.4206403
	13.4655392	51.4219182
	13.4672109	51.4212663
	13.4683068	51.4208434
	13.4693256	51.4204844
	13.4699395	51.4202704
	13.4722332	51.4194695
	13.4750618	51.4187067
	13.473734	51.4196255
	13.4725462	51.4206364
	13.4708823	51.4224159
	13.4707371	51.4225831
	13.4682697	51.424055
	13.4652311	51.4262597
	13.4650171	51.4265227
	13.4644762	51.4271866
	13.4641182	51.4271826
	13.4634803	51.4269926
	13.4632754	51.4267216
	13.4630415	51.423448
	13.4629345	51.4225061
	13.4625846	51.4222351
	13.4618727	51.4221321
	13.4580253	51.4223951
	13.4575543	51.4224261
	13.4556186	51.4223731
	13.453179	51.422361
	13.4499395	51.422624
	13.4498234	51.4257146
	13.4496624	51.4261606
	13.4482926	51.4281554
	13.4473927	51.4291702
	13.4465828	51.4296512
	13.4461338	51.4301391
	13.4460338	51.430853
	13.4459279	51.43086
	13.4457949	51.430864
	13.4453879	51.430887
	13.444763	51.4303411
	13.4442721	51.4300211
	13.4444351	51.4295292
	13.4435403	51.4285333
	13.4436223	51.4282623
	13.4452741	51.4263625
	13.4450661	51.4261795
	13.4435274	51.4266986
	13.4425205	51.4270384
	13.4402038	51.4275413
	13.4393369	51.4276633
	13.4377092	51.4270534
	13.4365024	51.4267674
	13.4341417	51.4265074
	13.4346086	51.4274573
	13.4336698	51.4275763
	13.4331698	51.4275263
	13.432329	51.4269733
	13.4318551	51.4262524
	13.4316011	51.4253975
	13.4312612	51.4248976
	13.4296135	51.4229488
	13.4291426	51.4221319
	13.4285806	51.4218119
	13.4280117	51.4216709
	13.4249962	51.4217129
	13.4218396	51.4215749
	13.4220016	51.4230137
	13.4222695	51.4235096
	13.4227505	51.4240966
	13.4228664	51.4247725
	13.4244892	51.4255124
	13.4263119	51.4266143
	13.4277377	51.4269043
	13.4285125	51.4272743
	13.4299173	51.4281482
	13.4295423	51.4284991
	13.4280486	51.4281632
	13.4278946	51.4284301
	13.4280306	51.4286131
	13.4290844	51.4292121
	13.4292884	51.429483
	13.4290614	51.429792
	13.4284825	51.429918
	13.4276206	51.429907
	13.4273236	51.4301699
	13.4274496	51.4306159
	13.4281445	51.4312608
	13.4284954	51.4314438
	13.4284144	51.4317068
	13.4277445	51.4322827
	13.4272086	51.4331266
	13.4267396	51.4341065
	13.4234541	51.4336565
	13.4229492	51.4336905
	13.4222863	51.4341294
	13.4209295	51.4358122
	13.4207665	51.4363042
	13.4209524	51.4370631
	13.4208614	51.437601
	13.4203265	51.438398
	13.4199585	51.4386199
	13.4193056	51.4387419
	13.4185227	51.4385969
	13.4178039	51.4385849
	13.4158421	51.4391838
	13.4145413	51.4394358
	13.4135335	51.4394628
	13.4122447	51.4393558
	13.4118787	51.4394858
	13.4110558	51.4403247
	13.4115417	51.4407786
	13.4118087	51.4413205
	13.4118617	51.4418165
	13.4114787	51.4423924
	13.4107308	51.4431433
	13.409492	51.4436163
	13.4085991	51.4443682
	13.4075812	51.4447531
	13.4067813	51.4450131
	13.4058925	51.445673
	13.4052165	51.4463789
	13.4052045	51.4466909
	13.4056125	51.4472828
	13.4063114	51.4478278
	13.4075801	51.4484767
	13.4091149	51.4495756
	13.4045455	51.4524672
	13.4019759	51.4538211
	13.400668	51.454248
	13.4001391	51.4530731
	13.3999982	51.4529511
	13.3995153	51.4525282
	13.394551	51.4508383
	13.3927383	51.4495105
	13.3920314	51.4491405
	13.3906097	51.4488695
	13.3902477	51.4488005
	13.3880541	51.4479156
	13.38851	51.4472937
	13.388671	51.4468937
	13.388473	51.4464438
	13.388415	51.4461268
	13.389089	51.4454209
	13.389178	51.4450169
	13.3886541	51.4436661
	13.3875123	51.4417213
	13.3858466	51.4402174
	13.384577	51.4394714
	13.3840344	51.4391735
	13.383153	51.4374867
	13.3825305	51.4369726
	13.3817399	51.4364857
	13.380981	51.4362285
	13.3804436	51.4361218
	13.3802854	51.4361181
	13.3798233	51.4362097
	13.3793797	51.4363934
	13.3789371	51.4366087
	13.377795	51.4367082
	13.3765979	51.4370861
	13.3763382	51.4371675
	13.3755455	51.4384448
	13.3750377	51.4388615
	13.3748703	51.4387164
	13.3747453	51.4385011
	13.3745631	51.4383734
	13.3744208	51.4382263
	13.3743409	51.4381916
	13.3742333	51.4382057
	13.3740771	51.4382609
	13.3740042	51.4382295
	13.373933	51.4380196
	13.373933	51.4379309
	13.3740146	51.4377794
	13.3739938	51.437761
	13.3737057	51.4377426
	13.3736744	51.4377264
	13.3737265	51.4376149
	13.3736207	51.437501
	13.3739243	51.4373055
	13.3739243	51.437154
	13.3739832	51.4370744
	13.3743756	51.4369355
	13.3745075	51.4366866
	13.3746891	51.436535
	13.3749345	51.4363923
	13.3750387	51.4361954
	13.3751255	51.4361889
	13.3754739	51.4359949
	13.3757503	51.4356933
	13.3758982	51.4351623
	13.3765745	51.4351709
	13.3780827	51.4350944
	13.3785163	51.4349821
	13.3773496	51.433826
	13.3773885	51.4334613
	13.3790109	51.4319709
	13.3797112	51.4311551
	13.380064	51.4305189
	13.3811291	51.4293702
	13.381812	51.4285357
	13.3821412	51.4280384
	13.3824621	51.4275145
	13.3827193	51.4272585
	13.3823614	51.4266719
	13.3816555	51.426348
	13.3803107	51.4258041
	13.3795515	51.4255147
	13.3786919	51.4253011
	13.3762182	51.4248533
	13.3756003	51.4256293
	13.3753313	51.4261326
	13.3730408	51.4275648
	13.3707667	51.4289026
	13.3687713	51.4299064
	13.3676643	51.4304568
	13.3671941	51.4305819
	13.3650564	51.4313344
	13.3612313	51.4327943
	13.357872	51.4339409
	13.3576655	51.4337003
	13.3576286	51.4336076
	13.3574294	51.4324528
	13.356933	51.4324442
	13.3566341	51.4324276
	13.3548248	51.4324076
	13.3529968	51.432436
	13.3494316	51.4325246
	13.3491402	51.4330818
	13.3489159	51.4330781
	13.3479841	51.4326621
	13.3467728	51.4321121
	13.3445593	51.4309279
	13.3438827	51.4306785
	13.3433141	51.4304012
	13.342963	51.4302996
	13.3423195	51.4301234
	13.3416253	51.4299241
	13.3409765	51.4297434
	13.3403105	51.4295962
	13.3379824	51.4291168
END
END
