6551298
1
	9.2297975	54.1524105
	9.2298084	54.1522696
	9.2299117	54.1522417
	9.2300791	54.1509135
	9.2299618	54.1508945
	9.2303006	54.1489923
	9.2302397	54.1479636
	9.2300985	54.1469803
	9.2301153	54.146974
	9.2301332	54.1469705
	9.2316838	54.1474466
	9.2373728	54.1460246
	9.2427159	54.1447219
	9.2435959	54.1456238
	9.2445728	54.1468465
	9.2452471	54.1465317
	9.2457803	54.1465891
	9.2478559	54.1477956
	9.2455959	54.1499609
	9.2479013	54.1511034
	9.2482208	54.15036
	9.2482125	54.1502885
	9.2482405	54.1502035
	9.2483406	54.1500298
	9.2484442	54.149882
	9.2486162	54.1496147
	9.248779	54.149432
	9.2490114	54.1495308
	9.2492691	54.1496234
	9.2494801	54.1496946
	9.249782	54.1497734
	9.2503223	54.1498831
	9.2509129	54.15
	9.2512621	54.1500629
	9.2528295	54.1500679
	9.253964	54.1501035
	9.2539546	54.1504363
	9.2552995	54.1504652
	9.2552874	54.1505867
	9.2542133	54.1505743
	9.2539211	54.1512954
	9.2538738	54.1526667
	9.2538037	54.1527105
	9.253872	54.1527193
	9.2538312	54.1539041
	9.2567165	54.1531756
	9.2567134	54.1550505
	9.2590344	54.1541487
	9.2590836	54.1542826
	9.2593608	54.1550378
	9.260784	54.1549954
	9.2608011	54.1565466
	9.2663104	54.1574385
	9.2715299	54.1582834
	9.2715696	54.1582898
	9.2715809	54.158276
	9.2815179	54.1592004
	9.2836226	54.157627
	9.2835659	54.1598376
	9.2830903	54.1615549
	9.2826147	54.1624887
	9.2817488	54.1631689
	9.2812724	54.1640871
	9.2810675	54.1651579
	9.2801747	54.1663244
	9.2795294	54.1669922
	9.2729939	54.1717614
	9.2560864	54.1754509
	9.2523021	54.176459
	9.2421988	54.1771192
	9.247138	54.1702889
	9.2372302	54.167455
	9.2348661	54.1673385
	9.2338015	54.1639895
	9.2330095	54.1608671
	9.2301574	54.1528914
	9.2297975	54.1524105
END
END
