6551908
1
	9.6021344	54.3441854
	9.6021366	54.342348
	9.6069367	54.3391513
	9.613326	54.3370853
	9.6159915	54.3353719
	9.6177843	54.3349416
	9.621843	54.3336219
	9.6222891	54.3333852
	9.6223874	54.333036
	9.6222587	54.3325162
	9.6229551	54.3319752
	9.6241457	54.3326325
	9.6250992	54.3323866
	9.6262421	54.332677
	9.6283401	54.3322962
	9.629451	54.331911
	9.6303565	54.3324961
	9.6305769	54.3330006
	9.6305034	54.3333957
	9.6306096	54.3339764
	9.6305769	54.3343524
	9.6304038	54.3344964
	9.6298095	54.334719
	9.6289115	54.3348189
	9.6280462	54.3348427
	9.6275319	54.3350045
	9.6266751	54.3348275
	9.6255553	54.3379759
	9.6250995	54.3384558
	9.6244645	54.3387721
	9.6239639	54.3388532
	9.6237603	54.3388573
	9.6232367	54.339024
	9.6227521	54.3389335
	9.6220499	54.3386273
	9.6211724	54.3383384
	9.6194059	54.3412769
	9.6156693	54.3406549
	9.6142331	54.3447104
	9.6066942	54.3429405
	9.6053701	54.3435594
	9.6021344	54.3441854
END
2
	9.6360896	54.3305889
	9.6471748	54.3302716
	9.6477268	54.3292989
	9.6496302	54.3293438
	9.650018	54.329353
	9.650018	54.3291391
	9.6534365	54.3295057
	9.6538818	54.3286656
	9.6542823	54.3286328
	9.6546283	54.3286045
	9.6553245	54.3272972
	9.6560169	54.3262388
	9.6560553	54.3261801
	9.6643646	54.3263408
	9.6644449	54.3263424
	9.6666081	54.3263647
	9.6699772	54.3277009
	9.6747786	54.3301026
	9.6751477	54.3299571
	9.6767785	54.3296778
	9.6771867	54.329526
	9.6781088	54.3285623
	9.6782526	54.3282951
	9.6788395	54.3279013
	9.6799445	54.3279172
	9.6807363	54.3276473
	9.6791282	54.3274365
	9.680872	54.3239969
	9.6857822	54.3248661
	9.6859711	54.3260576
	9.6864245	54.3264322
	9.6883924	54.3269408
	9.688837	54.3270737
	9.6885763	54.3285412
	9.689418	54.3286491
	9.6889406	54.3296948
	9.68551	54.3293833
	9.6831274	54.3300388
	9.6808914	54.3302791
	9.6805092	54.331363
	9.6839703	54.3329156
	9.6830193	54.3342603
	9.6821503	54.3348551
	9.68019	54.3363479
	9.6703576	54.3438346
	9.6695709	54.3471976
	9.6725081	54.35191
	9.6679973	54.3523945
	9.6575072	54.3491848
	9.6569959	54.3444368
	9.657628	54.3437107
	9.6569215	54.3419767
	9.657126	54.3402535
	9.6565357	54.3397627
	9.6534625	54.3402419
	9.6520274	54.3403962
	9.6496764	54.3402573
	9.6501501	54.3378738
	9.6510424	54.3374131
	9.6512934	54.3371367
	9.6511111	54.3362194
	9.651128	54.3358228
	9.6514397	54.3352613
	9.6518218	54.3348827
	9.6525039	54.3342966
	9.653285	54.3339931
	9.6530429	54.3330946
	9.6515095	54.3330717
	9.6485209	54.3326687
	9.6454439	54.3332076
	9.6445888	54.33346
	9.6444908	54.3335494
	9.6446611	54.3337658
	9.6447696	54.3338436
	9.6447779	54.3339592
	9.6447383	54.3340602
	9.6443238	54.3344216
	9.6440415	54.3345192
	9.6437372	54.3344921
	9.641908	54.3338118
	9.6416242	54.3335806
	9.6415031	54.3332667
	9.6415324	54.3329017
	9.6416278	54.3326377
	9.6397396	54.3317117
	9.6364233	54.331224
	9.6360896	54.3305889
END
END
