6551108
1
	12.2893199	53.0595054
	12.2893639	53.0592915
	12.2896929	53.0577197
	12.2905859	53.0534401
	12.2924506	53.0533562
	12.29607	53.0527343
	12.2973358	53.0524673
	12.2988316	53.0517044
	12.3020052	53.0506095
	12.3037959	53.0498766
	12.3044698	53.0496027
	12.3065995	53.0483968
	12.3072124	53.0478739
	12.3082833	53.046962
	12.3092551	53.0463831
	12.3096331	53.0456582
	12.310118	53.0452572
	12.3112379	53.0447653
	12.3117528	53.0443303
	12.3120607	53.0440674
	12.3121367	53.0434874
	12.3125117	53.0431705
	12.3131646	53.0427585
	12.3150903	53.0415377
	12.3153303	53.0409657
	12.3155043	53.0405498
	12.3158063	53.0395199
	12.3166662	53.038757
	12.3180819	53.0393669
	12.3194217	53.0395049
	12.3207265	53.0395279
	12.3217314	53.0394859
	12.3222933	53.039329
	12.3227782	53.038971
	12.3231552	53.0383871
	12.3227832	53.0377152
	12.3230492	53.0366633
	12.3239861	53.0355834
	12.3250689	53.0349155
	12.3260008	53.0350265
	12.3268217	53.0343816
	12.3276805	53.0341986
	12.3282025	53.0339316
	12.3283145	53.0336227
	12.3282045	53.0333017
	12.3281685	53.0329887
	12.3288414	53.0324738
	12.3288454	53.0314479
	12.3291094	53.030639
	12.3300823	53.0296091
	12.3307942	53.0290942
	12.3311301	53.0290482
	12.3322839	53.0292542
	12.3326929	53.0291212
	12.3329908	53.0288962
	12.3332178	53.0286253
	12.3351585	53.0277094
	12.3380691	53.0265505
	12.339191	53.0257646
	12.3396029	53.0253407
	12.3402018	53.0241508
	12.3402038	53.0238838
	12.3400189	53.0233689
	12.3403958	53.022068
	12.3406618	53.0205872
	12.3411078	53.0198403
	12.3412238	53.0196453
	12.3420077	53.0191764
	12.3429405	53.0189094
	12.346223	53.0183755
	12.346749	53.0174136
	12.3486467	53.0162998
	12.3500325	53.0154909
	12.3515613	53.014415
	12.3546198	53.01453
	12.3537939	53.0163918
	12.3612037	53.0184666
	12.3607558	53.0188256
	12.3605678	53.0193175
	12.3604528	53.0199234
	12.3605268	53.0204164
	12.3601158	53.0209533
	12.3600378	53.0217852
	12.3611916	53.0223692
	12.3610037	53.0229751
	12.3603308	53.0233341
	12.358653	53.02407
	12.3507822	53.0259167
	12.3501483	53.0262756
	12.3498093	53.0266336
	12.3493974	53.0272175
	12.3491384	53.0277785
	12.3486104	53.0286064
	12.3490234	53.0287014
	12.3501752	53.0289683
	12.3508081	53.0294873
	12.3516989	53.0301582
	12.3521809	53.0304292
	12.3526678	53.0304522
	12.3533797	53.0303112
	12.3541226	53.0301622
	12.3553544	53.0302772
	12.3564892	53.0304792
	12.357774	53.0307082
	12.3594507	53.0312272
	12.3607606	53.0292774
	12.3621663	53.0296364
	12.364562	53.0302463
	12.3686784	53.024555
	12.3707271	53.0251649
	12.3723299	53.024696
	12.3739757	53.0231092
	12.3792528	53.02486
	12.3811865	53.025406
	12.3815574	53.025722
	12.3819174	53.0267978
	12.3823603	53.0273398
	12.3833221	53.0278817
	12.3815053	53.0303914
	12.3865445	53.0334621
	12.3853477	53.0349459
	12.3847097	53.0357439
	12.3821431	53.0389325
	12.3819331	53.0391954
	12.3901968	53.0404354
	12.3904777	53.0423162
	12.3908127	53.0423122
	12.3925654	53.0422782
	12.3942061	53.0424652
	12.3956159	53.0430981
	12.3962048	53.043728
	12.3979715	53.0462488
	12.3991573	53.0467947
	12.4005001	53.0469777
	12.4016939	53.0468017
	12.4025138	53.0468937
	12.4030327	53.0472557
	12.4029477	53.0476607
	12.4031722	53.0478359
	12.4063591	53.0503234
	12.4082848	53.0516772
	12.4091756	53.0520402
	12.4099955	53.0520432
	12.413291	53.0508844
	12.4126341	53.0495335
	12.4129391	53.0488586
	12.4130601	53.0487396
	12.413604	53.0481987
	12.413843	53.0479657
	12.4142969	53.0473358
	12.4144549	53.0464359
	12.4153608	53.045364
	12.4170896	53.0436662
	12.4173405	53.0434222
	12.4186004	53.0421824
	12.4182136	53.036609
	12.4179487	53.0327984
	12.4204983	53.0331283
	12.4237777	53.0345625
	12.4368953	53.0464527
	12.4630311	53.0402391
	12.4637268	53.0423303
	12.4835025	53.047289
	12.4876763	53.0516499
	12.4934401	53.050933
	12.5020858	53.0571451
	12.4995375	53.0645827
	12.5058727	53.0688373
	12.5064938	53.0744347
	12.5148166	53.0841353
	12.5073634	53.0890594
	12.4970531	53.0895816
	12.4864945	53.0824192
	12.4674889	53.0788376
	12.4407817	53.0786883
	12.420037	53.0842099
	12.4191674	53.088388
	12.4334527	53.0939083
	12.4462473	53.0992788
	12.4473653	53.1068112
	12.4628928	53.1132985
	12.4847554	53.1139696
	12.4878609	53.1162063
	12.4796624	53.1202321
	12.4799108	53.1267919
	12.4534521	53.1333507
	12.4384215	53.1422929
	12.4297261	53.1440067
	12.427987	53.1527977
	12.4386699	53.1665765
	12.4458747	53.1723102
	12.4597873	53.1749907
	12.459663	53.1812443
	12.4482348	53.184743
	12.4463715	53.1883158
	12.435316	53.1947164
	12.4331297	53.2023512
	12.4495267	53.2133024
	12.4434648	53.2163968
	12.440881	53.2232394
	12.4268691	53.2267495
	12.3983482	53.2264521
	12.3831438	53.2312111
	12.3558075	53.231223
	12.3465299	53.2257941
	12.336826	53.2283708
	12.3364661	53.2275809
	12.3361772	53.2271729
	12.3357332	53.226948
	12.3343934	53.226665
	12.3326767	53.226379
	12.3315599	53.226101
	12.330597	53.2256891
	12.3302331	53.2251931
	12.3298122	53.2241552
	12.3280195	53.2210886
	12.3272197	53.2201387
	12.3259699	53.2191848
	12.3214507	53.2159001
	12.319647	53.2145922
	12.3183902	53.2139513
	12.3163165	53.2130354
	12.3156516	53.2126694
	12.3128101	53.2100597
	12.3112614	53.2086368
	12.3105225	53.2082749
	12.307692	53.2075769
	12.3064302	53.207115
	12.3037426	53.206821
	12.2977046	53.2056961
	12.2994473	53.2048572
	12.3002182	53.2040103
	12.301919	53.2020035
	12.3026849	53.2013396
	12.3039087	53.2003557
	12.3061424	53.197956
	12.3073913	53.1960332
	12.3080242	53.1946444
	12.3082862	53.1932566
	12.3140693	53.1925847
	12.316107	53.1920627
	12.3180617	53.1918108
	12.3221231	53.1911699
	12.3261925	53.190262
	12.3286051	53.1896971
	12.3280433	53.1854666
	12.3275694	53.1834408
	12.3262937	53.1805991
	12.32478	53.1782954
	12.3235542	53.1761206
	12.3240361	53.1751407
	12.3256579	53.173088
	12.3257254	53.1730036
	12.3257739	53.172943
	12.3259979	53.172607
	12.3284866	53.1688614
	12.3322671	53.1631811
	12.3297665	53.1624792
	12.3298405	53.1622162
	12.3302175	53.1609304
	12.3304085	53.1596065
	12.3279409	53.1595805
	12.327118	53.1595345
	12.3266731	53.1594045
	12.3252503	53.1589925
	12.3246574	53.1588365
	12.3235326	53.1585426
	12.3233856	53.1584896
	12.3224867	53.1581796
	12.3214419	53.1576387
	12.3202471	53.1571007
	12.3190263	53.1565548
	12.3188273	53.1564668
	12.3175585	53.1559718
	12.3169616	53.1555669
	12.3163647	53.1550709
	12.3168937	53.1523812
	12.3170457	53.1521112
	12.3169707	53.1518403
	12.3163018	53.1514813
	12.315328	53.1508944
	12.3141352	53.1497725
	12.3119685	53.1498565
	12.3118925	53.1502604
	12.3071093	53.1502114
	12.3056705	53.1494405
	12.3043487	53.1487235
	12.3041268	53.1480746
	12.302897	53.1465418
	12.3023881	53.1466178
	12.3020011	53.1466977
	12.3016282	53.1462248
	12.3013673	53.1455539
	12.3014443	53.1450809
	12.3014713	53.144722
	12.3015973	53.1431501
	12.3012233	53.1431041
	12.3011344	53.1430471
	12.3001875	53.1424442
	12.2967891	53.1402734
	12.2960392	53.1398885
	12.2920119	53.1383816
	12.2918629	53.1380656
	12.29108	53.1375957
	12.29093	53.1373937
	12.2908951	53.1369667
	12.291122	53.1361388
	12.29146	53.1356889
	12.291796	53.1353529
	12.2923209	53.135219
	12.2930298	53.134952
	12.2933667	53.13475
	12.2935547	53.134552
	12.2937427	53.1339641
	12.2951695	53.1312064
	12.2961044	53.1304665
	12.2974902	53.1295316
	12.3002238	53.1273839
	12.2996289	53.126484
	12.299219	53.126056
	12.2984351	53.1255871
	12.2976245	53.1243682
	12.2968066	53.1237843
	12.2931463	53.1210994
	12.3001085	53.1186898
	12.3025297	53.11763
	12.3031276	53.11745
	12.3241105	53.1097561
	12.3245854	53.1096041
	12.3251393	53.1115989
	12.3254752	53.1120948
	12.3266021	53.1099431
	12.3261912	53.1094471
	12.3266041	53.1088442
	12.3310145	53.1073684
	12.3349029	53.1059606
	12.3377065	53.1049117
	12.3403271	53.1040688
	12.3410591	53.1038229
	12.3386034	53.1013521
	12.3346821	53.1010051
	12.3294579	53.1009821
	12.3271684	53.092567
	12.3267525	53.0887904
	12.3265286	53.0867577
	12.3264836	53.0863417
	12.3263787	53.0853878
	12.3250629	53.083813
	12.3249914	53.0838374
	12.3185479	53.0860367
	12.3141825	53.0870125
	12.3116539	53.0875815
	12.310826	53.0873605
	12.3105121	53.0872765
	12.3100348	53.0871505
	12.3096292	53.0870435
	12.3091053	53.0863076
	12.3064038	53.082523
	12.3036533	53.0806962
	12.3026824	53.0800512
	12.3011037	53.0790023
	12.3006688	53.0787124
	12.3001759	53.0783844
	12.299104	53.0776745
	12.2978852	53.0767312
	12.2978173	53.0766786
	12.2951717	53.0743028
	12.2916014	53.0684695
	12.2893199	53.0595054
END
END
