6551099
1
	14.0286149	52.2036916
	14.0289872	52.2035509
	14.0289561	52.2031866
	14.0290717	52.2029378
	14.0304195	52.2027349
	14.0318325	52.2027428
	14.0345662	52.2004657
	14.0366229	52.1994977
	14.039009	52.1991742
	14.0416333	52.1978103
	14.0436085	52.1967325
	14.0455643	52.1953798
	14.047812	52.1937692
	14.0438778	52.1913127
	14.0441599	52.1911101
	14.038258	52.1861448
	14.0363633	52.1844424
	14.0370961	52.1838267
	14.0328174	52.1802921
	14.0338914	52.1801322
	14.0350866	52.1796152
	14.0374362	52.1789474
	14.0399285	52.1785086
	14.0419112	52.1781731
	14.0476404	52.1764947
	14.0508395	52.1755126
	14.0524575	52.1748481
	14.0532	52.1742
	14.0516249	52.1720714
	14.0481359	52.1716674
	14.0452734	52.1706238
	14.0445652	52.1684087
	14.0443553	52.1680588
	14.0442	52.1678
	14.0429	52.1658
	14.0402716	52.1630271
	14.0444173	52.1623018
	14.0468763	52.1621175
	14.0489148	52.1616898
	14.050979	52.1616713
	14.0581909	52.1602563
	14.0560323	52.1571378
	14.0573927	52.156885
	14.0600921	52.1561268
	14.0606736	52.1566323
	14.062049	52.1572786
	14.0629011	52.1577567
	14.0638129	52.1579132
	14.0655286	52.157531
	14.067495	52.1578776
	14.068379	52.1581857
	14.0689584	52.1585674
	14.069748	52.1587083
	14.0706514	52.1585134
	14.0714649	52.1585959
	14.0727126	52.1588223
	14.0743734	52.1589652
	14.0748455	52.1593594
	14.0759395	52.1607805
	14.07709	52.1624817
	14.0784407	52.1641816
	14.0794289	52.1655084
	14.0806573	52.1677261
	14.0811036	52.1690961
	14.0814631	52.1702832
	14.0815746	52.1706925
	14.0814867	52.1714077
	14.082301	52.1723204
	14.0830574	52.1730145
	14.0834028	52.1733448
	14.0845358	52.1732573
	14.084995	52.1736659
	14.0854209	52.1738423
	14.0863822	52.1740778
	14.0866618	52.1744138
	14.0869	52.1747
	14.087	52.1749
	14.0868414	52.1756431
	14.0881214	52.1778412
	14.0878853	52.17913
	14.0898498	52.1812615
	14.0895569	52.1819003
	14.089117	52.1817661
	14.0888	52.1813
	14.0886213	52.1808951
	14.087542	52.1810365
	14.0863844	52.1810207
	14.085863	52.1814608
	14.0856205	52.1823772
	14.0862631	52.1834797
	14.0859338	52.1840909
	14.0852632	52.1845605
	14.0848928	52.1854632
	14.0845058	52.1864063
	14.0849317	52.1881033
	14.084407	52.1881514
	14.085098	52.1891551
	14.0853501	52.1900963
	14.0863844	52.1912243
	14.0877877	52.1914729
	14.0888273	52.1918451
	14.0893938	52.1925338
	14.090206	52.1930724
	14.0904345	52.1937505
	14.0899871	52.1949172
	14.0894	52.1961
	14.0881847	52.1970341
	14.0881128	52.1980093
	14.0898	52.1993
	14.0914	52.2011
	14.0919	52.2024
	14.093	52.2035
	14.0928914	52.2045172
	14.0934192	52.2053275
	14.0934107	52.2058325
	14.0940758	52.2064097
	14.0950661	52.2079528
	14.0948623	52.2093736
	14.0945222	52.2100915
	14.0950972	52.2099659
	14.0958386	52.2099738
	14.0970488	52.2105343
	14.097846	52.2105317
	14.0991345	52.2099209
	14.1003737	52.2097152
	14.1022706	52.209253
	14.1043638	52.2092333
	14.1066801	52.209324
	14.1076693	52.2090801
	14.1096636	52.2086237
	14.113332	52.2087027
	14.1168103	52.2094483
	14.1175506	52.2095909
	14.1176396	52.2100814
	14.117969	52.2102201
	14.1235888	52.2113627
	14.1241488	52.2106093
	14.1271668	52.2101622
	14.1272009	52.2101594
	14.1297686	52.2099499
	14.1279447	52.2082734
	14.1295079	52.2080216
	14.1309872	52.2079385
	14.1341888	52.2076297
	14.1372991	52.2072537
	14.1388634	52.206852
	14.1441624	52.2051846
	14.1482651	52.2036986
	14.1472609	52.2002793
	14.1463199	52.1973063
	14.1443008	52.1960542
	14.1318	52.1896
	14.1300783	52.188247
	14.1280677	52.1847726
	14.1270055	52.1830991
	14.1239156	52.178527
	14.123641	52.1768375
	14.123289	52.1746966
	14.1236309	52.1703034
	14.1256254	52.1699251
	14.1294706	52.169525
	14.131007	52.1692888
	14.1324686	52.1689378
	14.1349599	52.1682284
	14.1377	52.1677
	14.1398218	52.1675719
	14.1424507	52.1674954
	14.1431445	52.1670942
	14.1438734	52.1671558
	14.1469461	52.1678372
	14.1478827	52.1682373
	14.1490951	52.1685663
	14.1506261	52.1688483
	14.1515601	52.1688578
	14.1541597	52.1685525
	14.1570001	52.1682663
	14.157985	52.1680432
	14.1586352	52.1678188
	14.1594517	52.1677888
	14.1604559	52.1677533
	14.1638752	52.1671666
	14.1650907	52.1667021
	14.1685132	52.1662026
	14.1707341	52.1657544
	14.1767723	52.1647364
	14.1777551	52.1660963
	14.177769	52.1672881
	14.1784578	52.1683304
	14.1794079	52.1691474
	14.1799	52.1699
	14.1800349	52.170496
	14.1802066	52.1710086
	14.1806143	52.171614
	14.1812787	52.1741534
	14.1813632	52.1744762
	14.1817555	52.1752016
	14.1822161	52.175869
	14.1851279	52.1786842
	14.1862845	52.1799105
	14.1870784	52.1813374
	14.1875736	52.1813695
	14.1929149	52.181673
	14.1946101	52.1816736
	14.19826	52.1813388
	14.1987922	52.1811118
	14.2034699	52.1804164
	14.2067712	52.1801703
	14.2073076	52.1801303
	14.2068408	52.1831874
	14.2065266	52.1847036
	14.2062144	52.1859468
	14.2067283	52.1886463
	14.2063678	52.1919835
	14.2063496	52.193656
	14.2061532	52.1950989
	14.2060094	52.1954278
	14.2053443	52.1961025
	14.2056769	52.1964944
	14.2063429	52.1968737
	14.2091429	52.1972737
	14.2098429	52.1974881
	14.2125429	52.1994737
	14.2134939	52.1999094
	14.213922	52.1999929
	14.2147867	52.2012443
	14.2158982	52.2020655
	14.2172779	52.2034424
	14.219428	52.2031873
	14.220385	52.2048607
	14.2229556	52.2046516
	14.2249534	52.2044997
	14.2249909	52.2047206
	14.2281055	52.2043715
	14.2277429	52.2027395
	14.23197	52.2021648
	14.231175	52.2038862
	14.2349322	52.2034628
	14.2381631	52.2029925
	14.2383358	52.2034679
	14.2398012	52.2086447
	14.2398511	52.2093103
	14.2399997	52.2112909
	14.2409309	52.2138599
	14.2427473	52.2172532
	14.2439429	52.2189737
	14.2459853	52.2219271
	14.2482716	52.2252757
	14.2483209	52.2266309
	14.2466923	52.2282475
	14.2448663	52.228971
	14.2419429	52.2305737
	14.2404492	52.2321548
	14.2396563	52.2334815
	14.2436429	52.2373737
	14.2464429	52.2397737
	14.2489282	52.2409663
	14.2492565	52.2423256
	14.2507553	52.2437052
	14.2510804	52.2433787
	14.2525728	52.2424852
	14.2526361	52.2416253
	14.2532423	52.2416279
	14.258155	52.2421528
	14.2589854	52.2412922
	14.2600197	52.2409683
	14.2603963	52.2401057
	14.2611998	52.2400374
	14.2621225	52.2402358
	14.2631772	52.239793
	14.2661941	52.2370315
	14.2678142	52.2355112
	14.2698054	52.2336398
	14.2707517	52.2334256
	14.2724211	52.2337318
	14.2739672	52.2339717
	14.2749328	52.2337371
	14.2749542	52.2331812
	14.2736882	52.2321745
	14.2732998	52.2315877
	14.2732505	52.2310088
	14.2736303	52.2297267
	14.2742182	52.2290762
	14.2746967	52.2288889
	14.2757288	52.2291945
	14.2783874	52.2304726
	14.2772695	52.2312716
	14.2762975	52.2314865
	14.275834	52.2318624
	14.2754155	52.2325451
	14.2754982	52.2331293
	14.2754681	52.2335538
	14.2751269	52.2339243
	14.2744811	52.2340742
	14.2734296	52.2340571
	14.2724415	52.2339441
	14.2721	52.2342
	14.2715467	52.2356491
	14.2716272	52.2361675
	14.271271	52.236776
	14.2716605	52.237115
	14.2723203	52.2378003
	14.2715929	52.2389421
	14.2715	52.2399
	14.2712292	52.2407968
	14.2717195	52.2412876
	14.2723986	52.2413539
	14.2727848	52.2419872
	14.2732666	52.2424123
	14.273656	52.2431862
	14.27373	52.243696
	14.2732794	52.2432486
	14.2721518	52.2420667
	14.2714351	52.2417087
	14.2713418	52.2419807
	14.2718428	52.2437203
	14.2718632	52.244749
	14.2713718	52.2454519
	14.2707914	52.2460943
	14.2695469	52.2465187
	14.2678989	52.2467985
	14.2660503	52.2469562
	14.2630785	52.2486857
	14.2618564	52.2497794
	14.2624594	52.2505702
	14.2629948	52.2509505
	14.2643209	52.2517361
	14.2653916	52.2513807
	14.2667145	52.2511272
	14.2678	52.2512
	14.2669419	52.2524756
	14.2675468	52.2524183
	14.2687411	52.2528257
	14.2701134	52.2518871
	14.2716444	52.252653
	14.2723632	52.252984
	14.2734329	52.2531548
	14.2746774	52.2531114
	14.2751199	52.2529746
	14.2752332	52.2526806
	14.2745862	52.2521065
	14.2742193	52.2515666
	14.273935	52.250984
	14.2731915	52.2508356
	14.2728514	52.2504592
	14.2729758	52.2500592
	14.2737118	52.2496697
	14.2744854	52.2494142
	14.27665	52.2497481
	14.278131	52.2504034
	14.2797393	52.2492723
	14.2805783	52.2490036
	14.2818207	52.2493623
	14.2825706	52.250203
	14.2832143	52.2507567
	14.2852	52.2523
	14.3232784	52.254497
	14.3348	52.2552
	14.3327657	52.2692819
	14.3438068	52.2700569
	14.3432303	52.2729345
	14.3363857	52.274593
	14.3362454	52.2745452
	14.3342757	52.2750875
	14.3342484	52.2751616
	14.3326696	52.2756285
	14.3295147	52.2766927
	14.3271818	52.2777406
	14.3243823	52.2793426
	14.3219754	52.2804008
	14.3196725	52.2810722
	14.3189526	52.2812205
	14.3183794	52.2812002
	14.3102632	52.2785903
	14.3072789	52.2776171
	14.3046465	52.2762792
	14.3035444	52.276075
	14.2990544	52.2780332
	14.2857	52.2841
	14.2849309	52.2841972
	14.2838055	52.2839859
	14.2819687	52.2843626
	14.2814752	52.2847426
	14.280766	52.2849861
	14.2807992	52.2853924
	14.2801	52.2869
	14.2799302	52.28799
	14.280413	52.288622
	14.2801888	52.2891444
	14.2805417	52.2900323
	14.2807671	52.2908349
	14.2816629	52.2915987
	14.2822433	52.2922477
	14.2821393	52.2931415
	14.2815009	52.2936874
	14.2792961	52.294234
	14.2781707	52.2952012
	14.2770034	52.2968849
	14.2759723	52.2973554
	14.2744574	52.2976533
	14.2728889	52.2978232
	14.2714673	52.2974728
	14.2709566	52.2970982
	14.2702	52.2968
	14.2661	52.2954
	14.2637801	52.2949086
	14.2616858	52.2948495
	14.2599735	52.2950037
	14.2587064	52.2949007
	14.2580659	52.2944912
	14.2574629	52.2947183
	14.2569244	52.295255
	14.2569	52.2961
	14.2569	52.2975
	14.2551	52.2992
	14.2536231	52.2997371
	14.2524054	52.2996446
	14.2513	52.2986
	14.2504377	52.2982477
	14.2491148	52.2981598
	14.2485162	52.2985515
	14.2482313	52.2991783
	14.2491	52.2998
	14.2498777	52.3007028
	14.2497	52.3012
	14.2489582	52.3015459
	14.2479164	52.3014869
	14.2461	52.3012
	14.2441	52.3011
	14.2433148	52.3013353
	14.2432043	52.3020222
	14.242979	52.3024126
	14.2423621	52.3024887
	14.2418407	52.302301
	14.2406	52.3003
	14.2401981	52.2991873
	14.2407056	52.2984065
	14.2412431	52.2980358
	14.2419909	52.2980246
	14.2431367	52.2984885
	14.2435949	52.2986053
	14.244097	52.298314
	14.2442021	52.2965404
	14.2436485	52.2960805
	14.2425016	52.2954191
	14.242155	52.294925
	14.2429028	52.2941992
	14.2435423	52.2934466
	14.2431	52.2922
	14.2420917	52.2910678
	14.2405232	52.2899384
	14.238681	52.2892192
	14.236928	52.2894246
	14.2356544	52.2898945
	14.2333123	52.2899142
	14.231983	52.290283
	14.2314477	52.2908401
	14.2315002	52.2917805
	14.2319154	52.2923133
	14.2319863	52.2930621
	14.231453	52.2935037
	14.2303801	52.2935706
	14.2288116	52.2933274
	14.2271315	52.2932917
	14.2256444	52.2937202
	14.2249503	52.2946153
	14.2250554	52.295467
	14.2258655	52.2957806
	14.2282106	52.2960371
	14.2294939	52.2964873
	14.2303136	52.2970831
	14.2302589	52.2981998
	14.2299757	52.2992371
	14.2303329	52.300096
	14.2307	52.3011
	14.2303962	52.3015072
	14.2287515	52.3017231
	14.2278449	52.3018595
	14.2271615	52.3021278
	14.2270381	52.3027301
	14.2271239	52.3030555
	14.2270338	52.3035633
	14.2263719	52.3042252
	14.2258687	52.3043007
	14.2243495	52.3042075
	14.2217224	52.3038863
	14.2207757	52.3037706
	14.2187072	52.3036302
	14.2167599	52.3038618
	14.2154241	52.3039294
	14.2142783	52.3036289
	14.2129984	52.3030844
	14.2119984	52.3030916
	14.2113129	52.3036368
	14.2104717	52.3040711
	14.2076554	52.3051981
	14.206678	52.3058227
	14.2061094	52.3064472
	14.2049732	52.3069188
	14.202218	52.3072783
	14.1998405	52.3080275
	14.1982569	52.3088684
	14.1975939	52.3097441
	14.197154	52.3106933
	14.1968879	52.3119087
	14.196595	52.3127056
	14.1969362	52.3130808
	14.1978825	52.3132448
	14.1998	52.3131
	14.2007059	52.3132812
	14.2012052	52.3135813
	14.2011	52.3143
	14.20054	52.3147015
	14.1996989	52.3148412
	14.1981486	52.3143028
	14.1973	52.3144
	14.1961	52.3147
	14.1954385	52.3148957
	14.1946746	52.3148222
	14.1942111	52.3144772
	14.1942057	52.3131385
	14.1938	52.313
	14.193283	52.3130985
	14.1921	52.3138
	14.1909066	52.314407
	14.1903401	52.3156243
	14.1907476	52.3163755
	14.191	52.3167
	14.1921	52.3171
	14.1932267	52.3176975
	14.1935883	52.318554
	14.1931	52.319
	14.1921893	52.3190662
	14.1910896	52.318657
	14.1896154	52.3186799
	14.1885248	52.319017
	14.1876665	52.3194367
	14.1869096	52.3195823
	14.1861194	52.3195849
	14.1853228	52.3192708
	14.1841684	52.3191587
	14.183544	52.3196551
	14.1835386	52.3201863
	14.1842027	52.3205555
	14.1850675	52.3206467
	14.1868978	52.3207575
	14.1874364	52.3210565
	14.1874943	52.3215517
	14.1871	52.3218
	14.1864762	52.3220225
	14.1848937	52.3221628
	14.1836362	52.3223819
	14.1818735	52.3223386
	14.1802588	52.3219123
	14.1793383	52.3218658
	14.1785304	52.3220271
	14.1778008	52.3226606
	14.176758	52.3234678
	14.1755051	52.3237317
	14.1746895	52.3241714
	14.1745661	52.3250003
	14.1748043	52.3258107
	14.1744	52.3266
	14.1736107	52.3270625
	14.1727994	52.3270614
	14.1721	52.3269
	14.1715411	52.3269176
	14.1706924	52.3272087
	14.1692472	52.3279214
	14.168	52.3283
	14.1670446	52.3284171
	14.1663218	52.328317
	14.1656373	52.3281177
	14.165206	52.3281026
	14.1652114	52.3277577
	14.1645845	52.3276296
	14.1645633	52.3271112
	14.1642629	52.326744
	14.1624964	52.3259805
	14.1615764	52.3263388
	14.1606312	52.3267092
	14.1591678	52.3271984
	14.158267	52.3274045
	14.1578085	52.3272056
	14.1574544	52.3275269
	14.1555701	52.3268304
	14.1546625	52.3269844
	14.1541003	52.3272002
	14.1554435	52.329063
	14.1540531	52.3302674
	14.1538396	52.329754
	14.1526057	52.3300523
	14.1525693	52.3308693
	14.1520693	52.3316921
	14.1511273	52.3316285
	14.1500222	52.3313059
	14.1498538	52.3301507
	14.149	52.3288
	14.1482209	52.3282925
	14.1472724	52.3282729
	14.1435356	52.3294
	14.1430903	52.329299
	14.1414681	52.3295009
	14.1406753	52.3287994
	14.1399489	52.3282571
	14.1389	52.328
	14.1380016	52.3280322
	14.1375457	52.3282532
	14.1372517	52.3285043
	14.1332187	52.3251373
	14.1304904	52.3231517
	14.1282996	52.3213812
	14.1258716	52.3196715
	14.1237387	52.3194413
	14.121	52.3194
	14.1174527	52.3190793
	14.116379	52.3182048
	14.1162039	52.3180418
	14.1182145	52.3160343
	14.12102	52.3132297
	14.120799	52.3116273
	14.1207325	52.3102689
	14.1196693	52.3094673
	14.1190717	52.3087116
	14.116509	52.308211
	14.1149662	52.3079938
	14.1151304	52.307368
	14.1107906	52.3066097
	14.1094607	52.3065825
	14.1095948	52.3062348
	14.1095755	52.3056287
	14.1094006	52.3044708
	14.1093459	52.2994263
	14.1093631	52.296351
	14.1069673	52.2961732
	14.1055887	52.2961036
	14.1038581	52.2959074
	14.1045576	52.2951135
	14.1050159	52.2943163
	14.1049857	52.2934022
	14.1033281	52.2905877
	14.1020471	52.2884312
	14.1002618	52.286022
	14.1012853	52.2855468
	14.1022542	52.2852232
	14.1042247	52.2847028
	14.1058851	52.2842261
	14.1078793	52.2833908
	14.1115271	52.282252
	14.1120635	52.2814978
	14.1143252	52.2809406
	14.1174816	52.2801614
	14.1167209	52.279442
	14.1158551	52.2787344
	14.1152736	52.2778023
	14.1151631	52.2770047
	14.1153895	52.2757326
	14.1151931	52.2745522
	14.1145891	52.2730016
	14.1128746	52.2713196
	14.1120732	52.2706605
	14.110848	52.2696461
	14.1100057	52.2692982
	14.1070843	52.2684958
	14.1063097	52.268272
	14.1052797	52.2678248
	14.104696	52.2673501
	14.103857	52.266899
	14.1024205	52.2658748
	14.1014581	52.2644289
	14.1004635	52.2632233
	14.0985473	52.2608731
	14.0971386	52.259192
	14.095436	52.2585057
	14.0957788	52.2578599
	14.0959418	52.2575154
	14.0964649	52.257584
	14.0974117	52.2571972
	14.0978333	52.2571687
	14.0998	52.2564
	14.100464	52.2560397
	14.1011094	52.255803
	14.102017	52.2551416
	14.103003	52.2542478
	14.1035588	52.252902
	14.1034515	52.2527036
	14.1022112	52.2519782
	14.0998375	52.250614
	14.0914	52.2425
	14.0957	52.2411
	14.0954	52.2382
	14.0904	52.2367
	14.0819	52.2333
	14.0874304	52.2292166
	14.0896985	52.2277386
	14.0929579	52.2251506
	14.0936531	52.224521
	14.0944363	52.2241142
	14.094784	52.2235878
	14.095	52.2227
	14.0932014	52.2227053
	14.0822334	52.2227373
	14.0806809	52.2226828
	14.0804685	52.2222391
	14.0764205	52.2227827
	14.0743412	52.21985
	14.0724755	52.2201457
	14.0704413	52.2215523
	14.0684371	52.2227432
	14.0558852	52.2244546
	14.055175	52.2223443
	14.0547748	52.2213643
	14.0535742	52.2202634
	14.0526998	52.218561
	14.0515282	52.218793
	14.0496035	52.2187523
	14.0488192	52.21732
	14.0481958	52.2162269
	14.0475875	52.2152533
	14.0464	52.2133
	14.0447905	52.210599
	14.0425975	52.2107542
	14.0408112	52.2108705
	14.039954	52.210818
	14.0392952	52.2106411
	14.0377964	52.2097595
	14.0363021	52.2087931
	14.0351692	52.2081185
	14.0338924	52.2074781
	14.0325149	52.2067273
	14.0304893	52.2060514
	14.0286149	52.2036916
END
2
	14.1786742	52.1752473
	14.1799294	52.1768132
	14.182161	52.1759329
	14.1819781	52.1756988
	14.1816133	52.1751988
	14.1813558	52.1746264
	14.1811735	52.1741921
	14.1786742	52.1752473
END
END
