6551942
1
	9.3561589	54.3686243
	9.3563799	54.3682021
	9.3568322	54.3671392
	9.361474	54.3670729
	9.3615861	54.3672185
	9.3628677	54.3676562
	9.3634297	54.3682297
	9.3647062	54.368681
	9.3650863	54.3687222
	9.365751	54.3688152
	9.3672872	54.3686655
	9.367906	54.3687273
	9.368507	54.368717
	9.3689843	54.368717
	9.3698329	54.368923
	9.3714239	54.3689848
	9.371817	54.369075
	9.3729884	54.3695975
	9.3741817	54.3702309
	9.374659	54.3706068
	9.3751893	54.3708024
	9.3754334	54.3709846
	9.3738995	54.3726595
	9.376105	54.3733803
	9.3760984	54.3734382
	9.3761982	54.3734107
	9.3773606	54.3737906
	9.3778979	54.3739478
	9.3782036	54.3739478
	9.3793204	54.3737154
	9.3799344	54.3735844
	9.3806189	54.3736522
	9.3809163	54.3729141
	9.3806142	54.3728671
	9.3813422	54.3711018
	9.3962618	54.3731044
	9.3983709	54.3723583
	9.3984298	54.3720091
	9.4004193	54.3722842
	9.400529	54.3715022
	9.4019101	54.3716632
	9.4020759	54.3709552
	9.4022476	54.3706255
	9.40164	54.370393
	9.4014377	54.3681281
	9.4034289	54.3683936
	9.4043393	54.3683987
	9.4055326	54.3682339
	9.4063369	54.3681207
	9.407539	54.3681722
	9.4084202	54.368318
	9.4108655	54.3694669
	9.4117955	54.3692382
	9.4118375	54.3692254
	9.4121065	54.3691436
	9.4127416	54.3689555
	9.4130349	54.3688687
	9.4136185	54.3686959
	9.4139969	54.3685839
	9.4142739	54.3685072
	9.4152162	54.3682462
	9.4160652	54.368104
	9.4168138	54.3679787
	9.4174709	54.3679092
	9.4184659	54.3679933
	9.418686	54.3680063
	9.4198144	54.3680727
	9.4215235	54.368241
	9.4216963	54.3682224
	9.4225731	54.3681277
	9.4233456	54.3680444
	9.4242441	54.3679948
	9.4259071	54.367903
	9.426699	54.367832
	9.4268663	54.3678668
	9.4280032	54.3681031
	9.4288403	54.3682772
	9.4296613	54.368405
	9.4310561	54.3686222
	9.4317777	54.3687346
	9.4329712	54.3687028
	9.4333072	54.3686831
	9.4372937	54.3683602
	9.4384698	54.3682174
	9.44077	54.3679626
	9.4408305	54.3679559
	9.4430711	54.3677542
	9.4478885	54.3675529
	9.4503848	54.3669975
	9.451072	54.3668858
	9.4518076	54.3667512
	9.4532623	54.3663989
	9.4534504	54.3663566
	9.4539785	54.3662581
	9.455286	54.3660514
	9.4556517	54.3660115
	9.456552	54.3659133
	9.4574351	54.3658586
	9.4584692	54.3658174
	9.4596183	54.365707
	9.4603359	54.3656199
	9.4617837	54.3654914
	9.4620096	54.3653779
	9.4624988	54.3650838
	9.4629006	54.3649488
	9.4642318	54.3647775
	9.4646457	54.3647377
	9.4654696	54.3646977
	9.4658688	54.3646594
	9.4672296	54.3648302
	9.4683704	54.3648813
	9.4685923	54.3648001
	9.4687298	54.3647498
	9.4698059	54.3641661
	9.4706046	54.363907
	9.471064	54.3636068
	9.4716712	54.363372
	9.472594	54.3630351
	9.4726417	54.3630168
	9.4730963	54.362967
	9.4737451	54.3628826
	9.4746303	54.3625599
	9.4758521	54.3626304
	9.4769204	54.3621784
	9.477112	54.3621335
	9.4777363	54.3621096
	9.4782619	54.3620981
	9.4783073	54.3620947
	9.4783097	54.3621097
	9.4785889	54.3638505
	9.4813745	54.3637071
	9.4826473	54.363781
	9.4874569	54.3637873
	9.4895833	54.3633281
	9.4904878	54.3694791
	9.4909607	54.3734956
	9.490923	54.3748127
	9.4910522	54.3754273
	9.4872898	54.3809138
	9.485672	54.3832262
	9.4818665	54.382028
	9.4743103	54.3835659
	9.4753744	54.3848615
	9.4724025	54.3854886
	9.4698553	54.383212
	9.46732	54.3842595
	9.4665447	54.384711
	9.4661571	54.3857394
	9.4666739	54.3866925
	9.4669754	54.3895265
	9.4596963	54.3908808
	9.4547418	54.3905602
	9.4513835	54.390956
	9.4451812	54.389978
	9.436932	54.3900137
	9.4331211	54.3900783
	9.4320874	54.3901535
	9.4305368	54.3894513
	9.4289431	54.3893761
	9.4266603	54.388724
	9.4251528	54.38747
	9.4235161	54.3865671
	9.4214957	54.3857846
	9.4188644	54.385012
	9.4164093	54.3844853
	9.4132812	54.384067
	9.4128241	54.3840289
	9.4124571	54.3839236
	9.4121557	54.3836855
	9.4117575	54.3834512
	9.4115588	54.3833924
	9.4113355	54.3833884
	9.4110517	54.3835123
	9.410761	54.3836089
	9.4105787	54.3835956
	9.4104066	54.3835603
	9.409701	54.3832262
	9.4096745	54.3831491
	9.4097227	54.3829192
	9.4094475	54.3828229
	9.4074504	54.3821274
	9.4063305	54.3821525
	9.4062874	54.3825037
	9.4015469	54.3816093
	9.3976588	54.380753
	9.3961047	54.3804294
	9.3945289	54.3798197
	9.3909199	54.378545
	9.3859842	54.3767909
	9.3828889	54.3757433
	9.3773348	54.3740067
	9.3773003	54.3738602
	9.3691876	54.3712452
	9.3636748	54.3694792
	9.3607028	54.3690777
	9.3593455	54.3687333
	9.3592889	54.3686242
	9.3592702	54.3685883
	9.358899	54.3685522
	9.3567246	54.3686398
	9.3561589	54.3686243
END
END
