6551785
1
	10.1371174	54.1906976
	10.1393141	54.1867913
	10.1468799	54.182676
	10.1473626	54.1824192
	10.1476101	54.1821838
	10.1478853	54.1816748
	10.148887	54.1814473
	10.1495021	54.181408
	10.1498526	54.1812923
	10.1501043	54.1810661
	10.1503559	54.1810188
	10.1507711	54.1810194
	10.1512412	54.1812713
	10.1514258	54.1814858
	10.1519782	54.1817578
	10.152149	54.1821076
	10.152513	54.182339
	10.1527524	54.1824309
	10.1531197	54.18236
	10.15365	54.182055
	10.1541633	54.18162
	10.1543825	54.1814343
	10.1544993	54.181245
	10.1547105	54.1810609
	10.1550084	54.1809426
	10.1551214	54.1808681
	10.1583838	54.1807952
	10.159073	54.1826605
	10.1615281	54.1827865
	10.1625187	54.1838703
	10.1651461	54.1820051
	10.1644139	54.1811229
	10.1659214	54.1796609
	10.1667828	54.1796861
	10.1669551	54.1792072
	10.1661367	54.1785518
	10.1662229	54.1779972
	10.1710038	54.1785266
	10.1775077	54.1852818
	10.1729146	54.1923715
	10.1716342	54.1929787
	10.1700977	54.1932074
	10.1706162	54.195841
	10.170195	54.1958499
	10.1695041	54.1961872
	10.1689037	54.1968674
	10.168127	54.1972325
	10.1681746	54.1985287
	10.1674829	54.1994666
	10.1630896	54.1994918
	10.1627026	54.1999759
	10.1627788	54.2004442
	10.1616975	54.2008748
	10.1608632	54.2001766
	10.1592907	54.1994965
	10.1589286	54.1990839
	10.1581566	54.1989334
	10.1575562	54.1986156
	10.1557674	54.198232
	10.1547238	54.1978182
	10.1534677	54.1978741
	10.1534391	54.1982811
	10.1527243	54.1988108
	10.1515331	54.1989111
	10.142889	54.2004996
	10.1399171	54.1998949
	10.1415969	54.1962918
	10.1371174	54.1906976
END
END
