6551682
1
	9.7988673	53.6145444
	9.8002083	53.6143249
	9.8033063	53.6137215
	9.8027847	53.6129883
	9.805811	53.6122017
	9.8076844	53.6122359
	9.8145152	53.6115862
	9.8154153	53.6124276
	9.8226718	53.6130224
	9.8234211	53.6125095
	9.8245164	53.6125266
	9.8298258	53.613414
	9.8303966	53.6134188
	9.8304831	53.6134614
	9.8312752	53.6125545
	9.8330243	53.6123906
	9.8334846	53.6122305
	9.833778	53.6121871
	9.8375543	53.6122119
	9.8380827	53.6135544
	9.8381449	53.6135785
	9.8381942	53.6135545
	9.8386182	53.6135547
	9.8386234	53.6135901
	9.838823	53.6148814
	9.838743	53.615567
	9.8402105	53.61537
	9.8403231	53.6156231
	9.8415932	53.6154152
	9.8413609	53.6149016
	9.8439575	53.6144503
	9.8434168	53.6132234
	9.8450183	53.6132229
	9.8457248	53.6129338
	9.8462487	53.6128134
	9.8468455	53.6128352
	9.8472969	53.6128818
	9.8479098	53.6129925
	9.8482692	53.6130228
	9.8494228	53.6128429
	9.8521681	53.6123513
	9.8548679	53.6115046
	9.8573161	53.611085
	9.8592192	53.610754
	9.8592707	53.6108699
	9.8612151	53.6105277
	9.8629944	53.6102648
	9.8640154	53.6102866
	9.8681856	53.6092911
	9.8690949	53.6125575
	9.8692159	53.613249
	9.8693002	53.6136002
	9.8703253	53.614292
	9.871266	53.6149274
	9.8716721	53.6151817
	9.8729609	53.6160547
	9.8736455	53.6165017
	9.8737541	53.6165691
	9.8738744	53.6166437
	9.8746777	53.6171081
	9.8766804	53.618276
	9.8780182	53.6190499
	9.87914	53.6197099
	9.8808968	53.6203578
	9.8818266	53.6205458
	9.8819758	53.6204298
	9.8847404	53.6218083
	9.8850057	53.6219578
	9.8845425	53.6221787
	9.8845251	53.6222128
	9.8844776	53.6222027
	9.8810186	53.6234804
	9.8809962	53.6235218
	9.8809187	53.6235173
	9.8790574	53.6242048
	9.8772927	53.6248435
	9.8768739	53.6250046
	9.8768707	53.6250183
	9.8768537	53.6250123
	9.876512	53.6251437
	9.8760022	53.6254008
	9.8754598	53.6257471
	9.8740297	53.6266274
	9.8709505	53.6286761
	9.8703282	53.628867
	9.8687726	53.6294269
	9.8654788	53.6306675
	9.8634189	53.6314437
	9.8607259	53.6324043
	9.8573571	53.6334413
	9.8549216	53.6341029
	9.8507481	53.6352543
	9.8480977	53.6361823
	9.845094	53.6373599
	9.8413926	53.638772
	9.8389357	53.6398724
	9.8387352	53.6399642
	9.8375356	53.6405111
	9.8368919	53.6412744
	9.8337215	53.6448971
	9.8325198	53.6458956
	9.8314899	53.6458129
	9.830734	53.646159
	9.8288506	53.6470212
	9.8286704	53.6472848
	9.8274506	53.6465832
	9.8278595	53.6439391
	9.8237442	53.6397724
	9.8212935	53.6396353
	9.8214322	53.6385114
	9.8201838	53.6360166
	9.8178255	53.6344264
	9.8112595	53.6364004
	9.8107047	53.6360166
	9.8108896	53.6338232
	9.8092712	53.6317669
	9.8079765	53.6309443
	9.8063581	53.6311637
	9.8034913	53.6297104
	9.8033526	53.6276539
	9.8023815	53.6274071
	9.8051559	53.6233485
	9.8067743	53.6230468
	9.8072829	53.6214562
	9.8063145	53.6206253
	9.804971	53.619838
	9.8051559	53.6188232
	9.8033526	53.6187958
	9.8016879	53.6172873
	9.7989136	53.6157787
	9.7988673	53.6145444
END
END
