6551649
1
	10.9979676	54.3525999
	10.9987771	54.3507825
	11.0000457	54.3506616
	11.0003323	54.3504111
	11.0015965	54.3506763
	11.0021379	54.3506744
	11.0027096	54.3490786
	11.003816	54.346991
	11.0055406	54.3471391
	11.0076645	54.346864
	11.0080166	54.3465573
	11.0073559	54.3464882
	11.0078097	54.3455676
	11.0078604	54.3431794
	11.0105898	54.3430001
	11.0129401	54.342506
	11.0135228	54.3421343
	11.016028	54.3419756
	11.0162168	54.3433692
	11.0168795	54.3434641
	11.0218733	54.3431502
	11.021837	54.3455099
	11.0232608	54.3454432
	11.0236541	54.3459796
	11.026359	54.3462124
	11.029368	54.3461672
	11.0298558	54.3448204
	11.0323974	54.3447606
	11.0328723	54.3453024
	11.0331932	54.3454146
	11.0337837	54.3454745
	11.0342458	54.345452
	11.0346566	54.3457139
	11.0349133	54.346088
	11.0349646	54.3470158
	11.0341872	54.3472902
	11.0338992	54.3488057
	11.0340321	54.3488242
	11.0341688	54.3488432
	11.0338076	54.3515084
	11.0442611	54.3519903
	11.0440043	54.3546983
	11.0475728	54.3552668
	11.0478916	54.3534148
	11.0497293	54.3537258
	11.0527073	54.3541298
	11.0573283	54.3544589
	11.059442	54.3551366
	11.0597114	54.3552293
	11.0606408	54.3554792
	11.0740792	54.3510869
	11.075679	54.3498644
	11.075802	54.347795
	11.0757642	54.3421109
	11.0790168	54.3420353
	11.077533	54.3453627
	11.0778308	54.3466815
	11.0783961	54.3480554
	11.0790222	54.3490543
	11.0799563	54.3502879
	11.0811718	54.3516219
	11.0817898	54.3523671
	11.0827831	54.3533845
	11.0834312	54.3538835
	11.0847123	54.3547011
	11.0856181	54.3551488
	11.0863082	54.3554665
	11.0869155	54.3560202
	11.0883381	54.3568958
	11.0889104	54.3573148
	11.0900482	54.3581761
	11.091885	54.3592135
	11.093311	54.3600829
	11.0952225	54.3607503
	11.0957815	54.36088
	11.0963858	54.3610202
	11.0975938	54.3613004
	11.0988394	54.3617226
	11.1004451	54.3620658
	11.1018548	54.3626556
	11.1033531	54.3631678
	11.1044821	54.3637888
	11.1047071	54.3639128
	11.105671	54.3645278
	11.1065562	54.3652501
	11.107562	54.3660411
	11.1094084	54.3669675
	11.1108219	54.3677016
	11.1123951	54.3683899
	11.1134875	54.3690598
	11.1144461	54.3693342
	11.1156322	54.369976
	11.116623	54.3701689
	11.1179663	54.3705751
	11.1189571	54.370556
	11.1195423	54.3705301
	11.1200804	54.3705401
	11.1209607	54.3712526
	11.1213453	54.3717135
	11.1221618	54.3722932
	11.1228173	54.3727332
	11.1237491	54.3731663
	11.1255215	54.3734916
	11.1259949	54.3743115
	11.1264056	54.375357
	11.1270937	54.3760974
	11.1269411	54.3762007
	11.1269337	54.3763296
	11.1271479	54.3767363
	11.1282531	54.3795132
	11.1284243	54.380277
	11.1282764	54.3804616
	11.1289746	54.38179
	11.1297981	54.3829447
	11.1300648	54.3834708
	11.1303717	54.3841613
	11.1304273	54.3849213
	11.1306354	54.3853291
	11.1307098	54.3859563
	11.1306004	54.3866599
	11.1306599	54.38785
	11.1302931	54.3883337
	11.1293176	54.389112
	11.1289602	54.3895454
	11.1281445	54.3903913
	11.1263515	54.3911051
	11.1245882	54.3914891
	11.1234986	54.3915699
	11.1230051	54.3915851
	11.1224904	54.3917089
	11.1213023	54.3923836
	11.1202775	54.3931907
	11.1196094	54.3936885
	11.1190103	54.3939923
	11.1187895	54.3941263
	11.1188374	54.3942696
	11.1186588	54.394442
	11.1186515	54.3950573
	11.1185608	54.3950599
	11.1185527	54.3949223
	11.11832	54.3949505
	11.1183079	54.394911
	11.1185551	54.3948785
	11.1185378	54.3944333
	11.1184445	54.3943187
	11.1184758	54.3936993
	11.118339	54.393642
	11.1182329	54.3936683
	11.1181971	54.3936772
	11.1181698	54.3938062
	11.1178942	54.3937476
	11.1179566	54.3934029
	11.1181314	54.3925719
	11.1181877	54.3923045
	11.1175963	54.3921359
	11.117235	54.393848
	11.1173775	54.3939396
	11.1174343	54.3939172
	11.1175945	54.3940436
	11.1175417	54.3941072
	11.1175116	54.3941832
	11.117455	54.394636
	11.1174929	54.3947028
	11.1176109	54.3947738
	11.1175806	54.3947862
	11.1176915	54.3948514
	11.1179784	54.3948749
	11.1180591	54.3949065
	11.1180281	54.3949309
	11.1179691	54.3949101
	11.1176915	54.3948921
	11.1176031	54.3948659
	11.1174387	54.3947675
	11.1173619	54.3946837
	11.1173389	54.3945692
	11.1174125	54.3941001
	11.1169434	54.3939044
	11.1172383	54.3922369
	11.1171686	54.3920656
	11.1170707	54.3919352
	11.1170444	54.3917455
	11.116969	54.3915538
	11.1167131	54.3911709
	11.1164366	54.3909626
	11.1162841	54.3908
	11.1154406	54.3904689
	11.1150382	54.3904463
	11.1149602	54.3904985
	11.1148188	54.39055
	11.1141701	54.3905644
	11.1134591	54.3904451
	11.1122632	54.3904356
	11.112134	54.3903599
	11.1115348	54.3901783
	11.1109338	54.3897895
	11.1107182	54.389597
	11.1101637	54.3893385
	11.1100326	54.3892595
	11.1100565	54.389163
	11.1100226	54.3890822
	11.109685	54.3890374
	11.1094814	54.3890905
	11.1095446	54.3891927
	11.1092498	54.3894462
	11.1088794	54.3896911
	11.108784	54.3902417
	11.1084246	54.3904077
	11.1072342	54.3907688
	11.1070953	54.3907417
	11.1069767	54.3907773
	11.1070414	54.3908777
	11.1071708	54.3909677
	11.1071816	54.3911707
	11.1072607	54.3912817
	11.1072499	54.3913528
	11.1071493	54.3914323
	11.1071888	54.3916207
	11.1072413	54.3917663
	11.1072068	54.3918844
	11.1075339	54.3924264
	11.1078753	54.3926587
	11.1079851	54.3929818
	11.1080946	54.393071
	11.1082471	54.3930816
	11.1087596	54.3930647
	11.1089751	54.3929985
	11.1092089	54.3930061
	11.1096079	54.3929203
	11.1100584	54.3927585
	11.1103218	54.3925868
	11.1106652	54.3921508
	11.1110349	54.3918363
	11.111218	54.3915828
	11.1115812	54.3914009
	11.1118472	54.3914721
	11.1121096	54.3914323
	11.1123468	54.3912921
	11.1126504	54.3912142
	11.1128177	54.3910912
	11.1130406	54.3910452
	11.1132059	54.3909489
	11.1133317	54.3909091
	11.113464	54.390789
	11.1135709	54.3909306
	11.1135797	54.3910535
	11.1135176	54.3912167
	11.1130558	54.3915246
	11.1126533	54.391995
	11.1121892	54.3920551
	11.1111843	54.3925212
	11.1108593	54.3927414
	11.1102321	54.3930143
	11.110183	54.3931212
	11.1096856	54.3933729
	11.1094602	54.3934634
	11.1093315	54.3935228
	11.1091813	54.3936571
	11.1090257	54.3939225
	11.1089399	54.3940974
	11.1088219	54.3944379
	11.1087843	54.3946159
	11.1087951	54.3946815
	11.1095675	54.3957777
	11.1099645	54.3963711
	11.109986	54.396446
	11.1099699	54.3965366
	11.1099001	54.3966084
	11.1097821	54.3966959
	11.1095514	54.3967677
	11.1089828	54.3968426
	11.1087951	54.3968395
	11.1085751	54.3968052
	11.1084356	54.3967458
	11.1082854	54.3966521
	11.1081513	54.3965428
	11.10747	54.3961181
	11.1069014	54.3957964
	11.106601	54.3956528
	11.1059573	54.3954123
	11.1050614	54.395125
	11.1040958	54.3947596
	11.1033287	54.3944816
	11.1029639	54.394391
	11.1027547	54.3943629
	11.1025777	54.3943567
	11.1018267	54.3943567
	11.1009576	54.3943473
	11.1004963	54.3943286
	11.1000993	54.3942973
	11.0995844	54.3942286
	11.0992303	54.3941474
	11.0988763	54.3940225
	11.0982111	54.3938164
	11.09687	54.3934603
	11.0963657	54.3933416
	11.0961833	54.3933229
	11.0960117	54.3933229
	11.0958185	54.3933416
	11.0955074	54.3933916
	11.0953465	54.3934103
	11.0952177	54.3933978
	11.095089	54.3933479
	11.0947993	54.3932229
	11.094456	54.3930918
	11.0940268	54.3929169
	11.0936835	54.3927982
	11.0932436	54.3926545
	11.093029	54.3925421
	11.0925892	54.3923984
	11.0921922	54.3922547
	11.0916665	54.3920611
	11.0909047	54.3917237
	11.0904327	54.3915238
	11.0902074	54.3914239
	11.090025	54.391299
	11.0899069	54.3911615
	11.0893061	54.3904244
	11.0891452	54.3902495
	11.0888984	54.3900746
	11.0888233	54.3899746
	11.0885766	54.3896685
	11.0883298	54.3894124
	11.0880294	54.3889813
	11.0878256	54.3887377
	11.0876002	54.3884128
	11.0872445	54.3875318
	11.0860955	54.3865268
	11.0847275	54.3855258
	11.0838429	54.3846513
	11.0829727	54.3839695
	11.0823816	54.3834865
	11.0820018	54.3832205
	11.0814629	54.3828728
	11.0811293	54.3826607
	11.0808409	54.3823671
	11.0802208	54.3817361
	11.0795553	54.3809089
	11.0788598	54.3801979
	11.0781641	54.3794101
	11.0781373	54.3793392
	11.0780898	54.3792914
	11.077423	54.3788468
	11.0772272	54.3786934
	11.0768147	54.3785418
	11.0761294	54.3781678
	11.0756643	54.3779257
	11.0744522	54.3771872
	11.0742014	54.3770552
	11.0739345	54.3769066
	11.0734994	54.3765842
	11.0729791	54.3763516
	11.072247	54.3760775
	11.0713712	54.3758795
	11.0706475	54.3756635
	11.0689458	54.3752618
	11.0684101	54.3750876
	11.0674962	54.3749053
	11.0668026	54.3748937
	11.0663367	54.3748233
	11.0654896	54.37482
	11.0650607	54.3747442
	11.0645863	54.3747944
	11.0640795	54.3747743
	11.0628744	54.3750357
	11.062258	54.3750273
	11.0616378	54.3753229
	11.0610775	54.3754135
	11.0595982	54.3754177
	11.0590477	54.3751309
	11.0576618	54.3747659
	11.0558129	54.3739905
	11.0520382	54.37326
	11.050357	54.3725505
	11.0490073	54.3721708
	11.0482767	54.3721758
	11.0439457	54.3713172
	11.0403452	54.3706021
	11.0399659	54.3706102
	11.0395317	54.3704235
	11.0383189	54.3701741
	11.0335541	54.3690619
	11.0312277	54.3686779
	11.0295754	54.3683376
	11.0277683	54.3679712
	11.0260361	54.367836
	11.0238269	54.3676477
	11.0222333	54.3676833
	11.0225911	54.3674237
	11.0226512	54.3666241
	11.0222994	54.3645176
	11.0224833	54.3635003
	11.0145361	54.3630207
	11.0134502	54.3586187
	11.0108694	54.3587513
	11.0108635	54.3587406
	11.0098409	54.3585753
	11.0094893	54.3587489
	11.0088933	54.3585301
	11.0082378	54.3586135
	11.0076776	54.3589399
	11.0075551	54.3592011
	11.0071736	54.3593163
	11.0066595	54.3590511
	11.00576	54.359026
	11.0018469	54.3581712
	11.0022663	54.3570407
	11.001325	54.35668
	11.0018927	54.35525
	11.0020346	54.3539387
	10.9987858	54.3533117
	10.9986501	54.3530612
	10.9981852	54.3528945
	10.9979676	54.3525999
END
END
