6551933
1
	9.9066009	54.5099023
	9.9082373	54.5087409
	9.9087976	54.5080946
	9.9086465	54.5077355
	9.909006	54.50747
	9.9094029	54.5072439
	9.9105826	54.5071754
	9.911479	54.5068006
	9.911899	54.5057174
	9.9125548	54.5046389
	9.9141496	54.5042582
	9.9183714	54.5032504
	9.9213736	54.4922659
	9.922451	54.4910048
	9.9227317	54.4901753
	9.9228015	54.4900528
	9.9235703	54.4902531
	9.9239342	54.4903376
	9.9241355	54.4903489
	9.9246621	54.490513
	9.9251229	54.4904951
	9.9253474	54.490684
	9.9256804	54.4907627
	9.9259669	54.4908301
	9.9262031	54.4908256
	9.9264024	54.4909344
	9.9267374	54.4909561
	9.9270549	54.4910843
	9.9273685	54.4910483
	9.9277557	54.4911922
	9.9281969	54.4911712
	9.9284642	54.4913159
	9.9287608	54.4913116
	9.9289095	54.4914666
	9.929762	54.4917281
	9.9312132	54.4918714
	9.9327405	54.4919642
	9.9335905	54.4922402
	9.9343223	54.4926135
	9.9352206	54.4926315
	9.93643	54.4927926
	9.9372301	54.4928698
	9.9382244	54.493105
	9.9387534	54.4933432
	9.9393888	54.4938903
	9.9400789	54.4944247
	9.9404439	54.4945132
	9.9408434	54.4947008
	9.9412575	54.494926
	9.9416693	54.4950074
	9.9421447	54.4954706
	9.9423955	54.4955179
	9.9426596	54.4957098
	9.9429203	54.4957874
	9.9431501	54.4957684
	9.9435915	54.4961349
	9.9439051	54.4961821
	9.9441684	54.4963103
	9.9444045	54.4963688
	9.9445981	54.4964879
	9.9448734	54.4965117
	9.9452409	54.4967465
	9.9456335	54.4968834
	9.9459726	54.4971535
	9.9463207	54.497209
	9.9467044	54.4975065
	9.9470732	54.4975848
	9.9470439	54.4976951
	9.9475656	54.4979333
	9.9478543	54.497891
	9.9480796	54.4980468
	9.9482436	54.498175
	9.948407	54.4982862
	9.948609	54.4983513
	9.9488431	54.4984529
	9.9490694	54.4984343
	9.949528	54.4987006
	9.9499953	54.4988176
	9.9505341	54.4987003
	9.9509481	54.4987785
	9.9511067	54.4987275
	9.951546	54.4987836
	9.9529515	54.4996272
	9.9533642	54.4998428
	9.9538283	54.5001058
	9.9545565	54.500153
	9.9553249	54.5001479
	9.9556738	54.5003208
	9.9562059	54.5003868
	9.9573954	54.5005343
	9.9587137	54.500805
	9.959681	54.5008449
	9.9602323	54.500829
	9.9606505	54.5010311
	9.9609417	54.5011566
	9.961556	54.5012339
	9.9623175	54.5014169
	9.9629467	54.5017987
	9.9636245	54.5021524
	9.9651317	54.5028673
	9.9675436	54.5041417
	9.9681969	54.5044696
	9.9688729	54.5049791
	9.9695173	54.5051892
	9.9703467	54.5058563
	9.9708491	54.5061152
	9.9714344	54.5065621
	9.9723049	54.5073516
	9.9731892	54.5085444
	9.9737655	54.5091772
	9.9742125	54.5095025
	9.9748007	54.509968
	9.9749727	54.5101356
	9.9754354	54.5104548
	9.9758445	54.5107003
	9.9762678	54.5108691
	9.9775901	54.5112178
	9.97845	54.5113141
	9.9787466	54.5113602
	9.97922	54.5113895
	9.9795991	54.5114375
	9.980215	54.5114577
	9.9812024	54.5115574
	9.9821202	54.5117573
	9.9842863	54.5121428
	9.984958	54.5125081
	9.9850548	54.5128138
	9.9852872	54.5129127
	9.9853878	54.5132162
	9.9855775	54.5133263
	9.9857678	54.513726
	9.9859454	54.5139961
	9.9861252	54.5141022
	9.986644	54.514764
	9.9879897	54.5160414
	9.9885022	54.5164948
	9.9889422	54.5168819
	9.9893125	54.5169684
	9.9905795	54.517874
	9.991772	54.5185105
	9.9933855	54.5188364
	9.9944152	54.519153
	9.9955128	54.5194518
	9.9960353	54.5200102
	9.996689	54.520444
	9.998257	54.521584
	9.9988192	54.52219
	9.9992233	54.5228422
	9.9997374	54.5236751
	10.0004956	54.5242685
	10.0007009	54.5246731
	10.00091	54.5247248
	10.0009973	54.5250553
	10.0013862	54.5259606
	10.0017664	54.5264817
	10.0021722	54.5267425
	10.0022729	54.5270144
	10.0025291	54.5271053
	10.0030008	54.5277491
	10.0032098	54.5282075
	10.004168	54.52922
	10.0049733	54.5298668
	10.0059625	54.5300879
	10.0065848	54.5316225
	10.0067781	54.5318737
	10.007066	54.532562
	10.0076271	54.5334899
	10.008736	54.535842
	10.009661	54.537627
	10.01012	54.538392
	10.011505	54.540941
	10.012405	54.541702
	10.013317	54.542975
	10.01513	54.545009
	10.0159362	54.5456953
	10.017135	54.545889
	10.018239	54.546008
	10.019344	54.546126
	10.021119	54.546623
	10.025811	54.549274
	10.026718	54.550291
	10.0273061	54.551315
	10.027236	54.55336
	10.027287	54.555409
	10.026904	54.557717
	10.0266019	54.5599976
	10.0264246	54.5611826
	10.0261473	54.5644009
	10.0258876	54.5651977
	10.0256957	54.5665167
	10.0256793	54.5666375
	10.0258815	54.5674455
	10.0262536	54.5678636
	10.0263702	54.5682919
	10.0257509	54.5682568
	10.025329	54.5682329
	10.0250867	54.5682008
	10.0250022	54.5681608
	10.0249438	54.5680916
	10.0250255	54.5677582
	10.0251146	54.5673946
	10.0250989	54.5672369
	10.0250324	54.5670385
	10.0248318	54.5667177
	10.024619	54.56656
	10.0244	54.5664278
	10.023818	54.5661711
	10.0236014	54.5660749
	10.0233235	54.5659862
	10.0227277	54.5658968
	10.022105	54.5657943
	10.021307	54.5654782
	10.0203716	54.5651038
	10.0198736	54.5648468
	10.0191354	54.5642889
	10.0184952	54.5638861
	10.0178825	54.5635861
	10.0171944	54.5633312
	10.0168266	54.5631647
	10.0165336	54.5631139
	10.0161936	54.5631416
	10.0152945	54.5633527
	10.0150619	54.5634799
	10.0147222	54.5637455
	10.0142934	54.5641169
	10.013908	54.564235
	10.013578	54.5642232
	10.012916	54.5641404
	10.0115424	54.5639686
	10.0109896	54.5638402
	10.0105991	54.5638614
	10.0103208	54.5639391
	10.0097315	54.5641133
	10.0085201	54.5644681
	10.0081095	54.5645562
	10.0075438	54.5646788
	10.0071552	54.5647258
	10.0068503	54.5647266
	10.0062654	54.5647027
	10.0052904	54.5646159
	10.0046286	54.5645482
	10.0042619	54.5644576
	10.0038214	54.5643176
	10.0031802	54.5641159
	10.0029473	54.5640406
	10.002511	54.5638996
	10.0022768	54.5638532
	10.0020276	54.5638366
	10.0016769	54.5638712
	10.001461	54.5638804
	10.0011515	54.5638275
	10.0007924	54.563717
	10.0003638	54.5636141
	9.9997984	54.5635152
	9.999228	54.5633524
	9.9989968	54.563292
	9.9988133	54.563292
	9.998358	54.5633426
	9.9981001	54.5634231
	9.9979592	54.5634714
	9.9978213	54.5634404
	9.9977578	54.5634387
	9.9976914	54.563472
	9.9976348	54.5635215
	9.997608	54.5635991
	9.9975019	54.5636164
	9.9973938	54.563774
	9.9973303	54.5638315
	9.9972975	54.5638775
	9.9972033	54.5638867
	9.9971001	54.5638539
	9.9970118	54.5638004
	9.9968541	54.5637579
	9.9967281	54.5636894
	9.9966071	54.5636463
	9.9965793	54.5635842
	9.9965079	54.5635888
	9.9964345	54.5636411
	9.9963392	54.5636894
	9.9963164	54.5637366
	9.9962103	54.5637999
	9.9960664	54.5638217
	9.9959295	54.563793
	9.995753	54.5637124
	9.9956111	54.5636124
	9.9955089	54.5635617
	9.995253	54.5635531
	9.9950872	54.5635225
	9.9950241	54.5634363
	9.9950353	54.5633753
	9.9949764	54.5633419
	9.9948753	54.563346
	9.994794	54.5633615
	9.9945976	54.5632378
	9.9944376	54.5632508
	9.9942889	54.563185
	9.9941795	54.5631719
	9.9940154	54.5631947
	9.993847	54.5631549
	9.9935636	54.5631036
	9.9932746	54.5630141
	9.9930221	54.5629889
	9.9928159	54.5630353
	9.9926784	54.5631117
	9.992677	54.5631898
	9.9926882	54.5632866
	9.9926237	54.5633566
	9.9924525	54.5634241
	9.992301	54.5634941
	9.9922084	54.5636104
	9.9922042	54.5636974
	9.9920891	54.5638381
	9.9919643	54.5639365
	9.9917791	54.5640228
	9.9917057	54.5640692
	9.9916204	54.5642121
	9.9913985	54.5643176
	9.9912278	54.5643616
	9.9911292	54.5644463
	9.9910117	54.5645166
	9.9908391	54.564642
	9.9906552	54.5646893
	9.9903025	54.5647552
	9.9900066	54.5648344
	9.9897677	54.564896
	9.9894093	54.5649234
	9.9890737	54.5649971
	9.9888783	54.5649861
	9.9887816	54.5649498
	9.9886167	54.5649542
	9.9883303	54.5649971
	9.9881028	54.5649476
	9.9880857	54.5648509
	9.9879852	54.5647497
	9.9880269	54.5647079
	9.9880952	54.5646937
	9.9881274	54.5646607
	9.9881103	54.5645705
	9.98819	54.5645112
	9.9882715	54.5644716
	9.9882677	54.5643858
	9.9882146	54.5642605
	9.988135	54.564156
	9.9880478	54.5641263
	9.987898	54.5641351
	9.987769	54.5641373
	9.987678	54.5641406
	9.9875623	54.5641802
	9.9874694	54.5641758
	9.9873025	54.5641626
	9.9871034	54.5642077
	9.9869612	54.5642671
	9.9868379	54.5643133
	9.9866673	54.5643209
	9.9865383	54.56431
	9.9863696	54.564366
	9.986142	54.5644078
	9.9861136	54.5644782
	9.9860567	54.5645694
	9.9858614	54.5646442
	9.9857229	54.5647222
	9.9856622	54.5648047
	9.9855105	54.5648586
	9.9853683	54.564863
	9.9852526	54.564841
	9.9851237	54.5648234
	9.985008	54.5648762
	9.9849094	54.5649619
	9.9848544	54.565029
	9.9847369	54.5650488
	9.9845491	54.5650697
	9.9844012	54.5651741
	9.9842609	54.5653104
	9.9841452	54.565317
	9.9840201	54.5653115
	9.9838228	54.5653621
	9.9837208	54.5653699
	9.9835934	54.5653139
	9.9835089	54.5652992
	9.9833266	54.5652976
	9.9829235	54.5652339
	9.9828211	54.5651771
	9.9827312	54.5651297
	9.9825221	54.5650574
	9.9823625	54.5649898
	9.9822592	54.5649299
	9.9821252	54.5648514
	9.9820997	54.5647355
	9.9820729	54.5645832
	9.9821077	54.5644572
	9.981979	54.5644121
	9.9817055	54.5643616
	9.9814815	54.5643694
	9.9814288	54.5643516
	9.9813475	54.5643243
	9.9813287	54.5642427
	9.9813837	54.5641719
	9.9814158	54.5641245
	9.9813716	54.5640856
	9.9811785	54.5640382
	9.9809117	54.5639651
	9.9807038	54.5639667
	9.9805791	54.5640234
	9.9804062	54.5640747
	9.9802613	54.5640778
	9.9801554	54.5640561
	9.9801098	54.5639682
	9.979969	54.563899
	9.9798443	54.5638104
	9.9798229	54.5637607
	9.9798416	54.5636394
	9.97991	54.5635647
	9.9799583	54.5635127
	9.9799905	54.5634404
	9.9801286	54.5634139
	9.980201	54.5633121
	9.9802466	54.5632367
	9.9801903	54.5631473
	9.980083	54.5630672
	9.9803539	54.5629651
	9.9805468	54.5628053
	9.9806524	54.5626163
	9.9807415	54.562471
	9.9807031	54.5623641
	9.9807954	54.5622164
	9.9806606	54.5620843
	9.9805523	54.5619612
	9.9804856	54.5618451
	9.9804874	54.5617507
	9.980298	54.5615364
	9.9799839	54.5613993
	9.9797172	54.5612188
	9.9794481	54.5610461
	9.9790524	54.5608372
	9.9789168	54.5606748
	9.9784566	54.5606903
	9.9782832	54.5604441
	9.9780698	54.5602752
	9.9779942	54.560163
	9.9779897	54.5599529
	9.9776851	54.5598343
	9.9776207	54.5596525
	9.977674	54.5594733
	9.9776918	54.5593419
	9.9775406	54.5592516
	9.977365	54.5591859
	9.9771671	54.5591163
	9.9770782	54.5589989
	9.9769782	54.5587566
	9.9768569	54.558662
	9.9766064	54.5585371
	9.9764179	54.5584879
	9.9761777	54.5585239
	9.9758568	54.5584314
	9.9757802	54.5583654
	9.9757864	54.5582958
	9.9758112	54.5581841
	9.9757802	54.5581517
	9.9756973	54.5581301
	9.9756766	54.5580856
	9.9758278	54.5579043
	9.975745	54.5577683
	9.975703	54.5577485
	9.9756249	54.5576414
	9.9755202	54.5575727
	9.9754477	54.5575561
	9.975362	54.5574742
	9.9752333	54.5574257
	9.9748445	54.5573866
	9.9744917	54.5573762
	9.9740714	54.5573188
	9.9738355	54.5573371
	9.9735164	54.5573253
	9.9731298	54.5572563
	9.9729456	54.5572706
	9.972777	54.5573214
	9.9727029	54.5573123
	9.9725186	54.5572042
	9.9723972	54.5571963
	9.9722399	54.5572133
	9.971959	54.5571768
	9.9716961	54.5571234
	9.9709163	54.5570712
	9.9706601	54.5570217
	9.9704151	54.5569148
	9.9701792	54.5569096
	9.969872	54.5568025
	9.9697419	54.5567572
	9.9689194	54.5565239
	9.9680991	54.5563258
	9.9675171	54.5562567
	9.9670519	54.5559622
	9.9670879	54.5559075
	9.9670699	54.5558619
	9.9668901	54.5558084
	9.9666317	54.5557732
	9.9664676	54.5556885
	9.9663822	54.5556481
	9.9663552	54.5556038
	9.9663463	54.5554083
	9.966317	54.5553367
	9.9662092	54.5552402
	9.9661103	54.5551138
	9.9659979	54.5550799
	9.9658069	54.5550747
	9.9657305	54.5550421
	9.9656833	54.5549183
	9.9655462	54.5547893
	9.9654091	54.5547606
	9.9652608	54.5547893
	9.9651732	54.5548049
	9.9650653	54.5547919
	9.964872	54.5547346
	9.9646451	54.5547398
	9.9643661	54.5548031
	9.9639844	54.554801
	9.9629012	54.5548427
	9.9626585	54.5548271
	9.9623326	54.5547399
	9.9620651	54.5545746
	9.9619917	54.5545335
	9.9619312	54.5544996
	9.9618097	54.554443
	9.961727	54.5542938
	9.9614823	54.554115
	9.9614372	54.5539992
	9.9614389	54.5538549
	9.9610967	54.5537404
	9.9607532	54.553826
	9.960562	54.5538247
	9.9602862	54.5538673
	9.9601431	54.5538574
	9.9597927	54.55393
	9.9596149	54.5540032
	9.9593072	54.5540108
	9.9590477	54.5540459
	9.9589176	54.5540984
	9.9584721	54.5540896
	9.9580043	54.5539898
	9.9577647	54.5539679
	9.9575783	54.5539309
	9.9574413	54.5538717
	9.9573841	54.5537821
	9.9572357	54.5536924
	9.9571471	54.5536595
	9.9566779	54.5534432
	9.9564784	54.5533981
	9.9563504	54.5533878
	9.9562538	54.5533586
	9.9559135	54.5533181
	9.9556262	54.5532372
	9.9553561	54.5531237
	9.955076	54.5530575
	9.9549771	54.5529858
	9.9548953	54.5528967
	9.9548511	54.5527063
	9.954878	54.5525346
	9.9547949	54.5524553
	9.9547592	54.5524211
	9.954497	54.5523432
	9.9544076	54.5522959
	9.9544007	54.5521973
	9.9544926	54.5518961
	9.9545019	54.5517641
	9.9544128	54.5516018
	9.9543709	54.5515349
	9.9538364	54.5513724
	9.9537092	54.5513144
	9.9536651	54.5512716
	9.9536379	54.5511994
	9.9536472	54.5510213
	9.95362	54.5508991
	9.9536733	54.5506879
	9.9537455	54.5505822
	9.9537637	54.5505356
	9.9537166	54.5503689
	9.9537176	54.5502468
	9.9537042	54.5501534
	9.9536375	54.5501141
	9.953463	54.5500752
	9.9533238	54.550011
	9.9531987	54.5499787
	9.9527005	54.5500279
	9.9524271	54.5500863
	9.9522352	54.5501043
	9.9518917	54.5501856
	9.9516826	54.5502008
	9.9515328	54.5502472
	9.9514497	54.5502712
	9.9511546	54.5504412
	9.9510897	54.5504468
	9.9509468	54.550389
	9.9507171	54.5503651
	9.950486	54.5503919
	9.9504107	54.5503815
	9.9503153	54.5503396
	9.9502327	54.5502278
	9.9502853	54.5501433
	9.9503509	54.5501176
	9.950351	54.550077
	9.9502687	54.549971
	9.9499528	54.5497223
	9.9496454	54.5496556
	9.9492324	54.5496605
	9.9484103	54.5497736
	9.9479772	54.5497595
	9.947713	54.5496057
	9.9474403	54.5495857
	9.9467578	54.5496403
	9.9464339	54.5495537
	9.9459674	54.5496017
	9.9457275	54.5497508
	9.94536	54.5505444
	9.9438474	54.5504895
	9.943665	54.550464
	9.9433823	54.55034
	9.9433552	54.5501918
	9.9430416	54.5497854
	9.9428929	54.5497412
	9.9428016	54.5496177
	9.9414757	54.549287
	9.9414291	54.5492367
	9.9413827	54.549123
	9.941429	54.5489203
	9.9414566	54.5488802
	9.9415264	54.5488133
	9.9418117	54.5487336
	9.9418863	54.5486623
	9.9422709	54.5484656
	9.9424275	54.5484331
	9.9425757	54.5483524
	9.9430367	54.5482351
	9.9432283	54.5482298
	9.9434994	54.5480692
	9.9435195	54.5479066
	9.9435718	54.5478726
	9.9435511	54.5477933
	9.9435994	54.547712
	9.94355	54.5476794
	9.9434928	54.5474597
	9.9429262	54.5472183
	9.9422167	54.5466546
	9.9420683	54.5463861
	9.9416326	54.5460309
	9.941094	54.5455407
	9.9410119	54.5453966
	9.9409569	54.5452581
	9.941	54.545152
	9.9412501	54.5450432
	9.9413144	54.5448899
	9.9412225	54.5447433
	9.941041	54.544642
	9.9409422	54.5444501
	9.940912	54.5441182
	9.9406363	54.5440477
	9.9404606	54.5439305
	9.9404941	54.5438249
	9.9407956	54.5437275
	9.9407193	54.5435717
	9.9403663	54.5433968
	9.9401466	54.5430535
	9.9399452	54.5428811
	9.9399749	54.5424948
	9.9394851	54.5419314
	9.938941	54.5417574
	9.9387314	54.5415037
	9.9389786	54.5410635
	9.9380311	54.5407856
	9.9373032	54.5405163
	9.9371584	54.5404143
	9.9369003	54.5402639
	9.9366274	54.5400756
	9.9365399	54.5399609
	9.9364887	54.5397184
	9.9364398	54.5394954
	9.9363738	54.5394279
	9.9362956	54.5393365
	9.935269	54.538803
	9.9349585	54.5386811
	9.9345661	54.5386382
	9.9342017	54.5385444
	9.9336259	54.5385195
	9.9333332	54.538481
	9.9331563	54.538401
	9.9331182	54.5382844
	9.9331783	54.5381658
	9.9333746	54.5379158
	9.933395	54.537756
	9.9331195	54.5373747
	9.9327839	54.5363502
	9.932446	54.5354514
	9.9323324	54.5344741
	9.9326553	54.5334742
	9.929316	54.5330815
	9.9275252	54.5357875
	9.9253484	54.5357989
	9.929423	54.5298746
	9.9299548	54.5301479
	9.9305762	54.5303856
	9.9307649	54.530437
	9.9312988	54.5303904
	9.9315604	54.5304038
	9.9321624	54.530522
	9.93281	54.5306102
	9.9339716	54.5305942
	9.9340374	54.5305718
	9.9345833	54.5301188
	9.9357431	54.5292682
	9.9368768	54.5285738
	9.9371217	54.5283287
	9.9371538	54.528119
	9.9370558	54.5277933
	9.9367878	54.5275883
	9.9364285	54.5272355
	9.9361723	54.5268467
	9.935962	54.5266827
	9.9352605	54.5265078
	9.9348023	54.5263141
	9.934155	54.5262415
	9.933831	54.5261702
	9.9333502	54.525969
	9.9325571	54.5258478
	9.9318256	54.5256413
	9.9314484	54.5255392
	9.9310711	54.5254371
	9.9304052	54.5254649
	9.9299783	54.5256604
	9.9295324	54.5256468
	9.9290389	54.5257454
	9.9285149	54.5258732
	9.9278364	54.5258597
	9.9273528	54.5256922
	9.9268278	54.5253113
	9.9262545	54.5252749
	9.9260092	54.5250826
	9.9259544	54.5247198
	9.9257286	54.5245298
	9.9254413	54.5244351
	9.9251837	54.5245129
	9.9247394	54.5249566
	9.9243986	54.5252136
	9.9241453	54.5253872
	9.9238809	54.5254276
	9.9235969	54.5253837
	9.9227251	54.5248157
	9.9222299	54.5244953
	9.9220457	54.5243619
	9.9219722	54.52393
	9.9222355	54.5236129
	9.9222449	54.5234921
	9.9221091	54.5233789
	9.9219029	54.5232502
	9.921608	54.5231554
	9.9212667	54.5231599
	9.921032	54.5232314
	9.9208569	54.5233817
	9.9205835	54.5235127
	9.9202318	54.5234966
	9.919626	54.5233222
	9.919079	54.5232615
	9.918669	54.5231739
	9.9184843	54.5230446
	9.918358	54.5227199
	9.9182488	54.5225947
	9.9178214	54.5221563
	9.9175082	54.5219356
	9.9168828	54.5217719
	9.9162218	54.5217061
	9.9163147	54.5214799
	9.9166601	54.5212651
	9.9166668	54.5211264
	9.9165244	54.5209511
	9.9167938	54.5204554
	9.9161663	54.5198134
	9.9160184	54.5196187
	9.9161534	54.5193849
	9.9162435	54.5191441
	9.916153	54.5189465
	9.9157203	54.5185726
	9.9152481	54.518279
	9.9145552	54.5179422
	9.9141242	54.5181739
	9.9139434	54.5181699
	9.9136043	54.5177173
	9.9123146	54.5173992
	9.9117712	54.5173688
	9.9112391	54.5172088
	9.9105833	54.5171386
	9.9098243	54.5170004
	9.9093187	54.5170674
	9.9106817	54.5133389
	9.9088018	54.5127126
	9.9087517	54.5118471
	9.9071894	54.5106143
	9.9068869	54.5102871
	9.9066846	54.5101035
	9.9066009	54.5099023
END
END
