6551609
1
	8.8460614	54.7179527
	8.8498123	54.7136121
	8.8522963	54.7138074
	8.856758	54.7146743
	8.8582296	54.7153823
	8.8596715	54.7157452
	8.8610278	54.716141
	8.8619986	54.7163225
	8.8630122	54.7167843
	8.8648682	54.7185407
	8.8656962	54.7190767
	8.8673238	54.7195632
	8.8689656	54.7192086
	8.8696223	54.7192828
	8.8720921	54.7201404
	8.874562	54.7206104
	8.8764037	54.721336
	8.8771556	54.7214219
	8.882531	54.7210939
	8.885519	54.720421
	8.887316	54.7200945
	8.8891144	54.7194132
	8.8931307	54.7198846
	8.8957759	54.7200884
	8.8998772	54.7210173
	8.9075899	54.7233844
	8.9126211	54.7245088
	8.9126342	54.7245039
	8.9126484	54.7245149
	8.926296	54.7276601
	8.9263159	54.7276557
	8.9263251	54.7276668
	8.9300866	54.7285336
	8.9274903	54.7310719
	8.9347873	54.7334423
	8.9352161	54.7331828
	8.9361604	54.7345384
	8.9373669	54.7373029
	8.937857	54.7374771
	8.9384602	54.7397081
	8.9390889	54.7435327
	8.9360285	54.7433364
	8.9273874	54.7438753
	8.9255137	54.7441851
	8.923215	54.7513133
	8.9209434	54.7547733
	8.914161	54.7636491
	8.9052563	54.7613543
	8.9043986	54.7610188
	8.9038841	54.7608176
	8.9018043	54.7594362
	8.8967714	54.7559631
	8.8963498	54.7554186
	8.8958736	54.754146
	8.8955999	54.7536299
	8.9017153	54.7517139
	8.9011078	54.7509383
	8.9033957	54.7503454
	8.9024274	54.749912
	8.9001046	54.7494987
	8.8987367	54.7496782
	8.9001476	54.7462724
	8.8944827	54.7484321
	8.8933669	54.7478887
	8.8917898	54.7472462
	8.8914947	54.7470821
	8.89091	54.7466037
	8.8909851	54.7464969
	8.8906123	54.7462523
	8.8887213	54.7464783
	8.8885014	54.7462353
	8.8887991	54.7456733
	8.8871362	54.7437318
	8.8908591	54.7395203
	8.8864281	54.7382057
	8.8895689	54.737512
	8.889777	54.7369735
	8.8897728	54.7368151
	8.8892256	54.7368987
	8.8889091	54.7370102
	8.8882439	54.7375089
	8.8847141	54.7382955
	8.8840704	54.7382274
	8.8836707	54.7384643
	8.8832148	54.738647
	8.8782343	54.7396039
	8.8775252	54.7397708
	8.8739068	54.7406009
	8.8723274	54.740771
	8.8714138	54.7409642
	8.8681961	54.7386201
	8.8681784	54.7383037
	8.8672355	54.7375893
	8.8666285	54.7376199
	8.8632046	54.7353199
	8.8631221	54.7350613
	8.8625134	54.7345366
	8.8644105	54.7327537
	8.8663943	54.7316981
	8.8498802	54.7205338
	8.8460614	54.7179527
END
END
