6551835
1
	10.0318604	54.2472696
	10.0322813	54.24676
	10.0321774	54.2459141
	10.0327098	54.2454103
	10.0337935	54.2451767
	10.0347742	54.2451798
	10.0349126	54.2449585
	10.0349953	54.2447851
	10.0349953	54.2446797
	10.034813	54.2440377
	10.0355126	54.2433311
	10.0366053	54.2422633
	10.036917	54.2419587
	10.0368714	54.2417909
	10.0366945	54.2415133
	10.0367639	54.2408487
	10.0364646	54.2406166
	10.0360755	54.240496
	10.0359159	54.2403501
	10.0358746	54.2401729
	10.0359725	54.2399934
	10.0361366	54.2398136
	10.036269	54.2392597
	10.0361156	54.2389212
	10.0370563	54.2378871
	10.0380307	54.237213
	10.0386315	54.2370023
	10.0385378	54.2369379
	10.0385203	54.2367155
	10.0388931	54.2360292
	10.0384905	54.235682
	10.0382867	54.2356257
	10.0370263	54.2357152
	10.0366931	54.2356258
	10.0364607	54.2353603
	10.036351	54.2350864
	10.0363803	54.2349375
	10.0376976	54.2345639
	10.0379255	54.2343865
	10.0379405	54.234313
	10.0371245	54.2335489
	10.0371009	54.2332886
	10.0381005	54.2321221
	10.0380354	54.2319263
	10.0377153	54.2317602
	10.0368715	54.231557
	10.0366751	54.2314492
	10.0366298	54.2313365
	10.03685	54.2310996
	10.0372533	54.2308716
	10.0377873	54.2306641
	10.0378676	54.2305372
	10.037781	54.2301996
	10.0374732	54.2298351
	10.0373664	54.2297993
	10.0363836	54.2296903
	10.0361619	54.2296941
	10.0352163	54.2298523
	10.035065	54.2298052
	10.0345678	54.2291793
	10.0345785	54.2289419
	10.0347923	54.2285372
	10.0356025	54.2278291
	10.0409681	54.2278606
	10.0419856	54.2288318
	10.0466931	54.228236
	10.0479736	54.2277358
	10.0485484	54.2275278
	10.0501949	54.2270429
	10.0508095	54.2275873
	10.0571064	54.226562
	10.0573355	54.2265564
	10.0591399	54.2263649
	10.0595493	54.2257858
	10.0593005	54.2251936
	10.0666476	54.224228
	10.0661046	54.2249378
	10.0666022	54.2258832
	10.0678284	54.2265688
	10.0685392	54.2266104
	10.0714715	54.2285842
	10.0772494	54.232362
	10.0813749	54.2314312
	10.0838975	54.2329261
	10.0859122	54.2321374
	10.0898716	54.231015
	10.0874508	54.2247995
	10.0911058	54.2248827
	10.0945316	54.2261361
	10.0952504	54.2259532
	10.0981771	54.2262717
	10.0984079	54.2260959
	10.0992973	54.2267299
	10.10696	54.2353431
	10.1068849	54.2363905
	10.106287	54.2364555
	10.1053271	54.2367454
	10.1046242	54.2368984
	10.1040493	54.2371884
	10.1027465	54.2371424
	10.1012897	54.2369094
	10.1004219	54.2372074
	10.0986502	54.2379583
	10.0980752	54.2382102
	10.0974343	54.2382102
	10.0972154	54.2381912
	10.0971714	54.2383362
	10.0970134	54.2388622
	10.0972304	54.2394121
	10.0973813	54.2395491
	10.0980352	54.2397741
	10.0984532	54.239919
	10.0988621	54.240205
	10.0989491	54.240343
	10.099085	54.2411669
	10.099461	54.2415179
	10.0997239	54.2416249
	10.0999869	54.2416739
	10.1007588	54.2415559
	10.1010577	54.2421628
	10.1015386	54.2428187
	10.1021435	54.2432377
	10.1031913	54.2439286
	10.1041139	54.2442227
	10.1047481	54.2445655
	10.105192	54.2447185
	10.105577	54.2449125
	10.1058779	54.2451495
	10.1067018	54.2457024
	10.1070267	54.2459234
	10.1072374	54.2460978
	10.1072692	54.2461325
	10.1073637	54.2462024
	10.1074216	54.2462674
	10.1077486	54.2466403
	10.1080485	54.2470223
	10.1083485	54.2475942
	10.1088764	54.2475602
	10.1101062	54.2481702
	10.1104331	54.2480862
	10.1105561	54.2479682
	10.1106001	54.2476482
	10.1107211	54.2475292
	10.1109671	54.2474842
	10.11123	54.2474842
	10.1117569	54.2476862
	10.1122588	54.2480602
	10.1127438	54.2484142
	10.1131667	54.2485591
	10.1137966	54.2486781
	10.1146265	54.2488111
	10.1152364	54.2488261
	10.1156193	54.2490171
	10.1160012	54.2493721
	10.1162022	54.249563
	10.1164232	54.249734
	10.1167471	54.249887
	10.1169901	54.24996
	10.117213	54.249948
	10.1182069	54.24994
	10.1187728	54.250169
	10.1189338	54.250215
	10.1196846	54.250337
	10.1204945	54.250459
	10.1212474	54.2505889
	10.1215283	54.2507449
	10.1218683	54.2512679
	10.1221282	54.2514699
	10.1222502	54.2515538
	10.1231401	54.2520078
	10.123359	54.2523748
	10.123723	54.2526027
	10.1237594	54.2533965
	10.1237305	54.2539786
	10.1236728	54.2547954
	10.1236298	54.2555721
	10.1236822	54.2563303
	10.1236503	54.2567413
	10.1236322	54.2569752
	10.1235698	54.2581536
	10.1227503	54.2582197
	10.121733	54.2583284
	10.1207489	54.2585613
	10.1205556	54.2585806
	10.1162969	54.2586653
	10.1160986	54.2587708
	10.1155469	54.2601133
	10.1154018	54.2602309
	10.1146722	54.2606524
	10.1139373	54.2607573
	10.1121912	54.260961
	10.1119803	54.260968
	10.1110015	54.2610736
	10.1107962	54.2610757
	10.1077651	54.2612034
	10.1071228	54.2612937
	10.1051901	54.2615566
	10.1041942	54.2617816
	10.1033594	54.2621216
	10.1017706	54.2624725
	10.099233	54.2628575
	10.0982352	54.2630674
	10.0976673	54.2630904
	10.0970374	54.2631964
	10.0965914	54.2632044
	10.0954566	54.2630714
	10.0946227	54.2632004
	10.0940918	54.2635324
	10.092947	54.2641463
	10.0924421	54.2645317
	10.092389	54.2645724
	10.0914162	54.2653182
	10.0908843	54.2657301
	10.0902304	54.2661301
	10.0898675	54.266455
	10.0894135	54.266855
	10.0889236	54.2670759
	10.0883327	54.2670879
	10.086564	54.2674499
	10.0852872	54.2678128
	10.0838394	54.2682288
	10.0835383	54.2683005
	10.0834485	54.2681638
	10.0834473	54.2680172
	10.0837016	54.2676003
	10.0841934	54.2673349
	10.0841826	54.2672607
	10.0837364	54.2668893
	10.0836384	54.2667659
	10.0836684	54.2666277
	10.083977	54.2663007
	10.0845724	54.2659642
	10.0846707	54.2658439
	10.0845499	54.2656508
	10.0841342	54.2655054
	10.0828141	54.2652611
	10.0826216	54.2651819
	10.0820596	54.2645908
	10.0818514	54.2644649
	10.0816211	54.2644578
	10.0812504	54.2645059
	10.0797325	54.2649864
	10.0794122	54.2649263
	10.0793068	54.2647511
	10.0793679	54.2641286
	10.0792174	54.2639835
	10.0789833	54.2639534
	10.0787724	54.2639436
	10.0785253	54.2639121
	10.0775445	54.2634686
	10.0765301	54.2630986
	10.0762855	54.2628825
	10.0761685	54.2627476
	10.0760654	54.2625595
	10.075535	54.2622336
	10.075062	54.2620669
	10.0736623	54.2617695
	10.0734606	54.2616604
	10.0731205	54.2612399
	10.0727062	54.2605026
	10.072322	54.2602654
	10.0717336	54.2599987
	10.0712221	54.2598614
	10.0711037	54.2595281
	10.0713283	54.2591544
	10.0712776	54.2588659
	10.0711428	54.2587437
	10.0703165	54.2582492
	10.0699757	54.2582075
	10.0691896	54.2583044
	10.0679203	54.2583445
	10.067627	54.2582617
	10.0674188	54.2580404
	10.0673682	54.2579023
	10.067539	54.2577018
	10.0679737	54.2574145
	10.0680256	54.2572422
	10.0678414	54.2570407
	10.0670415	54.2563231
	10.0669043	54.2560967
	10.0668882	54.2559713
	10.0650066	54.2556178
	10.0621804	54.2551242
	10.0612206	54.2553495
	10.0589601	54.256429
	10.0577518	54.2574487
	10.0550511	54.2567185
	10.0506024	54.2566762
	10.0442056	54.2593419
	10.044184	54.2595663
	10.0441723	54.2596723
	10.0435568	54.2598485
	10.0426667	54.2590191
	10.0425491	54.2589325
	10.0420389	54.2586686
	10.0416134	54.2583971
	10.0413235	54.2580434
	10.0404622	54.2573603
	10.0396507	54.2567456
	10.0383752	54.2560303
	10.037623	54.2555664
	10.0369374	54.2550706
	10.0365436	54.2543124
	10.0349004	54.2506626
	10.034881	54.2501069
	10.0349485	54.2499643
	10.0347797	54.2496684
	10.0341784	54.2489846
	10.0330711	54.2495139
	10.0320712	54.2494929
	10.0318604	54.2472696
END
END
