6551105
1
	14.0055457	52.1153735
	14.0056247	52.1151036
	14.0059436	52.1145157
	14.0062286	52.1142448
	14.0065426	52.1140848
	14.0069145	52.114053
	14.007643	52.114111
	14.0088882	52.1143708
	14.0093971	52.1143938
	14.0096561	52.1142868
	14.0097321	52.1141308
	14.0095098	52.113775
	14.0083501	52.1134183
	14.0075314	52.1130319
	14.0072129	52.112857
	14.0071217	52.1125242
	14.0070466	52.1122001
	14.0072182	52.1117566
	14.0071592	52.1110859
	14.0072397	52.1107162
	14.0075079	52.1105818
	14.0078942	52.1107426
	14.0083877	52.1109271
	14.0088543	52.1109561
	14.0092245	52.1108171
	14.0092173	52.1105102
	14.0091143	52.1103122
	14.008849	52.1097437
	14.0091709	52.1095441
	14.0101204	52.1094222
	14.01144	52.1089919
	14.0119336	52.1089359
	14.0123616	52.1088917
	14.0128691	52.1089523
	14.0131277	52.1092021
	14.0128587	52.1094384
	14.0130277	52.1105292
	14.0134345	52.1111063
	14.0141383	52.1111524
	14.0155785	52.111508
	14.0161202	52.1117041
	14.017052	52.1119331
	14.0182419	52.1119981
	14.0207165	52.1120321
	14.0223442	52.1120892
	14.024126	52.1116352
	14.025218	52.1112803
	14.026204	52.1106484
	14.0273101	52.1104744
	14.0280901	52.1105364
	14.0289903	52.1105232
	14.0306768	52.1103565
	14.0316081	52.1106345
	14.0321091	52.1109535
	14.032131	52.1110499
	14.0329483	52.111027
	14.0331917	52.1106444
	14.0337913	52.1104701
	14.034889	52.1104692
	14.0368223	52.1119115
	14.0373233	52.1121878
	14.0384434	52.1127096
	14.0392073	52.1132683
	14.0399797	52.1144081
	14.0405215	52.1144114
	14.0422049	52.1150011
	14.0427606	52.1149266
	14.0441028	52.1151111
	14.0443519	52.11484
	14.0446886	52.1129909
	14.0437402	52.1086554
	14.0428722	52.1047966
	14.0463966	52.1043886
	14.0490756	52.1046081
	14.0521366	52.1050618
	14.0548306	52.1061491
	14.055425	52.1054305
	14.0571035	52.1057366
	14.0579532	52.1057669
	14.0589977	52.1059919
	14.0598774	52.1061863
	14.0593973	52.1067003
	14.0596358	52.1067571
	14.0587917	52.1077464
	14.0613451	52.1085025
	14.0640788	52.1084663
	14.0633423	52.1067586
	14.0629512	52.1052232
	14.0629979	52.1040572
	14.0631545	52.1033883
	14.0635124	52.1026858
	14.0641309	52.1019131
	14.0650546	52.101197
	14.0659623	52.1007087
	14.0667906	52.1005943
	14.0675856	52.1005498
	14.0686574	52.1000704
	14.0701138	52.0995909
	14.0710917	52.0993553
	14.0723991	52.0993728
	14.0730203	52.0997517
	14.0742691	52.09892
	14.075857	52.0985028
	14.077153	52.0979768
	14.0790778	52.0975722
	14.0829927	52.0976836
	14.0872038	52.0967707
	14.0875085	52.0968425
	14.088385	52.0954676
	14.0893656	52.09409
	14.0877928	52.0936741
	14.0894354	52.0910124
	14.0910211	52.0915648
	14.0943095	52.0916795
	14.0955648	52.0917157
	14.09682	52.0918463
	14.0971215	52.0915252
	14.0976783	52.0911495
	14.0985923	52.0907353
	14.0992791	52.090164
	14.1000473	52.0894712
	14.1007843	52.0887111
	14.1030953	52.0884316
	14.1051553	52.08816
	14.1072517	52.0879003
	14.1085531	52.0877493
	14.1111312	52.0875199
	14.1120797	52.0874282
	14.1118114	52.0865752
	14.1116687	52.0861124
	14.111834	52.0857972
	14.1111183	52.0852857
	14.1107157	52.0847041
	14.1107377	52.0843791
	14.1105122	52.084
	14.1105562	52.0836994
	14.1111266	52.0831743
	14.1115861	52.08245
	14.1116001	52.0820399
	14.1108544	52.0814597
	14.1092655	52.0806263
	14.1098513	52.0805241
	14.1104138	52.0802486
	14.1122956	52.076918
	14.113157	52.0755322
	14.1152674	52.075285
	14.1153629	52.0744112
	14.1158328	52.0740024
	14.115218	52.0733825
	14.1139059	52.0720985
	14.1162822	52.0709177
	14.1179629	52.0699605
	14.1184329	52.0697498
	14.1207046	52.068346
	14.1222647	52.0691038
	14.1243801	52.0675262
	14.125101	52.0668622
	14.1265466	52.0634936
	14.1274758	52.061396
	14.1276066	52.0599976
	14.12795	52.0572336
	14.1274961	52.057229
	14.1254642	52.0561245
	14.1281109	52.0547142
	14.1281249	52.0532819
	14.1275144	52.0528544
	14.1256154	52.0516233
	14.1271528	52.0507708
	14.1276646	52.0512419
	14.128363	52.051969
	14.1317844	52.0509259
	14.1343454	52.0501381
	14.1370105	52.0493404
	14.1388805	52.048736
	14.1437385	52.0512927
	14.1432267	52.0526894
	14.1468295	52.0540129
	14.1495761	52.05505
	14.1497678	52.0550941
	14.152357	52.0556899
	14.1550971	52.0562929
	14.158466	52.0571247
	14.159906	52.0573594
	14.1632605	52.0575195
	14.1651221	52.0578379
	14.1664976	52.0578682
	14.1672357	52.0578953
	14.1682711	52.057979
	14.1704876	52.058012
	14.1733651	52.0583049
	14.1754261	52.0582627
	14.1772618	52.058233
	14.1782772	52.0580885
	14.1800384	52.0580978
	14.1807755	52.0581149
	14.182681	52.0583353
	14.1835811	52.0582132
	14.1855211	52.0576727
	14.1859321	52.0579356
	14.186169	52.0580846
	14.1881591	52.0581136
	14.1880058	52.0575577
	14.1901954	52.0575277
	14.1904497	52.0580998
	14.1925633	52.057853
	14.1940619	52.0577987
	14.1944228	52.0577827
	14.1937939	52.0591981
	14.1942402	52.0602773
	14.1949192	52.0612598
	14.1952251	52.061894
	14.1957777	52.062493
	14.1971091	52.0634125
	14.1992066	52.0645872
	14.1999468	52.065119
	14.2015927	52.0677346
	14.2031782	52.0702194
	14.2046944	52.0728648
	14.2046976	52.0868102
	14.2035099	52.0871009
	14.2020119	52.0872007
	14.200424	52.0872396
	14.1990754	52.0871387
	14.199673	52.0854768
	14.1993576	52.0851794
	14.1985304	52.0851966
	14.1977386	52.0853917
	14.1975862	52.0858387
	14.1968695	52.0866344
	14.196273	52.087502
	14.1956314	52.0875837
	14.1955	52.0885
	14.1961035	52.0901053
	14.1961132	52.0903841
	14.1955789	52.0902714
	14.1952688	52.0899602
	14.1920255	52.0894493
	14.1896458	52.0902048
	14.188868	52.0905852
	14.1874249	52.0915792
	14.187175	52.0921243
	14.1871524	52.0935613
	14.1869057	52.0949765
	14.1869	52.096
	14.1871106	52.0980301
	14.1876	52.0993
	14.1887435	52.1003573
	14.1898507	52.1004278
	14.1898368	52.1007659
	14.1911243	52.1005115
	14.1929857	52.1013241
	14.1931756	52.1018632
	14.1935983	52.1025249
	14.1924761	52.103406
	14.1933848	52.1037335
	14.1941852	52.1038001
	14.1961389	52.103491
	14.199879	52.1027865
	14.2002062	52.1029322
	14.2007684	52.1029447
	14.2008338	52.1031022
	14.2004905	52.1032083
	14.2001837	52.1033816
	14.2001043	52.1035984
	14.2005152	52.1041315
	14.2009529	52.1046811
	14.2016053	52.1052795
	14.2032886	52.1053744
	14.2039023	52.105493
	14.2042553	52.105804
	14.2044398	52.1061757
	14.206916	52.1077625
	14.2082249	52.1086415
	14.2084824	52.109309
	14.2081187	52.1099995
	14.2075243	52.110379
	14.2071714	52.1111809
	14.2084363	52.1112933
	14.2077411	52.1124707
	14.2068436	52.1132241
	14.2066269	52.1141208
	14.206835	52.1160321
	14.2066499	52.1169729
	14.2057927	52.1180513
	14.205083	52.1196357
	14.2049333	52.1214232
	14.2056988	52.1223915
	14.2064289	52.1237281
	14.2067658	52.1244922
	14.2068361	52.1257377
	14.2070576	52.1268812
	14.2079	52.1286
	14.209198	52.1296004
	14.2099662	52.1304503
	14.2106153	52.1311017
	14.2109946	52.1321712
	14.2096095	52.1321844
	14.2092013	52.1319526
	14.2087963	52.131807
	14.2076762	52.1311991
	14.2072374	52.1309459
	14.2070062	52.1310825
	14.2070169	52.1312686
	14.2074922	52.1319565
	14.207446	52.1325502
	14.2070947	52.1329148
	14.2061296	52.1334436
	14.205193	52.1341532
	14.2050208	52.134468
	14.2049178	52.1351838
	14.2046297	52.1355542
	14.2043234	52.1356379
	14.2042006	52.1370277
	14.2047767	52.1378801
	14.2052852	52.1384793
	14.2037918	52.1396521
	14.2020602	52.1405591
	14.2008719	52.1411968
	14.2003487	52.1413386
	14.199681	52.1416544
	14.1992224	52.1418846
	14.1985567	52.1423033
	14.1980653	52.1425242
	14.196553	52.1430055
	14.1954743	52.1433084
	14.1939277	52.1432702
	14.1918	52.1433
	14.1886663	52.1432162
	14.1863204	52.1434213
	14.1802077	52.1441271
	14.1787	52.1443
	14.1791477	52.1452974
	14.1794228	52.1456171
	14.180191	52.147684
	14.18217	52.1532369
	14.1814785	52.1553282
	14.18128	52.1556349
	14.1809872	52.1568411
	14.1807	52.1576
	14.1798053	52.1590359
	14.1793558	52.159901
	14.1790752	52.1599195
	14.1784664	52.1607389
	14.177732	52.1620048
	14.1774675	52.1621572
	14.1772776	52.1624188
	14.1774	52.1633
	14.1776746	52.1642053
	14.1776955	52.1646182
	14.1767723	52.1647364
	14.1707341	52.1657544
	14.1685132	52.1662026
	14.1650907	52.1667021
	14.1638752	52.1671666
	14.1604559	52.1677533
	14.1594517	52.1677888
	14.1586352	52.1678188
	14.157985	52.1680432
	14.1570001	52.1682663
	14.1541597	52.1685525
	14.1515601	52.1688578
	14.1506261	52.1688483
	14.1490951	52.1685663
	14.1478827	52.1682373
	14.1469461	52.1678372
	14.1438734	52.1671558
	14.1431445	52.1670942
	14.1424507	52.1674954
	14.1398218	52.1675719
	14.1377	52.1677
	14.1349599	52.1682284
	14.1324686	52.1689378
	14.131007	52.1692888
	14.1294706	52.169525
	14.1256254	52.1699251
	14.1236309	52.1703034
	14.123289	52.1746966
	14.123641	52.1768375
	14.1239156	52.178527
	14.1270055	52.1830991
	14.1280677	52.1847726
	14.1300783	52.188247
	14.1318	52.1896
	14.1443008	52.1960542
	14.1463199	52.1973063
	14.1472609	52.2002793
	14.1482651	52.2036986
	14.1441624	52.2051846
	14.1388634	52.206852
	14.1372991	52.2072537
	14.1341888	52.2076297
	14.1309872	52.2079385
	14.1295079	52.2080216
	14.1279447	52.2082734
	14.1297686	52.2099499
	14.1272009	52.2101594
	14.1271668	52.2101622
	14.1241488	52.2106093
	14.1235888	52.2113627
	14.117969	52.2102201
	14.1176396	52.2100814
	14.1175506	52.2095909
	14.1168103	52.2094483
	14.113332	52.2087027
	14.1096636	52.2086237
	14.1076693	52.2090801
	14.1066801	52.209324
	14.1043638	52.2092333
	14.1022706	52.209253
	14.1003737	52.2097152
	14.0991345	52.2099209
	14.097846	52.2105317
	14.0970488	52.2105343
	14.0958386	52.2099738
	14.0950972	52.2099659
	14.0945222	52.2100915
	14.0948623	52.2093736
	14.0950661	52.2079528
	14.0940758	52.2064097
	14.0934107	52.2058325
	14.0934192	52.2053275
	14.0928914	52.2045172
	14.093	52.2035
	14.0919	52.2024
	14.0914	52.2011
	14.0898	52.1993
	14.0881128	52.1980093
	14.0881847	52.1970341
	14.0894	52.1961
	14.0899871	52.1949172
	14.0904345	52.1937505
	14.090206	52.1930724
	14.0893938	52.1925338
	14.0888273	52.1918451
	14.0877877	52.1914729
	14.0863844	52.1912243
	14.0853501	52.1900963
	14.085098	52.1891551
	14.084407	52.1881514
	14.0849317	52.1881033
	14.0845058	52.1864063
	14.0848928	52.1854632
	14.0852632	52.1845605
	14.0859338	52.1840909
	14.0862631	52.1834797
	14.0856205	52.1823772
	14.085863	52.1814608
	14.0863844	52.1810207
	14.087542	52.1810365
	14.0886213	52.1808951
	14.0888	52.1813
	14.089117	52.1817661
	14.0895569	52.1819003
	14.0898498	52.1812615
	14.0878853	52.17913
	14.0881214	52.1778412
	14.0868414	52.1756431
	14.087	52.1749
	14.0869	52.1747
	14.0866618	52.1744138
	14.0863822	52.1740778
	14.0854209	52.1738423
	14.084995	52.1736659
	14.0845358	52.1732573
	14.0834028	52.1733448
	14.0830574	52.1730145
	14.082301	52.1723204
	14.0814867	52.1714077
	14.0815746	52.1706925
	14.0814631	52.1702832
	14.0811036	52.1690961
	14.0806573	52.1677261
	14.0794289	52.1655084
	14.0784407	52.1641816
	14.07709	52.1624817
	14.0759395	52.1607805
	14.0748455	52.1593594
	14.0743734	52.1589652
	14.0727126	52.1588223
	14.0714649	52.1585959
	14.0706514	52.1585134
	14.069748	52.1587083
	14.0689584	52.1585674
	14.068379	52.1581857
	14.067495	52.1578776
	14.0655286	52.157531
	14.0638129	52.1579132
	14.0629011	52.1577567
	14.062049	52.1572786
	14.0606736	52.1566323
	14.0600921	52.1561268
	14.0647411	52.1549119
	14.0655629	52.1547355
	14.0666109	52.1547181
	14.0658985	52.1539282
	14.064624	52.153582
	14.0643632	52.1530369
	14.0651346	52.1528302
	14.0649737	52.1522602
	14.0649598	52.1514406
	14.0654093	52.1511299
	14.0659264	52.1510713
	14.065832	52.1506105
	14.0657086	52.150199
	14.0651	52.1503
	14.0648117	52.1500384
	14.0641175	52.1499831
	14.0638322	52.1497007
	14.0607337	52.1488817
	14.0598711	52.1488745
	14.0579463	52.1482096
	14.0576448	52.1471088
	14.0579442	52.1465716
	14.0579506	52.1461364
	14.0576577	52.1458243
	14.0577532	52.1455037
	14.056676	52.1438314
	14.0565172	52.1434047
	14.0559669	52.1428049
	14.0559025	52.1429287
	14.0546129	52.1430459
	14.054733	52.1423282
	14.0546472	52.1409876
	14.054306	52.1394587
	14.0532503	52.1389892
	14.0525304	52.138467
	14.0521109	52.1377091
	14.0520905	52.1372659
	14.0522246	52.1367509
	14.0516088	52.1361714
	14.0507891	52.1357599
	14.049256	52.1340588
	14.0490613	52.1339215
	14.0488032	52.1337395
	14.0477561	52.1337493
	14.0466113	52.1335425
	14.0451715	52.1324888
	14.0443507	52.1325073
	14.0434946	52.1324572
	14.0427994	52.1321404
	14.0420784	52.1321786
	14.0412726	52.1321339
	14.0392867	52.1331415
	14.038613	52.133779
	14.03798	52.1341451
	14.0364	52.1325
	14.0344148	52.1322755
	14.0325286	52.132207
	14.0283283	52.1321227
	14.0263231	52.1320087
	14.0249734	52.131551
	14.0235143	52.1304782
	14.022369	52.1314894
	14.0215101	52.1311321
	14.0208653	52.1306227
	14.0202286	52.1303843
	14.0191433	52.1301317
	14.0174481	52.1298204
	14.0167208	52.129564
	14.0160395	52.1289264
	14.0149	52.1281
	14.0138776	52.1273569
	14.0131	52.1271
	14.0132618	52.1266877
	14.0150803	52.1256312
	14.0134195	52.1242045
	14.0127082	52.1231044
	14.011204	52.1233317
	14.0103	52.1231
	14.0105764	52.1222586
	14.0106782	52.1213854
	14.0102158	52.1206628
	14.0098817	52.1207861
	14.0083072	52.1201566
	14.0067569	52.1191658
	14.0062902	52.1186164
	14.0066339	52.1179753
	14.0071861	52.1177955
	14.0067891	52.1177376
	14.0068803	52.1175156
	14.0071414	52.1174723
	14.0073994	52.1172733
	14.0074753	52.1171633
	14.0074434	52.1170064
	14.0067965	52.1165064
	14.0058526	52.1161104
	14.0056077	52.1158885
	14.0055457	52.1153735
END
END
