6551068
1
	14.2819139	52.5791847
	14.2850426	52.5771131
	14.2903326	52.5735
	14.2985094	52.5681129
	14.3017519	52.5652632
	14.3033405	52.5642668
	14.3053013	52.5629391
	14.3053683	52.5626103
	14.3051966	52.5624407
	14.3045529	52.5622124
	14.3033513	52.5618276
	14.3026861	52.5615081
	14.3021818	52.5610776
	14.301355	52.5602471
	14.3011908	52.5597299
	14.3013957	52.5591305
	14.3018796	52.5586439
	14.301577	52.5583158
	14.3013657	52.5575585
	14.3009837	52.5566401
	14.3011157	52.5560831
	14.300708	52.5551894
	14.3000771	52.5549781
	14.2994849	52.5548659
	14.2995482	52.5542364
	14.2981352	52.5533551
	14.2992854	52.5533968
	14.3015921	52.5538052
	14.3044277	52.5541424
	14.30851	52.5542931
	14.3125932	52.5542058
	14.3260624	52.5549781
	14.3279711	52.5552501
	14.3280215	52.5554295
	14.3297746	52.5547374
	14.3323688	52.5534301
	14.3336434	52.5524842
	14.3366507	52.5511847
	14.3368116	52.550989
	14.3378212	52.547832
	14.3389788	52.547924
	14.3424121	52.548061
	14.3445364	52.5481563
	14.3506705	52.5485601
	14.3553676	52.548185
	14.3597879	52.5486906
	14.3671993	52.5507307
	14.3654731	52.5527458
	14.3642189	52.5542057
	14.3638219	52.5551366
	14.3644796	52.5563505
	14.3646105	52.5581671
	14.3651298	52.5596099
	14.3662187	52.5623414
	14.3666972	52.5624053
	14.3668925	52.5638336
	14.3671779	52.5639641
	14.3680823	52.5658821
	14.3685351	52.5662936
	14.3685716	52.5669405
	14.3695393	52.5687678
	14.3710628	52.5714087
	14.3719039	52.5719982
	14.3726432	52.572529
	14.3754584	52.5747276
	14.3775323	52.5764007
	14.3780151	52.5765741
	14.3784518	52.5766413
	14.3786116	52.5768545
	14.3785805	52.5770598
	14.383549	52.5791716
	14.3839846	52.5786324
	14.3846434	52.5780743
	14.3854212	52.577835
	14.3862366	52.5779517
	14.386979	52.5783553
	14.3869179	52.578723
	14.3873095	52.5790985
	14.3877901	52.57939
	14.3892643	52.5795282
	14.389613	52.5797153
	14.390511	52.5804181
	14.390644	52.5807336
	14.3907556	52.5810159
	14.3902942	52.5823139
	14.3892439	52.5831535
	14.3897374	52.5838054
	14.390011	52.584368
	14.3899155	52.5847617
	14.3902266	52.584986
	14.3913757	52.5853458
	14.3925612	52.5874943
	14.3928445	52.587944
	14.3924346	52.5925163
	14.3924132	52.5927959
	14.3924593	52.5947811
	14.3926567	52.5954843
	14.3923563	52.5956831
	14.3924368	52.5966658
	14.3926471	52.5975222
	14.3939377	52.6000578
	14.3925012	52.6018094
	14.3910978	52.6038762
	14.3891001	52.6066473
	14.3868149	52.6064786
	14.3851144	52.606491
	14.3839929	52.6067686
	14.381002	52.6075979
	14.3795611	52.6077608
	14.3772576	52.6079204
	14.3729586	52.607682
	14.3703869	52.6076944
	14.3685233	52.6079764
	14.3591212	52.6095108
	14.3512033	52.6110196
	14.350448	52.6066473
	14.3431084	52.6072292
	14.3436341	52.6117069
	14.3354308	52.614615
	14.3271363	52.6170487
	14.3207795	52.619077
	14.3192818	52.6171581
	14.3183162	52.6177509
	14.3149452	52.618255
	14.3140461	52.6170767
	14.3130269	52.6172004
	14.3121739	52.6160188
	14.3114272	52.6150502
	14.3109927	52.614359
	14.3105324	52.612789
	14.3102481	52.6111271
	14.3098039	52.6110275
	14.3098372	52.6101284
	14.3096344	52.6096593
	14.3088737	52.6089153
	14.30748	52.6078677
	14.3069522	52.6074305
	14.298129	52.5988908
	14.2970323	52.5993398
	14.2954229	52.6003824
	14.2952084	52.6006235
	14.2937492	52.6014315
	14.2933737	52.6015618
	14.293009	52.6015944
	14.2927622	52.6015683
	14.2904448	52.6007082
	14.2882247	52.5998328
	14.2880951	52.5997112
	14.2880568	52.5994641
	14.2884277	52.5991508
	14.289131	52.5983881
	14.2901567	52.5977924
	14.2904018	52.5975803
	14.2916464	52.5965115
	14.2923438	52.5959966
	14.2930677	52.595287
	14.2934593	52.5944913
	14.2935344	52.5938135
	14.2932018	52.5933051
	14.2920792	52.59217
	14.2913993	52.5909848
	14.2912425	52.5899019
	14.2920924	52.5894594
	14.292498	52.5891683
	14.2926696	52.5887625
	14.2920046	52.5868373
	14.2937145	52.5858913
	14.2943609	52.5855344
	14.2954539	52.5852052
	14.2942069	52.5845439
	14.284692	52.5803646
	14.2819139	52.5791847
END
END
