6551425
1
	10.5598272	53.7279373
	10.5603248	53.7279034
	10.5605381	53.7277061
	10.5613883	53.7274976
	10.5622515	53.7273061
	10.5628056	53.7271831
	10.5648352	53.7268871
	10.5670928	53.7267003
	10.5681367	53.7266384
	10.568897	53.7264026
	10.5703162	53.7257999
	10.5704904	53.7257135
	10.5712133	53.7254997
	10.5718958	53.7254432
	10.5722701	53.7254736
	10.5726004	53.7255474
	10.5728181	53.7255456
	10.5731215	53.7255431
	10.5734738	53.7254432
	10.5737967	53.7253868
	10.5740756	53.7254128
	10.5743912	53.725504
	10.5748536	53.7255257
	10.5752866	53.7254606
	10.5760205	53.7250741
	10.5764976	53.7250567
	10.5769379	53.724844
	10.5773122	53.7247484
	10.577892	53.7246963
	10.5781416	53.7246182
	10.5785893	53.7246008
	10.5791213	53.7243713
	10.5799177	53.7240276
	10.5803874	53.7238756
	10.5807837	53.7238973
	10.5811213	53.7240319
	10.5814663	53.7239147
	10.5823499	53.7243613
	10.5834429	53.7250539
	10.5845865	53.7257024
	10.5852837	53.7261188
	10.5859084	53.7265283
	10.5865823	53.7269397
	10.587319	53.7275608
	10.588899	53.7283338
	10.5894215	53.7285895
	10.5895879	53.7286709
	10.5895948	53.7286743
	10.591233	53.7289464
	10.5917726	53.7293277
	10.5923871	53.731766
	10.5918325	53.7333884
	10.592402	53.7344612
	10.5928817	53.7352945
	10.5931029	53.7358881
	10.592553	53.7365683
	10.5923113	53.7367885
	10.591687	53.7373341
	10.5915603	53.7378419
	10.5915504	53.7379107
	10.5915431	53.7379669
	10.5914654	53.7384649
	10.5913266	53.7394998
	10.5911382	53.7394513
	10.5909007	53.7392963
	10.5906304	53.7392769
	10.5901798	53.7392866
	10.5893034	53.7394174
	10.5874542	53.7394235
	10.5857136	53.7397263
	10.5830514	53.7412175
	10.5831165	53.7419605
	10.5815166	53.7421308
	10.5799008	53.7423485
	10.5791008	53.7428499
	10.5780129	53.7428972
	10.577957	53.7429518
	10.5776963	53.7432062
	10.5770722	53.7438152
	10.577053	53.7438339
	10.5755812	53.7446665
	10.5746148	53.7449361
	10.5730374	53.7453761
	10.5727666	53.7452592
	10.5722006	53.7450148
	10.5720295	53.7449409
	10.5714215	53.7437961
	10.5711656	53.7435785
	10.5704936	53.7432946
	10.5711016	53.7427837
	10.5702377	53.7418564
	10.5706856	53.7412509
	10.5713096	53.7406926
	10.5714535	53.7402384
	10.5712296	53.7380431
	10.5699657	53.737059
	10.5674379	53.736529
	10.566606	53.7364344
	10.566366	53.7361884
	10.566974	53.7354881
	10.56707	53.7347405
	10.566606	53.7344282
	10.566526	53.7339361
	10.5659341	53.7337468
	10.5645742	53.7325165
	10.5650541	53.732261
	10.5643982	53.7316742
	10.5643822	53.7312483
	10.5641102	53.7310779
	10.5636303	53.7311726
	10.5630703	53.7308887
	10.5620459	53.7299264
	10.5612427	53.7290205
	10.5607119	53.7287459
	10.5600355	53.7281524
	10.5598272	53.7279373
END
END
