6551921
1
	9.4231719	54.2662099
	9.4363768	54.2645832
	9.4395334	54.2662964
	9.4423024	54.2681504
	9.4474467	54.2668881
	9.4476185	54.2668013
	9.4480947	54.266433
	9.4503212	54.2651674
	9.4505129	54.2650996
	9.4507451	54.2650492
	9.4521019	54.2648711
	9.453144	54.2646676
	9.4556553	54.2673727
	9.4600139	54.268669
	9.4603766	54.267592
	9.4687568	54.2671722
	9.4690306	54.2677617
	9.4692263	54.2678491
	9.4696872	54.2691022
	9.464071	54.2696172
	9.4643752	54.2705057
	9.4614013	54.270912
	9.4613419	54.2713047
	9.4611346	54.2718377
	9.4607713	54.2724515
	9.4607335	54.2726567
	9.4607564	54.272773
	9.4608177	54.2728954
	9.460889	54.2729962
	9.4610351	54.2731102
	9.4611952	54.2731985
	9.4613988	54.2732788
	9.4616194	54.273361
	9.461827	54.2734542
	9.4619833	54.2735633
	9.4621408	54.2737249
	9.4622771	54.2739786
	9.462323	54.274064
	9.4626763	54.2747213
	9.4626993	54.2747641
	9.462714	54.2747915
	9.4645687	54.2743816
	9.4672547	54.2765441
	9.4673921	54.2764972
	9.4703365	54.2792866
	9.4719863	54.2776357
	9.4732115	54.2780692
	9.4759337	54.2790323
	9.4743966	54.2802237
	9.4753803	54.2805905
	9.4732402	54.2830108
	9.4742806	54.2832741
	9.4753983	54.2836175
	9.4769084	54.2841858
	9.4810594	54.2859046
	9.4817681	54.2862663
	9.4826821	54.286476
	9.4823765	54.2864801
	9.4812987	54.2862522
	9.4803162	54.2860788
	9.4799784	54.2860586
	9.4799131	54.2861228
	9.4798603	54.2860516
	9.4790639	54.2860041
	9.4758616	54.286121
	9.4752016	54.2861649
	9.4748652	54.2862237
	9.4748432	54.2863167
	9.4747677	54.2862452
	9.4741384	54.2863954
	9.4712152	54.287052
	9.4711873	54.2871344
	9.4711119	54.2870714
	9.4699221	54.287295
	9.4689191	54.2874322
	9.4626811	54.2880024
	9.4519947	54.2886349
	9.4497593	54.2887025
	9.4430116	54.2890513
	9.4422432	54.289248
	9.4421614	54.2892309
	9.4421454	54.2890961
	9.4324442	54.2774025
	9.4231719	54.2662099
END
2
	9.4708157	54.287288
	9.4748495	54.2863731
	9.4750522	54.2863275
	9.4752517	54.286292
	9.4758837	54.2862471
	9.4779362	54.2861774
	9.4777007	54.2867382
	9.4764856	54.2866131
	9.4757018	54.2866455
	9.4757228	54.2868207
	9.4749976	54.2868097
	9.4746962	54.2871506
	9.473371	54.2873467
	9.4736507	54.2877279
	9.4728501	54.2878818
	9.4731421	54.2882996
	9.4728878	54.2883381
	9.472257	54.28749
	9.4711359	54.2876509
	9.4708157	54.287288
END
END
