6551010
1
	11.171443	50.9131793
	11.1724604	50.9123569
	11.1749125	50.9133109
	11.1770516	50.9131561
	11.1788776	50.9135672
	11.184121	50.910985
	11.1879296	50.9108863
	11.1928599	50.9091756
	11.193199	50.9083861
	11.1990945	50.9088138
	11.1985206	50.9117251
	11.2092682	50.9099323
	11.2121898	50.909373
	11.2140941	50.9039611
	11.2161549	50.9034347
	11.2185288	50.9004899
	11.2180853	50.8975778
	11.2173609	50.8954216
	11.2165984	50.8931518
	11.2272677	50.8934315
	11.2266416	50.8853518
	11.234624	50.8841175
	11.2380152	50.8823236
	11.2398413	50.8818792
	11.246415	50.8818463
	11.2469107	50.8807435
	11.2462898	50.8748603
	11.2425542	50.8767603
	11.241563	50.8761184
	11.2385109	50.877106
	11.2299807	50.8781101
	11.2118246	50.8824388
	11.2081725	50.8820767
	11.2076247	50.8778138
	11.2108333	50.8710977
	11.2077291	50.8643477
	11.2092942	50.8631787
	11.209529	50.8621085
	11.2272938	50.8612193
	11.2277372	50.8602808
	11.2294328	50.8517671
	11.2267981	50.8448001
	11.230398	50.8380464
	11.2316241	50.8339936
	11.2382877	50.829313
	11.2422528	50.8299721
	11.244131	50.8299721
	11.2443921	50.8289486
	11.2480518	50.8292311
	11.2498122	50.8292406
	11.2492501	50.8323597
	11.2505993	50.8362138
	11.2497566	50.8366573
	11.2501369	50.8377579
	11.2521092	50.8403511
	11.2528839	50.843065
	11.26563	50.8521609
	11.2668105	50.8513573
	11.2672901	50.8511477
	11.2679726	50.8509148
	11.2686366	50.8507867
	11.2695589	50.8506469
	11.270389	50.8505654
	11.2725287	50.8505887
	11.2734141	50.8506935
	11.2747237	50.8508449
	11.2755907	50.8509381
	11.2771401	50.8509148
	11.2784313	50.8507867
	11.2792798	50.8505887
	11.2869348	50.8597762
	11.2894435	50.8615926
	11.2887241	50.8671459
	11.2885242	50.8675781
	11.2883684	50.867915
	11.2939258	50.8679142
	11.2960471	50.8708361
	11.2987033	50.872489
	11.2998002	50.8807415
	11.3000264	50.8807775
	11.3001084	50.8809473
	11.3003073	50.880999
	11.300635	50.8807554
	11.3019624	50.8807049
	11.3025895	50.8808772
	11.3039003	50.8808477
	11.3041241	50.8810164
	11.3044869	50.8809979
	11.3047151	50.8811087
	11.3050662	50.8811382
	11.3055168	50.8813634
	11.3058738	50.8815074
	11.3060728	50.8815148
	11.3062132	50.8814483
	11.3065409	50.8814816
	11.3069064	50.8816033
	11.3073278	50.8817953
	11.3077187	50.881662
	11.3086854	50.8817731
	11.3098359	50.8817333
	11.3107074	50.8817954
	11.3118466	50.8819443
	11.3133455	50.8822539
	11.3133859	50.8823934
	11.3138576	50.8824351
	11.3148011	50.882362
	11.3150659	50.8821271
	11.3156994	50.8818734
	11.3161802	50.8817584
	11.3180625	50.8817993
	11.3185678	50.8822499
	11.3182382	50.8825926
	11.317065	50.8829439
	11.3164586	50.8827306
	11.3154644	50.8829125
	11.3155737	50.883132
	11.3149872	50.8831634
	11.3145497	50.8832826
	11.3128332	50.8835864
	11.3128198	50.8837467
	11.3131777	50.8839098
	11.3153609	50.8836759
	11.3154439	50.8837178
	11.3158074	50.8850545
	11.3165446	50.8849862
	11.3166276	50.8851987
	11.3143509	50.8854904
	11.3142711	50.8852851
	11.3133355	50.8855583
	11.3105566	50.8878635
	11.3106573	50.8884268
	11.3091076	50.8897486
	11.3088209	50.8902469
	11.3087562	50.8913889
	11.309016	50.8927711
	11.30949	50.8927305
	11.3100342	50.8944137
	11.3094783	50.8944986
	11.3100105	50.895752
	11.3201004	50.8937973
	11.3246749	50.8936112
	11.3266486	50.8964384
	11.3279978	50.8965678
	11.3286205	50.8968798
	11.3291332	50.8969277
	11.3302976	50.8970365
	11.3309366	50.8970823
	11.3311754	50.8970993
	11.3313275	50.8972026
	11.3313158	50.8973355
	11.3312456	50.8974278
	11.3308652	50.8975459
	11.3310633	50.8985589
	11.3307682	50.8987888
	11.329668	50.8992317
	11.3297495	50.8994147
	11.3294628	50.8999129
	11.328942	50.899924
	11.3284855	50.8998871
	11.3278477	50.8999609
	11.3267128	50.8996229
	11.3263947	50.899934
	11.3259561	50.9005395
	11.3255672	50.9007169
	11.3246155	50.9008579
	11.3238374	50.9012804
	11.3219195	50.9024854
	11.3210418	50.9039616
	11.3204273	50.9045594
	11.3198304	50.9048472
	11.3192745	50.9054008
	11.3179052	50.9060465
	11.3173768	50.9063825
	11.3199354	50.9078878
	11.3169788	50.9074895
	11.3165209	50.9079135
	11.3160118	50.9090316
	11.3157502	50.9091896
	11.3128055	50.9087541
	11.311962	50.9097863
	11.3110024	50.909827
	11.3108386	50.9093916
	11.3102358	50.9096204
	11.3104537	50.9100045
	11.3097035	50.910195
	11.3091008	50.9098777
	11.3085448	50.9098666
	11.3081645	50.9097818
	11.3076729	50.9095272
	11.3058112	50.9094006
	11.3054419	50.9091924
	11.3024435	50.9093785
	11.3027474	50.9084444
	11.3024606	50.9064211
	11.3018069	50.906087
	11.3011147	50.9063842
	11.3006934	50.9069008
	11.2999677	50.9076831
	11.2990707	50.908188
	11.2978728	50.9072624
	11.2938245	50.9062178
	11.2927682	50.907149
	11.2922468	50.9074152
	11.2922818	50.9078393
	11.2926027	50.9079109
	11.2927186	50.9086467
	11.2929089	50.909132
	11.2932151	50.9096643
	11.2935972	50.9098882
	11.2935034	50.9101545
	11.2929324	50.9103684
	11.2921793	50.9113807
	11.292891	50.9120173
	11.2922209	50.9127681
	11.2908632	50.9137201
	11.2898167	50.914365
	11.288213	50.9148756
	11.2884493	50.9153582
	11.289079	50.9156209
	11.2898983	50.9157685
	11.2909309	50.9157943
	11.290444	50.9179018
	11.2920469	50.9179281
	11.2922497	50.9181568
	11.2918944	50.9184518
	11.2922124	50.9186421
	11.2918653	50.9189287
	11.2912801	50.9192091
	11.2903796	50.9191215
	11.2895338	50.919423
	11.2891563	50.9200081
	11.2890345	50.9203695
	11.2881474	50.9209312
	11.2877186	50.9214451
	11.2875065	50.9226138
	11.2875665	50.9239216
	11.2875634	50.9248755
	11.2875954	50.9262104
	11.2866495	50.9264553
	11.2843779	50.9270382
	11.2833991	50.927293
	11.2827661	50.9274692
	11.2813923	50.9264283
	11.2797906	50.9263213
	11.2785447	50.9262563
	11.2784877	50.9263863
	11.2783719	50.9266479
	11.2779628	50.9275721
	11.2770029	50.9298159
	11.276543	50.9304598
	11.2745752	50.9332375
	11.2730814	50.9352932
	11.2715576	50.9353282
	11.2704068	50.9353242
	11.2700568	50.9358622
	11.269229	50.9358812
	11.2680991	50.9359002
	11.2680271	50.937125
	11.2682774	50.9393844
	11.2615307	50.9376129
	11.2596501	50.9260521
	11.2589119	50.9215133
	11.2604983	50.9204203
	11.2647408	50.9209552
	11.2675446	50.9202575
	11.2668436	50.9165828
	11.2685406	50.9154199
	11.267947	50.9144526
	11.2687827	50.9135228
	11.2661404	50.9121515
	11.2659998	50.9120785
	11.2651749	50.9125849
	11.2648723	50.9128956
	11.2644833	50.9133099
	11.2645438	50.9136696
	11.2646393	50.9143147
	11.2645179	50.9143456
	11.2645957	50.9144927
	11.2647081	50.9146235
	11.2647081	50.9152395
	11.2642131	50.9156431
	11.2637546	50.9158353
	11.2631036	50.9160786
	11.2623565	50.9161498
	11.2589328	50.9158173
	11.2546694	50.9154431
	11.2435282	50.9148151
	11.2374779	50.9130939
	11.2358916	50.9130009
	11.233715	50.913187
	11.23235	50.9181643
	11.2260784	50.9216761
	11.2229058	50.9246992
	11.2232009	50.9264665
	11.2217252	50.9264433
	11.2208425	50.9303144
	11.2208398	50.9303264
	11.2174827	50.9294894
	11.2124655	50.9288383
	11.2074851	50.9280942
	11.196971	50.9268386
	11.1978933	50.9234667
	11.1963438	50.922304
	11.1925071	50.9211877
	11.1839483	50.9219552
	11.1743196	50.9203737
	11.171443	50.9131793
END
END
