6551126
1
	12.534299	50.6441535
	12.5343476	50.6398312
	12.5363722	50.6403348
	12.5380012	50.6390377
	12.5401547	50.637012
	12.5412675	50.6366267
	12.5449535	50.6367259
	12.5466398	50.6365084
	12.5502884	50.6358866
	12.5541994	50.6349024
	12.555264	50.6347811
	12.5581522	50.6344522
	12.5612622	50.6343835
	12.5647075	50.6333083
	12.5650494	50.6362795
	12.5674298	50.6383891
	12.5689241	50.6397969
	12.5710125	50.641731
	12.5725565	50.6440352
	12.5726854	50.6463737
	12.5744116	50.6468773
	12.5767156	50.6475449
	12.5773604	50.6489716
	12.579137	50.6503717
	12.5814021	50.6503221
	12.5848296	50.6506082
	12.5862048	50.6498567
	12.5895503	50.6488686
	12.590437	50.6495705
	12.5907603	50.6502839
	12.5910933	50.6511767
	12.5914259	50.6520693
	12.5923158	50.6527713
	12.5931932	50.65329
	12.5918496	50.6545833
	12.5905047	50.6558727
	12.5885736	50.656815
	12.5869353	50.6579327
	12.587553	50.6588216
	12.5906346	50.6582112
	12.5931006	50.6567158
	12.594698	50.654877
	12.5983574	50.6544345
	12.5995684	50.6558499
	12.599064	50.6569409
	12.5971424	50.6580663
	12.5946666	50.6593824
	12.5949975	50.6602751
	12.5969688	50.66005
	12.5991641	50.6587415
	12.6013756	50.6577878
	12.603843	50.6562924
	12.6055404	50.6562542
	12.6066924	50.65659
	12.604499	50.6578984
	12.6028815	50.6593748
	12.601098	50.6604086
	12.6006578	50.660668
	12.6002045	50.6609237
	12.5993139	50.6614387
	12.5979786	50.6629073
	12.6080646	50.6622296
	12.6113038	50.6579552
	12.6162618	50.6545605
	12.61765	50.6551473
	12.6158651	50.6574523
	12.6183772	50.6579133
	12.6192761	50.6549367
	12.6238021	50.6562456
	12.6296644	50.6561474
	12.6268186	50.6613497
	12.6313455	50.6620399
	12.6310524	50.6636337
	12.6311439	50.6652551
	12.6307101	50.6676051
	12.6302972	50.670325
	12.6303342	50.6710003
	12.6303724	50.6716755
	12.6304487	50.6730222
	12.6312479	50.6771461
	12.6316418	50.6791183
	12.6326134	50.6812584
	12.632999	50.6830515
	12.6319362	50.6843332
	12.6308548	50.6852603
	12.6286214	50.6858515
	12.6264172	50.6864346
	12.6263861	50.6864428
	12.6241221	50.6864924
	12.6218235	50.6870807
	12.6203242	50.6871928
	12.617261	50.6881618
	12.6147586	50.6892986
	12.6116946	50.6902714
	12.6080745	50.6914312
	12.604463	50.692774
	12.6021368	50.6932856
	12.6008226	50.6935751
	12.5980521	50.6947196
	12.5970081	50.6963638
	12.5937522	50.6941664
	12.591652	50.6920529
	12.5892756	50.6901265
	12.588336	50.688528
	12.5885204	50.6867197
	12.5889855	50.6849116
	12.5893214	50.6807609
	12.5880995	50.6791663
	12.5879804	50.6770071
	12.5881024	50.6766447
	12.5881636	50.6764654
	12.585685	50.6765188
	12.5820256	50.6769613
	12.5760604	50.6767363
	12.5709851	50.6759008
	12.5704682	50.6755078
	12.5694306	50.674722
	12.5682898	50.6745694
	12.5657961	50.6758817
	12.5622533	50.6732609
	12.5587073	50.6706363
	12.5563998	50.6684695
	12.5550096	50.6672309
	12.5557761	50.6650645
	12.559698	50.6616288
	12.5610641	50.6569637
	12.563305	50.6552818
	12.5627864	50.6550732
	12.5607115	50.6565726
	12.5578687	50.6567961
	12.5553137	50.6569937
	12.5537557	50.6564406
	12.5543477	50.6560257
	12.5517615	50.6544849
	12.5509825	50.6548404
	12.548334	50.6540502
	12.5431008	50.6525753
	12.5408089	50.6516993
	12.5394551	50.6508324
	12.5353552	50.6497797
	12.5347385	50.647026
	12.534299	50.6441535
END
END
