6551484
1
	10.503836	53.4946475
	10.5056048	53.4916466
	10.5067275	53.4914278
	10.5122956	53.4900717
	10.5130281	53.4898933
	10.5156683	53.4892503
	10.5152184	53.484703
	10.5152419	53.4845808
	10.5148818	53.4824965
	10.5148809	53.481903
	10.516007	53.4819572
	10.5184281	53.4818025
	10.5285711	53.4810241
	10.5294149	53.4809594
	10.5352721	53.4834134
	10.5372196	53.4855628
	10.5418939	53.485619
	10.5448368	53.4849484
	10.5470002	53.4849945
	10.5515059	53.4857299
	10.5544281	53.4857452
	10.5564106	53.4853469
	10.5593199	53.4853469
	10.5641731	53.4856916
	10.5698153	53.4874496
	10.5732769	53.4875627
	10.5747291	53.4877438
	10.5767193	53.4877451
	10.5784414	53.4870676
	10.57944	53.4864005
	10.5802351	53.4859319
	10.5819078	53.4867777
	10.581558	53.4870184
	10.5801752	53.4881716
	10.5754382	53.4907565
	10.5756682	53.4914131
	10.5760777	53.4927801
	10.57631	53.4943576
	10.57638	53.4948548
	10.5765552	53.4963459
	10.5779939	53.49895
	10.5798193	53.5006706
	10.5798996	53.5022768
	10.5817621	53.5031843
	10.5812625	53.5034241
	10.5811546	53.5036873
	10.5804607	53.5039751
	10.5796221	53.504386
	10.579093	53.5045193
	10.5782912	53.5045978
	10.5772864	53.5048407
	10.5758635	53.5054212
	10.5744346	53.5058283
	10.5718192	53.5070221
	10.570472	53.5072888
	10.5686776	53.5076152
	10.5685196	53.5076465
	10.5666623	53.5080143
	10.5654974	53.5082449
	10.5662699	53.5117859
	10.5663042	53.5122573
	10.5651136	53.5122573
	10.5641705	53.512598
	10.5639936	53.5142969
	10.5640811	53.5144509
	10.5643107	53.5157497
	10.562966	53.5155557
	10.5609367	53.5157961
	10.5594168	53.5147241
	10.5587538	53.5134899
	10.5524983	53.5133013
	10.5512159	53.5127268
	10.5512458	53.5105671
	10.5511395	53.5096472
	10.5509488	53.5086542
	10.5511218	53.5085097
	10.5509683	53.5076986
	10.5507558	53.5076038
	10.550382	53.5067324
	10.5503149	53.5066526
	10.550216	53.5065349
	10.5495703	53.5055309
	10.548146	53.5043554
	10.5472914	53.5032473
	10.545765	53.5037345
	10.5444069	53.5041679
	10.5440541	53.5042805
	10.543943	53.5044771
	10.5435805	53.5051188
	10.5429265	53.506098
	10.5423144	53.5065934
	10.5422833	53.5066185
	10.5402599	53.5069031
	10.5369599	53.5073672
	10.5342596	53.5079694
	10.5332291	53.5080395
	10.5319813	53.5075868
	10.5266932	53.5072869
	10.5250419	53.5068478
	10.5237027	53.5066016
	10.5227247	53.506334
	10.5210344	53.5056633
	10.5203236	53.5054443
	10.5193518	53.5053445
	10.5184233	53.5048171
	10.5179918	53.5043855
	10.517694	53.5040075
	10.5171977	53.5033776
	10.5158934	53.5017223
	10.5144929	53.5010601
	10.5141843	53.5008694
	10.5142234	53.5005372
	10.5142089	53.50051
	10.5140953	53.500298
	10.5135976	53.5000672
	10.5129526	53.4997682
	10.5112188	53.4976114
	10.5064517	53.4956976
	10.503836	53.4946475
END
END
