6551200
1
	13.6690166	53.5110947
	13.669236	53.5105428
	13.669869	53.5093482
	13.6748953	53.5090502
	13.6767366	53.5093253
	13.6771138	53.5087871
	13.6829875	53.5087538
	13.6862991	53.5086266
	13.6875934	53.5088472
	13.6898511	53.508707
	13.6920077	53.5087871
	13.6933943	53.5088423
	13.6939059	53.5083913
	13.6937262	53.5081859
	13.6942599	53.506034
	13.6949393	53.5059414
	13.6952425	53.5061218
	13.6963598	53.50622
	13.6960231	53.5045627
	13.6958633	53.5029163
	13.694328	53.5008348
	13.6938661	53.4997749
	13.6928124	53.4973482
	13.6928644	53.4959063
	13.6932394	53.4946665
	13.6941693	53.4935756
	13.6949532	53.4926567
	13.6954081	53.4918398
	13.6954341	53.4916908
	13.6955621	53.4909629
	13.6951822	53.4893831
	13.6952202	53.4883342
	13.6964571	53.4874343
	13.6999316	53.4852486
	13.704666	53.4814371
	13.7064637	53.4798653
	13.7064643	53.479865
	13.7094304	53.4783586
	13.7099025	53.4788337
	13.7102922	53.4795877
	13.7108455	53.4800251
	13.7107211	53.4803194
	13.7111202	53.4809094
	13.7117843	53.4813703
	13.7124688	53.4814144
	13.7129945	53.4812235
	13.7133228	53.4816915
	13.7136693	53.4818313
	13.7148506	53.4821397
	13.7159642	53.482374
	13.7172925	53.482464
	13.7180928	53.4824863
	13.7185499	53.4827647
	13.7193138	53.4822584
	13.7201185	53.4819047
	13.7217042	53.4814865
	13.7224388	53.4817589
	13.7231815	53.4819622
	13.7239283	53.4821243
	13.7250848	53.4820701
	13.7254657	53.4822054
	13.7260687	53.4826076
	13.7262596	53.4828822
	13.7294096	53.4821761
	13.7315575	53.4820931
	13.7344393	53.4818249
	13.7384047	53.4812937
	13.7413444	53.4861176
	13.7422566	53.4858426
	13.7431447	53.4858942
	13.7442058	53.4854484
	13.7457926	53.485252
	13.7461015	53.4847004
	13.7463912	53.4842011
	13.7471508	53.4839981
	13.7472109	53.4812605
	13.7480821	53.4810102
	13.7487172	53.4806118
	13.7494468	53.4798418
	13.7501871	53.4793157
	13.7534186	53.478109
	13.7549421	53.4778101
	13.7582659	53.477639
	13.7589349	53.4775711
	13.7615618	53.4773044
	13.7659413	53.476892
	13.7668382	53.4768447
	13.7687351	53.4763914
	13.7729108	53.476021
	13.7754514	53.4760976
	13.7768783	53.4756915
	13.7780778	53.4754374
	13.7785863	53.4749891
	13.7787451	53.4743084
	13.7803652	53.4741667
	13.782365	53.4742369
	13.7858283	53.4746788
	13.7878367	53.4750491
	13.7896992	53.4752995
	13.7898108	53.4757247
	13.7937311	53.4761934
	13.7949907	53.4765395
	13.7999968	53.4779864
	13.8021318	53.4783886
	13.8025588	53.4790284
	13.8040008	53.4797244
	13.8064169	53.4808423
	13.8094349	53.4828502
	13.8114466	53.4839496
	13.8121129	53.4841348
	13.8125527	53.4847764
	13.8143309	53.4863203
	13.8158673	53.4873161
	13.8168519	53.4880337
	13.8173092	53.4883669
	13.8197361	53.4903176
	13.8202811	53.4911666
	13.8222338	53.4946733
	13.8227809	53.4947397
	13.8263754	53.4984649
	13.8264064	53.498495
	13.8263165	53.4986161
	13.8260307	53.4986348
	13.8260962	53.4988664
	13.8255425	53.4990247
	13.8253172	53.4989111
	13.82537	53.4985716
	13.8249591	53.4983433
	13.8244902	53.4983154
	13.8246447	53.4984855
	13.8244964	53.498623
	13.8237723	53.498465
	13.8238066	53.4986871
	13.8228174	53.4986048
	13.8223024	53.4989954
	13.8223817	53.4995851
	13.8220073	53.4998195
	13.8213025	53.5000177
	13.8202621	53.4997458
	13.8190194	53.4996744
	13.8180409	53.4993668
	13.8163029	53.4995838
	13.8150755	53.5001173
	13.8146968	53.5011033
	13.8144006	53.5013815
	13.8139822	53.5012047
	13.812478	53.5017867
	13.8114088	53.5016984
	13.8109051	53.5014792
	13.8104411	53.5014319
	13.8098827	53.5017203
	13.8088785	53.5016463
	13.8077198	53.5016616
	13.8061276	53.5004759
	13.8048273	53.4997471
	13.8037265	53.4992009
	13.8035892	53.498809
	13.8027996	53.4982129
	13.8021842	53.4979091
	13.8020292	53.4978326
	13.8015353	53.4980102
	13.8005208	53.498375
	13.8004145	53.4985017
	13.7999328	53.4990758
	13.7999006	53.4998378
	13.7997967	53.4999868
	13.7997291	53.5000836
	13.7997172	53.5001007
	13.8000165	53.5008697
	13.799244	53.5014204
	13.7985782	53.5016707
	13.7984715	53.5017108
	13.7982774	53.5020126
	13.7973708	53.5034229
	13.7972924	53.503466
	13.7968883	53.5036883
	13.7968987	53.5040719
	13.7968439	53.504134
	13.7955023	53.5056527
	13.7953548	53.5058196
	13.795505	53.5063231
	13.7954017	53.5065678
	13.7953816	53.5066153
	13.794415	53.5069245
	13.7942015	53.5069928
	13.7939236	53.5070817
	13.7933829	53.5073424
	13.7932895	53.5073874
	13.7931079	53.507535
	13.7919294	53.5084928
	13.7918647	53.5085454
	13.7919119	53.5087267
	13.7928711	53.5091816
	13.7930438	53.5094164
	13.7928486	53.5098745
	13.7928475	53.5105993
	13.7925803	53.5109374
	13.791592	53.5112294
	13.7915504	53.5112417
	13.7900999	53.5113992
	13.7883939	53.5115844
	13.7878393	53.5117273
	13.7872245	53.512311
	13.7870651	53.5124301
	13.7866838	53.5127149
	13.786246	53.5129828
	13.78545	53.51309
	13.7842515	53.5130594
	13.7829383	53.5128903
	13.7831089	53.5123487
	13.7825285	53.5122874
	13.7811434	53.5129784
	13.7802068	53.5133446
	13.7780052	53.513742
	13.7780771	53.5145522
	13.7781745	53.5151056
	13.7782434	53.5154511
	13.7781501	53.515721
	13.7792047	53.5181744
	13.7805254	53.5205837
	13.7807475	53.5216323
	13.7802797	53.5220456
	13.7804149	53.5224405
	13.7804266	53.5228519
	13.7800941	53.5235713
	13.7787713	53.5248368
	13.7787359	53.5251633
	13.7785052	53.5256787
	13.7768808	53.5270008
	13.7768873	53.5284689
	13.7768701	53.5301213
	13.7763884	53.5310172
	13.7783378	53.5364572
	13.7798935	53.5399755
	13.7803023	53.5407992
	13.7808366	53.5431269
	13.7823536	53.5469672
	13.7835434	53.5500365
	13.7842376	53.5517065
	13.7870589	53.5539208
	13.786913	53.5541381
	13.7890201	53.5562872
	13.7911487	53.5583617
	13.7919684	53.5583254
	13.7925928	53.5583184
	13.7931164	53.5582776
	13.793493	53.5580979
	13.7938288	53.5579156
	13.7966086	53.5577926
	13.7973929	53.557806
	13.7982732	53.5578687
	13.7990912	53.5585545
	13.7992265	53.5587674
	13.7999768	53.5590907
	13.7997286	53.5598549
	13.7998203	53.5602302
	13.7992565	53.5598549
	13.7984765	53.5593441
	13.7971713	53.5593262
	13.7954585	53.5594852
	13.7943116	53.5593218
	13.7941544	53.559035
	13.7931014	53.5589901
	13.7922205	53.559092
	13.7919909	53.5592692
	13.7914169	53.5586329
	13.7910457	53.5590395
	13.7909486	53.5595012
	13.790895	53.5598657
	13.7908993	53.5601502
	13.7906589	53.5600779
	13.790251	53.5606341
	13.7893452	53.5606747
	13.78893	53.5613935
	13.7882219	53.561666
	13.7868765	53.5622949
	13.7860529	53.5629193
	13.7863308	53.5637917
	13.787959	53.565402
	13.7896359	53.5659977
	13.7898784	53.5662125
	13.7896954	53.5664029
	13.7911219	53.5667795
	13.7918905	53.5666074
	13.7952851	53.5678894
	13.7965517	53.5685933
	13.800892	53.5709323
	13.8042705	53.572829
	13.8069259	53.5739693
	13.8078132	53.574607
	13.8128546	53.5792719
	13.8162192	53.5825566
	13.8168468	53.5830503
	13.817659	53.5838694
	13.8188338	53.5848954
	13.820617	53.5862488
	13.8209045	53.5868118
	13.820897	53.5874219
	13.8196878	53.5884269
	13.819102	53.5890618
	13.8190216	53.589819
	13.8189218	53.5906074
	13.8178736	53.5915798
	13.817203	53.5920523
	13.8166891	53.5922471
	13.8152472	53.5926114
	13.8141646	53.5930527
	13.8114211	53.5940497
	13.8096843	53.5946809
	13.8087168	53.5949915
	13.8071415	53.5954972
	13.805353	53.5958716
	13.8039111	53.5961632
	13.8029594	53.5959365
	13.8021322	53.5959582
	13.8008351	53.5955965
	13.799611	53.5947114
	13.7981318	53.5936738
	13.7964942	53.5926617
	13.7957615	53.5924051
	13.7923615	53.5942612
	13.7900612	53.5948152
	13.7884819	53.5953342
	13.7870829	53.5957722
	13.7866044	53.5958486
	13.7761502	53.5965611
	13.7765075	53.5980071
	13.7748241	53.6009409
	13.7733071	53.603427
	13.7718222	53.6055781
	13.7710894	53.6067093
	13.7704714	53.6071835
	13.7693986	53.6077163
	13.7677592	53.6084782
	13.7674191	53.6088748
	13.7673676	53.6094025
	13.7678257	53.6104324
	13.7677174	53.6122617
	13.7674148	53.6153282
	13.7672826	53.6155159
	13.7666512	53.6157918
	13.7649673	53.616741
	13.7626054	53.618135
	13.7622014	53.6185506
	13.7622454	53.6189544
	13.762814	53.6193254
	13.7627958	53.619725
	13.7618501	53.6201202
	13.7609311	53.6202554
	13.7608297	53.6205883
	13.7607284	53.6210149
	13.7606758	53.6215956
	13.7594222	53.6215736
	13.7584324	53.6215702
	13.758618	53.6211113
	13.7586711	53.6207782
	13.7590214	53.6202322
	13.7590192	53.6198536
	13.7596002	53.6196589
	13.760392	53.6195128
	13.7608874	53.6191784
	13.7608378	53.6187269
	13.7605204	53.6183028
	13.7604494	53.6179381
	13.7609174	53.6176918
	13.7618916	53.6174665
	13.762752	53.6172362
	13.7634172	53.6167983
	13.7635181	53.6163375
	13.7633636	53.6157348
	13.762913	53.6153148
	13.7624838	53.6150596
	13.7619945	53.6151046
	13.7616155	53.6151006
	13.7611492	53.6152696
	13.7605054	53.6153829
	13.7600256	53.6154529
	13.7594961	53.6153023
	13.7590852	53.6150153
	13.758749	53.6148636
	13.758296	53.6147726
	13.7576162	53.6148146
	13.756962	53.6150169
	13.7563129	53.6150404
	13.7558226	53.6150271
	13.7548946	53.6149826
	13.7545196	53.6149326
	13.7542497	53.6147843
	13.7543189	53.6145001
	13.7549393	53.6140196
	13.7558935	53.6134187
	13.7566554	53.6128388
	13.756962	53.6126127
	13.7570918	53.6123542
	13.7565725	53.611812
	13.7564454	53.6114
	13.7561836	53.6112662
	13.7557685	53.611129
	13.7547977	53.610976
	13.7541346	53.6112178
	13.7531927	53.611699
	13.752511	53.6120109
	13.7516052	53.6118729
	13.7510752	53.6119149
	13.7502434	53.6120908
	13.7491835	53.6120408
	13.7487296	53.6121288
	13.7465739	53.6121478
	13.7452922	53.6118698
	13.7448712	53.6115149
	13.7438624	53.610344
	13.7436475	53.610168
	13.7432595	53.609852
	13.7421267	53.6091721
	13.7411459	53.6090811
	13.734729	53.6050375
	13.7342911	53.6047585
	13.734831	53.6034587
	13.7307517	53.6031337
	13.7303475	53.603102
	13.7290039	53.6029967
	13.728699	53.6032636
	13.7253775	53.6021347
	13.7248036	53.6019118
	13.7242982	53.601724
	13.7248974	53.6005254
	13.7232009	53.6000209
	13.7220345	53.5998459
	13.7212972	53.5997783
	13.7204014	53.5998339
	13.7195655	53.6000139
	13.7168539	53.598842
	13.7160241	53.5983881
	13.7144413	53.5974881
	13.7150493	53.5973132
	13.7131666	53.5961413
	13.7129266	53.5959733
	13.7118138	53.5951954
	13.7097062	53.5938905
	13.7071426	53.5923536
	13.7063188	53.5918617
	13.704504	53.5914111
	13.705387	53.588722
	13.7069028	53.5878831
	13.7117661	53.5851815
	13.7115522	53.5840106
	13.7114902	53.5836677
	13.7107863	53.5818859
	13.7089959	53.5762436
	13.7101743	53.5758168
	13.7140556	53.5754221
	13.715104	53.5748279
	13.7168196	53.5746015
	13.7182968	53.5740922
	13.7202187	53.5742932
	13.7221157	53.5739491
	13.7222045	53.5730452
	13.7247542	53.5720645
	13.7255159	53.571977
	13.7233958	53.5673854
	13.7213636	53.5644466
	13.7200669	53.5622595
	13.718964	53.5613569
	13.7189163	53.5604229
	13.7204767	53.5596879
	13.7217981	53.5586908
	13.722521	53.5580579
	13.7219342	53.5571013
	13.7215373	53.5562335
	13.7219394	53.5539929
	13.722486	53.5529519
	13.7231377	53.5499668
	13.7237598	53.5488171
	13.7243619	53.5433478
	13.7231174	53.5419081
	13.7214954	53.541055
	13.7203709	53.5414046
	13.716762	53.5420299
	13.7143195	53.5413877
	13.7132801	53.5408962
	13.7113751	53.539359
	13.7102317	53.539219
	13.7076831	53.5374115
	13.7059585	53.5363606
	13.7057183	53.5358198
	13.6991065	53.5378084
	13.6851885	53.5361088
	13.679222	53.5356495
	13.6778482	53.531868
	13.6797249	53.5288865
	13.6809452	53.5268676
	13.683054	53.5242086
	13.6830371	53.5237418
	13.6821068	53.5232389
	13.6806856	53.5212498
	13.6771111	53.5194297
	13.6759844	53.5191113
	13.6737214	53.5179273
	13.672531	53.5171427
	13.6713668	53.516445
	13.6714864	53.515099
	13.6707788	53.5130553
	13.669869	53.5123139
	13.6695489	53.511937
	13.6692874	53.5116291
	13.6690166	53.5110947
END
END
