6551727
1
	10.4288482	54.3187372
	10.4913539	54.2942514
	10.4926099	54.2935068
	10.4924319	54.2891835
	10.4936375	54.2881504
	10.4968398	54.2869878
	10.4967402	54.2856208
	10.5030515	54.2753069
	10.5030967	54.274356
	10.5047252	54.273907
	10.5083892	54.2718203
	10.5109235	54.2679074
	10.5135111	54.2683492
	10.5151383	54.2670344
	10.5150071	54.2666603
	10.5154058	54.266233
	10.5151504	54.2659666
	10.5146128	54.2659554
	10.5143306	54.2659022
	10.5141114	54.2656445
	10.5143677	54.2651319
	10.5149245	54.2648211
	10.5152593	54.2647963
	10.5154532	54.2644044
	10.5161915	54.2640205
	10.5164487	54.2637041
	10.5169192	54.2631411
	10.516982	54.262943
	10.5170648	54.2625103
	10.5166828	54.2621377
	10.5165335	54.2611683
	10.5166343	54.2608176
	10.5167895	54.2604472
	10.5173476	54.2605401
	10.5180536	54.2604832
	10.5195909	54.2596506
	10.5200296	54.2591814
	10.5200202	54.2585736
	10.5201674	54.2579877
	10.5208935	54.2572867
	10.521084	54.2570417
	10.5286565	54.2575536
	10.5302501	54.2566982
	10.5347726	54.2587361
	10.538003	54.2586355
	10.5389506	54.2567737
	10.5413717	54.2559888
	10.5408979	54.2502266
	10.5445159	54.2493207
	10.546368	54.2508809
	10.5483923	54.2496478
	10.5493399	54.2502014
	10.5531302	54.2511577
	10.5582988	54.2515854
	10.5620461	54.2507047
	10.5639843	54.252592
	10.5604093	54.2569953
	10.5591497	54.2580085
	10.5583657	54.2588243
	10.557063	54.258906
	10.5556624	54.2591638
	10.5540357	54.2608343
	10.5533365	54.2615539
	10.5504007	54.2692731
	10.5450237	54.2653022
	10.539446	54.2670531
	10.5383938	54.2672213
	10.5375523	54.2678384
	10.5370819	54.2681834
	10.5369147	54.2702893
	10.5368647	54.2702987
	10.5354604	54.270563
	10.5351471	54.2712861
	10.5337504	54.2721872
	10.5330136	54.2726626
	10.5294248	54.2735903
	10.5292406	54.2741083
	10.5290133	54.2746331
	10.5281099	54.2767183
	10.5266282	54.277114
	10.5278217	54.2786036
	10.5275681	54.2790391
	10.5266879	54.2792046
	10.5241992	54.28367
	10.5237633	54.2849423
	10.5215489	54.2864793
	10.5219673	54.2875887
	10.5209611	54.2885706
	10.5209605	54.2894425
	10.5206981	54.2899354
	10.5205612	54.2905081
	10.5206753	54.290981
	10.5207209	54.2919401
	10.5210711	54.2928123
	10.5213084	54.2932279
	10.5214398	54.2937316
	10.5214398	54.2942844
	10.5209372	54.2954601
	10.5198219	54.2973367
	10.5200042	54.2978689
	10.5200042	54.298283
	10.5201927	54.298613
	10.5206916	54.2989171
	10.5214011	54.2989106
	10.5219001	54.2987489
	10.5220608	54.2987316
	10.5226421	54.2988641
	10.5231689	54.2988694
	10.5240226	54.2992536
	10.5248239	54.2990653
	10.5251543	54.2990418
	10.5254347	54.2990741
	10.5265439	54.2988109
	10.527367	54.2986826
	10.5279559	54.2987364
	10.528708	54.2986122
	10.5292473	54.2986784
	10.5295453	54.2983347
	10.5303755	54.2983841
	10.5316725	54.2987287
	10.532385	54.2988487
	10.5342628	54.2998117
	10.5347083	54.3000531
	10.5352655	54.3002157
	10.5357124	54.3003308
	10.5363292	54.3003776
	10.5364786	54.3009168
	10.5369778	54.3012183
	10.5373493	54.3014824
	10.5387434	54.3028964
	10.5395143	54.3028677
	10.5415545	54.3032745
	10.5421553	54.3032809
	10.542463	54.303203
	10.5427938	54.3028914
	10.5438928	54.3024485
	10.5450502	54.3022407
	10.5452727	54.3021498
	10.5461931	54.3020578
	10.5475571	54.3017522
	10.5482644	54.3015532
	10.5482698	54.3013967
	10.5492748	54.3012785
	10.5501144	54.3013106
	10.5511106	54.3014051
	10.5518971	54.3013861
	10.5520747	54.3013819
	10.5523142	54.3017646
	10.5530818	54.3018199
	10.5534799	54.3023231
	10.5530629	54.3024116
	10.5530724	54.3028484
	10.55384	54.3030309
	10.5549401	54.3043885
	10.5555986	54.3045808
	10.5569799	54.3064873
	10.5578926	54.3070606
	10.5578716	54.307293
	10.5576903	54.3075075
	10.5573025	54.3076897
	10.5484611	54.309369
	10.5499797	54.3141142
	10.5486302	54.3155672
	10.5433348	54.3179587
	10.5428577	54.3211958
	10.5404778	54.3220935
	10.5399833	54.3226622
	10.5400251	54.3230888
	10.5402936	54.3235586
	10.5373969	54.3254983
	10.5383297	54.3259702
	10.5372315	54.3272872
	10.5364431	54.327726
	10.5355354	54.3280488
	10.5346647	54.3282661
	10.5342224	54.3284651
	10.533345	54.3287627
	10.5330244	54.3290927
	10.5330174	54.3293648
	10.5329234	54.3294664
	10.5325055	54.3295801
	10.5325963	54.3298171
	10.5318474	54.3299503
	10.531643	54.3298578
	10.5313947	54.3297908
	10.5294029	54.3288065
	10.5282793	54.328148
	10.527936	54.3280941
	10.5277885	54.3283831
	10.5277212	54.328574
	10.527378	54.3286834
	10.5263055	54.3276965
	10.5261292	54.3276068
	10.5253168	54.327837
	10.522148	54.3283243
	10.5220606	54.3275622
	10.5215464	54.3270825
	10.5197852	54.3261518
	10.5180653	54.3247919
	10.5177487	54.3249659
	10.5175813	54.3251827
	10.5166827	54.3257355
	10.5196864	54.3273392
	10.5195132	54.3278091
	10.5181356	54.3283094
	10.5173144	54.329004
	10.5151044	54.3288161
	10.514607	54.3286601
	10.5143856	54.3284019
	10.5141441	54.3283459
	10.5133318	54.328454
	10.5116011	54.329022
	10.5112314	54.3292882
	10.511069	54.3295315
	10.5107183	54.3300236
	10.5105522	54.331164
	10.5094093	54.3313783
	10.5093659	54.3326252
	10.508844	54.3334189
	10.5084005	54.3337739
	10.5081893	54.3338512
	10.5070396	54.3334896
	10.5058143	54.3330225
	10.5056906	54.3329839
	10.5056339	54.3329625
	10.5049759	54.3337389
	10.5049789	54.334067
	10.5047791	54.3345958
	10.5043785	54.334515
	10.5041741	54.3347711
	10.5038305	54.3348979
	10.5034609	54.3348878
	10.5025868	54.3355394
	10.5025042	54.335945
	10.5024324	54.3360563
	10.5018954	54.3359501
	10.5016129	54.3358583
	10.5012193	54.3355571
	10.5009856	54.3354603
	10.5006412	54.3353993
	10.5002661	54.3354388
	10.4967262	54.3349562
	10.493022	54.335584
	10.4907392	54.3369903
	10.4909546	54.3382709
	10.4903106	54.3380707
	10.4898916	54.3393949
	10.489208	54.3393178
	10.4863631	54.3415547
	10.4834742	54.3409505
	10.4786698	54.3423103
	10.4782347	54.3422061
	10.4773558	54.3426069
	10.477972	54.3434241
	10.4775544	54.3441277
	10.4770635	54.3439283
	10.4755407	54.3437926
	10.4755058	54.3438447
	10.4754408	54.3438724
	10.47411	54.3436703
	10.4737692	54.3442254
	10.4683459	54.3436759
	10.4695368	54.3381478
	10.4686326	54.3374664
	10.4676192	54.3374471
	10.4666573	54.3378167
	10.4657173	54.3376382
	10.4649522	54.3379823
	10.4640996	54.3379951
	10.4633806	54.3377264
	10.4631043	54.3376007
	10.4635998	54.3371571
	10.463971	54.3370959
	10.4642301	54.3369567
	10.4643164	54.3365627
	10.4650589	54.3363303
	10.4660263	54.3356418
	10.4662067	54.3349435
	10.46621	54.3349102
	10.4662123	54.3348869
	10.466246	54.3347925
	10.4666176	54.3345758
	10.4678189	54.3330289
	10.4678179	54.3330172
	10.4677314	54.3320219
	10.4669795	54.331102
	10.4668991	54.3307762
	10.4669514	54.32976
	10.4670635	54.3293546
	10.4671305	54.3287893
	10.467423	54.3285023
	10.4676666	54.3280369
	10.4674691	54.327726
	10.4674369	54.3275702
	10.4676449	54.3271779
	10.4675321	54.326887
	10.4675297	54.3268155
	10.4676869	54.3267253
	10.4677062	54.3265653
	10.4675071	54.3264049
	10.4671193	54.326107
	10.4665947	54.3260433
	10.4662668	54.3258266
	10.4663324	54.3255206
	10.4660991	54.3251525
	10.4659989	54.3249636
	10.4653046	54.3244692
	10.4648784	54.3239497
	10.4643416	54.323142
	10.4632383	54.3215581
	10.463239	54.3210706
	10.4634989	54.3206816
	10.463548	54.3202837
	10.463097	54.3198853
	10.4632877	54.3192795
	10.4629456	54.3188035
	10.4620051	54.3184348
	10.4619836	54.3182986
	10.4597438	54.3180061
	10.4588922	54.3175143
	10.4585078	54.3171026
	10.4578507	54.3172674
	10.4564888	54.3168535
	10.4551776	54.3166629
	10.4539321	54.3167478
	10.4536793	54.3170556
	10.4538226	54.3172835
	10.4537229	54.3175147
	10.4532668	54.3176838
	10.4533493	54.3178307
	10.452531	54.3184769
	10.4537798	54.3185592
	10.4543828	54.3190668
	10.4543462	54.3196209
	10.4541093	54.3200319
	10.4543394	54.320199
	10.4543035	54.3206418
	10.4530271	54.3214182
	10.4523149	54.3216089
	10.4517906	54.3216148
	10.451713	54.3212963
	10.4514262	54.321337
	10.4511604	54.3212425
	10.4508813	54.3210063
	10.4503381	54.3208649
	10.4498937	54.3207168
	10.4491385	54.3204513
	10.4491204	54.3202254
	10.4489722	54.3201205
	10.448689	54.3201213
	10.448358	54.32037
	10.4480898	54.3206614
	10.4477896	54.3208503
	10.4474335	54.3210066
	10.4469366	54.3212759
	10.4463811	54.3211694
	10.4458624	54.3212072
	10.4455993	54.3211043
	10.4452422	54.3208273
	10.4445255	54.3205808
	10.4430208	54.3203521
	10.4418591	54.3200519
	10.4411043	54.3196717
	10.439629	54.319262
	10.4392662	54.3191661
	10.438766	54.3189247
	10.4385139	54.3187428
	10.4386101	54.3184555
	10.4389386	54.3181037
	10.4390319	54.317748
	10.4380462	54.3177962
	10.4379434	54.3177684
	10.4374845	54.3177951
	10.4365601	54.3181219
	10.43596	54.3182307
	10.4352393	54.3182554
	10.4329383	54.3185392
	10.4312056	54.3188854
	10.4290564	54.3189718
	10.4288482	54.3187372
END
END
