6551478
1
	10.4355865	53.6460126
	10.4362034	53.6459016
	10.4367493	53.6456916
	10.4380231	53.6450397
	10.4393859	53.6443418
	10.4400508	53.6440328
	10.4405497	53.6437539
	10.4408357	53.6434979
	10.4411207	53.6431629
	10.4411937	53.6430289
	10.4415256	53.642278
	10.4417396	53.6420941
	10.4421195	53.6419951
	10.4436383	53.6417851
	10.4441862	53.6416861
	10.4446601	53.6415031
	10.4450391	53.6411942
	10.4451821	53.6408162
	10.4452791	53.6403933
	10.445516	53.6400723
	10.445636	53.6397903
	10.4455847	53.6395874
	10.4461009	53.6390694
	10.4471398	53.6387375
	10.4473228	53.6386805
	10.4477747	53.6383715
	10.4480836	53.6383565
	10.4493644	53.6385695
	10.4497684	53.6385815
	10.4502203	53.6384705
	10.4505983	53.6382455
	10.4508602	53.6377416
	10.4510042	53.6369677
	10.4508183	53.6358958
	10.4508653	53.6351369
	10.4506533	53.6347699
	10.4507253	53.634477
	10.4510322	53.634377
	10.4514222	53.634068
	10.4515802	53.633942
	10.4521741	53.63379
	10.4531229	53.6337331
	10.4534789	53.6338011
	10.4538588	53.6337061
	10.4548327	53.6333821
	10.4555925	53.6332561
	10.4567084	53.6329892
	10.4577262	53.6325652
	10.4584171	53.6325002
	10.4586241	53.6324352
	10.458869	53.6323592
	10.459486	53.6320353
	10.4598189	53.6318823
	10.4604358	53.6318983
	10.4624285	53.6322643
	10.4641602	53.6324623
	10.4660979	53.6325843
	10.4663089	53.6330272
	10.4664508	53.6339001
	10.4663568	53.6339961
	10.465334	53.634545
	10.465358	53.634828
	10.4647911	53.6351731
	10.4647957	53.6353533
	10.4658487	53.6356228
	10.4664478	53.6355599
	10.4668048	53.6355029
	10.4671857	53.6353919
	10.4676136	53.6353769
	10.4678026	53.6353919
	10.4679446	53.6355029
	10.4682765	53.6356589
	10.4685385	53.6357159
	10.4687504	53.6357009
	10.4690834	53.6355909
	10.4693923	53.6355329
	10.4699843	53.6355069
	10.4706262	53.635407
	10.471765	53.635098
	10.471861	53.634999
	10.471622	53.634763
	10.471553	53.6344501
	10.4723599	53.6336222
	10.4734328	53.6328323
	10.4737647	53.6327063
	10.4743096	53.6326533
	10.4755674	53.6326263
	10.4762573	53.6325693
	10.4766353	53.6325843
	10.4767312	53.6326683
	10.4769442	53.6329663
	10.4771102	53.6330193
	10.4772991	53.6330193
	10.4774651	53.6329083
	10.4778461	53.6327523
	10.478059	53.6327253
	10.478556	53.6328933
	10.4792688	53.6334582
	10.4794588	53.6334582
	10.4799577	53.6333052
	10.4805276	53.6328243
	10.4807186	53.6327563
	10.4809556	53.6327563
	10.4811978	53.6327374
	10.4812505	53.6327333
	10.4817385	53.6326993
	10.4825223	53.6323094
	10.4829263	53.6323214
	10.484728	53.6329393
	10.4853909	53.6330843
	10.4862488	53.6327293
	10.4871286	53.6326804
	10.4887404	53.6328473
	10.4895932	53.6328473
	10.4904251	53.6330003
	10.4915169	53.6332563
	10.4920378	53.6334233
	10.4927977	53.6335683
	10.4931537	53.6335263
	10.4933186	53.6334013
	10.4935816	53.6331183
	10.4942201	53.6320689
	10.4943195	53.6319055
	10.4960522	53.6312076
	10.4970021	53.6309706
	10.497479	53.6308146
	10.4974349	53.6308721
	10.4973859	53.6309619
	10.4974403	53.6310629
	10.4975333	53.6311432
	10.497768	53.631307
	10.4978021	53.6314177
	10.4978099	53.6317984
	10.4978185	53.6323052
	10.4978803	53.6324057
	10.4978165	53.6324876
	10.4975284	53.6344967
	10.4975144	53.634603
	10.4984806	53.6354426
	10.4990299	53.636206
	10.4995449	53.6367607
	10.5001714	53.6376512
	10.5005834	53.6385723
	10.5006092	53.6386944
	10.5005148	53.639132
	10.5005257	53.6394868
	10.5007432	53.6397959
	10.5009829	53.6401103
	10.5011041	53.6402481
	10.501251	53.6403739
	10.5013547	53.6404217
	10.5014969	53.6404503
	10.5019724	53.6405456
	10.5021043	53.6406104
	10.5030453	53.6412755
	10.5032369	53.6415165
	10.5039081	53.6421036
	10.504269	53.6424832
	10.5046824	53.6428042
	10.5049623	53.6431111
	10.5049851	53.643158
	10.5047813	53.6435742
	10.5048558	53.6440709
	10.5048396	53.6441796
	10.5045868	53.6449001
	10.5044029	53.6451972
	10.5034216	53.646339
	10.5033235	53.6464531
	10.5032827	53.6465006
	10.5031197	53.6468059
	10.502988	53.6471701
	10.5032992	53.6473905
	10.5034641	53.6475204
	10.5014547	53.6493151
	10.5010513	53.6494169
	10.5005192	53.6493558
	10.4997381	53.6493049
	10.4985022	53.6492795
	10.498176	53.6490964
	10.4977211	53.6490658
	10.496571	53.6487809
	10.4956768	53.6487254
	10.4956354	53.6491116
	10.4955839	53.6492795
	10.4955582	53.6495644
	10.4956354	53.6497679
	10.4959187	53.6500121
	10.4959702	53.6501596
	10.4961247	53.6503936
	10.4961418	53.6505819
	10.4958448	53.6507947
	10.4959993	53.6510186
	10.4961109	53.6511966
	10.4961624	53.6511102
	10.4964714	53.6511712
	10.4968061	53.6512424
	10.4974327	53.6513594
	10.4976301	53.6514663
	10.4977417	53.6515833
	10.4980593	53.6518071
	10.4986	53.6520971
	10.4989433	53.6522039
	10.4990377	53.6523209
	10.4990292	53.6523921
	10.4989021	53.6524567
	10.4988489	53.6524837
	10.4986086	53.65256
	10.4983861	53.6525636
	10.4981887	53.6525738
	10.4978882	53.6527315
	10.4977595	53.6528434
	10.4975793	53.6530367
	10.4970557	53.6531334
	10.4967553	53.6530927
	10.4965579	53.6529655
	10.4964549	53.6529553
	10.4962832	53.6531028
	10.4960772	53.6531792
	10.4958283	53.6533165
	10.4956395	53.6534691
	10.4955022	53.6534945
	10.4954421	53.6535301
	10.4951932	53.6536115
	10.495073	53.6536675
	10.4949443	53.6536726
	10.494867	53.6536878
	10.4947812	53.6536726
	10.4945924	53.653698
	10.4944464	53.6537438
	10.4941718	53.653871
	10.4932963	53.6545831
	10.4931504	53.6546136
	10.4929015	53.6546442
	10.4928929	53.6546798
	10.4927813	53.6547205
	10.4926783	53.6547408
	10.4925324	53.654812
	10.4923779	53.6548527
	10.4921891	53.6549545
	10.4921204	53.6550511
	10.4918029	53.6553207
	10.4914939	53.6554936
	10.4914681	53.6555801
	10.4917084	53.6558853
	10.4916054	53.6559718
	10.4909875	53.6563228
	10.4901206	53.6566839
	10.4897258	53.6568212
	10.4889962	53.6569331
	10.4889104	53.6569586
	10.4887129	53.6570552
	10.4884297	53.6571264
	10.4882666	53.6571875
	10.4881465	53.6572485
	10.4880177	53.6574113
	10.4878031	53.6574825
	10.4873225	53.6574469
	10.4871937	53.6574214
	10.4869534	53.6573095
	10.4867989	53.6573045
	10.4865758	53.6572994
	10.48655	53.6572078
	10.4865929	53.657162
	10.4865071	53.6570756
	10.4861895	53.6569993
	10.4861638	53.6569331
	10.4861895	53.6568721
	10.4861724	53.6568365
	10.4859492	53.656806
	10.4858205	53.6566534
	10.4858119	53.6565415
	10.485769	53.6563228
	10.4854428	53.6559107
	10.4853484	53.6557531
	10.4853312	53.6556208
	10.4852368	53.6555089
	10.4850909	53.6554377
	10.4844987	53.6550613
	10.4842927	53.6548985
	10.4841897	53.654751
	10.484121	53.6547306
	10.4839923	53.6548273
	10.4837948	53.6549341
	10.4834944	53.6550511
	10.4827391	53.6547103
	10.4825417	53.6547713
	10.4822671	53.6548883
	10.4814431	53.6546899
	10.4811856	53.6546696
	10.4806878	53.6546543
	10.4804217	53.6546645
	10.4798896	53.6546645
	10.4796149	53.6546086
	10.479984	53.6548934
	10.4804732	53.6550613
	10.4811169	53.6553105
	10.4812113	53.6554021
	10.4812199	53.6554377
	10.4810397	53.655575
	10.4807822	53.6556768
	10.4804732	53.6557225
	10.4802071	53.6557327
	10.4797694	53.6557327
	10.4795033	53.655865
	10.4792716	53.6559057
	10.4788253	53.6559107
	10.4785334	53.655926
	10.4782244	53.6559921
	10.4780528	53.6559311
	10.4776458	53.6560679
	10.4773681	53.6562807
	10.4765635	53.6563505
	10.4761362	53.6564321
	10.4758403	53.6566173
	10.4757413	53.6568269
	10.4754477	53.6569596
	10.4752217	53.6570114
	10.4753273	53.6577226
	10.4747756	53.6578207
	10.4741577	53.6579449
	10.4736005	53.6579122
	10.473253	53.6580201
	10.4719234	53.6583503
	10.4718627	53.6589028
	10.4707208	53.6587328
	10.470147	53.6590009
	10.4700214	53.6590825
	10.4699855	53.6592799
	10.4699635	53.6594302
	10.4698311	53.6595414
	10.4696214	53.6596068
	10.4692573	53.6596689
	10.4690752	53.6597572
	10.4690146	53.6598781
	10.4690311	53.6600318
	10.468998	53.6601429
	10.4687994	53.6603325
	10.4687167	53.6604273
	10.4687222	53.6605352
	10.4688104	53.6606791
	10.468838	53.6608196
	10.4686891	53.6609569
	10.4685236	53.6610158
	10.468168	53.6610116
	10.4679474	53.6609299
	10.4676936	53.6609168
	10.4674122	53.6608645
	10.4672633	53.6607436
	10.4669433	53.6606618
	10.4665406	53.6606193
	10.4660496	53.6606193
	10.4657462	53.660652
	10.4655255	53.6607109
	10.4652221	53.6608384
	10.4649959	53.6609266
	10.4647421	53.6609528
	10.4645269	53.6609495
	10.4641077	53.660858
	10.4636498	53.6607991
	10.4632029	53.6607697
	10.4624912	53.6607926
	10.4600693	53.6606324
	10.4597604	53.658233
	10.4578765	53.6601066
	10.4493558	53.6601635
	10.4494027	53.6613598
	10.4487952	53.6614377
	10.4476206	53.660284
	10.4471753	53.6604061
	10.4471136	53.6602845
	10.4470489	53.660157
	10.4458288	53.6591431
	10.4463754	53.6569431
	10.4461148	53.6566898
	10.4442218	53.6561438
	10.450434	53.6496849
	10.4522277	53.6501765
	10.4546123	53.6488122
	10.4556905	53.647534
	10.44863	53.6464216
	10.4462454	53.6474234
	10.4403358	53.6456411
	10.4372151	53.647196
	10.4360331	53.646649
	10.4355865	53.6460126
END
END
