6551480
1
	10.5090733	53.4435959
	10.509504	53.4434809
	10.5137105	53.4430597
	10.5141819	53.4429679
	10.5146171	53.4427789
	10.5159226	53.4419581
	10.5182072	53.4405271
	10.5183976	53.4404677
	10.5207728	53.4399007
	10.520936	53.4398143
	10.5215709	53.4378854
	10.5216543	53.4378026
	10.5231468	53.436919
	10.524732	53.4364055
	10.5264133	53.4358433
	10.5291085	53.4360217
	10.5284775	53.4351943
	10.5281455	53.434752
	10.5285595	53.4343518
	10.5285521	53.4331634
	10.5289618	53.4325701
	10.5290689	53.4325326
	10.5295668	53.4325288
	10.5315394	53.4329306
	10.5320435	53.4329681
	10.532346	53.4329494
	10.5342459	53.4327582
	10.5339989	53.4322055
	10.5335635	53.4313975
	10.5326245	53.4303882
	10.5326761	53.4298826
	10.5327051	53.4297211
	10.5326535	53.4295288
	10.5320856	53.428433
	10.531992	53.4283042
	10.5315823	53.4279735
	10.5311361	53.4276253
	10.5328935	53.4269215
	10.5333003	53.4268452
	10.5335749	53.4268452
	10.533957	53.4268895
	10.5341697	53.4268932
	10.5343432	53.4268526
	10.5346447	53.4267221
	10.5348863	53.4266631
	10.5357933	53.4266762
	10.5362353	53.4269008
	10.5365041	53.4271649
	10.5381678	53.4277958
	10.5382636	53.4278078
	10.5383645	53.4277687
	10.5390501	53.4267353
	10.5399425	53.4260204
	10.5402198	53.4258461
	10.5404517	53.4257259
	10.5414903	53.4245423
	10.5412431	53.4226351
	10.5412852	53.4224845
	10.5425907	53.4215999
	10.5426959	53.4214682
	10.5426619	53.4213535
	10.5417917	53.4206618
	10.5415211	53.419584
	10.5403066	53.4186303
	10.5408624	53.4176883
	10.5409743	53.4168952
	10.5416771	53.4155512
	10.5409124	53.4133301
	10.5409732	53.4126542
	10.5432781	53.4107272
	10.5457491	53.409137
	10.5468896	53.4086638
	10.548019	53.4083305
	10.5513066	53.4089104
	10.5526828	53.4088725
	10.5548402	53.4082105
	10.5563386	53.4081905
	10.5580048	53.4085105
	10.559246	53.4085638
	10.5597603	53.4083414
	10.5594142	53.4063575
	10.5610521	53.4060882
	10.5611482	53.4060675
	10.5620935	53.4072728
	10.5611191	53.4079428
	10.5613195	53.4082536
	10.5616079	53.4085718
	10.5622696	53.4091361
	10.562273	53.4091493
	10.5625938	53.410404
	10.5625181	53.4133619
	10.5624318	53.4139367
	10.5625469	53.4148974
	10.5617266	53.4159181
	10.561813	53.4168187
	10.5639141	53.4179938
	10.5657707	53.4185084
	10.5672962	53.4195891
	10.5675984	53.4195977
	10.5674977	53.4199065
	10.565857	53.420584
	10.5652686	53.4209605
	10.5653549	53.4213121
	10.5655708	53.4215866
	10.5658155	53.422813
	10.5660745	53.4232761
	10.5667941	53.4236105
	10.5673698	53.4239879
	10.5677008	53.4241765
	10.5703777	53.4252914
	10.5721478	53.426732
	10.5728098	53.4270836
	10.5754004	53.4279068
	10.5766057	53.4283839
	10.5784143	53.4289224
	10.5815365	53.4297205
	10.5814189	53.4312798
	10.5813368	53.4326645
	10.5812658	53.4338933
	10.5810738	53.4380496
	10.5790391	53.4385582
	10.5804973	53.4392703
	10.5836823	53.4411213
	10.583841	53.4411686
	10.5844683	53.4413554
	10.587143	53.4420498
	10.5860713	53.4444929
	10.5848678	53.4443915
	10.5829046	53.4441538
	10.5821568	53.4441373
	10.5808968	53.4444012
	10.5789439	53.4450001
	10.5781551	53.4456383
	10.5776566	53.4464548
	10.5750527	53.4479416
	10.5727601	53.4494592
	10.5714561	53.4488197
	10.5701106	53.4481193
	10.5687226	53.4478101
	10.5683653	53.4476723
	10.5675148	53.447233
	10.5649674	53.4453126
	10.5647998	53.4452612
	10.5626	53.4449892
	10.5624495	53.4449429
	10.5606025	53.4441518
	10.5588333	53.4435647
	10.5587133	53.4435234
	10.5585481	53.4434666
	10.5572238	53.4430344
	10.5551434	53.4422426
	10.5522388	53.4411421
	10.5518699	53.441263
	10.5486289	53.4423548
	10.5481469	53.4424077
	10.5469021	53.4430764
	10.5467896	53.4431368
	10.5461173	53.4434126
	10.5455413	53.4444823
	10.5451328	53.4448046
	10.54491	53.4449025
	10.5439126	53.4449657
	10.543658	53.4450384
	10.543101	53.4458662
	10.5423332	53.4465439
	10.5380282	53.446865
	10.5376556	53.4469075
	10.536728	53.446747
	10.5363633	53.4467187
	10.5357449	53.4467092
	10.5349442	53.4466714
	10.532195	53.4463513
	10.5290524	53.4457347
	10.5286457	53.4448099
	10.5234718	53.445965
	10.5203801	53.4471136
	10.520322	53.4475234
	10.5193818	53.4480833
	10.5172593	53.4488741
	10.5112598	53.4491991
	10.5111092	53.4488026
	10.510061	53.4468623
	10.5097918	53.4455546
	10.509743	53.4454216
	10.5090733	53.4435959
END
END
