6551769
1
	10.1679148	54.1054357
	10.1701256	54.1023575
	10.1707347	54.1022722
	10.1709083	54.1020509
	10.1706732	54.1015415
	10.1705103	54.1013115
	10.1704749	54.1010068
	10.1705251	54.1007429
	10.1707546	54.1005736
	10.1712654	54.1001873
	10.1717836	54.0996751
	10.1722478	54.0990977
	10.1724646	54.0987895
	10.1723536	54.0985638
	10.1720353	54.0983337
	10.1715023	54.0982903
	10.1710285	54.0982903
	10.1708212	54.0981688
	10.1707694	54.0977911
	10.1708582	54.0976131
	10.1710063	54.0974482
	10.170799	54.0970879
	10.1704659	54.0969533
	10.1701748	54.0966618
	10.1707576	54.0953081
	10.171443	54.0950866
	10.1716873	54.0950953
	10.1720575	54.0949607
	10.1726719	54.0948912
	10.1730124	54.0948001
	10.1734048	54.0946612
	10.1743893	54.0945787
	10.1754019	54.0945302
	10.1761846	54.0923274
	10.1820423	54.0897255
	10.185538	54.0894077
	10.1865507	54.0873047
	10.1871317	54.0860982
	10.1868415	54.0846511
	10.1868698	54.0846126
	10.1868824	54.0837709
	10.1864979	54.0832766
	10.1865467	54.0829711
	10.1872689	54.0823025
	10.1873902	54.0821817
	10.1873996	54.0820715
	10.1873168	54.081982
	10.1866492	54.0816941
	10.1870615	54.0812641
	10.1869163	54.0803628
	10.1867432	54.0802414
	10.1858044	54.0801836
	10.1855273	54.0799268
	10.1850299	54.0797694
	10.1847461	54.0793821
	10.1847025	54.0791265
	10.1845283	54.0788965
	10.1846111	54.078702
	10.184169	54.0785434
	10.1843086	54.0782153
	10.1848869	54.0768564
	10.1851978	54.0761124
	10.1858196	54.0751044
	10.1865149	54.0739582
	10.1868374	54.0732259
	10.1869897	54.0730635
	10.1870864	54.0728245
	10.1865205	54.0723306
	10.1864523	54.0721775
	10.1864856	54.071796
	10.1886218	54.0720059
	10.1938064	54.0725154
	10.1974463	54.0726175
	10.1976419	54.0724831
	10.1984047	54.0726444
	10.1996035	54.0726634
	10.2013912	54.0726334
	10.202587	54.0729193
	10.2047146	54.0733613
	10.2076922	54.0740412
	10.2077562	54.0741442
	10.2077542	54.0742962
	10.2078181	54.0743842
	10.2092509	54.0748262
	10.2102048	54.0751621
	10.2115705	54.0756661
	10.2123084	54.075979
	10.2125684	54.076131
	10.2141511	54.076791
	10.214713	54.0770889
	10.2149314	54.0771791
	10.2156639	54.0776529
	10.2167917	54.0780578
	10.2180115	54.0780878
	10.2188813	54.0781678
	10.2194033	54.0783478
	10.2200511	54.0787218
	10.2202691	54.0789388
	10.2205511	54.0790037
	10.221139	54.0789428
	10.2213412	54.0789247
	10.2231249	54.0784782
	10.227544	54.077348
	10.2280469	54.077199
	10.2286453	54.0769061
	10.2287088	54.076875
	10.2293367	54.076757
	10.2300976	54.076787
	10.2309025	54.076852
	10.2320763	54.077127
	10.2333171	54.077466
	10.2341629	54.077661
	10.2349888	54.077768
	10.2351178	54.0779089
	10.2350918	54.0782259
	10.2351298	54.0787748
	10.2352787	54.0789958
	10.2355577	54.0792788
	10.2364415	54.0800227
	10.2366785	54.0803047
	10.2368915	54.0806136
	10.2370624	54.0810366
	10.2373384	54.0815215
	10.2375323	54.0817155
	10.2380093	54.0819865
	10.2387691	54.0821925
	10.239485	54.0824405
	10.2406348	54.0827384
	10.2411567	54.0827654
	10.2421806	54.0827724
	10.2428365	54.0827494
	10.2435906	54.0829347
	10.2442073	54.0829634
	10.2453131	54.0832874
	10.246031	54.0834324
	10.2465549	54.0833944
	10.2469898	54.0832954
	10.2474917	54.0832344
	10.2478617	54.0832074
	10.2482986	54.0831464
	10.2484956	54.0831614
	10.2487515	54.0835084
	10.2482496	54.0836084
	10.2479417	54.0838753
	10.2472777	54.0847292
	10.2470118	54.0850082
	10.2466608	54.0852252
	10.2462009	54.0854392
	10.245849	54.0855381
	10.245611	54.0855721
	10.245306	54.0855721
	10.2449801	54.0855081
	10.2445472	54.0853242
	10.2437673	54.0848902
	10.2433314	54.0847642
	10.2428774	54.0846572
	10.2423985	54.0845922
	10.2414177	54.0845882
	10.2407198	54.0846342
	10.2402619	54.0847372
	10.2398459	54.0849012
	10.239561	54.0850542
	10.239297	54.0852561
	10.239009	54.0855721
	10.2383401	54.086767
	10.2381352	54.0876479
	10.2370366	54.0874724
	10.237285	54.0891142
	10.2381464	54.089771
	10.2382756	54.091312
	10.2434873	54.0940149
	10.2445641	54.0955304
	10.2469761	54.0987887
	10.2464162	54.100102
	10.2428843	54.100102
	10.2377157	54.0993191
	10.2369633	54.1009667
	10.2364305	54.1023009
	10.2359101	54.1032423
	10.2346281	54.103098
	10.2331586	54.1029508
	10.2318692	54.1024486
	10.2308602	54.1022775
	10.2278126	54.1024159
	10.2183334	54.1046983
	10.2017261	54.1049054
	10.1982339	54.1060491
	10.197242	54.1073633
	10.1955904	54.1078342
	10.1930256	54.1074558
	10.19219	54.1076889
	10.1918248	54.1078146
	10.1917403	54.1079367
	10.1915683	54.1080482
	10.1914838	54.1081596
	10.1679148	54.1054357
END
END
