6551073
1
	14.3619309	52.4949788
	14.3642462	52.4922261
	14.3635832	52.4907824
	14.3635746	52.489498
	14.3646174	52.4904989
	14.3662031	52.4901474
	14.3668662	52.4894066
	14.3678906	52.4882658
	14.3683725	52.4873173
	14.3698424	52.4882202
	14.3713208	52.4888278
	14.3713423	52.4882123
	14.3717392	52.4875473
	14.3729323	52.4868339
	14.3752797	52.4846151
	14.3778332	52.4822904
	14.3813866	52.4791475
	14.3827384	52.4780209
	14.3820271	52.4775164
	14.3815904	52.4773309
	14.3814531	52.4759677
	14.3807214	52.4737942
	14.3801624	52.4720793
	14.386987	52.4712061
	14.3915371	52.4706225
	14.3917818	52.471012
	14.3931068	52.4707826
	14.3949135	52.474019
	14.3965261	52.4737425
	14.3974359	52.4733687
	14.3980292	52.4734027
	14.3987459	52.4737125
	14.3994218	52.4740366
	14.4003326	52.4750803
	14.4003713	52.4753756
	14.399941	52.4755586
	14.3997243	52.4758109
	14.396731	52.4770767
	14.395671	52.4813782
	14.3909589	52.4816292
	14.3902787	52.4821597
	14.3880996	52.482538
	14.3896832	52.4832463
	14.3905168	52.4832567
	14.3924212	52.4840173
	14.394465	52.4843139
	14.4007028	52.4843943
	14.4019602	52.484457
	14.4038646	52.4850411
	14.4052078	52.4837082
	14.406373	52.482834
	14.4064009	52.4823819
	14.4068354	52.4823387
	14.4086679	52.4803465
	14.4108036	52.4791144
	14.4128807	52.477967
	14.4157689	52.4762653
	14.4195991	52.4769567
	14.4226547	52.4752224
	14.4296735	52.4715247
	14.4292808	52.470947
	14.4301112	52.4709313
	14.4347332	52.4661561
	14.4396727	52.4606548
	14.4442153	52.4654998
	14.447377	52.4685504
	14.4535687	52.4730736
	14.454058	52.4739245
	14.4540193	52.475157
	14.4551845	52.4761425
	14.4568539	52.4777905
	14.4580062	52.4788034
	14.4593752	52.4792373
	14.460403	52.478593
	14.4611862	52.4774507
	14.4622634	52.4755818
	14.4656862	52.4772842
	14.4651022	52.4780571
	14.4706576	52.4798698
	14.4700697	52.4812472
	14.4764233	52.4831499
	14.4743548	52.4878291
	14.4787987	52.487479
	14.4830666	52.4871706
	14.4886821	52.4866257
	14.490933	52.4823305
	14.4940121	52.4828441
	14.4956258	52.4831577
	14.4949692	52.4849911
	14.5031939	52.4871941
	14.5022948	52.4872124
	14.5077772	52.4894441
	14.5122684	52.4933188
	14.5087298	52.4957643
	14.5046496	52.4985873
	14.4982859	52.5030212
	14.5041606	52.5035131
	14.504625	52.5035309
	14.5057809	52.5056994
	14.5065823	52.5077829
	14.507616	52.5078821
	14.5095622	52.5080012
	14.5115163	52.508096
	14.5099015	52.5104605
	14.5133597	52.5113207
	14.5209565	52.5157441
	14.5200789	52.5166346
	14.5162874	52.520147
	14.5184889	52.5209343
	14.5158732	52.5237479
	14.5106805	52.5221263
	14.5069328	52.5260275
	14.5044384	52.5290664
	14.4977544	52.5268876
	14.4968875	52.5277388
	14.4944306	52.5269425
	14.4904931	52.5257662
	14.488725	52.5278236
	14.4850536	52.5266996
	14.4806376	52.5258511
	14.476816	52.525308
	14.4742131	52.5246239
	14.4708593	52.5238118
	14.4659198	52.523223
	14.4641277	52.5227193
	14.463347	52.5219671
	14.4594245	52.5178516
	14.4578152	52.5166594
	14.4563411	52.515146
	14.45453	52.5136117
	14.4458204	52.5180579
	14.4448204	52.5173619
	14.4425717	52.516461
	14.4342761	52.5226656
	14.4288988	52.5213469
	14.4280126	52.5219658
	14.4216404	52.5200336
	14.4195733	52.5192108
	14.41814	52.5180566
	14.4172417	52.5169273
	14.4172439	52.5168708
	14.4165843	52.5141432
	14.4103744	52.5106303
	14.4036727	52.5066207
	14.3996177	52.5045324
	14.3970514	52.5042098
	14.3910711	52.503464
	14.3883996	52.5027365
	14.3852239	52.5015544
	14.3827799	52.5005238
	14.3808802	52.4995784
	14.377512	52.4978563
	14.3751474	52.496499
	14.3710704	52.4951626
	14.3690162	52.4947253
	14.3679927	52.4955627
	14.366422	52.4953681
	14.3619309	52.4949788
END
END
