6551585
1
	8.5256199	54.7090534
	8.5271383	54.7093337
	8.5265424	54.7059098
	8.5270631	54.7056363
	8.5321532	54.7049952
	8.5323361	54.7049729
	8.5328749	54.7069306
	8.5330839	54.7075015
	8.5338056	54.7078279
	8.5355986	54.708639
	8.5352251	54.7130757
	8.536462	54.7140714
	8.5362853	54.7143174
	8.5409658	54.7197139
	8.5445053	54.7231309
	8.547194	54.7243591
	8.5575227	54.7219295
	8.5585419	54.7234191
	8.5585344	54.7234707
	8.5567947	54.7246858
	8.5567718	54.7247562
	8.5567947	54.7248309
	8.5586835	54.726762
	8.5587626	54.7268401
	8.5588401	54.7269167
	8.5609007	54.728953
	8.5611668	54.7289233
	8.5614938	54.7289155
	8.5617673	54.7288924
	8.5622011	54.7288655
	8.5624413	54.7288462
	8.5626148	54.7288077
	8.562835	54.7287653
	8.5630952	54.7286882
	8.563242	54.7286343
	8.5634822	54.7284647
	8.5641161	54.7280486
	8.5645565	54.7277827
	8.565037	54.7274783
	8.5652505	54.727328
	8.5654106	54.7272471
	8.5658377	54.7270776
	8.5662047	54.726908
	8.5665116	54.7268001
	8.5667585	54.7266884
	8.5668986	54.7266267
	8.5670655	54.7265304
	8.5671922	54.7264225
	8.567339	54.7263262
	8.5675059	54.726226
	8.567646	54.7261682
	8.5678995	54.7260873
	8.5681131	54.7260333
	8.5682932	54.7260063
	8.5685468	54.7259794
	8.568807	54.7259601
	8.5690072	54.7259562
	8.5691874	54.7259331
	8.5694676	54.725883
	8.5697345	54.7258214
	8.5698947	54.7257828
	8.5700548	54.725725
	8.5704285	54.7255401
	8.5710919	54.7252158
	8.5712258	54.7251407
	8.5713026	54.7251008
	8.5714227	54.7250854
	8.5715362	54.7250854
	8.5716563	54.7250931
	8.5717764	54.7251162
	8.5718898	54.7251624
	8.5719899	54.7252164
	8.57205	54.7252896
	8.5726772	54.7268464
	8.5727239	54.7269196
	8.5728107	54.7269928
	8.5729641	54.7270622
	8.573171	54.7271585
	8.5734112	54.7272972
	8.5734979	54.7273627
	8.5735847	54.7274822
	8.5737115	54.7277596
	8.573945	54.7283761
	8.5740918	54.7286921
	8.5742119	54.7288154
	8.5743988	54.7289271
	8.5745989	54.728981
	8.5748042	54.7290013
	8.5750655	54.7290027
	8.5753868	54.7289728
	8.5757395	54.7288981
	8.5762684	54.7287505
	8.5767813	54.7286083
	8.5771632	54.728505
	8.5777485	54.7284339
	8.5785892	54.7283299
	8.5790981	54.7282904
	8.5821901	54.7287274
	8.5829452	54.7308736
	8.5853118	54.7321262
	8.5874811	54.7385024
	8.5865936	54.7422593
	8.5837834	54.7448775
	8.56776	54.7508818
	8.5513423	54.7540116
	8.5412002	54.7545358
	8.5411533	54.7542165
	8.5410535	54.7536089
	8.5410457	54.7534142
	8.541036	54.7533485
	8.5410054	54.7529006
	8.5287495	54.744239
	8.54034	54.7381443
	8.540238	54.7380685
	8.5397745	54.737724
	8.5395177	54.7375331
	8.5377726	54.736236
	8.5375803	54.736093
	8.5367702	54.7354909
	8.5366617	54.735385
	8.53662	54.735279
	8.5363674	54.733427
	8.5363659	54.733416
	8.5363462	54.7332716
	8.5358317	54.7291668
	8.5356942	54.7285221
	8.5352605	54.7251842
	8.5352354	54.7249048
	8.5351437	54.724741
	8.5334672	54.7210656
	8.532944	54.7198467
	8.5326605	54.7192307
	8.5323458	54.7185396
	8.5322948	54.7184335
	8.5319261	54.7176465
	8.5317906	54.7173416
	8.5315321	54.7167731
	8.5308832	54.7161149
	8.5277602	54.7151252
	8.5262289	54.7139977
	8.5263549	54.7134017
	8.5264188	54.7132696
	8.5264012	54.7132507
	8.5264397	54.7132311
	8.5265299	54.7130647
	8.5267057	54.7128845
	8.5266885	54.7128714
	8.5267223	54.712777
	8.526382	54.7117397
	8.5262568	54.7116374
	8.5262526	54.7115371
	8.5256199	54.7090534
END
END
