6552210
1
	9.2060975	53.919324
	9.2061374	53.9170693
	9.2061594	53.9166997
	9.2090341	53.916515
	9.211666	53.9182774
	9.215276	53.9173793
	9.2185744	53.9190443
	9.2187511	53.9231025
	9.2227267	53.9259638
	9.2231685	53.9286515
	9.2296473	53.9299519
	9.2297126	53.9312081
	9.2374778	53.9338712
	9.2395887	53.9352027
	9.2410212	53.9363122
	9.2341176	53.9385161
	9.2342996	53.9386907
	9.2322719	53.9394082
	9.2312684	53.9395899
	9.2276771	53.9403951
	9.2275847	53.941621
	9.2275607	53.9422969
	9.2277467	53.9428688
	9.2279167	53.9433838
	9.2281786	53.9440397
	9.2286315	53.9461265
	9.2219866	53.941198
	9.2215327	53.940847
	9.2209838	53.9402711
	9.2192631	53.9399891
	9.2146958	53.9391152
	9.2158466	53.9373564
	9.2167085	53.9362465
	9.2152967	53.9356396
	9.2151068	53.9356246
	9.2147958	53.9356816
	9.2142689	53.9356816
	9.2140299	53.9357236
	9.213648	53.9357086
	9.2130261	53.9356666
	9.2124052	53.9352016
	9.2116393	53.9349607
	9.2102276	53.9344577
	9.2099466	53.9339388
	9.2096317	53.9336258
	9.2095523	53.9334717
	9.2094647	53.9333018
	9.2094887	53.9331029
	9.2093927	53.9325999
	9.2092037	53.931966
	9.2088698	53.9305741
	9.2088468	53.9300402
	9.2088459	53.9300024
	9.2088338	53.9294817
	9.2088238	53.9290523
	9.2085619	53.9280984
	9.2080656	53.9270117
	9.2074762	53.9246078
	9.207801	53.9245238
	9.2077175	53.9241227
	9.2075881	53.9233989
	9.2070037	53.9219055
	9.2068051	53.9213568
	9.2066418	53.9209439
	9.2061493	53.9198407
	9.2060975	53.919324
END
END
