6552033
1
	9.9394195	54.7458845
	9.9400901	54.744571
	9.9424654	54.742687
	9.9427699	54.7418819
	9.942874	54.7418953
	9.9480417	54.7425619
	9.9511429	54.7406971
	9.9517137	54.7387859
	9.9517414	54.7386083
	9.9521014	54.736298
	9.9519054	54.7349781
	9.959396	54.734848
	9.9571864	54.7320075
	9.9576867	54.7314057
	9.9583954	54.7315261
	9.9585622	54.7299132
	9.9596361	54.7274286
	9.9601991	54.7261259
	9.9612304	54.7267594
	9.9688877	54.7262309
	9.9714448	54.7249055
	9.9780403	54.7252767
	9.9855133	54.7245803
	9.9847082	54.7255539
	9.9839475	54.7268541
	9.9830012	54.729108
	9.9821697	54.7312648
	9.9815904	54.732808
	9.980918	54.734836
	9.980507	54.73612
	9.980113	54.738172
	9.9797331	54.7407356
	9.9795969	54.7429704
	9.97804	54.7509849
	9.9768828	54.750934
	9.9756005	54.7505488
	9.9737042	54.75057
	9.9737382	54.7498371
	9.9749076	54.7495585
	9.9752342	54.7494072
	9.975481	54.7492493
	9.9756955	54.7489056
	9.975633	54.7488958
	9.9747621	54.7487601
	9.9735337	54.7486548
	9.9735042	54.7484861
	9.972501	54.7484752
	9.9725188	54.7487065
	9.9726893	54.7491994
	9.9716541	54.7519529
	9.9706344	54.7526394
	9.9702978	54.7535066
	9.9666487	54.7532516
	9.9647105	54.7525556
	9.9637198	54.7518099
	9.9592404	54.7536742
	9.9576467	54.7531273
	9.9560961	54.7538263
	9.9550964	54.7534318
	9.9545935	54.7537851
	9.9553341	54.7541464
	9.9553208	54.7556626
	9.9545886	54.7567811
	9.952124	54.7574501
	9.9510137	54.7585457
	9.9497215	54.7582972
	9.9486878	54.7575764
	9.948394	54.756779
	9.9507983	54.7558366
	9.9507093	54.75574
	9.9489893	54.753873
	9.9481279	54.7539725
	9.9463189	54.7526799
	9.944596	54.7528788
	9.9439781	54.751581
	9.9430023	54.751263
	9.9429593	54.7505919
	9.9436053	54.7497467
	9.9449836	54.7497467
	9.9457159	54.7500201
	9.9470511	54.750219
	9.9461896	54.7478077
	9.9405071	54.7479611
	9.9402639	54.7479676
	9.9395665	54.7469942
	9.9394195	54.7458845
END
END
