6552856
1
	8.1053706	53.3173991
	8.1088865	53.3164704
	8.1203063	53.3135585
	8.1236256	53.312706
	8.123485	53.3125653
	8.1226412	53.3118145
	8.1206595	53.3097818
	8.1196939	53.3090709
	8.1190932	53.3088975
	8.1184767	53.3094892
	8.1176231	53.3090172
	8.1165881	53.3084448
	8.1155897	53.3074241
	8.1176865	53.306421
	8.1195582	53.306022
	8.1194642	53.3051978
	8.1182212	53.3052092
	8.1171031	53.3052727
	8.1159481	53.3058304
	8.1146518	53.3065356
	8.1135162	53.3054762
	8.1171778	53.3036143
	8.1181535	53.3031182
	8.1172036	53.3024501
	8.1168809	53.3022232
	8.1177521	53.3015212
	8.118222	53.3005559
	8.1201015	53.3003628
	8.1199889	53.2973998
	8.119521	53.2956286
	8.1167713	53.2937986
	8.1197973	53.2939764
	8.1184113	53.2926231
	8.1180485	53.2914563
	8.1190934	53.2912741
	8.1200588	53.2918168
	8.1209186	53.2913941
	8.1204278	53.2904512
	8.1214627	53.2902821
	8.1236978	53.2901129
	8.1229286	53.2894188
	8.1225149	53.2894622
	8.1220578	53.2894536
	8.1219779	53.2893234
	8.1227254	53.288252
	8.1229939	53.2881956
	8.1222174	53.2867901
	8.1225804	53.2866428
	8.1206644	53.284818
	8.1205216	53.2846616
	8.1201065	53.2844782
	8.1226281	53.2826614
	8.1204595	53.2813596
	8.1187027	53.2803014
	8.1184276	53.2801731
	8.1177981	53.280177
	8.1168973	53.2801455
	8.1169717	53.2797928
	8.1179227	53.2798516
	8.1209	53.2794477
	8.1216978	53.2779135
	8.1217119	53.2778864
	8.1208628	53.2746749
	8.1247422	53.2731808
	8.1256157	53.2733383
	8.1274205	53.2721322
	8.1320294	53.2685231
	8.1312726	53.2675816
	8.1328947	53.266393
	8.1332162	53.2661574
	8.1335245	53.2662209
	8.1351727	53.2650465
	8.1359625	53.2639222
	8.1358519	53.2637899
	8.1359718	53.2635992
	8.1388856	53.2640762
	8.1388136	53.264622
	8.1386877	53.2649344
	8.137915	53.2663671
	8.1373976	53.2672525
	8.138479	53.2675032
	8.1373533	53.2682561
	8.1375487	53.2684271
	8.1385334	53.2689335
	8.1404189	53.2680536
	8.140997	53.2677335
	8.141639	53.2678893
	8.141717	53.2679082
	8.1433014	53.2682909
	8.1434976	53.2683407
	8.1438383	53.2676632
	8.1451402	53.2677287
	8.1449369	53.2683119
	8.1446104	53.2690578
	8.1445516	53.2691922
	8.1472651	53.2701904
	8.1474467	53.2702572
	8.1475107	53.270393
	8.1490036	53.2696687
	8.1505678	53.2689624
	8.1507782	53.2682079
	8.152932	53.2676871
	8.1601506	53.269041
	8.1603401	53.2695522
	8.1606151	53.270202
	8.155344	53.2708794
	8.1554195	53.2710749
	8.1523268	53.2718949
	8.1506714	53.2718572
	8.1494433	53.2718273
	8.1494896	53.2718607
	8.1494996	53.271968
	8.1494787	53.2724319
	8.1504839	53.2736074
	8.1511777	53.2731179
	8.1523754	53.2738981
	8.1522133	53.2740193
	8.1516228	53.2744607
	8.1520214	53.2746919
	8.1521331	53.274758
	8.1526204	53.2750608
	8.1534485	53.2755693
	8.154702	53.2754178
	8.1560054	53.2752603
	8.1560556	53.2752785
	8.1570263	53.2748975
	8.1608372	53.2738938
	8.162487	53.2735793
	8.162743	53.2735305
	8.1648764	53.2731227
	8.16658	53.2727936
	8.1677524	53.2713043
	8.1685304	53.2697266
	8.1665861	53.2686743
	8.1649662	53.269685
	8.1597207	53.268653
	8.1611989	53.2680875
	8.1622834	53.2676726
	8.1638894	53.266992
	8.1650049	53.2664257
	8.1673776	53.2653827
	8.1717979	53.2633392
	8.1723127	53.2630874
	8.1728875	53.2628063
	8.1685107	53.2607655
	8.1676788	53.2604004
	8.1659848	53.2613789
	8.1653414	53.2610208
	8.165171	53.2611459
	8.1627283	53.2600369
	8.1637456	53.2593438
	8.1606743	53.2564907
	8.1601681	53.2560675
	8.1599917	53.2559306
	8.1581169	53.2548863
	8.1570718	53.2543379
	8.1565782	53.2540966
	8.1553694	53.2535368
	8.1544672	53.2531028
	8.1538429	53.2527135
	8.1547645	53.2517671
	8.1575769	53.2519131
	8.157251	53.250738
	8.1565591	53.2506945
	8.1559535	53.2487792
	8.1564241	53.248793
	8.1570229	53.2494857
	8.1595046	53.2519443
	8.1600239	53.2520569
	8.1618968	53.2532893
	8.1629449	53.2540081
	8.1638624	53.2548665
	8.1682808	53.2580194
	8.1705067	53.2566088
	8.1700021	53.2563677
	8.1691454	53.2559582
	8.1685552	53.2555667
	8.1654193	53.2531204
	8.1662312	53.2527262
	8.1668248	53.2524163
	8.1677986	53.2519765
	8.1683226	53.2516914
	8.16979	53.2508763
	8.1680551	53.2497661
	8.1655776	53.2482136
	8.1636854	53.2492753
	8.1626339	53.2482961
	8.1622229	53.2478704
	8.162217	53.2476032
	8.1620877	53.2474184
	8.1612412	53.2468914
	8.1599202	53.2468557
	8.1594598	53.24681
	8.1591528	53.2466991
	8.1591994	53.2465341
	8.1593003	53.2464436
	8.1593067	53.246364
	8.1589301	53.2462568
	8.1552416	53.2476984
	8.1538286	53.2473286
	8.1535872	53.247127
	8.152952	53.2450306
	8.1533764	53.2444329
	8.1518062	53.2436181
	8.1516324	53.2433697
	8.1534499	53.2428079
	8.1556841	53.2418688
	8.1551179	53.2414006
	8.1558754	53.2409682
	8.1559051	53.2408018
	8.1557429	53.2403703
	8.1571698	53.2395932
	8.157992	53.2391454
	8.1584845	53.2389038
	8.1593016	53.2392437
	8.1597209	53.2390118
	8.160133	53.2387618
	8.1594805	53.2385799
	8.1596595	53.2384492
	8.1602896	53.2374027
	8.1610368	53.2365333
	8.1612498	53.2366081
	8.1616781	53.2360831
	8.1629892	53.2366414
	8.1634529	53.2372913
	8.1637788	53.2371848
	8.1653371	53.2367271
	8.1657548	53.2374302
	8.1659959	53.2378299
	8.166194	53.2384255
	8.1687398	53.2376827
	8.1695209	53.2369424
	8.1682474	53.2366362
	8.167921	53.236537
	8.1681314	53.2360118
	8.1676455	53.2358947
	8.1676076	53.2358336
	8.1678448	53.2357259
	8.1683133	53.2354951
	8.1687344	53.2352797
	8.1695619	53.234728
	8.170499	53.2341293
	8.1704052	53.2340731
	8.1698275	53.2337268
	8.1696589	53.2337279
	8.1694743	53.2337107
	8.1692767	53.2336297
	8.1690182	53.2333986
	8.1688679	53.2331906
	8.1669169	53.2322096
	8.1667427	53.2323683
	8.1664063	53.2322934
	8.1628392	53.2295741
	8.1637023	53.2285988
	8.163279	53.2284932
	8.1651292	53.2268576
	8.1655005	53.2256851
	8.1639909	53.2252956
	8.1634174	53.2248685
	8.1626922	53.2247056
	8.1606226	53.2264832
	8.1582816	53.2245168
	8.1625076	53.2211098
	8.1619583	53.2200043
	8.1652351	53.2187743
	8.1663075	53.2198124
	8.1659394	53.2200102
	8.1664501	53.2207616
	8.1680354	53.2213407
	8.1704584	53.2214677
	8.1710532	53.2201748
	8.1712102	53.2198336
	8.1703425	53.2195515
	8.1707591	53.2190778
	8.1714004	53.2183823
	8.1734342	53.2193517
	8.1740031	53.2196229
	8.1763734	53.2207174
	8.1765333	53.2206262
	8.1775457	53.2211013
	8.1781659	53.2204924
	8.1783825	53.2202793
	8.1799109	53.2187414
	8.1788277	53.2182496
	8.1800608	53.2164317
	8.1793502	53.2160252
	8.1777663	53.2151127
	8.1767029	53.2145001
	8.1750639	53.2136128
	8.1738077	53.2148308
	8.1727201	53.2142276
	8.1723057	53.2139978
	8.1710237	53.2132226
	8.1731999	53.2116842
	8.1723654	53.2113608
	8.1730199	53.2101458
	8.1746725	53.2107141
	8.173838	53.2112727
	8.1753574	53.2125827
	8.1755173	53.2106952
	8.1762154	53.2099633
	8.1771208	53.2095683
	8.179927	53.2107981
	8.1793081	53.211345
	8.1789008	53.2118375
	8.1822886	53.2119176
	8.1824486	53.2119214
	8.185501	53.2118444
	8.187397	53.210413
	8.1862256	53.2098535
	8.18497	53.2092537
	8.1838344	53.2087099
	8.183072	53.2080802
	8.1820105	53.2073073
	8.1817983	53.2064129
	8.1815637	53.2053407
	8.1832907	53.2035112
	8.183444	53.203447
	8.1838178	53.2031209
	8.183986	53.2029998
	8.1843877	53.2028003
	8.1855228	53.2026016
	8.1869278	53.2022643
	8.1913192	53.2024901
	8.1931289	53.2037904
	8.1934436	53.203998
	8.1937043	53.2042557
	8.1948918	53.2039089
	8.1975321	53.2033689
	8.198423	53.2035474
	8.1988578	53.2036428
	8.1989726	53.2036812
	8.1995184	53.2038515
	8.2012175	53.2031964
	8.2006434	53.2026885
	8.2003234	53.2017913
	8.2009085	53.2013764
	8.2014784	53.2011829
	8.2014912	53.2015622
	8.201644	53.2015842
	8.2017194	53.2024979
	8.2017068	53.2036144
	8.20339	53.2047617
	8.2054164	53.2022438
	8.2066044	53.2024467
	8.2073985	53.2026134
	8.2089441	53.2029059
	8.2095022	53.2029327
	8.2104805	53.2027062
	8.2132723	53.2026299
	8.2173311	53.2016187
	8.2173467	53.2016577
	8.2190335	53.2022816
	8.220409	53.2020069
	8.2218164	53.2016358
	8.2224541	53.2013671
	8.2234354	53.2008741
	8.2241945	53.2004845
	8.2245974	53.2002735
	8.2262352	53.1993879
	8.2266828	53.1992266
	8.2272671	53.1990424
	8.2269066	53.1981153
	8.2271402	53.1980952
	8.2280854	53.1981261
	8.2292344	53.1982248
	8.2326394	53.1986144
	8.2350448	53.1988973
	8.2354375	53.198658
	8.2355524	53.1986295
	8.2357494	53.1986706
	8.236396	53.1988045
	8.237486	53.1990786
	8.2377889	53.1991626
	8.2379016	53.1992083
	8.2385248	53.1994606
	8.2387919	53.1996804
	8.2393804	53.1999416
	8.240303	53.200137
	8.241539	53.2003062
	8.2428173	53.2003708
	8.2439826	53.2004296
	8.2439359	53.1999014
	8.2440136	53.1997229
	8.2444642	53.1996031
	8.2447856	53.1994307
	8.2472585	53.1991816
	8.2471448	53.1987941
	8.2469705	53.1986177
	8.2469955	53.1981058
	8.2469735	53.1973658
	8.2465527	53.1968712
	8.2462035	53.1959159
	8.2480064	53.1949931
	8.2483213	53.1950621
	8.2494711	53.1950081
	8.2513319	53.1945892
	8.2515768	53.1945352
	8.2521747	53.1940472
	8.2525202	53.1939109
	8.2526007	53.1938792
	8.2535615	53.1936813
	8.2549063	53.1933263
	8.2553452	53.1932843
	8.2558982	53.1933183
	8.257095	53.1931513
	8.2576681	53.1931422
	8.2588007	53.1931243
	8.2606974	53.1927994
	8.2618102	53.1927504
	8.262855	53.1926815
	8.2658439	53.1924907
	8.2660436	53.1924714
	8.2672094	53.1921585
	8.2676773	53.1919145
	8.2679849	53.1918245
	8.2690441	53.1915146
	8.2735414	53.1911446
	8.2742833	53.1913236
	8.2754108	53.1914337
	8.2754221	53.1913006
	8.2756891	53.1910906
	8.2759301	53.1906557
	8.2759843	53.1905813
	8.276589	53.1897518
	8.2770759	53.1891298
	8.2772629	53.1889509
	8.2774516	53.1889064
	8.2776442	53.1889124
	8.2824811	53.1891649
	8.282988	53.1891868
	8.2857733	53.1893086
	8.289462	53.1894698
	8.2905014	53.1898359
	8.29052	53.1898425
	8.2942831	53.191164
	8.295591	53.1909117
	8.2964509	53.1909417
	8.2967158	53.1911827
	8.2962649	53.1915106
	8.2963765	53.1917621
	8.2964069	53.1918306
	8.2979306	53.1918846
	8.3002663	53.1915216
	8.3002033	53.1907817
	8.3002983	53.1900688
	8.3017271	53.1892519
	8.302141	53.1892127
	8.302245	53.1892029
	8.3038787	53.1889929
	8.3038807	53.1894319
	8.3040677	53.1896718
	8.3047026	53.1900538
	8.3058934	53.1908127
	8.3061544	53.1911257
	8.306701	53.1930488
	8.3093392	53.1941887
	8.310654	53.1947568
	8.3134622	53.1959702
	8.3153489	53.1966911
	8.3157319	53.1969589
	8.3148153	53.1990539
	8.3143353	53.2002569
	8.3130561	53.2033204
	8.3125251	53.2045076
	8.3118105	53.2062237
	8.310242	53.2098469
	8.3100017	53.2104385
	8.309004	53.2128952
	8.3076236	53.2160664
	8.3064974	53.2189946
	8.3051176	53.2223251
	8.3028938	53.227262
	8.3024592	53.2283475
	8.3019348	53.2297045
	8.3011185	53.2316481
	8.3009658	53.2321138
	8.2993699	53.2337948
	8.2983793	53.2352917
	8.2972695	53.2368785
	8.2957594	53.2386604
	8.2954674	53.238573
	8.2952358	53.2383524
	8.2946858	53.2381984
	8.2919017	53.2372368
	8.2912724	53.2370195
	8.2891729	53.2362333
	8.2885538	53.2359136
	8.2869661	53.2350977
	8.2869175	53.2350707
	8.2861952	53.2346697
	8.2855313	53.2344678
	8.280694	53.2336398
	8.2801151	53.2335788
	8.2796261	53.2334801
	8.2789739	53.2337662
	8.2780794	53.2353816
	8.2792846	53.2359219
	8.2806195	53.2366475
	8.282392	53.2377401
	8.2825519	53.2378478
	8.2853823	53.2397552
	8.2894797	53.2428655
	8.2919142	53.2446575
	8.2918377	53.2447213
	8.2877691	53.2481135
	8.285991	53.2495795
	8.2823714	53.2526645
	8.2811308	53.2537467
	8.2801854	53.254557
	8.2787916	53.2557563
	8.2779033	53.255519
	8.2770825	53.2567952
	8.2766708	53.2574683
	8.2765054	53.2577348
	8.2759555	53.2576988
	8.2758996	53.2578331
	8.2755677	53.2581231
	8.2750548	53.258851
	8.2746653	53.2595491
	8.274228	53.2602923
	8.2739018	53.2608159
	8.2733467	53.2618992
	8.2732868	53.2621272
	8.2730508	53.2631644
	8.2726935	53.2641685
	8.2725267	53.2648113
	8.272438	53.2651533
	8.2720747	53.2665535
	8.2710507	53.2696342
	8.2702765	53.2723097
	8.2699971	53.2733871
	8.2700388	53.2733824
	8.2697013	53.2747016
	8.26946	53.2755617
	8.2694472	53.2765059
	8.2695146	53.2786801
	8.2694603	53.2791677
	8.2696015	53.2795726
	8.2695725	53.2797526
	8.2695604	53.279959
	8.2725852	53.2799769
	8.2746871	53.2802166
	8.2752826	53.2802936
	8.2757545	53.2803736
	8.2765057	53.2805928
	8.2773938	53.2808949
	8.27785	53.2810338
	8.2783961	53.2810985
	8.2793119	53.2810356
	8.27921	53.2815224
	8.279068	53.2819804
	8.2783991	53.2830443
	8.2782115	53.2834505
	8.2780343	53.2838147
	8.277878	53.2844409
	8.2777026	53.2847389
	8.277447	53.2847452
	8.2772845	53.284718
	8.276961	53.2846012
	8.2751106	53.2840971
	8.2746806	53.2839602
	8.2739129	53.2839867
	8.2733459	53.2840431
	8.2728789	53.2842231
	8.272419	53.2842881
	8.2720821	53.2842921
	8.2717891	53.2842041
	8.2714791	53.2841769
	8.2710572	53.2841541
	8.2704563	53.2842501
	8.2703837	53.2843649
	8.2702035	53.2844032
	8.2699053	53.2844566
	8.2698228	53.2844683
	8.269439	53.2844815
	8.2691028	53.2845389
	8.2686065	53.2846544
	8.2681373	53.2847273
	8.2677579	53.2848055
	8.2675555	53.2848997
	8.2674196	53.2848993
	8.2671939	53.2852511
	8.2666277	53.2859088
	8.2658593	53.2866003
	8.2650285	53.287367
	8.2647343	53.2874507
	8.2637377	53.2881649
	8.2626921	53.2890267
	8.2617466	53.2895555
	8.2614371	53.2901295
	8.2612217	53.290326
	8.2609031	53.2903344
	8.260679	53.2905057
	8.2601075	53.2911996
	8.2591969	53.2921725
	8.2587431	53.2927423
	8.2585756	53.2931651
	8.258374	53.2937074
	8.2582194	53.2939685
	8.2580985	53.2941372
	8.2580783	53.294334
	8.2580581	53.2944786
	8.2579397	53.2946679
	8.2572405	53.2955458
	8.2570868	53.2958337
	8.2569537	53.2961277
	8.2568964	53.2964848
	8.2568875	53.2971086
	8.2570031	53.2983675
	8.2570703	53.2989128
	8.2569907	53.2994948
	8.2550375	53.2993627
	8.2542987	53.2993064
	8.252756	53.2991954
	8.252596	53.2995843
	8.252386	53.2998293
	8.252236	53.3000543
	8.252163	53.3003133
	8.2519101	53.3005952
	8.2516451	53.3007212
	8.2514991	53.3008742
	8.2512692	53.3011072
	8.2509142	53.3018121
	8.2508202	53.3021211
	8.2508082	53.302324
	8.2508792	53.302514
	8.2511572	53.302888
	8.2511392	53.3032469
	8.2509992	53.3036929
	8.2509462	53.3039069
	8.2512122	53.3045208
	8.2516721	53.3052537
	8.2517911	53.3056617
	8.2517941	53.3059706
	8.2518651	53.3065316
	8.2513054	53.3064955
	8.2507962	53.3064626
	8.2499264	53.3063516
	8.2484126	53.3060846
	8.2482176	53.3060816
	8.2475827	53.3059246
	8.2472272	53.3058788
	8.2469308	53.3058406
	8.245978	53.3058256
	8.2441418	53.3059358
	8.2442245	53.30692
	8.2442037	53.3073534
	8.2440902	53.3081604
	8.2438786	53.3085182
	8.2438612	53.3085477
	8.2421837	53.3081387
	8.237296	53.3071595
	8.2363796	53.3069759
	8.2350164	53.3067303
	8.2343414	53.3065805
	8.233956	53.3065835
	8.2329681	53.3064798
	8.2310754	53.3061437
	8.228702	53.3057396
	8.2269512	53.3054248
	8.2259977	53.3052285
	8.2244881	53.304966
	8.2242186	53.304913
	8.2230161	53.3046987
	8.2219496	53.304434
	8.2190369	53.3037312
	8.2178819	53.3035248
	8.2165331	53.3033177
	8.2156666	53.3031765
	8.2154488	53.3031439
	8.215261	53.3031236
	8.2149559	53.3032888
	8.2146865	53.3035186
	8.2141869	53.3037118
	8.2138042	53.3037879
	8.2126582	53.3037428
	8.2114544	53.3036018
	8.2088872	53.3032505
	8.2088308	53.3032428
	8.2085027	53.3038104
	8.2085582	53.3038378
	8.2087123	53.3039138
	8.2089979	53.3040478
	8.2097595	53.3042961
	8.2102545	53.3044643
	8.2104943	53.304597
	8.2072938	53.3065009
	8.2070821	53.30663
	8.2057263	53.3073877
	8.2041185	53.3082863
	8.2026277	53.3091862
	8.1990442	53.3113719
	8.1989643	53.3114029
	8.1987863	53.3114789
	8.1973515	53.3123598
	8.1970575	53.3122418
	8.1920473	53.3156939
	8.1918374	53.3158263
	8.192026	53.3158853
	8.1925629	53.3161012
	8.1924007	53.3164142
	8.1918346	53.3177407
	8.1912757	53.3189219
	8.1912174	53.31907
	8.1903068	53.3211102
	8.1889999	53.3208398
	8.1885801	53.3207606
	8.1885725	53.3205592
	8.1879104	53.3203857
	8.1861804	53.3198966
	8.1856839	53.3203629
	8.1854783	53.320526
	8.1851613	53.3208508
	8.1849042	53.3211151
	8.1845658	53.321456
	8.1847781	53.3214697
	8.184721	53.3224996
	8.1843854	53.3225044
	8.1841221	53.322556
	8.1833635	53.3221407
	8.182889	53.3218867
	8.1826346	53.3217676
	8.1824944	53.3217036
	8.1823774	53.3216502
	8.1812646	53.3212341
	8.1813178	53.3211865
	8.180192	53.3208201
	8.1780574	53.3201389
	8.1779776	53.3207391
	8.1768594	53.3211712
	8.1749929	53.3215227
	8.174505	53.3213707
	8.1740821	53.3210997
	8.1734152	53.3216947
	8.1726773	53.3213587
	8.1706966	53.3205008
	8.1693358	53.3214507
	8.1693848	53.3216297
	8.1695768	53.3217517
	8.1707866	53.3221796
	8.1706166	53.3223816
	8.1712035	53.3225336
	8.1715964	53.3226366
	8.1709275	53.3236365
	8.1706776	53.3242354
	8.1705496	53.3247923
	8.1707646	53.3248453
	8.1701336	53.3270091
	8.1700327	53.327413
	8.1712234	53.3280481
	8.1714424	53.3281649
	8.1712745	53.3283399
	8.1746492	53.3300174
	8.1712744	53.3332194
	8.1707995	53.3341433
	8.1700065	53.3350472
	8.169685	53.3352454
	8.1694726	53.3354257
	8.168794	53.3351142
	8.1680283	53.3357072
	8.1672924	53.3364147
	8.1665187	53.336934
	8.1663334	53.3370762
	8.1662349	53.3371538
	8.1655926	53.3376604
	8.1660822	53.3378428
	8.1656875	53.3384702
	8.1648914	53.3396586
	8.164498	53.3395254
	8.1643694	53.3405579
	8.1639845	53.3410275
	8.1651793	53.3417064
	8.1656922	53.3417754
	8.1665091	53.3421574
	8.167097	53.3423243
	8.167145	53.3425073
	8.166864	53.3433322
	8.1667711	53.3439652
	8.1665351	53.3446591
	8.1666491	53.3447581
	8.16693	53.3447131
	8.167167	53.3447051
	8.1676019	53.3447581
	8.1679949	53.3448771
	8.1681878	53.3445941
	8.1685748	53.3440681
	8.1687987	53.3439652
	8.1693547	53.3439842
	8.1702645	53.3440642
	8.1706465	53.3432172
	8.1712254	53.3435572
	8.1723612	53.3442471
	8.1726094	53.344071
	8.1728058	53.3441633
	8.1729615	53.3442262
	8.173519	53.3445411
	8.17361	53.3446861
	8.1735827	53.3449249
	8.173432	53.345075
	8.1773434	53.3466579
	8.1789021	53.3472458
	8.1782792	53.3485087
	8.1779051	53.3489746
	8.1778093	53.3491296
	8.1774524	53.3494816
	8.1764355	53.3502705
	8.1761566	53.3506674
	8.1760935	53.3508243
	8.1760416	53.3509534
	8.1760016	53.3513423
	8.1764795	53.3513423
	8.1738129	53.354154
	8.173344	53.35391
	8.173028	53.3537461
	8.1684327	53.3527962
	8.1681518	53.3527232
	8.1677429	53.3526242
	8.1676549	53.3525862
	8.1656452	53.3517733
	8.1633256	53.3505144
	8.1635145	53.3503274
	8.1621927	53.3497785
	8.1596751	53.3494235
	8.1595931	53.3492105
	8.1579244	53.3487106
	8.1568256	53.3465708
	8.1566836	53.3460709
	8.1564179	53.3452967
	8.1562646	53.3446216
	8.1558049	53.3441101
	8.1549613	53.3435575
	8.1544534	53.3429568
	8.1544055	53.3423446
	8.1540391	53.3419664
	8.1536931	53.3415544
	8.1527733	53.3403945
	8.1501787	53.3390857
	8.1511845	53.3381018
	8.1461633	53.336458
	8.1435357	53.335599
	8.1426249	53.335725
	8.141964	53.335794
	8.141689	53.335756
	8.1398953	53.3352641
	8.1385165	53.3348861
	8.1387065	53.3346721
	8.1358269	53.3331203
	8.135601	53.3332683
	8.13521	53.3331043
	8.1348421	53.3328643
	8.1345271	53.3328223
	8.1325845	53.3315935
	8.1313667	53.3313575
	8.1314196	53.3311095
	8.1259789	53.3300034
	8.1248692	53.3298073
	8.1230607	53.3300051
	8.1229017	53.3299734
	8.1220039	53.3290815
	8.1211259	53.3281088
	8.1210309	53.328124
	8.1208112	53.3271461
	8.1206041	53.3258508
	8.1204454	53.3249885
	8.1204231	53.3247416
	8.1204697	53.3243637
	8.1193228	53.3241202
	8.117804	53.3237933
	8.1160275	53.3243546
	8.1120392	53.3217912
	8.1085508	53.3194865
	8.1053706	53.3173991
END
END
