6552934
1
	7.021714	52.5637513
	7.0280552	52.5585643
	7.02601	52.5573328
	7.0222722	52.555082
	7.022895	52.5550619
	7.0248732	52.5549979
	7.0269761	52.5550315
	7.0312722	52.5554775
	7.031514	52.5555026
	7.0287362	52.5576758
	7.0285381	52.5578308
	7.0397641	52.5648852
	7.0397142	52.5651935
	7.0394519	52.5668127
	7.0393489	52.5674484
	7.031953	52.5692472
	7.0290149	52.5671886
	7.0240304	52.563696
	7.021714	52.5637513
END
2
	7.0388689	52.5930053
	7.0398442	52.5882049
	7.0408077	52.5834622
	7.0409873	52.5818314
	7.0427091	52.5661984
	7.066878	52.5688033
	7.0669025	52.568648
	7.0671145	52.5673027
	7.0703438	52.5673769
	7.0716577	52.5674071
	7.0715999	52.5685072
	7.073014	52.5684968
	7.0731664	52.5587756
	7.0732993	52.5502935
	7.0752331	52.5504773
	7.0752911	52.5504504
	7.0753299	52.5504324
	7.0812682	52.5510723
	7.0818663	52.5511148
	7.0817705	52.5501783
	7.081784	52.5475242
	7.0819827	52.5471691
	7.0819489	52.5467292
	7.0817351	52.5462454
	7.0817881	52.5462022
	7.0824315	52.5456775
	7.0829305	52.5452666
	7.0831176	52.544821
	7.0838436	52.5428959
	7.0918687	52.5570792
	7.0933349	52.5590368
	7.1036598	52.5729239
	7.1077714	52.5734294
	7.1089766	52.5889065
	7.1031055	52.5896884
	7.1030835	52.5899674
	7.0968155	52.5915082
	7.0968775	52.5900354
	7.0958176	52.5900354
	7.0958546	52.5902224
	7.0936759	52.5910203
	7.09331	52.5911952
	7.0922322	52.5921151
	7.0913733	52.5927971
	7.0901605	52.5928241
	7.0900965	52.5943269
	7.0857022	52.5957387
	7.0822597	52.5972376
	7.0804689	52.5989044
	7.0785042	52.6002022
	7.0779203	52.6005832
	7.0767525	52.6013501
	7.0758384	52.6018885
	7.0750618	52.602346
	7.0724512	52.6041768
	7.0698366	52.6047147
	7.0685598	52.6049247
	7.0625707	52.6054276
	7.0584583	52.6057716
	7.0508975	52.6063545
	7.0490197	52.6065155
	7.0490008	52.6041497
	7.0487508	52.6041158
	7.0487648	52.5993553
	7.0454083	52.5971085
	7.0405395	52.5940536
	7.0388689	52.5930053
END
END
