6552227
1
	9.6716188	53.9843163
	9.6725803	53.982822
	9.675465	53.9809641
	9.6834563	53.9824744
	9.6840744	53.9819494
	9.6854481	53.9819494
	9.6857228	53.9813839
	9.6873025	53.9805762
	9.688454	53.9805106
	9.6909427	53.9798088
	9.6930719	53.9808993
	9.6941708	53.9847361
	9.7024127	53.9848572
	9.7020006	53.9827975
	9.7044045	53.9822725
	9.7074952	53.983888
	9.7086628	53.9832822
	9.7107919	53.9841303
	9.715531	53.9839283
	9.7160805	53.9827975
	9.7179349	53.9829591
	9.718141	53.9844938
	9.7199267	53.9843726
	9.7202701	53.9825552
	9.7243224	53.9837264
	9.7234295	53.9857457
	9.7252153	53.9865534
	9.7253526	53.9875629
	9.7240476	53.9878456
	9.7248718	53.9885725
	9.7274818	53.9874822
	9.7278238	53.9886695
	9.7282634	53.9915769
	9.7277139	53.9938703
	9.7297469	53.9948393
	9.7290326	53.9955177
	9.7265601	53.9981339
	9.7253513	54.0000071
	9.726615	54.001202
	9.7264502	54.0025584
	9.7260656	54.0045606
	9.7270546	54.0062075
	9.7262304	54.0075961
	9.7261341	54.0085393
	9.7261078	54.008797
	9.7260656	54.0092106
	9.7243994	54.0100653
	9.7242201	54.0101572
	9.7234571	54.0105487
	9.7231289	54.010717
	9.7218981	54.010593
	9.7125793	54.0103863
	9.7113485	54.0100144
	9.7096724	54.0097566
	9.7098834	54.0065741
	9.7094614	54.0057681
	9.7099537	54.0049207
	9.7113604	54.0040113
	9.7112549	54.0028333
	9.7112549	54.000787
	9.7118527	53.9993608
	9.712767	53.9979966
	9.7124153	53.9971904
	9.7128373	53.996591
	9.712345	53.9960742
	9.7114307	53.9951646
	9.7004591	53.9918776
	9.7014701	53.9907354
	9.7011536	53.9903012
	9.7022789	53.989681
	9.7016459	53.9886265
	9.6973909	53.9890814
	9.6954216	53.9895156
	9.6924326	53.9887919
	9.6874391	53.9885645
	9.6832544	53.9889573
	9.6810741	53.9898464
	9.6796675	53.9900945
	9.6768895	53.9899704
	9.6752015	53.9893502
	9.6736894	53.9890194
	9.6720015	53.988151
	9.672107	53.986683
	9.6722125	53.9852977
	9.6716188	53.9843163
END
END
