6552178
1
	9.5174	54.0516173
	9.5233781	54.0440557
	9.5280376	54.0449074
	9.5303673	54.0438234
	9.5348948	54.0434363
	9.5373124	54.0429975
	9.5423235	54.0429717
	9.5414444	54.0441589
	9.538807	54.0475399
	9.5401696	54.049398
	9.5410927	54.0505077
	9.544917	54.0505335
	9.5485214	54.0509205
	9.5511149	54.0498625
	9.5523457	54.0490367
	9.5524775	54.0477463
	9.5536204	54.0466882
	9.5549322	54.0464662
	9.5567314	54.0461697
	9.5568077	54.0466676
	9.5546785	54.0476757
	9.555228	54.0486435
	9.5560522	54.0495306
	9.5526867	54.0496113
	9.5503939	54.0509998
	9.5482318	54.0523628
	9.5505026	54.0619562
	9.5446234	54.0623754
	9.5477553	54.068631
	9.5477004	54.0690824
	9.5459971	54.0691147
	9.5435245	54.0714361
	9.5418821	54.0719383
	9.5358179	54.0651628
	9.5334882	54.0650854
	9.5344552	54.0605449
	9.5323453	54.0590743
	9.5302354	54.057552
	9.5301035	54.0551266
	9.5276859	54.0549718
	9.5266749	54.0522624
	9.5207684	54.0522434
	9.5206616	54.0522904
	9.519645	54.0532363
	9.5190723	54.0534438
	9.5176935	54.0519253
	9.5175542	54.0517799
	9.5174	54.0516173
END
END
