6552503
1
	9.6925594	51.8892403
	9.69604	51.8865746
	9.6980728	51.8840985
	9.7040891	51.8820419
	9.7012016	51.8796382
	9.7058762	51.8776472
	9.7083738	51.878879
	9.7092516	51.879287
	9.7100165	51.87957
	9.7128831	51.8805269
	9.7147198	51.8810918
	9.7156407	51.8812598
	9.7168495	51.8813968
	9.7183083	51.8815498
	9.7190571	51.8815688
	9.7206939	51.8815078
	9.7215998	51.8814158
	9.7217367	51.8813398
	9.7221797	51.8812668
	9.7228746	51.8810579
	9.7243444	51.8806649
	9.7248073	51.8805619
	9.7250782	51.8805159
	9.7257132	51.8804199
	9.7262341	51.8803939
	9.7275629	51.880218
	9.7286427	51.880027
	9.7302095	51.879596
	9.7313083	51.8793681
	9.7322532	51.8791581
	9.73318	51.8789971
	9.733567	51.8788411
	9.7339299	51.8789861
	9.7343759	51.8787762
	9.7348028	51.8785892
	9.7351887	51.8784862
	9.7356517	51.8783682
	9.7360836	51.8782842
	9.7366625	51.8781732
	9.7369457	51.8781187
	9.7371565	51.8780782
	9.7382393	51.8777923
	9.7387812	51.8775443
	9.7390922	51.8773803
	9.7393281	51.8771814
	9.7396361	51.8770974
	9.7406	51.8768044
	9.7407949	51.8767624
	9.7412779	51.8765484
	9.7418608	51.8762815
	9.7434605	51.8759915
	9.7456122	51.8750076
	9.7464081	51.8745227
	9.7467011	51.8742517
	9.747271	51.8735658
	9.7475849	51.8732448
	9.7479139	51.8730199
	9.7483608	51.8727489
	9.7489227	51.8725159
	9.7494637	51.8723409
	9.7501396	51.872192
	9.7506595	51.872062
	9.7508525	51.872028
	9.7524442	51.8711701
	9.7528152	51.8707921
	9.7530132	51.8704722
	9.7531931	51.8700562
	9.7537171	51.8697503
	9.754221	51.8695143
	9.7548979	51.8692703
	9.7552078	51.8691173
	9.7559247	51.8687974
	9.7568586	51.8681145
	9.7572344	51.8677171
	9.7578725	51.8672406
	9.7582014	51.8670496
	9.7585728	51.8669405
	9.760951	51.8666116
	9.7617429	51.8664017
	9.7623038	51.8662257
	9.7629027	51.8660427
	9.7638286	51.8658217
	9.7641575	51.8657527
	9.7643105	51.8657148
	9.7645605	51.8657068
	9.7647524	51.8657188
	9.7650214	51.8658407
	9.7652694	51.8658907
	9.7655383	51.8659017
	9.7672711	51.8657718
	9.7694467	51.8656038
	9.7695137	51.8655698
	9.7697167	51.8654628
	9.7702186	51.8652758
	9.7705476	51.8651848
	9.7709515	51.8651848
	9.7713335	51.8653558
	9.7720304	51.8651458
	9.7723003	51.8650399
	9.7724353	51.8650279
	9.7726103	51.8649329
	9.7735921	51.8648219
	9.774347	51.8644669
	9.7756408	51.864132
	9.7763337	51.86404
	9.7771416	51.864032
	9.7778255	51.8645019
	9.7780864	51.8645969
	9.7783614	51.8646959
	9.7787643	51.8648179
	9.7793483	51.8649367
	9.7800082	51.8651119
	9.7805471	51.8652716
	9.781236	51.8652719
	9.7817279	51.8652117
	9.7823748	51.8650779
	9.7827607	51.8648179
	9.7830737	51.864605
	9.7837906	51.864109
	9.7874656	51.8649521
	9.7880453	51.8651064
	9.7886018	51.865161
	9.7887842	51.8653334
	9.7884892	51.8659608
	9.7909545	51.8677096
	9.7933306	51.869309
	9.7953121	51.8706172
	9.7943614	51.8708936
	9.7940885	51.8710564
	9.7956172	51.8730596
	9.7973629	51.8753183
	9.7983118	51.8762223
	9.797954	51.8768017
	9.7970349	51.8770214
	9.7978713	51.8780276
	9.7996523	51.8800191
	9.8015237	51.8821234
	9.8029629	51.8838563
	9.8025853	51.8839705
	9.8026432	51.8841946
	9.8019851	51.8844651
	9.8011964	51.884674
	9.7998137	51.8849559
	9.7984132	51.885098
	9.7975328	51.8851221
	9.7977492	51.8856919
	9.7924163	51.8867223
	9.7788415	51.8893741
	9.7720609	51.8907545
	9.7659173	51.8919187
	9.7649193	51.8898757
	9.7623682	51.8908162
	9.7600401	51.8914972
	9.7609494	51.893117
	9.7555546	51.8944645
	9.7517065	51.8954254
	9.7496563	51.8958844
	9.7481653	51.8962787
	9.7467379	51.8962154
	9.7417184	51.8958365
	9.7390519	51.8956422
	9.7297524	51.8978404
	9.7189601	51.9003596
	9.7151795	51.9012806
	9.7141553	51.9000075
	9.7127396	51.9005186
	9.7120468	51.8997101
	9.7111131	51.8999238
	9.7107712	51.89944
	9.7087485	51.8991897
	9.7080106	51.8994127
	9.7072535	51.9000967
	9.7065949	51.9000354
	9.7062485	51.8997937
	9.7062936	51.8990689
	9.7058778	51.8987018
	9.6969021	51.9014295
	9.6928335	51.9009038
	9.6987159	51.897417
	9.7015707	51.8939176
	9.6925594	51.8892403
END
END
