6552320
1
	10.553834	52.5084908
	10.5540633	52.5083969
	10.5542994	52.5080337
	10.5542886	52.5079406
	10.5542538	52.5078737
	10.5541733	52.5077847
	10.5542189	52.5076484
	10.5542658	52.5075921
	10.5545797	52.5074142
	10.5548036	52.5073113
	10.5551282	52.5071603
	10.5553575	52.5070632
	10.555438	52.5070378
	10.5556016	52.5070248
	10.5557142	52.5070811
	10.5560401	52.5069089
	10.5564639	52.5068297
	10.5569427	52.5065538
	10.5572538	52.5064779
	10.5573718	52.5064771
	10.5574563	52.506482
	10.5576977	52.5064615
	10.5580344	52.5063881
	10.5582234	52.5063873
	10.5584675	52.5063595
	10.5588189	52.5062722
	10.5590818	52.5062534
	10.5591944	52.5062069
	10.559417	52.5062101
	10.5595002	52.506184
	10.5596262	52.506193
	10.5598596	52.5061914
	10.5600058	52.5062003
	10.5602016	52.5061832
	10.5604215	52.5061285
	10.560561	52.5060909
	10.5607809	52.5060216
	10.5610612	52.5059391
	10.561548	52.5058861
	10.5618578	52.5057652
	10.5621019	52.5056461
	10.5622789	52.505593
	10.5626504	52.5053914
	10.5628744	52.5053359
	10.5631037	52.5052208
	10.5631896	52.505202
	10.5632955	52.5051424
	10.5634001	52.5050804
	10.563498	52.5050363
	10.5635369	52.5049775
	10.5636992	52.5048877
	10.5638373	52.5047946
	10.5639942	52.504651
	10.5640801	52.5045571
	10.5641444	52.5044559
	10.5641914	52.5043538
	10.5641967	52.5041971
	10.5642008	52.5041734
	10.5641753	52.5041302
	10.564183	52.5040914
	10.5642611	52.5036297
	10.5654051	52.5036436
	10.5666751	52.5036559
	10.5667542	52.5037285
	10.5667381	52.5038069
	10.5669607	52.5036991
	10.5669353	52.5038004
	10.5671311	52.5036779
	10.5672343	52.5037008
	10.5676152	52.5035783
	10.5679086	52.5035657
	10.5679032	52.503662
	10.5747955	52.5037301
	10.5734396	52.5018215
	10.574314	52.5004132
	10.5745125	52.5003316
	10.5800459	52.4970348
	10.5825779	52.4955341
	10.5825699	52.4954084
	10.5828649	52.4953969
	10.5826289	52.4953218
	10.584375	52.4925195
	10.5847598	52.4926105
	10.5847784	52.4926699
	10.5848126	52.4927052
	10.5849083	52.4927614
	10.5861784	52.493155
	10.5864524	52.4932541
	10.5865239	52.4932893
	10.5865935	52.4933389
	10.5868316	52.4935378
	10.5869695	52.4936319
	10.5871714	52.4937236
	10.5873039	52.4937682
	10.5875392	52.4938183
	10.5878185	52.493879
	10.5879196	52.4939627
	10.5879571	52.4940337
	10.5879549	52.4941042
	10.5878584	52.4943522
	10.5878651	52.4944585
	10.5884196	52.4945671
	10.588572	52.4937318
	10.5891818	52.4939251
	10.5898423	52.4939174
	10.5908713	52.4941494
	10.5915445	52.4941494
	10.5915338	52.4939296
	10.5936618	52.4942052
	10.594522	52.4943756
	10.5954105	52.4942365
	10.595597	52.494237
	10.5958236	52.4942264
	10.5959427	52.4941881
	10.5960079	52.4941482
	10.5960722	52.494088
	10.5964958	52.4933245
	10.5965833	52.4932348
	10.5967272	52.4931704
	10.596841	52.4931561
	10.5969721	52.493152
	10.5971076	52.4931915
	10.597282	52.4932582
	10.5979956	52.4936239
	10.5981497	52.4936508
	10.5983011	52.4936371
	10.5984601	52.4935964
	10.5988347	52.4933078
	10.5989125	52.4932565
	10.599044	52.493245
	10.5991587	52.4932586
	10.5993544	52.4933212
	10.5995429	52.4934105
	10.6003771	52.4938774
	10.6007254	52.4940755
	10.6009708	52.4941768
	10.6011698	52.494237
	10.6015059	52.4943212
	10.6018959	52.494414
	10.6021147	52.4944865
	10.6023634	52.4945671
	10.6024998	52.4946247
	10.602638	52.4947139
	10.6028906	52.4948748
	10.6032781	52.4951387
	10.6034607	52.495303
	10.603588	52.495444
	10.6038529	52.4957547
	10.603947	52.4958304
	10.6040299	52.4958803
	10.6043527	52.4960291
	10.6056342	52.4965855
	10.6057821	52.4966228
	10.6059112	52.4966554
	10.6064973	52.4967277
	10.6067647	52.4967745
	10.6073523	52.4969531
	10.6077909	52.4970558
	10.6080115	52.4970841
	10.6082583	52.4971157
	10.6093712	52.4971772
	10.6096528	52.4971853
	10.6100506	52.4971748
	10.6102539	52.4971443
	10.6104708	52.4971003
	10.6106632	52.4970484
	10.6107425	52.4970065
	10.6107916	52.4969444
	10.6108226	52.4967844
	10.6108421	52.4967204
	10.6108954	52.4966755
	10.611	52.4966244
	10.6112555	52.4965854
	10.6114667	52.49655
	10.6115476	52.4964827
	10.6115572	52.4963936
	10.6115192	52.4963157
	10.6110376	52.4958512
	10.6109716	52.4957592
	10.6109389	52.4956594
	10.6109241	52.4955541
	10.6109958	52.4954071
	10.6112726	52.4951641
	10.6113939	52.4951174
	10.6115208	52.4951264
	10.6117835	52.4952241
	10.6118778	52.4952094
	10.6119473	52.4951587
	10.6119867	52.4950828
	10.6119099	52.4947125
	10.6119346	52.4945426
	10.6120142	52.4944129
	10.6121225	52.4943127
	10.6123519	52.4942026
	10.6125262	52.4940312
	10.6125572	52.4938662
	10.6124873	52.4937758
	10.6123139	52.4936305
	10.6122552	52.4935332
	10.6122896	52.4932219
	10.6122778	52.4930745
	10.6123027	52.4928403
	10.6123414	52.4926869
	10.6124125	52.4925638
	10.6125999	52.4924529
	10.61305	52.492347
	10.613329	52.4922285
	10.613702	52.492056
	10.6138834	52.4920009
	10.6140637	52.4919924
	10.6144849	52.492016
	10.6146677	52.4919867
	10.6148044	52.4918989
	10.6153673	52.4912283
	10.6153705	52.4911651
	10.6154177	52.4911141
	10.615543	52.4910805
	10.6157063	52.4910821
	10.6165299	52.4911976
	10.6168171	52.4913189
	10.6170244	52.4914173
	10.6171086	52.491445
	10.6172187	52.4914256
	10.617364	52.4913666
	10.6174287	52.4912416
	10.6175528	52.4911654
	10.617714	52.4911477
	10.6181526	52.4912998
	10.6192369	52.4914798
	10.6210417	52.4914154
	10.622347	52.4909207
	10.6237554	52.4904674
	10.6237623	52.4902037
	10.6257187	52.4893221
	10.625616	52.4880352
	10.6268326	52.4874762
	10.6266757	52.4861581
	10.627131	52.4856976
	10.6233424	52.4830489
	10.6212512	52.4720132
	10.6261269	52.4684542
	10.6218794	52.4625551
	10.640903	52.460499
	10.640914	52.4605842
	10.6436884	52.4602165
	10.6469044	52.4621603
	10.647298	52.467886
	10.647385	52.4679957
	10.6474896	52.4680692
	10.6475728	52.4680758
	10.6476479	52.4679859
	10.649903	52.4668513
	10.651344	52.4663028
	10.6519367	52.4661002
	10.6521111	52.4660479
	10.6521647	52.4659433
	10.6523233	52.4658837
	10.6528558	52.4658075
	10.6534073	52.4661808
	10.6526877	52.4661607
	10.652086	52.4665672
	10.6516496	52.466862
	10.649157	52.4678726
	10.64892	52.4683645
	10.6484549	52.468557
	10.6475596	52.4688296
	10.6476123	52.470423
	10.6499118	52.4702144
	10.6515531	52.4697332
	10.6512283	52.469113
	10.6520007	52.4684072
	10.6532207	52.4682094
	10.6540545	52.4686692
	10.655619	52.4676376
	10.656777	52.4684528
	10.654875	52.4694257
	10.6546055	52.4695597
	10.6543855	52.469705
	10.6542213	52.4698522
	10.6540695	52.4700013
	10.6538991	52.4701617
	10.6537163	52.4702806
	10.6535416	52.4703463
	10.6534344	52.4703806
	10.6532082	52.4704429
	10.6530347	52.4704693
	10.6528674	52.4704958
	10.652539	52.4705109
	10.6521115	52.4705146
	10.6515321	52.4704882
	10.651244	52.4704807
	10.6510457	52.4704882
	10.6509559	52.470526
	10.6509094	52.4706128
	10.650832	52.4708241
	10.6507762	52.4708845
	10.6507111	52.4709204
	10.650643	52.4709525
	10.650516	52.4709751
	10.6503239	52.470994
	10.6499645	52.470994
	10.6498406	52.4709978
	10.6497569	52.4710355
	10.6497074	52.471111
	10.6496609	52.4712676
	10.6495989	52.4712978
	10.6495339	52.4713016
	10.6494519	52.4712813
	10.6493883	52.4712035
	10.6489111	52.4706694
	10.6488275	52.4705882
	10.6487531	52.4705505
	10.6486709	52.4705048
	10.6481701	52.4705484
	10.6474953	52.4706581
	10.6474505	52.470688
	10.6473993	52.4707222
	10.6473373	52.4708468
	10.6472599	52.4710129
	10.6470077	52.4713073
	10.6469031	52.4713888
	10.646767	52.4714338
	10.6465827	52.4714715
	10.6464595	52.4715245
	10.6464162	52.4715817
	10.6464388	52.4716281
	10.6465314	52.471666
	10.6473118	52.4718028
	10.6473633	52.4718527
	10.6473837	52.471915
	10.6473561	52.4719698
	10.6471386	52.4720651
	10.6468615	52.4721374
	10.6463699	52.4722085
	10.6458343	52.4722543
	10.6456965	52.4722684
	10.6455914	52.4722557
	10.645218	52.4721853
	10.6450774	52.4721808
	10.6448626	52.4722076
	10.6433799	52.4725724
	10.6432586	52.4725848
	10.6431557	52.4726333
	10.6430775	52.4727056
	10.6429945	52.4728343
	10.6428383	52.47298
	10.6427508	52.4730539
	10.6425933	52.4731398
	10.6423312	52.4733799
	10.6421643	52.4734886
	10.6419948	52.4735898
	10.64151	52.4737372
	10.6423193	52.4745093
	10.6433868	52.4740705
	10.6522085	52.478459
	10.6522684	52.4784888
	10.6523909	52.4785497
	10.6518622	52.4788522
	10.652677	52.4795379
	10.652802	52.4796431
	10.6533011	52.4794382
	10.6536808	52.479425
	10.6557066	52.4809496
	10.6564842	52.4812583
	10.6569425	52.4815839
	10.6572699	52.4826829
	10.6570095	52.4828098
	10.6565262	52.4835507
	10.6569522	52.4845039
	10.6581834	52.4856289
	10.659954	52.4862293
	10.6603914	52.486001
	10.6623039	52.4866824
	10.6641983	52.4867883
	10.6653373	52.4871136
	10.6696248	52.4894672
	10.6697014	52.489897
	10.6711497	52.4910856
	10.6714866	52.4911057
	10.672376	52.4909147
	10.6748918	52.4915331
	10.6753954	52.4918775
	10.6759907	52.4920136
	10.6760865	52.4948113
	10.6758917	52.4967018
	10.6753609	52.498436
	10.6768925	52.4984377
	10.6769119	52.4989875
	10.6790987	52.4988265
	10.6813569	52.5020447
	10.6814865	52.5032725
	10.6811398	52.5034786
	10.6878554	52.5129018
	10.6939236	52.5182134
	10.6948573	52.5192076
	10.6949616	52.5192272
	10.6950036	52.5192758
	10.7012587	52.5208235
	10.7159447	52.5287355
	10.7191231	52.5303149
	10.7173066	52.5334894
	10.72497	52.5357961
	10.7260595	52.5375075
	10.7268548	52.539868
	10.72702	52.5421536
	10.7274257	52.5518248
	10.7276127	52.5562811
	10.7276143	52.5563189
	10.725111	52.5558512
	10.7234169	52.5566364
	10.7219047	52.5573427
	10.7179579	52.5591707
	10.7140577	52.5609393
	10.7112522	52.5622226
	10.708519	52.563477
	10.7057184	52.5647539
	10.7023418	52.566279
	10.6998324	52.5724889
	10.6994335	52.5734759
	10.6990682	52.5743798
	10.6989846	52.5747163
	10.7000673	52.5773658
	10.7008904	52.5793211
	10.7019626	52.581212
	10.7030813	52.5832477
	10.7041876	52.585265
	10.705274	52.5872438
	10.7071535	52.590667
	10.7056376	52.5918996
	10.7050292	52.5923943
	10.7029557	52.5940803
	10.7061836	52.6007075
	10.6979706	52.5999182
	10.6956776	52.5959798
	10.6953516	52.5958973
	10.6896048	52.5850183
	10.6877557	52.5861806
	10.680584	52.5906495
	10.6806086	52.5908291
	10.6606799	52.5919114
	10.6503243	52.5806527
	10.6424637	52.5832346
	10.6421671	52.5828078
	10.6416374	52.5829716
	10.6417227	52.5830912
	10.6389946	52.582569
	10.6238139	52.565851
	10.5947087	52.5584343
	10.5886323	52.5517867
	10.5879819	52.5507553
	10.593969	52.548801
	10.5941927	52.5490257
	10.5972017	52.5480124
	10.5932617	52.5433799
	10.5935214	52.5432897
	10.5902829	52.539601
	10.5900037	52.5396708
	10.5865083	52.5356543
	10.5866935	52.5355622
	10.5834074	52.5317776
	10.5831759	52.5318368
	10.579978	52.5282506
	10.580139	52.52819
	10.5797858	52.5277632
	10.579534	52.52732
	10.5799591	52.5253602
	10.5775743	52.5250355
	10.5766092	52.5274528
	10.5745739	52.5270408
	10.5719131	52.5264779
	10.5711058	52.5263098
	10.5666882	52.5253731
	10.5632228	52.5246355
	10.5610492	52.5242025
	10.5610559	52.524072
	10.5619249	52.517933
	10.5593004	52.5172622
	10.559186	52.5172194
	10.558945	52.5171292
	10.5588578	52.517059
	10.5587854	52.5169962
	10.5587585	52.5169211
	10.558772	52.5168542
	10.5589114	52.5166159
	10.559126	52.516482
	10.5591542	52.5163017
	10.5591582	52.5162315
	10.5591636	52.5161197
	10.558898	52.5161099
	10.5590938	52.5144589
	10.5592387	52.5132069
	10.5592548	52.5130942
	10.5592937	52.5129775
	10.5591756	52.5127482
	10.5591019	52.5125964
	10.5589798	52.5121858
	10.5588591	52.5120667
	10.5588444	52.5120234
	10.5586952	52.5118966
	10.5586137	52.5117328
	10.5585212	52.5115737
	10.5585078	52.5114374
	10.5584488	52.5113231
	10.5585601	52.511026
	10.5586218	52.5108677
	10.558548	52.5107077
	10.5583468	52.5104947
	10.5583321	52.5102996
	10.5582409	52.5101592
	10.5581363	52.51008
	10.5579981	52.5099927
	10.5579177	52.5099413
	10.5578949	52.5098539
	10.55775	52.5096997
	10.5577474	52.5096107
	10.5576776	52.5094956
	10.5578077	52.5093397
	10.5576307	52.5092124
	10.5574966	52.5091569
	10.5572739	52.509072
	10.5569923	52.5091014
	10.556826	52.5091454
	10.5566007	52.5091226
	10.5564666	52.5090752
	10.5564934	52.5088353
	10.5563218	52.5085888
	10.5562034	52.5085223
	10.55608	52.5084782
	10.5558336	52.5084418
	10.5555466	52.5084884
	10.5551054	52.5085879
	10.5549753	52.5087079
	10.5545783	52.5087757
	10.5542363	52.5087594
	10.5539815	52.508752
	10.5539091	52.5086279
	10.553834	52.5084908
END
END
