6552546
1
	9.1550676	52.3672604
	9.1553121	52.3660126
	9.1568494	52.3660048
	9.1571595	52.3650519
	9.160752	52.3642351
	9.1663214	52.3636312
	9.1685824	52.3612094
	9.1710297	52.3599199
	9.1735159	52.3581765
	9.1748507	52.355648
	9.176456	52.3532859
	9.1746448	52.3494558
	9.1711521	52.3414544
	9.1722226	52.34142
	9.1759727	52.3407352
	9.1762104	52.3410695
	9.1821459	52.3404315
	9.1900567	52.3392452
	9.1919568	52.3479368
	9.1927287	52.3560211
	9.1921592	52.3582299
	9.1906573	52.3601259
	9.1912074	52.3621822
	9.1927582	52.3649899
	9.1952653	52.3653485
	9.1967301	52.3663862
	9.1963183	52.3680646
	9.1980186	52.3699263
	9.1959082	52.3703727
	9.1918539	52.369438
	9.1887442	52.3683356
	9.1862623	52.3700093
	9.1602354	52.3766824
	9.1592274	52.374685
	9.1571891	52.373631
	9.1565086	52.3729109
	9.1555825	52.3728421
	9.1557615	52.3723962
	9.1566343	52.3722795
	9.1551924	52.3681337
	9.1550676	52.3672604
END
END
