6552260
1
	9.6846466	53.897502
	9.6930339	53.8900696
	9.6994459	53.8903176
	9.7134147	53.8908708
	9.7137858	53.8908935
	9.7140481	53.8909097
	9.7154303	53.8910236
	9.7278634	53.8915186
	9.7277507	53.8927798
	9.7263804	53.8937387
	9.72501	53.8940247
	9.7248388	53.8952191
	9.7245215	53.8977128
	9.7249276	53.8990031
	9.7287023	53.8985836
	9.737914	53.9027381
	9.7393699	53.9045546
	9.7359727	53.9100372
	9.7313478	53.918596
	9.724715	53.9202998
	9.7050507	53.9253576
	9.703831	53.9169433
	9.7018272	53.9170459
	9.6846466	53.897502
END
END
