6552144
1
	10.238159	54.0430138
	10.2401005	54.039035
	10.2440725	54.0390843
	10.2497678	54.0399334
	10.2498601	54.0402449
	10.2545191	54.0406418
	10.2556225	54.0409647
	10.2576503	54.0409788
	10.2595072	54.0410393
	10.259638	54.0410759
	10.2597338	54.0410384
	10.2598851	54.0363298
	10.2598384	54.0347665
	10.2564945	54.029173
	10.2717054	54.0270847
	10.2718867	54.0271121
	10.2741164	54.0274458
	10.2741855	54.0272776
	10.2744412	54.0269847
	10.2746482	54.0267963
	10.2752933	54.0262362
	10.2758726	54.025769
	10.2768235	54.025019
	10.2770153	54.0248536
	10.2771413	54.024737
	10.277262	54.0246046
	10.2778803	54.0235702
	10.277997	54.0233347
	10.2780908	54.023352
	10.2799362	54.0238625
	10.2819425	54.0244234
	10.2818406	54.0254886
	10.281685	54.0258194
	10.2825004	54.0260117
	10.2823716	54.0265001
	10.2822858	54.0270515
	10.2821112	54.0282776
	10.2830558	54.0283685
	10.2817977	54.0298596
	10.2829558	54.0299401
	10.2899466	54.0304609
	10.2896196	54.0319984
	10.2893414	54.0333065
	10.2875346	54.0332128
	10.2867597	54.0333326
	10.2864084	54.0337858
	10.2869391	54.0381641
	10.2843435	54.0389387
	10.284266	54.0389818
	10.2825692	54.0400047
	10.2817961	54.0414479
	10.2831843	54.0413044
	10.2853033	54.0409762
	10.2868949	54.0407152
	10.2892756	54.0435432
	10.2900642	54.0447952
	10.2917487	54.048756
	10.2922261	54.049414
	10.29361	54.0515146
	10.2936957	54.0517647
	10.2930481	54.0536539
	10.2929503	54.0536365
	10.2918679	54.0573291
	10.2885104	54.0573492
	10.2869421	54.0574011
	10.2869488	54.0575246
	10.2869529	54.057599
	10.2852474	54.058374
	10.2853401	54.0592939
	10.2793938	54.0606338
	10.2747108	54.0617168
	10.27319	54.0618183
	10.2712746	54.0619461
	10.270906	54.0628371
	10.2648382	54.0622851
	10.2647449	54.0614165
	10.2622043	54.0612201
	10.2587788	54.0609863
	10.2552989	54.0608051
	10.2529122	54.0600533
	10.2496519	54.0596285
	10.2494238	54.0595988
	10.247369	54.059887
	10.246608	54.0577664
	10.2465381	54.0575934
	10.2463739	54.0571873
	10.2444077	54.0551022
	10.24213	54.0536322
	10.2429141	54.0514107
	10.2409225	54.0511704
	10.2410562	54.0506746
	10.239939	54.0505522
	10.2408748	54.0485536
	10.2409029	54.0484936
	10.2422024	54.0464435
	10.2417114	54.046383
	10.2422909	54.0454587
	10.2402116	54.0453238
	10.2399767	54.0445244
	10.2390142	54.043676
	10.2385331	54.0436478
	10.2388164	54.0431111
	10.238159	54.0430138
END
END
