6552312
1
	10.2584247	52.5158879
	10.2586317	52.5158349
	10.263132	52.5157659
	10.2686501	52.515629
	10.2687641	52.515053
	10.2688581	52.5141411
	10.2688351	52.5136342
	10.2687422	52.5133822
	10.2684662	52.5132102
	10.2683972	52.5129893
	10.2684662	52.5126803
	10.2692271	52.5116764
	10.2694351	52.5115094
	10.2714218	52.5111465
	10.2716067	52.5110205
	10.2710978	52.5107805
	10.2709129	52.5105625
	10.2709139	52.5104826
	10.2710048	52.5104176
	10.2713738	52.5103336
	10.2718507	52.5101816
	10.2727356	52.5099106
	10.2732255	52.5096627
	10.2735555	52.5094987
	10.2738664	52.5093117
	10.2741034	52.5091057
	10.2740074	52.5088577
	10.2745533	52.5086328
	10.2748483	52.5081828
	10.2753962	52.5080298
	10.2760591	52.5078509
	10.277112	52.5077819
	10.2779318	52.5075679
	10.2785957	52.5075339
	10.2787717	52.5075229
	10.2792966	52.5075839
	10.2795306	52.5075679
	10.2801945	52.5075259
	10.2813843	52.5074919
	10.2829641	52.507271
	10.283648	52.507198
	10.2840759	52.507153
	10.2848748	52.507153
	10.2856377	52.506916
	10.2866925	52.5067061
	10.2875504	52.5066221
	10.2888652	52.5061611
	10.2883743	52.5053632
	10.2883113	52.5052642
	10.2873304	52.5037194
	10.2860917	52.5017666
	10.2851228	52.5001828
	10.2833841	52.4973721
	10.2831112	52.4968951
	10.2822943	52.4967502
	10.2800916	52.4965672
	10.2802536	52.4953313
	10.2803326	52.4951053
	10.2804706	52.4947354
	10.2804736	52.4943084
	10.2804336	52.4940794
	10.2800087	52.4937935
	10.2789989	52.4932825
	10.2784719	52.4928516
	10.2788059	52.4921986
	10.2787139	52.4915157
	10.2795718	52.4913287
	10.2798458	52.4911958
	10.2804907	52.4906158
	10.2803987	52.4898189
	10.2797568	52.489399
	10.2793509	52.488972
	10.2788619	52.488972
	10.27828	52.4884801
	10.2772602	52.4859813
	10.2741407	52.4861753
	10.27221	52.4862103
	10.27184	52.4861493
	10.2716641	52.4860303
	10.2715741	52.4848634
	10.2715361	52.4845315
	10.2715381	52.4843825
	10.2715321	52.4842495
	10.2714941	52.4838566
	10.2715351	52.4835356
	10.2717891	52.4832266
	10.272278	52.4830017
	10.2730789	52.4826817
	10.2742307	52.4823877
	10.2746017	52.4822467
	10.2751296	52.4817928
	10.2752086	52.4815328
	10.2750976	52.4806179
	10.2750986	52.48029
	10.2750986	52.480198
	10.2771943	52.4782752
	10.2775253	52.4784472
	10.2781702	52.4779133
	10.2807528	52.4756775
	10.2814977	52.4748116
	10.2831945	52.4745257
	10.2853791	52.4741557
	10.2882257	52.4736598
	10.2887716	52.4733958
	10.2898825	52.4732818
	10.2913313	52.472069
	10.2913133	52.471771
	10.2912173	52.471405
	10.2907754	52.4701192
	10.2912063	52.4699062
	10.2909733	52.4694633
	10.2925391	52.4677545
	10.2920742	52.4674685
	10.293228	52.4661596
	10.2950018	52.4661867
	10.293878	52.4647328
	10.2930271	52.4636269
	10.2944429	52.4637409
	10.2948368	52.4637599
	10.2953048	52.4637719
	10.2975554	52.463299
	10.2991072	52.462971
	10.2992442	52.462887
	10.2992632	52.4628141
	10.2989372	52.4617422
	10.2986133	52.4602543
	10.2985563	52.4598614
	10.2987903	52.4597094
	10.300564	52.4593425
	10.300915	52.4592595
	10.3021448	52.4589115
	10.3032376	52.4586525
	10.3024587	52.4581186
	10.3014489	52.4574627
	10.300765	52.4578896
	10.300554	52.4576146
	10.2993733	52.4556729
	10.2982214	52.4560168
	10.2978915	52.4560508
	10.2976775	52.4561458
	10.2955898	52.4569857
	10.2946509	52.4575076
	10.2959077	52.4596554
	10.2961577	52.4602893
	10.293701	52.4609492
	10.293697	52.4619981
	10.2931681	52.4622921
	10.2931941	52.4610562
	10.2930202	52.4607923
	10.2927492	52.4605563
	10.2924172	52.4604603
	10.2921843	52.4604833
	10.2915014	52.4607203
	10.2896667	52.4613452
	10.2884558	52.4619861
	10.2863582	52.4608302
	10.2873	52.4593814
	10.2865432	52.4586755
	10.2871471	52.4585955
	10.2886878	52.4581415
	10.2896637	52.4578706
	10.2897817	52.4577866
	10.2896837	52.4576796
	10.2895277	52.4576416
	10.2885549	52.4575696
	10.287933	52.4574246
	10.287699	52.4573286
	10.2872731	52.4568057
	10.2861893	52.4553988
	10.2849994	52.4558148
	10.2844185	52.4551238
	10.2835587	52.4553948
	10.2830778	52.4543459
	10.2826338	52.45343
	10.2825958	52.4532161
	10.2827728	52.4530981
	10.2832208	52.4529911
	10.2837267	52.4528241
	10.2837467	52.4526821
	10.2835157	52.4521102
	10.2835967	52.4517062
	10.2840067	52.4514693
	10.2842996	52.4514123
	10.2850415	52.4512553
	10.2853525	52.4510423
	10.2855494	52.4507713
	10.2861943	52.4503784
	10.2863313	52.4500804
	10.2863323	52.4499744
	10.2862553	52.4498325
	10.2866643	52.4498325
	10.2873852	52.4496305
	10.2875611	52.4496425
	10.288397	52.4496455
	10.288612	52.4496805
	10.2889419	52.4497875
	10.2890189	52.4500164
	10.2889589	52.4502754
	10.288571	52.4504164
	10.2877901	52.4505464
	10.2873412	52.4507254
	10.2870482	52.4508933
	10.2878061	52.4510463
	10.2877851	52.4513813
	10.288449	52.4513473
	10.28841	52.4510613
	10.2900447	52.4511103
	10.2901217	52.4513133
	10.2909016	52.4512673
	10.2912915	52.4513623
	10.2917015	52.4513513
	10.2916295	52.4499355
	10.2921744	52.4499475
	10.2925234	52.4500195
	10.2934582	52.4503674
	10.2941061	52.4492376
	10.2941841	52.4489896
	10.2941451	52.4487606
	10.2941461	52.4486196
	10.2938752	52.4484746
	10.2934083	52.4484176
	10.2928233	52.4484516
	10.2924934	52.4483566
	10.2924344	52.4481887
	10.2926124	52.4478907
	10.2923384	52.4478567
	10.2925344	52.4477847
	10.2929243	52.4477497
	10.2931563	52.4478457
	10.2935272	52.4479527
	10.2940132	52.4479747
	10.2941492	52.4479637
	10.2945001	52.4480357
	10.29489	52.4480357
	10.295473	52.4478717
	10.2956879	52.4478487
	10.2959019	52.4478267
	10.2962118	52.4479787
	10.2966818	52.4479327
	10.2972067	52.4477687
	10.2976376	52.4475898
	10.2976776	52.4472578
	10.2983405	52.4469828
	10.2986135	52.4468538
	10.2987315	52.4466629
	10.2988884	52.4465449
	10.2992384	52.4465369
	10.2995114	52.4465979
	10.2999783	52.4465599
	10.3003842	52.4472958
	10.3005022	52.4472508
	10.301631	52.4468269
	10.3028219	52.4463729
	10.3033488	52.446125
	10.3041077	52.4462199
	10.3045366	52.446007
	10.3048905	52.445663
	10.3059044	52.4452401
	10.3071712	52.4447131
	10.3073132	52.4446497
	10.3075022	52.4445652
	10.3075911	52.4445841
	10.308926	52.4441952
	10.3106227	52.4437903
	10.3113626	52.4436803
	10.3116355	52.4438283
	10.3120625	52.4438892
	10.3129753	52.4443432
	10.3119205	52.4453431
	10.3124454	52.4455181
	10.3129533	52.4452401
	10.3134013	52.4451221
	10.3137712	52.4451521
	10.3142371	52.4453471
	10.315214	52.4447322
	10.3162278	52.4440303
	10.3184735	52.4425694
	10.3195094	52.4418715
	10.3204492	52.4402427
	10.3212731	52.4388619
	10.3225359	52.4367093
	10.322858	52.4368525
	10.3230729	52.4371411
	10.3234598	52.437557
	10.3231439	52.4381749
	10.3236518	52.4382589
	10.3241377	52.437973
	10.3242957	52.437832
	10.3242777	52.437607
	10.3243757	52.4373091
	10.3246107	52.4371071
	10.3249606	52.4369391
	10.3253905	52.4368321
	10.3255275	52.4365231
	10.3255295	52.4360012
	10.3253936	52.4357752
	10.3249866	52.4353943
	10.3247137	52.4351313
	10.3245367	52.4350623
	10.3246757	52.4349063
	10.3246387	52.4347383
	10.3247167	52.4346084
	10.3249506	52.4345744
	10.3253016	52.4345624
	10.3255545	52.4345014
	10.3258065	52.4343334
	10.3262964	52.4339674
	10.3267064	52.4335745
	10.3267844	52.4335745
	10.3270163	52.4340624
	10.3271713	52.4342424
	10.3276742	52.4347644
	10.3277902	52.4350053
	10.3276312	52.4358142
	10.3272583	52.4365881
	10.3269843	52.4373011
	10.3265683	52.4387169
	10.3263714	52.4394418
	10.3266843	52.4391209
	10.3281321	52.437504
	10.3299899	52.4354473
	10.3321796	52.4330486
	10.3348752	52.4300989
	10.3351281	52.4301489
	10.3352641	52.4301949
	10.3376178	52.4311978
	10.3389965	52.4317587
	10.3394075	52.4312018
	10.3402254	52.4311908
	10.3404983	52.4309159
	10.3418001	52.4315028
	10.3435318	52.4322887
	10.3438608	52.4319797
	10.3448597	52.4309579
	10.3462904	52.4310109
	10.3473593	52.4309999
	10.3477292	52.4310879
	10.3479202	52.4311139
	10.3477673	52.4374566
	10.3496613	52.4378925
	10.347529	52.4399341
	10.3475039	52.4427172
	10.3453967	52.4437799
	10.345359	52.4441699
	10.3449451	52.4455078
	10.345497	52.4457448
	10.3464879	52.4457371
	10.3466259	52.4466698
	10.3458357	52.4473502
	10.3498495	52.4485734
	10.3493603	52.4491085
	10.3550215	52.4506502
	10.3555431	52.4510587
	10.3555834	52.4509396
	10.3561597	52.45041
	10.3569322	52.4501275
	10.3578758	52.4500272
	10.3589225	52.4500169
	10.3606545	52.4496469
	10.361326	52.4497293
	10.3618503	52.4498761
	10.3628802	52.4500438
	10.363412	52.4500451
	10.3637896	52.4497887
	10.3639274	52.4494475
	10.3639445	52.4490394
	10.3636002	52.4485894
	10.3631549	52.4482025
	10.3627858	52.4478101
	10.362588	52.4477068
	10.3623133	52.4477329
	10.3622108	52.4478467
	10.3619676	52.4482797
	10.3615385	52.4485256
	10.3608371	52.4486902
	10.3602448	52.4487059
	10.3599015	52.4485961
	10.3596358	52.4483699
	10.3592811	52.4475474
	10.3590494	52.44659
	10.3591895	52.4464604
	10.3598504	52.4463977
	10.3605971	52.4463192
	10.3612666	52.4461466
	10.3620106	52.4457007
	10.3626371	52.4455804
	10.3631006	52.4456954
	10.363504	52.4458576
	10.363678	52.4460484
	10.3639102	52.4461361
	10.3644567	52.4460721
	10.3647857	52.4459164
	10.3652749	52.4455868
	10.3658152	52.4450544
	10.3663564	52.445027
	10.3673758	52.4453179
	10.3678008	52.4453667
	10.3682447	52.4452886
	10.3688753	52.4455973
	10.368673	52.4461955
	10.3682784	52.4464052
	10.3669631	52.4461276
	10.3664572	52.4464298
	10.3674892	52.4472253
	10.3695836	52.4475336
	10.3696746	52.4472993
	10.3706037	52.4476348
	10.3728986	52.4476493
	10.3789828	52.4484463
	10.3802678	52.4489149
	10.3797821	52.4491184
	10.3808951	52.4495747
	10.3782847	52.4503517
	10.3838292	52.4515356
	10.3845475	52.4535641
	10.3872388	52.4542855
	10.3888374	52.4570476
	10.3950901	52.4582313
	10.3982771	52.4581882
	10.4007458	52.4597602
	10.3967089	52.4626576
	10.3976498	52.4628857
	10.3973058	52.467669
	10.3957781	52.4668246
	10.3970262	52.4696217
	10.3933499	52.4728089
	10.3923718	52.4742901
	10.3919198	52.4841785
	10.391078	52.4844349
	10.3903453	52.4858019
	10.3887084	52.4857734
	10.3843123	52.4898553
	10.3834237	52.4900547
	10.3797914	52.4936046
	10.3799005	52.4938324
	10.3748963	52.4987962
	10.3651063	52.5019374
	10.3639683	52.5034368
	10.363485	52.5048032
	10.3625496	52.5049171
	10.3616766	52.504604
	10.3592759	52.504566
	10.3583873	52.5046704
	10.3570431	52.5046504
	10.3568195	52.5049283
	10.3564419	52.5051582
	10.3557552	52.5052418
	10.3552574	52.5053829
	10.3550291	52.5058526
	10.3533364	52.5053631
	10.3516527	52.5057806
	10.3515592	52.5048602
	10.3511695	52.5040441
	10.3451832	52.5044521
	10.3403193	52.5067579
	10.340493	52.5071751
	10.3405888	52.507556
	10.3405313	52.5077697
	10.3402887	52.5079213
	10.3398225	52.507933
	10.3394777	52.5079718
	10.3392415	52.5080224
	10.3386221	52.5083682
	10.3382581	52.5082866
	10.3331292	52.5089413
	10.3330201	52.508391
	10.3315703	52.5059809
	10.3217646	52.5095106
	10.3239939	52.5110761
	10.3266441	52.5139224
	10.3241186	52.5154593
	10.319816	52.5140742
	10.3171346	52.5155351
	10.3172494	52.5157794
	10.3164704	52.5160942
	10.314957	52.5143339
	10.313846	52.5143533
	10.3135921	52.5133257
	10.3124108	52.5125951
	10.3097928	52.5128011
	10.3092628	52.5131081
	10.3066768	52.5135472
	10.3074877	52.5141845
	10.3087903	52.5148062
	10.3110827	52.5157116
	10.3097864	52.5158243
	10.3094991	52.5155406
	10.3089116	52.5151715
	10.3082539	52.5149072
	10.3075069	52.5147518
	10.3065937	52.5146547
	10.3060893	52.5155795
	10.3083114	52.5160302
	10.3084163	52.5178415
	10.306986	52.5186963
	10.3071016	52.51969
	10.3057765	52.5194623
	10.3063432	52.5223444
	10.3062043	52.5223804
	10.3048375	52.5226903
	10.3044466	52.5227313
	10.3043746	52.5223384
	10.3027838	52.5226483
	10.30149	52.5226483
	10.3007741	52.5228003
	10.3008911	52.5230403
	10.3003372	52.5237012
	10.3006151	52.5242352
	10.3007071	52.5245441
	10.2999992	52.5246961
	10.2979625	52.525135
	10.2943601	52.5260319
	10.2924694	52.5265279
	10.2911775	52.5269358
	10.2902057	52.5272718
	10.2895138	52.5274657
	10.2888899	52.5275917
	10.287991	52.5277217
	10.2866742	52.5277897
	10.2853594	52.5279007
	10.2822889	52.5279846
	10.2823589	52.5276187
	10.2825429	52.5271947
	10.2824979	52.5269848
	10.281434	52.5259129
	10.2806502	52.5258289
	10.2762878	52.5257679
	10.2762878	52.524822
	10.2784795	52.524994
	10.2785725	52.524597
	10.2797733	52.5233082
	10.2799803	52.5229112
	10.2803733	52.5215763
	10.2806042	52.5213094
	10.2815291	52.5206755
	10.2815971	52.5202825
	10.2819661	52.5190426
	10.2819211	52.5186497
	10.2819661	52.5185357
	10.282219	52.5183567
	10.282657	52.5182837
	10.2833279	52.5183677
	10.2835588	52.5179898
	10.2840898	52.5168079
	10.2801434	52.5169339
	10.2769109	52.5169449
	10.2749952	52.5169148
	10.2737503	52.5169258
	10.2687171	52.5169528
	10.2684881	52.5171208
	10.2683962	52.5172878
	10.2679802	52.5174448
	10.2667334	52.5176807
	10.2655776	52.5180057
	10.2600124	52.5181126
	10.2590226	52.5181846
	10.2584247	52.5158879
END
END
