6552694
1
	10.2444338	53.1901181
	10.2445309	53.1899174
	10.2469868	53.1898085
	10.2490985	53.1895592
	10.2513705	53.189109
	10.2528646	53.1896031
	10.2537287	53.1896573
	10.2552337	53.189387
	10.258423	53.1887969
	10.2620632	53.188553
	10.2712297	53.1874143
	10.2760694	53.1877099
	10.2799339	53.1877783
	10.2843635	53.1874518
	10.2916389	53.1900836
	10.297882	53.1916837
	10.2992188	53.1931196
	10.2995916	53.1938774
	10.3000164	53.1941263
	10.3006389	53.1951568
	10.3013254	53.1955588
	10.3018872	53.1955637
	10.3022444	53.1956123
	10.3026501	53.1960906
	10.3031816	53.1964118
	10.3043437	53.1964414
	10.304651	53.1966374
	10.3048966	53.196691
	10.3049843	53.1968811
	10.3058382	53.1970749
	10.3062789	53.1969811
	10.3066105	53.1968091
	10.3074691	53.1970096
	10.3084223	53.197508
	10.3088833	53.1978994
	10.3086386	53.1980809
	10.3090495	53.1991161
	10.3094089	53.1992024
	10.309602	53.1994633
	10.3094688	53.1996431
	10.3097477	53.1996177
	10.310112	53.1999279
	10.3102702	53.2001403
	10.3106706	53.2002223
	10.3108226	53.2004167
	10.3111373	53.2004898
	10.3116459	53.2006907
	10.3119029	53.2007203
	10.3120112	53.2008345
	10.3125035	53.2010215
	10.3131846	53.201342
	10.3132002	53.2018133
	10.3149617	53.2030854
	10.3150682	53.203276
	10.3152501	53.2032196
	10.3153431	53.2033902
	10.3155856	53.2034622
	10.3158215	53.2036613
	10.3157981	53.20383
	10.3161366	53.2039049
	10.3161485	53.2041487
	10.3164738	53.2041655
	10.3167087	53.204347
	10.3169047	53.2044372
	10.3172029	53.2043065
	10.3173355	53.2044566
	10.3176255	53.2044745
	10.3177437	53.204652
	10.3179921	53.2045715
	10.3187225	53.2047685
	10.3189521	53.2046667
	10.3192356	53.2047432
	10.3194988	53.2046859
	10.3203565	53.2050308
	10.3242863	53.2076719
	10.324037	53.2084787
	10.3244303	53.2091099
	10.32709	53.2113629
	10.3311613	53.2115146
	10.3314001	53.2096838
	10.3314274	53.2091511
	10.330879	53.207508
	10.3308845	53.2073375
	10.3311594	53.2072762
	10.3312129	53.2066732
	10.3321134	53.2063297
	10.3320619	53.2058221
	10.334752	53.2048932
	10.33508	53.202407
	10.3354913	53.201291
	10.336066	53.2006718
	10.3360399	53.2005616
	10.3361325	53.2004376
	10.3364104	53.2004975
	10.3365518	53.2004002
	10.3363933	53.2003376
	10.3363748	53.200266
	10.3366588	53.2001991
	10.336704	53.2000233
	10.336498	53.1999788
	10.3361799	53.1998559
	10.3362542	53.1996435
	10.3364691	53.1995547
	10.3363967	53.1993857
	10.3365623	53.1992892
	10.3365816	53.1989502
	10.3364814	53.1988006
	10.3363673	53.1985514
	10.3365055	53.198455
	10.3366411	53.1983536
	10.3365035	53.1982403
	10.3367422	53.1981042
	10.3365601	53.1979761
	10.3366353	53.1978829
	10.3363476	53.197632
	10.3362272	53.1972104
	10.3363739	53.1971863
	10.3364465	53.1970327
	10.3366112	53.1969921
	10.3366492	53.1968544
	10.3368984	53.1968726
	10.3370278	53.1966788
	10.3369582	53.1966045
	10.3371097	53.1965303
	10.3370604	53.1964401
	10.3373308	53.196292
	10.3374331	53.1963602
	10.3384051	53.1960207
	10.3382724	53.1955159
	10.3386556	53.1952864
	10.3394921	53.1950763
	10.3399414	53.1943106
	10.3403841	53.1942387
	10.3412824	53.1937419
	10.3414722	53.1931249
	10.3419121	53.1928756
	10.343237	53.1937031
	10.3445287	53.1910803
	10.3454281	53.1909179
	10.3476507	53.1913727
	10.3526459	53.1908177
	10.3559819	53.1903407
	10.3572874	53.1934057
	10.3571467	53.1934639
	10.3564552	53.200041
	10.3562075	53.2017776
	10.3548949	53.2064866
	10.3531385	53.2069262
	10.3518709	53.2072872
	10.351932	53.2073751
	10.3509747	53.2081599
	10.3509649	53.2083376
	10.3502105	53.2094195
	10.3501684	53.2099162
	10.3502884	53.2103166
	10.3503181	53.2107151
	10.3500806	53.2112445
	10.3489755	53.2121478
	10.348256	53.2129859
	10.3481897	53.213691
	10.3488007	53.2147449
	10.3496487	53.2155906
	10.3492101	53.2157487
	10.348935	53.2172462
	10.3479708	53.2178654
	10.3442043	53.2187882
	10.3440352	53.219252
	10.3450165	53.219732
	10.3454082	53.2200827
	10.3468792	53.2237402
	10.3469265	53.2241603
	10.3470814	53.2251447
	10.3475639	53.2254755
	10.3476417	53.2255936
	10.3481367	53.2260831
	10.3479722	53.2261645
	10.3479798	53.2263985
	10.3480852	53.2264466
	10.3481436	53.2266603
	10.3477897	53.2267412
	10.3479351	53.226888
	10.3477091	53.2270283
	10.3475061	53.2271321
	10.3474786	53.2272744
	10.3462998	53.2275438
	10.3445226	53.2281575
	10.3429548	53.2289878
	10.3412123	53.2295822
	10.3408578	53.2302581
	10.3406888	53.2303342
	10.3399742	53.2302345
	10.3392184	53.2304013
	10.3385487	53.2302755
	10.3383563	53.2303466
	10.3380753	53.230321
	10.3376517	53.2304165
	10.3375681	53.2304815
	10.3374362	53.2305151
	10.3373116	53.2304746
	10.3369635	53.230619
	10.3368599	53.230794
	10.3366717	53.230749
	10.3365692	53.2309477
	10.3360388	53.2309009
	10.3360508	53.2310301
	10.3360019	53.2310641
	10.3358247	53.2310858
	10.3358041	53.2312574
	10.3345694	53.2305729
	10.3347618	53.2295019
	10.3339567	53.2294125
	10.3338403	53.2286981
	10.3315368	53.2285947
	10.3276857	53.2299654
	10.3200743	53.2245323
	10.314252	53.2197892
	10.29609	53.2196047
	10.2953917	53.2199286
	10.2846256	53.2197962
	10.2760734	53.2198143
	10.2751797	53.2186585
	10.266218	53.2130564
	10.261904	53.2112647
	10.2629806	53.2090458
	10.2633852	53.2077422
	10.2627564	53.2080002
	10.2619941	53.2081857
	10.261163	53.207801
	10.2648905	53.205428
	10.2606823	53.2009051
	10.2601462	53.2001724
	10.2593066	53.19904
	10.2544876	53.1935167
	10.2533682	53.1931395
	10.2522493	53.1933311
	10.2508181	53.1931674
	10.2510968	53.1924861
	10.2481339	53.1915057
	10.2444338	53.1901181
END
END
