6552215
1
	9.6179092	53.9537641
	9.6199819	53.9464965
	9.6239545	53.9464965
	9.6305179	53.9354656
	9.6282725	53.9346013
	9.6305179	53.9333811
	9.6350087	53.9276863
	9.6365632	53.9296694
	9.6373404	53.9313982
	9.6381788	53.9323755
	9.6393267	53.9331269
	9.6424835	53.933614
	9.6431438	53.9340521
	9.6436471	53.9347034
	9.6434428	53.9354567
	9.6427719	53.9360042
	9.6413464	53.9359516
	9.6405515	53.9358769
	9.6395858	53.9364316
	9.6394995	53.9378603
	9.6400176	53.9385668
	9.6416989	53.9391948
	9.6441143	53.9387412
	9.6473443	53.939151
	9.6491862	53.9388772
	9.6503093	53.9388947
	9.6510374	53.9390501
	9.6522808	53.9396852
	9.6551112	53.9418904
	9.6566421	53.9425179
	9.6555194	53.945466
	9.6533604	53.9487189
	9.6512877	53.9502436
	9.6522377	53.95126
	9.652324	53.9526322
	9.6513741	53.9540551
	9.6483514	53.9544108
	9.6472287	53.9579678
	9.6443788	53.9581711
	9.6404062	53.9594414
	9.6404083	53.9633639
	9.6402978	53.9641442
	9.6364841	53.9671355
	9.6351721	53.967349
	9.6343838	53.9664203
	9.624435	53.9665503
	9.6216714	53.962681
	9.6241034	53.9625184
	9.6239376	53.9619006
	9.6209291	53.961832
	9.6183308	53.9579203
	9.6179092	53.9537641
END
END
