6552550
1
	10.2418214	52.6087961
	10.2475526	52.5906296
	10.2565164	52.595675
	10.2579657	52.5933264
	10.259357	52.591744
	10.260337	52.591126
	10.2610341	52.5910821
	10.2615009	52.5913567
	10.2626686	52.5931062
	10.263174	52.5933317
	10.2643146	52.593441
	10.2646803	52.593668
	10.265285	52.5938803
	10.2658838	52.593886
	10.2674335	52.5936507
	10.2676464	52.5948029
	10.2681724	52.5950524
	10.2691314	52.5950907
	10.2726351	52.5947979
	10.273084	52.5944528
	10.2734094	52.5939754
	10.2744123	52.5934664
	10.2743922	52.5927739
	10.2756703	52.5928088
	10.2760433	52.5925982
	10.2761912	52.5921956
	10.2766908	52.591534
	10.2774032	52.5913319
	10.2781099	52.5916159
	10.2785113	52.5916966
	10.2788059	52.5915354
	10.2793488	52.5909949
	10.2817006	52.590216
	10.2819685	52.5898243
	10.281144	52.5889218
	10.2801324	52.5891272
	10.2794447	52.5888065
	10.2777852	52.5873176
	10.2753885	52.5858609
	10.2751917	52.5852676
	10.2754943	52.5846669
	10.2766702	52.584414
	10.2768068	52.5838951
	10.2762692	52.5831432
	10.2762882	52.5827549
	10.2768921	52.582656
	10.280452	52.5830056
	10.2837482	52.5836721
	10.2899699	52.5858036
	10.2930374	52.5869344
	10.2956033	52.5875162
	10.2990756	52.587739
	10.3010607	52.5880696
	10.3036345	52.5894144
	10.3058412	52.5904838
	10.3093275	52.5916361
	10.3109099	52.591169
	10.311488	52.5911504
	10.311777	52.5914753
	10.3119588	52.5935513
	10.3134402	52.5950417
	10.3157084	52.5941537
	10.3170188	52.5939326
	10.3176652	52.5941927
	10.3138674	52.5953165
	10.3121976	52.5961978
	10.3115864	52.597116
	10.3120334	52.5980467
	10.312543	52.5984056
	10.3135459	52.5979084
	10.315948	52.5981491
	10.3162338	52.5983646
	10.3161451	52.5993985
	10.317002	52.6000209
	10.317506	52.6008538
	10.3187801	52.6014107
	10.3204829	52.6016226
	10.3219716	52.6013508
	10.3230109	52.6013999
	10.3254179	52.6017983
	10.3262932	52.6017034
	10.3269266	52.6015262
	10.3269462	52.6034946
	10.327498	52.6045821
	10.327558	52.6046134
	10.3293436	52.6055457
	10.3340685	52.6073275
	10.3419779	52.6107499
	10.3458942	52.6128199
	10.3493684	52.6154295
	10.3495415	52.615865
	10.3490774	52.6163563
	10.3484097	52.6167164
	10.3517733	52.6183185
	10.3547885	52.6196207
	10.3553229	52.6201128
	10.3554011	52.6207248
	10.3548856	52.6212481
	10.3530912	52.623248
	10.3520891	52.6243949
	10.3436942	52.6209629
	10.3427808	52.6207633
	10.3421196	52.6208719
	10.3412396	52.6213485
	10.3401785	52.6221693
	10.3388497	52.6221766
	10.3351201	52.6218221
	10.3220008	52.6207172
	10.3209932	52.6207829
	10.3198917	52.6211218
	10.3136348	52.6238435
	10.3108249	52.6256089
	10.3086946	52.6274524
	10.3074422	52.6283139
	10.3066312	52.6285484
	10.3054671	52.6285146
	10.3037715	52.62823
	10.302225	52.6282315
	10.2986462	52.6286596
	10.2955	52.6294563
	10.2944382	52.6298567
	10.2939899	52.6302583
	10.2935975	52.630387
	10.2929965	52.630378
	10.2903738	52.6298622
	10.2890915	52.6297207
	10.2880093	52.6298647
	10.2830518	52.6312328
	10.282952	52.6291341
	10.2825694	52.628726
	10.2818596	52.6284926
	10.2812933	52.6283588
	10.2811453	52.6281037
	10.2813628	52.6276736
	10.2813699	52.6270436
	10.2807369	52.6263739
	10.2750658	52.6234175
	10.274642	52.6229088
	10.274706	52.6224726
	10.2755471	52.6215147
	10.2754843	52.621111
	10.2748609	52.6207677
	10.2732299	52.6204898
	10.2722222	52.6201117
	10.2718371	52.6196104
	10.2710901	52.6194084
	10.269099	52.619492
	10.2691087	52.6180609
	10.2692769	52.6172502
	10.2695879	52.6169592
	10.2699949	52.6168926
	10.2698264	52.6154867
	10.2678152	52.6161927
	10.2670262	52.6167455
	10.2667972	52.6172224
	10.2663324	52.6174995
	10.2654701	52.6177265
	10.2654461	52.6173379
	10.2648287	52.6176401
	10.2648987	52.6130114
	10.2634905	52.6133303
	10.2627938	52.6133985
	10.2620452	52.6130541
	10.2611296	52.6124562
	10.2602463	52.6122834
	10.2560199	52.6124863
	10.2540806	52.6123853
	10.2532313	52.6120055
	10.2532124	52.6092472
	10.2527907	52.6084618
	10.2519453	52.6082155
	10.249795	52.6084084
	10.2418214	52.6087961
END
END
