6552741
1
	9.4103848	53.324291
	9.4138724	53.3237077
	9.4133144	53.3220412
	9.4108033	53.3220412
	9.4115008	53.3169579
	9.4134539	53.3112072
	9.4195718	53.3040788
	9.4196522	53.3039851
	9.4292177	53.3038719
	9.4276832	53.2997036
	9.4304953	53.2993129
	9.4318904	53.3024392
	9.4352035	53.3022308
	9.4383424	53.2996255
	9.4411324	53.2984792
	9.4427018	53.296499
	9.4477588	53.2969159
	9.4487799	53.2948943
	9.4491539	53.2941018
	9.4617091	53.2944145
	9.4634529	53.2954568
	9.4688587	53.2953526
	9.4735669	53.2937892
	9.484204	53.2924342
	9.4876504	53.2924729
	9.4880968	53.2963152
	9.4922931	53.2993567
	9.4911324	53.3023446
	9.4849713	53.3031476
	9.4823556	53.3058829
	9.4823556	53.3114832
	9.4799579	53.3117437
	9.4777781	53.3155202
	9.4690745	53.3164337
	9.467818	53.316335
	9.4662132	53.3168038
	9.4660942	53.3168386
	9.4635967	53.3183014
	9.4639056	53.319137
	9.463315	53.3192563
	9.4636016	53.3200967
	9.4626636	53.3203354
	9.4627765	53.3205896
	9.46252	53.3229421
	9.4579425	53.3215099
	9.4509674	53.3233327
	9.4468259	53.3230723
	9.4453385	53.3295128
	9.4450821	53.330623
	9.4383249	53.3298419
	9.438107	53.3319247
	9.4361929	53.3329557
	9.4339608	53.3322892
	9.4257301	53.3323726
	9.420708	53.3332889
	9.4121983	53.32954
	9.4103848	53.324291
END
END
