6552687
1
	10.2118297	53.2936036
	10.2258815	53.2902854
	10.2259918	53.2887626
	10.2259494	53.2883765
	10.2249191	53.2874064
	10.2269385	53.2871651
	10.2426781	53.284424
	10.2508248	53.2904392
	10.2528138	53.2903794
	10.2573752	53.290093
	10.2684664	53.2892828
	10.2654787	53.2928414
	10.2674515	53.2958265
	10.2698233	53.2942039
	10.2720538	53.2976695
	10.2736169	53.2958175
	10.2757416	53.2948491
	10.27852	53.294257
	10.2812427	53.2953099
	10.2839585	53.2963047
	10.2870222	53.2982167
	10.2927388	53.2988547
	10.2931602	53.298999
	10.2976723	53.2970701
	10.3017756	53.3013387
	10.3058751	53.30052
	10.3126188	53.3047459
	10.3169202	53.3039401
	10.3173579	53.3050941
	10.3143518	53.305155
	10.3152469	53.3082005
	10.3148262	53.3087102
	10.3160953	53.3092087
	10.3086648	53.3115191
	10.3165143	53.3158757
	10.3242565	53.3162959
	10.3258734	53.3167911
	10.3275886	53.3174069
	10.3302262	53.318314
	10.3305818	53.3188396
	10.3325158	53.3226742
	10.3266359	53.3244014
	10.3216458	53.3260026
	10.3140316	53.3229701
	10.3065495	53.3287201
	10.3067319	53.3292934
	10.2994528	53.3304011
	10.300874	53.3315163
	10.3073376	53.3304669
	10.3079596	53.3315205
	10.2957676	53.3331875
	10.2955081	53.3322824
	10.3004466	53.3316496
	10.2991135	53.3304704
	10.2951112	53.3310678
	10.2944731	53.3289686
	10.2940738	53.3279187
	10.293816	53.3279414
	10.2918442	53.3281227
	10.2915417	53.3281342
	10.2886006	53.3283183
	10.2880723	53.3283963
	10.2876943	53.3284883
	10.2849117	53.329113
	10.2846699	53.3291844
	10.282223	53.3297284
	10.2819589	53.3297745
	10.2810372	53.3299905
	10.279983	53.3302202
	10.279743	53.3302747
	10.2794901	53.3303483
	10.2794733	53.3303468
	10.278844	53.3302897
	10.2775602	53.3301787
	10.2771737	53.3301556
	10.276454	53.3300848
	10.275478	53.3300443
	10.2751671	53.3299953
	10.2745092	53.3299873
	10.27434	53.3299526
	10.2737293	53.3298803
	10.2735873	53.3298613
	10.2730194	53.3298343
	10.2719835	53.3297623
	10.2714886	53.3297583
	10.2674023	53.3303613
	10.2670713	53.3305592
	10.2665324	53.3313221
	10.2659949	53.3326637
	10.2655355	53.3327827
	10.2638978	53.3317651
	10.2616901	53.3310742
	10.2613832	53.3312001
	10.2590475	53.3311391
	10.2586236	53.3310971
	10.2582367	53.3309331
	10.2619561	53.3279615
	10.263048	53.3271036
	10.2630262	53.3270296
	10.2637719	53.3249019
	10.2644308	53.3228961
	10.2628301	53.3213473
	10.2613013	53.3197864
	10.2595157	53.3180396
	10.2592087	53.3179136
	10.257397	53.3160488
	10.257187	53.3158578
	10.2570781	53.3157589
	10.2569271	53.3156399
	10.2563132	53.3159798
	10.2558402	53.3161938
	10.2550854	53.3164258
	10.2544695	53.3167347
	10.2540415	53.3171587
	10.2536656	53.3177616
	10.2532866	53.3181546
	10.2529077	53.3182535
	10.2527553	53.3182325
	10.2525307	53.3182685
	10.2521768	53.3181426
	10.2516569	53.3182685
	10.250524	53.3182075
	10.2489443	53.3180666
	10.2478365	53.3178676
	10.2468456	53.3177386
	10.2465627	53.3178336
	10.2463897	53.3178866
	10.2462777	53.3179216
	10.24425	53.3176806
	10.2438451	53.3176506
	10.2429512	53.3175856
	10.2423673	53.3175786
	10.2421744	53.3175786
	10.2410885	53.3177495
	10.2403796	53.3178335
	10.2399307	53.3177345
	10.2395788	53.3175936
	10.2391748	53.3176885
	10.237783	53.3178835
	10.2360363	53.3180245
	10.2354234	53.3179405
	10.2349515	53.3177725
	10.2346695	53.3176045
	10.2344576	53.3172886
	10.2341756	53.3170636
	10.2338437	53.3169296
	10.2337287	53.3168836
	10.2333737	53.3167696
	10.2320759	53.3166666
	10.231819	53.3165406
	10.2312771	53.3158807
	10.2304282	53.3154688
	10.2302172	53.3152628
	10.2301223	53.3150028
	10.2289434	53.3153278
	10.2275707	53.3144808
	10.2261629	53.3136109
	10.2260219	53.313481
	10.22591	53.3122451
	10.2242725	53.3100622
	10.2239067	53.3098734
	10.2197404	53.3085407
	10.2165624	53.3026426
	10.2118297	53.2936036
END
2
	10.2326189	53.3069323
	10.2352948	53.3075607
	10.2353999	53.3073512
	10.235248	53.307044
	10.235435	53.306674
	10.2368606	53.3072046
	10.2372579	53.3067298
	10.2372929	53.3057662
	10.2368021	53.3046072
	10.2351428	53.305089
	10.2347923	53.3053333
	10.2336705	53.3053333
	10.2327941	53.3060455
	10.2326189	53.3069323
END
3
	10.2492488	53.2964613
	10.2515954	53.2989107
	10.2528843	53.3001452
	10.2547847	53.2995329
	10.2531984	53.2984076
	10.2505047	53.2959971
	10.2492488	53.2964613
END
END
