6552009
1
	9.6430937	54.6088876
	9.6505097	54.6014989
	9.6516909	54.5983137
	9.6562119	54.59893
	9.6606268	54.5989991
	9.6606156	54.5992813
	9.6619374	54.5992732
	9.6621847	54.5974903
	9.6609356	54.5970601
	9.6602218	54.5966927
	9.6600466	54.5966041
	9.6593865	54.5964036
	9.6587623	54.5958398
	9.6581676	54.5951052
	9.6584743	54.5947166
	9.6590971	54.5941631
	9.6590534	54.5939725
	9.6587783	54.5934844
	9.6503793	54.5928875
	9.6500563	54.5923889
	9.6503528	54.5905983
	9.6524965	54.5884536
	9.6507529	54.5879635
	9.6489856	54.5871301
	9.6512797	54.5856574
	9.6519121	54.585303
	9.6520694	54.5850993
	9.6520481	54.5848679
	9.6521334	54.5847337
	9.6522523	54.5841614
	9.6528349	54.5830707
	9.6526654	54.5825098
	9.6526654	54.582236
	9.6521671	54.5802989
	9.6530295	54.5786611
	9.6542989	54.5791599
	9.6588214	54.5785358
	9.6590798	54.5766885
	9.6618712	54.5752283
	9.6612127	54.571101
	9.6623068	54.5710264
	9.6633122	54.5710746
	9.6635312	54.5715978
	9.6645014	54.5719828
	9.6650254	54.572067
	9.6657697	54.5723682
	9.6663273	54.5723853
	9.6696744	54.5738932
	9.672022	54.5749508
	9.6731453	54.5741803
	9.6737432	54.5747987
	9.6749076	54.5759608
	9.6750883	54.5763176
	9.6756852	54.5767872
	9.6769008	54.5787569
	9.6768442	54.5790998
	9.6765989	54.579262
	9.6749256	54.579408
	9.6747337	54.5795495
	9.6744517	54.580358
	9.6737873	54.5810118
	9.6722773	54.5820113
	9.6722418	54.5821396
	9.6723577	54.5822438
	9.6729934	54.5823943
	9.6734446	54.5826324
	9.6736741	54.5828534
	9.6736814	54.5830385
	9.6734968	54.5835189
	9.6735088	54.5839112
	9.6736434	54.5842123
	9.6739922	54.5845061
	9.6745708	54.584796
	9.6752221	54.5849544
	9.6763124	54.5852031
	9.6769922	54.5854386
	9.6777864	54.5864173
	9.6781479	54.5871809
	9.678366	54.5876728
	9.6789174	54.5880095
	9.6796548	54.5882644
	9.6807733	54.5883724
	9.6814894	54.5882989
	9.6825095	54.5880996
	9.6829987	54.5879712
	9.6845654	54.58724
	9.6850213	54.5870844
	9.6855283	54.5869859
	9.6858791	54.5870218
	9.6861856	54.5871678
	9.6864072	54.5874633
	9.6865223	54.5878239
	9.686632	54.587968
	9.6869764	54.5881242
	9.6872698	54.5882387
	9.6874425	54.5884111
	9.6873744	54.5885383
	9.6871936	54.5886372
	9.6870367	54.5888139
	9.687074	54.5890371
	9.6873094	54.5893056
	9.6872153	54.5896075
	9.6870334	54.5899946
	9.6867588	54.5902673
	9.6864838	54.5907652
	9.6864393	54.5910707
	9.6865321	54.5914185
	9.6866298	54.5919068
	9.6867025	54.5920518
	9.6870109	54.5923077
	9.6871169	54.5924235
	9.687091	54.5926245
	9.686754	54.5930289
	9.6860779	54.5937424
	9.6857457	54.5943835
	9.6857951	54.5946477
	9.6861727	54.5951496
	9.6860302	54.5955787
	9.6862666	54.5965723
	9.6869466	54.59687
	9.6873941	54.5972803
	9.6881434	54.5976897
	9.6883196	54.597896
	9.6884279	54.5981833
	9.688241	54.5986454
	9.688205	54.5989894
	9.6881012	54.5991543
	9.6868173	54.5995402
	9.6860756	54.59969
	9.6853226	54.5999869
	9.6843784	54.6001202
	9.6828766	54.6005699
	9.6826727	54.6007833
	9.6825898	54.6015404
	9.6828721	54.6017421
	9.6854271	54.6018658
	9.6857428	54.6020215
	9.6859269	54.6025061
	9.6861077	54.6028368
	9.6871287	54.6032606
	9.6881553	54.6036856
	9.6889577	54.6045603
	9.6889593	54.60477
	9.6887942	54.6052287
	9.6890964	54.6058675
	9.6890393	54.6061436
	9.688801	54.6066479
	9.6879987	54.607516
	9.6867605	54.6085155
	9.6867976	54.6086723
	9.6897458	54.6109112
	9.6905853	54.6117576
	9.6913537	54.6122462
	9.6921579	54.6124852
	9.6930368	54.6125634
	9.6935875	54.6124575
	9.6937511	54.6122471
	9.6941691	54.610718
	9.6946969	54.6102548
	9.6951796	54.6101154
	9.6961418	54.6100778
	9.6964241	54.610173
	9.6965695	54.6103162
	9.6965835	54.6104551
	9.6964675	54.6109218
	9.6964981	54.6110429
	9.6965867	54.6111659
	9.6971796	54.6116847
	9.6972704	54.6117642
	9.6976432	54.6118862
	9.6989648	54.6121628
	9.6998452	54.6124671
	9.701107	54.613075
	9.7012723	54.6135199
	9.7012105	54.6139939
	9.7011076	54.6140556
	9.7007977	54.6142414
	9.69973	54.6146265
	9.699441	54.6148214
	9.698868	54.6154674
	9.6988068	54.6159231
	9.6986332	54.6164082
	9.6979392	54.6170041
	9.6974785	54.6171738
	9.696587	54.6173644
	9.6954442	54.6178806
	9.6948959	54.6183052
	9.694786	54.6186827
	9.6950189	54.6190308
	9.6965968	54.6203868
	9.6969922	54.620779
	9.6970621	54.6215096
	9.696925	54.6220679
	9.697151	54.623088
	9.6968525	54.6237185
	9.6963818	54.624504
	9.6960624	54.6246686
	9.6950659	54.6249585
	9.693675	54.6252597
	9.6927737	54.6256012
	9.6925659	54.6258565
	9.6924734	54.6262204
	9.6924671	54.6269537
	9.6921808	54.6278063
	9.6904901	54.6288548
	9.6895088	54.6291685
	9.6892234	54.6297513
	9.6891871	54.6297961
	9.689146	54.6298863
	9.6876136	54.6304609
	9.6872158	54.6304377
	9.6870183	54.6303384
	9.686433	54.6297108
	9.6861226	54.6292117
	9.6855475	54.628935
	9.6850404	54.6288256
	9.6844998	54.6288211
	9.6836533	54.6289954
	9.683123	54.6289444
	9.6788014	54.6274733
	9.6787479	54.6273992
	9.6786883	54.6273165
	9.678834	54.6269281
	9.6788034	54.6267529
	9.6786653	54.6266307
	9.6784122	54.6265885
	9.67812	54.6266143
	9.6773417	54.6268806
	9.6770703	54.626857
	9.6765738	54.6266775
	9.6761367	54.6266548
	9.6757559	54.6263984
	9.6755696	54.6261124
	9.6753237	54.6259912
	9.6748719	54.6260264
	9.6739418	54.6264706
	9.6734978	54.6265057
	9.6730669	54.626419
	9.6720535	54.6259161
	9.6714154	54.6255626
	9.6709393	54.6252356
	9.6706487	54.6250731
	9.670452	54.6249845
	9.6702561	54.6248873
	9.6699949	54.6248339
	9.6696946	54.6247961
	9.6692353	54.6247505
	9.668639	54.6247
	9.6680977	54.6246682
	9.6676415	54.6246527
	9.667257	54.6245957
	9.6662198	54.6240805
	9.665718	54.6238188
	9.6654807	54.6237317
	9.6652708	54.6237124
	9.6649266	54.6237198
	9.6645737	54.6236998
	9.6643736	54.6236379
	9.6641863	54.6235541
	9.664042	54.6233782
	9.6638414	54.6230584
	9.663559	54.6226457
	9.6633736	54.6223661
	9.6632074	54.6222234
	9.6628948	54.6220863
	9.6624172	54.6219166
	9.6618998	54.6217233
	9.6615423	54.6215746
	9.6610934	54.6213494
	9.6605823	54.6210667
	9.6599979	54.6207687
	9.6593666	54.620429
	9.6586556	54.6200452
	9.6580625	54.6197271
	9.6578514	54.619559
	9.6577205	54.6193973
	9.6576546	54.6191831
	9.6576312	54.6189829
	9.6575737	54.618824
	9.6574569	54.6184141
	9.6573854	54.6182003
	9.6573695	54.6179674
	9.6573979	54.6178383
	9.657476	54.6177082
	9.6576169	54.6175917
	9.6577766	54.617494
	9.6579638	54.6174038
	9.6581722	54.6173433
	9.6584812	54.6172909
	9.6587977	54.6172527
	9.6590393	54.6172482
	9.659222	54.6171954
	9.6593798	54.6170699
	9.6595298	54.6168151
	9.6596611	54.6165149
	9.6597094	54.6162456
	9.6595651	54.6160643
	9.659335	54.6159202
	9.659142	54.6158156
	9.6586003	54.6155486
	9.6578575	54.6152142
	9.6565475	54.6143709
	9.6558479	54.6140681
	9.6555702	54.6139833
	9.6554559	54.6139578
	9.6553048	54.6139467
	9.6545733	54.614018
	9.6539674	54.614083
	9.6534193	54.6141635
	9.653039	54.6142162
	9.6526824	54.6142573
	9.6523732	54.6142658
	9.652019	54.6142381
	9.6517839	54.6141963
	9.6512657	54.6140584
	9.6505112	54.6137671
	9.6498689	54.6135414
	9.6496017	54.6134649
	9.6492764	54.6133875
	9.6488025	54.6133348
	9.6484211	54.6132902
	9.6482105	54.613256
	9.6480778	54.6131957
	9.6479188	54.6130938
	9.6474975	54.6127321
	9.6471555	54.6124243
	9.6469001	54.6122259
	9.6465595	54.6119053
	9.6463396	54.611729
	9.6460988	54.6115108
	9.6459056	54.6113601
	9.6457091	54.6111909
	9.6454154	54.6109203
	9.6451971	54.6107641
	9.644811	54.6104164
	9.6447392	54.6103073
	9.6445049	54.6101083
	9.6441245	54.6097845
	9.6439708	54.6096736
	9.643786	54.6094932
	9.6435531	54.6092162
	9.6433765	54.6090455
	9.6432541	54.6089601
	9.6430937	54.6088876
END
END
