6552987
1
	7.9212041	52.2224507
	7.9233585	52.2217849
	7.9235237	52.2214398
	7.9242028	52.2209396
	7.92524	52.221155
	7.9259098	52.2209876
	7.9277562	52.2214069
	7.9314115	52.2219347
	7.9316572	52.2216481
	7.9345218	52.2211854
	7.9417088	52.221892
	7.9425102	52.2224825
	7.9426546	52.2224479
	7.9434378	52.2222602
	7.943817	52.2225601
	7.9430397	52.2228296
	7.9435424	52.2231697
	7.9438935	52.2236889
	7.9477634	52.2222443
	7.9525141	52.2219117
	7.953278	52.2223573
	7.9560128	52.2211953
	7.957812	52.2198597
	7.9586081	52.2191696
	7.9619327	52.2187244
	7.966173	52.2181567
	7.9671305	52.2180426
	7.9709419	52.2164976
	7.9737159	52.215695
	7.975675	52.2145627
	7.979782	52.2134966
	7.9830811	52.2136318
	7.983025	52.2130808
	7.9837715	52.2099632
	7.9858336	52.2101716
	7.9863257	52.2093568
	7.9865912	52.2087244
	7.9888542	52.2090628
	7.9895518	52.2081958
	7.991497	52.2091612
	7.9928424	52.2096891
	7.9955434	52.2111753
	7.9963582	52.2118507
	7.9965261	52.2139675
	7.9966318	52.2142686
	7.9974976	52.2142137
	7.997871	52.2148602
	7.9971635	52.2151573
	7.9978394	52.2156754
	7.999368	52.2168039
	7.9985465	52.2175249
	7.9982622	52.2175216
	7.9981281	52.2177057
	7.99904	52.218294
	7.9990078	52.2185536
	7.9965186	52.2185751
	7.9965084	52.2189712
	7.9985716	52.2189508
	7.9979241	52.219669
	7.9978448	52.2200287
	7.9980359	52.2200281
	7.9980735	52.2198605
	7.9989103	52.2197881
	7.9987816	52.2201234
	7.9993414	52.2197557
	8.0004117	52.220159
	8.0015781	52.2209792
	7.9997687	52.2218623
	7.9989228	52.2218698
	7.998386	52.2217321
	7.9982111	52.2221681
	7.9985137	52.2228731
	7.9983329	52.2236154
	7.9984396	52.2240002
	7.9988618	52.2246627
	7.9985253	52.2248612
	7.9989207	52.2252721
	7.9994305	52.2256969
	7.9998493	52.2259544
	8.000394	52.2260843
	8.0032221	52.2263688
	8.0046922	52.2265383
	8.0052565	52.2256828
	8.0062673	52.2253014
	8.0075396	52.2249955
	8.0069476	52.2261483
	8.0072555	52.2262114
	8.0066037	52.2272086
	8.0068778	52.227385
	8.0080309	52.2277798
	8.0080053	52.2278502
	8.0081547	52.2280221
	8.009383	52.2282007
	8.009471	52.2283133
	8.0097007	52.2286766
	8.0099983	52.2291471
	8.0105909	52.2300841
	8.0106683	52.2302066
	8.0109205	52.2304623
	8.0117723	52.2313256
	8.0127487	52.2327086
	8.0117868	52.2338664
	8.0115241	52.2338917
	8.0104225	52.2350886
	8.0101126	52.2354396
	8.0097276	52.2357186
	8.0094877	52.2358446
	8.0083389	52.2362945
	8.0082499	52.2362865
	8.0080699	52.2362675
	8.0079179	52.2362835
	8.0064941	52.2360465
	8.0028917	52.2359355
	8.0004131	52.2358705
	7.9968896	52.2357865
	7.9963827	52.2358255
	7.9957028	52.2358445
	7.9947349	52.2361725
	7.994193	52.2364315
	7.993986	52.2365274
	7.9920233	52.2369274
	7.9890298	52.2374003
	7.9887278	52.2376103
	7.9884379	52.2376033
	7.9880729	52.2378703
	7.98776	52.2379233
	7.987521	52.2380223
	7.987297	52.2382212
	7.9863367	52.238414
	7.9861368	52.2385403
	7.9859987	52.2387837
	7.9858273	52.2388352
	7.9855483	52.2389842
	7.9854733	52.2390371
	7.9852863	52.2391671
	7.9850774	52.2394261
	7.9846044	52.2395711
	7.9844435	52.2396631
	7.9843755	52.2398381
	7.9843505	52.239957
	7.9835116	52.240739
	7.9825447	52.2417078
	7.9829947	52.2420008
	7.9825627	52.2420888
	7.9820848	52.2419818
	7.9816969	52.2419518
	7.980958	52.2416618
	7.98058	52.2418178
	7.9803661	52.2418368
	7.9789553	52.2417378
	7.9785573	52.2415628
	7.9784414	52.2415588
	7.9766416	52.2421998
	7.9769026	52.2423748
	7.9773395	52.2425387
	7.9759258	52.2430782
	7.9748619	52.2434846
	7.9747319	52.2435616
	7.9746599	52.2435346
	7.974426	52.2435766
	7.974367	52.2436986
	7.974205	52.2440496
	7.9736431	52.2443815
	7.9723873	52.2449845
	7.9701946	52.2460333
	7.9700923	52.2460586
	7.9695647	52.2461893
	7.9690188	52.2462353
	7.9687068	52.2462893
	7.967443	52.2473572
	7.9648644	52.2483871
	7.9640355	52.248631
	7.9622518	52.2493059
	7.960797	52.248967
	7.960673	52.249085
	7.9604351	52.249173
	7.9601481	52.2494549
	7.9595932	52.2496689
	7.9589803	52.2498829
	7.9585153	52.2502068
	7.9580254	52.2508208
	7.9574935	52.2514847
	7.9576465	52.2519046
	7.9579494	52.2520186
	7.9581164	52.2521256
	7.9580914	52.2522586
	7.9580774	52.2525106
	7.9581664	52.2529875
	7.9580974	52.2535215
	7.9583374	52.2540864
	7.9583454	52.2542654
	7.9581124	52.2546433
	7.9581794	52.2548223
	7.9579434	52.2552343
	7.9581284	52.2553913
	7.9587313	52.2557032
	7.9589912	52.2558872
	7.9591262	52.2559022
	7.9600401	52.2558712
	7.9602541	52.2558672
	7.960404	52.2559632
	7.960424	52.2562992
	7.960548	52.2565281
	7.960871	52.2569781
	7.9609789	52.2571301
	7.9611839	52.257291
	7.9613949	52.257317
	7.9617378	52.257432
	7.9617078	52.2582859
	7.9616758	52.2583969
	7.9629556	52.2585419
	7.9636135	52.2617006
	7.9656932	52.2619945
	7.9658972	52.2617955
	7.9658572	52.2611286
	7.9659202	52.2610216
	7.9661661	52.2607997
	7.9660242	52.2605707
	7.9666191	52.2607047
	7.966864	52.2615286
	7.966958	52.2615476
	7.967159	52.2616626
	7.967231	52.2617576
	7.9677999	52.2619715
	7.9676089	52.2622765
	7.9676389	52.2624215
	7.9677279	52.2626005
	7.9679159	52.2626885
	7.9678899	52.2628144
	7.9680108	52.2630314
	7.9678989	52.2633144
	7.9679128	52.2640883
	7.9681548	52.2642983
	7.9679658	52.2645802
	7.9674489	52.2647602
	7.9666426	52.2655662
	7.9662011	52.266232
	7.9660951	52.2681128
	7.9660691	52.2689217
	7.9660351	52.2695277
	7.9659101	52.2696697
	7.9658651	52.2697836
	7.9661071	52.2699706
	7.9660081	52.2700006
	7.9652492	52.2700466
	7.9652142	52.2703176
	7.9654152	52.2705506
	7.9654242	52.2707295
	7.9652212	52.2708785
	7.9648303	52.2709435
	7.9647273	52.2710345
	7.9646393	52.2712255
	7.9644373	52.2713745
	7.9640274	52.2715427
	7.9639754	52.2716644
	7.9640264	52.2717714
	7.9643533	52.2718244
	7.9643663	52.2719314
	7.9641074	52.2720574
	7.9638314	52.2721484
	7.9638504	52.2722514
	7.9640884	52.2723934
	7.9638774	52.2726983
	7.9637644	52.2733352
	7.9637814	52.2744071
	7.9636994	52.2744791
	7.9634865	52.2744761
	7.9631425	52.2743841
	7.9630455	52.2743801
	7.9629455	52.2744261
	7.9629176	52.2745671
	7.9629315	52.2746781
	7.9630045	52.2747731
	7.9627236	52.2749331
	7.9623696	52.2749871
	7.9618337	52.2748691
	7.9616567	52.2748991
	7.9614858	52.275193
	7.9615178	52.275315
	7.9619707	52.275536
	7.9618787	52.275624
	7.9617157	52.275716
	7.9609328	52.27583
	7.9608609	52.275735
	7.9609039	52.275468
	7.9609508	52.275174
	7.9608879	52.2749111
	7.9607399	52.2747661
	7.9605319	52.2746471
	7.960289	52.2745061
	7.960006	52.2740372
	7.9597722	52.2737094
	7.9595276	52.2733969
	7.958988	52.2730748
	7.9580832	52.2729051
	7.9574513	52.2726292
	7.9574311	52.2726239
	7.9570798	52.2724746
	7.9569757	52.2724305
	7.9567307	52.2723227
	7.9562055	52.2720906
	7.9558869	52.2719628
	7.9557295	52.2718821
	7.9556118	52.271786
	7.9554347	52.2715934
	7.9552459	52.2713872
	7.9549663	52.2710515
	7.9548718	52.2709503
	7.9546529	52.2707181
	7.9544364	52.2705081
	7.9536636	52.2698421
	7.9530227	52.2693517
	7.9526138	52.2690437
	7.9523747	52.2688736
	7.9521619	52.2687416
	7.9518823	52.268603
	7.9516866	52.2685125
	7.9515027	52.268446
	7.9513185	52.2683925
	7.9507599	52.2682746
	7.95063	52.268237
	7.9505255	52.2681851
	7.9504847	52.2681498
	7.9503858	52.2680162
	7.9503692	52.2679278
	7.950261	52.2676706
	7.9502479	52.2676561
	7.9502326	52.2676169
	7.9502312	52.2675976
	7.9501908	52.2674649
	7.9501409	52.2673757
	7.9500383	52.2673009
	7.9498251	52.2672306
	7.9490807	52.2670123
	7.9487165	52.2668669
	7.9483992	52.2666961
	7.9480188	52.2664369
	7.947763	52.266237
	7.9474986	52.2660333
	7.9471743	52.2658152
	7.9467139	52.2655635
	7.9463287	52.2654001
	7.9459349	52.2652624
	7.945506	52.2651482
	7.9450469	52.2650644
	7.9441014	52.2649448
	7.9434207	52.2648583
	7.9431223	52.2648363
	7.9428014	52.2648486
	7.9425247	52.2648692
	7.9425028	52.2648734
	7.9421855	52.2649138
	7.9422007	52.2651141
	7.9412739	52.2653591
	7.940741	52.2655041
	7.940415	52.2655301
	7.9399611	52.2655651
	7.9398141	52.2655651
	7.9387493	52.2655231
	7.9386063	52.2655111
	7.9382273	52.2654961
	7.9380184	52.2654921
	7.9379724	52.2653661
	7.9378874	52.2651641
	7.9376108	52.2651933
	7.9372375	52.2651491
	7.9370135	52.2651561
	7.9359547	52.2651941
	7.9358267	52.2652061
	7.9345379	52.2653201
	7.933906	52.2653781
	7.933963	52.265736
	7.9333381	52.265805
	7.9316843	52.265969
	7.9313854	52.266
	7.9311994	52.266003
	7.9306685	52.266011
	7.9297056	52.265881
	7.9297926	52.265717
	7.9296876	52.2655111
	7.9294547	52.2655071
	7.9291977	52.2654541
	7.9289178	52.2654011
	7.9283529	52.2652561
	7.9278449	52.2649851
	7.927456	52.2646681
	7.927409	52.2645572
	7.927335	52.2643902
	7.927114	52.2639812
	7.9269861	52.2637413
	7.9264172	52.2638212
	7.9260322	52.2634203
	7.9259302	52.2633713
	7.9253543	52.2630853
	7.9248364	52.2628064
	7.9246384	52.2627034
	7.9244695	52.2625814
	7.9243225	52.2624674
	7.9241065	52.2621774
	7.9240215	52.2619364
	7.9239905	52.2616545
	7.9241105	52.2615595
	7.9242855	52.2615625
	7.9243855	52.2615175
	7.9243705	52.2614215
	7.9246314	52.2613225
	7.9246434	52.2611055
	7.9246904	52.2610066
	7.9249324	52.2604716
	7.9250854	52.2601287
	7.9252793	52.2598117
	7.9257023	52.2591908
	7.9257513	52.2590718
	7.9258153	52.2589198
	7.9258343	52.2585878
	7.9253543	52.2584918
	7.9253573	52.2582669
	7.9254103	52.2576949
	7.9252734	52.257218
	7.9251994	52.256955
	7.9249784	52.2564401
	7.9247874	52.2560051
	7.9242995	52.2554102
	7.9247155	52.2552422
	7.9241295	52.2547763
	7.9235006	52.2542843
	7.9232237	52.2539523
	7.9228467	52.2534984
	7.9228428	52.2528885
	7.9223398	52.2528315
	7.9223548	52.2522245
	7.9222968	52.2519006
	7.9223768	52.2515226
	7.9224558	52.2512896
	7.9225038	52.2511447
	7.9227208	52.2507447
	7.9228908	52.2504927
	7.9231887	52.2500468
	7.9231947	52.2495958
	7.9236816	52.2495348
	7.9235597	52.2489479
	7.9236746	52.2486539
	7.9238916	52.248219
	7.9243555	52.247929
	7.9246115	52.2476971
	7.9249245	52.2473001
	7.9245075	52.2471241
	7.9248175	52.2468082
	7.9254594	52.2464302
	7.9256634	52.2462732
	7.9257423	52.2462092
	7.9264922	52.2456063
	7.9267192	52.2454193
	7.9268102	52.2453083
	7.9269912	52.2450794
	7.9275261	52.2452133
	7.928171	52.2444504
	7.928212	52.2443624
	7.928284	52.2442065
	7.9284969	52.2437405
	7.9285179	52.2433705
	7.92845	52.2430126
	7.927912	52.2429166
	7.927822	52.2424626
	7.927858	52.2422227
	7.927884	52.2420467
	7.927961	52.2419327
	7.928372	52.2413108
	7.928348	52.2410588
	7.928001	52.2404299
	7.9278731	52.2402049
	7.92829	52.2400329
	7.928045	52.239747
	7.927936	52.239621
	7.9277981	52.239529
	7.9270002	52.239007
	7.9270802	52.2382511
	7.9271292	52.2377822
	7.9267092	52.2376522
	7.9267612	52.2374272
	7.9274381	52.2364703
	7.9276511	52.2361264
	7.9275791	52.2359394
	7.9275321	52.2358134
	7.9273382	52.2357984
	7.9272022	52.2354744
	7.9275551	52.2354094
	7.9277761	52.2352835
	7.9273792	52.2345625
	7.9272702	52.2343716
	7.9264833	52.2330217
	7.9261953	52.2329797
	7.9259764	52.2329947
	7.9260272	52.2327218
	7.9259228	52.2324222
	7.9259545	52.2320664
	7.9259874	52.2318238
	7.9261314	52.2316559
	7.9265593	52.2314349
	7.9266913	52.2313579
	7.9272622	52.2310489
	7.9276391	52.2310489
	7.9278041	52.2310489
	7.9278601	52.230824
	7.9279791	52.230351
	7.9279831	52.230195
	7.9279961	52.2297481
	7.9276581	52.2297251
	7.9273582	52.2297061
	7.9273972	52.2295501
	7.9274312	52.2294241
	7.9273602	52.2292911
	7.9270132	52.2289512
	7.9265353	52.2284892
	7.9268143	52.2283752
	7.9269393	52.2282262
	7.9267513	52.2280433
	7.9265703	52.2278713
	7.9264683	52.2274483
	7.9265103	52.2270364
	7.9261964	52.2266474
	7.9262036	52.2260142
	7.9261658	52.2251419
	7.9254344	52.2251117
	7.9253801	52.224969
	7.9249893	52.2250652
	7.9246449	52.2252098
	7.924405	52.2250146
	7.9246824	52.2247982
	7.9245964	52.2246826
	7.92388	52.2240172
	7.9238217	52.2237727
	7.9233729	52.2233202
	7.9225254	52.2235738
	7.9212041	52.2224507
END
END
