6552899
1
	7.2899038	52.9337422
	7.2899887	52.9330682
	7.2906338	52.9319801
	7.2921363	52.9305525
	7.2944578	52.9290935
	7.2966772	52.9274565
	7.3006469	52.9251018
	7.3017378	52.9242438
	7.3019464	52.9237848
	7.3020467	52.9231888
	7.3020094	52.922355
	7.301569	52.9213291
	7.3003679	52.9186859
	7.3001232	52.917748
	7.3000172	52.9166618
	7.3001163	52.9158765
	7.3009656	52.9148181
	7.3016963	52.9142009
	7.3038201	52.9135833
	7.3061793	52.9133267
	7.3072817	52.9132991
	7.3092962	52.9130329
	7.3109453	52.9125799
	7.3121589	52.9119887
	7.3126193	52.9115239
	7.31291	52.9109781
	7.3152253	52.9129688
	7.3174898	52.9099233
	7.3229617	52.9155089
	7.3278744	52.9131075
	7.3339058	52.9101532
	7.3367296	52.9082028
	7.3399141	52.908877
	7.3438414	52.9099121
	7.3450449	52.9139605
	7.3454077	52.9153069
	7.3484318	52.9176608
	7.3486438	52.9178258
	7.3619136	52.9156237
	7.3704364	52.9143473
	7.3772926	52.9133204
	7.3928526	52.9120401
	7.3931015	52.9120196
	7.3997196	52.9148748
	7.3953638	52.9214357
	7.3953397	52.9214719
	7.397476	52.9218856
	7.3918816	52.930192
	7.3877556	52.9303174
	7.3877491	52.93039
	7.3875727	52.9323644
	7.3880214	52.9443546
	7.3880659	52.9455436
	7.3824007	52.9478006
	7.3821533	52.9476388
	7.3749761	52.9475336
	7.3599466	52.9480315
	7.3462017	52.9483233
	7.3297544	52.9488271
	7.3271741	52.9489999
	7.3191056	52.9490169
	7.3150964	52.9495011
	7.3133648	52.9494348
	7.3120338	52.9490186
	7.3108562	52.9489442
	7.3088924	52.949358
	7.3088287	52.9486459
	7.3085598	52.948599
	7.3076397	52.9491832
	7.3068095	52.9492981
	7.3064893	52.9491654
	7.306214	52.9491624
	7.3060038	52.9493584
	7.3055634	52.9494459
	7.3045887	52.9494649
	7.3034169	52.9491417
	7.3026569	52.9488317
	7.3019236	52.9488741
	7.3012456	52.9490428
	7.3006424	52.9494596
	7.3000116	52.949848
	7.2994258	52.9500706
	7.2981953	52.9506984
	7.2978611	52.9507057
	7.2975957	52.9508293
	7.2974718	52.9511214
	7.2965449	52.9516255
	7.2963011	52.9533576
	7.2968286	52.9553463
	7.2972483	52.9563054
	7.2979989	52.9566612
	7.2985995	52.9573365
	7.2980804	52.957487
	7.2961338	52.9568995
	7.2952317	52.9565194
	7.2946729	52.956159
	7.2943048	52.9558093
	7.293958	52.9553787
	7.2933735	52.9536444
	7.2931262	52.952653
	7.2928785	52.9515486
	7.2925529	52.9508407
	7.2918558	52.9498959
	7.2910851	52.9490637
	7.2906547	52.9485028
	7.2903644	52.947954
	7.2902744	52.946989
	7.2903411	52.9462632
	7.2906326	52.9451451
	7.2908064	52.9447335
	7.2912735	52.944115
	7.2917689	52.9436459
	7.2923281	52.9432407
	7.2933402	52.9427844
	7.2968397	52.94196
	7.3002836	52.9412709
	7.3005531	52.9410975
	7.3010036	52.9406149
	7.3011737	52.9402832
	7.3012037	52.9398549
	7.3009235	52.9394507
	7.3003794	52.9392414
	7.2990205	52.9390452
	7.2965858	52.9389173
	7.2957727	52.9388192
	7.2941442	52.938318
	7.2926428	52.9375097
	7.2917358	52.9368342
	7.2902577	52.9351755
	7.2900453	52.9345271
	7.2899038	52.9337422
END
END
