6552973
1
	7.8924263	52.4767909
	7.9070725	52.4761137
	7.9039649	52.474582
	7.9052752	52.4737121
	7.9145732	52.4706922
	7.9142474	52.4700208
	7.9342869	52.4619355
	7.9415548	52.4533021
	7.9448731	52.4545442
	7.9482987	52.4558667
	7.9493306	52.4570984
	7.9498336	52.4576122
	7.9509126	52.458261
	7.9535753	52.4592765
	7.9544371	52.4594451
	7.9565328	52.45927
	7.9580541	52.4591404
	7.9585754	52.4592247
	7.9605435	52.4602683
	7.9623414	52.4618045
	7.9653829	52.4647652
	7.967377	52.4675207
	7.9703561	52.4703609
	7.9710156	52.4717406
	7.9720988	52.4724463
	7.9736694	52.4787323
	7.9740838	52.4859243
	7.9811279	52.488889
	7.9845464	52.4922951
	7.9922206	52.4945187
	7.9979606	52.4969793
	8.0061273	52.4965933
	8.0086948	52.4967945
	8.0106345	52.4977631
	8.0119145	52.4995723
	8.0107976	52.5009001
	8.014572	52.5035883
	8.0166395	52.5038789
	8.0150451	52.5055873
	8.0126515	52.5061378
	8.0157865	52.5069084
	8.0153144	52.5087291
	8.0124122	52.511465
	8.0150019	52.5145542
	8.0055752	52.521299
	7.9969772	52.5254589
	7.9906253	52.5305893
	7.9869268	52.5347029
	7.9850803	52.538039
	7.9770822	52.5316218
	7.9708702	52.5265023
	7.9653411	52.5255469
	7.9602109	52.5245983
	7.951846	52.5191967
	7.9385986	52.5183455
	7.9279766	52.5169333
	7.9262922	52.51541
	7.9230156	52.5118778
	7.9235358	52.5116803
	7.9207469	52.5089045
	7.9232435	52.5079576
	7.9214866	52.5065435
	7.9199996	52.5070845
	7.9188897	52.5050741
	7.9179032	52.5050702
	7.9179064	52.5036665
	7.9175508	52.5028759
	7.9147259	52.5026023
	7.9114024	52.5053853
	7.9043151	52.5048783
	7.8999339	52.5034986
	7.8932844	52.4812697
	7.8924263	52.4767909
END
END
