6552931
1
	6.7882671	52.6072246
	6.7904547	52.6061388
	6.7925903	52.6054696
	6.7934293	52.6051002
	6.79383	52.6054504
	6.7941556	52.6056544
	6.7943627	52.6059834
	6.7944335	52.6062593
	6.7943235	52.6066235
	6.7941867	52.6068838
	6.7942817	52.6071181
	6.7944968	52.6071943
	6.7948246	52.6071438
	6.795229	52.6068353
	6.7959699	52.6065701
	6.7974188	52.6058511
	6.7976698	52.6055162
	6.7981923	52.6054449
	6.798857	52.6056045
	6.7991252	52.6057782
	6.7992534	52.6062052
	6.7991145	52.6064786
	6.798835	52.6065571
	6.7989144	52.6067786
	6.7993431	52.6067959
	6.7995812	52.6067711
	6.7998902	52.606618
	6.7999513	52.6064134
	6.7998113	52.6060811
	6.7995018	52.6056664
	6.7995828	52.6053182
	6.7995672	52.604822
	6.7962061	52.6034159
	6.7967289	52.6030796
	6.7972278	52.6029005
	6.7976564	52.602803
	6.7982138	52.6028118
	6.7987363	52.6027936
	6.7992781	52.6027262
	6.7996515	52.6026268
	6.8018734	52.6013213
	6.803368	52.6010704
	6.8041817	52.6006423
	6.8048254	52.5996788
	6.8057218	52.5993703
	6.8070393	52.5992559
	6.8076922	52.5990744
	6.8100799	52.5979356
	6.8110999	52.5976777
	6.8118378	52.5975881
	6.8126473	52.5975956
	6.8176958	52.5985524
	6.8196455	52.586934
	6.8209512	52.577748
	6.8214276	52.5737913
	6.8216458	52.5722707
	6.8217426	52.5705426
	6.8310423	52.571796
	6.8340107	52.5721959
	6.8358652	52.5724454
	6.8371619	52.5726042
	6.8377493	52.5726747
	6.844886	52.5736199
	6.847068	52.5739096
	6.8486454	52.5741208
	6.8506945	52.5740608
	6.8682336	52.5737382
	6.8711954	52.5776814
	6.870333	52.577911
	6.8766405	52.586365
	6.8773009	52.5858706
	6.8817458	52.5916987
	6.8836416	52.594063
	6.8838697	52.595858
	6.8863765	52.5974091
	6.887117	52.5980327
	6.8881263	52.5989622
	6.8854018	52.6003221
	6.8841126	52.6013802
	6.8826315	52.6040342
	6.8822891	52.6048207
	6.8815359	52.6053742
	6.8908769	52.6122559
	6.9099343	52.6307842
	6.9127548	52.6335829
	6.9149429	52.6358185
	6.9187714	52.639991
	6.9187492	52.6400006
	6.9187314	52.64001
	6.9176826	52.640587
	6.916364	52.6413199
	6.9163398	52.6413331
	6.9160713	52.6414858
	6.9159523	52.6415562
	6.9158675	52.6416194
	6.9157939	52.6416829
	6.9157364	52.6417516
	6.9156921	52.641815
	6.9156534	52.6418843
	6.9156233	52.6419623
	6.9156026	52.6420289
	6.9155943	52.6420718
	6.9154051	52.6432904
	6.915295	52.64403
	6.915239	52.6444031
	6.9151196	52.6452126
	6.9150179	52.6457454
	6.9149971	52.6458317
	6.9149633	52.6459272
	6.9149245	52.6460156
	6.9148792	52.6460999
	6.9148148	52.6461904
	6.914756	52.6462568
	6.9146886	52.6463246
	6.9146205	52.6463801
	6.914553	52.6464265
	6.9144639	52.6464816
	6.914343	52.6465415
	6.9143398	52.6465432
	6.9142157	52.6466047
	6.9140837	52.6466631
	6.9140171	52.6466894
	6.9139793	52.6467012
	6.913942	52.6467135
	6.9139159	52.6467209
	6.9138217	52.6467488
	6.9137619	52.6467658
	6.9137158	52.6467794
	6.913668	52.6467904
	6.9136166	52.6468041
	6.9135638	52.6468155
	6.9132137	52.6468835
	6.9120565	52.6471149
	6.9108235	52.6473552
	6.9104997	52.6474195
	6.9092049	52.6476769
	6.9092025	52.6476773
	6.9082648	52.6478591
	6.9080351	52.647901
	6.9077575	52.6479456
	6.9074309	52.6479895
	6.9048983	52.6483057
	6.9034636	52.6484889
	6.9032209	52.6485266
	6.9029381	52.6485938
	6.9026783	52.6486773
	6.9023596	52.6488084
	6.9023474	52.6488153
	6.9022277	52.6488833
	6.9021704	52.6489191
	6.9021049	52.6489562
	6.9013335	52.6494086
	6.9008244	52.6497079
	6.9005256	52.6498826
	6.9004098	52.6499537
	6.9001379	52.6501154
	6.8997864	52.6503308
	6.899474	52.6505209
	6.8992618	52.6506459
	6.8991482	52.6507065
	6.8991069	52.6507308
	6.8990171	52.6507841
	6.8989346	52.6508331
	6.898845	52.6508835
	6.8986931	52.6509549
	6.8985373	52.6510185
	6.8985159	52.6510269
	6.8983901	52.651076
	6.898262	52.6511197
	6.8981379	52.6511568
	6.8979482	52.6512079
	6.8977643	52.6512547
	6.8975745	52.6512997
	6.897516	52.6513121
	6.8973484	52.6513441
	6.8971798	52.6513713
	6.8970234	52.6513942
	6.89685	52.6514131
	6.8968128	52.6514171
	6.8966341	52.6514263
	6.8963758	52.6514361
	6.8961641	52.6514422
	6.8959532	52.6514483
	6.8958694	52.6514498
	6.8952973	52.6514599
	6.8950875	52.6514635
	6.894634	52.6514721
	6.8945559	52.6514737
	6.8942221	52.6514794
	6.894016	52.6514853
	6.8939165	52.6514872
	6.8936827	52.6514919
	6.8931282	52.6515029
	6.8921346	52.6515224
	6.8917415	52.6515264
	6.8916242	52.651526
	6.8914979	52.651523
	6.8914915	52.6515226
	6.8913588	52.6515161
	6.8912242	52.6515063
	6.8909638	52.6514854
	6.8901245	52.6514072
	6.8894658	52.6513469
	6.8886246	52.6512716
	6.888574	52.6512672
	6.8881438	52.6512292
	6.8876157	52.6511826
	6.8874727	52.6511686
	6.8867925	52.6511018
	6.8862614	52.651056
	6.8861991	52.6510502
	6.8861261	52.6510435
	6.885513	52.6509883
	6.8849765	52.6509375
	6.884922	52.6509323
	6.8844083	52.650885
	6.8838547	52.6508333
	6.8837116	52.6508198
	6.8833497	52.6507873
	6.8829424	52.6507515
	6.8828208	52.6507415
	6.8823061	52.6506988
	6.8816362	52.6506352
	6.881263	52.6505989
	6.8809267	52.6505661
	6.8806127	52.6505413
	6.8804279	52.6505313
	6.8802654	52.6505326
	6.8801294	52.6505362
	6.8799504	52.6505483
	6.8797466	52.6505685
	6.8797296	52.6505702
	6.8795352	52.6505998
	6.8794296	52.6506186
	6.8792493	52.6506594
	6.8790896	52.650703
	6.8789289	52.6507496
	6.87881	52.6507887
	6.8786601	52.6508417
	6.8784978	52.6508991
	6.8783031	52.6509666
	6.8775191	52.651244
	6.8772027	52.6513543
	6.8770916	52.6513976
	6.8770131	52.6514325
	6.8769097	52.651477
	6.876603	52.651634
	6.8763235	52.6517801
	6.8761724	52.6518703
	6.8758859	52.6520167
	6.8754267	52.6522592
	6.8752209	52.6523686
	6.8749559	52.6525092
	6.8745547	52.6527204
	6.8741142	52.6529551
	6.8740031	52.6530143
	6.873896	52.6530666
	6.8737584	52.6531285
	6.8736594	52.6531616
	6.8736149	52.653177
	6.873374	52.6532355
	6.8732768	52.6532504
	6.8732197	52.6532567
	6.873078	52.6532678
	6.8729325	52.6532736
	6.8728108	52.6532706
	6.8726736	52.6532569
	6.8725514	52.6532399
	6.8722996	52.6531877
	6.8722578	52.653179
	6.8722154	52.6531703
	6.8719738	52.6531209
	6.8719352	52.6531114
	6.8718255	52.6530815
	6.87173	52.6530556
	6.8716813	52.6530431
	6.8715376	52.652995
	6.8714781	52.6529736
	6.8714189	52.6529516
	6.8713311	52.6529185
	6.8712851	52.6528988
	6.8712227	52.6528721
	6.8711108	52.6528182
	6.871022	52.6527694
	6.8708882	52.6526891
	6.8707969	52.652631
	6.8707471	52.6525982
	6.8701488	52.652208
	6.8700078	52.6521204
	6.8699345	52.6520772
	6.8698245	52.6520153
	6.869745	52.6519726
	6.869589	52.6518908
	6.8695212	52.6518561
	6.8692507	52.651737
	6.868776	52.6515385
	6.8686358	52.6514795
	6.8681824	52.6512886
	6.868151	52.6512754
	6.8677916	52.6511255
	6.8674919	52.6510005
	6.8672324	52.6508913
	6.8671771	52.650868
	6.8668763	52.6507445
	6.8663248	52.6505146
	6.8661836	52.6504536
	6.8657766	52.6502836
	6.8655816	52.6502017
	6.8651304	52.6500143
	6.865024	52.6499694
	6.8648829	52.6499103
	6.8647447	52.6498589
	6.8646053	52.6498194
	6.8645967	52.6498169
	6.8644927	52.6497979
	6.8643808	52.6497905
	6.8641591	52.6497768
	6.8638673	52.6497649
	6.8637289	52.6497593
	6.8634393	52.6497482
	6.8632684	52.6497408
	6.862897	52.6497246
	6.8624901	52.6497078
	6.8618956	52.6496912
	6.8618753	52.6496909
	6.8616881	52.6496882
	6.8612811	52.6496788
	6.8607262	52.6496627
	6.8600619	52.649645
	6.859501	52.6496293
	6.859002	52.6496159
	6.8583985	52.6496001
	6.8580305	52.649591
	6.8574426	52.6495724
	6.8564711	52.6495482
	6.8554926	52.6495599
	6.8550031	52.649572
	6.854351	52.6495852
	6.8539546	52.64958
	6.8537928	52.64957
	6.8536345	52.6495512
	6.8534933	52.6495246
	6.853354	52.649495
	6.853093	52.6494253
	6.8530455	52.6494097
	6.8529987	52.6493934
	6.8529687	52.6493826
	6.8529413	52.6493721
	6.8528709	52.6493414
	6.8528052	52.6493073
	6.8528021	52.6493056
	6.8526858	52.6492441
	6.8525709	52.64918
	6.8523038	52.6490154
	6.8521273	52.6489128
	6.8520163	52.6488501
	6.8519042	52.6487968
	6.8518968	52.6487934
	6.8517783	52.6487397
	6.8516436	52.6486904
	6.8516402	52.6486893
	6.8514923	52.6486505
	6.8513384	52.6486215
	6.8511648	52.6486051
	6.850989	52.6486039
	6.8508386	52.6486152
	6.8506921	52.6486386
	6.8506339	52.6486491
	6.8504843	52.6486783
	6.850338	52.6487133
	6.8500809	52.6487834
	6.8494761	52.6489458
	6.8489577	52.6490849
	6.8484962	52.6492087
	6.8473965	52.6495099
	6.8467803	52.6496773
	6.8464649	52.6497634
	6.8462529	52.6498212
	6.8461726	52.6498429
	6.8455347	52.650015
	6.8452166	52.6501026
	6.844551	52.6502818
	6.8441754	52.6503869
	6.8439254	52.6504553
	6.8430994	52.6506771
	6.8427519	52.650772
	6.8421713	52.6509296
	6.8418481	52.6510168
	6.8418237	52.6510233
	6.8416954	52.6510582
	6.8416285	52.6510763
	6.8408069	52.6513035
	6.840086	52.6514984
	6.8394218	52.6516805
	6.8393612	52.6516986
	6.8392178	52.6517354
	6.8389673	52.6518016
	6.8388043	52.651838
	6.8385415	52.6518893
	6.8383695	52.6519229
	6.838087	52.6519442
	6.8378426	52.6519522
	6.8377905	52.6519523
	6.8376624	52.6519527
	6.8375632	52.6519481
	6.8374602	52.6519433
	6.8371658	52.6519238
	6.8367977	52.6518995
	6.8366339	52.6518887
	6.836627	52.6518882
	6.8365769	52.6518848
	6.83586	52.6518365
	6.8358341	52.6518348
	6.8354525	52.6518065
	6.8350267	52.6517756
	6.8349943	52.6517735
	6.8344968	52.6517417
	6.834342	52.6517317
	6.8342756	52.6517269
	6.8341632	52.6517185
	6.8336346	52.6516792
	6.8331194	52.6516471
	6.8329669	52.6516378
	6.8324996	52.6516056
	6.8324707	52.6516033
	6.8322346	52.6515844
	6.832145	52.6515779
	6.8320954	52.6515722
	6.8320313	52.6515635
	6.831994	52.6515571
	6.8319364	52.6515477
	6.8319076	52.6515426
	6.8318599	52.6515333
	6.8318134	52.6515236
	6.8317842	52.6515174
	6.8317457	52.6515085
	6.8317049	52.651498
	6.8316758	52.6514901
	6.8316149	52.6514712
	6.8315547	52.6514501
	6.8314882	52.6514234
	6.8313944	52.6513806
	6.8313809	52.6513744
	6.8312756	52.6513179
	6.8312502	52.6513035
	6.831225	52.6512889
	6.8311892	52.6512686
	6.8306479	52.650936
	6.8305552	52.650879
	6.8303657	52.6507594
	6.8303241	52.6507307
	6.8302324	52.6506622
	6.8301947	52.6506317
	6.8301586	52.6506028
	6.8301131	52.6505623
	6.8300181	52.650466
	6.8300114	52.6504585
	6.8299684	52.6504108
	6.829906	52.6503377
	6.8298261	52.6502222
	6.829728	52.6500923
	6.8297	52.6500557
	6.8296753	52.6500282
	6.8296106	52.649968
	6.8295938	52.6499509
	6.8295402	52.6499009
	6.8294678	52.6498478
	6.829397	52.6497961
	6.829313	52.6497462
	6.8292636	52.6497201
	6.8292232	52.6496998
	6.8291141	52.6496516
	6.8290442	52.6496229
	6.8289703	52.6495926
	6.8288008	52.6495237
	6.8286798	52.6494741
	6.8285443	52.6494185
	6.8283179	52.6493302
	6.828169	52.6492694
	6.8280672	52.6492287
	6.8279442	52.6491817
	6.8278348	52.6491433
	6.8277971	52.6491309
	6.8277281	52.6491082
	6.8276182	52.649074
	6.8275016	52.6490388
	6.827409	52.6490134
	6.8273199	52.6489919
	6.8272097	52.6489639
	6.8269069	52.6488868
	6.826717	52.6488401
	6.826617	52.6488152
	6.82621	52.6487115
	6.8256705	52.6485792
	6.8255283	52.6485441
	6.8249316	52.6483979
	6.8240772	52.6481865
	6.8236941	52.6480923
	6.82351	52.648047
	6.8232766	52.6479896
	6.8224384	52.6477848
	6.822405	52.6477761
	6.8223713	52.647768
	6.8223215	52.6477574
	6.822298	52.6477531
	6.8222743	52.6477491
	6.8221611	52.6477316
	6.8220443	52.6477148
	6.8219613	52.6477059
	6.821864	52.6476987
	6.8218425	52.6476986
	6.8216645	52.6476936
	6.821387	52.6476911
	6.8210754	52.647689
	6.820522	52.64769
	6.8204766	52.6476888
	6.8203737	52.647689
	6.8202807	52.6476882
	6.820161	52.6476869
	6.8200646	52.647686
	6.8198876	52.6476858
	6.8197783	52.6476844
	6.8196906	52.6476834
	6.8195994	52.6476824
	6.8194995	52.6476817
	6.819358	52.6476808
	6.8192662	52.6476799
	6.8191759	52.6476798
	6.8191205	52.64768
	6.8190141	52.6476793
	6.8189369	52.6476799
	6.8188609	52.6476796
	6.8187179	52.6476824
	6.81866	52.6476853
	6.8185992	52.6476883
	6.818503	52.647694
	6.818454	52.6477006
	6.8183953	52.6477063
	6.8183337	52.6477162
	6.81827	52.6477277
	6.8182195	52.6477381
	6.8181593	52.6477519
	6.8181164	52.647765
	6.8180724	52.6477786
	6.818033	52.6477901
	6.8180057	52.6478006
	6.8179629	52.647816
	6.8179135	52.6478361
	6.8178671	52.6478573
	6.817837	52.6478729
	6.8177915	52.6478957
	6.8177484	52.6479191
	6.8177016	52.647943
	6.8176348	52.6479786
	6.8175784	52.6480106
	6.8175224	52.6480413
	6.817471	52.648071
	6.8173981	52.6481125
	6.8173298	52.6481503
	6.8172746	52.6481816
	6.8172173	52.648214
	6.8171554	52.6482494
	6.8170939	52.6482856
	6.8170306	52.6483211
	6.8169683	52.6483542
	6.8169146	52.6483817
	6.8168708	52.6484035
	6.8168324	52.648424
	6.8167797	52.6484469
	6.8167359	52.6484647
	6.8166789	52.6484856
	6.8166149	52.6485075
	6.81655	52.648527
	6.816483	52.6485473
	6.8164198	52.6485653
	6.8163825	52.6485756
	6.8163671	52.6485786
	6.816317	52.6485886
	6.8162678	52.6485973
	6.8162114	52.6486062
	6.8161522	52.6486157
	6.8160911	52.6486263
	6.8160515	52.6486303
	6.8159809	52.648637
	6.8159498	52.6486402
	6.8158814	52.6486449
	6.8158042	52.6486482
	6.8157227	52.6486525
	6.8156299	52.648657
	6.813362	52.6424952
	6.8106483	52.6373354
	6.8075763	52.6313308
	6.8003149	52.6169848
	6.8003161	52.616931
	6.8002655	52.6168873
	6.799556	52.6154853
	6.7969918	52.6114776
	6.7939502	52.609989
	6.7882671	52.6072246
END
END
