6552738
1
	9.536441	53.3010905
	9.5399613	53.2988906
	9.5414032	53.2983616
	9.5412604	53.296142
	9.5404295	53.2959714
	9.5404289	53.2959578
	9.5407144	53.2916559
	9.5408252	53.2916255
	9.5485459	53.2895051
	9.5520921	53.2885835
	9.5522686	53.2885373
	9.5567925	53.2872702
	9.565181	53.2900057
	9.5668041	53.2885008
	9.5892097	53.2963192
	9.5885177	53.3020181
	9.5879201	53.3069926
	9.5865498	53.3067025
	9.5860465	53.306595
	9.5850334	53.3071459
	9.5851337	53.3082205
	9.585153	53.3084326
	9.5851808	53.3086129
	9.5847062	53.3091238
	9.5843119	53.3092976
	9.5830673	53.3096785
	9.5823606	53.3098949
	9.5826424	53.3103685
	9.585326	53.3105989
	9.5863871	53.3106791
	9.5865876	53.3107987
	9.5853049	53.3128747
	9.5843357	53.314275
	9.5842327	53.314446
	9.583516	53.3157635
	9.5755849	53.3285573
	9.5753999	53.3287804
	9.5752682	53.3291065
	9.5766984	53.3299101
	9.574128	53.3305013
	9.57369	53.3307876
	9.5724123	53.331601
	9.5721295	53.3317774
	9.5658017	53.3316347
	9.5623471	53.3315503
	9.5589795	53.331426
	9.5577539	53.3314053
	9.556799	53.33135
	9.5565043	53.3311059
	9.557071	53.3309832
	9.5577313	53.3303675
	9.558151	53.3297843
	9.5586681	53.3289698
	9.5608605	53.3278822
	9.5622333	53.3272711
	9.5626871	53.3270073
	9.5626858	53.3269272
	9.5635291	53.3264727
	9.5640638	53.3262823
	9.5645986	53.3262086
	9.5653802	53.3260396
	9.5656217	53.3257281
	9.565375	53.3248634
	9.5655087	53.3244519
	9.5670846	53.323851
	9.566753	53.323334
	9.5659509	53.3234691
	9.5653596	53.3231743
	9.5646397	53.322732
	9.564244	53.322334
	9.5644135	53.3220441
	9.5644855	53.3217431
	9.5644186	53.3214943
	9.5647837	53.3211411
	9.5648146	53.3207172
	9.5656488	53.3205735
	9.5661706	53.320118
	9.5669996	53.3199182
	9.5671087	53.319436
	9.5670046	53.3189178
	9.5674868	53.3182762
	9.5676904	53.3179591
	9.5672541	53.3175725
	9.5666687	53.3172424
	9.5663997	53.3172597
	9.5661815	53.3169079
	9.5660361	53.3165386
	9.5656871	53.3164778
	9.5653774	53.316218
	9.5649163	53.3163518
	9.5641309	53.3159913
	9.5639637	53.315861
	9.5633383	53.3156307
	9.5629675	53.3154613
	9.5627348	53.3158175
	9.5620658	53.3156524
	9.5613669	53.3161382
	9.5608286	53.3159358
	9.5574816	53.3155078
	9.5539169	53.3150227
	9.5534675	53.3156822
	9.5534479	53.3161652
	9.5532079	53.3168038
	9.5530334	53.3170514
	9.5525171	53.3183198
	9.5515518	53.3181077
	9.5517972	53.3175596
	9.5519208	53.3170297
	9.551659	53.3168081
	9.5511064	53.3165475
	9.5509319	53.315607
	9.5506428	53.3153572
	9.550312	53.3148789
	9.5502193	53.3145759
	9.5501884	53.3141447
	9.5500141	53.3138421
	9.5505539	53.3133432
	9.5508291	53.3127942
	9.5499744	53.3123269
	9.5484785	53.3121084
	9.5481726	53.3116013
	9.5483812	53.3115433
	9.5492471	53.3116886
	9.5496836	53.3116555
	9.5508292	53.3114196
	9.5513152	53.3115415
	9.5520729	53.3116129
	9.5526156	53.3114352
	9.5526745	53.3113134
	9.5528339	53.3112197
	9.5533233	53.3110879
	9.5535458	53.3109465
	9.5535798	53.3104396
	9.5535335	53.3103167
	9.5509396	53.3095568
	9.5489611	53.3089711
	9.5483756	53.3090024
	9.5477451	53.3092952
	9.5475806	53.3094365
	9.5470669	53.309723
	9.5486906	53.3104113
	9.547542	53.3107744
	9.5454499	53.3115862
	9.5442676	53.3116667
	9.5435046	53.3118498
	9.5423343	53.3123917
	9.5417995	53.3129016
	9.5404416	53.3139839
	9.5390306	53.3081018
	9.5373808	53.3014955
	9.536441	53.3010905
END
END
