6552490
1
	10.1321732	52.1909476
	10.1331652	52.1901765
	10.1344099	52.1893155
	10.1357204	52.1888204
	10.139596	52.1892349
	10.1396723	52.1887799
	10.1445966	52.1893316
	10.1485811	52.1896082
	10.1477818	52.1888407
	10.1522769	52.1892902
	10.1531392	52.1870596
	10.1533433	52.1838353
	10.1545803	52.1814769
	10.1560764	52.1797325
	10.1567224	52.1770337
	10.146686	52.1756596
	10.1470807	52.1743996
	10.1417709	52.1724713
	10.1428799	52.1718435
	10.1413637	52.1711481
	10.142768	52.1704048
	10.1399746	52.1696268
	10.1363753	52.1686366
	10.1376393	52.16704
	10.1379895	52.1638269
	10.1349917	52.1600059
	10.1360293	52.1591039
	10.1362961	52.1568607
	10.1362699	52.1559516
	10.1380151	52.1551009
	10.1378028	52.1554828
	10.1429299	52.1561068
	10.1434533	52.1514163
	10.1484894	52.1522904
	10.150207	52.1493012
	10.1483895	52.1493445
	10.1439625	52.1483685
	10.1438399	52.1468826
	10.1434609	52.14496
	10.1436125	52.1439134
	10.1437388	52.1433474
	10.1440673	52.1421534
	10.1437514	52.1414867
	10.1434735	52.1391296
	10.143903	52.1385636
	10.1441641	52.1379804
	10.1441557	52.1371989
	10.1440799	52.1363693
	10.1441683	52.135462
	10.1437893	52.1340895
	10.143468	52.1335915
	10.1431778	52.132194
	10.1431861	52.1307685
	10.1446511	52.1270833
	10.1447941	52.1249773
	10.1419712	52.119339
	10.1430432	52.1189222
	10.1429573	52.118176
	10.1462217	52.1183243
	10.1489465	52.1190873
	10.1548394	52.1200872
	10.153869	52.1247069
	10.1551576	52.1247069
	10.1560821	52.1241568
	10.1590636	52.1261733
	10.1612112	52.1267162
	10.1631346	52.1269218
	10.1639116	52.1263176
	10.1649507	52.1295393
	10.1664343	52.1316102
	10.1702114	52.1310913
	10.1723338	52.1309284
	10.1734076	52.1306493
	10.174633	52.1300909
	10.175151	52.1299746
	10.1753152	52.1308664
	10.1758135	52.1311838
	10.1785627	52.1311582
	10.1797754	52.130848
	10.1813799	52.1307472
	10.1815315	52.1310807
	10.1843234	52.1307472
	10.1845508	52.1310187
	10.1870649	52.1308403
	10.188025	52.1305301
	10.1889346	52.1307007
	10.1898189	52.1306929
	10.1894273	52.1324843
	10.1888967	52.1333684
	10.188783	52.1339732
	10.1886945	52.1347952
	10.1888963	52.135379
	10.1889673	52.1370114
	10.187394	52.1369191
	10.1873588	52.1399489
	10.1763302	52.1383503
	10.176603	52.1409877
	10.1785867	52.1412996
	10.18044	52.1415845
	10.1809738	52.1416628
	10.181479	52.1417568
	10.1812773	52.1423715
	10.1796503	52.1474447
	10.1796029	52.1482031
	10.1800675	52.1482437
	10.1801624	52.1491778
	10.1845417	52.1496927
	10.1846797	52.1503217
	10.1848976	52.1518475
	10.1849416	52.1524654
	10.1850016	52.1532823
	10.1853135	52.1557635
	10.1854348	52.1561066
	10.186203	52.1575501
	10.1875786	52.1596716
	10.1880004	52.160392
	10.1892278	52.1625973
	10.1892308	52.1628373
	10.1887369	52.1634271
	10.1889495	52.1648768
	10.1902448	52.1650483
	10.1906811	52.1654883
	10.190652	52.1661639
	10.1913641	52.1669555
	10.1932501	52.1674798
	10.1959105	52.1683904
	10.1948723	52.1709772
	10.1995626	52.172052
	10.1985573	52.174621
	10.1984018	52.1751372
	10.2015424	52.176224
	10.2020048	52.1763581
	10.2053705	52.1776181
	10.2038126	52.1790408
	10.2045903	52.1793635
	10.2062449	52.1779346
	10.2076258	52.1784479
	10.2087842	52.1788525
	10.2119953	52.1797165
	10.2124831	52.1792993
	10.2133036	52.1791458
	10.2148579	52.1791567
	10.2156545	52.1791419
	10.2169154	52.1790886
	10.2177291	52.1788446
	10.2165124	52.1808641
	10.2176687	52.181154
	10.21955	52.1783067
	10.219671	52.1781077
	10.2205009	52.1782647
	10.2208698	52.1781157
	10.2218237	52.1777727
	10.2229365	52.1764529
	10.2251131	52.176715
	10.2280382	52.1770025
	10.2312042	52.1772861
	10.2318747	52.1774462
	10.2333033	52.1780364
	10.2339846	52.1702272
	10.2340199	52.1698227
	10.2341399	52.1696817
	10.2347458	52.1697267
	10.2345698	52.1706656
	10.2358647	52.1708716
	10.2358296	52.1713675
	10.2386812	52.1714935
	10.2408309	52.1715885
	10.2407779	52.1726874
	10.2425926	52.1726224
	10.2424006	52.1739653
	10.2435734	52.1740493
	10.2434134	52.17604
	10.2486266	52.176674
	10.2489286	52.1762121
	10.2490806	52.1762391
	10.2493605	52.1758341
	10.2497555	52.1758951
	10.2492585	52.176456
	10.2504574	52.176662
	10.2511913	52.1757391
	10.2520761	52.1749912
	10.252845	52.1747972
	10.2535129	52.1747662
	10.2547837	52.1745143
	10.2554106	52.1742893
	10.2565785	52.1741823
	10.2571244	52.1741903
	10.2569804	52.1747363
	10.2576263	52.1747663
	10.2571483	52.176841
	10.2577073	52.17688
	10.2570983	52.1794887
	10.2580982	52.1794007
	10.2573466	52.1830915
	10.2569176	52.1849033
	10.2562406	52.1863549
	10.2639669	52.1884657
	10.261691	52.1928948
	10.2590609	52.1978783
	10.2574724	52.1971066
	10.2562295	52.1986321
	10.2537884	52.2021668
	10.2530586	52.2020022
	10.2529007	52.2022131
	10.2520238	52.2020032
	10.2518388	52.2020492
	10.2511199	52.2025111
	10.250809	52.2026401
	10.2502651	52.2028271
	10.2501101	52.202987
	10.2501211	52.2044329
	10.2500811	52.2046009
	10.2494791	52.2047418
	10.2494781	52.2050508
	10.2488002	52.2050898
	10.2486243	52.2050898
	10.2485663	52.2051468
	10.2485123	52.2080345
	10.2484802	52.2102392
	10.248762	52.2114221
	10.2488551	52.2131916
	10.2469018	52.2140762
	10.2463771	52.2142268
	10.2392466	52.2146274
	10.2321754	52.2150744
	10.231904	52.2163383
	10.2278836	52.2171556
	10.2211839	52.2184576
	10.217622	52.220048
	10.2167922	52.2205724
	10.2164814	52.2207403
	10.2161276	52.2208923
	10.2149255	52.2212247
	10.2139374	52.222088
	10.213187	52.2222326
	10.2115711	52.2217378
	10.2092436	52.2236929
	10.2109941	52.2257285
	10.204749	52.2275793
	10.2037419	52.229684
	10.2028273	52.2293447
	10.2026497	52.229188
	10.2015509	52.2287509
	10.1990784	52.2294897
	10.1981196	52.2292668
	10.1973707	52.2292398
	10.195892	52.2293428
	10.1941744	52.2293994
	10.193668	52.2295263
	10.1925221	52.2301166
	10.1912008	52.2307203
	10.1907028	52.2311125
	10.1903369	52.2314018
	10.1899976	52.2316153
	10.1899638	52.2318307
	10.1898558	52.2319295
	10.1897928	52.2320175
	10.1893149	52.2321475
	10.1883351	52.2322235
	10.1880431	52.2323264
	10.1876482	52.2325434
	10.1871502	52.2328914
	10.1864827	52.2330911
	10.1855447	52.233313
	10.184835	52.2337847
	10.1846601	52.2339724
	10.1845008	52.2343111
	10.1843895	52.2347486
	10.183963	52.2345857
	10.1830034	52.2345023
	10.1798613	52.2341882
	10.1793374	52.2340989
	10.1785767	52.2339341
	10.1782956	52.2337735
	10.1781741	52.2335727
	10.1776189	52.2334065
	10.1770182	52.2329036
	10.1769471	52.2327943
	10.1769062	52.23261
	10.1769077	52.2323448
	10.1769367	52.2320812
	10.1768372	52.2319333
	10.1765188	52.2318689
	10.1763176	52.231928
	10.1760912	52.232003
	10.1758085	52.2319623
	10.1755753	52.2317201
	10.1754891	52.231657
	10.1752037	52.2315498
	10.1746548	52.2315555
	10.1742702	52.2318454
	10.1738333	52.2318954
	10.1735669	52.2318566
	10.1733257	52.2317252
	10.1726093	52.231379
	10.1721791	52.2311448
	10.1717687	52.2309278
	10.1712537	52.2305587
	10.1708907	52.2304686
	10.1706584	52.2303952
	10.1702654	52.2301325
	10.1694504	52.2297894
	10.1685095	52.2291512
	10.1662234	52.2282674
	10.1644838	52.2276178
	10.163522	52.2272236
	10.1624686	52.2266436
	10.1616223	52.2261594
	10.1602697	52.2254097
	10.1597204	52.2253386
	10.1564059	52.2252268
	10.1562264	52.2261602
	10.1513235	52.2274568
	10.1515341	52.2247838
	10.1495832	52.2250945
	10.1492164	52.2238239
	10.1475315	52.2214515
	10.1470769	52.2215267
	10.1448192	52.218072
	10.1426717	52.218394
	10.143038	52.2171538
	10.1379951	52.2161513
	10.1383193	52.2150162
	10.1409907	52.2122242
	10.1361441	52.2099371
	10.1381482	52.2057576
	10.136246	52.2025583
	10.1352039	52.2007188
	10.1359045	52.2009204
	10.137368	52.1992152
	10.1401547	52.1982086
	10.141795	52.1924005
	10.1321732	52.1909476
END
2
	10.1558154	52.1308801
	10.1564344	52.1324343
	10.1564597	52.1334146
	10.1577609	52.1351051
	10.1584885	52.139886
	10.1601263	52.1464378
	10.1613412	52.1463501
	10.160272	52.1397552
	10.1597003	52.1346836
	10.1588524	52.1329098
	10.1585997	52.1319947
	10.1576522	52.1305523
	10.1558154	52.1308801
END
END
