6552570
1
	9.7259728	52.706234
	9.7260158	52.706105
	9.7261318	52.705941
	9.7262647	52.7057501
	9.7275836	52.7042162
	9.7284694	52.7031864
	9.7295193	52.7020495
	9.7308411	52.7004397
	9.7327528	52.6985669
	9.7331248	52.698101
	9.7332648	52.697972
	9.7336847	52.697846
	9.7340836	52.697689
	9.7348705	52.69738
	9.7351025	52.6971401
	9.7373601	52.6969681
	9.7376151	52.6969261
	9.7377321	52.6968581
	9.7378491	52.6962362
	9.7380121	52.6953013
	9.738313	52.6941414
	9.738476	52.6933675
	9.738476	52.693195
	9.738476	52.6931235
	9.73836	52.6929706
	9.7378251	52.6929286
	9.7347776	52.6928985
	9.73273	52.6875881
	9.73253	52.6869552
	9.732289	52.6861083
	9.732289	52.6858563
	9.732404	52.6855284
	9.732661	52.6850784
	9.732639	52.6848644
	9.7323351	52.6840175
	9.7319401	52.6832546
	9.7333029	52.6827737
	9.7344308	52.6823807
	9.7338229	52.6814348
	9.733102	52.679936
	9.732847	52.6791041
	9.7324981	52.6786811
	9.7317772	52.6781432
	9.7307304	52.6775093
	9.7294626	52.6765634
	9.7291246	52.6764074
	9.7293126	52.6760144
	9.7296136	52.6755485
	9.7300565	52.6751675
	9.7307994	52.6748126
	9.7313573	52.6746146
	9.7321492	52.6744316
	9.733288	52.6743586
	9.7348468	52.6743896
	9.7361256	52.6743016
	9.7373574	52.6741227
	9.7379153	52.6739657
	9.7384972	52.6736947
	9.7389382	52.6734008
	9.7391941	52.6731458
	9.7394261	52.6728328
	9.7397291	52.6721539
	9.7396591	52.670914
	9.7396821	52.6704031
	9.7397281	52.6700941
	9.7398681	52.6697432
	9.740054	52.6694872
	9.74024	52.6693312
	9.740449	52.6692052
	9.740705	52.6691362
	9.7421927	52.6690063
	9.7434945	52.6689383
	9.7442594	52.6689343
	9.7476185	52.6689229
	9.7512747	52.6690838
	9.7566554	52.669749
	9.7597057	52.6698889
	9.7616673	52.6700972
	9.7632877	52.6704181
	9.7646634	52.6705933
	9.7663176	52.6705335
	9.7681701	52.6702761
	9.7695417	52.6702181
	9.7712397	52.6703543
	9.7730017	52.6706863
	9.7745367	52.6707377
	9.7759046	52.670471
	9.7772832	52.6696766
	9.7786619	52.6688823
	9.7803704	52.6684783
	9.7823712	52.6686246
	9.7845191	52.669089
	9.7861976	52.6692619
	9.7875456	52.6690198
	9.7890831	52.6680893
	9.7902181	52.667235
	9.7912403	52.6668355
	9.792753	52.6667763
	9.7949859	52.667473
	9.7971558	52.6680352
	9.7989303	52.6679373
	9.8008742	52.6671757
	9.8034308	52.6657104
	9.8049961	52.6652212
	9.8065283	52.6651249
	9.8084722	52.6654674
	9.8119903	52.6668913
	9.8147894	52.6676329
	9.8188632	52.6685251
	9.8215674	52.6695739
	9.8229191	52.6706075
	9.8232378	52.671452
	9.8229535	52.6724356
	9.8217896	52.6738794
	9.8199664	52.6756958
	9.8194804	52.6766931
	9.8198826	52.6776843
	9.8209913	52.6786705
	9.8225166	52.6792612
	9.8249279	52.679723
	9.827904	52.6801562
	9.8293081	52.6807354
	9.8302952	52.6816856
	9.8314346	52.6842667
	9.8328592	52.6859133
	9.8350611	52.6870144
	9.8367873	52.6875298
	9.8386263	52.6876027
	9.8407233	52.6874406
	9.8418381	52.6876536
	9.8436478	52.6883033
	9.8449481	52.6887112
	9.8462218	52.688788
	9.8484994	52.6885631
	9.8506973	52.6884001
	9.8523354	52.6885233
	9.854287	52.6891841
	9.8562756	52.6896729
	9.8579935	52.6897463
	9.8592805	52.689467
	9.8600116	52.6886519
	9.8601137	52.6876817
	9.8595805	52.6862376
	9.8593949	52.6850119
	9.8598015	52.6841255
	9.8610778	52.6833186
	9.8629073	52.6829126
	9.8651861	52.6827733
	9.8682655	52.6832906
	9.8701287	52.6835715
	9.8713356	52.6833417
	9.8723109	52.6826351
	9.8729496	52.681256
	9.8732512	52.6791678
	9.8731541	52.6773402
	9.8725925	52.6765099
	9.8720012	52.6762197
	9.8711298	52.6760544
	9.870463	52.6760225
	9.8700957	52.6758288
	9.8698664	52.6754624
	9.8693591	52.6753311
	9.8689751	52.6753094
	9.8688496	52.6750895
	9.8690191	52.6744747
	9.8693393	52.6733189
	9.8691442	52.6726454
	9.8674203	52.6712224
	9.8663711	52.6702238
	9.8657029	52.6690998
	9.8656348	52.6677014
	9.8658776	52.6656872
	9.8669272	52.657544
	9.8711233	52.6584949
	9.8725871	52.6590363
	9.8732534	52.6590559
	9.8742348	52.6586805
	9.8803354	52.6539724
	9.8818919	52.6521079
	9.8842617	52.6495624
	9.8850657	52.6484152
	9.8851701	52.6475923
	9.884302	52.6455618
	9.8835269	52.6441442
	9.8847903	52.6448569
	9.8856249	52.645133
	9.8863552	52.6451679
	9.8875801	52.6450679
	9.8896363	52.6450828
	9.8911279	52.6450514
	9.8926788	52.6446766
	9.9039376	52.6407084
	9.9049908	52.6403272
	9.9055873	52.6403126
	9.9060388	52.6405008
	9.9090728	52.6452981
	9.9092381	52.6460734
	9.9089722	52.6468419
	9.9085377	52.6482773
	9.9084163	52.6496195
	9.9092024	52.6611205
	9.9096281	52.6624484
	9.9110618	52.6643939
	9.9134492	52.6675119
	9.9148518	52.6687415
	9.9158256	52.6692987
	9.9170906	52.6695007
	9.9201955	52.6696279
	9.9210066	52.6695409
	9.9215469	52.6692039
	9.9217505	52.6686275
	9.922442	52.6691667
	9.9231261	52.669353
	9.9237208	52.6692374
	9.9237477	52.6697213
	9.9243038	52.6701304
	9.9255601	52.6707055
	9.9265406	52.6715652
	9.928286	52.6724577
	9.929318	52.6722652
	9.9299508	52.6721151
	9.9310342	52.6715091
	9.9315012	52.6707601
	9.9316017	52.6697321
	9.9312654	52.6689094
	9.9306069	52.6680414
	9.9290837	52.6672951
	9.9283438	52.6667429
	9.9280999	52.6659317
	9.9284414	52.6651403
	9.9293398	52.6644918
	9.9302749	52.6641639
	9.9312953	52.6639124
	9.9318686	52.6636979
	9.9324133	52.6634069
	9.9329866	52.6628324
	9.9335069	52.6618856
	9.933946	52.6617721
	9.934491	52.6616396
	9.9353507	52.6615118
	9.9374896	52.6614747
	9.9380378	52.661503
	9.9392553	52.6611294
	9.9395951	52.6607774
	9.9397437	52.6604683
	9.9394606	52.6599788
	9.9390778	52.6597375
	9.9366929	52.6585191
	9.9360659	52.6577242
	9.9358885	52.6571096
	9.936087	52.6565548
	9.9366985	52.6560244
	9.9378867	52.6555183
	9.9410571	52.6545986
	9.9437572	52.6539076
	9.94501	52.6539076
	9.9473247	52.655067
	9.948067	52.6558941
	9.9487474	52.6567244
	9.9490844	52.656948
	9.9494747	52.6571281
	9.9504604	52.6574028
	9.9538363	52.6576223
	9.9576498	52.6580357
	9.9585546	52.6579936
	9.9598924	52.6577618
	9.9614532	52.6572165
	9.9621044	52.6565939
	9.9621787	52.6559262
	9.9616797	52.6550911
	9.9610851	52.6541615
	9.9608338	52.653599
	9.9607913	52.6530236
	9.9610957	52.6519479
	9.9617292	52.6509559
	9.9631928	52.6504612
	9.9655451	52.6499291
	9.9676694	52.6487575
	9.9688964	52.6483808
	9.9702345	52.6481507
	9.9715435	52.6481097
	9.9729923	52.6483903
	9.9743589	52.6492147
	9.9756651	52.6500023
	9.9767487	52.6503685
	9.9775936	52.6505621
	9.9784063	52.6506174
	9.9802463	52.6506711
	9.9812434	52.6505913
	9.9821373	52.6504091
	9.9826601	52.65
	9.9830666	52.6494574
	9.9830829	52.6489937
	9.9829263	52.6477233
	9.9827902	52.6471339
	9.9830991	52.6462015
	9.9865223	52.6438532
	9.989051	52.6430589
	9.9904369	52.6428905
	9.9925746	52.6426586
	9.9935726	52.6434231
	9.9946061	52.644209
	9.9958448	52.644514
	9.9962412	52.6446471
	9.996319	52.644733
	9.9961067	52.6455834
	9.9954043	52.6457832
	9.9947382	52.6460567
	9.9944344	52.6464612
	9.9945555	52.6472004
	9.9954489	52.6482575
	9.9971031	52.6496325
	9.999284	52.650714
	10.0011814	52.6514468
	10.0038573	52.6524802
	10.0052541	52.6532298
	10.0057324	52.6538673
	10.0053669	52.6546107
	10.0044687	52.6553798
	10.0016143	52.6568
	9.9988212	52.657867
	10.0013479	52.6597861
	9.9969182	52.661511
	9.9985957	52.6628639
	10.0006972	52.6640933
	10.0008845	52.6641956
	10.0013408	52.664445
	10.001656	52.6646173
	10.00664	52.6672237
	10.0095202	52.6688548
	10.0086246	52.6692248
	10.0042147	52.6710465
	10.0029565	52.6716036
	10.0027432	52.671698
	10.0007056	52.6726
	9.9990671	52.6733254
	9.9959899	52.6744442
	9.9951193	52.6750508
	9.9949587	52.6756397
	9.9951755	52.6768138
	9.9953937	52.6778091
	9.9955343	52.6778958
	9.9960343	52.6782156
	9.9962167	52.6783322
	9.9964849	52.6782476
	9.997826	52.677815
	10.001962	52.6764815
	10.0025157	52.6763016
	10.0065094	52.6750035
	10.0071486	52.6747958
	10.0111194	52.6735051
	10.0139246	52.6725002
	10.0147406	52.6727339
	10.0163688	52.6729226
	10.0206171	52.6735558
	10.0216855	52.6739873
	10.0223118	52.674731
	10.0314207	52.6707344
	10.0335409	52.6697319
	10.0345623	52.6691693
	10.0356589	52.6689482
	10.037024	52.6690508
	10.0401702	52.6696754
	10.0439356	52.6707262
	10.0441788	52.6712
	10.0429073	52.673203
	10.0387735	52.6803251
	10.0365612	52.6825821
	10.0323483	52.6855882
	10.0313748	52.6866458
	10.0311904	52.6874736
	10.0319873	52.6885958
	10.0331388	52.6903346
	10.0339352	52.6914293
	10.0346658	52.691657
	10.0356825	52.6915242
	10.0382713	52.6907854
	10.039085	52.6906957
	10.0400672	52.6910176
	10.0406283	52.6917424
	10.0402992	52.6921998
	10.0388602	52.6926806
	10.0358681	52.6936156
	10.0315872	52.6956497
	10.0259909	52.6986314
	10.0255832	52.6991487
	10.0257463	52.699669
	10.0268675	52.7009566
	10.0274957	52.7020087
	10.0273759	52.7028346
	10.0261145	52.7039806
	10.0255944	52.7045703
	10.0257341	52.7050838
	10.0270428	52.7059467
	10.0289	52.7069317
	10.030225	52.7074983
	10.030515	52.7079823
	10.0305895	52.7086796
	10.0315193	52.7092215
	10.0324022	52.7097425
	10.0322943	52.710089
	10.0314634	52.7102936
	10.0301655	52.7103895
	10.0296764	52.7108168
	10.0285809	52.7121165
	10.0286985	52.7126725
	10.0309553	52.7143449
	10.0309683	52.7148947
	10.0302384	52.715451
	10.0306138	52.7170905
	10.0309033	52.7170598
	10.0311295	52.716804
	10.0312764	52.717127
	10.0319147	52.7171144
	10.0328545	52.7180721
	10.0324556	52.7183858
	10.0322555	52.7187612
	10.0314832	52.7190006
	10.0314899	52.7192826
	10.0323886	52.7199727
	10.0324454	52.7204094
	10.0310631	52.7201573
	10.0214234	52.716223
	10.0191286	52.7154171
	10.0168045	52.7150763
	10.0073193	52.7146804
	10.0076082	52.7149837
	10.0075026	52.715645
	10.0079852	52.7164849
	10.0085056	52.7176485
	10.0083857	52.719001
	10.0087301	52.7199582
	10.0088655	52.7205869
	10.0085021	52.7214217
	10.0086338	52.7218915
	10.0099489	52.7230116
	10.011773	52.7239256
	10.0131692	52.7246292
	10.0134619	52.7250915
	10.0130679	52.7259082
	10.0128242	52.726441
	10.0132021	52.7270983
	10.013292	52.7275011
	10.0129785	52.727883
	10.0120423	52.7283435
	10.0118983	52.7286505
	10.0120515	52.729173
	10.0120843	52.7292849
	10.0138338	52.7313125
	10.0146172	52.7325106
	10.0145325	52.7332023
	10.0135221	52.7343729
	10.0101969	52.7369637
	10.007027	52.7336333
	10.0051342	52.731937
	10.0048406	52.7314381
	10.0049878	52.7308314
	10.0057167	52.7301097
	10.0059388	52.729692
	10.0059282	52.7292334
	10.0053114	52.7286944
	10.0080725	52.7287382
	10.0092974	52.7285626
	10.0102136	52.7281084
	10.0105623	52.7275061
	10.0104809	52.7266017
	10.0096817	52.7255811
	10.0084708	52.724613
	10.0075815	52.7240518
	10.0061505	52.7253299
	10.0004724	52.7228156
	9.9951765	52.7206954
	9.9935547	52.7202381
	9.9929009	52.7198338
	9.9927503	52.7194131
	9.9932416	52.7188709
	9.9942609	52.7176392
	9.9943797	52.7171062
	9.9942003	52.7167469
	9.9934543	52.71627
	9.9830748	52.7114887
	9.9826861	52.7116693
	9.9820867	52.7114297
	9.9822731	52.7112141
	9.9782644	52.7093637
	9.9731678	52.7168244
	9.9713623	52.7205419
	9.9673053	52.7190129
	9.9650777	52.7178997
	9.9673069	52.7168113
	9.9659661	52.7159508
	9.9652719	52.7158647
	9.9490367	52.7235484
	9.9476304	52.7241984
	9.9465888	52.7250434
	9.9444914	52.7268619
	9.9432359	52.7278579
	9.9419493	52.7288413
	9.9402025	52.73017
	9.9402382	52.7306589
	9.9417669	52.7316597
	9.9462134	52.7345023
	9.9475821	52.7354239
	9.9475711	52.7360738
	9.9411754	52.7396702
	9.9387025	52.7408762
	9.9378799	52.7415126
	9.9377179	52.7424128
	9.9380383	52.7451316
	9.9383604	52.7479238
	9.9382021	52.7485305
	9.9374392	52.7491419
	9.9358692	52.7497108
	9.9347941	52.7498661
	9.9328376	52.749802
	9.9318233	52.749969
	9.9311091	52.7505066
	9.9305452	52.7519482
	9.9302634	52.7524396
	9.9297135	52.7526457
	9.9286237	52.752587
	9.9225088	52.7522495
	9.9171993	52.7523458
	9.9160287	52.7522753
	9.9148641	52.7520091
	9.9142394	52.7520201
	9.9136886	52.7521894
	9.9130668	52.7523349
	9.9122309	52.7523658
	9.9101716	52.7522104
	9.9092596	52.7521477
	9.9082842	52.7522422
	9.9079088	52.752438
	9.9070784	52.7527321
	9.9066374	52.7527476
	9.9057388	52.7526531
	9.9051933	52.752731
	9.9045145	52.7529759
	9.9038009	52.753009
	9.9010455	52.7527811
	9.8990179	52.7524737
	9.8982113	52.7524153
	9.8977275	52.7525388
	9.8970838	52.753014
	9.8966795	52.7533029
	9.8962692	52.753306
	9.8959281	52.7529766
	9.8950157	52.7492491
	9.894744	52.7485965
	9.8939595	52.7481321
	9.8925371	52.7476818
	9.8897316	52.7469354
	9.8811832	52.7441203
	9.8777944	52.7429879
	9.8758237	52.7424584
	9.8729907	52.7414351
	9.8692551	52.7401692
	9.8667926	52.7393336
	9.8658651	52.7390052
	9.8655061	52.7389888
	9.8650745	52.7391903
	9.8642705	52.7398335
	9.8638162	52.7400681
	9.8632647	52.7401052
	9.8611769	52.7395538
	9.860586	52.7395676
	9.8599508	52.7397044
	9.8592349	52.7396907
	9.8583535	52.7395649
	9.8579984	52.7397044
	9.8580027	52.7399215
	9.8583667	52.7402352
	9.8572845	52.740583
	9.8564298	52.7406316
	9.8566962	52.741522
	9.8563993	52.7418546
	9.8559965	52.7419425
	9.8553274	52.7419332
	9.8543048	52.7417517
	9.8511444	52.7408444
	9.8501695	52.7407145
	9.8494861	52.7407713
	9.8476308	52.74137
	9.8470821	52.7415581
	9.84628	52.7415119
	9.8457332	52.7417943
	9.845145	52.7419496
	9.8443128	52.7419555
	9.843593	52.7417435
	9.843366	52.7424769
	9.8432221	52.7426762
	9.8428803	52.7427022
	9.8424425	52.742592
	9.8423461	52.7428335
	9.842062	52.7430291
	9.8417354	52.743102
	9.8415818	52.7431363
	9.8411488	52.7432763
	9.8406305	52.7438277
	9.8398878	52.7444467
	9.8386346	52.7448143
	9.8371502	52.7448909
	9.8358702	52.7446734
	9.8343726	52.7440607
	9.8324395	52.7430451
	9.8312592	52.7462576
	9.8271714	52.7471085
	9.8263038	52.7458659
	9.8248391	52.7465409
	9.8239554	52.7473137
	9.8241751	52.7477193
	9.8229766	52.7479774
	9.8225898	52.7479031
	9.8223128	52.7472816
	9.8217575	52.7473493
	9.8213883	52.7473205
	9.8207368	52.7471039
	9.8187343	52.7462047
	9.8175829	52.7456447
	9.8173233	52.745419
	9.8160396	52.7456573
	9.8159874	52.7442327
	9.8095636	52.7441678
	9.8093103	52.7440749
	9.8089088	52.7440676
	9.8073459	52.7432832
	9.8069649	52.7433472
	9.8067839	52.7435802
	9.806672	52.7437251
	9.8039534	52.744431
	9.8037274	52.744454
	9.8034035	52.74448
	9.8004669	52.7442441
	9.8008948	52.745026
	9.8017397	52.7453809
	9.8013218	52.7456359
	9.7964365	52.744557
	9.7926721	52.7436071
	9.793144	52.7429122
	9.7942009	52.7413524
	9.7942849	52.7411464
	9.7930521	52.7399865
	9.7927561	52.7397965
	9.7900866	52.7393196
	9.7881829	52.7389756
	9.7876649	52.7388846
	9.7852823	52.7384766
	9.7832116	52.7381217
	9.7825257	52.7379997
	9.780929	52.7377247
	9.7788533	52.7373697
	9.7780514	52.7371908
	9.7765317	52.7369238
	9.7709545	52.7358859
	9.7683979	52.7353829
	9.761343	52.734078
	9.7541851	52.7328651
	9.7511886	52.7323342
	9.7512696	52.7321782
	9.7524844	52.7298935
	9.7531913	52.7285046
	9.7538443	52.7272228
	9.756018	52.7230842
	9.7575068	52.7203256
	9.7597405	52.7160041
	9.7602484	52.71608
	9.7607323	52.7160801
	9.7610283	52.7159881
	9.7612173	52.7158631
	9.7612163	52.7157101
	9.7611103	52.7155311
	9.7608323	52.7152751
	9.7603064	52.7151002
	9.7601564	52.7150082
	9.7598815	52.7144362
	9.7596075	52.7142073
	9.7591206	52.7140273
	9.7583817	52.7136883
	9.7574099	52.7132264
	9.756775	52.7129634
	9.756438	52.7128984
	9.7561211	52.7128984
	9.7558271	52.7129524
	9.7554052	52.7129524
	9.7548563	52.7127234
	9.7543484	52.7126084
	9.7539704	52.7126084
	9.7536755	52.7126504
	9.7532955	52.7127534
	9.7526846	52.7127914
	9.7523047	52.7127154
	9.7509519	52.7122084
	9.750468	52.7120825
	9.750086	52.7118535
	9.7497291	52.7118535
	9.7495271	52.7117465
	9.7493911	52.7116745
	9.7490322	52.7115485
	9.7466895	52.7110026
	9.7463526	52.7109036
	9.7459727	52.7109036
	9.7457947	52.7109376
	9.7454257	52.7110066
	9.7451918	52.7110066
	9.7449178	52.7109306
	9.7445909	52.7106896
	9.7443469	52.7105106
	9.744094	52.7104726
	9.7431671	52.7105416
	9.7430541	52.7106896
	9.7429571	52.7108196
	9.7426432	52.7109725
	9.7420723	52.7109495
	9.7418233	52.7108846
	9.7415443	52.7108116
	9.7412294	52.7108236
	9.7409264	52.7110255
	9.7406185	52.7112315
	9.7403245	52.7113345
	9.7398606	52.7113725
	9.7395656	52.7114645
	9.7391037	52.7115295
	9.7385538	52.7115405
	9.7380919	52.7116585
	9.7375019	52.7118494
	9.737357	52.7115905
	9.737289	52.7114685
	9.73712	52.7114685
	9.736972	52.7115445
	9.73696	52.7116554
	9.736931	52.7118494
	9.7367431	52.7119644
	9.7362371	52.7120674
	9.7359212	52.7120934
	9.7354993	52.7120554
	9.7348893	52.7122234
	9.7345094	52.7121474
	9.7341085	52.7123154
	9.7339195	52.7123154
	9.7334336	52.7121244
	9.7331166	52.7121394
	9.7328437	52.7120094
	9.7325267	52.7120904
	9.7322528	52.7119604
	9.7320638	52.7120744
	9.7318298	52.7120634
	9.7313669	52.7117584
	9.730944	52.7116054
	9.730877	52.7115214
	9.730669	52.7112505
	9.7285544	52.7090307
	9.7260778	52.706429
	9.7259728	52.706234
END
END
