6552407
1
	10.6345779	52.1868966
	10.6357944	52.183025
	10.637011	52.1829895
	10.6364896	52.1814266
	10.6359719	52.1789044
	10.6401849	52.1758136
	10.6405685	52.1754869
	10.6434669	52.1732879
	10.6435813	52.1731892
	10.6436363	52.1731233
	10.6436433	52.173087
	10.643631	52.1730626
	10.6435992	52.1730011
	10.6433637	52.1727515
	10.6432263	52.17257
	10.6431438	52.1724637
	10.6430961	52.1723866
	10.6430666	52.172294
	10.6430593	52.1722005
	10.6430613	52.1720216
	10.643069	52.1719518
	10.6430695	52.1718698
	10.6430515	52.1717642
	10.64305	52.1717043
	10.64306	52.1716484
	10.6431001	52.1715307
	10.6431569	52.1713772
	10.6431656	52.1713153
	10.6431603	52.171218
	10.6431417	52.1711473
	10.6431099	52.1710793
	10.6430647	52.1710048
	10.6430079	52.1709247
	10.642934	52.1708259
	10.6428773	52.1707573
	10.6428057	52.1706892
	10.6427394	52.1706321
	10.6426947	52.1705995
	10.6426186	52.1705568
	10.6424637	52.1704981
	10.6420631	52.1703843
	10.6416136	52.1702344
	10.6414894	52.1702092
	10.6413516	52.1701925
	10.6411781	52.1701703
	10.6410115	52.1701329
	10.6408762	52.1700805
	10.6407903	52.1700188
	10.6407194	52.169941
	10.6406726	52.1698752
	10.6406249	52.1697754
	10.6405313	52.1695064
	10.6404898	52.1693292
	10.6404886	52.1691229
	10.640539	52.1679275
	10.6405149	52.1675376
	10.6402744	52.167415
	10.6383254	52.1664137
	10.6425798	52.1654699
	10.6439294	52.1614886
	10.6426801	52.1615585
	10.6424054	52.1615657
	10.6419374	52.1615625
	10.6416927	52.16157
	10.6414482	52.1615941
	10.6412443	52.1616255
	10.640959	52.1616888
	10.6387156	52.1622242
	10.6386383	52.1610636
	10.637683	52.1585563
	10.6368961	52.1563204
	10.6364011	52.1537133
	10.635411	52.1494681
	10.6375542	52.1488033
	10.6393134	52.147942
	10.6485168	52.1443766
	10.6509814	52.1473444
	10.6632979	52.1427357
	10.6646738	52.1429579
	10.6662669	52.1446466
	10.6675704	52.1442022
	10.6659773	52.1422024
	10.669598	52.1411358
	10.6709015	52.1426468
	10.676912	52.1410469
	10.678566	52.1430695
	10.6849531	52.1420046
	10.6851838	52.1424523
	10.6888155	52.1512316
	10.6902853	52.1509453
	10.6901825	52.1507088
	10.690196	52.1506512
	10.6903058	52.1506033
	10.690606	52.1504854
	10.6906923	52.1504449
	10.690761	52.1503937
	10.6911038	52.1500947
	10.6917925	52.1494845
	10.6921156	52.149222
	10.6922975	52.1490844
	10.6925526	52.1489078
	10.6927177	52.1488006
	10.6929284	52.148683
	10.6931816	52.1485584
	10.693449	52.1484394
	10.6939197	52.1482403
	10.6943172	52.1480924
	10.6945161	52.148038
	10.6947366	52.1479891
	10.6954537	52.1478611
	10.6956529	52.1478383
	10.6958407	52.147827
	10.6961555	52.1478301
	10.6968828	52.1478466
	10.6979542	52.1478683
	10.6984431	52.1478598
	10.6988447	52.1478499
	10.6993198	52.147837
	10.6994345	52.1478281
	10.6995576	52.1478107
	10.699704	52.1477821
	10.6999136	52.1477185
	10.7000388	52.1476829
	10.7001475	52.1476632
	10.7002844	52.1476526
	10.7005357	52.147637
	10.7011255	52.1476432
	10.7013797	52.1476519
	10.7015229	52.1476499
	10.7016701	52.1476405
	10.7017405	52.1476235
	10.7018669	52.1475909
	10.7027636	52.1473323
	10.7034354	52.1471577
	10.7037007	52.1470886
	10.7039045	52.1470532
	10.7048644	52.1490459
	10.7045747	52.1504678
	10.7054437	52.1506455
	10.7054437	52.1536224
	10.7063826	52.158547
	10.7072256	52.1585924
	10.7070145	52.1633034
	10.7092211	52.1632131
	10.7091932	52.1676581
	10.7022378	52.1686573
	10.6965847	52.1694957
	10.6969023	52.1674779
	10.6895847	52.1671082
	10.6899522	52.163567
	10.6856073	52.1645621
	10.6854914	52.1708869
	10.6852597	52.1750793
	10.6794665	52.1760741
	10.6796982	52.1794845
	10.6800458	52.1816869
	10.6749477	52.182717
	10.674716	52.1845996
	10.6703711	52.1846351
	10.6668462	52.1843748
	10.6612847	52.1859021
	10.6496982	52.1855469
	10.6454112	52.1859732
	10.641298	52.1862218
	10.6345779	52.1868966
END
END
