6552769
1
	9.6213216	52.6961042
	9.6213609	52.6957237
	9.621803	52.6953682
	9.6226697	52.6949969
	9.6234453	52.6945174
	9.6254247	52.6922248
	9.6266754	52.6905746
	9.6272553	52.6889279
	9.6271037	52.6877061
	9.6264444	52.6869354
	9.6257689	52.6865993
	9.6280179	52.6859897
	9.6294569	52.6850371
	9.629804	52.6840283
	9.6300317	52.6835149
	9.6300798	52.6834993
	9.6300484	52.6834772
	9.6301409	52.6832687
	9.630606	52.6824401
	9.6339073	52.682087
	9.635561	52.6820645
	9.6362558	52.6821966
	9.6362809	52.6823866
	9.638029	52.6814807
	9.6387221	52.6811944
	9.6389881	52.6810408
	9.6388425	52.6808678
	9.6396476	52.680896
	9.6408974	52.6807697
	9.6418936	52.6804274
	9.6429563	52.679737
	9.645172	52.6772147
	9.6464385	52.6758059
	9.6480856	52.6747537
	9.6498288	52.6741573
	9.6526817	52.6736526
	9.6533217	52.67341
	9.6540466	52.6728735
	9.6551315	52.6713026
	9.6557652	52.6706471
	9.6571981	52.6696394
	9.6582981	52.6700393
	9.6562916	52.6723463
	9.6540669	52.6753882
	9.654227	52.6754177
	9.6589927	52.6762252
	9.6594833	52.6764256
	9.6594585	52.676629
	9.6581593	52.6773136
	9.6614915	52.6802585
	9.6608991	52.6825394
	9.6604088	52.6842102
	9.6595747	52.6861792
	9.65963	52.6870764
	9.6600986	52.687658
	9.6614297	52.6863043
	9.6634503	52.6844811
	9.665258	52.6833363
	9.6667559	52.6828876
	9.6677997	52.682814
	9.6689044	52.6830787
	9.6699313	52.6837164
	9.6710356	52.6848616
	9.6718042	52.6859157
	9.672634	52.686419
	9.6737516	52.6866074
	9.6751548	52.6863454
	9.6770533	52.6856741
	9.6787541	52.6848346
	9.6795314	52.6846438
	9.6803675	52.684656
	9.6809999	52.6849995
	9.6819108	52.6862304
	9.6827311	52.6870131
	9.683628	52.6873382
	9.6844232	52.6874013
	9.6853961	52.6872433
	9.6865027	52.6867288
	9.687954	52.6859838
	9.6889383	52.6856648
	9.6896771	52.6856859
	9.6906155	52.6859937
	9.6922303	52.6867802
	9.6933379	52.687214
	9.6943406	52.6871827
	9.6954074	52.6867954
	9.6964418	52.6861289
	9.6977702	52.6846817
	9.6987857	52.6837104
	9.6998761	52.6830689
	9.701153	52.682765
	9.7023371	52.6827495
	9.7035128	52.6830897
	9.704679	52.6836924
	9.7067465	52.6857545
	9.7077735	52.6863665
	9.7086963	52.6865642
	9.7099064	52.6864299
	9.7108609	52.6860093
	9.7115082	52.6855397
	9.711997	52.6847578
	9.7120134	52.6840549
	9.7114206	52.6835843
	9.7101513	52.6826352
	9.7098346	52.6820105
	9.7100363	52.6815605
	9.7105745	52.681244
	9.7114347	52.6810272
	9.7140204	52.6806814
	9.7149774	52.6804216
	9.7155287	52.6800542
	9.715825	52.6794343
	9.7167682	52.6774812
	9.7174529	52.6767573
	9.7182144	52.6764733
	9.7191329	52.6764169
	9.7203217	52.676706
	9.7220483	52.6774999
	9.7240281	52.6784446
	9.7254263	52.6787493
	9.7268587	52.6785966
	9.7282033	52.6781988
	9.7289144	52.6773985
	9.7291246	52.6764074
	9.7294626	52.6765634
	9.7307304	52.6775093
	9.7317772	52.6781432
	9.7324981	52.6786811
	9.732847	52.6791041
	9.733102	52.679936
	9.7338229	52.6814348
	9.7344308	52.6823807
	9.7333029	52.6827737
	9.7319401	52.6832546
	9.7323351	52.6840175
	9.732639	52.6848644
	9.732661	52.6850784
	9.732404	52.6855284
	9.732289	52.6858563
	9.732289	52.6861083
	9.73253	52.6869552
	9.73273	52.6875881
	9.7347776	52.6928985
	9.7378251	52.6929286
	9.73836	52.6929706
	9.738476	52.6931235
	9.738476	52.693195
	9.738476	52.6933675
	9.738313	52.6941414
	9.7380121	52.6953013
	9.7378491	52.6962362
	9.7377321	52.6968581
	9.7376151	52.6969261
	9.7373601	52.6969681
	9.7351025	52.6971401
	9.7348705	52.69738
	9.7340836	52.697689
	9.7336847	52.697846
	9.7332648	52.697972
	9.7331248	52.698101
	9.7327528	52.6985669
	9.7308411	52.7004397
	9.7295193	52.7020495
	9.7284694	52.7031864
	9.7275836	52.7042162
	9.7262647	52.7057501
	9.7261318	52.705941
	9.7260158	52.706105
	9.7259728	52.706234
	9.7260778	52.706429
	9.7285544	52.7090307
	9.730669	52.7112505
	9.730877	52.7115214
	9.730944	52.7116054
	9.7313669	52.7117584
	9.7318298	52.7120634
	9.7320638	52.7120744
	9.7322528	52.7119604
	9.7325267	52.7120904
	9.7328437	52.7120094
	9.7331166	52.7121394
	9.7334336	52.7121244
	9.7339195	52.7123154
	9.7341085	52.7123154
	9.7345094	52.7121474
	9.7348893	52.7122234
	9.7354993	52.7120554
	9.7359212	52.7120934
	9.7362371	52.7120674
	9.7367431	52.7119644
	9.736931	52.7118494
	9.73696	52.7116554
	9.736972	52.7115445
	9.73712	52.7114685
	9.737289	52.7114685
	9.737357	52.7115905
	9.7375019	52.7118494
	9.7380919	52.7116585
	9.7385538	52.7115405
	9.7391037	52.7115295
	9.7395656	52.7114645
	9.7398606	52.7113725
	9.7403245	52.7113345
	9.7406185	52.7112315
	9.7409264	52.7110255
	9.7412294	52.7108236
	9.7415443	52.7108116
	9.7418233	52.7108846
	9.7420723	52.7109495
	9.7426432	52.7109725
	9.7429571	52.7108196
	9.7430541	52.7106896
	9.7431671	52.7105416
	9.744094	52.7104726
	9.7443469	52.7105106
	9.7445909	52.7106896
	9.7449178	52.7109306
	9.7451918	52.7110066
	9.7454257	52.7110066
	9.7457947	52.7109376
	9.7459727	52.7109036
	9.7463526	52.7109036
	9.7466895	52.7110026
	9.7490322	52.7115485
	9.7493911	52.7116745
	9.7495271	52.7117465
	9.7497291	52.7118535
	9.750086	52.7118535
	9.750468	52.7120825
	9.7509519	52.7122084
	9.7523047	52.7127154
	9.7526846	52.7127914
	9.7532955	52.7127534
	9.7536755	52.7126504
	9.7539704	52.7126084
	9.7543484	52.7126084
	9.7548563	52.7127234
	9.7554052	52.7129524
	9.7558271	52.7129524
	9.7561211	52.7128984
	9.756438	52.7128984
	9.756775	52.7129634
	9.7574099	52.7132264
	9.7583817	52.7136883
	9.7591206	52.7140273
	9.7596075	52.7142073
	9.7598815	52.7144362
	9.7601564	52.7150082
	9.7603064	52.7151002
	9.7608323	52.7152751
	9.7611103	52.7155311
	9.7612163	52.7157101
	9.7612173	52.7158631
	9.7610283	52.7159881
	9.7607323	52.7160801
	9.7602484	52.71608
	9.7597405	52.7160041
	9.7575068	52.7203256
	9.756018	52.7230842
	9.7538443	52.7272228
	9.7531913	52.7285046
	9.7524844	52.7298935
	9.7512696	52.7321782
	9.7511886	52.7323342
	9.7262812	52.7272459
	9.7226345	52.7267372
	9.7201555	52.7270285
	9.7180032	52.7280397
	9.7167333	52.7295341
	9.7140487	52.7384324
	9.6973107	52.7341578
	9.6918052	52.7326568
	9.6871576	52.7310201
	9.6816546	52.7284856
	9.6784197	52.7266447
	9.6766625	52.7252044
	9.6753838	52.7235409
	9.6738441	52.7209008
	9.6717055	52.7156697
	9.6708558	52.7142346
	9.669697	52.7130594
	9.6677499	52.7115218
	9.6589203	52.7059341
	9.6597719	52.7057479
	9.6599798	52.7055632
	9.6597649	52.7052862
	9.6588993	52.7049794
	9.6574482	52.704726
	9.6566372	52.7044022
	9.6548989	52.7033157
	9.6531245	52.7022628
	9.652258	52.7018948
	9.6511578	52.7018174
	9.6497332	52.7021034
	9.642812	52.7041888
	9.6414006	52.7047639
	9.6407477	52.7052126
	9.6400903	52.705984
	9.6392455	52.706467
	9.6385693	52.7065819
	9.6378344	52.7064357
	9.6370899	52.7056385
	9.6358231	52.7035644
	9.6349792	52.7028456
	9.6342054	52.7025438
	9.6331787	52.7024881
	9.6324214	52.7026924
	9.6315784	52.7032978
	9.629891	52.705065
	9.6290564	52.7056258
	9.6281174	52.7059368
	9.6274025	52.7059128
	9.6264919	52.7056506
	9.6242704	52.7046719
	9.6214232	52.7034907
	9.623314	52.702546
	9.6249513	52.7013285
	9.6254632	52.7011627
	9.6252109	52.7007158
	9.6232669	52.6992454
	9.6227954	52.6991121
	9.6224112	52.6988288
	9.6217273	52.6979087
	9.62161	52.6975154
	9.6218279	52.6971204
	9.6216192	52.6965917
	9.6213216	52.6961042
END
END
