6553846
1
	7.6437335	50.6255579
	7.6457017	50.6238383
	7.6459352	50.6233906
	7.646978	50.6230306
	7.6472536	50.6236682
	7.6483072	50.6234831
	7.6491285	50.6232569
	7.6496148	50.6236271
	7.6511223	50.6235723
	7.6517429	50.623405
	7.6506522	50.6200722
	7.6497175	50.6201031
	7.6474412	50.6203261
	7.6474103	50.6197465
	7.6475248	50.6194489
	7.6480604	50.6194968
	7.6507169	50.6194384
	7.6505017	50.6188295
	7.6522466	50.6187613
	7.6523178	50.6183515
	7.6570525	50.6188552
	7.6571813	50.6183797
	7.6574954	50.61839
	7.6578512	50.6183736
	7.6577813	50.6182037
	7.6577243	50.6173804
	7.6578548	50.6170672
	7.6584169	50.6170552
	7.658503	50.6159174
	7.6585823	50.6157003
	7.6590092	50.6156524
	7.6590619	50.6154732
	7.6590384	50.6151989
	7.6593599	50.6151937
	7.6592036	50.6146195
	7.6595265	50.614306
	7.6610118	50.6138412
	7.6615587	50.6139828
	7.6641313	50.6137023
	7.6656399	50.6135493
	7.6667934	50.6129919
	7.6684157	50.6125979
	7.6700457	50.612963
	7.6722803	50.6126551
	7.6744128	50.6121731
	7.6755711	50.6136734
	7.675946	50.6142613
	7.6776082	50.6139686
	7.6801154	50.6133804
	7.6802524	50.6134374
	7.6803244	50.6136244
	7.6802354	50.6137424
	7.6800324	50.6138304
	7.6801254	50.6139293
	7.6805384	50.6141313
	7.6808163	50.6143873
	7.6812813	50.6149482
	7.6813732	50.6149932
	7.6817592	50.6150012
	7.6821921	50.6149442
	7.6824651	50.6149822
	7.6826481	50.6150392
	7.68318	50.6154972
	7.6836149	50.6156422
	7.6839109	50.6157261
	7.6844828	50.6158371
	7.6848237	50.6158211
	7.6850277	50.6158481
	7.6851907	50.6160201
	7.6860356	50.6162181
	7.6866945	50.6161381
	7.6872144	50.6160041
	7.6874883	50.6160771
	7.6878146	50.6162319
	7.6882452	50.6163901
	7.6885872	50.6164171
	7.6890001	50.6165731
	7.6893461	50.616844
	7.689626	50.617202
	7.689926	50.617447
	7.6904079	50.6176749
	7.6906819	50.6177329
	7.6909128	50.6179309
	7.6911728	50.6182319
	7.6919107	50.6187818
	7.6921676	50.6191978
	7.6926046	50.6194107
	7.6948382	50.6198157
	7.6961651	50.6201967
	7.696717	50.6204676
	7.6970179	50.6206966
	7.6970439	50.6209566
	7.6972279	50.6210706
	7.6973699	50.6214025
	7.6992401	50.6226013
	7.6994135	50.622706
	7.7002932	50.6226771
	7.7007052	50.622749
	7.7009694	50.623075
	7.6995535	50.6238743
	7.6985417	50.6244462
	7.6982067	50.6248092
	7.6980048	50.6249841
	7.6970989	50.6251481
	7.6954711	50.625782
	7.6937604	50.6267889
	7.6931495	50.6269829
	7.6921356	50.6273949
	7.6920716	50.6276968
	7.6910578	50.6282118
	7.6903369	50.6286347
	7.6899799	50.6290127
	7.689384	50.6300885
	7.689234	50.6304355
	7.689193	50.6307365
	7.689175	50.6322853
	7.689067	50.6325753
	7.6889111	50.6327782
	7.6877892	50.6336661
	7.6862404	50.63499
	7.6849889	50.6365783
	7.6837548	50.6381446
	7.6836598	50.6382936
	7.6829339	50.6394805
	7.682427	50.6404074
	7.6819493	50.6410881
	7.6813641	50.6416518
	7.6788377	50.6440854
	7.6768158	50.6445649
	7.6746691	50.6453318
	7.673026	50.6458431
	7.6728004	50.6460667
	7.6726632	50.646278
	7.6725816	50.6465556
	7.6725391	50.6466157
	7.6724055	50.6467089
	7.6715775	50.64681
	7.6695129	50.6469306
	7.6662443	50.6473576
	7.6656434	50.6473726
	7.6636387	50.6471056
	7.6636357	50.6467736
	7.6633448	50.6466286
	7.6631108	50.6465147
	7.6627678	50.6463427
	7.661969	50.6460837
	7.661466	50.6459687
	7.6608061	50.6459007
	7.6603722	50.6457857
	7.6595723	50.6454008
	7.6591624	50.6452708
	7.6590358	50.6452475
	7.6589226	50.6455364
	7.6574171	50.6452997
	7.6569522	50.639461
	7.6515475	50.6303523
	7.6437335	50.6255579
END
END
