6553968
1
	7.3089195	49.9587544
	7.3113942	49.959003
	7.3121542	49.958855
	7.3103534	49.9554601
	7.3102316	49.9548226
	7.3124423	49.9547306
	7.3141687	49.9546163
	7.315547	49.9545772
	7.3175732	49.9545472
	7.3209378	49.9544175
	7.3229998	49.9543429
	7.3258344	49.9542473
	7.3297375	49.9540474
	7.3304917	49.954032
	7.3317685	49.9549593
	7.3325074	49.9558856
	7.3341752	49.9578315
	7.3341678	49.9582932
	7.3361288	49.9585048
	7.3362451	49.9592829
	7.3360156	49.9599754
	7.3365875	49.9600767
	7.3371784	49.9602874
	7.3378188	49.9603087
	7.3385195	49.9602687
	7.3387685	49.9609145
	7.3377991	49.9606278
	7.337125	49.9616588
	7.3381896	49.9619482
	7.3372219	49.9624258
	7.3358673	49.9636035
	7.3358327	49.9640062
	7.3375038	49.9643926
	7.3371096	49.964979
	7.3377771	49.9654195
	7.3382885	49.9661333
	7.3409119	49.9672389
	7.3402722	49.967995
	7.3437073	49.9694519
	7.3435498	49.9698533
	7.3472025	49.9703424
	7.3490663	49.9713751
	7.3499772	49.9718562
	7.349913	49.9720661
	7.3489854	49.9727255
	7.3481066	49.9733963
	7.3475208	49.9734305
	7.3466242	49.9731222
	7.3459141	49.9733449
	7.3455279	49.9735647
	7.3448045	49.9740813
	7.3440899	49.9744324
	7.3444406	49.9756627
	7.3423412	49.9761365
	7.3418175	49.9762221
	7.3414047	49.9758568
	7.3414003	49.9755485
	7.3410674	49.9754572
	7.3403085	49.9758454
	7.3395895	49.9764191
	7.3382947	49.9773256
	7.3373082	49.9768387
	7.3366557	49.9768644
	7.335879	49.9767359
	7.3354041	49.9765161
	7.3346718	49.9759167
	7.3343034	49.9760223
	7.3339927	49.9763934
	7.3332515	49.9762421
	7.3328831	49.9766474
	7.3318268	49.9760937
	7.3315383	49.974638
	7.3315117	49.9742983
	7.3315206	49.9732707
	7.3312321	49.9716322
	7.3296076	49.9715951
	7.3283338	49.9713439
	7.3269624	49.9719433
	7.3250362	49.9716236
	7.3240153	49.9718976
	7.3223288	49.9718291
	7.3203404	49.9711298
	7.3187604	49.9716265
	7.3183121	49.9704218
	7.3176952	49.9691914
	7.316101	49.9685905
	7.3149849	49.967782
	7.3147032	49.9672244
	7.3135763	49.9635233
	7.3131082	49.9624796
	7.3137254	49.9623369
	7.3140097	49.9621227
	7.3126227	49.9618328
	7.3115409	49.9623904
	7.3114091	49.9620826
	7.3114646	49.9616722
	7.3113536	49.9613019
	7.3105492	49.9601018
	7.3090342	49.9588492
	7.3089195	49.9587544
END
END
