6553763
1
	7.2753683	50.398544
	7.2755263	50.398254
	7.2763662	50.3976361
	7.2769821	50.3972431
	7.2983434	50.387651
	7.3149626	50.3735889
	7.3154451	50.373202
	7.3165109	50.3728012
	7.3193547	50.3718819
	7.3183465	50.3705842
	7.3199993	50.3699576
	7.3195126	50.3695828
	7.3189066	50.3692197
	7.3176303	50.368593
	7.3191454	50.3673983
	7.3189169	50.3672208
	7.3268286	50.3636295
	7.3272447	50.3638747
	7.3293483	50.3628476
	7.3286285	50.3623161
	7.3295375	50.3614049
	7.3299006	50.3608991
	7.3287584	50.3606345
	7.3259714	50.3595321
	7.3260278	50.3594772
	7.3240825	50.3579008
	7.3257294	50.3570017
	7.3232769	50.35571
	7.3252112	50.3543573
	7.3290851	50.3519833
	7.3347968	50.3498907
	7.3383188	50.3485865
	7.3414499	50.3514899
	7.3436556	50.3538599
	7.3496888	50.3536521
	7.3500882	50.354125
	7.3517633	50.3556163
	7.3523477	50.3561134
	7.3530878	50.3566602
	7.3535293	50.3570661
	7.3541656	50.357994
	7.3544902	50.3584331
	7.3549837	50.3589053
	7.355555	50.3593195
	7.3566238	50.3604986
	7.3577405	50.3617743
	7.3580132	50.3622382
	7.3585716	50.3628926
	7.3593328	50.363703
	7.3594889	50.3639724
	7.3604802	50.364832
	7.361481	50.365652
	7.3621171	50.3660738
	7.3630261	50.3665365
	7.3632922	50.3667378
	7.3625056	50.367164
	7.363038	50.3684892
	7.3626002	50.368619
	7.3621778	50.3686248
	7.3613186	50.3688662
	7.3612666	50.3695454
	7.3583971	50.3692869
	7.3577726	50.3714498
	7.3566326	50.3739607
	7.3558027	50.374631
	7.3564766	50.3748296
	7.3589358	50.3760681
	7.3585191	50.3766587
	7.3600671	50.3770498
	7.3600203	50.377135
	7.3617555	50.37749
	7.3615972	50.3777266
	7.3619309	50.3777946
	7.3610717	50.3802908
	7.361279	50.380357
	7.3608643	50.3809277
	7.360144	50.3816236
	7.3609625	50.3820481
	7.3619665	50.3816236
	7.3626977	50.3810878
	7.3629618	50.3816703
	7.3633686	50.3826346
	7.363063	50.3826902
	7.3633249	50.3835044
	7.3615897	50.3837828
	7.3592542	50.3844717
	7.3569733	50.3853137
	7.3574099	50.3861348
	7.353746	50.3880233
	7.3524488	50.3884464
	7.3509864	50.3890378
	7.3502552	50.3895388
	7.3498132	50.3893173
	7.3492401	50.3898115
	7.349082	50.3896861
	7.3484054	50.3895538
	7.3478597	50.3891433
	7.3469866	50.3886145
	7.3463428	50.3893173
	7.3466618	50.3896863
	7.3448734	50.3908315
	7.3425419	50.3918935
	7.3375332	50.3938521
	7.3351358	50.3930656
	7.3336387	50.3922292
	7.3323885	50.3917077
	7.3322959	50.3928688
	7.3322033	50.3934296
	7.3319421	50.3942391
	7.3315284	50.3942206
	7.3312258	50.3941403
	7.3312374	50.3935672
	7.3309287	50.392721
	7.3273017	50.3936361
	7.3271165	50.3933409
	7.3247902	50.3939735
	7.3237633	50.3944767
	7.3233466	50.3953721
	7.3216643	50.3969659
	7.3162077	50.4001908
	7.3145497	50.4015621
	7.3138294	50.4020768
	7.3136985	50.403315
	7.3134584	50.4038019
	7.3121924	50.4047479
	7.3095295	50.4041636
	7.3086565	50.4041497
	7.3070473	50.4054741
	7.3065225	50.405897
	7.3058364	50.4065048
	7.3052329	50.4068626
	7.3046981	50.4071339
	7.3040979	50.4072034
	7.3033557	50.4075025
	7.3024087	50.4076808
	7.3016833	50.4076709
	7.3005002	50.4078427
	7.299785	50.4078185
	7.2988744	50.4078578
	7.2980409	50.4079758
	7.2973001	50.4082513
	7.2963123	50.4082021
	7.295419	50.4082406
	7.2949998	50.4085692
	7.294345	50.4089935
	7.2937884	50.4091743
	7.2935374	50.4095151
	7.2931227	50.4098907
	7.2927298	50.4104262
	7.2924681	50.4105102
	7.2919494	50.4106101
	7.2914064	50.4110434
	7.2917857	50.4121349
	7.290688	50.4122097
	7.2898258	50.412015
	7.2891819	50.4119663
	7.2882106	50.412015
	7.2877523	50.4121332
	7.2870538	50.4120984
	7.2861807	50.4121958
	7.2856519	50.4121502
	7.2858313	50.4118416
	7.2860116	50.4108372
	7.2856298	50.4099975
	7.2847423	50.4093742
	7.2840568	50.4088363
	7.2833873	50.4083354
	7.2823954	50.4079635
	7.2820256	50.4079459
	7.2814646	50.4079108
	7.2802435	50.4079506
	7.2794111	50.4079873
	7.2787108	50.4079929
	7.2781244	50.4079653
	7.2781298	50.4076591
	7.2781979	50.407367
	7.2784099	50.4066881
	7.2785479	50.4065321
	7.2789108	50.4064021
	7.2791638	50.4061731
	7.2796836	50.4059534
	7.2795787	50.4055822
	7.2798499	50.4054264
	7.2803648	50.4053177
	7.2798582	50.4050013
	7.2793188	50.4045403
	7.2785099	50.4040184
	7.2782849	50.4038424
	7.2781289	50.4036674
	7.2781079	50.4034954
	7.2782009	50.4033354
	7.2785649	50.4031785
	7.2790658	50.4030075
	7.2792258	50.4029085
	7.2792968	50.4025185
	7.2794607	50.4021866
	7.2796447	50.4019426
	7.2796937	50.4016686
	7.2790578	50.4016946
	7.277471	50.4018436
	7.277546	50.4012367
	7.277892	50.4007337
	7.277871	50.4005888
	7.277627	50.4001848
	7.2766272	50.4004518
	7.2765152	50.4003638
	7.2763812	50.4001458
	7.2763162	50.3999588
	7.2763412	50.3997418
	7.2765542	50.3992959
	7.2760752	50.3992079
	7.2757863	50.3991089
	7.2756283	50.3989869
	7.2755023	50.398716
	7.2753683	50.398544
END
END
