6553709
1
	7.2738048	50.2308514
	7.2859736	50.2270556
	7.2888342	50.2214305
	7.2971677	50.2104831
	7.2975066	50.2105211
	7.2980476	50.2105131
	7.2987205	50.2104071
	7.2990794	50.2103002
	7.2995713	50.2101932
	7.3004922	50.2100672
	7.3013261	50.2100442
	7.301708	50.2100102
	7.3025779	50.2096972
	7.3030668	50.2094303
	7.3037857	50.2085414
	7.3039347	50.2082514
	7.3042257	50.2081754
	7.3044217	50.2079274
	7.3047106	50.2077824
	7.3049786	50.2076905
	7.3054525	50.2076565
	7.3060564	50.2075495
	7.3065933	50.2073555
	7.3069073	50.2071185
	7.307719	50.2067572
	7.3080654	50.2066042
	7.3086821	50.2068302
	7.3091803	50.2070127
	7.3097234	50.2072262
	7.310726	50.2076198
	7.3111765	50.2078612
	7.3116486	50.2080627
	7.3128758	50.2093014
	7.3136943	50.2099562
	7.3141552	50.2104751
	7.3158954	50.2116162
	7.3180302	50.2130844
	7.3178005	50.2132175
	7.3183156	50.2141797
	7.3189705	50.2142287
	7.3189995	50.2144617
	7.3189425	50.2148357
	7.3188005	50.2150336
	7.3185726	50.2153466
	7.3186686	50.2155066
	7.3188055	50.2156326
	7.3187875	50.2157776
	7.3185856	50.2158236
	7.3179997	50.2158006
	7.3175957	50.2158615
	7.3169468	50.2160445
	7.3165909	50.2161785
	7.3163259	50.2163695
	7.3159709	50.2165595
	7.315685	50.2168264
	7.315555	50.2170134
	7.315471	50.2172614
	7.315484	50.2177083
	7.3150661	50.2180893
	7.31479	50.2181877
	7.3144153	50.2185162
	7.3140036	50.2187351
	7.3139915	50.2190496
	7.314558	50.2201064
	7.3147134	50.2203007
	7.3142128	50.2206446
	7.3114346	50.2193172
	7.3103137	50.2195557
	7.3099137	50.2199443
	7.3084459	50.2201839
	7.3070396	50.2202681
	7.3060089	50.2205928
	7.3061014	50.2212576
	7.3059926	50.2218908
	7.305306	50.2222629
	7.3050325	50.2226178
	7.3049185	50.2228278
	7.3047486	50.2232047
	7.3046466	50.2236097
	7.3044916	50.2237127
	7.3042246	50.2238196
	7.3040927	50.2239486
	7.3038296	50.2245541
	7.3037522	50.2250181
	7.3036497	50.2252407
	7.3035397	50.2253436
	7.3033388	50.2254316
	7.3029578	50.2254926
	7.3015044	50.2256559
	7.301154	50.2257602
	7.3007671	50.2259364
	7.3003243	50.2260838
	7.2998328	50.2265203
	7.300857	50.2272148
	7.3008311	50.2274242
	7.300639	50.2277265
	7.3004969	50.2279447
	7.3005986	50.22815
	7.3011864	50.2285781
	7.3016742	50.2288287
	7.3019525	50.2291196
	7.3023532	50.2292436
	7.3027445	50.2294214
	7.303186	50.2297806
	7.3034372	50.2300473
	7.3036307	50.2303039
	7.3035709	50.2305433
	7.3033387	50.2306157
	7.3030659	50.2306079
	7.3026068	50.2306608
	7.3023038	50.2306079
	7.3017428	50.2304126
	7.301358	50.2303619
	7.3003222	50.2302429
	7.3000291	50.2302223
	7.2994059	50.2301913
	7.2986975	50.230183
	7.298272	50.2301972
	7.2980895	50.2303429
	7.2977872	50.2305021
	7.2968335	50.2315266
	7.2970487	50.2317382
	7.2974346	50.2319937
	7.2977363	50.2322325
	7.2971128	50.2322612
	7.296146	50.2324322
	7.2956019	50.2324937
	7.2954909	50.2325816
	7.2954367	50.2331373
	7.2953051	50.2333836
	7.2951497	50.2337257
	7.2955405	50.2341013
	7.2971276	50.2347864
	7.2972656	50.2348854
	7.2973406	50.2351454
	7.2972536	50.2352443
	7.2963377	50.2355453
	7.2958678	50.2356223
	7.2956219	50.2356983
	7.2953139	50.2359923
	7.2949579	50.2361372
	7.294643	50.2361862
	7.2936501	50.2361252
	7.2928143	50.2360343
	7.2921784	50.2359123
	7.2918934	50.2359043
	7.2914625	50.2358893
	7.2911255	50.2359803
	7.2908799	50.2360322
	7.2889892	50.2365357
	7.2789975	50.237957
	7.2738048	50.2308514
END
END
