6553683
1
	7.3063871	50.0781103
	7.3078086	50.0778913
	7.3091434	50.0763206
	7.3117903	50.074364
	7.3131236	50.072992
	7.3113409	50.0699399
	7.3104427	50.0691315
	7.3113501	50.0683858
	7.3146335	50.0659044
	7.3182518	50.0682089
	7.3189042	50.0707289
	7.3193452	50.0718483
	7.3197861	50.0723452
	7.320094	50.0735921
	7.3200434	50.07386
	7.3200781	50.0740601
	7.3202652	50.0742691
	7.3206947	50.0746026
	7.3209373	50.074656
	7.3214247	50.0750295
	7.3217295	50.0750562
	7.3223254	50.0755587
	7.3226164	50.075652
	7.3225818	50.0758521
	7.3227411	50.0759544
	7.3228381	50.0761456
	7.3230391	50.0762034
	7.3230252	50.0763991
	7.3235313	50.0768793
	7.3294062	50.0805614
	7.3294926	50.0813044
	7.3292655	50.0820404
	7.3294502	50.0829446
	7.3295608	50.0831265
	7.3298591	50.083339
	7.3300185	50.0835969
	7.3304031	50.0837792
	7.3305891	50.0840364
	7.3323504	50.0852228
	7.3328778	50.0863351
	7.3331515	50.0867863
	7.3334184	50.0871687
	7.3336088	50.0873331
	7.3340454	50.087631
	7.3339033	50.0877288
	7.3344009	50.0879924
	7.3344395	50.0880922
	7.3348896	50.0883364
	7.3352154	50.0884432
	7.3353403	50.0885265
	7.3355069	50.0887026
	7.3358205	50.0889226
	7.3359601	50.0890751
	7.3363475	50.0892823
	7.3365724	50.0896118
	7.33681	50.0897784
	7.3374148	50.0903435
	7.3377276	50.0907756
	7.3383197	50.0911749
	7.3385416	50.0913054
	7.3389609	50.0914629
	7.3386935	50.0917317
	7.3385801	50.0920538
	7.3385439	50.0921567
	7.3383957	50.0925778
	7.337237	50.0929495
	7.3365718	50.092922
	7.3362392	50.0932028
	7.336443	50.093624
	7.3372584	50.0938168
	7.3374198	50.0938524
	7.3377583	50.093927
	7.3378083	50.0940198
	7.337819	50.0943536
	7.3376244	50.0947199
	7.3370215	50.0947632
	7.336443	50.0947391
	7.3358315	50.0947033
	7.3351547	50.0946219
	7.3351341	50.0944087
	7.3353776	50.094193
	7.3355847	50.0940095
	7.3354989	50.0937066
	7.3349195	50.0935965
	7.333911	50.0936653
	7.332645	50.0936791
	7.3317331	50.0939186
	7.3312074	50.0944913
	7.3310549	50.0946848
	7.3307895	50.0948621
	7.3297146	50.0953489
	7.3296382	50.0954122
	7.3291245	50.0954287
	7.328631	50.0953383
	7.3280051	50.0951309
	7.3278697	50.095111
	7.327272	50.0950233
	7.326315	50.0950557
	7.3258644	50.0950419
	7.3253718	50.0949247
	7.3249484	50.0946214
	7.3245153	50.0942946
	7.3242069	50.0940089
	7.3236601	50.0937453
	7.3232134	50.0935766
	7.3225852	50.093518
	7.3217744	50.0937378
	7.3212604	50.0940675
	7.3209958	50.0945646
	7.3209864	50.0949906
	7.3211006	50.0955694
	7.3211919	50.0962068
	7.3209542	50.0966714
	7.3197941	50.0960894
	7.3187271	50.0954049
	7.3175306	50.0946706
	7.3171892	50.0943626
	7.3168424	50.0933749
	7.3168286	50.0926103
	7.3170642	50.0918635
	7.317272	50.0917302
	7.3172859	50.0914901
	7.3174938	50.0911167
	7.3177611	50.0909491
	7.3178418	50.0899376
	7.3175507	50.088933
	7.3163163	50.0880004
	7.3151351	50.0873516
	7.3148302	50.0868893
	7.3146778	50.0863024
	7.3148995	50.08576
	7.3147125	50.0847516
	7.3143618	50.0844679
	7.3138915	50.0840152
	7.3126568	50.0831349
	7.312402	50.0830532
	7.3116014	50.0825234
	7.3104999	50.0820788
	7.3103921	50.0818084
	7.309694	50.0814839
	7.3094686	50.0814462
	7.3093511	50.0812198
	7.3088219	50.0810877
	7.3085573	50.0808425
	7.3073826	50.0802358
	7.3063871	50.0781103
END
END
