6553694
1
	7.2099634	50.2422609
	7.2111729	50.2422716
	7.2126992	50.2423567
	7.2139884	50.2427342
	7.2151303	50.2436922
	7.2167052	50.2443636
	7.215796	50.2412923
	7.2156276	50.2407235
	7.2128988	50.2384081
	7.2170143	50.2352669
	7.2167848	50.2345418
	7.216721	50.2345014
	7.217131	50.234322
	7.2172337	50.2344838
	7.2179186	50.2354072
	7.2195622	50.2359654
	7.2200568	50.2357142
	7.2217565	50.235245
	7.2245327	50.2352117
	7.2340076	50.2372705
	7.2365934	50.2396486
	7.2470762	50.2492881
	7.2436764	50.2536462
	7.2431494	50.2533223
	7.2426115	50.2540552
	7.2424315	50.2542951
	7.2424185	50.2546421
	7.2427275	50.255233
	7.2428095	50.255737
	7.2425155	50.2565499
	7.2425705	50.2568509
	7.2428755	50.2573388
	7.2431084	50.2575678
	7.2435924	50.2579687
	7.2440473	50.2582627
	7.2445522	50.2585137
	7.2449872	50.2587007
	7.246123	50.2590476
	7.246178	50.2593956
	7.24616	50.2597385
	7.246106	50.2600555
	7.246075	50.2607224
	7.2459969	50.2610299
	7.2446222	50.2611724
	7.2443102	50.2611804
	7.2431804	50.2610014
	7.2428115	50.2609024
	7.2425595	50.2607604
	7.2418506	50.2602385
	7.2415117	50.2602005
	7.2407658	50.2602195
	7.2403519	50.2599384
	7.2402828	50.2598915
	7.2399419	50.2597655
	7.2385798	50.2596824
	7.2384331	50.2596735
	7.2382011	50.2595556
	7.2375752	50.2597495
	7.2371503	50.2599145
	7.2367583	50.2602805
	7.2364254	50.2604025
	7.2361964	50.2604594
	7.2349146	50.2605734
	7.2340007	50.2607764
	7.2336634	50.2608713
	7.2335278	50.2609094
	7.2329939	50.2610014
	7.232343	50.2612834
	7.232561	50.2614173
	7.2327109	50.2615123
	7.232049	50.2620543
	7.2313691	50.2627102
	7.2308462	50.2633661
	7.2305362	50.2636141
	7.2303583	50.2636751
	7.2300433	50.2636791
	7.2295664	50.2635991
	7.2291784	50.2634161
	7.2291634	50.2632861
	7.2291494	50.2631681
	7.2287855	50.2630421
	7.2284206	50.2628742
	7.2278836	50.2621872
	7.2277217	50.2619133
	7.2276447	50.2616993
	7.2273697	50.2615013
	7.2264078	50.2609324
	7.225589	50.2605014
	7.2250181	50.2602305
	7.2246311	50.2601005
	7.2241982	50.2600625
	7.2235223	50.2600855
	7.2228254	50.2601815
	7.2222025	50.2603034
	7.2218405	50.2603944
	7.2216615	50.2604674
	7.2214836	50.2605284
	7.2208787	50.2606774
	7.2203387	50.2607154
	7.2197518	50.2606774
	7.2194799	50.2605934
	7.2191859	50.2605394
	7.21849	50.2604904
	7.218327	50.2604484
	7.2174782	50.2598945
	7.2172272	50.2597695
	7.2164743	50.2594605
	7.2156964	50.2590066
	7.2151185	50.2584916
	7.2148665	50.2582047
	7.2145646	50.2580217
	7.2142466	50.2579267
	7.2137747	50.2578347
	7.2128498	50.2577857
	7.2124669	50.2577897
	7.2104698	50.2521961
	7.2099634	50.2422609
END
END
