6553624
1
	7.3041203	49.8141727
	7.3048069	49.8128696
	7.3141496	49.8118572
	7.3100281	49.8105561
	7.3077566	49.8093346
	7.3063831	49.8078718
	7.3073307	49.8066573
	7.3084167	49.8057307
	7.3150758	49.8077873
	7.3178872	49.8062712
	7.3202655	49.8076448
	7.3213224	49.8083777
	7.3216694	49.808958
	7.3231206	49.8088358
	7.3252565	49.8070455
	7.327748	49.8059598
	7.3303022	49.8051119
	7.3335517	49.8045826
	7.3351209	49.8042388
	7.3351455	49.8040139
	7.3390972	49.8048909
	7.3404203	49.8052557
	7.3416077	49.8052947
	7.3420488	49.8058604
	7.3430749	49.8062635
	7.3445519	49.8061515
	7.3505367	49.8089126
	7.3505512	49.8091536
	7.3532655	49.8102855
	7.3480216	49.8131044
	7.3413606	49.8173514
	7.3377051	49.8200737
	7.3369823	49.8210459
	7.3361302	49.8228564
	7.3319002	49.8225385
	7.3280205	49.8221476
	7.3285503	49.8216615
	7.3287786	49.82089
	7.3283764	49.8207146
	7.3275827	49.8211986
	7.3271587	49.821395
	7.3244354	49.8215002
	7.3220816	49.8201464
	7.3225709	49.8200342
	7.3195162	49.8182085
	7.3180685	49.8180763
	7.315424	49.8171141
	7.314071	49.8167371
	7.3107313	49.8166025
	7.3068979	49.8147149
	7.3041203	49.8141727
END
END
