6553387
1
	7.6132341	50.6715714
	7.6136987	50.671348
	7.6143247	50.671097
	7.6157455	50.6706915
	7.6165872	50.6707638
	7.6187328	50.6702187
	7.61949	50.6701824
	7.6203062	50.6700266
	7.6203413	50.6697819
	7.6208415	50.6695684
	7.6207626	50.6693536
	7.6214384	50.6690977
	7.6220147	50.6679378
	7.6226144	50.6666556
	7.6233429	50.6661049
	7.6235535	50.6655709
	7.6233221	50.66529
	7.6236573	50.6650147
	7.623589	50.6647039
	7.6232275	50.6645505
	7.6226442	50.6641498
	7.6232597	50.6639685
	7.6232767	50.6630459
	7.6213756	50.6622084
	7.6198792	50.6612097
	7.6184986	50.6613054
	7.617816	50.6621276
	7.6171333	50.6609317
	7.6156131	50.6596316
	7.6186813	50.6585984
	7.6215285	50.657678
	7.6248501	50.6567972
	7.6263435	50.655123
	7.6264614	50.6543754
	7.6268958	50.654399
	7.6267779	50.6541354
	7.6267096	50.6531872
	7.627319	50.6528929
	7.6278189	50.6529809
	7.6280949	50.6529919
	7.6287978	50.6529769
	7.6293007	50.6530869
	7.6298716	50.6532318
	7.6303256	50.6533008
	7.6307355	50.6533158
	7.6312824	50.6532708
	7.6321673	50.6532398
	7.6328031	50.6532041
	7.6330194	50.6533381
	7.6331584	50.6534264
	7.6335895	50.6537212
	7.6341054	50.6537838
	7.634338	50.6539897
	7.6345809	50.6540849
	7.6361761	50.6543931
	7.6381379	50.6550691
	7.6380162	50.655269
	7.6392535	50.6557638
	7.6401883	50.6561875
	7.6396412	50.6569537
	7.6391143	50.6571552
	7.638082	50.6582193
	7.6376683	50.6583542
	7.6382854	50.6587618
	7.6385657	50.6588412
	7.6387408	50.6586711
	7.6394708	50.6588748
	7.6393179	50.6594331
	7.6395997	50.6595103
	7.6395142	50.659707
	7.6401612	50.6599556
	7.6402131	50.6603236
	7.641057	50.6607686
	7.6419593	50.6611774
	7.6427013	50.6615468
	7.6446645	50.6620884
	7.6478743	50.6632952
	7.6500769	50.6645498
	7.6496252	50.6650918
	7.6493438	50.6654295
	7.6491695	50.6655307
	7.6481813	50.6661044
	7.6480887	50.6661582
	7.6474511	50.6664154
	7.6468337	50.6666645
	7.6458419	50.667154
	7.6445254	50.6679384
	7.6442291	50.6682132
	7.6435839	50.6686909
	7.6452205	50.6694285
	7.6453658	50.6695396
	7.6455511	50.6697753
	7.6448326	50.671109
	7.6440866	50.6717542
	7.6432546	50.6734591
	7.6424333	50.6732144
	7.6409953	50.6729227
	7.6402444	50.6730053
	7.6400893	50.6735008
	7.6380227	50.6730446
	7.6373786	50.6730104
	7.6365631	50.6731069
	7.6355867	50.6732802
	7.6346266	50.6733958
	7.6339996	50.6733164
	7.6334291	50.6730828
	7.6328455	50.6728714
	7.6322486	50.672788
	7.6314456	50.672927
	7.6306601	50.6732274
	7.6304451	50.6728464
	7.6306864	50.6727824
	7.6304845	50.6723235
	7.629953	50.6717188
	7.6292102	50.6718284
	7.6291245	50.6716835
	7.6288883	50.6717341
	7.6271007	50.6722494
	7.6255017	50.6720991
	7.6235718	50.6730021
	7.6223427	50.6721485
	7.6217903	50.6725103
	7.6209339	50.6732458
	7.6201271	50.6736942
	7.6196368	50.6738947
	7.6187184	50.6731632
	7.6177564	50.6726991
	7.6177812	50.6725733
	7.6165214	50.6721682
	7.6161118	50.6724789
	7.6151747	50.6723373
	7.6144052	50.6719322
	7.6141097	50.6719118
	7.6138715	50.671704
	7.6132341	50.6715714
END
END
