6553833
1
	7.4713661	50.5579864
	7.4718449	50.5581377
	7.4729902	50.5582309
	7.4733515	50.5585968
	7.4785983	50.5582813
	7.4834064	50.5554359
	7.4901774	50.5564028
	7.4924502	50.5567273
	7.4948552	50.5580121
	7.4989265	50.5605009
	7.5024433	50.5611137
	7.5041306	50.56246
	7.5075944	50.5636126
	7.5098902	50.5645129
	7.5097802	50.5653145
	7.5086192	50.5660076
	7.5081049	50.5666047
	7.5055511	50.5679789
	7.5041851	50.5695683
	7.5053201	50.5705198
	7.5049796	50.5719904
	7.5046958	50.5724878
	7.5039354	50.5731117
	7.5010858	50.5717618
	7.5002049	50.5713729
	7.4991181	50.5708919
	7.4987772	50.5708459
	7.4981183	50.5708619
	7.4958676	50.5711129
	7.4951387	50.5712579
	7.4946838	50.5714868
	7.492779	50.5726467
	7.4920151	50.5731126
	7.4916502	50.5733866
	7.4904814	50.5748324
	7.4902054	50.5754084
	7.490074	50.5756983
	7.4899584	50.5759153
	7.4898544	50.5760263
	7.4896325	50.5761603
	7.4893805	50.5764353
	7.4890126	50.5770982
	7.4889346	50.5773842
	7.4885845	50.5781642
	7.4888423	50.5787154
	7.4880907	50.579052
	7.4871328	50.5795029
	7.4869186	50.5796041
	7.4866419	50.579709
	7.4863359	50.5799709
	7.485983	50.5801198
	7.485857	50.5801728
	7.4854021	50.5802458
	7.4849601	50.5802528
	7.4847892	50.5802568
	7.4826955	50.5807418
	7.4815356	50.5809288
	7.4802568	50.5816727
	7.4795729	50.5818896
	7.478856	50.5818826
	7.4777732	50.5815767
	7.4768333	50.5811497
	7.4762404	50.5811687
	7.4743767	50.5812067
	7.4737221	50.5788224
	7.4737187	50.5784651
	7.4741814	50.5780603
	7.474423	50.5777344
	7.4747526	50.5772074
	7.4758162	50.5771698
	7.4759901	50.5767435
	7.476169	50.576258
	7.4763185	50.5762316
	7.4759234	50.5753048
	7.4768188	50.5750352
	7.4782674	50.5748372
	7.4790673	50.5746311
	7.4796685	50.5743403
	7.4801682	50.5743845
	7.4802597	50.5737284
	7.4797971	50.5735483
	7.478669	50.5733143
	7.4776215	50.5728749
	7.4771721	50.5724385
	7.4782338	50.5722559
	7.4778783	50.5714615
	7.477554	50.5702681
	7.4772446	50.5690288
	7.476835	50.5677326
	7.4766744	50.5673339
	7.4761045	50.5663269
	7.4764971	50.5659211
	7.4763325	50.5655595
	7.4748504	50.5649326
	7.4734972	50.5640942
	7.4729048	50.5627408
	7.4727386	50.5615616
	7.473072	50.5608041
	7.4729881	50.5606103
	7.472916	50.5604438
	7.4727928	50.5601591
	7.4723358	50.5595749
	7.4722963	50.5589764
	7.4716162	50.5585496
	7.4713661	50.5579864
END
END
