6553788
1
	7.0490554	50.1400173
	7.0522333	50.1302262
	7.0526563	50.1299553
	7.0686398	50.131368
	7.0696056	50.1311257
	7.0695468	50.1307446
	7.0693318	50.1303656
	7.0693318	50.1296593
	7.0697618	50.1288324
	7.0694662	50.1274026
	7.0698424	50.126455
	7.0709979	50.1254213
	7.0723953	50.1248356
	7.0766143	50.1248011
	7.0789253	50.1249734
	7.0791403	50.1253869
	7.0811289	50.1258176
	7.0823113	50.1251974
	7.0839237	50.1249562
	7.0898088	50.1264206
	7.0942965	50.1263
	7.0976019	50.126679
	7.1019054	50.1268117
	7.1037756	50.1289995
	7.105255	50.1298999
	7.1051315	50.1324625
	7.0991092	50.138215
	7.0974835	50.1415078
	7.091545	50.1447728
	7.0906348	50.1440096
	7.0906116	50.1436553
	7.089823	50.1442832
	7.0880433	50.144642
	7.0878893	50.1445433
	7.0881902	50.1443774
	7.0880849	50.1440451
	7.0880751	50.1434172
	7.087788	50.143468
	7.0873097	50.1439846
	7.086302	50.1451686
	7.0849248	50.1455776
	7.0842144	50.1461484
	7.0835766	50.1464778
	7.0794003	50.1469615
	7.0798417	50.1471178
	7.0808224	50.1474122
	7.0807523	50.1476007
	7.0785089	50.1473212
	7.0776249	50.1471694
	7.0769265	50.1469038
	7.0761545	50.1467199
	7.0745596	50.1464961
	7.0737397	50.1471512
	7.073087	50.1476206
	7.0724513	50.1476702
	7.0719466	50.1479555
	7.0707886	50.1483297
	7.0697004	50.148397
	7.0684126	50.148448
	7.067657	50.1486615
	7.0670596	50.1490217
	7.0664997	50.149533
	7.065731	50.1504186
	7.058599	50.1477221
	7.051276	50.1422121
	7.0504429	50.1411271
	7.0494708	50.1403339
	7.0490554	50.1400173
END
END
