6553816
1
	7.5120962	50.489846
	7.5122844	50.489123
	7.5132918	50.4891555
	7.5146522	50.4894481
	7.5150931	50.4891034
	7.5151057	50.4888991
	7.5143121	50.4881778
	7.513768	50.4874797
	7.5132988	50.4865178
	7.5128217	50.485734
	7.5138942	50.4855824
	7.5138684	50.485309
	7.5138653	50.4851488
	7.5138751	50.4851067
	7.5139038	50.4849446
	7.5139019	50.4848714
	7.514031	50.484644
	7.5141277	50.4843994
	7.5141898	50.4842424
	7.514623	50.4842948
	7.5164521	50.484209
	7.5196956	50.4838573
	7.5207768	50.4838879
	7.5225548	50.4842854
	7.5230353	50.4846523
	7.5232275	50.4852179
	7.5243567	50.4864103
	7.5284652	50.4872053
	7.5297386	50.4876639
	7.5304834	50.487404
	7.5309929	50.487073
	7.5319507	50.4871524
	7.5330334	50.4878943
	7.5359482	50.4876558
	7.538405	50.4871789
	7.5392703	50.4862718
	7.5398398	50.4853498
	7.5415002	50.4846824
	7.5433119	50.4844652
	7.5522955	50.4934412
	7.5522063	50.4942881
	7.5532227	50.4945897
	7.5543854	50.4946937
	7.5541883	50.4950929
	7.5565898	50.4947588
	7.5557172	50.4953469
	7.5577261	50.496641
	7.5580007	50.4968531
	7.5581657	50.496947
	7.5582627	50.497
	7.5621253	50.4985791
	7.5619601	50.5002699
	7.5617896	50.5008365
	7.5621307	50.5009872
	7.5622613	50.5012888
	7.5704737	50.5032768
	7.5711512	50.5041121
	7.5704561	50.5047268
	7.5697804	50.505368
	7.5687444	50.5062478
	7.5684387	50.5063874
	7.5685189	50.5066732
	7.5685749	50.5070938
	7.5696656	50.5081779
	7.5708735	50.5094711
	7.5708467	50.5095951
	7.5712519	50.5096656
	7.5720278	50.5099256
	7.573092	50.5102071
	7.5705522	50.511701
	7.5716361	50.5127143
	7.5719844	50.5129689
	7.5720678	50.5134527
	7.5716083	50.5143208
	7.5708613	50.5149167
	7.5670291	50.5154193
	7.5664294	50.5131658
	7.5601637	50.5135299
	7.5469538	50.5226037
	7.5383587	50.5211327
	7.5363312	50.5121983
	7.5317866	50.5065083
	7.5249697	50.5047018
	7.5199766	50.5031917
	7.5207857	50.5031917
	7.5214074	50.5030631
	7.5216846	50.5028677
	7.5222839	50.5019291
	7.5223963	50.5010476
	7.5228158	50.500695
	7.5227933	50.5000136
	7.5234825	50.4999087
	7.5240069	50.4995895
	7.5243066	50.4992321
	7.5242242	50.4985173
	7.5245987	50.4983505
	7.5253628	50.4984315
	7.5262719	50.4984186
	7.5266117	50.4985074
	7.5273762	50.4985228
	7.527811	50.4983263
	7.5277112	50.4979628
	7.5274167	50.4974432
	7.5264821	50.4967933
	7.5261645	50.496291
	7.5260701	50.4957778
	7.5260304	50.4953263
	7.5257319	50.4949848
	7.5251525	50.4947655
	7.5245803	50.4946885
	7.5240889	50.4945729
	7.5234704	50.494463
	7.5229463	50.4944264
	7.522625	50.4944618
	7.5231575	50.495205
	7.5230153	50.4962982
	7.5225768	50.4968108
	7.5204198	50.4974441
	7.5194599	50.4974667
	7.5166511	50.4966299
	7.5158807	50.4960418
	7.5151459	50.4950165
	7.5146837	50.4940892
	7.5146363	50.49329
	7.5147904	50.4927698
	7.5139015	50.4923702
	7.5131075	50.4918726
	7.5124794	50.4910583
	7.5120962	50.489846
END
END
