6553301
1
	7.0253563	50.5388521
	7.0255258	50.5384744
	7.0262481	50.537654
	7.0266508	50.5369691
	7.0275034	50.5361788
	7.0283797	50.5347712
	7.0283205	50.5341013
	7.0285762	50.5340866
	7.0308047	50.5311611
	7.0303773	50.5310298
	7.0313324	50.530017
	7.032384	50.5286692
	7.0325633	50.5282655
	7.0323958	50.5267537
	7.0324618	50.5259318
	7.0341794	50.5255879
	7.0342213	50.5254601
	7.0347488	50.5250502
	7.0350503	50.5250396
	7.0352619	50.5248821
	7.0346827	50.5241934
	7.0345822	50.5240071
	7.0345906	50.5237463
	7.0344733	50.5234854
	7.0339976	50.52301
	7.0338555	50.5225357
	7.0329257	50.5211565
	7.0335831	50.5209546
	7.0335476	50.5208115
	7.0350752	50.5203221
	7.0362804	50.5201527
	7.0361857	50.5198214
	7.0363236	50.5185793
	7.0390645	50.5183269
	7.0391119	50.5185528
	7.0405696	50.5184482
	7.0407763	50.5192204
	7.0411671	50.5197249
	7.041546	50.5201917
	7.0418539	50.520523
	7.0420902	50.521206
	7.0430253	50.5212033
	7.0431082	50.521015
	7.0448621	50.5213113
	7.0454305	50.5206526
	7.0453257	50.5157154
	7.0454627	50.5149897
	7.0453798	50.5145078
	7.0449653	50.5139581
	7.0446219	50.5129565
	7.0469548	50.5126177
	7.0469311	50.5122938
	7.0460311	50.5121282
	7.0454864	50.5117818
	7.0446811	50.5112094
	7.0465521	50.5107199
	7.0472835	50.5109872
	7.0475795	50.510957
	7.0477098	50.510701
	7.0471887	50.5103395
	7.0469756	50.5101136
	7.0469637	50.5099178
	7.0471414	50.5094584
	7.0476624	50.5093003
	7.0475611	50.5089694
	7.0478542	50.5087404
	7.0478877	50.5084103
	7.0484236	50.5081227
	7.0495457	50.5077552
	7.0496713	50.5076754
	7.0496964	50.5074144
	7.0495624	50.5072866
	7.0488925	50.5072174
	7.047737	50.5073825
	7.0469163	50.5076807
	7.0464139	50.507931
	7.0466903	50.5081706
	7.046869	50.5085697
	7.0465019	50.5087354
	7.0458151	50.5087505
	7.0453059	50.5085396
	7.0452405	50.5075599
	7.0455505	50.5073446
	7.049595	50.505688
	7.0504415	50.5053888
	7.0508204	50.5053512
	7.0519572	50.5055093
	7.052573	50.5055018
	7.0535086	50.5053436
	7.0540059	50.5052533
	7.0561493	50.5052005
	7.0570986	50.505761
	7.0574894	50.505874
	7.0581644	50.5059342
	7.0586412	50.5060311
	7.0584327	50.5061264
	7.0580815	50.5062869
	7.057217	50.5068668
	7.0542348	50.5109017
	7.0557838	50.513099
	7.0560456	50.5140895
	7.0556332	50.5162897
	7.0562845	50.5180742
	7.0578714	50.5191061
	7.0580337	50.5195548
	7.0578916	50.5200819
	7.0581048	50.5210832
	7.0586068	50.5221577
	7.0583253	50.5231298
	7.0580884	50.5235965
	7.0575792	50.5242967
	7.0568687	50.5249893
	7.0576148	50.5257196
	7.0569753	50.5262993
	7.0569398	50.5272779
	7.0572003	50.5280458
	7.0570463	50.5292729
	7.056284	50.5294052
	7.0564261	50.5307903
	7.0567459	50.531543
	7.0566048	50.5320615
	7.0570193	50.5331905
	7.0578719	50.5345831
	7.0575001	50.5353681
	7.0578917	50.535569
	7.0575008	50.5361193
	7.0574686	50.5365151
	7.0584062	50.5372752
	7.0586998	50.5378386
	7.0590135	50.5379423
	7.059332	50.5381554
	7.0590289	50.5384222
	7.0577393	50.5388373
	7.0555957	50.5393589
	7.054415	50.5400986
	7.0535525	50.5403807
	7.0520788	50.5405403
	7.0514045	50.5412683
	7.0508686	50.5414279
	7.0494032	50.542455
	7.0491352	50.5421251
	7.0479948	50.5425046
	7.0466566	50.5433174
	7.0459698	50.5433023
	7.0457921	50.5427455
	7.0452622	50.542335
	7.0448925	50.5425621
	7.044703	50.5424839
	7.0446142	50.5428518
	7.0434655	50.5430174
	7.0432168	50.5428593
	7.0428615	50.5429346
	7.0427313	50.5431603
	7.0408511	50.5428001
	7.0385149	50.5422319
	7.0377079	50.5421672
	7.0355489	50.5415196
	7.0308764	50.5404127
	7.0298046	50.5400455
	7.0295058	50.5401005
	7.0253563	50.5388521
END
END
