6553494
1
	7.4583582	49.8219538
	7.4592031	49.820558
	7.4601721	49.8209375
	7.4617523	49.8213022
	7.4620638	49.8211608
	7.4615447	49.8202826
	7.4615562	49.819144
	7.4620704	49.8191417
	7.4678424	49.8200303
	7.4694111	49.8207522
	7.469688	49.8201419
	7.4699763	49.8201494
	7.4709914	49.8207373
	7.4712394	49.8206852
	7.4716777	49.8209084
	7.4730388	49.8203577
	7.4728283	49.8198307
	7.4725694	49.8193036
	7.4716701	49.8189256
	7.4708545	49.8193992
	7.4700715	49.8189887
	7.4696963	49.8180099
	7.4680324	49.817031
	7.4689948	49.816831
	7.4701694	49.8167258
	7.4713439	49.81621
	7.4719638	49.8156732
	7.4723524	49.8145319
	7.4726884	49.8139445
	7.4731498	49.813483
	7.4733344	49.8141529
	7.4781529	49.8166317
	7.4817966	49.8194975
	7.4835404	49.8209854
	7.4848556	49.8215128
	7.4845335	49.8216572
	7.4843315	49.8217359
	7.4840962	49.8220426
	7.4840617	49.8222973
	7.4846513	49.8229177
	7.4869182	49.8244864
	7.4899	49.8253453
	7.4916497	49.8263258
	7.4918185	49.8267249
	7.4917833	49.8271422
	7.4915749	49.8273912
	7.4909888	49.8274734
	7.4898145	49.827496
	7.4891888	49.8279723
	7.4884294	49.8292922
	7.4874731	49.8301268
	7.4866575	49.8302311
	7.4859965	49.8301313
	7.4850403	49.8302628
	7.484302	49.8304851
	7.4837579	49.8308606
	7.4836511	49.8312657
	7.4829401	49.8324716
	7.4825424	49.8330585
	7.4824373	49.8338684
	7.4823773	49.8328917
	7.4824767	49.8321348
	7.4823176	49.8320258
	7.4823375	49.8314036
	7.4794041	49.8304479
	7.4773115	49.8295285
	7.4782576	49.8290024
	7.4787633	49.8289708
	7.4806066	49.8291602
	7.4820258	49.8289287
	7.4833635	49.8280237
	7.4843912	49.8264768
	7.4810797	49.8267925
	7.4779803	49.8276133
	7.4762082	49.8276872
	7.4728209	49.8270467
	7.4709984	49.8266136
	7.4693345	49.8270872
	7.4682253	49.8272135
	7.4666919	49.826561
	7.4652727	49.8254455
	7.4653823	49.8253406
	7.4615651	49.8235107
	7.4600273	49.8224772
	7.4583582	49.8219538
END
END
