6553958
1
	7.5390218	49.9686321
	7.5393563	49.9675652
	7.5414472	49.9677392
	7.5416747	49.9670507
	7.5409768	49.9662926
	7.5410461	49.9659838
	7.5402438	49.9654364
	7.5413474	49.9652578
	7.5420649	49.9645799
	7.5425886	49.9641487
	7.5427106	49.9635797
	7.5423933	49.963254
	7.5422277	49.9631031
	7.5421821	49.9629862
	7.5426601	49.9626561
	7.5432374	49.9620929
	7.5435198	49.9613889
	7.5431451	49.9608312
	7.5425388	49.9606277
	7.5433725	49.9578197
	7.5429892	49.9564897
	7.5391146	49.9561735
	7.5406725	49.9552334
	7.5465141	49.9555748
	7.5459782	49.9550808
	7.545777	49.9548579
	7.545486	49.9544417
	7.5453088	49.954175
	7.5448586	49.9535407
	7.544408	49.9530544
	7.543877	49.952582
	7.5430384	49.9519946
	7.543277	49.9518281
	7.547006	49.949324
	7.5475806	49.9499053
	7.5477222	49.9502455
	7.5477563	49.9506229
	7.5498238	49.9505204
	7.5493075	49.9500103
	7.5488797	49.9494922
	7.5490306	49.9492525
	7.5497763	49.94713
	7.5547011	49.9453224
	7.5666051	49.9412252
	7.5546907	49.9303313
	7.5557795	49.9291647
	7.5589231	49.9257966
	7.5615919	49.9229369
	7.5771715	49.9173863
	7.5810685	49.9085004
	7.5813935	49.9086034
	7.5819814	49.9087024
	7.5826983	49.9089464
	7.5829793	49.9090874
	7.5835382	49.9095303
	7.5838651	49.9097283
	7.5844701	49.9099843
	7.584708	49.9101672
	7.584792	49.9103652
	7.58483	49.9107162
	7.584894	49.9108312
	7.585068	49.9109451
	7.5856469	49.9115101
	7.5860348	49.911891
	7.5862138	49.912032
	7.5875206	49.9130399
	7.5878226	49.9132379
	7.5917646	49.915322
	7.5938327	49.9167475
	7.5958604	49.9181813
	7.5962273	49.9183953
	7.5988223	49.9192185
	7.605583	49.921363
	7.6059069	49.921493
	7.6063159	49.921817
	7.6065328	49.9219319
	7.6069018	49.9220459
	7.6075957	49.9221909
	7.6078996	49.9223629
	7.6081156	49.9224199
	7.6083346	49.9224199
	7.6088115	49.9225799
	7.6092454	49.9227629
	7.6098093	49.9229348
	7.6102643	49.9230648
	7.6109832	49.9232098
	7.6112661	49.9232398
	7.61183	49.9233968
	7.6138448	49.9242967
	7.6146876	49.9247926
	7.6149256	49.9248806
	7.6154485	49.9248686
	7.6160144	49.9249416
	7.6167303	49.9252576
	7.6174642	49.9254256
	7.6177072	49.9255516
	7.6178562	49.9257115
	7.6181301	49.9260625
	7.6182841	49.9263145
	7.6186113	49.9264671
	7.6180534	49.9267154
	7.6075364	49.9335704
	7.607151	49.9340531
	7.6050674	49.9344765
	7.5998027	49.9374251
	7.6003554	49.9413328
	7.5988492	49.9452959
	7.5977663	49.9479009
	7.595316	49.9487273
	7.5929724	49.949241
	7.5887485	49.9543039
	7.585321	49.9552048
	7.5735285	49.9602628
	7.5731612	49.9597888
	7.5700377	49.9615132
	7.5711824	49.9624075
	7.5701622	49.9629446
	7.5691485	49.9625901
	7.5672566	49.9636065
	7.567543	49.9636727
	7.5675609	49.9637253
	7.5670569	49.9640426
	7.56294	49.9658513
	7.5632379	49.9660639
	7.5638065	49.9657741
	7.5659091	49.9666655
	7.5665921	49.9666707
	7.5671857	49.9669845
	7.5678036	49.9680724
	7.5660167	49.9681131
	7.565912	49.9678159
	7.5657579	49.967578
	7.5654128	49.9673164
	7.5652465	49.9673204
	7.5650678	49.9672887
	7.5649815	49.96715
	7.5645132	49.9673997
	7.5622086	49.9678476
	7.5617649	49.966389
	7.5614814	49.9661234
	7.558425	49.9682479
	7.5576856	49.9678119
	7.556712	49.9687433
	7.5559787	49.9687394
	7.5559355	49.9703644
	7.5558739	49.970404
	7.5533166	49.9695836
	7.5524909	49.9710064
	7.5524786	49.9707528
	7.5524478	49.9702058
	7.5522814	49.9700513
	7.5514865	49.9700196
	7.5502206	49.9718416
	7.5443808	49.9704988
	7.5390218	49.9686321
END
END
