6553908
1
	7.5817782	50.1438904
	7.5822109	50.1436386
	7.582266	50.1433944
	7.5835973	50.1414795
	7.5886898	50.1410446
	7.593001	50.1354257
	7.5935057	50.1351395
	7.5938823	50.1351815
	7.5994268	50.1362453
	7.6009857	50.1359466
	7.604086	50.1385536
	7.6070946	50.1397208
	7.6132231	50.1410129
	7.6183822	50.1409838
	7.6207341	50.1414263
	7.6242153	50.1410385
	7.6265035	50.1402269
	7.6286297	50.140523
	7.6289803	50.1401714
	7.6306615	50.1402066
	7.6364165	50.1398829
	7.6387626	50.1406144
	7.6395637	50.1414693
	7.6408283	50.1418864
	7.6427835	50.1418446
	7.6439932	50.1420973
	7.6457875	50.1420697
	7.6493658	50.1428032
	7.6509745	50.1434127
	7.652796	50.1435208
	7.6556274	50.1434919
	7.6581216	50.1441221
	7.6575724	50.1447906
	7.6575184	50.1455426
	7.6578949	50.1460989
	7.6579441	50.1467765
	7.6574689	50.1474792
	7.6577815	50.1477946
	7.6577246	50.1482664
	7.657314	50.1483834
	7.6571801	50.1488941
	7.6569163	50.1493375
	7.6571899	50.1496
	7.6571989	50.1500275
	7.6564679	50.1502666
	7.6563629	50.1507616
	7.6555098	50.1514834
	7.6548818	50.1517137
	7.6545133	50.1520736
	7.654109	50.152345
	7.6539319	50.1532092
	7.6532164	50.1534292
	7.6531773	50.1537008
	7.6496133	50.1552921
	7.6433234	50.1534171
	7.6305007	50.150186
	7.6221444	50.149232
	7.6200064	50.1506653
	7.6190228	50.1513246
	7.6042791	50.1511707
	7.6016858	50.1498782
	7.5981377	50.1518428
	7.5940602	50.152683
	7.5936913	50.1515013
	7.5944905	50.1487243
	7.5943675	50.1476411
	7.5937976	50.1475472
	7.5894344	50.1456292
	7.587206	50.1450608
	7.5817782	50.1438904
END
END
