6554863
1
	8.1503937	49.6612002
	8.1521894	49.6576186
	8.1546351	49.6581406
	8.1565908	49.654181
	8.1561559	49.6540631
	8.1575257	49.6500575
	8.1576077	49.6490586
	8.1575387	49.6467049
	8.1567538	49.6467959
	8.1563488	49.6461855
	8.1562729	49.646064
	8.155779	49.645312
	8.155451	49.645335
	8.155397	49.6446601
	8.155769	49.6446481
	8.155691	49.6440992
	8.1585496	49.6446411
	8.1584546	49.6437212
	8.1588035	49.6436522
	8.1592405	49.6435152
	8.1602893	49.6431263
	8.1612492	49.6429243
	8.1749508	49.6417649
	8.1779809	49.6419327
	8.1792474	49.6421426
	8.1805881	49.6427317
	8.181496	49.6431306
	8.1832031	49.6445191
	8.1835742	49.6471589
	8.1806035	49.6483834
	8.1787207	49.6501534
	8.1758522	49.6537431
	8.1737941	49.6560777
	8.1729424	49.6602471
	8.1717766	49.6673528
	8.1615406	49.6650214
	8.1503937	49.6612002
END
END
