6554635
1
	6.8657676	50.1229193
	6.8660929	50.1226542
	6.8662625	50.1222967
	6.8665569	50.1221228
	6.8668332	50.1219126
	6.8670413	50.1216547
	6.8670353	50.1215207
	6.8669743	50.1213568
	6.8672943	50.1212198
	6.8672943	50.1210778
	6.8680132	50.1205938
	6.8684211	50.1201509
	6.8687801	50.1199719
	6.869318	50.1198039
	6.8698899	50.119461
	6.8704508	50.119381
	6.8722486	50.118988
	6.8745583	50.1185491
	6.8752372	50.1183811
	6.8758181	50.1183471
	6.876098	50.1183241
	6.8767859	50.1183961
	6.8771939	50.1184771
	6.8774278	50.1184771
	6.8776818	50.1180341
	6.8776588	50.1178282
	6.8776908	50.1177062
	6.8777178	50.1175912
	6.8778928	50.1174272
	6.878546	50.1170168
	6.8788457	50.1166896
	6.8791491	50.1162949
	6.8794563	50.1159322
	6.8799688	50.1152655
	6.8802124	50.1149113
	6.880223	50.1145923
	6.8798251	50.1143849
	6.8794996	50.1142108
	6.8791256	50.1140065
	6.8770619	50.1124228
	6.876692	50.1118728
	6.876605	50.1116518
	6.876604	50.1114769
	6.8768969	50.110443
	6.8770229	50.11021
	6.8773009	50.109989
	6.8772569	50.1097671
	6.8769329	50.1096991
	6.8765111	50.1089742
	6.876557	50.1086445
	6.8766259	50.1085591
	6.8769019	50.1082412
	6.8771769	50.1080053
	6.8772619	50.1078833
	6.8774349	50.1078143
	6.8774919	50.1078126
	6.8779488	50.1077993
	6.8784407	50.1077153
	6.8790816	50.1075323
	6.8794656	50.1073953
	6.8801475	50.1068804
	6.8810233	50.1064674
	6.8822402	50.1059945
	6.8827091	50.1057465
	6.883179	50.1056325
	6.8837369	50.1055635
	6.8841659	50.1055755
	6.8843159	50.1056175
	6.8843169	50.1057965
	6.8850897	50.1060675
	6.8853037	50.1060785
	6.8855187	50.1060255
	6.8856667	50.1058465
	6.8861366	50.1057045
	6.8865415	50.1052926
	6.8867545	50.1051826
	6.8873104	50.1050026
	6.8875884	50.1048506
	6.8885292	50.1048046
	6.8889142	50.1047056
	6.8891276	50.1045316
	6.8892341	50.1045687
	6.8907469	50.1034618
	6.8911319	50.1033248
	6.8914978	50.1034048
	6.8920317	50.1034048
	6.8922877	50.1032518
	6.8925667	50.1032098
	6.8931636	50.1028099
	6.8933106	50.1024659
	6.8931586	50.1022559
	6.8935795	50.101226
	6.8943544	50.101608
	6.8952763	50.1019889
	6.8960082	50.1022639
	6.8964811	50.1025919
	6.8977499	50.1030268
	6.9164093	50.1135933
	6.9136805	50.1183912
	6.9263563	50.1260668
	6.94493	50.1102062
	6.9529314	50.1085425
	6.9536267	50.1170128
	6.9450673	50.1195974
	6.940806	50.1257632
	6.9433913	50.1337843
	6.9382532	50.1326729
	6.9353432	50.1335007
	6.9342381	50.1339069
	6.9331376	50.1344387
	6.9315513	50.135461
	6.9310268	50.1360066
	6.9306937	50.1365207
	6.9305759	50.1377448
	6.9296512	50.1397125
	6.9296641	50.1408174
	6.9303186	50.1421617
	6.9212898	50.1464378
	6.9138402	50.1449707
	6.9049965	50.1393297
	6.9041029	50.1388516
	6.8986649	50.1369941
	6.8970368	50.1367645
	6.8954313	50.1360573
	6.8941904	50.1350266
	6.8923944	50.133964
	6.8942364	50.1324807
	6.8939256	50.1320526
	6.8934766	50.1325914
	6.8904373	50.1340673
	6.8893298	50.1339985
	6.8898216	50.1332595
	6.8908877	50.1320701
	6.8890727	50.1315271
	6.8896425	50.1312557
	6.8875585	50.1309635
	6.8862398	50.1303894
	6.8847419	50.1294188
	6.8844976	50.129137
	6.8829533	50.1284649
	6.8751052	50.1258813
	6.8681432	50.1239864
	6.86784	50.1237541
	6.8667654	50.1235401
	6.8659432	50.1229243
	6.8657676	50.1229193
END
END
