6554944
1
	7.7191485	49.6809952
	7.7198454	49.6808312
	7.7206853	49.6800913
	7.7210373	49.6798543
	7.7213852	49.6798583
	7.7215382	49.6798313
	7.7215722	49.6791864
	7.7214052	49.6787744
	7.7214092	49.6785804
	7.7215002	49.6784125
	7.7221391	49.6778405
	7.7217782	49.6775276
	7.7217592	49.6773596
	7.7218722	49.6771346
	7.7225551	49.6766047
	7.722646	49.6764407
	7.722627	49.6761427
	7.7222641	49.6747199
	7.7213082	49.6747119
	7.7219502	49.674087
	7.7221071	49.673846
	7.7220671	49.673652
	7.7217262	49.6731431
	7.7226052	49.673129
	7.723838	49.6728553
	7.7254583	49.6723273
	7.7318647	49.67481
	7.7323398	49.6744564
	7.7327337	49.6739969
	7.7333243	49.6741229
	7.7336412	49.6737744
	7.7340438	49.6738272
	7.7364841	49.6748855
	7.7368994	49.6744571
	7.7412801	49.6758954
	7.7419156	49.6765116
	7.7430059	49.6770155
	7.7434212	49.6770659
	7.7440945	49.6768927
	7.7441174	49.677104
	7.7452774	49.6769651
	7.7461211	49.6767467
	7.7465754	49.6751088
	7.7464845	49.6741933
	7.7469778	49.6741177
	7.746796	49.6731013
	7.7476268	49.6732189
	7.7494959	49.6728241
	7.7502228	49.6724041
	7.7505992	49.6718665
	7.7506381	49.6711021
	7.7501708	49.669716
	7.7511963	49.6694472
	7.7538312	49.6684307
	7.7550513	49.6688759
	7.7553369	49.6691363
	7.7551292	49.6694556
	7.7542336	49.6700184
	7.7546619	49.67022
	7.7547787	49.6706736
	7.7546619	49.6716985
	7.7550643	49.6726729
	7.7559859	49.6727989
	7.7560378	49.6733197
	7.7579264	49.6724881
	7.7602368	49.669422
	7.7603916	49.6678887
	7.7616548	49.6681488
	7.7649899	49.6678042
	7.7667336	49.6685277
	7.7666352	49.6688817
	7.7669698	49.6690983
	7.7668583	49.6700008
	7.766543	49.6706479
	7.7675591	49.6709982
	7.7680061	49.6715257
	7.7680324	49.6720021
	7.7675328	49.6724956
	7.7666388	49.6736017
	7.7659815	49.6745035
	7.7654293	49.6758648
	7.7638019	49.6770486
	7.7639207	49.6789858
	7.764693	49.6792847
	7.7644827	49.6803056
	7.7637727	49.6801184
	7.7633257	49.680782
	7.7612748	49.6805438
	7.7602493	49.6816667
	7.7591449	49.6824833
	7.7600165	49.6861387
	7.763799	49.6887437
	7.7586191	49.6921627
	7.7564103	49.6928431
	7.7514788	49.7007735
	7.746648	49.7024348
	7.7454311	49.703308
	7.7421039	49.7022749
	7.7403974	49.7014624
	7.7361965	49.6980881
	7.7352164	49.6974533
	7.7345023	49.6968564
	7.7338544	49.6966844
	7.7335524	49.6965704
	7.7331025	49.6962575
	7.7327145	49.6960975
	7.7316247	49.6951366
	7.7309058	49.6944457
	7.7305218	49.6939917
	7.7301419	49.6933778
	7.729491	49.692023
	7.729241	49.691661
	7.7288751	49.691474
	7.7278842	49.691131
	7.7269744	49.6908831
	7.7275323	49.6901012
	7.7261705	49.6897652
	7.7265724	49.6891663
	7.7253956	49.6882434
	7.7259895	49.6878804
	7.7243578	49.6869425
	7.7236279	49.6864696
	7.7230499	49.6860156
	7.7221761	49.6850957
	7.7217021	49.6845048
	7.7214982	49.6842448
	7.7213062	49.6840768
	7.7209393	49.6838749
	7.7205513	49.6837039
	7.7201864	49.6834899
	7.7199514	49.6832909
	7.7198464	49.6830929
	7.7197024	49.682658
	7.7195855	49.6819791
	7.7191485	49.6809952
END
END
