6554641
1
	6.940806	50.1257632
	6.9450673	50.1195974
	6.9536267	50.1170128
	6.9623077	50.1175489
	6.9674484	50.123509
	6.9734343	50.1235542
	6.9726596	50.117278
	6.9807973	50.1171992
	6.9817907	50.1177402
	6.9819857	50.1179732
	6.9821596	50.1182892
	6.9821606	50.1184692
	6.9819687	50.1186211
	6.9815637	50.1188161
	6.9810708	50.1190111
	6.9808588	50.1191331
	6.9807052	50.1194371
	6.980473	50.1197244
	6.980467	50.1199487
	6.9805971	50.1201896
	6.9807219	50.1203206
	6.9809273	50.1203928
	6.9810862	50.1204373
	6.9816367	50.1205169
	6.9818977	50.1205859
	6.9821346	50.1207269
	6.9822856	50.1208489
	6.9824616	50.1209805
	6.9826089	50.1210702
	6.9830885	50.1213373
	6.983375	50.1217218
	6.9833874	50.1218775
	6.98316	50.1220587
	6.9825316	50.1222725
	6.9813224	50.1224828
	6.9806206	50.1225912
	6.9803239	50.1225587
	6.9797927	50.1225932
	6.9795026	50.1228483
	6.9791885	50.1232663
	6.9790714	50.1235766
	6.9791479	50.1239014
	6.9793238	50.124194
	6.9795805	50.124496
	6.979892	50.1246771
	6.9801437	50.124777
	6.9804318	50.1247975
	6.9808588	50.1248584
	6.9811978	50.1248924
	6.9815847	50.1249724
	6.9818197	50.1250834
	6.9821016	50.1253734
	6.9824506	50.1256174
	6.9826836	50.1258813
	6.9827705	50.1260603
	6.982786	50.126133
	6.9828145	50.1262663
	6.9827955	50.1264723
	6.9823956	50.1274911
	6.9822842	50.1277512
	6.9822821	50.1279549
	6.9823117	50.1281512
	6.9823886	50.1283896
	6.9825491	50.1285801
	6.9827267	50.1286729
	6.9830508	50.1285933
	6.9833242	50.128459
	6.9835194	50.1283211
	6.9836696	50.1283274
	6.9840848	50.1281609
	6.9844981	50.1278638
	6.9845677	50.1277279
	6.9847858	50.1275406
	6.9850233	50.1275042
	6.9852819	50.12754
	6.9855416	50.1276054
	6.9857181	50.127667
	6.9859635	50.1277537
	6.9861234	50.1278535
	6.9862493	50.1279905
	6.9863573	50.1281087
	6.9863619	50.1282405
	6.9863125	50.1283405
	6.986197	50.1285046
	6.9860571	50.1286642
	6.9860101	50.1289271
	6.9859222	50.1294839
	6.9858334	50.1298253
	6.9858325	50.130134
	6.9859206	50.1302525
	6.986212	50.1302978
	6.986554	50.1303248
	6.9871999	50.1305428
	6.9873787	50.1306331
	6.9875008	50.1306948
	6.9877148	50.1307218
	6.9887007	50.1307448
	6.9891946	50.1308128
	6.9896455	50.1309618
	6.9898395	50.1310727
	6.9898835	50.1312897
	6.9896525	50.1318437
	6.9895465	50.1320076
	6.989436	50.1320794
	6.9893126	50.1321596
	6.9891196	50.1323656
	6.9889736	50.1326976
	6.9891956	50.1327706
	6.9894026	50.1328355
	6.9893616	50.1331635
	6.9895565	50.1334685
	6.9897945	50.1337125
	6.9899875	50.1337814
	6.9902234	50.1337814
	6.9903484	50.1339484
	6.9904404	50.1340674
	6.9905234	50.1340022
	6.9915473	50.1331975
	6.9924851	50.1326596
	6.993019	50.1324006
	6.993317	50.1322556
	6.9937099	50.1321948
	6.9939369	50.1321596
	6.9944948	50.1321446
	6.9947458	50.1321786
	6.9949658	50.1322096
	6.9953337	50.1323466
	6.9955267	50.1323586
	6.9958036	50.1323736
	6.9958946	50.1331285
	6.995854	50.1333478
	6.9958126	50.1335715
	6.9956247	50.1340404
	6.9948598	50.1350853
	6.9947758	50.1352533
	6.9948438	50.1358332
	6.9948248	50.1360542
	6.9946758	50.1362602
	6.9941009	50.1366611
	6.9938818	50.1366055
	6.9937372	50.1365627
	6.993436	50.1365281
	6.9917012	50.1367111
	6.9911453	50.1368211
	6.9905674	50.1368671
	6.9902474	50.1369091
	6.9900323	50.1370073
	6.9899475	50.1370461
	6.9892186	50.1369131
	6.9885537	50.1368711
	6.9869479	50.1369321
	6.986605	50.1369741
	6.986391	50.1370851
	6.9860842	50.1371413
	6.9851292	50.137252
	6.9848282	50.137256
	6.9842083	50.1371611
	6.9838004	50.1371761
	6.9833094	50.137275
	6.9832005	50.1371491
	6.9828335	50.1368101
	6.9820646	50.1371421
	6.9816157	50.137237
	6.9809108	50.137283
	6.9803319	50.13742
	6.979305	50.137687
	6.9784112	50.137954
	6.9781772	50.138023
	6.9776393	50.1381869
	6.9770404	50.1384349
	6.9765714	50.1385499
	6.9759335	50.1393048
	6.9626662	50.1352785
	6.95658	50.1377375
	6.9433913	50.1337843
	6.940806	50.1257632
END
END
