6554119
1
	7.8483348	50.4581419
	7.8513208	50.4580009
	7.8519874	50.462928
	7.8548279	50.4654333
	7.8602888	50.464512
	7.8598074	50.4634159
	7.8596778	50.4624847
	7.8604855	50.4624508
	7.8606145	50.4624905
	7.8603003	50.4628156
	7.861171	50.4630031
	7.8611448	50.4633365
	7.8616685	50.4633698
	7.8618387	50.4636657
	7.8623199	50.464387
	7.8625097	50.4644724
	7.8626902	50.4650117
	7.86217	50.465125
	7.8623922	50.4654904
	7.8638225	50.4658999
	7.8641049	50.4654756
	7.8644891	50.4656112
	7.8647066	50.4658881
	7.8653223	50.4661651
	7.865313	50.4663331
	7.8651232	50.4666631
	7.8648131	50.4668222
	7.8648501	50.4669194
	7.8650353	50.4671315
	7.8650445	50.4673496
	7.8648825	50.4674173
	7.8648964	50.467491
	7.8650994	50.4677266
	7.8649419	50.4679027
	7.8646641	50.4679145
	7.8643956	50.4680736
	7.8643771	50.4684743
	7.864803	50.4686039
	7.8646549	50.4689457
	7.8644142	50.4691343
	7.8637589	50.4695558
	7.8623766	50.4715567
	7.8622085	50.4730855
	7.8628127	50.473856
	7.8626625	50.477492
	7.8623171	50.47811
	7.8621702	50.4785939
	7.8621116	50.4789133
	7.8622719	50.4792323
	7.862295	50.4799289
	7.8627015	50.4810289
	7.8620082	50.4814536
	7.8622674	50.4824681
	7.8626746	50.4827128
	7.8629829	50.4837723
	7.8628442	50.4842334
	7.8629583	50.4860609
	7.8626746	50.4863721
	7.8611173	50.4866566
	7.8592825	50.4864505
	7.8591636	50.486668
	7.8565535	50.4869803
	7.8549239	50.4871143
	7.8537325	50.4873955
	7.8533612	50.4868496
	7.8530914	50.4857754
	7.8526579	50.4848425
	7.8523988	50.4841262
	7.8518525	50.4806413
	7.8516837	50.4796626
	7.8515793	50.4792691
	7.8503457	50.4729863
	7.8504591	50.472974
	7.8502404	50.4723059
	7.8501023	50.4721604
	7.8490397	50.468318
	7.848787	50.4673093
	7.8487744	50.4667664
	7.8488272	50.466227
	7.8494223	50.4660822
	7.8492073	50.4655595
	7.8490896	50.4645375
	7.848828	50.4627351
	7.8487237	50.4627369
	7.8483348	50.4581419
END
END
