6554040
1
	7.7679277	50.3313419
	7.7680786	50.3311368
	7.7680543	50.3310373
	7.7685315	50.3305742
	7.7689015	50.3304032
	7.7696708	50.3297599
	7.7695033	50.3295271
	7.7698814	50.3293731
	7.7702601	50.3289774
	7.7704942	50.3288851
	7.7706732	50.3290654
	7.7709074	50.3289555
	7.7712172	50.329228
	7.7720022	50.3292368
	7.7725324	50.3296764
	7.7729318	50.3296016
	7.7741505	50.3290961
	7.774543	50.3290698
	7.7746601	50.3290082
	7.7748735	50.3284983
	7.7748529	50.3277466
	7.7745017	50.3276499
	7.7746394	50.3273598
	7.7744742	50.3272587
	7.7751077	50.3267444
	7.7748598	50.3266565
	7.7749837	50.3264499
	7.7743365	50.3265026
	7.7741505	50.3264455
	7.7725393	50.3250475
	7.773661	50.3233924
	7.7720513	50.3225735
	7.7716006	50.3224116
	7.7714245	50.3222857
	7.7713963	50.3221553
	7.7714949	50.3219709
	7.7710864	50.3217281
	7.7712555	50.3216067
	7.7731007	50.321845
	7.7736148	50.3203116
	7.7725584	50.3191784
	7.7731636	50.3183501
	7.7739805	50.3187194
	7.7749818	50.3194048
	7.7791684	50.3204711
	7.7812609	50.3215578
	7.783169	50.3217064
	7.7834344	50.3217271
	7.7824471	50.3226915
	7.7823513	50.3230443
	7.7826018	50.3237969
	7.7830513	50.3240415
	7.7832576	50.3240886
	7.7837144	50.3239757
	7.784989	50.324065
	7.7858437	50.3244272
	7.7862194	50.3250858
	7.7861457	50.3256879
	7.7878477	50.3256691
	7.7887171	50.3260595
	7.7885182	50.3263793
	7.7894097	50.3271413
	7.7912001	50.3295871
	7.7921505	50.3302033
	7.7920265	50.3303156
	7.7905484	50.3316531
	7.7918337	50.3325079
	7.7928577	50.3321415
	7.7940758	50.332795
	7.7945822	50.3338642
	7.7943777	50.3349022
	7.7940271	50.3351881
	7.7928586	50.3368725
	7.7931799	50.3372019
	7.7929559	50.3376308
	7.7936181	50.3380037
	7.794105	50.3389546
	7.7952342	50.3397821
	7.7961084	50.3398758
	7.7965565	50.3400061
	7.7965904	50.3404471
	7.796797	50.3407372
	7.7964527	50.3410184
	7.7964527	50.3411415
	7.7955027	50.3413311
	7.7943664	50.3416728
	7.7950398	50.3423072
	7.7955072	50.3429162
	7.7955851	50.3442337
	7.7953612	50.3446935
	7.7958189	50.3452218
	7.7965881	50.3458059
	7.797429	50.3461192
	7.7980625	50.3464114
	7.7984619	50.3463675
	7.7987339	50.3460072
	7.7989232	50.3459281
	7.8002797	50.3456556
	7.8011336	50.345827
	7.8026235	50.3461819
	7.8038216	50.3459534
	7.8041728	50.3459885
	7.8047305	50.346217
	7.8049784	50.3464235
	7.8050128	50.3465158
	7.8055981	50.3462522
	7.805716	50.3463807
	7.8057986	50.3463653
	7.8062359	50.3468926
	7.8066077	50.3470771
	7.8068307	50.347276
	7.8079806	50.347812
	7.8080494	50.347979
	7.8096056	50.3481636
	7.8109001	50.3466037
	7.8116369	50.3468673
	7.8131931	50.3468981
	7.8144311	50.3471572
	7.8137302	50.348726
	7.8128144	50.3497981
	7.8104097	50.3522822
	7.8100257	50.3528209
	7.8100855	50.3529436
	7.8099912	50.3540555
	7.8096676	50.3551011
	7.8080081	50.3570824
	7.8075742	50.3579154
	7.8074539	50.3581463
	7.8060044	50.3572406
	7.805543	50.3567002
	7.8046823	50.3554745
	7.8043036	50.3550703
	7.8025271	50.3540862
	7.8013703	50.3537567
	7.8004052	50.3536763
	7.7997563	50.3534608
	7.7984989	50.3530757
	7.7945654	50.3494857
	7.7937231	50.3489544
	7.7931875	50.3490227
	7.7918144	50.3490258
	7.792238	50.3477582
	7.7908107	50.3468769
	7.7896721	50.347171
	7.7897013	50.3476153
	7.7893994	50.3483392
	7.7893313	50.3489792
	7.7887421	50.3495074
	7.7892436	50.3497591
	7.7895845	50.3504239
	7.7893361	50.3503618
	7.7890002	50.3505793
	7.7886886	50.3512845
	7.7882114	50.3512472
	7.7881384	50.3513529
	7.7872279	50.3510701
	7.7860593	50.3504426
	7.7857915	50.3502127
	7.7853923	50.3499424
	7.7852706	50.3497995
	7.7851683	50.3494142
	7.785402	50.3488643
	7.7854069	50.3487338
	7.7852754	50.3485536
	7.7854507	50.3481839
	7.785329	50.3471803
	7.7851878	50.3470001
	7.7845694	50.3465868
	7.7839316	50.3470529
	7.7832889	50.3468447
	7.7823249	50.3467764
	7.7819159	50.3466148
	7.7812829	50.3464626
	7.7809129	50.3466148
	7.780908	50.3473605
	7.7790286	50.3467826
	7.7800218	50.3455801
	7.779866	50.3454186
	7.7799926	50.3453502
	7.779546	50.3448874
	7.778699	50.3445214
	7.7791068	50.3442977
	7.7798518	50.3436265
	7.7794379	50.3435457
	7.7789072	50.3432568
	7.7781476	50.3427316
	7.7776899	50.3423836
	7.7774416	50.3420667
	7.7768281	50.3417
	7.7760491	50.3413613
	7.7758154	50.3410164
	7.7756937	50.3403016
	7.7785907	50.3383439
	7.7778701	50.337943
	7.7776218	50.3381263
	7.7774368	50.3380673
	7.7769012	50.33826
	7.7764922	50.3384558
	7.7762293	50.3383532
	7.7759809	50.338493
	7.7758203	50.3383097
	7.7760735	50.338173
	7.7756012	50.3377224
	7.7747783	50.3379337
	7.7742525	50.3379523
	7.7738776	50.3378871
	7.7737656	50.3377161
	7.7737558	50.3374831
	7.7734296	50.336846
	7.7736439	50.3366937
	7.7730109	50.3362369
	7.7729086	50.3359882
	7.7729038	50.3357179
	7.7730839	50.3355096
	7.7730596	50.3354071
	7.7723146	50.3348881
	7.7724461	50.3347296
	7.7726506	50.3347638
	7.7729281	50.3344592
	7.7725581	50.3342106
	7.7723633	50.3335579
	7.7721199	50.3334243
	7.7718375	50.3333435
	7.7718423	50.3332254
	7.7701577	50.3326442
	7.771224	50.3320785
	7.7709075	50.3319293
	7.770294	50.3318765
	7.7697292	50.33192
	7.7692667	50.3320412
	7.7685315	50.3318827
	7.767991	50.3315004
	7.7679277	50.3313419
END
END
