6554487
1
	6.3829548	49.9113735
	6.3903738	49.9094533
	6.3923861	49.9087333
	6.3931687	49.9070413
	6.3948457	49.902289
	6.3992242	49.8984651
	6.4128003	49.9006107
	6.4140524	49.9003802
	6.4145443	49.8998329
	6.422127	49.9024958
	6.4227408	49.9030057
	6.4246835	49.9037455
	6.4250463	49.9038815
	6.4267181	49.9043498
	6.4312591	49.9055966
	6.4305218	49.9077814
	6.4289665	49.9119358
	6.4284122	49.9132494
	6.4248887	49.9184812
	6.4127241	49.9196614
	6.4085133	49.9192993
	6.3966131	49.9178318
	6.3849453	49.9184634
	6.3829548	49.9113735
END
END
