6554353
1
	6.8068367	50.000828
	6.8072	50.000639
	6.8077108	50.0004039
	6.808143	50.0002691
	6.8088872	50.0001929
	6.8096134	50.0001861
	6.8102098	50.0000733
	6.8108187	49.9999023
	6.8117788	49.9996101
	6.8171139	49.9989635
	6.8205793	49.9987356
	6.8220431	49.9987838
	6.8233694	49.9990453
	6.824111	49.9992491
	6.8246975	49.9991873
	6.8251547	49.9989678
	6.8258814	49.999089
	6.8286468	50.0006333
	6.8301375	50.0012309
	6.8369467	50.0017222
	6.8428719	50.002282
	6.8448078	50.0007268
	6.850261	49.9965828
	6.8520333	49.9962322
	6.8525596	49.9959057
	6.8530172	49.995691
	6.8535655	49.9956472
	6.8540946	49.9956857
	6.8544046	49.9955575
	6.8544992	49.9956527
	6.8547814	49.9956595
	6.8556244	49.9960103
	6.8559465	49.996188
	6.8563022	49.9966402
	6.8565256	49.997288
	6.8564316	49.9974016
	6.8566014	49.9976095
	6.856537	49.9977179
	6.8563712	49.9978421
	6.8565256	49.9979495
	6.8566142	49.9982435
	6.8571687	49.9984559
	6.8574762	49.9985205
	6.8578519	49.9984467
	6.8581378	49.9984448
	6.8586008	49.9983089
	6.8589226	49.9983221
	6.8586196	49.9984764
	6.8612437	49.9993106
	6.8622853	50.0001208
	6.8626423	50.0005287
	6.8632213	50.001008
	6.8632806	50.0012058
	6.8643081	50.002553
	6.8651332	50.0034198
	6.8664354	50.0044449
	6.8664472	50.0052592
	6.8667557	50.0052952
	6.866823	50.0059009
	6.8662613	50.0072719
	6.8660442	50.0086113
	6.8641231	50.0112486
	6.8622733	50.0114236
	6.8619732	50.0114848
	6.8618429	50.0115463
	6.8616646	50.0117083
	6.8614711	50.0120526
	6.861516	50.0123885
	6.8615687	50.0135181
	6.8608986	50.0140968
	6.8598353	50.0145255
	6.8587992	50.0146503
	6.8577818	50.0146399
	6.856242	50.0135228
	6.854576	50.0127789
	6.853094	50.0123478
	6.8525984	50.0122661
	6.8520371	50.0124056
	6.8515263	50.0139063
	6.8504794	50.0147532
	6.8499692	50.0152971
	6.8491763	50.015816
	6.8472733	50.0163972
	6.8469117	50.0170013
	6.8466887	50.0171189
	6.8469569	50.0172791
	6.8475925	50.0173231
	6.8492071	50.0171709
	6.849645	50.0174522
	6.8494625	50.01839
	6.8506302	50.0207814
	6.8501028	50.0216163
	6.8499291	50.0218003
	6.8493631	50.0223998
	6.8502653	50.0235711
	6.8503108	50.0240911
	6.8499004	50.0252355
	6.8494046	50.0258133
	6.84906	50.025844
	6.8487535	50.0257976
	6.8484602	50.0256242
	6.8479489	50.0252209
	6.847707	50.0246836
	6.8470833	50.0242857
	6.8450997	50.0236249
	6.8445954	50.0236167
	6.8437858	50.023926
	6.8433326	50.0242041
	6.8432897	50.0242371
	6.842095	50.0251563
	6.8397994	50.0259561
	6.8390996	50.0275472
	6.8374041	50.027672
	6.8367901	50.0278298
	6.836171	50.0277642
	6.8354544	50.0271886
	6.8343489	50.0267712
	6.8338595	50.0267706
	6.833657	50.0268585
	6.8315238	50.0257294
	6.8238058	50.0218763
	6.8224006	50.0211333
	6.8198979	50.0191109
	6.8177454	50.0163825
	6.8157203	50.014331
	6.8157184	50.0139452
	6.8167055	50.0132407
	6.8172528	50.0130531
	6.8175365	50.0126352
	6.8212472	50.0121009
	6.8166791	50.0085277
	6.816441	50.0083415
	6.8068367	50.000828
END
END
