6554495
1
	6.5570469	49.9439552
	6.5685431	49.9332958
	6.5748179	49.9333832
	6.5768791	49.9307113
	6.5810679	49.9317269
	6.5889674	49.9310005
	6.6076503	49.9338792
	6.6124151	49.9330452
	6.6150276	49.9322939
	6.6153863	49.9327194
	6.6160186	49.9332625
	6.6167261	49.9338653
	6.6174458	49.934399
	6.6183565	49.9349962
	6.6189018	49.935267
	6.6193621	49.9354378
	6.6204177	49.9357383
	6.6207374	49.9358292
	6.6210811	49.9358315
	6.6217398	49.9357116
	6.6224404	49.9357489
	6.6245411	49.9358653
	6.6255099	49.9361563
	6.626328	49.9363238
	6.6270839	49.936599
	6.6274173	49.9368262
	6.6277134	49.9373012
	6.627539	49.9380161
	6.6271295	49.9384248
	6.6265742	49.9386523
	6.6264464	49.9386933
	6.6261318	49.9387942
	6.6256001	49.9389647
	6.6245949	49.939257
	6.6236682	49.9395421
	6.6230615	49.9398792
	6.6227206	49.9403054
	6.6222991	49.9408322
	6.6220767	49.9416666
	6.6222404	49.9423873
	6.6230498	49.9429804
	6.6244646	49.9435413
	6.625752	49.9437396
	6.628087	49.9440452
	6.6333025	49.9444393
	6.6345197	49.9452674
	6.6347446	49.9464551
	6.6335152	49.9470397
	6.6298267	49.946744
	6.6291945	49.9467734
	6.6271709	49.947475
	6.6266668	49.9484105
	6.6274267	49.949987
	6.6284515	49.9505418
	6.6286995	49.9505109
	6.6287134	49.9505133
	6.6290966	49.9505795
	6.6294979	49.9506814
	6.629633	49.9509288
	6.6295102	49.9512287
	6.6290934	49.9514786
	6.628558	49.9516333
	6.6277169	49.9518169
	6.6268945	49.9518932
	6.626095	49.9520655
	6.6253937	49.9522372
	6.6248796	49.9524979
	6.6247058	49.9528061
	6.6245996	49.953181
	6.624295	49.953819
	6.6240177	49.9543021
	6.6234628	49.9546924
	6.622516	49.9553381
	6.6221381	49.9555532
	6.6217264	49.9557875
	6.6210296	49.9560136
	6.6198735	49.9561081
	6.6186289	49.9558587
	6.6166968	49.9553313
	6.6157031	49.9548851
	6.6147591	49.9546989
	6.6138809	49.9547038
	6.6132329	49.9550475
	6.6128183	49.9556118
	6.6126944	49.9561301
	6.6122943	49.9567427
	6.6115653	49.9571813
	6.6108153	49.9575793
	6.6099197	49.9578816
	6.6092681	49.9579878
	6.6085098	49.9579367
	6.6078949	49.9578345
	6.6067668	49.9575394
	6.606514	49.9574449
	6.6060921	49.9572873
	6.6052502	49.9568892
	6.6039824	49.9564071
	6.6006518	49.9564491
	6.5998028	49.9551466
	6.5877864	49.956155
	6.5864226	49.9551052
	6.5705172	49.9487693
	6.5602498	49.9455765
	6.5570469	49.9439552
END
END
