6554124
1
	7.7330873	50.4295897
	7.7373993	50.4297533
	7.7412939	50.429894
	7.7430189	50.4299578
	7.7549099	50.4304223
	7.7527889	50.4327574
	7.761976	50.4347476
	7.7701319	50.4366466
	7.7692991	50.4437053
	7.7777876	50.4466769
	7.7873735	50.4459274
	7.7910273	50.4458305
	7.7910599	50.4470631
	7.7935089	50.4468483
	7.7931204	50.4494321
	7.7933038	50.4494758
	7.7935648	50.4492635
	7.7938545	50.449091
	7.7940505	50.4490159
	7.7954424	50.448545
	7.795586	50.4485538
	7.798596	50.4487389
	7.7971388	50.4498191
	7.800162	50.4505947
	7.8015589	50.451552
	7.8050882	50.4542367
	7.8075126	50.4548965
	7.8091724	50.4551393
	7.8095751	50.4551721
	7.8100035	50.4549845
	7.8095685	50.4568123
	7.8137026	50.4570966
	7.817239	50.455847
	7.8198127	50.4559059
	7.8201889	50.4569996
	7.8205348	50.4574856
	7.8187713	50.4589353
	7.8178687	50.4597963
	7.814926	50.4611776
	7.81308	50.4629184
	7.806075	50.4647642
	7.8041013	50.4645934
	7.8035804	50.4618517
	7.8023469	50.4616097
	7.7953031	50.4628266
	7.7888878	50.4647601
	7.78714	50.4651816
	7.7873282	50.466742
	7.783965	50.4657102
	7.7806045	50.4646829
	7.7791936	50.4657099
	7.7775002	50.4652025
	7.778037	50.4637274
	7.7777553	50.4633571
	7.7776442	50.4630919
	7.777311	50.4629387
	7.7769036	50.4629681
	7.776487	50.4628208
	7.7764315	50.4626617
	7.7758019	50.4623493
	7.7754964	50.4624319
	7.7742929	50.4621725
	7.7730524	50.4615596
	7.7711891	50.4611595
	7.7709403	50.4612845
	7.7704428	50.4611344
	7.7689931	50.4596831
	7.7670578	50.4579865
	7.7665602	50.4571696
	7.7658009	50.4565528
	7.7654081	50.4556692
	7.7655914	50.4545189
	7.7651986	50.4525682
	7.7651463	50.4512178
	7.7628682	50.4492003
	7.7490565	50.4365335
	7.7433143	50.4425855
	7.7424776	50.4434412
	7.7396145	50.4463634
	7.7372207	50.4485787
	7.7364794	50.4491682
	7.736516	50.4490044
	7.736644	50.4470123
	7.7370695	50.4453297
	7.7370878	50.4442255
	7.7366327	50.4427411
	7.7366929	50.4416883
	7.7368685	50.4406067
	7.7374264	50.4390243
	7.7364456	50.4362845
	7.7360811	50.4350644
	7.7354554	50.4337566
	7.7348034	50.4331953
	7.7345214	50.4328136
	7.7339838	50.4315843
	7.7330873	50.4295897
END
END
