6554051
1
	7.7391139	50.3306265
	7.7495796	50.3355186
	7.754508	50.3386753
	7.7563778	50.345501
	7.7570832	50.348076
	7.7592069	50.3494947
	7.7661195	50.3541121
	7.7667577	50.3541479
	7.7668909	50.3534812
	7.7670943	50.3534723
	7.7672626	50.3532844
	7.7678727	50.3530517
	7.7684802	50.3529225
	7.7690061	50.3527256
	7.7692796	50.3523543
	7.7699803	50.352815
	7.7701983	50.3529583
	7.7709155	50.3532782
	7.772032	50.3535373
	7.7724336	50.353455
	7.7727361	50.353493
	7.7736237	50.3537809
	7.77527	50.353898
	7.7755923	50.3540467
	7.7758452	50.3542207
	7.7761202	50.3543336
	7.776832	50.3546256
	7.7767675	50.3548661
	7.7769212	50.3550602
	7.7768782	50.3552709
	7.7765009	50.355321
	7.775813	50.3552882
	7.7751405	50.3559385
	7.775442	50.3564083
	7.775449	50.3567349
	7.7758558	50.3571062
	7.7755893	50.3575313
	7.7760999	50.358091
	7.7752535	50.3581787
	7.774299	50.3586945
	7.7733453	50.3593208
	7.7732802	50.3616036
	7.7748373	50.3620225
	7.7736054	50.3642525
	7.7734653	50.3645253
	7.7723237	50.3657339
	7.7716654	50.3662359
	7.7679082	50.3668215
	7.7669162	50.3670622
	7.7657661	50.3666596
	7.7648982	50.3658551
	7.7636318	50.364894
	7.763118	50.3641707
	7.7627678	50.3642939
	7.7618477	50.3648895
	7.7611409	50.3650991
	7.760103	50.3648888
	7.7595911	50.3646965
	7.7592404	50.3645981
	7.7581114	50.3645802
	7.756793	50.3648038
	7.7557692	50.3648575
	7.7547804	50.3648441
	7.7544017	50.3650007
	7.7537423	50.3648201
	7.7531171	50.3647413
	7.7525083	50.3645846
	7.7519614	50.3647233
	7.751786	50.364947
	7.7514153	50.3650722
	7.75085	50.3651387
	7.7500219	50.3651576
	7.7500021	50.365107
	7.7497195	50.3651956
	7.7494566	50.3651102
	7.7492831	50.3651134
	7.7491839	50.3651798
	7.7490302	50.3652209
	7.748579	50.3651513
	7.748455	50.3651861
	7.7482517	50.3651956
	7.7481724	50.3651355
	7.7480881	50.3651482
	7.7478352	50.3650849
	7.7476723	50.3649538
	7.7477905	50.3647812
	7.7470475	50.3645394
	7.7455145	50.3642182
	7.7444633	50.3640664
	7.744022	50.3640695
	7.7446517	50.3637247
	7.7445129	50.3635729
	7.7445228	50.3632629
	7.7440765	50.3631459
	7.7436253	50.3635792
	7.7430302	50.3638133
	7.7420583	50.363981
	7.741741	50.3638544
	7.7415377	50.3636899
	7.7415079	50.3626271
	7.7415818	50.3622418
	7.7422383	50.3622439
	7.7423111	50.3615105
	7.7426056	50.361025
	7.7429212	50.360761
	7.7431596	50.3606045
	7.7434051	50.3606984
	7.7441274	50.3603674
	7.7443167	50.3604524
	7.7448216	50.3601526
	7.7529352	50.3581752
	7.7555018	50.3558889
	7.7552889	50.3551633
	7.755032	50.3543274
	7.7543728	50.3537681
	7.7532368	50.3532581
	7.7527669	50.3529359
	7.7520376	50.3520723
	7.7492743	50.3501167
	7.7476335	50.3495028
	7.7482545	50.3490236
	7.7482853	50.3486008
	7.747614	50.3475212
	7.7483104	50.3472516
	7.7479673	50.346357
	7.7477099	50.3459778
	7.7468892	50.3461712
	7.7443011	50.34377
	7.7437567	50.3423908
	7.7457784	50.3391083
	7.7391139	50.3306265
END
END
