6554885
1
	8.0748746	49.8270936
	8.0763373	49.8256503
	8.0776721	49.8237743
	8.0797053	49.821531
	8.0810119	49.8203598
	8.0828388	49.8191335
	8.0837242	49.8172883
	8.0852765	49.8175841
	8.0863496	49.8176983
	8.0868441	49.8176195
	8.087526	49.8171772
	8.088952	49.8166549
	8.0904999	49.8163764
	8.0922171	49.8160007
	8.0924855	49.8152301
	8.092923	49.8143562
	8.0936419	49.8141612
	8.0940065	49.8145108
	8.0945182	49.8143002
	8.0951517	49.8136537
	8.0969345	49.8123513
	8.0972723	49.8120405
	8.096624	49.811413
	8.0990256	49.8103291
	8.0992326	49.8101885
	8.1006165	49.8104079
	8.1033747	49.8113076
	8.1072349	49.8128002
	8.1091857	49.8134754
	8.1111789	49.8141446
	8.1099399	49.8156265
	8.1139839	49.8171122
	8.1141467	49.820977
	8.1374479	49.8237407
	8.1435811	49.8243672
	8.1434355	49.8270445
	8.1434362	49.829105
	8.1433898	49.8312164
	8.1469231	49.831316
	8.1466421	49.8319119
	8.1491842	49.8320598
	8.1485174	49.8347208
	8.1479824	49.8360111
	8.1465572	49.8410961
	8.1449542	49.8415089
	8.1460567	49.8446851
	8.1452233	49.8448867
	8.1456686	49.8459486
	8.1417228	49.8462706
	8.1430771	49.8476411
	8.1381699	49.8482775
	8.1395544	49.8495743
	8.1353754	49.8517504
	8.1367323	49.8529312
	8.1312088	49.8564173
	8.1281535	49.8576721
	8.1268216	49.8590271
	8.1248253	49.8582843
	8.12403	49.8579338
	8.1233235	49.8575702
	8.1212877	49.85911
	8.1195402	49.8582269
	8.1177512	49.8601204
	8.1166424	49.8598485
	8.114126	49.8592491
	8.1127981	49.8619741
	8.111708	49.8618181
	8.1091739	49.8614739
	8.1081637	49.8641137
	8.1074218	49.8656242
	8.1070574	49.8663719
	8.1068746	49.8667572
	8.1067838	49.8669442
	8.1066791	49.8671311
	8.1025236	49.8665664
	8.0967006	49.8659371
	8.0913935	49.8642548
	8.0883713	49.862542
	8.0858527	49.8618758
	8.0869538	49.861545
	8.088848	49.8606831
	8.0895404	49.8605025
	8.0905531	49.8604432
	8.0919559	49.8590511
	8.0941625	49.8596404
	8.095723	49.8596709
	8.0963377	49.8585126
	8.0965268	49.8585634
	8.0985601	49.8574456
	8.0980931	49.8570057
	8.098143	49.8569247
	8.099136	49.8567316
	8.0991517	49.8562641
	8.1002866	49.8563556
	8.1015475	49.8565487
	8.1015318	49.8561422
	8.101784	49.8544451
	8.1030646	49.8544255
	8.1038653	49.8529627
	8.1050356	49.8518057
	8.1034195	49.8510871
	8.1038542	49.8504763
	8.1017499	49.8496033
	8.1053177	49.8444313
	8.1061044	49.8432909
	8.1052498	49.8429716
	8.1044585	49.8424325
	8.1031767	49.8415628
	8.1033328	49.8414047
	8.1027532	49.8410022
	8.1024162	49.8406074
	8.1033046	49.8401885
	8.1027716	49.8392964
	8.1028157	49.8391998
	8.1008011	49.8377143
	8.1011543	49.8374953
	8.0925985	49.8347143
	8.0929708	49.8343993
	8.094153	49.8339214
	8.0935383	49.8338808
	8.0937904	49.8334334
	8.0936959	49.8330166
	8.0935383	49.8325896
	8.093491	49.8323456
	8.0916311	49.8315933
	8.0910604	49.8303434
	8.0895568	49.8303341
	8.0869718	49.8299375
	8.0855532	49.8301714
	8.085467	49.8305303
	8.0847179	49.8312346
	8.0840269	49.830947
	8.0831576	49.8308248
	8.0836057	49.8303121
	8.0811783	49.8295191
	8.079155	49.8286972
	8.0748746	49.8270936
END
END
