6554342
1
	7.1236152	49.8805679
	7.1240946	49.8799233
	7.1256994	49.877452
	7.1252817	49.8771607
	7.1258625	49.8757814
	7.1278669	49.87335
	7.1295764	49.8723812
	7.1335261	49.8706145
	7.1315356	49.8694179
	7.1303271	49.8696839
	7.1299145	49.868867
	7.1403903	49.8643507
	7.1416103	49.8623623
	7.1443971	49.8598524
	7.1446072	49.8603518
	7.1470913	49.8651545
	7.1491065	49.8680366
	7.1500202	49.8713612
	7.1523193	49.8739067
	7.1530892	49.87611
	7.1529302	49.8769977
	7.153505	49.8765419
	7.1535915	49.8767324
	7.1531714	49.8772544
	7.1529213	49.8775767
	7.1519209	49.8780199
	7.1515666	49.8784363
	7.1511289	49.8779259
	7.1509205	49.8773752
	7.1512956	49.8765694
	7.1511532	49.876413
	7.1482351	49.8772867
	7.1461424	49.8759381
	7.142458	49.8766979
	7.1422284	49.87835
	7.1419218	49.8805558
	7.1371729	49.8839026
	7.136374	49.8832109
	7.1357256	49.8832299
	7.134075	49.8825841
	7.1333381	49.8826506
	7.1331495	49.8821553
	7.13169	49.8824372
	7.1308564	49.8830147
	7.1302728	49.8825581
	7.1288769	49.8821805
	7.1274918	49.8837911
	7.1250116	49.882381
	7.1247198	49.8825018
	7.1236986	49.8814812
	7.1236152	49.8805679
END
END
