6554920
1
	8.1116854	49.5921799
	8.1125375	49.5909684
	8.1133069	49.5898929
	8.1135728	49.5899422
	8.1150235	49.5846509
	8.1119401	49.5843727
	8.1120339	49.5840859
	8.1118629	49.583528
	8.1143934	49.5834427
	8.1151364	49.5818876
	8.1161317	49.5791177
	8.116391	49.5754255
	8.1161328	49.5735024
	8.1151309	49.5722836
	8.1157101	49.5713999
	8.1157638	49.5710608
	8.1146877	49.5693128
	8.1141534	49.56948
	8.1139389	49.5688801
	8.1139389	49.5686453
	8.1141936	49.5682454
	8.1146494	49.5678715
	8.1159766	49.5676455
	8.1170625	49.5672455
	8.1175049	49.5673151
	8.1182021	49.5673238
	8.1180105	49.5666507
	8.1190735	49.5666108
	8.1190869	49.5661239
	8.1193416	49.5659152
	8.1220255	49.5665736
	8.1226958	49.565251
	8.1231382	49.5651206
	8.1239426	49.564738
	8.1230712	49.5635207
	8.1233445	49.5631065
	8.1262824	49.5633968
	8.1262678	49.5636076
	8.1259568	49.5646758
	8.1246564	49.567093
	8.1230461	49.5692677
	8.1250664	49.5701302
	8.1249074	49.5702824
	8.1256116	49.5705574
	8.1250513	49.5715999
	8.1261796	49.5717678
	8.1262326	49.5721165
	8.126952	49.5721607
	8.1268535	49.5736623
	8.1283387	49.57383
	8.1281888	49.5747328
	8.128328	49.5754411
	8.1289384	49.5754966
	8.128842	49.5761008
	8.1292431	49.5760799
	8.129211	49.5765452
	8.1313636	49.5766216
	8.1316313	49.5767049
	8.1314385	49.5777187
	8.131053	49.5780729
	8.131081	49.5786412
	8.1327964	49.5792978
	8.1343248	49.5795151
	8.1376002	49.5806644
	8.1404258	49.5815989
	8.1399429	49.5843432
	8.1399301	49.591057
	8.1404278	49.5911522
	8.1397258	49.592834
	8.1403085	49.5931911
	8.1399669	49.5935594
	8.1372597	49.5917357
	8.1374544	49.5931536
	8.135268	49.5939136
	8.1334546	49.594578
	8.1310087	49.5955792
	8.1295044	49.59595
	8.1264893	49.597201
	8.1220281	49.5952908
	8.1213289	49.5959774
	8.1197412	49.59543
	8.1170308	49.5943017
	8.115397	49.5936767
	8.1151221	49.5935578
	8.1148601	49.5934478
	8.1145172	49.5932378
	8.1142812	49.5930508
	8.1140022	49.5929098
	8.1120872	49.592253
	8.1116854	49.5921799
END
END
