6554082
1
	7.7580533	50.2726279
	7.7583647	50.2722355
	7.7598513	50.2727515
	7.7605993	50.2731578
	7.76214	50.273718
	7.7655271	50.2761486
	7.7668538	50.2752452
	7.7687238	50.2744683
	7.7704816	50.2732732
	7.7725597	50.2727348
	7.773006	50.2729864
	7.7736418	50.2735242
	7.7745768	50.2751615
	7.7746703	50.2759861
	7.7753664	50.2769314
	7.7754073	50.2794673
	7.7772094	50.2817861
	7.7947431	50.289926
	7.7919058	50.2906688
	7.7832998	50.2910071
	7.7699274	50.2888078
	7.7698162	50.2834747
	7.7611732	50.2807133
	7.7627145	50.2785621
	7.761924	50.2759727
	7.7622678	50.2750262
	7.7609933	50.2742772
	7.7587541	50.2733294
	7.7580533	50.2726279
END
END
