6554938
1
	7.8911518	49.6246074
	7.8920144	49.624441
	7.8924852	49.6229261
	7.8917299	49.622283
	7.8914362	49.6222295
	7.8916794	49.6209335
	7.8938412	49.6191784
	7.8948867	49.6179608
	7.898429	49.6169976
	7.8996403	49.6163793
	7.9010536	49.6164387
	7.9017143	49.6162604
	7.902999	49.6162366
	7.9036231	49.6165814
	7.9045499	49.6176397
	7.9071378	49.6169382
	7.9105149	49.6140604
	7.9126255	49.6150117
	7.9140755	49.614869
	7.9174525	49.6129069
	7.9196228	49.6122647
	7.9202102	49.612336
	7.9212013	49.6121577
	7.9220731	49.611456
	7.9250463	49.6097434
	7.9264963	49.6098862
	7.9268098	49.609844
	7.9279095	49.6096959
	7.9283016	49.6095017
	7.9290383	49.6091369
	7.9297121	49.6089068
	7.9303239	49.6086978
	7.9311656	49.6084103
	7.9314059	49.6083282
	7.9316457	49.6081665
	7.9320673	49.6078821
	7.935462	49.6055926
	7.9383986	49.6058067
	7.9393897	49.6061635
	7.9418675	49.6058305
	7.9428474	49.6058827
	7.9437342	49.6057007
	7.9440395	49.6057377
	7.9450029	49.6064066
	7.9458837	49.6067188
	7.9469137	49.6069045
	7.9482268	49.6076054
	7.948409	49.6078318
	7.9472634	49.608908
	7.9469607	49.6094342
	7.9479928	49.6095501
	7.9497407	49.6096304
	7.9500572	49.6097285
	7.9495893	49.610317
	7.9498783	49.6112267
	7.949493	49.6118776
	7.9497536	49.6123392
	7.9491735	49.617546
	7.9598514	49.6222366
	7.9701181	49.6233017
	7.9690102	49.6242571
	7.9681281	49.6260619
	7.9670269	49.626877
	7.9673626	49.6271513
	7.9675378	49.6270977
	7.9703468	49.6278033
	7.9714075	49.6281626
	7.9727213	49.6284022
	7.9716576	49.6290709
	7.9703227	49.6288926
	7.9684372	49.6289461
	7.9675564	49.628848
	7.9653759	49.6293444
	7.9686168	49.6309726
	7.9687044	49.6313003
	7.968177	49.6317156
	7.9671998	49.6318092
	7.9668076	49.6321078
	7.9661883	49.6320944
	7.9659818	49.6321702
	7.965624	49.6324822
	7.9653223	49.6325694
	7.9650498	49.6325505
	7.9647968	49.6326262
	7.9644076	49.6329917
	7.9639696	49.6335338
	7.963269	49.6340695
	7.9625404	49.6342858
	7.9622652	49.6342813
	7.961873	49.6343928
	7.9614601	49.6346245
	7.9612605	49.6347003
	7.9609784	49.63462
	7.9608075	49.6346166
	7.9605793	49.6346602
	7.9600907	49.6349097
	7.9598499	49.6351281
	7.958109	49.6357876
	7.9586251	49.6362957
	7.9581509	49.6368103
	7.9578963	49.6369886
	7.9575523	49.6370376
	7.9574215	49.6368683
	7.9566973	49.6373967
	7.956454	49.6374534
	7.95466	49.6382158
	7.954261	49.6386444
	7.9543486	49.6387704
	7.9540275	49.6389595
	7.9533405	49.639161
	7.953079	49.6388357
	7.9522876	49.639464
	7.9523152	49.6398963
	7.9518817	49.639669
	7.9512167	49.6400644
	7.950969	49.6404654
	7.9502877	49.6408353
	7.9502464	49.6409378
	7.9497693	49.6410352
	7.949556	49.6411733
	7.9494183	49.641454
	7.9485858	49.6419436
	7.9483243	49.6420327
	7.948238	49.6421943
	7.9470497	49.6425445
	7.9466118	49.6427966
	7.9461544	49.6429037
	7.944231	49.6431725
	7.9431995	49.6432292
	7.9423466	49.6431834
	7.9420255	49.6430637
	7.9409481	49.6431866
	7.9404129	49.643697
	7.939524	49.6440522
	7.9379492	49.6441032
	7.9368782	49.6440084
	7.9366649	49.6440575
	7.9362864	49.6440218
	7.9358391	49.6441065
	7.9338603	49.6433551
	7.933595	49.6433766
	7.9321742	49.6436035
	7.9298051	49.6432599
	7.9290518	49.6433855
	7.9287112	49.6436124
	7.9276699	49.6438707
	7.9271779	49.6442057
	7.9267497	49.6443381
	7.9264189	49.6443381
	7.9258934	49.6445082
	7.9256094	49.6446976
	7.9255315	49.6449433
	7.9251325	49.6452017
	7.9249447	49.6453524
	7.9247184	49.6453271
	7.9239138	49.6448848
	7.9228403	49.6441362
	7.9212287	49.6435599
	7.9204984	49.6429603
	7.918416	49.640931
	7.9181225	49.6409136
	7.9178357	49.6408688
	7.9169112	49.6409444
	7.915268	49.6413053
	7.9148203	49.6416393
	7.9133508	49.6416204
	7.9132827	49.6417591
	7.9119203	49.6418158
	7.9108086	49.6415153
	7.9058492	49.6405785
	7.9021392	49.6395183
	7.9025402	49.6388131
	7.9016042	49.6385873
	7.9007782	49.6379217
	7.8964284	49.6365072
	7.896924	49.6356038
	7.8979151	49.6358534
	7.8982638	49.6357465
	7.8957746	49.6342678
	7.8928665	49.6322343
	7.8923005	49.6298951
	7.8915372	49.6298266
	7.8915005	49.6276153
	7.8911518	49.6246074
END
END
