6554687
1
	6.9748494	50.3424833
	6.9750833	50.3411791
	6.9761566	50.3400853
	6.9767679	50.3401433
	6.976634	50.3396183
	6.9770419	50.3389799
	6.9765549	50.338762
	6.9765788	50.3384873
	6.9763955	50.338411
	6.9766473	50.3380618
	6.9771362	50.3382133
	6.9781252	50.338446
	6.9791282	50.3383381
	6.98261	50.3372052
	6.9828692	50.3369966
	6.9833538	50.33586
	6.9833718	50.3354324
	6.9840146	50.3354292
	6.985218	50.3352969
	6.9868278	50.3355106
	6.9859658	50.3330373
	6.9844038	50.3321471
	6.985478	50.3319373
	6.9855839	50.3320011
	6.9861258	50.3320011
	6.9869547	50.3317416
	6.9877516	50.3313754
	6.9881979	50.3309938
	6.9892498	50.330653
	6.9899432	50.3304851
	6.9904691	50.3305258
	6.9957086	50.3290054
	6.9953567	50.3302944
	7.0009335	50.3313998
	7.0104361	50.3318621
	7.012444	50.3370449
	7.0155204	50.3408852
	7.0145465	50.3409842
	7.0140706	50.3411442
	7.0127348	50.3413542
	7.0120549	50.3415981
	7.011533	50.3418421
	7.0108301	50.3419871
	7.0102591	50.342708
	7.0095762	50.3435589
	7.0095292	50.3438219
	7.0097082	50.3440968
	7.0094762	50.3448908
	7.0097462	50.3449937
	7.0095622	50.3455577
	7.0093333	50.3458896
	7.0095132	50.3462066
	7.0094612	50.3472515
	7.0097092	50.3474535
	7.0096802	50.3483774
	7.0090393	50.3495362
	7.0085404	50.3496782
	7.0084964	50.3493722
	7.0084034	50.3493802
	7.0083163	50.3493881
	7.0073885	50.3494722
	7.0072806	50.3488503
	7.0061477	50.3489493
	7.0038851	50.3490293
	7.0033641	50.3489683
	7.0027102	50.3488503
	7.0018274	50.3488343
	7.0013274	50.3490673
	7.0007185	50.3489343
	7.0005125	50.3492243
	6.9996767	50.3491473
	6.9997017	50.3487853
	6.9992057	50.3486823
	6.9988008	50.3484073
	6.9984858	50.3482474
	6.9981469	50.3481904
	6.9979419	50.3484033
	6.997558	50.3483044
	6.997265	50.3482584
	6.9967671	50.3482704
	6.9965891	50.3479954
	6.9962042	50.3481254
	6.9957512	50.3481944
	6.9950493	50.3482394
	6.9949344	50.3484993
	6.9943464	50.3484953
	6.9939425	50.3485183
	6.9936006	50.3485373
	6.9934456	50.3483194
	6.9928807	50.3483613
	6.9922907	50.3484763
	6.9918368	50.3486473
	6.9912719	50.3486473
	6.9909339	50.3485603
	6.9889169	50.3478602
	6.9883026	50.3496518
	6.9882292	50.3500833
	6.9876179	50.3505657
	6.9866422	50.3498264
	6.9851885	50.3494831
	6.9847767	50.3487395
	6.9842324	50.3487481
	6.9844005	50.3475009
	6.9837228	50.3467071
	6.9837641	50.3452898
	6.9839292	50.3440535
	6.9840964	50.3437395
	6.9843417	50.3435212
	6.9843567	50.3433581
	6.9843587	50.3431562
	6.9841577	50.3428962
	6.9839587	50.3426957
	6.9837627	50.3425826
	6.9834818	50.3425452
	6.9830069	50.3425302
	6.982375	50.3425422
	6.9811532	50.3426102
	6.9793894	50.3427362
	6.9792114	50.3424612
	6.9787015	50.3423349
	6.9784535	50.3421466
	6.9755036	50.3427197
	6.9748494	50.3424833
END
END
