6554145
1
	7.809234	50.3592956
	7.8105856	50.3592589
	7.8116393	50.3591382
	7.8120902	50.3591992
	7.8126551	50.3592142
	7.8158647	50.3589472
	7.8162256	50.3588592
	7.8175344	50.3592522
	7.8180473	50.3593092
	7.8184521	50.3593153
	7.8188021	50.3593206
	7.8196685	50.3593338
	7.8199864	50.3593386
	7.8204203	50.3593452
	7.8225856	50.359378
	7.8235875	50.3593932
	7.8240415	50.3589932
	7.8243909	50.3587298
	7.8251503	50.3581573
	7.8249933	50.3580123
	7.8254683	50.3577224
	7.8260342	50.3574364
	7.8261692	50.3572764
	7.8261922	50.3571464
	7.8261032	50.3570325
	7.8259002	50.3569135
	7.8257067	50.3567612
	7.8253143	50.3564525
	7.8256323	50.3563075
	7.8250913	50.3560476
	7.8248444	50.3558306
	7.8245484	50.3552817
	7.8242845	50.3547887
	7.8241725	50.3544267
	7.8242645	50.3541518
	7.8241525	50.3539498
	7.8242195	50.3537368
	7.8243795	50.3535918
	7.8260752	50.3529159
	7.8271151	50.352569
	7.8282009	50.352344
	7.8285628	50.352199
	7.8287668	50.352069
	7.8289602	50.3520117
	7.8291518	50.351955
	7.8292437	50.3519436
	7.8294897	50.351913
	7.8298747	50.3517951
	7.8312995	50.3514661
	7.8315934	50.3514401
	7.8320673	50.3514551
	7.8324723	50.3516271
	7.8330352	50.3518061
	7.8335541	50.351924
	7.83466	50.351989
	7.8350209	50.351932
	7.8353399	50.3517451
	7.8356148	50.3514861
	7.8358678	50.3511121
	7.8361178	50.3509252
	7.8365717	50.3508412
	7.8370686	50.3508292
	7.8379495	50.3508032
	7.8382664	50.3506922
	7.8394383	50.3508562
	7.8416519	50.3508482
	7.8420724	50.3508809
	7.8424878	50.3509132
	7.8428504	50.3509942
	7.8432757	50.3510892
	7.8438396	50.3511352
	7.8445405	50.3512261
	7.8446712	50.3512501
	7.8453514	50.3513751
	7.8462963	50.3516231
	7.8468372	50.3516991
	7.847783	50.3519471
	7.848436	50.352252
	7.8497618	50.35268
	7.8510701	50.3532653
	7.851823	50.3536022
	7.8525867	50.3539439
	7.8538805	50.3545227
	7.8544563	50.3547722
	7.8533631	50.355434
	7.8531084	50.3556896
	7.8529158	50.3559492
	7.8526058	50.3566848
	7.8525991	50.356936
	7.8527543	50.3574076
	7.8527202	50.358004
	7.8527512	50.3584537
	7.8527512	50.3589372
	7.8527155	50.3590728
	7.8525969	50.3592045
	7.8524542	50.3592816
	7.851769	50.359531
	7.8516065	50.359608
	7.8514506	50.3597341
	7.8513474	50.3598644
	7.8513013	50.3600017
	7.851354	50.3604388
	7.851343	50.3606042
	7.8512222	50.3608101
	7.8511541	50.3610062
	7.8511849	50.3615806
	7.8511036	50.3617137
	7.8506249	50.3621368
	7.8503965	50.3624576
	7.8502625	50.3625879
	7.8500211	50.3626466
	7.8487014	50.3627818
	7.8482203	50.3628612
	7.8477372	50.3629816
	7.8474846	50.3630811
	7.8472738	50.3632464
	7.8471069	50.3634215
	7.8469056	50.3637379
	7.8468275	50.3638357
	7.846686	50.363934
	7.8461679	50.3641712
	7.8459025	50.3642594
	7.8457073	50.3642813
	7.8445485	50.3646112
	7.8443912	50.3646315
	7.844129	50.3645859
	7.8438969	50.3646538
	7.843684	50.3646741
	7.8434917	50.3646345
	7.8422877	50.364286
	7.8422469	50.3643975
	7.8418508	50.3643343
	7.8414196	50.3643343
	7.8410817	50.3642748
	7.8404758	50.3641039
	7.8394737	50.3637619
	7.8389319	50.3636913
	7.8383144	50.3637619
	7.83779	50.3639589
	7.8361296	50.3641633
	7.8347721	50.3646651
	7.8335428	50.3653377
	7.8309735	50.3659063
	7.828445	50.3669618
	7.8276179	50.3675236
	7.8266339	50.3672663
	7.8252115	50.3669244
	7.8231792	50.3664303
	7.8205232	50.3659532
	7.8204386	50.3658806
	7.8202672	50.3659009
	7.8215406	50.3671933
	7.8221488	50.369288
	7.8223514	50.3708249
	7.822351	50.3731221
	7.8218194	50.3730337
	7.8214656	50.3729749
	7.8210355	50.3729034
	7.8208864	50.3726015
	7.820947	50.3719395
	7.8207652	50.3714805
	7.8204773	50.3709586
	7.819835	50.3699569
	7.819553	50.3694196
	7.8188333	50.3684193
	7.817803	50.3674045
	7.8186363	50.3668294
	7.8193561	50.3664573
	7.8170378	50.3652298
	7.8174621	50.3649447
	7.8149573	50.3637764
	7.809234	50.3592956
END
END
