6555262
1
	8.2656274	49.8381655
	8.26737	49.828619
	8.2702507	49.8290513
	8.2711086	49.8257644
	8.2712811	49.8257597
	8.2720697	49.8242522
	8.2723728	49.8239854
	8.2744568	49.8225768
	8.2752649	49.8217353
	8.2752508	49.8211187
	8.2763424	49.819893
	8.2769945	49.8189783
	8.2778091	49.8192743
	8.2788167	49.8174853
	8.292194	49.8229577
	8.296516	49.8211177
	8.2979659	49.8215807
	8.3005693	49.8221192
	8.3037317	49.8235382
	8.3061748	49.8245282
	8.307433	49.8249641
	8.3086026	49.8253214
	8.3096263	49.8256477
	8.3097769	49.8254171
	8.3109102	49.8255994
	8.3103097	49.8269935
	8.3096022	49.8285014
	8.3099801	49.8288447
	8.3092268	49.8298905
	8.3086341	49.8307844
	8.308048	49.8311527
	8.3076674	49.8315456
	8.3067246	49.8314457
	8.3058291	49.8316912
	8.3056228	49.832638
	8.3043585	49.8323414
	8.3044709	49.8339008
	8.3042623	49.8345338
	8.3035151	49.8353708
	8.3025702	49.8364169
	8.3022792	49.8369411
	8.2995216	49.8372331
	8.2968962	49.8395009
	8.2957516	49.8391043
	8.2938671	49.8406816
	8.2908268	49.843952
	8.2888326	49.8461087
	8.2872161	49.8459193
	8.2858225	49.8457707
	8.2825947	49.8451706
	8.2763932	49.8429649
	8.27662	49.8425626
	8.2736712	49.8419409
	8.2738221	49.8412287
	8.2686808	49.8401489
	8.268539	49.8386494
	8.2656274	49.8381655
END
END
