6555374
1
	7.3777247	49.3191293
	7.3777317	49.3188233
	7.3778567	49.3186673
	7.3782676	49.3184573
	7.3800953	49.3171018
	7.3806283	49.3167065
	7.3808942	49.3165126
	7.3811622	49.3163136
	7.3819551	49.3169045
	7.3829969	49.3174845
	7.3832599	49.3177364
	7.3838428	49.3185913
	7.3842628	49.3190563
	7.3849981	49.3195976
	7.3854393	49.3198571
	7.385712	49.3200014
	7.3860771	49.3201476
	7.3879012	49.3203231
	7.3882862	49.3203531
	7.3887941	49.3203301
	7.3899119	49.3201972
	7.3902969	49.3202122
	7.3905399	49.3202661
	7.3919077	49.3207311
	7.3923116	49.3208001
	7.3927385	49.3208191
	7.3928405	49.3207921
	7.3930075	49.3205821
	7.3931185	49.3201322
	7.3933755	49.3180184
	7.3934685	49.3178366
	7.3937354	49.3173625
	7.3940074	49.3169925
	7.3942753	49.3165576
	7.3944283	49.3163216
	7.3953482	49.3163936
	7.3958851	49.3151467
	7.3983888	49.313033
	7.4005724	49.3145398
	7.4015163	49.3149058
	7.4021622	49.3151007
	7.4027651	49.3151387
	7.403432	49.3155167
	7.403685	49.3156807
	7.4042049	49.3162946
	7.4047998	49.3169125
	7.4055837	49.3163896
	7.4057827	49.3140099
	7.4058747	49.3135749
	7.4062126	49.313037
	7.4073585	49.3109842
	7.4081145	49.3099156
	7.4096273	49.3103652
	7.4127082	49.3100028
	7.4137519	49.309615
	7.4159003	49.3106965
	7.4170279	49.3108311
	7.4175837	49.3110382
	7.4181396	49.3114109
	7.4183511	49.3127798
	7.4193411	49.313602
	7.4223089	49.3156761
	7.4236417	49.3147855
	7.424832	49.3156347
	7.4248769	49.3169085
	7.4251257	49.3177396
	7.4249193	49.3185824
	7.4257133	49.3185678
	7.4266821	49.3189094
	7.4281908	49.3193338
	7.4316529	49.3200067
	7.4363291	49.3210208
	7.4413481	49.32202
	7.4432511	49.321996
	7.446453	49.3239938
	7.4468063	49.3242479
	7.4474801	49.3244162
	7.4478328	49.3243675
	7.4481202	49.3248261
	7.4489175	49.3246504
	7.4500292	49.3246651
	7.4500966	49.3245114
	7.4507591	49.324548
	7.4507752	49.3251629
	7.4506279	49.3257684
	7.4505033	49.3271321
	7.4507372	49.3271687
	7.4506627	49.3274266
	7.4503372	49.3274577
	7.4504033	49.327847
	7.4503696	49.3288203
	7.4501284	49.3295041
	7.4490012	49.3302434
	7.4483885	49.3303751
	7.4458793	49.3315342
	7.445117	49.3317309
	7.4444341	49.3317309
	7.4431954	49.3316067
	7.4423378	49.3312755
	7.4411781	49.3317835
	7.4323579	49.3321852
	7.4231757	49.3330122
	7.4156308	49.3367051
	7.4050668	49.3348612
	7.3970769	49.3352465
	7.3963735	49.333142
	7.396091	49.3322968
	7.396012	49.3321948
	7.3958531	49.3320838
	7.3948112	49.3315079
	7.3940547	49.3310222
	7.3939313	49.330943
	7.3933914	49.330539
	7.3933344	49.330436
	7.3938024	49.3294861
	7.3938714	49.3291542
	7.3933704	49.3279223
	7.3927815	49.3279293
	7.3922746	49.3279373
	7.3905278	49.3263315
	7.3896118	49.3257797
	7.3890061	49.3254306
	7.3877182	49.3250226
	7.3872353	49.3248206
	7.3869963	49.3246447
	7.3865724	49.3238787
	7.3849253	49.3209618
	7.3847693	49.320774
	7.3830987	49.3206861
	7.3825803	49.3204722
	7.3813552	49.320485
	7.3807626	49.320573
	7.3807304	49.3205568
	7.3806928	49.3205493
	7.379839	49.3204306
	7.3793369	49.320398
	7.3787519	49.3204173
	7.3779498	49.3204921
	7.3778267	49.3200022
	7.3777247	49.3191293
END
END
