6555247
1
	8.2563309	49.5333186
	8.2567401	49.5324009
	8.2569941	49.5318585
	8.2572817	49.5306514
	8.2576965	49.5292895
	8.2579419	49.5286603
	8.2611251	49.5289988
	8.2615664	49.5278559
	8.2660935	49.5284241
	8.266654	49.5274025
	8.2672205	49.5265042
	8.2675226	49.5258087
	8.2677536	49.5251948
	8.2678455	49.5248438
	8.2679155	49.5236959
	8.2684135	49.5222801
	8.2687204	49.5214142
	8.2687494	49.5213302
	8.2686695	49.5210332
	8.2699723	49.5169627
	8.2700213	49.5167947
	8.2700843	49.5165697
	8.2701373	49.5163748
	8.2705572	49.5151009
	8.2709172	49.5134641
	8.2711795	49.5125233
	8.2714564	49.5106677
	8.2714501	49.5100425
	8.2714343	49.5085324
	8.2690976	49.5082052
	8.26736	49.5079947
	8.2640314	49.50761
	8.2647229	49.5054893
	8.2644336	49.5054779
	8.26533	49.5038172
	8.26587	49.5027413
	8.2697998	49.503559
	8.271972	49.5034987
	8.2740566	49.5037397
	8.2745758	49.502206
	8.2753701	49.5007273
	8.2762391	49.4988467
	8.2753311	49.4988271
	8.2737734	49.4984785
	8.2734182	49.4984239
	8.2728694	49.4983822
	8.2722034	49.498365
	8.2714825	49.4983044
	8.2710243	49.498224
	8.2705627	49.4980704
	8.2710989	49.4964991
	8.2706087	49.496189
	8.2687508	49.4958055
	8.2687738	49.4957198
	8.2718745	49.496348
	8.2731548	49.4965358
	8.2772508	49.4971366
	8.2800418	49.4978143
	8.2827428	49.498309
	8.2835216	49.4986221
	8.2867553	49.498814
	8.2870723	49.4987001
	8.2938793	49.5001806
	8.2996459	49.5013735
	8.3012731	49.5025926
	8.3107146	49.501707
	8.3107294	49.5021006
	8.3110381	49.5041996
	8.3111489	49.5059243
	8.3111598	49.5060862
	8.3111725	49.5061522
	8.3113194	49.5075789
	8.3114066	49.5087727
	8.3114065	49.5090916
	8.3115087	49.5103067
	8.3115526	49.5105305
	8.31154	49.5106819
	8.311666	49.5117153
	8.311662	49.5118243
	8.3117456	49.512529
	8.311806	49.5130383
	8.311808	49.5131773
	8.3117792	49.5133465
	8.3114582	49.5143238
	8.311424	49.5144152
	8.3112437	49.5150859
	8.311196	49.5155363
	8.311169	49.5162658
	8.311176	49.5163981
	8.3113521	49.5173364
	8.311381	49.5174133
	8.3114829	49.5181806
	8.311492	49.5183213
	8.3115023	49.5185105
	8.311501	49.5188903
	8.3114889	49.5190029
	8.3114648	49.5190765
	8.3113795	49.5191831
	8.3097478	49.5202801
	8.3094908	49.520476
	8.309346	49.5206512
	8.3093245	49.5206924
	8.3093124	49.52075
	8.3100657	49.5218349
	8.3113417	49.5235798
	8.3127943	49.524917
	8.3145204	49.5255336
	8.3145021	49.5255545
	8.3143789	49.5256671
	8.3143929	49.5258466
	8.3139877	49.525834
	8.3134408	49.5258478
	8.3126224	49.5258896
	8.3125413	49.5258581
	8.3125179	49.5257957
	8.312448	49.5258011
	8.3132125	49.5279196
	8.3129538	49.5288116
	8.3133035	49.5296914
	8.3138699	49.5313076
	8.3138024	49.5313179
	8.3127459	49.5313679
	8.3128282	49.5318971
	8.313028	49.5328268
	8.3131192	49.5331391
	8.3135743	49.5346995
	8.312895	49.5347781
	8.3085873	49.5351061
	8.3076665	49.5350524
	8.306251	49.5349368
	8.3062469	49.5349194
	8.3060847	49.5349195
	8.3043146	49.5349368
	8.3043155	49.5350228
	8.3027186	49.5350291
	8.3027065	49.5349989
	8.2993911	49.5349263
	8.2956206	49.5347468
	8.2956115	49.5347453
	8.2955681	49.5347197
	8.2889269	49.5347084
	8.288959	49.5361591
	8.2887823	49.5375476
	8.2849425	49.536905
	8.2800422	49.5364178
	8.2794598	49.5363816
	8.2753557	49.5357555
	8.2718514	49.5351226
	8.2568154	49.5335905
	8.2567107	49.533343
	8.2563309	49.5333186
END
END
