6555068
1
	7.4424193	49.3545564
	7.4426213	49.3544344
	7.4429793	49.3542084
	7.4469777	49.3524466
	7.4475856	49.3525036
	7.4483175	49.3524766
	7.4488274	49.3524156
	7.4491544	49.3523246
	7.4493824	49.3521417
	7.4496893	49.3519887
	7.4526269	49.3510158
	7.4537637	49.3506388
	7.4544026	49.3503029
	7.4550006	49.3498749
	7.4554945	49.3496429
	7.4558624	49.349513
	7.4560704	49.34933
	7.4561804	49.34896
	7.4561524	49.3484721
	7.4561704	49.3482201
	7.4561814	49.3480751
	7.4563714	49.3477961
	7.4569723	49.3477732
	7.458899	49.3476972
	7.4598989	49.3476592
	7.4641763	49.3474912
	7.46579	49.3471252
	7.4696885	49.3454464
	7.4699884	49.3448405
	7.4702144	49.3447365
	7.4706923	49.3451265
	7.4711433	49.3449315
	7.4714402	49.3447445
	7.4721301	49.3443096
	7.4722151	49.3442526
	7.473326	49.3436726
	7.4748478	49.3428787
	7.4752007	49.3425778
	7.4782013	49.3411399
	7.4806059	49.3416169
	7.4836305	49.3417009
	7.4843804	49.340926
	7.4855872	49.340514
	7.4860592	49.340308
	7.4862561	49.3400341
	7.487071	49.340464
	7.4863261	49.3410519
	7.486835	49.3418379
	7.486892	49.3428567
	7.486837	49.3434517
	7.487199	49.3435737
	7.4875619	49.3436997
	7.4892447	49.3446945
	7.4902276	49.3453515
	7.4919623	49.3465103
	7.4922553	49.3467323
	7.4948339	49.3487041
	7.4943539	49.349246
	7.494017	49.349719
	7.493872	49.349841
	7.493768	49.349936
	7.4934401	49.3500969
	7.4932261	49.3502759
	7.4930561	49.3508019
	7.4929721	49.3509398
	7.4926182	49.3511038
	7.4921503	49.3514008
	7.4917163	49.3517178
	7.493796	49.3521527
	7.49418	49.3530796
	7.4954078	49.3526827
	7.4957277	49.3537585
	7.4991773	49.3513478
	7.5001041	49.3508369
	7.5002821	49.3508099
	7.5023568	49.3508599
	7.4997432	49.3532436
	7.4996522	49.3533616
	7.4996432	49.3535456
	7.4997562	49.3538505
	7.4999271	49.3539795
	7.5016649	49.3547964
	7.5014419	49.3549414
	7.5022098	49.3555363
	7.5022748	49.3556393
	7.5023138	49.3560433
	7.5024478	49.3560433
	7.5026017	49.3560433
	7.5032326	49.3591768
	7.505239	49.3636873
	7.5058297	49.3657684
	7.5022738	49.3653814
	7.5012369	49.3663647
	7.4959038	49.3679486
	7.4929236	49.3706884
	7.4903828	49.3719654
	7.4866102	49.3723357
	7.4863786	49.3749656
	7.4846587	49.3759963
	7.4838583	49.3770031
	7.4821302	49.3778913
	7.4815831	49.3785483
	7.4794673	49.3770268
	7.4674968	49.3743303
	7.459082	49.372793
	7.458139	49.3654928
	7.450041	49.3588227
	7.4424193	49.3545564
END
END
