6555036
1
	7.7323043	49.5602267
	7.7334928	49.5590265
	7.7343727	49.5584339
	7.7381162	49.5535379
	7.7387739	49.5528273
	7.7405437	49.5520055
	7.7456827	49.5492715
	7.7470658	49.5475405
	7.7466062	49.5455342
	7.7471432	49.5447465
	7.7508759	49.5439038
	7.7513413	49.5390335
	7.7549166	49.5369048
	7.7512484	49.5347807
	7.7496091	49.5322694
	7.7575302	49.5321714
	7.7584251	49.533762
	7.75966	49.5353129
	7.7609063	49.5366337
	7.7617295	49.5368081
	7.7628844	49.5368155
	7.7638505	49.5364631
	7.7641993	49.5362145
	7.7645194	49.5360587
	7.764971	49.5359065
	7.7645766	49.5351942
	7.765497	49.5344596
	7.7661259	49.5336507
	7.7664746	49.5332834
	7.7667204	49.5331164
	7.7667781	49.5329943
	7.7685156	49.5326712
	7.769739	49.5322964
	7.7703907	49.5321332
	7.7709796	49.5321925
	7.7719856	49.5321556
	7.7722378	49.5334661
	7.772348	49.5339121
	7.7718109	49.5352765
	7.7709967	49.5361625
	7.7696999	49.5376803
	7.7688968	49.5387797
	7.768426	49.5394241
	7.7680901	49.5400491
	7.7677781	49.540633
	7.7680601	49.540831
	7.7677351	49.5414919
	7.7671732	49.5420938
	7.7668584	49.5420822
	7.7663303	49.5426018
	7.7658054	49.5428148
	7.7655264	49.5429257
	7.7652265	49.5430517
	7.7644706	49.5434027
	7.7635607	49.5438256
	7.7634727	49.5440246
	7.7635387	49.5442076
	7.7636477	49.5445166
	7.7641696	49.5451495
	7.7650355	49.5456954
	7.7670009	49.5471254
	7.7677318	49.5474616
	7.7681666	49.5476701
	7.7685104	49.5478296
	7.7688079	49.5494635
	7.7690659	49.5503116
	7.7692525	49.5507936
	7.769487	49.5513108
	7.7700797	49.5517357
	7.7708948	49.5522558
	7.7719676	49.5528357
	7.7727022	49.5532627
	7.7737003	49.5539546
	7.7742051	49.5543576
	7.7751308	49.5549411
	7.7758934	49.5553435
	7.7770619	49.5557525
	7.777937	49.5561161
	7.7788885	49.5566357
	7.7800513	49.5572133
	7.7816358	49.5581748
	7.782238	49.5586008
	7.7825483	49.5589111
	7.7830412	49.5591192
	7.7824749	49.5600688
	7.7820228	49.5606766
	7.782153	49.5607288
	7.781818	49.5610377
	7.7817467	49.5611178
	7.7814479	49.5616387
	7.779121	49.5637605
	7.7774158	49.5653207
	7.7763643	49.5663567
	7.7759858	49.5663401
	7.7752827	49.5661356
	7.7743509	49.5659965
	7.7735608	49.5658449
	7.7730523	49.5656299
	7.772551	49.5654292
	7.7720753	49.5651307
	7.7704166	49.5651193
	7.7684589	49.5652802
	7.7683379	49.5652872
	7.768057	49.5655282
	7.76769	49.5659212
	7.767655	49.5660052
	7.7675431	49.5662871
	7.767609	49.566981
	7.7672101	49.567836
	7.7669401	49.5684159
	7.7665512	49.5691018
	7.7650594	49.5691558
	7.7648414	49.5691598
	7.7645235	49.5690798
	7.7638396	49.5688958
	7.7633676	49.5687668
	7.7612029	49.5685449
	7.760595	49.5685299
	7.7603131	49.5687968
	7.7597722	49.5691788
	7.7590583	49.5694728
	7.7584093	49.5695297
	7.7586053	49.5699067
	7.7579994	49.5700637
	7.7574135	49.5702047
	7.7567216	49.5703037
	7.7559417	49.5702617
	7.7552938	49.5703187
	7.7551848	49.5699527
	7.7542539	49.5700517
	7.753517	49.5702927
	7.7530841	49.5705746
	7.7532571	49.5708266
	7.7528021	49.5711206
	7.7520472	49.5718675
	7.7517003	49.5721194
	7.7525009	49.5727752
	7.7531313	49.5728625
	7.7538275	49.5727139
	7.7544157	49.5726927
	7.7552826	49.572852
	7.753449	49.5755146
	7.7524237	49.5759642
	7.7514539	49.5761131
	7.7499814	49.5756721
	7.7495112	49.5754302
	7.7476409	49.5743022
	7.7467121	49.5738495
	7.7442514	49.5705969
	7.740542	49.5659872
	7.7379677	49.5648204
	7.7323043	49.5602267
END
END
