6555306
1
	7.770032	49.9812156
	7.770034	49.9810896
	7.77004	49.9809676
	7.77005	49.9808456
	7.770064	49.9807196
	7.7700839	49.9805936
	7.7701099	49.9804676
	7.7701439	49.9803307
	7.7718937	49.9760811
	7.7729766	49.9739294
	7.7755392	49.9722776
	7.7760271	49.9722096
	7.7767146	49.9717378
	7.776779	49.9716936
	7.7775709	49.9714077
	7.7780108	49.9711597
	7.7793627	49.9701568
	7.7791717	49.9698748
	7.7796376	49.9695119
	7.7802565	49.9691119
	7.7808064	49.968875
	7.7812904	49.968684
	7.7818433	49.968608
	7.78359	49.968578
	7.783983	49.968482
	7.78422	49.968429
	7.7848789	49.968181
	7.7859337	49.9678681
	7.7872465	49.9676241
	7.7877115	49.9675021
	7.7880114	49.9678031
	7.7899191	49.9673801
	7.790794	49.9670632
	7.791185	49.9668842
	7.7921808	49.9664143
	7.7929967	49.9659723
	7.7934676	49.9655864
	7.7940256	49.9649954
	7.7949522	49.9643504
	7.7952199	49.964231
	7.7958763	49.9640685
	7.7968152	49.9638396
	7.7973671	49.9635616
	7.7986729	49.9628477
	7.7991988	49.9627107
	7.7999987	49.9622377
	7.8001897	49.9621268
	7.8005906	49.9618518
	7.8004906	49.9614018
	7.8009096	49.9611919
	7.8013345	49.9607609
	7.8016045	49.960284
	7.8016985	49.960033
	7.8022234	49.959953
	7.8023844	49.95956
	7.8036732	49.9595021
	7.8043831	49.9595251
	7.8057439	49.9595751
	7.8077716	49.9595941
	7.8082325	49.9594991
	7.8094434	49.9589301
	7.8111611	49.9581862
	7.8114501	49.9579342
	7.8125679	49.9576943
	7.8132888	49.9576143
	7.8147736	49.9575303
	7.8166143	49.9571523
	7.8174072	49.9568364
	7.8176952	49.9566414
	7.8179011	49.9561345
	7.8180681	49.9554775
	7.8181429	49.9553339
	7.8184991	49.9546496
	7.818699	49.9544557
	7.8201928	49.9539327
	7.8205498	49.9535288
	7.8207527	49.9532498
	7.8209137	49.9527998
	7.8211877	49.9522129
	7.8213147	49.951358
	7.8213337	49.9494312
	7.8212937	49.9492062
	7.8183771	49.9490573
	7.8178902	49.9490313
	7.8049974	49.9489683
	7.8051115	49.9463915
	7.8052109	49.9440537
	7.8053561	49.9416034
	7.806421	49.9415824
	7.8069273	49.9401651
	7.8052152	49.9396679
	7.8050729	49.9391884
	7.8047034	49.9390632
	7.8021379	49.9383807
	7.8044618	49.9374428
	7.8062772	49.9370632
	7.80714	49.936532
	7.8072722	49.9363492
	7.8089295	49.9358165
	7.8095592	49.9349045
	7.8100444	49.9349614
	7.8114363	49.9349742
	7.8115361	49.9333075
	7.8122633	49.9331855
	7.8124361	49.9329731
	7.8128324	49.933306
	7.8134769	49.93336
	7.8146031	49.9335901
	7.8155994	49.9337677
	7.8163653	49.9338356
	7.817784	49.9345009
	7.8196736	49.9355248
	7.8217297	49.9365567
	7.8227295	49.9369728
	7.8244689	49.9373546
	7.8259217	49.9378468
	7.8274973	49.9382321
	7.8306145	49.9389618
	7.8321731	49.9391886
	7.8370461	49.939991
	7.8389556	49.9404403
	7.8401958	49.9407451
	7.8415035	49.9411732
	7.8426051	49.9420566
	7.8438372	49.9426173
	7.8445522	49.9428523
	7.8452252	49.942988
	7.8455557	49.9430222
	7.8437501	49.9438915
	7.8433919	49.9443933
	7.8491765	49.9483691
	7.8491416	49.9488383
	7.8496438	49.9500705
	7.8498943	49.9506885
	7.8500066	49.950986
	7.8501323	49.951295
	7.8511378	49.9537555
	7.8507209	49.960047
	7.8498596	49.9625349
	7.8483987	49.9637619
	7.8465146	49.9638924
	7.8433561	49.963764
	7.8416228	49.9640853
	7.8327666	49.9670994
	7.8187748	49.9806225
	7.7971345	49.980962
	7.7789426	49.985162
	7.7700731	49.9829895
	7.7700669	49.9824784
	7.7700629	49.9823524
	7.7700589	49.9822264
	7.7700539	49.9820965
	7.7700499	49.9819705
	7.7700449	49.9818455
	7.77004	49.9817195
	7.770037	49.9815895
	7.770033	49.9814635
	7.770032	49.9813375
	7.770032	49.9812156
END
END
