6555314
1
	7.8167446	49.0709773
	7.8175133	49.0699221
	7.8196625	49.0701452
	7.8217179	49.0700285
	7.8230726	49.0697609
	7.8242206	49.0694359
	7.8269897	49.0692247
	7.8263469	49.0682436
	7.8270639	49.0660852
	7.8265116	49.0656742
	7.8261919	49.0644537
	7.8267732	49.0623984
	7.8267268	49.0614961
	7.8271105	49.0607509
	7.8275278	49.0589992
	7.8270929	49.0586498
	7.8261337	49.0580571
	7.824996	49.0575295
	7.8241369	49.0574849
	7.8230339	49.0571437
	7.8224104	49.0568205
	7.8218966	49.0564613
	7.8211803	49.0561993
	7.8198581	49.0554181
	7.8188165	49.054514
	7.8188031	49.0545023
	7.8194789	49.0539772
	7.8216824	49.05345
	7.8225953	49.0532183
	7.8236293	49.0529845
	7.8246956	49.052688
	7.8248389	49.0526288
	7.8260202	49.0522513
	7.8262052	49.0513668
	7.8271242	49.0507118
	7.8277426	49.0502688
	7.8283639	49.0497598
	7.8288451	49.0493867
	7.8290619	49.0490769
	7.8293344	49.0483647
	7.8298975	49.0476051
	7.8306255	49.0471364
	7.8323041	49.0471057
	7.8338317	49.0473931
	7.8360902	49.0473199
	7.8373945	49.0466028
	7.8389965	49.0462208
	7.8398044	49.0461195
	7.8406094	49.0458661
	7.8415295	49.0458057
	7.8426441	49.0453158
	7.8432637	49.0449459
	7.8438796	49.0446677
	7.8437059	49.0434422
	7.8437143	49.0431054
	7.8439446	49.0430286
	7.8448616	49.0428381
	7.8464118	49.0427372
	7.8482366	49.0431042
	7.8484651	49.0433525
	7.8485427	49.0434179
	7.8491898	49.0438713
	7.8494901	49.0439469
	7.8502621	49.0432519
	7.8512505	49.0423514
	7.8514118	49.0417922
	7.8514421	49.0410639
	7.8515128	49.0404093
	7.8517503	49.0398625
	7.8517771	49.0394767
	7.8517772	49.0391657
	7.8519812	49.0384577
	7.8520281	49.0382097
	7.8519992	49.0379672
	7.8518172	49.0376417
	7.8530726	49.0365251
	7.8537934	49.0359364
	7.854203	49.0356709
	7.8543641	49.0355206
	7.8546034	49.0354242
	7.8548263	49.0353625
	7.8549833	49.0353341
	7.855108	49.0353138
	7.8562146	49.0351629
	7.8567744	49.0350992
	7.8571055	49.035093
	7.8575864	49.0350525
	7.8580748	49.0350264
	7.8590059	49.0350484
	7.8600623	49.0349829
	7.8607687	49.034918
	7.8610373	49.0348267
	7.861946	49.0345354
	7.8623157	49.0343514
	7.8625272	49.034254
	7.8631777	49.0339605
	7.8639797	49.0336779
	7.8648227	49.0334397
	7.8655075	49.0332892
	7.8660373	49.0331158
	7.8666833	49.0329707
	7.8673397	49.032962
	7.8677518	49.0330749
	7.8679924	49.0332512
	7.8682444	49.0335198
	7.8683773	49.0337593
	7.8685275	49.0338865
	7.8686367	49.0340746
	7.8686542	49.0341625
	7.8687998	49.0343077
	7.8688757	49.0343883
	7.8689677	49.0344971
	7.8693396	49.0347606
	7.8694828	49.0350138
	7.8696242	49.0351821
	7.8698049	49.0353444
	7.8699718	49.0356003
	7.8702233	49.0357845
	7.8703236	49.0359744
	7.8705054	49.0361263
	7.8706435	49.0362626
	7.8711026	49.0366448
	7.8714123	49.0369418
	7.8715507	49.0370961
	7.8717368	49.0373267
	7.8718135	49.0375754
	7.8719197	49.0381179
	7.8720895	49.038325
	7.8724878	49.0385148
	7.8726647	49.0386031
	7.8728884	49.0387296
	7.873027	49.0388503
	7.8731563	49.0389362
	7.8733419	49.0390067
	7.8735524	49.0391429
	7.8738153	49.0394169
	7.8740716	49.0398433
	7.8741861	49.0400398
	7.8742212	49.0401934
	7.874373	49.04033
	7.8745346	49.0404592
	7.8747657	49.0406068
	7.8751811	49.0407295
	7.8753418	49.0408265
	7.8755207	49.0408726
	7.8757436	49.0410429
	7.8758948	49.0410937
	7.8760198	49.0411552
	7.8761563	49.0412708
	7.8765225	49.0416358
	7.8765831	49.0418761
	7.8767343	49.0419888
	7.8768027	49.0421158
	7.876898	49.0421971
	7.8769904	49.0422566
	7.8770182	49.0423143
	7.8771912	49.0423476
	7.8773049	49.0423947
	7.877918	49.0426815
	7.8781159	49.0427072
	7.8782511	49.0427348
	7.8787553	49.0429259
	7.8792621	49.0430813
	7.8797296	49.0432631
	7.8799153	49.0433982
	7.8803805	49.0438605
	7.8807653	49.04422
	7.8809796	49.0445289
	7.8811038	49.0448205
	7.8811563	49.044975
	7.8812269	49.0451214
	7.881228	49.0452489
	7.8812348	49.04537
	7.8812047	49.0455292
	7.8811706	49.045707
	7.8816625	49.045775
	7.8825365	49.0457697
	7.883517	49.0458626
	7.8845513	49.0461187
	7.8854824	49.0468058
	7.8870446	49.0477495
	7.8879584	49.0486941
	7.8885034	49.0490578
	7.8888447	49.049075
	7.8891829	49.0491039
	7.8899484	49.048989
	7.8904109	49.0488175
	7.8912275	49.0484007
	7.8914714	49.0481807
	7.8916658	49.0480221
	7.8918409	49.0477839
	7.8918772	49.0477033
	7.8919458	49.0475955
	7.8920828	49.047453
	7.8924957	49.0472057
	7.8926407	49.0471186
	7.8928591	49.0470265
	7.8930138	49.046979
	7.8931451	49.0469582
	7.8934437	49.0469455
	7.8938052	49.0468492
	7.8942016	49.0467848
	7.8945191	49.0466989
	7.895333	49.0465482
	7.8957954	49.0464181
	7.8963569	49.0462933
	7.8967077	49.0462661
	7.8968405	49.0462461
	7.8969479	49.0462044
	7.8970297	49.0461514
	7.8972311	49.0459753
	7.8973062	49.0459435
	7.8973712	49.0459417
	7.8974643	49.0459597
	7.8977446	49.0461144
	7.8979072	49.0461618
	7.8981648	49.0461737
	7.8984204	49.0461209
	7.8987396	49.0459341
	7.8990354	49.0458186
	7.899513	49.0457555
	7.9000599	49.0456304
	7.9006192	49.0456009
	7.9011687	49.0455461
	7.9013397	49.0455179
	7.9014337	49.045472
	7.9016729	49.0452971
	7.9017478	49.0452329
	7.9017895	49.0451559
	7.9017919	49.0450482
	7.9017316	49.0449355
	7.9017182	49.0448885
	7.9017327	49.0448288
	7.9018096	49.0447713
	7.9019002	49.0447503
	7.9020019	49.0447568
	7.9023336	49.0448304
	7.9024049	49.044833
	7.9025055	49.0448249
	7.9026626	49.0447878
	7.9027881	49.0447377
	7.902833	49.0446787
	7.9034688	49.0450011
	7.9037227	49.0448865
	7.9042765	49.0448445
	7.9049186	49.0448052
	7.9054335	49.0447281
	7.9062023	49.0446263
	7.9063461	49.0447355
	7.9064785	49.0449137
	7.9078623	49.0449937
	7.9107187	49.0451085
	7.9108241	49.0453061
	7.9108624	49.0454432
	7.9112807	49.0459161
	7.9114933	49.0461994
	7.91157	49.0464188
	7.91167	49.0466032
	7.911694	49.0468945
	7.9116644	49.0476183
	7.91162	49.047796
	7.9115831	49.0486675
	7.9097171	49.0488624
	7.9090208	49.048898
	7.9083712	49.0475798
	7.908179	49.0472712
	7.9077437	49.0467879
	7.9056374	49.0508313
	7.9056003	49.0511247
	7.9056353	49.0515565
	7.9056296	49.052241
	7.9049777	49.0534349
	7.9044577	49.0542898
	7.9040338	49.0547048
	7.9037868	49.0549917
	7.9037748	49.0554337
	7.9036208	49.0557356
	7.9034779	49.0561396
	7.9030339	49.0563536
	7.9021301	49.0565515
	7.9016281	49.0563306
	7.8999394	49.0559566
	7.8994814	49.0559146
	7.8991085	49.0560136
	7.8989105	49.0559636
	7.8982496	49.0556856
	7.8976667	49.0553227
	7.8972467	49.0551327
	7.8966168	49.0549307
	7.895587	49.0547207
	7.8951431	49.0546827
	7.8933573	49.0548887
	7.8931923	49.0541788
	7.8930064	49.0538508
	7.8924024	49.0529659
	7.8921455	49.052661
	7.8921505	49.052359
	7.8922185	49.052157
	7.8924214	49.0518251
	7.8931174	49.0510201
	7.8935223	49.0504592
	7.8936383	49.0501013
	7.8936423	49.0498263
	7.8935163	49.0494063
	7.8932573	49.0490864
	7.8926494	49.0486364
	7.8924525	49.0486324
	7.8913216	49.0491164
	7.8908337	49.0493723
	7.8905677	49.0494603
	7.8894449	49.0495973
	7.888939	49.0497463
	7.8880391	49.0513411
	7.8872912	49.052176
	7.8862133	49.052481
	7.8840966	49.0529349
	7.8835687	49.0534119
	7.8821219	49.0550557
	7.8822759	49.0555216
	7.8822539	49.0565325
	7.8822979	49.0570664
	7.8827818	49.0579284
	7.8829648	49.0586723
	7.8830507	49.0587523
	7.8832007	49.0589852
	7.8832837	49.0592602
	7.8832977	49.0598661
	7.8832337	49.061007
	7.8832937	49.061411
	7.8836067	49.0624948
	7.8836456	49.0627538
	7.8836456	49.0641127
	7.8837306	49.0643026
	7.8840546	49.0646766
	7.8849684	49.0653935
	7.8856423	49.0658285
	7.8859463	49.0660924
	7.8863332	49.0666724
	7.8865032	49.0670343
	7.8866092	49.0672363
	7.8866072	49.0674083
	7.8869492	49.0680492
	7.8886809	49.069792
	7.8899577	49.0709979
	7.8900647	49.0712309
	7.8901057	49.0714179
	7.8901207	49.0718678
	7.8902057	49.0719968
	7.8903147	49.0721158
	7.8905362	49.0722378
	7.8910556	49.0725237
	7.8913165	49.0727407
	7.8917484	49.0732487
	7.8927583	49.0747595
	7.8929313	49.0749615
	7.8930673	49.0750605
	7.8931702	49.0751364
	7.8935862	49.0752854
	7.8936492	49.0754414
	7.8933362	49.0757704
	7.8930985	49.0758812
	7.8931375	49.0763857
	7.8933192	49.0768423
	7.8934672	49.0771582
	7.8935082	49.0773602
	7.8935432	49.0779401
	7.8936232	49.0784021
	7.8934472	49.0785621
	7.8930032	49.078703
	7.8921204	49.078883
	7.8912555	49.07931
	7.8904766	49.0797529
	7.8901505	49.0798803
	7.8896367	49.0800809
	7.8871541	49.0813317
	7.8882809	49.0836245
	7.8883429	49.0839414
	7.8882529	49.0840404
	7.8878979	49.0842124
	7.8854413	49.0852493
	7.8859282	49.0861152
	7.8864831	49.0871721
	7.8867851	49.087523
	7.8878539	49.088324
	7.8891967	49.0896518
	7.8893427	49.0898348
	7.8894117	49.0900258
	7.8893417	49.0901857
	7.8891817	49.0903267
	7.8888698	49.0905097
	7.8883609	49.0907237
	7.8879849	49.0908537
	7.8877679	49.0910366
	7.8874442	49.0913592
	7.8874442	49.0916265
	7.8890285	49.0915531
	7.8914754	49.0923712
	7.8906607	49.0933665
	7.8903099	49.094189
	7.890545	49.0955339
	7.8879562	49.0964498
	7.8866889	49.0952865
	7.886686	49.0946487
	7.8862735	49.0943448
	7.8851226	49.0938632
	7.8836934	49.0935761
	7.8833649	49.093298
	7.8815781	49.0928757
	7.8810132	49.0930121
	7.8799042	49.0926277
	7.8789087	49.092209
	7.8768546	49.0916033
	7.8769628	49.0914432
	7.8764992	49.0912077
	7.8720068	49.0908252
	7.8713748	49.09065
	7.8705826	49.0910138
	7.8686782	49.0923133
	7.8658561	49.0963
	7.8658797	49.0948037
	7.8641714	49.0938376
	7.8627717	49.0890786
	7.8615413	49.0886112
	7.8609331	49.0866533
	7.8631652	49.0852608
	7.8641574	49.0802908
	7.8646699	49.0797393
	7.8644045	49.0788042
	7.8634711	49.0773715
	7.8622814	49.076832
	7.8606375	49.0766776
	7.8599915	49.0769239
	7.8591073	49.0765597
	7.8585202	49.0762206
	7.8591971	49.0741528
	7.8592578	49.0734417
	7.8592575	49.0728712
	7.8591887	49.0722399
	7.8590669	49.071789
	7.8591251	49.0705922
	7.8586804	49.0700372
	7.8588075	49.0690763
	7.8579046	49.0689647
	7.8568488	49.069318
	7.8561599	49.0693229
	7.8550442	49.0694897
	7.8545799	49.0699066
	7.8544676	49.0706719
	7.8530673	49.0703384
	7.8530074	49.0699999
	7.8533818	49.0687685
	7.8527453	49.0687244
	7.8522287	49.0680473
	7.85136	49.0677285
	7.8511292	49.0670331
	7.8498382	49.0672474
	7.8496794	49.0672231
	7.8486166	49.0678464
	7.8488088	49.0693274
	7.8486624	49.0696931
	7.8484885	49.0707662
	7.848278	49.0712159
	7.8478123	49.0717802
	7.8466863	49.0724584
	7.8441756	49.0729248
	7.8435336	49.0731275
	7.8421876	49.073738
	7.8412713	49.0747692
	7.8408054	49.0751041
	7.8403913	49.0752397
	7.8385923	49.07599
	7.8378676	49.076363
	7.8375375	49.0767573
	7.8373564	49.0773465
	7.8371687	49.0776304
	7.8367351	49.0780925
	7.836412	49.0785756
	7.8362006	49.0788653
	7.8360382	49.0791236
	7.8354552	49.0790636
	7.8334809	49.0777888
	7.8327173	49.0772547
	7.8299348	49.076178
	7.8273956	49.0754717
	7.8257495	49.0748381
	7.8247246	49.0746463
	7.823519	49.074483
	7.8222443	49.0744005
	7.8210826	49.0738972
	7.8204074	49.0734489
	7.8191789	49.072608
	7.8181225	49.0721416
	7.8178386	49.0719471
	7.8167736	49.0715819
	7.8167446	49.0709773
END
END
