6555202
1
	7.9820292	49.1958482
	7.983744	49.191599
	7.9845157	49.1896865
	7.9845721	49.1850394
	7.9850811	49.1853088
	7.9876005	49.1862812
	7.9930405	49.1872618
	7.9985022	49.1851901
	8.0004933	49.1850303
	7.9968047	49.1822187
	7.9928125	49.1802791
	7.9929438	49.1802024
	7.9954999	49.1779687
	8.0007937	49.1794232
	8.0043814	49.1796338
	8.0089419	49.1796937
	8.0112358	49.1804278
	8.0144282	49.1802584
	8.015666	49.1788111
	8.0214515	49.1790841
	8.0295353	49.1792522
	8.0299952	49.1792618
	8.036836	49.1785771
	8.0364892	49.1772757
	8.037007	49.1771377
	8.0377338	49.1807151
	8.0411114	49.1806034
	8.0406157	49.1858824
	8.0364928	49.1859376
	8.0282391	49.1864431
	8.0238837	49.1863522
	8.0221824	49.1903691
	8.0210614	49.1920375
	8.0208648	49.1926532
	8.0190618	49.1929005
	8.0183046	49.1929683
	8.0169556	49.1933114
	8.0165602	49.1936537
	8.0111557	49.194215
	8.0092841	49.1946182
	8.0088566	49.1950373
	8.0058531	49.1957567
	8.005048	49.1958775
	8.0037153	49.1956449
	8.0026679	49.1957637
	8.0022362	49.1963057
	8.0010179	49.1968176
	7.9994146	49.1985126
	7.993526	49.2024152
	7.9903727	49.2013985
	7.9894657	49.2024652
	7.9871983	49.1973686
	7.9820292	49.1958482
END
END
