6555286
1
	7.8433919	49.9443933
	7.8437501	49.9438915
	7.8455557	49.9430222
	7.8469431	49.9425537
	7.8490377	49.9419811
	7.8505917	49.9415745
	7.8526622	49.9417071
	7.8539498	49.9415512
	7.855883	49.941528
	7.8570142	49.9412495
	7.8582064	49.9411532
	7.8574706	49.9397406
	7.8581778	49.9392217
	7.8594186	49.9387166
	7.8611017	49.9381303
	7.8616388	49.9379987
	7.8621162	49.9380125
	7.8625527	49.9380942
	7.8628465	49.938048
	7.8628525	49.9378851
	7.8636672	49.9382135
	7.864416	49.938556
	7.8647706	49.9390282
	7.8653889	49.9385556
	7.8673395	49.9388041
	7.8667655	49.9381922
	7.8660485	49.9375668
	7.8679782	49.9363257
	7.8681569	49.9363326
	7.8688647	49.9349763
	7.8730173	49.9349726
	7.8758387	49.9360211
	7.8767548	49.9363139
	7.877112	49.9359179
	7.8776107	49.9356332
	7.8782251	49.9353546
	7.8789623	49.9349139
	7.8796354	49.9344203
	7.8804213	49.934305
	7.8818008	49.934192
	7.8819301	49.9340581
	7.8828692	49.9338114
	7.8830493	49.9335899
	7.8831797	49.9330874
	7.8834148	49.9327805
	7.8837335	49.9325135
	7.884666	49.932515
	7.8860712	49.9328949
	7.8865426	49.9329238
	7.8869691	49.9328046
	7.8873467	49.9326067
	7.8870589	49.9324975
	7.8871389	49.9323265
	7.888167	49.932581
	7.888508	49.9320464
	7.889166	49.9322414
	7.8901976	49.9323219
	7.8914517	49.9327976
	7.8922824	49.9327903
	7.8918274	49.932022
	7.8922401	49.9313885
	7.8924636	49.9307551
	7.8935444	49.9307212
	7.8936767	49.9305305
	7.8947765	49.9304675
	7.8948598	49.9306314
	7.8962298	49.9305887
	7.8962426	49.9303829
	7.897089	49.9303716
	7.8978401	49.9303054
	7.89834	49.9310138
	7.898455	49.9323645
	7.8989027	49.9333655
	7.9002143	49.9356487
	7.9029389	49.9392844
	7.9030503	49.9407672
	7.8996277	49.9424537
	7.898568	49.9434928
	7.8980078	49.945558
	7.8993898	49.9482249
	7.8991981	49.9515743
	7.8985012	49.9530904
	7.897229	49.9545714
	7.8960864	49.9558123
	7.8951274	49.9569045
	7.8928636	49.9566509
	7.8897101	49.9555119
	7.8834973	49.9559771
	7.876118	49.9541172
	7.8744093	49.9533504
	7.8739459	49.9530667
	7.8736095	49.9529379
	7.873436	49.9528068
	7.8730595	49.9526002
	7.8721595	49.9519528
	7.8711489	49.9481969
	7.8711328	49.9481799
	7.8709905	49.9480303
	7.8694776	49.9464389
	7.8582935	49.9482204
	7.8501344	49.9481746
	7.8491765	49.9483691
	7.8433919	49.9443933
END
END
