6555377
1
	7.4862561	49.3400341
	7.4928334	49.3345206
	7.494269	49.3333838
	7.494628	49.3331053
	7.4948148	49.3329565
	7.495002	49.3328153
	7.4957191	49.3322546
	7.498606	49.3299887
	7.4985937	49.3294126
	7.5108741	49.3289606
	7.5225591	49.3222116
	7.534886	49.3328688
	7.5366907	49.3360769
	7.5375857	49.3376905
	7.5373654	49.3390455
	7.5348292	49.3394992
	7.5343323	49.3395912
	7.5340753	49.3396402
	7.5328115	49.3398351
	7.5313477	49.3399421
	7.5304416	49.3399565
	7.5301529	49.3399611
	7.5299159	49.3399571
	7.5285361	49.3399261
	7.5285541	49.3402891
	7.5285961	49.3404191
	7.528945	49.340827
	7.529359	49.341391
	7.5296399	49.3419139
	7.5297679	49.3423029
	7.5298089	49.3425628
	7.5297389	49.3428218
	7.5295419	49.3431198
	7.529419	49.3430468
	7.529317	49.3429858
	7.529108	49.3428868
	7.528832	49.3427568
	7.529053	49.3425208
	7.529192	49.3423719
	7.5290524	49.3421798
	7.528915	49.3419909
	7.5288001	49.3418299
	7.5285391	49.341472
	7.5282111	49.341098
	7.5273563	49.3404111
	7.5272483	49.3402391
	7.5269913	49.3396292
	7.5267944	49.3394272
	7.5265084	49.3392512
	7.5262774	49.3391482
	7.5250776	49.3385953
	7.5244497	49.3373934
	7.5241197	49.3373174
	7.5237948	49.3366805
	7.5234348	49.3360586
	7.5233828	49.3359706
	7.5231209	49.3357116
	7.5229009	49.3355936
	7.522592	49.3355206
	7.522238	49.3355166
	7.5219261	49.3356156
	7.5215921	49.3358186
	7.5213011	49.3360626
	7.5211202	49.3363335
	7.5208962	49.3365505
	7.5206502	49.3367375
	7.520431	49.3370161
	7.5204253	49.3370234
	7.5202903	49.3372794
	7.5199493	49.3380043
	7.5197234	49.3382783
	7.5194324	49.3385643
	7.5188745	49.3389652
	7.5186945	49.3392092
	7.5185345	49.3395262
	7.5183965	49.3399611
	7.5179546	49.3416169
	7.5177506	49.3420209
	7.5174817	49.3422499
	7.5170347	49.3425358
	7.5161609	49.3434137
	7.5158259	49.3436417
	7.515356	49.3440157
	7.5159379	49.3443976
	7.5161688	49.3445236
	7.5164528	49.3447716
	7.515005	49.3455155
	7.5136902	49.3461444
	7.5130423	49.3467473
	7.5120014	49.3467133
	7.5116025	49.3467663
	7.5112895	49.3469263
	7.5110886	49.3471403
	7.5107496	49.3477312
	7.5104807	49.3479602
	7.5102557	49.3482352
	7.5101197	49.3484791
	7.5100037	49.3488381
	7.5099077	49.3493301
	7.5098597	49.349677
	7.5099007	49.349952
	7.5090738	49.3506119
	7.5084789	49.3503639
	7.508302	49.3503289
	7.507809	49.3504129
	7.5063432	49.3512108
	7.5058693	49.3515728
	7.5057393	49.3517298
	7.5058653	49.3519048
	7.5058853	49.3520767
	7.5057043	49.3522787
	7.5055713	49.3523627
	7.5053504	49.3523627
	7.5050904	49.3523207
	7.5046355	49.3528506
	7.5043915	49.3532246
	7.5039326	49.3540605
	7.5027607	49.3556283
	7.5026017	49.3560433
	7.5024478	49.3560433
	7.5023138	49.3560433
	7.5022748	49.3556393
	7.5022098	49.3555363
	7.5014419	49.3549414
	7.5016649	49.3547964
	7.4999271	49.3539795
	7.4997562	49.3538505
	7.4996432	49.3535456
	7.4996522	49.3533616
	7.4997432	49.3532436
	7.5023568	49.3508599
	7.5002821	49.3508099
	7.5001041	49.3508369
	7.4991773	49.3513478
	7.4957277	49.3537585
	7.4954078	49.3526827
	7.49418	49.3530796
	7.493796	49.3521527
	7.4917163	49.3517178
	7.4921503	49.3514008
	7.4926182	49.3511038
	7.4929721	49.3509398
	7.4930561	49.3508019
	7.4932261	49.3502759
	7.4934401	49.3500969
	7.493768	49.349936
	7.493872	49.349841
	7.494017	49.349719
	7.4943539	49.349246
	7.4948339	49.3487041
	7.4922553	49.3467323
	7.4919623	49.3465103
	7.4902276	49.3453515
	7.4892447	49.3446945
	7.4875619	49.3436997
	7.487199	49.3435737
	7.486837	49.3434517
	7.486892	49.3428567
	7.486835	49.3418379
	7.4863261	49.3410519
	7.487071	49.340464
	7.4862561	49.3400341
END
END
