6555127
1
	7.4687868	49.514261
	7.469298	49.5141638
	7.4692356	49.5138886
	7.4695847	49.512901
	7.471642	49.5115571
	7.4719787	49.511549
	7.4721532	49.5112252
	7.4746719	49.5094522
	7.4751207	49.5084725
	7.4754948	49.5079382
	7.4760559	49.5070638
	7.4761843	49.5066979
	7.4762803	49.5064241
	7.4763255	49.5060247
	7.4763728	49.5056073
	7.476405	49.505323
	7.4764268	49.5050862
	7.4764938	49.5043569
	7.4765047	49.504238
	7.4764923	49.5035822
	7.4768289	49.5035255
	7.476779	49.5024405
	7.4772653	49.5024324
	7.4776892	49.5015336
	7.4781256	49.5001003
	7.4791645	49.4981051
	7.4794485	49.497144
	7.4819172	49.4969954
	7.4854477	49.4970964
	7.4858227	49.4970694
	7.4862016	49.4969125
	7.4864466	49.4966685
	7.4864926	49.4963215
	7.4872485	49.4961955
	7.4881623	49.4955206
	7.4888033	49.4957116
	7.4896431	49.4957876
	7.49057	49.4962265
	7.490813	49.4962265
	7.4917608	49.4966805
	7.4918948	49.4965775
	7.4937925	49.4972944
	7.4940575	49.4973554
	7.4944124	49.4974704
	7.4946314	49.4976304
	7.4942325	49.4976724
	7.4945174	49.4981073
	7.4948024	49.4984123
	7.4952203	49.4986873
	7.4954833	49.4989043
	7.4961782	49.4991412
	7.4965891	49.4991982
	7.4970231	49.4990302
	7.4971271	49.4990302
	7.4966012	49.5003137
	7.4983121	49.5004672
	7.4979819	49.501433
	7.4980249	49.5017839
	7.4981509	49.5020509
	7.4984079	49.5024329
	7.4987388	49.5028338
	7.4989498	49.5030928
	7.5003923	49.5042516
	7.5029794	49.5061392
	7.5050633	49.5074787
	7.5057343	49.5107558
	7.5012546	49.5097948
	7.5019993	49.5123379
	7.5012349	49.5138566
	7.5020936	49.5153112
	7.5004412	49.5174013
	7.501103	49.5182282
	7.4967122	49.5192269
	7.4877951	49.5192371
	7.4827812	49.5190458
	7.4801383	49.5195062
	7.4767012	49.5211343
	7.474745	49.5225449
	7.4735285	49.5226661
	7.4727056	49.5227794
	7.471172	49.5221805
	7.4697381	49.5219376
	7.4698624	49.5211757
	7.4700274	49.5204535
	7.4695162	49.5189803
	7.469379	49.5185594
	7.4695473	49.5174423
	7.4695598	49.5166086
	7.4695349	49.515791
	7.4693603	49.5146819
	7.4688865	49.5146496
	7.4687868	49.514261
END
END
