6557405
1
	9.6886023	52.245286
	9.689253	52.2446017
	9.6902974	52.2439837
	9.6916801	52.243072
	9.6931097	52.242023
	9.6942473	52.2406764
	9.6947956	52.2397685
	9.6951991	52.2385707
	9.6950152	52.2375217
	9.6952535	52.2370868
	9.694154	52.2371403
	9.6929113	52.2366405
	9.6944676	52.2342449
	9.6964732	52.2343136
	9.6971561	52.2330166
	9.6982307	52.2323491
	9.6988477	52.2320515
	9.6994658	52.2317539
	9.7006114	52.2312199
	9.7015211	52.2307278
	9.7029143	52.2306324
	9.7039842	52.2306858
	9.7046261	52.2309491
	9.705017	52.2317348
	9.7054739	52.2313381
	9.7067969	52.2307584
	9.7078992	52.2301213
	9.7098515	52.2294957
	9.7113487	52.2291333
	9.7134295	52.2289655
	9.7136603	52.2272412
	9.7150117	52.2267224
	9.7159967	52.2261922
	9.7163498	52.225662
	9.717122	52.2242429
	9.7186603	52.2238767
	9.720069	52.2236135
	9.7211314	52.2222479
	9.7220393	52.2223012
	9.7237997	52.2220914
	9.7246237	52.2213437
	9.7253455	52.2205465
	9.726473	52.2206762
	9.7261602	52.2216833
	9.7292796	52.2216528
	9.7320214	52.2211568
	9.7324249	52.2200506
	9.7326917	52.2192419
	9.7354662	52.2180059
	9.738271	52.2170142
	9.7415552	52.2160414
	9.7438031	52.2150305
	9.7441963	52.2148105
	9.7441882	52.2144424
	9.7450412	52.2143947
	9.7456531	52.2141341
	9.7460822	52.213188
	9.7480745	52.2131499
	9.7491152	52.2129096
	9.7496444	52.2127837
	9.7501726	52.2126577
	9.75025	52.2117308
	9.7503425	52.2108153
	9.7497569	52.2090957
	9.7503425	52.2080001
	9.7506571	52.2070846
	9.751011	52.2061729
	9.7514851	52.2054558
	9.7519884	52.2046394
	9.750664	52.2031708
	9.7501564	52.2022056
	9.750309	52.2010536
	9.74782	52.2008781
	9.7467454	52.2020454
	9.7466795	52.2034949
	9.7462198	52.2046089
	9.7435226	52.2049446
	9.7276203	52.200092
	9.7276483	52.199516
	9.7288551	52.1992031
	9.7291241	52.1993141
	9.7299969	52.1991651
	9.7309938	52.1986352
	9.7313268	52.1984712
	9.7318307	52.1984022
	9.7329525	52.1985052
	9.7357061	52.1983792
	9.736094	52.1983832
	9.736479	52.1984062
	9.7371169	52.1985322
	9.7374438	52.1986162
	9.7376408	52.1983982
	9.7378208	52.1981052
	9.7379028	52.1978413
	9.7379068	52.1975323
	9.7376848	52.1969604
	9.7379768	52.1968654
	9.7379218	52.1966744
	9.7373139	52.1949116
	9.7404934	52.1946216
	9.7408993	52.1946256
	9.7460396	52.1941907
	9.7460366	52.1937638
	9.7460336	52.1933598
	9.7453397	52.1931308
	9.7436839	52.1925469
	9.7392796	52.1931378
	9.7394256	52.1935428
	9.7375489	52.1935688
	9.7352632	52.1935657
	9.7351362	52.1932068
	9.7351092	52.1930808
	9.7362111	52.1930998
	9.7362001	52.191585
	9.7373599	52.191582
	9.7373639	52.191318
	9.737017	52.1901051
	9.736984	52.1898312
	9.7384758	52.1897702
	9.7386918	52.1883773
	9.7389097	52.1869735
	9.7423152	52.1870805
	9.7423232	52.1866146
	9.7427692	52.1866336
	9.7427762	52.1861306
	9.7433371	52.1861346
	9.7433341	52.1852187
	9.7457287	52.1855547
	9.7457427	52.1847458
	9.7457467	52.1844828
	9.7434871	52.1842188
	9.7436061	52.1839939
	9.744274	52.1822511
	9.7447799	52.1821251
	9.7451318	52.1819501
	9.7456608	52.1815411
	9.7460577	52.1809842
	9.7489413	52.1811032
	9.7488523	52.1806143
	9.7496862	52.1804653
	9.7489933	52.1779136
	9.7506641	52.1775096
	9.7514199	52.1774786
	9.7544701	52.1772867
	9.7561712	52.1781846
	9.7570354	52.1777266
	9.7577304	52.1774476
	9.7588038	52.1769177
	9.7590208	52.1767497
	9.7591788	52.1765018
	9.7595487	52.1759185
	9.7600702	52.1754231
	9.7605471	52.174979
	9.7608546	52.1746547
	9.761006	52.1743736
	9.7613017	52.1741561
	9.7616771	52.1741097
	9.7619517	52.1741734
	9.762883	52.1745172
	9.7643361	52.1738221
	9.7633192	52.1730882
	9.7636369	52.172947
	9.7632381	52.1726278
	9.7632662	52.1717883
	9.763236	52.1714578
	9.7633785	52.1708661
	9.7634357	52.1706283
	9.7640183	52.1699921
	9.7642975	52.1705278
	9.7661629	52.1705562
	9.7687278	52.1705813
	9.7690345	52.1706607
	9.7693798	52.1708294
	9.7694678	52.1709329
	9.769466	52.1710484
	9.7694473	52.1711694
	9.7699802	52.1717453
	9.7706481	52.1722483
	9.770937	52.1723593
	9.771303	52.1724323
	9.7736966	52.1727508
	9.7741211	52.1728805
	9.7744089	52.1729719
	9.775759	52.1733231
	9.7767176	52.1734818
	9.7776663	52.1735974
	9.7784126	52.1736065
	9.7796277	52.1735762
	9.7808685	52.1735112
	9.7818924	52.1735302
	9.7826853	52.1736412
	9.7831272	52.1737632
	9.7838581	52.1741371
	9.7842328	52.1745071
	9.784408	52.1747821
	9.784425	52.175033
	9.784381	52.175354
	9.784161	52.175674
	9.783906	52.1759339
	9.7814854	52.1772308
	9.7807375	52.1768458
	9.7800826	52.1766628
	9.7796367	52.1766128
	9.7789208	52.1765938
	9.7786108	52.1766508
	9.7782799	52.1767688
	9.7779669	52.1769448
	9.77769	52.1772878
	9.777372	52.1778487
	9.77733	52.1780357
	9.777366	52.1781807
	9.777462	52.1782526
	9.777654	52.1782876
	9.7780999	52.1783026
	9.7788528	52.1783786
	9.7791627	52.1784286
	9.7793157	52.1785356
	9.7793337	52.1786306
	9.7786228	52.1794015
	9.7785428	52.1796375
	9.7785198	52.1798055
	9.7785198	52.1799125
	9.7786298	52.1803054
	9.7787808	52.1805224
	9.7790107	52.1807134
	9.7795856	52.1810493
	9.7804315	52.1814193
	9.7807005	52.1815643
	9.7810254	52.1818313
	9.7811764	52.1820562
	9.7812514	52.1822392
	9.7812294	52.1824492
	9.7811284	52.1826252
	9.7809324	52.1828151
	9.7805815	52.1830021
	9.7799956	52.1832431
	9.7796066	52.1834071
	9.7792537	52.183739
	9.7791907	52.183964
	9.7792027	52.184376
	9.7793356	52.1846729
	9.7794076	52.1848909
	9.7799185	52.1856998
	9.7800695	52.1859398
	9.7803775	52.1862068
	9.7808734	52.1865047
	9.7815453	52.1868817
	9.7841609	52.1879046
	9.7839439	52.1882246
	9.783108	52.1884345
	9.7821162	52.1887135
	9.7818822	52.1888585
	9.7816422	52.1892584
	9.7814383	52.1898884
	9.7814143	52.1902313
	9.7815232	52.1906623
	9.7818082	52.1910092
	9.7823651	52.1912952
	9.782712	52.1914562
	9.7833869	52.1915892
	9.7838899	52.1916042
	9.7842988	52.1914862
	9.7847287	52.1912382
	9.7852007	52.1908033
	9.7854536	52.1907083
	9.7859576	52.1906393
	9.7863085	52.1906323
	9.7869264	52.1906703
	9.7873693	52.1908033
	9.7878907	52.1910035
	9.788309	52.1912589
	9.7886494	52.1916105
	9.7889207	52.1919062
	9.7891491	52.1921691
	9.789299	52.1924931
	9.789315	52.1926961
	9.7890771	52.192966
	9.7888051	52.193134
	9.7887991	52.193443
	9.7928715	52.193096
	9.7914937	52.1907803
	9.7918217	52.1907803
	9.7923456	52.1908793
	9.7924206	52.1910363
	9.7947742	52.1914782
	9.7948562	52.1912423
	9.796284	52.1915362
	9.7967479	52.1891445
	9.7968969	52.1883046
	9.8025361	52.1879047
	9.8027433	52.1892758
	9.802941	52.1905634
	9.8023971	52.1906774
	9.802678	52.1925581
	9.802765	52.1931571
	9.8058335	52.1926272
	9.8066484	52.1925122
	9.8072303	52.1924442
	9.8078852	52.1922612
	9.8078179	52.1937944
	9.8023904	52.1947516
	9.802661	52.1953468
	9.8034786	52.1958598
	9.8035499	52.196035
	9.8035916	52.196217
	9.8035184	52.1964636
	9.8033009	52.1968325
	9.803007	52.1970163
	9.8027565	52.1970963
	9.8020061	52.1976506
	9.8032878	52.1985965
	9.8037774	52.1990237
	9.8044167	52.1995814
	9.8046856	52.1996764
	9.8055065	52.2004773
	9.8048636	52.2007142
	9.8045326	52.2009012
	9.8032828	52.2021971
	9.8037257	52.202984
	9.8042116	52.2041169
	9.8043976	52.2045208
	9.8043736	52.2048798
	9.8042336	52.2052117
	9.8037347	52.2061726
	9.8035157	52.2066346
	9.8034127	52.2070465
	9.8069792	52.2068096
	9.8072691	52.2068366
	9.8074211	52.2069815
	9.808087	52.2078055
	9.808277	52.2080684
	9.8106146	52.2085344
	9.8105938	52.2086048
	9.8103686	52.2093653
	9.8102687	52.2096523
	9.8100507	52.2098732
	9.8098657	52.2105182
	9.8098817	52.2108271
	9.8099327	52.2112771
	9.8100027	52.211742
	9.8101906	52.212124
	9.8103816	52.212269
	9.8118334	52.212326
	9.8137729	52.2124285
	9.8147209	52.2120882
	9.8153679	52.2119923
	9.8176887	52.2130328
	9.8178804	52.2133722
	9.8178899	52.2135997
	9.8176525	52.2135816
	9.8160937	52.2140158
	9.8148299	52.2142828
	9.814499	52.2144127
	9.81434	52.2145877
	9.814298	52.2147907
	9.814293	52.2151227
	9.814346	52.2155306
	9.8144844	52.2161968
	9.8150953	52.2166422
	9.8151445	52.2169164
	9.8148048	52.2175224
	9.814827	52.2183413
	9.8150958	52.2185513
	9.8155368	52.2188792
	9.8158597	52.2191922
	9.8161826	52.2196352
	9.8164286	52.2200811
	9.8165116	52.2205431
	9.8165706	52.220856
	9.8165676	52.221039
	9.8165806	52.221489
	9.8162613	52.223177
	9.8159066	52.2250785
	9.8157376	52.2259714
	9.8163565	52.2260814
	9.8168395	52.2261314
	9.8170894	52.2262264
	9.8159156	52.2269933
	9.8167085	52.2271533
	9.8172094	52.2273593
	9.8177253	52.2278022
	9.8172094	52.2286182
	9.8164535	52.2285692
	9.8160076	52.2285762
	9.8139519	52.2286721
	9.813431	52.2285501
	9.813022	52.2285501
	9.8123641	52.2285921
	9.8125571	52.2286991
	9.812862	52.2289771
	9.8127501	52.2289811
	9.8083047	52.229225
	9.8054532	52.229397
	9.8007579	52.229702
	9.8004849	52.2309148
	9.79967	52.2349014
	9.7960905	52.2344814
	9.7895135	52.2337305
	9.7892226	52.2336575
	9.7895735	52.2322926
	9.7912394	52.2272427
	9.7879687	52.2271226
	9.7858333	52.2277177
	9.7823546	52.2328185
	9.7782932	52.2323416
	9.773475	52.2317776
	9.7705774	52.2313916
	9.7693366	52.2312277
	9.7689107	52.2312277
	9.7690207	52.2323795
	9.7690436	52.2325665
	9.7691376	52.2340583
	9.7697605	52.2338984
	9.7700935	52.2335894
	9.773059	52.2336044
	9.7726561	52.2346383
	9.773294	52.2346803
	9.773413	52.2344663
	9.7748807	52.2348903
	9.7755596	52.2348933
	9.7760026	52.2350163
	9.7764895	52.2360571
	9.7770874	52.237381
	9.7757566	52.2394178
	9.7763155	52.2396357
	9.7787021	52.2406846
	9.7808008	52.2416265
	9.7828095	52.2420805
	9.7845082	52.2424625
	9.7846642	52.2424965
	9.7843062	52.2430844
	9.7873058	52.2431564
	9.7907942	52.2432254
	9.7906632	52.2454031
	9.7906182	52.2457851
	9.7906492	52.246319
	9.7908172	52.2479399
	9.7904192	52.2486038
	9.7903932	52.2490197
	9.7903152	52.2502406
	9.7910321	52.2515225
	9.7952444	52.2525174
	9.8013685	52.2539752
	9.8081684	52.2556801
	9.8103301	52.256218
	9.8145735	52.2577479
	9.8163872	52.2583768
	9.8210724	52.2600826
	9.8206035	52.2605436
	9.8219201	52.2609727
	9.8223062	52.2605516
	9.82362	52.2609905
	9.8245659	52.2613255
	9.8279284	52.2620734
	9.8272955	52.2634543
	9.8271198	52.2637835
	9.8229325	52.2624145
	9.821746	52.2633424
	9.8200586	52.2647272
	9.8125564	52.2688843
	9.8147663	52.2759023
	9.8154614	52.2774388
	9.8143797	52.2773432
	9.8141537	52.2780589
	9.8126247	52.2770718
	9.8095215	52.2770255
	9.8096396	52.2793534
	9.809082	52.2794625
	9.8084849	52.278697
	9.8060507	52.2797748
	9.8068199	52.2799267
	9.8080209	52.2801261
	9.8086914	52.2804199
	9.8090329	52.2806669
	9.8090546	52.2810676
	9.8088108	52.2814818
	9.8085652	52.2817372
	9.8080506	52.2820491
	9.8075129	52.2821907
	9.8067049	52.2822724
	9.8060985	52.282317
	9.8070607	52.2846676
	9.8068046	52.285066
	9.8061235	52.2852981
	9.8053964	52.2854654
	9.8044685	52.2854361
	9.8038365	52.2851545
	9.8037042	52.285257
	9.8035059	52.2855362
	9.8034193	52.2857317
	9.8033067	52.2862255
	9.8033114	52.2864471
	9.8033475	52.2866734
	9.8034353	52.2869096
	9.8035191	52.2870912
	9.803695	52.2872681
	9.8039082	52.2873879
	9.8041733	52.2874802
	9.8044071	52.287556
	9.8046764	52.2876412
	9.8049767	52.2877184
	9.805327	52.2877858
	9.8056802	52.2878742
	9.8059016	52.2879504
	9.8059707	52.2880503
	9.8059832	52.2881866
	9.805955	52.2883499
	9.8058922	52.2884766
	9.8057854	52.2886687
	9.8056127	52.2889087
	9.805462	52.2891623
	9.805371	52.2893562
	9.8053019	52.2895348
	9.8052642	52.2897614
	9.8052736	52.2899881
	9.8052956	52.290182
	9.8053239	52.2903837
	9.8052988	52.2905795
	9.8052297	52.2907793
	9.8051198	52.2909195
	9.8049942	52.2910289
	9.8048498	52.2911365
	9.8046959	52.2912479
	9.8045484	52.2913112
	9.8042124	52.2914188
	9.8038419	52.2915129
	9.8033302	52.2915839
	9.8027525	52.2916473
	9.8023663	52.2916876
	9.8017572	52.2917376
	9.8010853	52.2918144
	9.8008058	52.2918931
	9.8006331	52.2919757
	9.8004636	52.2921197
	9.8004008	52.2922234
	9.8003851	52.2923617
	9.8004636	52.2925518
	9.8005295	52.2926747
	9.8005798	52.2928379
	9.8005766	52.2929973
	9.8005044	52.2931298
	9.8003663	52.2932604
	9.8001151	52.2933737
	9.7998671	52.293462
	9.7994934	52.2935868
	9.7988517	52.2930212
	9.7978565	52.2934887
	9.7930058	52.2957949
	9.7885294	52.2976536
	9.7872936	52.2970704
	9.7822115	52.2981861
	9.7816068	52.2980956
	9.7816939	52.2980381
	9.7818116	52.2978629
	9.7818195	52.2969244
	9.7819019	52.296166
	9.7822943	52.2955011
	9.7827692	52.2948866
	9.7830168	52.2942758
	9.7783379	52.2913237
	9.7785842	52.2865336
	9.773068	52.2859009
	9.7706547	52.2837316
	9.7594253	52.2832797
	9.7579477	52.2849971
	9.7492794	52.2867746
	9.7411036	52.2876182
	9.7415469	52.2818635
	9.7313025	52.279694
	9.7314503	52.2719191
	9.7069722	52.2642635
	9.7054946	52.2648965
	9.6985501	52.2632386
	9.6982546	52.2623644
	9.6934798	52.2620785
	9.6933319	52.2614546
	9.6979734	52.2615387
	9.6981894	52.2610073
	9.6985294	52.2599772
	9.7006395	52.2598093
	9.7013926	52.259019
	9.6987725	52.2585595
	9.6990101	52.2582925
	9.6988902	52.2566852
	9.7015808	52.2567786
	9.7036054	52.2563256
	9.7050758	52.2533332
	9.7111182	52.2537502
	9.7110683	52.252663
	9.707428	52.2509075
	9.7015476	52.249152
	9.7019212	52.2463745
	9.6993643	52.245981
	9.6957357	52.2466024
	9.6934485	52.2456188
	9.6886023	52.245286
END
END
