6557900
1
	6.5611546	50.2352448
	6.5612686	50.2351268
	6.5614495	50.2350269
	6.5616306	50.2348819
	6.5617446	50.2347259
	6.5617924	50.2343939
	6.5619285	50.2341919
	6.5620875	50.2340469
	6.5624274	50.2338449
	6.5627673	50.2335849
	6.5636743	50.2327191
	6.56483	50.2320132
	6.5639121	50.2308963
	6.5638722	50.2301714
	6.5637183	50.2294765
	6.5636292	50.2293355
	6.5642472	50.2291945
	6.5645102	50.2291335
	6.5662758	50.2280075
	6.5689015	50.2269438
	6.5697293	50.2279317
	6.5709062	50.2274707
	6.5717871	50.2272257
	6.5729628	50.2268367
	6.5759245	50.2259478
	6.5765573	50.2256738
	6.5771452	50.225326
	6.5788431	50.224579
	6.579477	50.2242621
	6.5797678	50.224464
	6.5820266	50.2276686
	6.5843123	50.2267037
	6.5854441	50.2260969
	6.586238	50.2256239
	6.586463	50.2255359
	6.5867098	50.2255359
	6.5870489	50.2255779
	6.5878597	50.2258569
	6.5886486	50.2260628
	6.5887836	50.2260628
	6.5895075	50.2256998
	6.5898705	50.2255288
	6.5902953	50.2259369
	6.5904704	50.2258679
	6.5915221	50.2254448
	6.5899765	50.224037
	6.5895705	50.223663
	6.5889366	50.2232552
	6.5885527	50.2233541
	6.5883507	50.2231521
	6.5878828	50.2228771
	6.5876538	50.2226753
	6.5871389	50.2220493
	6.5868718	50.2214583
	6.5873458	50.2213704
	6.586137	50.2200086
	6.5868418	50.2197265
	6.5869998	50.2196385
	6.5870689	50.2195056
	6.5870539	50.2192915
	6.5869848	50.2191805
	6.5868008	50.2190587
	6.5868469	50.2189137
	6.5870529	50.2187727
	6.5873908	50.2187427
	6.5877068	50.2186387
	6.5878607	50.2185247
	6.5880026	50.2183837
	6.5881387	50.2183107
	6.5886567	50.2183267
	6.5891765	50.2182278
	6.5895585	50.2183456
	6.5899384	50.2183107
	6.5905904	50.2184137
	6.5908903	50.2184026
	6.5911102	50.2184867
	6.5913132	50.2185167
	6.5917922	50.2184486
	6.5920571	50.2185626
	6.5923501	50.2186196
	6.5925531	50.2186046
	6.592875	50.2185366
	6.59332	50.2184906
	6.5940659	50.2185366
	6.5943138	50.2184066
	6.5945457	50.2183527
	6.5948367	50.2183417
	6.593426	50.2167008
	6.5927771	50.215847
	6.592239	50.215717
	6.5917022	50.2148471
	6.5919991	50.2142412
	6.5919322	50.2141532
	6.5916632	50.2140502
	6.5911443	50.2139201
	6.5910313	50.2138632
	6.5910082	50.2137752
	6.5913293	50.2131383
	6.5913982	50.2129363
	6.5914223	50.2128214
	6.5913102	50.2126313
	6.5907922	50.2124133
	6.5907253	50.2122843
	6.5905673	50.2122423
	6.5903414	50.2122423
	6.5902063	50.2121693
	6.5899605	50.2119065
	6.5898475	50.2118335
	6.5896904	50.2118035
	6.5893985	50.2116465
	6.5891045	50.2116165
	6.5889475	50.2114984
	6.5887465	50.2112695
	6.5880286	50.2106286
	6.5880517	50.2104566
	6.5879867	50.2102127
	6.5880327	50.2100786
	6.5881896	50.2100107
	6.5884397	50.2098237
	6.5890986	50.2092017
	6.5895494	50.2091177
	6.5903164	50.2091327
	6.5908133	50.2090867
	6.5916502	50.2087857
	6.5921911	50.2087017
	6.5922161	50.2084847
	6.5926681	50.2083848
	6.593276	50.2082979
	6.5935919	50.2082858
	6.5938859	50.2083018
	6.5945408	50.2082018
	6.5949028	50.2082018
	6.5957645	50.2073519
	6.5963094	50.207062
	6.5964895	50.206932
	6.5965585	50.206817
	6.5967861	50.2062539
	6.5968795	50.205833
	6.596965	50.2054146
	6.5970051	50.2050985
	6.5969396	50.2047353
	6.5968311	50.2043302
	6.5965555	50.2037924
	6.596367	50.2033623
	6.5962503	50.2028707
	6.5963202	50.2023036
	6.5929119	50.2019466
	6.592573	50.2019195
	6.5896865	50.2018696
	6.5894835	50.2017095
	6.5894166	50.2016106
	6.5893896	50.2013435
	6.5893851	50.2013302
	6.5892586	50.2009547
	6.5892376	50.2007217
	6.5891475	50.2005497
	6.5886326	50.1999248
	6.5874717	50.198326
	6.5874938	50.1980929
	6.5879258	50.1972841
	6.5885727	50.1963382
	6.5894965	50.1954723
	6.5899579	50.19163
	6.5966229	50.1932664
	6.5956342	50.1941566
	6.5981841	50.1970771
	6.6086854	50.199889
	6.6149984	50.1980549
	6.625681	50.1944784
	6.6345477	50.1983992
	6.639805	50.1996601
	6.6414644	50.1978998
	6.641271	50.1958596
	6.6373733	50.1941861
	6.6369352	50.1928612
	6.6367446	50.1922849
	6.6384727	50.1909111
	6.6410691	50.1904768
	6.6436579	50.188417
	6.649323	50.1856668
	6.6514507	50.1854852
	6.652818	50.1853685
	6.654289	50.1852429
	6.6560012	50.1805903
	6.6829553	50.1643417
	6.6876588	50.1630723
	6.68667	50.1625252
	6.6846026	50.1625252
	6.6827598	50.1567088
	6.6868498	50.1563056
	6.6902207	50.1585517
	6.6907285	50.1602747
	6.7032262	50.1754967
	6.7126389	50.1865868
	6.7129886	50.18722
	6.715279	50.1932852
	6.7181412	50.2008634
	6.7263539	50.2011629
	6.7294477	50.2042797
	6.7276912	50.2083285
	6.7305496	50.2126205
	6.7367746	50.2182517
	6.7262146	50.2234573
	6.717699	50.2241459
	6.7153772	50.2265225
	6.6910705	50.2218276
	6.6928145	50.2139768
	6.7114107	50.1999952
	6.7046931	50.1981327
	6.6882334	50.1935687
	6.6872711	50.1978018
	6.6791682	50.2023409
	6.6783456	50.209433
	6.6784849	50.2166405
	6.67849	50.216905
	6.6797425	50.2173821
	6.6793697	50.2195763
	6.6785348	50.2214271
	6.6803687	50.2219231
	6.6798617	50.2225241
	6.6771047	50.2240519
	6.6753575	50.2250201
	6.676016	50.2255268
	6.6755547	50.2257577
	6.6750923	50.2290968
	6.6730049	50.2317102
	6.6736013	50.2319963
	6.6745853	50.2333888
	6.6728856	50.2339801
	6.6727365	50.2344379
	6.6741046	50.2349988
	6.6726732	50.2354185
	6.673059	50.2372895
	6.6746627	50.2396409
	6.6743029	50.2411511
	6.6741005	50.2429634
	6.6760704	50.2434828
	6.6798618	50.2459091
	6.6726792	50.2483785
	6.6725657	50.2518083
	6.6700075	50.2532223
	6.6595737	50.2552272
	6.6429149	50.2527103
	6.6427786	50.2529571
	6.6430208	50.2541183
	6.6435656	50.254544
	6.6439146	50.255183
	6.6432485	50.2554362
	6.6427693	50.2555466
	6.6423167	50.2556404
	6.6419621	50.255789
	6.6415829	50.2555778
	6.6411549	50.2555622
	6.6402499	50.2546942
	6.6348197	50.257517
	6.6333274	50.2594504
	6.6325447	50.2606936
	6.6327274	50.2613871
	6.632075	50.261267
	6.6303873	50.2623303
	6.6291154	50.2625883
	6.6291096	50.2634813
	6.6126629	50.2620271
	6.6090535	50.2539044
	6.5894184	50.2517811
	6.5862777	50.2485515
	6.5835471	50.2488577
	6.5807078	50.2456879
	6.5697049	50.2473827
	6.5674376	50.2449526
	6.5674397	50.2447778
	6.5673957	50.2445908
	6.5672377	50.2443728
	6.5667258	50.2439269
	6.5648381	50.2422869
	6.5640032	50.2421531
	6.5655739	50.2402613
	6.5639551	50.2389834
	6.5639792	50.2387544
	6.5638681	50.2385634
	6.5633522	50.2381744
	6.5625673	50.2374186
	6.5622555	50.2368965
	6.5619415	50.2365227
	6.5617614	50.2363777
	6.5614016	50.2362477
	6.5611586	50.2354927
	6.5611546	50.2352448
END
END
