6557895
1
	7.9237937	50.5752669
	7.9245864	50.5744986
	7.9292314	50.571531
	7.9296618	50.5707937
	7.929922	50.5700818
	7.9303423	50.5694207
	7.9305598	50.5686811
	7.9302823	50.5676663
	7.931163	50.566217
	7.9323732	50.5651454
	7.9327411	50.5647836
	7.9335218	50.5644288
	7.9382681	50.5637098
	7.940813	50.563355
	7.9403067	50.5629051
	7.9423536	50.5622426
	7.9450803	50.5601803
	7.946808	50.5599825
	7.9464204	50.559533
	7.9464212	50.5592402
	7.9467384	50.5590427
	7.9467957	50.5588735
	7.9481152	50.5579107
	7.9486882	50.55761
	7.9488277	50.5566382
	7.9483854	50.5564663
	7.9485039	50.5560177
	7.9490818	50.5552612
	7.9496149	50.5551313
	7.9502328	50.5548021
	7.9506853	50.5545243
	7.9508337	50.5542124
	7.9517335	50.5533805
	7.9524152	50.5529027
	7.9524899	50.5526716
	7.9530144	50.5523114
	7.9536323	50.5520043
	7.9542877	50.5515464
	7.9532059	50.5509293
	7.9538904	50.5504525
	7.9529556	50.5500559
	7.9524104	50.549917
	7.9506832	50.5495146
	7.949128	50.5491207
	7.9497141	50.548143
	7.9448953	50.5456278
	7.9424289	50.544336
	7.9415719	50.5443012
	7.9406202	50.5442885
	7.939861	50.5443643
	7.9386583	50.5425685
	7.9400422	50.5425802
	7.9404121	50.5424587
	7.9406714	50.5422439
	7.9416145	50.539029
	7.9423426	50.5382535
	7.9451259	50.5384138
	7.9454643	50.5379969
	7.9457979	50.5379816
	7.9462825	50.537333
	7.946493	50.5369487
	7.9490742	50.5376578
	7.9498098	50.5372695
	7.9506538	50.5370873
	7.9521806	50.5368135
	7.955165	50.5364223
	7.9561435	50.5363252
	7.9576082	50.5360296
	7.9590999	50.5360975
	7.9592053	50.5358049
	7.9599111	50.5358477
	7.960026	50.5354521
	7.9592576	50.5353941
	7.9594475	50.5346002
	7.9606414	50.5344836
	7.9612518	50.5348262
	7.962409	50.5352706
	7.9647801	50.5361728
	7.9651845	50.5356562
	7.9656524	50.5353513
	7.9657376	50.5352426
	7.9665545	50.5354362
	7.9670876	50.5355668
	7.9673595	50.535672
	7.9676474	50.5357696
	7.9679236	50.5360417
	7.9681775	50.536044
	7.9684421	50.5361991
	7.9685794	50.5363712
	7.9693764	50.5366929
	7.9698091	50.5369035
	7.9705958	50.5370542
	7.9713102	50.5372853
	7.9718269	50.5375236
	7.9716358	50.5378815
	7.9716573	50.5381874
	7.971795	50.538373
	7.9715022	50.5385977
	7.9710627	50.5391272
	7.9709308	50.5392093
	7.9707799	50.5392774
	7.9705347	50.539617
	7.9703024	50.539819
	7.9699809	50.5399669
	7.9698448	50.5400233
	7.9695155	50.5401277
	7.9692004	50.5403306
	7.9680436	50.54145
	7.967412	50.5419556
	7.9635196	50.5445803
	7.9631573	50.5448593
	7.9637988	50.545093
	7.9646129	50.5454203
	7.965106	50.5456294
	7.9654258	50.5457618
	7.966056	50.5460224
	7.9665493	50.5462665
	7.9669737	50.546567
	7.9672713	50.546816
	7.9676267	50.5472516
	7.9677451	50.5474755
	7.9677667	50.5480898
	7.9677113	50.548174
	7.9681511	50.5489216
	7.9683593	50.5496497
	7.9686015	50.5496681
	7.9739723	50.5491065
	7.9741568	50.551025
	7.9743647	50.5511487
	7.9744534	50.552045
	7.9744802	50.5522929
	7.975244	50.5521391
	7.9760215	50.5516524
	7.9790728	50.5513768
	7.9786233	50.5505213
	7.980516	50.5500365
	7.9812316	50.5498255
	7.9824563	50.54938
	7.9864756	50.5474739
	7.9882768	50.5467408
	7.9909819	50.5455467
	7.9928163	50.5440841
	7.9935206	50.5438076
	7.9938032	50.5440841
	7.9938615	50.5440699
	7.9939512	50.5441326
	7.994725	50.5437136
	7.9965953	50.5445989
	7.9966552	50.5445637
	7.9993921	50.5458606
	7.9995596	50.5459147
	8.0009527	50.5451888
	8.0030772	50.5465341
	8.0043492	50.547169
	8.0054323	50.5477303
	8.0049772	50.5479972
	8.0048072	50.5481431
	8.0047865	50.5482176
	8.0041961	50.5484551
	8.0037674	50.5490079
	8.0037189	50.5492507
	8.0034307	50.54965
	8.0031216	50.549812
	8.002995	50.5498829
	8.0029659	50.5500378
	8.0029045	50.5502587
	8.0031642	50.5504788
	8.0033018	50.5505673
	8.0032986	50.5506698
	8.0030177	50.5507915
	8.0025144	50.5508793
	8.001999	50.5507762
	8.0012221	50.5507692
	8.000868	50.5508652
	8.0005382	50.5510091
	8.0003776	50.5514112
	8.0004048	50.5519595
	8.000196	50.552375
	8.0000495	50.5526779
	7.9995813	50.5530695
	7.9996184	50.5534351
	7.9997731	50.5539431
	7.9995242	50.5542521
	7.9988448	50.5544966
	7.9982605	50.554574
	7.9977492	50.5544712
	7.9974249	50.5543512
	7.9967806	50.5544377
	7.9970577	50.5549137
	7.9975395	50.5550861
	7.998601	50.5553301
	8.0004963	50.5558064
	8.0006411	50.5560514
	8.0012351	50.5578702
	8.0032777	50.5602844
	8.0037745	50.5602198
	8.0046344	50.5604125
	8.0049845	50.5603563
	8.005221	50.560624
	8.0061516	50.5609892
	8.0064266	50.5613182
	8.0066497	50.5617691
	8.0068273	50.5637965
	8.008699	50.564617
	8.0082423	50.5665318
	8.0081327	50.566605
	8.0071314	50.5675994
	8.0055528	50.5675745
	8.0045337	50.5682166
	8.0047653	50.5685336
	8.004961	50.5688195
	8.003702	50.5691882
	8.0028402	50.5721153
	8.0020829	50.5724146
	8.0000378	50.5734202
	8.0006874	50.574274
	7.9956425	50.5753802
	7.9920477	50.5752552
	7.9914396	50.5761184
	7.9910399	50.5771248
	7.9908116	50.5783199
	7.9908219	50.5794072
	7.9902105	50.5794301
	7.9899858	50.5796936
	7.9906271	50.5800016
	7.990992	50.5803145
	7.9910287	50.5804336
	7.9905714	50.5810062
	7.9915015	50.5813133
	7.9912734	50.5817527
	7.9912433	50.5819854
	7.9911199	50.5822373
	7.9905232	50.582632
	7.9894103	50.5825459
	7.9886569	50.5825626
	7.9878356	50.582424
	7.9871674	50.5821015
	7.9868875	50.5822275
	7.9832734	50.5799021
	7.9814407	50.5791077
	7.9812709	50.5797869
	7.9803393	50.5795533
	7.9796453	50.5793785
	7.9795677	50.5794499
	7.9790249	50.5793883
	7.9786372	50.5792923
	7.9782728	50.5790904
	7.977614	50.5795987
	7.9771894	50.5802483
	7.9769158	50.5801637
	7.9765618	50.5797947
	7.9764356	50.5793897
	7.9764392	50.5788695
	7.9764408	50.5786278
	7.9766354	50.5782116
	7.9764027	50.5775221
	7.9758271	50.5771411
	7.9755807	50.5766766
	7.9748848	50.5762251
	7.9748697	50.5759304
	7.9750008	50.5756454
	7.975021	50.5754148
	7.9748426	50.5753202
	7.9718509	50.5753553
	7.9695708	50.5754405
	7.9691062	50.5753725
	7.9681222	50.5739231
	7.9671912	50.5740272
	7.9653813	50.57465
	7.9629087	50.575211
	7.9607013	50.5771634
	7.9591951	50.577628
	7.9592471	50.5790201
	7.9568141	50.5789695
	7.9484477	50.5855482
	7.9449485	50.5901102
	7.9447055	50.5904551
	7.9409625	50.5905313
	7.9406122	50.5887551
	7.9385298	50.5886934
	7.9381491	50.5869905
	7.937491	50.5869542
	7.937223	50.5865153
	7.9374828	50.5861326
	7.9372828	50.5857188
	7.9385843	50.5857301
	7.9389737	50.5856455
	7.9394184	50.5850272
	7.9395535	50.58438
	7.9398005	50.5834975
	7.9398609	50.5822759
	7.9390595	50.5815898
	7.9378616	50.5817384
	7.9355491	50.5815131
	7.9338046	50.5813018
	7.9332615	50.5811004
	7.9329496	50.5806582
	7.9330313	50.5798582
	7.9334762	50.5793699
	7.9341561	50.5791473
	7.9348628	50.5790103
	7.931516	50.5773505
	7.9237937	50.5752669
END
END
