6557407
1
	9.8613523	52.3219786
	9.8621227	52.3212257
	9.8623745	52.321007
	9.8625879	52.3206513
	9.8624962	52.3205363
	9.8622935	52.3193722
	9.8625826	52.3181855
	9.865569	52.3166456
	9.8666167	52.3149712
	9.8675275	52.3143396
	9.8692753	52.3127543
	9.8698263	52.3103807
	9.8705596	52.3105083
	9.8726484	52.3078209
	9.8743015	52.3065966
	9.867917	52.304354
	9.8696087	52.3043208
	9.8654618	52.3028659
	9.8614767	52.3014861
	9.8643848	52.2974666
	9.8655609	52.2956696
	9.867149	52.294474
	9.8692913	52.2947993
	9.8736843	52.2933225
	9.8754311	52.2899401
	9.8772129	52.2897888
	9.8797488	52.2901954
	9.8815806	52.2904981
	9.883765	52.2912414
	9.8854523	52.2917936
	9.8897577	52.2932289
	9.8928405	52.286884
	9.893295	52.2861658
	9.8973223	52.2871024
	9.8994471	52.2830818
	9.9045377	52.2831772
	9.9049131	52.2831218
	9.9050514	52.2834521
	9.9057815	52.2826166
	9.9119046	52.2823563
	9.9127241	52.2806825
	9.9159118	52.2804676
	9.9160466	52.2804798
	9.919786	52.2803077
	9.9198104	52.2814164
	9.9247734	52.2811467
	9.9247484	52.2826466
	9.9280119	52.2827756
	9.9280589	52.2811087
	9.9295857	52.2811167
	9.9301296	52.2810748
	9.9310305	52.2810708
	9.9315324	52.2811587
	9.9336711	52.2815097
	9.934321	52.2816357
	9.9353918	52.2819367
	9.9360197	52.2821767
	9.9366526	52.2824826
	9.9371765	52.2827986
	9.9374255	52.2827376
	9.9385673	52.2824556
	9.9389083	52.2823716
	9.9387183	52.2821157
	9.9404612	52.2817011
	9.9424998	52.2812268
	9.9429577	52.2812268
	9.9434436	52.2816128
	9.9436326	52.2817607
	9.9443325	52.2826576
	9.9497321	52.2826031
	9.949609	52.2829916
	9.9494717	52.2834252
	9.949424	52.2835451
	9.9493843	52.2836545
	9.9493403	52.2837602
	9.9486204	52.2851211
	9.951527	52.2849484
	9.9562982	52.284799
	9.9562568	52.2848914
	9.9592428	52.2847173
	9.9591341	52.2854271
	9.9625517	52.2851615
	9.9626	52.2849924
	9.9639784	52.284956
	9.9689807	52.2848855
	9.9698931	52.2848505
	9.9698439	52.2863393
	9.9711105	52.2857105
	9.9713833	52.2865903
	9.9715943	52.2873952
	9.9724261	52.2905469
	9.9724704	52.2908218
	9.9722309	52.2921261
	9.9724401	52.2921067
	9.9722071	52.2938495
	9.9755096	52.2936055
	9.9757665	52.2940945
	9.9765544	52.2939795
	9.9804468	52.2934456
	9.9807408	52.2936706
	9.9844711	52.2933543
	9.9845515	52.2933475
	9.9855799	52.2931987
	9.9868757	52.2930211
	9.9864599	52.2920878
	9.9864999	52.2919468
	9.9866669	52.2918318
	9.9869799	52.2917408
	9.9876058	52.2916598
	9.9877098	52.2915838
	9.9876408	52.2909389
	9.9876818	52.2908169
	9.9878058	52.2907259
	9.9879727	52.2906609
	9.9883077	52.2906069
	9.9902534	52.290497
	9.9934109	52.290268
	9.9939641	52.2908019
	9.9949958	52.2905843
	9.995466	52.2911187
	9.9980102	52.2899781
	9.9986041	52.290848
	10.0005074	52.2931061
	10.0028574	52.2960124
	10.0034433	52.2968673
	10.005404	52.2960204
	10.0069038	52.2954065
	10.005777	52.2949255
	10.005317	52.2947956
	10.0042732	52.2940676
	10.0045222	52.2928128
	10.0046412	52.290951
	10.0045982	52.2902871
	10.0039303	52.2901081
	10.0030944	52.2900691
	10.0022616	52.2899441
	10.0018226	52.2897911
	10.0008628	52.2895351
	10.0007998	52.2894321
	10.0008508	52.2881663
	10.0008588	52.2880133
	10.0004409	52.2880023
	9.999482	52.2877993
	9.9991271	52.2876093
	9.9986572	52.2874144
	9.9963905	52.2867964
	9.9960146	52.2852596
	9.9959776	52.2850986
	9.9957386	52.2849006
	9.9959796	52.2842937
	9.9960696	52.2839357
	9.9961176	52.2835618
	9.9964305	52.2835158
	9.9986372	52.2831878
	10.0008069	52.2828679
	10.0010998	52.2827639
	10.0028066	52.2822879
	10.0038904	52.281944
	10.0096155	52.2814234
	10.0109626	52.281444
	10.0136112	52.2805401
	10.0177287	52.2798985
	10.0194611	52.2804872
	10.0231923	52.2820582
	10.0293501	52.2824067
	10.0307695	52.282631
	10.0307355	52.2831083
	10.0322257	52.2833676
	10.0345293	52.283659
	10.0344853	52.2838771
	10.0344714	52.2841801
	10.0346398	52.2861479
	10.0347222	52.2867443
	10.0348954	52.2867751
	10.0346862	52.2879929
	10.0344786	52.2891023
	10.0339282	52.2915209
	10.0397508	52.2934609
	10.0400957	52.2935213
	10.0453206	52.2938192
	10.0518234	52.2941834
	10.0539273	52.2942805
	10.0614672	52.2947567
	10.0613677	52.2967602
	10.060983	52.3008919
	10.0609534	52.3013211
	10.0701455	52.30409
	10.0702467	52.3014198
	10.0706019	52.2983441
	10.0742302	52.2989845
	10.0749114	52.3002026
	10.0756917	52.300155
	10.0773282	52.3036111
	10.0783255	52.3034215
	10.0794078	52.3065734
	10.0780925	52.3069754
	10.0774832	52.3076028
	10.079711	52.3112776
	10.0801896	52.312804
	10.0801644	52.3140067
	10.0799504	52.3186152
	10.0804763	52.3186992
	10.0801774	52.3196261
	10.0801304	52.32024
	10.0800604	52.320534
	10.0797854	52.3210679
	10.0797854	52.3213039
	10.0799434	52.3215829
	10.0803313	52.3226928
	10.0805153	52.3229137
	10.0807892	52.3231277
	10.0813381	52.3234477
	10.0818641	52.3236467
	10.082116	52.3237836
	10.082183	52.3240656
	10.082092	52.3243866
	10.0812171	52.3266293
	10.0806906	52.3279902
	10.0804013	52.3279201
	10.0783555	52.3323437
	10.0781731	52.3330587
	10.0782866	52.3333187
	10.075398	52.335039
	10.0712863	52.3425027
	10.0667639	52.3502015
	10.0625241	52.3555612
	10.0594675	52.3554821
	10.057739	52.3550328
	10.0421766	52.3538782
	10.0403951	52.3493803
	10.0368603	52.3493791
	10.0366831	52.3512954
	10.0314897	52.3511968
	10.0308158	52.352525
	10.028159	52.3520106
	10.0254191	52.3500203
	10.0254033	52.34928
	10.0186983	52.3487613
	10.0190024	52.3458235
	10.0181661	52.3456137
	10.0182299	52.3448741
	10.0160257	52.344751
	10.0158493	52.3445769
	10.0131874	52.3442445
	10.0053784	52.34404
	10.0052411	52.3441043
	10.0040367	52.3441066
	9.9644366	52.3421274
	9.9640488	52.346372
	9.9642821	52.3484578
	9.9656946	52.3518388
	9.9656404	52.3520338
	9.9634335	52.3522094
	9.9543606	52.3526724
	9.9553997	52.3575077
	9.951606	52.3567951
	9.9509803	52.3588705
	9.9507957	52.3590122
	9.95223	52.3596754
	9.9542815	52.3611144
	9.9564034	52.362587
	9.9565361	52.3626421
	9.9517409	52.3699408
	9.9317299	52.3657073
	9.9226297	52.3641895
	9.9242509	52.361807
	9.920661	52.3604508
	9.9238839	52.355794
	9.9165357	52.3535094
	9.9142075	52.3530179
	9.9145681	52.3517957
	9.9106348	52.351124
	9.9087144	52.3529065
	9.9080277	52.3553704
	9.9075986	52.355626
	9.9071801	52.3555146
	9.9070192	52.3556129
	9.9091221	52.3565564
	9.9068368	52.3572248
	9.9051417	52.3576442
	9.9022985	52.3581749
	9.900378	52.3584435
	9.8982752	52.3586205
	9.8962153	52.3587449
	9.8944665	52.3587187
	9.8871815	52.3586441
	9.885106	52.3587871
	9.8837376	52.3588825
	9.8836893	52.3588888
	9.8812378	52.3592102
	9.8797605	52.3581452
	9.8756765	52.3552116
	9.8757901	52.3550276
	9.875137	52.3538463
	9.8749419	52.3534933
	9.8742853	52.3523057
	9.8756565	52.3518053
	9.8740213	52.3504739
	9.8735105	52.3499441
	9.8738739	52.3494684
	9.8771493	52.3455966
	9.8776006	52.3450643
	9.8788376	52.3454522
	9.8814874	52.3459626
	9.8825495	52.3452331
	9.8835795	52.3447576
	9.8838118	52.3438622
	9.8829572	52.3430075
	9.8831211	52.3422375
	9.8823052	52.340206
	9.8824843	52.3389486
	9.8822293	52.3380757
	9.8819439	52.3377665
	9.8819171	52.3374522
	9.8817885	52.3371115
	9.8814423	52.3366411
	9.8813015	52.3362441
	9.8791667	52.3356428
	9.8785844	52.3355432
	9.8783594	52.335439
	9.8781561	52.3351852
	9.8764201	52.334468
	9.8771556	52.3341461
	9.8753594	52.3322747
	9.8791624	52.326437
	9.8768799	52.3263757
	9.8728076	52.3255782
	9.8725612	52.3254455
	9.8721415	52.3250858
	9.8711448	52.3240136
	9.8704726	52.3239361
	9.8685966	52.3231194
	9.8665923	52.3222931
	9.8633208	52.323502
	9.8613523	52.3219786
END
2
	9.8866612	52.4133859
	9.8870474	52.4125744
	9.8874337	52.4122079
	9.8894507	52.4101137
	9.8899657	52.4097734
	9.8912531	52.4107943
	9.8950297	52.4126529
	9.898935	52.4144068
	9.9014361	52.4147985
	9.9019262	52.4150952
	9.9046427	52.4163437
	9.9160153	52.412365
	9.9163586	52.4083335
	9.9158436	52.4078361
	9.9160572	52.4077147
	9.9177847	52.4089813
	9.9179465	52.4185162
	9.9172598	52.4185162
	9.9158436	52.4188041
	9.9158778	52.4190407
	9.9108225	52.4196155
	9.9114234	52.421971
	9.9025367	52.4221955
	9.8953615	52.4209633
	9.892326	52.4184377
	9.8912961	52.4178619
	9.8874766	52.4156632
	9.8866612	52.4133859
END
3
	9.921251	52.4260797
	9.9321609	52.4238709
	9.9332882	52.4274716
	9.9297482	52.4281209
	9.9285466	52.4261844
	9.9215085	52.4277022
	9.921251	52.4260797
END
4
	9.9227959	52.4150873
	9.9238688	52.4149565
	9.929877	52.4222327
	9.9236435	52.4231801
	9.9231934	52.4188822
	9.9227959	52.4150873
END
END
