6557458
1
	7.79501	53.2619285
	7.7983419	53.2598391
	7.8016921	53.2578231
	7.8017503	53.2577881
	7.8018154	53.2577489
	7.80153	53.2576029
	7.8028451	53.2568207
	7.803598	53.2563641
	7.8068125	53.2543603
	7.8107061	53.2518289
	7.8111606	53.251402
	7.8151057	53.2494549
	7.8151397	53.2494401
	7.8223783	53.2475574
	7.8233459	53.2466787
	7.8263885	53.2441733
	7.8285873	53.2431323
	7.8286862	53.2430866
	7.8288137	53.2431624
	7.8306502	53.24229
	7.8308706	53.2425504
	7.8310288	53.2425233
	7.8327467	53.2411368
	7.8330688	53.2416779
	7.8343346	53.2415731
	7.8348379	53.2406224
	7.8350949	53.239717
	7.8361729	53.2390147
	7.8378011	53.2379091
	7.8379003	53.2379443
	7.8409527	53.2358798
	7.8440457	53.2360766
	7.8452108	53.2352474
	7.8464282	53.2353904
	7.8488413	53.2368091
	7.8493553	53.2365457
	7.8502503	53.2361377
	7.8518281	53.2353033
	7.8523204	53.2350708
	7.8512761	53.2344193
	7.8496808	53.2334369
	7.8489409	53.2329779
	7.848118	53.2325511
	7.8481473	53.2325193
	7.8482002	53.2324824
	7.8501967	53.2308138
	7.8549689	53.2299928
	7.8557676	53.2300646
	7.8564664	53.2310088
	7.8576546	53.2311592
	7.8576025	53.2306984
	7.857453	53.230317
	7.8573466	53.229916
	7.8572253	53.229539
	7.8567883	53.2280162
	7.8589316	53.2270213
	7.8592902	53.2273334
	7.8594359	53.227249
	7.8607189	53.226709
	7.8608185	53.2266355
	7.8609901	53.2263973
	7.8609263	53.2261874
	7.8609529	53.2259075
	7.860735	53.2255767
	7.8602197	53.2253764
	7.859838	53.2249891
	7.8587287	53.2241583
	7.857792	53.2234746
	7.8565562	53.2226949
	7.8576272	53.2221799
	7.85691	53.2215284
	7.8568418	53.2214665
	7.8564732	53.2213807
	7.8544	53.2196976
	7.8559123	53.2184435
	7.8544956	53.2135162
	7.8540219	53.2116768
	7.8534842	53.209792
	7.8526641	53.2079353
	7.8510778	53.2047826
	7.8514197	53.2017685
	7.8514284	53.2016916
	7.8514409	53.2015815
	7.8519366	53.2007815
	7.8522032	53.2003883
	7.8507956	53.1998375
	7.8501167	53.1996701
	7.849937	53.1989883
	7.850556	53.1978998
	7.8516543	53.1977921
	7.8540504	53.1983304
	7.8544697	53.1981749
	7.8545496	53.19784
	7.8542301	53.1972419
	7.8523731	53.1966916
	7.8508581	53.196408
	7.8491565	53.193508
	7.8478688	53.1913132
	7.8484911	53.1907383
	7.8551378	53.1871514
	7.851999	53.1859735
	7.8618334	53.1805118
	7.8538222	53.176882
	7.8539284	53.1768872
	7.853902	53.1768362
	7.8660689	53.169852
	7.8661781	53.1698614
	7.8661655	53.1697965
	7.87405	53.1652699
	7.8771925	53.1663031
	7.8964432	53.1728545
	7.9050008	53.1755934
	7.9052061	53.1756503
	7.9059621	53.1760235
	7.9074036	53.1774146
	7.9086293	53.1785572
	7.9094498	53.1785566
	7.9102729	53.1785975
	7.9110989	53.1787409
	7.9118737	53.1789065
	7.912261	53.1789628
	7.9126826	53.1789458
	7.9130728	53.1788673
	7.9134773	53.1787478
	7.9137564	53.1786539
	7.9140412	53.1785822
	7.9142492	53.1785634
	7.9144599	53.1785668
	7.9149014	53.1786488
	7.9148786	53.1787153
	7.9156623	53.1789534
	7.9165221	53.1791899
	7.9174373	53.1794174
	7.9201996	53.1797941
	7.9233125	53.1802704
	7.9235916	53.180337
	7.9238138	53.1804155
	7.9243325	53.1806271
	7.9249553	53.1808875
	7.9252713	53.1810258
	7.9255488	53.1811801
	7.9257661	53.1813564
	7.9259416	53.1815477
	7.9260686	53.1817581
	7.9261572	53.1819765
	7.9262349	53.1822454
	7.9263461	53.1825074
	7.9264498	53.1826767
	7.926622	53.182857
	7.9268359	53.1830163
	7.9270641	53.1831548
	7.9273475	53.1832808
	7.9276651	53.183383
	7.9280364	53.1834652
	7.9283822	53.1835242
	7.9286833	53.1835777
	7.9288852	53.1836352
	7.9289773	53.1836614
	7.9296777	53.183964
	7.9306885	53.1844031
	7.9314006	53.1847085
	7.9320147	53.1850048
	7.9325814	53.1853173
	7.9337231	53.1859664
	7.9347278	53.1866766
	7.9350638	53.186917
	7.9356323	53.187418
	7.9358779	53.1877123
	7.9361888	53.1879837
	7.9365533	53.1882061
	7.9369795	53.1883994
	7.9382001	53.1889274
	7.9386144	53.1891066
	7.9404469	53.189902
	7.9401363	53.1901729
	7.9406765	53.1904564
	7.9411941	53.1905782
	7.9415248	53.1907614
	7.9423961	53.1910214
	7.9424748	53.1917168
	7.9432511	53.1931607
	7.9446789	53.1938363
	7.9458206	53.1943412
	7.9464121	53.1944958
	7.9470734	53.1946687
	7.9474522	53.1947782
	7.9504124	53.1956339
	7.95091	53.1967461
	7.9505081	53.1976404
	7.9489961	53.1988213
	7.9536785	53.2071698
	7.9598901	53.215109
	7.9618389	53.2176264
	7.9630461	53.2188887
	7.9641205	53.2201994
	7.9643926	53.2204962
	7.9643463	53.2206829
	7.9653267	53.2218907
	7.9665913	53.2231304
	7.9672733	53.2237626
	7.9676099	53.2240669
	7.9677628	53.2242363
	7.9678868	53.2243905
	7.9677688	53.2244218
	7.9688901	53.2257162
	7.9705587	53.2277049
	7.970028	53.2279829
	7.9704975	53.2282884
	7.9706455	53.2289513
	7.9716099	53.2300999
	7.9720979	53.2304965
	7.9721253	53.2308208
	7.971365	53.230946
	7.9711507	53.2310254
	7.9711813	53.231169
	7.9715028	53.2313217
	7.9720607	53.2317011
	7.9722667	53.2318431
	7.9721463	53.2331204
	7.971506	53.2341981
	7.9719966	53.2345862
	7.9722842	53.2347179
	7.9729706	53.2349401
	7.9733657	53.2351113
	7.9735518	53.235076
	7.9740279	53.2350326
	7.9745668	53.2349983
	7.9757612	53.2362748
	7.9761471	53.2366013
	7.9766059	53.2368333
	7.9770346	53.2371123
	7.9778082	53.2375812
	7.9782034	53.237392
	7.9794614	53.2382898
	7.9814127	53.2396574
	7.9820592	53.2393097
	7.9848606	53.2408966
	7.9855914	53.2404536
	8.0054593	53.2497412
	8.0065623	53.2497095
	8.007539	53.2490583
	8.0087668	53.2485157
	8.0120875	53.2482235
	8.0132734	53.2479897
	8.014264	53.2475055
	8.014557	53.2468126
	8.0181986	53.2455101
	8.0205008	53.2450927
	8.0211566	53.2448923
	8.022217	53.2439071
	8.0232773	53.2423959
	8.0238633	53.2419867
	8.0251749	53.241803
	8.026026	53.2418949
	8.0267934	53.2425629
	8.0281467	53.2442244
	8.0298973	53.2460145
	8.0307438	53.2464272
	8.0324109	53.2468692
	8.0371423	53.2489161
	8.0367259	53.2492515
	8.0375428	53.2497953
	8.0398529	53.2512697
	8.0605045	53.2647132
	8.0548189	53.2761609
	8.0510491	53.2819801
	8.0504915	53.2828408
	8.042297	53.2940428
	8.0422374	53.2941236
	8.0421465	53.294247
	8.0421142	53.2942908
	8.0362989	53.3021799
	8.0356038	53.3031615
	8.0304477	53.3103509
	8.0272683	53.3100636
	8.0258169	53.3099251
	8.0208995	53.3094522
	8.0186907	53.309251
	8.0161254	53.3089847
	8.0158781	53.3089671
	8.0141162	53.3088135
	8.0113679	53.30854
	8.0073878	53.3081552
	8.0048553	53.3078911
	8.0011583	53.3075021
	8.0001077	53.3069234
	7.9992703	53.3074666
	7.9972962	53.3088453
	7.9936442	53.306737
	7.9906207	53.306474
	7.9898058	53.306398
	7.9836248	53.3058411
	7.982216	53.3057001
	7.9770088	53.3051731
	7.9749671	53.3049671
	7.9734834	53.3048152
	7.9725465	53.3047232
	7.9705616	53.3045563
	7.9673482	53.3061212
	7.9670723	53.3060008
	7.9670009	53.3085526
	7.9669227	53.309536
	7.9667414	53.3108495
	7.9653256	53.3117967
	7.9640072	53.3127548
	7.9632497	53.3132659
	7.9623824	53.3138367
	7.9617281	53.314352
	7.9612052	53.3148115
	7.9605047	53.3157137
	7.9598593	53.3174141
	7.9597441	53.3186523
	7.9598567	53.3193246
	7.959913	53.3196244
	7.9600521	53.3198574
	7.9602446	53.3202236
	7.9613713	53.3223454
	7.9616169	53.323657
	7.9617892	53.3244306
	7.9619277	53.3251375
	7.9625062	53.32817
	7.9626656	53.3289038
	7.9623653	53.3289295
	7.9623937	53.3290406
	7.9622539	53.3293341
	7.9621258	53.3295799
	7.9618696	53.3298448
	7.9613762	53.3302545
	7.9583249	53.3293504
	7.9577013	53.329234
	7.9561451	53.3288662
	7.9489895	53.3272205
	7.9465706	53.3259885
	7.9459588	53.3256915
	7.9449531	53.32627
	7.9440656	53.3275787
	7.9432054	53.3287803
	7.9427253	53.3294284
	7.9421086	53.3300228
	7.9416357	53.3304123
	7.9413412	53.3306478
	7.94128	53.3306967
	7.9413258	53.3307725
	7.9396124	53.3315428
	7.9382767	53.3321127
	7.9361686	53.333088
	7.9318971	53.334903
	7.9295705	53.3359509
	7.9295175	53.3359713
	7.9266485	53.3369684
	7.9250977	53.3375674
	7.9220043	53.3386896
	7.9208003	53.3391423
	7.9196008	53.3395632
	7.9147155	53.3412791
	7.9101726	53.3429449
	7.9079471	53.3437441
	7.9062613	53.3443033
	7.9032924	53.3453561
	7.9007732	53.3462691
	7.8984585	53.3471985
	7.8969781	53.3477391
	7.8966981	53.3478482
	7.8943495	53.3486951
	7.8892592	53.3505268
	7.8854291	53.3518989
	7.8832082	53.3482911
	7.8809886	53.3448275
	7.8788279	53.3413669
	7.8766143	53.3378353
	7.8763413	53.3373883
	7.8744046	53.3342187
	7.872155	53.3306251
	7.8703793	53.3277294
	7.8687316	53.3250637
	7.8685806	53.3248037
	7.8671988	53.322401
	7.8650842	53.3189174
	7.8636254	53.3160547
	7.8612054	53.3120145
	7.8613044	53.3119811
	7.8591142	53.3083377
	7.8579699	53.3065053
	7.8556687	53.3029001
	7.8550758	53.3018513
	7.8531911	53.2985086
	7.8510194	53.2951646
	7.8503085	53.293947
	7.8475056	53.2924163
	7.8450084	53.2907345
	7.8392238	53.2874497
	7.8364752	53.2858117
	7.8336418	53.284123
	7.8323948	53.2833799
	7.8317741	53.283094
	7.8313797	53.2827749
	7.8291777	53.2815089
	7.8254562	53.2797403
	7.8223536	53.2777982
	7.8196362	53.2761982
	7.8193621	53.2760416
	7.8168049	53.2745223
	7.8126606	53.2721575
	7.8110328	53.2711846
	7.8055527	53.267946
	7.8053277	53.268049
	7.8002675	53.2651153
	7.8005175	53.2649593
	7.79501	53.2619285
END
END
