6558855
1
	9.7055035	54.1113158
	9.7072453	54.1083886
	9.7117741	54.1082184
	9.7122966	54.1060399
	9.7100323	54.1052569
	9.709801	54.1042489
	9.714503	54.1039293
	9.7122386	54.102057
	9.7121805	54.1003888
	9.7139224	54.0991631
	9.7143601	54.0943453
	9.7191083	54.0943272
	9.719663	54.0924041
	9.7256385	54.0925838
	9.7282015	54.0930752
	9.7284309	54.0939913
	9.7289344	54.0946221
	9.7298729	54.0950517
	9.7304139	54.0955099
	9.7312602	54.0951284
	9.7328563	54.0951241
	9.7343791	54.0949351
	9.7354722	54.0955322
	9.7355763	54.0956295
	9.7401519	54.0955386
	9.7403123	54.0956702
	9.7405338	54.0957646
	9.7422505	54.0959831
	9.7435745	54.0962252
	9.7438111	54.096302
	9.7451503	54.0971315
	9.7452764	54.0972145
	9.7466925	54.0975464
	9.745188	54.0986201
	9.7437465	54.0996488
	9.7436008	54.0997528
	9.7316319	54.1058206
	9.7206575	54.1067207
	9.7207155	54.1082184
	9.7160126	54.1106351
	9.717348	54.1122688
	9.7157223	54.1136302
	9.713574	54.1128134
	9.7134197	54.1162646
	9.7112515	54.1180544
	9.7096258	54.1174078
	9.7104968	54.1118264
	9.7068389	54.1122007
	9.7055035	54.1113158
END
END
