6558922
1
	8.185827	49.2559343
	8.185924	49.2555613
	8.1860832	49.2556444
	8.1870303	49.2544191
	8.1880237	49.2546126
	8.1890077	49.2512116
	8.1892256	49.2504824
	8.1880974	49.2503068
	8.1883099	49.2495651
	8.1883018	49.2492935
	8.1880616	49.2491087
	8.188563	49.2475924
	8.190428	49.2478882
	8.1908543	49.2466771
	8.1906951	49.2466384
	8.1915253	49.2437285
	8.1898305	49.2432585
	8.1930057	49.23389
	8.1936555	49.2315228
	8.194414	49.2310502
	8.1947369	49.230499
	8.1953567	49.2294965
	8.1984149	49.2298322
	8.1990322	49.2281518
	8.2005775	49.2282829
	8.2011323	49.2268486
	8.2038138	49.2269774
	8.2072356	49.2181181
	8.2073088	49.2132846
	8.2065409	49.2084665
	8.21386	49.2095704
	8.2158927	49.2092691
	8.2161357	49.2093871
	8.2167766	49.2093451
	8.2172615	49.2094021
	8.2180004	49.209719
	8.2181654	49.209994
	8.2214259	49.2115158
	8.2218658	49.2116458
	8.2231257	49.2118778
	8.2238746	49.2119658
	8.2245575	49.2119508
	8.2257503	49.2119658
	8.2260592	49.2119238
	8.2264792	49.2117948
	8.2286439	49.2109739
	8.2294347	49.2106596
	8.2296853	49.2114967
	8.2303838	49.2114547
	8.2307119	49.2114533
	8.2310153	49.2113957
	8.2313622	49.211244
	8.2318972	49.2110382
	8.2329917	49.2107623
	8.2341271	49.2104289
	8.2346629	49.2102772
	8.2351882	49.2103382
	8.2358428	49.2104248
	8.2375049	49.2104421
	8.2374801	49.2113857
	8.2374288	49.2129719
	8.2367202	49.2129175
	8.2362781	49.2129014
	8.2361677	49.2142192
	8.2358811	49.2150687
	8.2359662	49.2170861
	8.2381386	49.2174088
	8.2381811	49.2189825
	8.2384047	49.2190101
	8.2382626	49.220233
	8.2381287	49.221007
	8.2380926	49.2219648
	8.2379707	49.2225884
	8.2377817	49.2234255
	8.2376081	49.2242184
	8.2373556	49.2250354
	8.2372701	49.2255285
	8.237346	49.2263743
	8.2374278	49.227544
	8.237526	49.2287603
	8.2376124	49.2297188
	8.237933	49.2303829
	8.2383856	49.2312415
	8.2385382	49.2315537
	8.2386223	49.2317906
	8.2388403	49.2320325
	8.2383919	49.2324413
	8.2379312	49.2329622
	8.2376189	49.2334682
	8.2372514	49.2340594
	8.2371212	49.2348227
	8.2367315	49.2356315
	8.234131	49.2354492
	8.233918	49.2363421
	8.2328583	49.2403641
	8.2335696	49.240536
	8.2333362	49.241744
	8.2354652	49.2418576
	8.2351796	49.2431303
	8.2360702	49.243222
	8.235546	49.2452055
	8.2355462	49.2453924
	8.2364049	49.2458017
	8.2352126	49.2473438
	8.2348765	49.2479211
	8.2346298	49.2487231
	8.2345868	49.2489343
	8.2357792	49.249024
	8.2350928	49.2506356
	8.2361032	49.2508575
	8.2355035	49.2522113
	8.2348674	49.2520906
	8.2342702	49.2532781
	8.2337892	49.2541725
	8.2324971	49.2577557
	8.2322081	49.2588486
	8.2316521	49.2602189
	8.2274681	49.2596366
	8.2263515	49.2595034
	8.2255602	49.2594969
	8.2242014	49.2595794
	8.2198729	49.2592565
	8.2194435	49.2593346
	8.2188727	49.2592612
	8.2184797	49.2591969
	8.218327	49.2597159
	8.2139129	49.2590927
	8.2127902	49.2588685
	8.2122501	49.258829
	8.2114968	49.2589093
	8.2103669	49.2590927
	8.2094721	49.2595042
	8.2090917	49.2594694
	8.2082513	49.2593445
	8.2064209	49.2591025
	8.2064363	49.2579927
	8.2040834	49.2579676
	8.2038994	49.2586041
	8.2024541	49.2585347
	8.1958349	49.2583019
	8.1912133	49.2580301
	8.1887078	49.2576741
	8.1878742	49.2570978
	8.1865152	49.256141
	8.185827	49.2559343
END
END
