6559227
1
	13.7005323	51.9656485
	13.7044623	51.9569423
	13.7047288	51.9544236
	13.7035738	51.9526714
	13.7048176	51.9504264
	13.7037693	51.9472027
	13.7071828	51.9462946
	13.7109635	51.9459281
	13.7156933	51.9442563
	13.7207732	51.9439283
	13.72812	51.9445035
	13.7343339	51.9446456
	13.7350727	51.9448337
	13.7412823	51.9464143
	13.7460148	51.9483896
	13.7467121	51.9502888
	13.7464033	51.9525604
	13.7497811	51.9530556
	13.7550623	51.9533327
	13.7594478	51.9520563
	13.7638442	51.9501295
	13.7639089	51.9450725
	13.7626207	51.9426353
	13.7627161	51.9399224
	13.7626651	51.9379523
	13.7615545	51.9377606
	13.7613768	51.9367746
	13.7623986	51.9361447
	13.7627539	51.9342549
	13.7611484	51.9301506
	13.7613958	51.9242722
	13.7591424	51.9227067
	13.756528	51.9218511
	13.7528904	51.921161
	13.7495975	51.912232
	13.7479611	51.9093416
	13.7474466	51.904941
	13.752895	51.9027877
	13.7666564	51.9024523
	13.766741	51.9041164
	13.7708944	51.9053217
	13.7847369	51.9073513
	13.7857178	51.9151425
	13.7975278	51.9222645
	13.8007496	51.9241087
	13.8035627	51.9237676
	13.8050884	51.9249348
	13.8078118	51.9253321
	13.8100411	51.9255219
	13.8115153	51.92545
	13.8112381	51.9264879
	13.8137859	51.9266865
	13.8161419	51.9273603
	13.8168145	51.9286085
	13.8133548	51.9303486
	13.8156338	51.9325744
	13.8056539	51.9363876
	13.8057851	51.9404402
	13.8056802	51.9458755
	13.796583	51.9477902
	13.7941846	51.9488077
	13.79435	51.9491944
	13.7964933	51.9542044
	13.7927153	51.9547189
	13.794312	51.9581409
	13.7834998	51.9588903
	13.7733121	51.959341
	13.764762	51.9605296
	13.7612765	51.9654307
	13.7561822	51.9688171
	13.7476024	51.9726713
	13.7327095	51.9846245
	13.7274386	51.9831351
	13.7244169	51.9793814
	13.7226844	51.9771377
	13.7210587	51.9759746
	13.7187255	51.9769822
	13.7140474	51.9740303
	13.7109123	51.9751675
	13.7090465	51.9740455
	13.7072252	51.9738813
	13.700924	51.9660505
	13.7005323	51.9656485
END
END
