6559149
1
	7.1288011	50.0466044
	7.1357868	50.043727
	7.1411098	50.0417026
	7.1450598	50.0405886
	7.1473289	50.0394568
	7.1518869	50.0374112
	7.153717	50.034679
	7.1535192	50.0319466
	7.1545295	50.0297924
	7.1547138	50.0284316
	7.155603	50.0268372
	7.1556342	50.0265018
	7.1559027	50.0258972
	7.1560434	50.0251026
	7.1562325	50.0242718
	7.1582796	50.022188
	7.1613423	50.0209769
	7.1612496	50.019974
	7.1629889	50.0196711
	7.1626514	50.0189246
	7.1641311	50.0190167
	7.1641929	50.0178487
	7.1655161	50.0177613
	7.1653737	50.0161273
	7.1669724	50.0160239
	7.1668354	50.0151499
	7.1680297	50.0151877
	7.1680655	50.0143521
	7.1692837	50.0143164
	7.1729276	50.0069151
	7.1714894	50.005011
	7.1735668	50.0060999
	7.1775004	50.0060745
	7.1827027	50.0035987
	7.1848441	50.001549
	7.1896114	50.0027642
	7.1924694	49.9969283
	7.1988132	49.9930062
	7.2095546	49.991533
	7.212497	49.9899732
	7.2165514	49.9894636
	7.2190264	49.9869666
	7.2243739	49.987895
	7.2305774	49.9901929
	7.2348947	49.9915527
	7.2411694	49.9918915
	7.2438588	49.9917086
	7.2472307	49.9937798
	7.2493113	49.9947536
	7.2506436	49.9947771
	7.2512397	49.9944432
	7.2514576	49.9944326
	7.2518675	49.9951287
	7.2503526	49.9960204
	7.2511254	49.9976034
	7.2536441	49.9995744
	7.2543952	50.0017607
	7.2547922	50.0033539
	7.253863	50.0052285
	7.2528822	50.0055934
	7.2511678	50.0089973
	7.2536277	50.0099732
	7.2533828	50.012217
	7.2635101	50.0202827
	7.2635998	50.0240326
	7.2613559	50.0253907
	7.2607378	50.0256843
	7.260705	50.0252762
	7.2578902	50.0241738
	7.2535327	50.0206291
	7.2520051	50.0216766
	7.2495953	50.0203433
	7.2473202	50.02155
	7.2459258	50.0224548
	7.2456491	50.0231663
	7.2458037	50.0238217
	7.2451421	50.024072
	7.2453276	50.0247433
	7.2444449	50.0254081
	7.2454654	50.025405
	7.2463248	50.0255989
	7.2461202	50.0260164
	7.2446982	50.0263183
	7.2431896	50.0265566
	7.2427197	50.0271763
	7.2430041	50.0277085
	7.2451434	50.0279627
	7.2469858	50.0286062
	7.2487665	50.0288922
	7.2489957	50.0296913
	7.2473987	50.0300206
	7.2478123	50.0310267
	7.248984	50.0311615
	7.2481271	50.03174
	7.2502446	50.0345991
	7.2497402	50.0348725
	7.2512526	50.036257
	7.2492861	50.0373299
	7.2477646	50.0380464
	7.2434065	50.0396127
	7.241399	50.0406859
	7.2395283	50.0413266
	7.235651	50.0426599
	7.2307542	50.0428981
	7.2309211	50.0448353
	7.2306491	50.0457883
	7.2315765	50.0465665
	7.2312683	50.0475402
	7.2292162	50.047951
	7.2280353	50.0479539
	7.227091	50.0469544
	7.2179187	50.0460475
	7.1811227	50.0618
	7.1776167	50.0650298
	7.1762473	50.0662912
	7.1572698	50.060482
	7.1589409	50.057354
	7.1562499	50.0548897
	7.136528	50.0463752
	7.135695	50.0462799
	7.13453	50.0463524
	7.1321216	50.0482794
	7.1288011	50.0466044
END
END
