6559263
1
	12.608227	54.077248
	12.608239	54.077205
	12.608622	54.075954
	12.60903	54.074565
	12.609132	54.074245
	12.609199	54.074024
	12.609223	54.073949
	12.609238	54.073901
	12.609273	54.073792
	12.609307	54.073684
	12.609484	54.07336
	12.609725	54.073141
	12.610255	54.072782
	12.610408	54.072678
	12.610971	54.072253
	12.611831	54.071624
	12.612056	54.071481
	12.613039	54.07076
	12.613238	54.070607
	12.61344	54.07052
	12.613479	54.070435
	12.613508	54.070413
	12.613613	54.070391
	12.613705	54.07039
	12.613968	54.070434
	12.614302	54.070501
	12.614545	54.07048
	12.61518	54.070354
	12.615605	54.070269
	12.618104	54.069772
	12.618434	54.069706
	12.619042	54.069585
	12.619576	54.069479
	12.6227	54.068857
	12.624149	54.068568
	12.624321	54.068389
	12.624794	54.067895
	12.625047	54.067658
	12.625079	54.067644
	12.626128	54.067626
	12.626388	54.067622
	12.627009	54.067647
	12.627594	54.06768
	12.627799	54.067605
	12.628043	54.067324
	12.628415	54.06703
	12.628784	54.06677
	12.629359	54.066433
	12.629794	54.066195
	12.630309	54.065968
	12.630533	54.065869
	12.630605	54.065816
	12.630694	54.065733
	12.630741	54.065677
	12.630879	54.065486
	12.631202	54.065216
	12.63129	54.065147
	12.631448	54.065024
	12.631634	54.064898
	12.632711	54.06431
	12.633728	54.063891
	12.63388	54.063737
	12.634124	54.06349
	12.634522	54.063087
	12.634593	54.063015
	12.634726	54.062741
	12.635109	54.062636
	12.635242	54.062538
	12.635359	54.062404
	12.635446	54.062107
	12.635524	54.061938
	12.635691	54.061659
	12.635819	54.061471
	12.635902	54.061398
	12.635931	54.061361
	12.63602	54.061185
	12.636121	54.061164
	12.636169	54.061125
	12.636168	54.060916
	12.63618	54.060812
	12.636326	54.060628
	12.6364	54.060535
	12.636646	54.060343
	12.636836	54.060216
	12.637284	54.060012
	12.63761	54.059765
	12.63792	54.059616
	12.63813	54.059523
	12.638389	54.059379
	12.638469	54.059294
	12.638631	54.059119
	12.638844	54.058875
	12.638884	54.058816
	12.639019	54.058712
	12.639139	54.058669
	12.639268	54.058638
	12.639378	54.058598
	12.639466	54.05855
	12.63953	54.058508
	12.639601	54.058455
	12.639657	54.058429
	12.639707	54.058394
	12.640229	54.058172
	12.640243	54.058166
	12.64052	54.058006
	12.640797	54.057894
	12.64098	54.057814
	12.6411	54.057758
	12.641244	54.057692
	12.641469	54.057594
	12.641556	54.057569
	12.641676	54.057528
	12.641804	54.057479
	12.641908	54.057443
	12.642049	54.05739
	12.642253	54.057318
	12.642407	54.057268
	12.642676	54.057171
	12.642792	54.057125
	12.642878	54.05708
	12.642942	54.057037
	12.643096	54.056924
	12.64324	54.056828
	12.643353	54.056761
	12.64347	54.056706
	12.643547	54.056652
	12.643709	54.056563
	12.643777	54.05654
	12.643914	54.056503
	12.644081	54.056464
	12.644193	54.056442
	12.644342	54.056396
	12.64444	54.056367
	12.644563	54.056318
	12.644688	54.056241
	12.644783	54.056177
	12.644934	54.056077
	12.644948	54.056067
	12.645264	54.055843
	12.6453	54.055818
	12.645414	54.055733
	12.645429	54.05572
	12.645471	54.05568
	12.645499	54.055634
	12.645552	54.055515
	12.645855	54.055252
	12.645953	54.055188
	12.646107	54.055098
	12.646346	54.054974
	12.646549	54.054875
	12.646662	54.054797
	12.647137	54.054493
	12.647233	54.054263
	12.647245	54.054237
	12.647333	54.054048
	12.647307	54.053898
	12.647333	54.053781
	12.647429	54.053642
	12.647563	54.053541
	12.647811	54.053519
	12.648216	54.053416
	12.648359	54.053383
	12.648683	54.053325
	12.648892	54.053268
	12.649104	54.053077
	12.64915	54.052914
	12.649216	54.052842
	12.649491	54.052678
	12.649684	54.052621
	12.649986	54.052515
	12.650202	54.052428
	12.650375	54.052384
	12.65041	54.052373
	12.651111	54.052111
	12.651573	54.051927
	12.651997	54.051618
	12.652629	54.051324
	12.653451	54.050957
	12.65426	54.050782
	12.655093	54.050863
	12.655275	54.05084
	12.655325	54.050809
	12.655797	54.050224
	12.655926	54.050089
	12.656834	54.048924
	12.658176	54.047121
	12.658304	54.047033
	12.658556	54.046861
	12.659013	54.046647
	12.65907	54.046622
	12.659235	54.0465018
	12.659246	54.046498
	12.6604466	54.0461798
	12.662053	54.045754
	12.6636309	54.0453264
	12.663865	54.045263
	12.664533	54.045082
	12.666178	54.044588
	12.667542	54.044184
	12.667836	54.044125
	12.668141	54.044122
	12.669142	54.044121
	12.670249	54.044153
	12.671669	54.044225
	12.673286	54.044318
	12.673562	54.044323
	12.673566	54.044328
	12.674348	54.04435
	12.674357	54.044343
	12.676799	54.04241
	12.679551	54.040231
	12.679557	54.040226
	12.67963	54.040203
	12.682248	54.039358
	12.684488	54.038636
	12.684543	54.038618
	12.684832	54.038525
	12.685134	54.038428
	12.687127	54.037872
	12.687295	54.037819
	12.688063	54.037603
	12.688121	54.037587
	12.688196	54.037566
	12.689362	54.037237
	12.689589	54.037173
	12.690156	54.037014
	12.690556	54.036929
	12.690657	54.036908
	12.69098	54.036864
	12.691137	54.036844
	12.691169	54.036839
	12.691684	54.036789
	12.692532	54.036707
	12.692794	54.036684
	12.692816	54.036684
	12.69287	54.036683
	12.693184	54.036666
	12.6935	54.036648
	12.693612	54.036641
	12.6949	54.036538
	12.695685	54.036413
	12.695752	54.036386
	12.696267	54.036175
	12.696597	54.036008
	12.697552	54.035244
	12.698381	54.034524
	12.698446	54.03446
	12.698553	54.034401
	12.698614	54.03435
	12.698624	54.034342
	12.693446	54.033946
	12.69264	54.033686
	12.690266	54.031436
	12.690237	54.031408
	12.690596	54.031327
	12.690914	54.031277
	12.69096	54.031364
	12.692128	54.032266
	12.692589	54.032915
	12.69304	54.033381
	12.693351	54.033453
	12.693834	54.033483
	12.694541	54.033378
	12.694844	54.033393
	12.694896	54.033515
	12.69499	54.033559
	12.695209	54.03358
	12.696303	54.033344
	12.696505	54.032801
	12.696607	54.032479
	12.696731	54.031719
	12.696736	54.031697
	12.696343	54.031634
	12.695108	54.031649
	12.693884	54.031605
	12.693519	54.031602
	12.69322	54.031559
	12.692908	54.031456
	12.691967	54.031042
	12.691865	54.030927
	12.691737	54.030813
	12.69167	54.030667
	12.691644	54.030533
	12.691617	54.030223
	12.691638	54.029975
	12.691664	54.029743
	12.695419	54.028056
	12.696296	54.027673
	12.697838	54.026966
	12.697899	54.026939
	12.698799	54.026524
	12.703445	54.024379
	12.703489	54.024359
	12.70353	54.02434
	12.707584	54.022485
	12.709096	54.021788
	12.709735	54.021494
	12.710241	54.021261
	12.71075	54.021026
	12.711363	54.020744
	12.711947	54.020475
	12.71215	54.020381
	12.712524	54.020208
	12.71323	54.019879
	12.713999	54.019521
	12.714812	54.019144
	12.715735	54.018714
	12.715939	54.018761
	12.717394	54.019098
	12.718626	54.019384
	12.719888	54.019677
	12.721156	54.01997
	12.721259	54.019994
	12.721275	54.019998
	12.721364	54.020019
	12.721367	54.020019
	12.723807	54.020586
	12.723634	54.021254
	12.723776	54.02187
	12.724293	54.022358
	12.724316	54.02285
	12.724353	54.022987
	12.72412	54.023442
	12.724199	54.023609
	12.72455	54.023712
	12.725457	54.023773
	12.727058	54.023685
	12.727297	54.023683
	12.730742	54.024181
	12.731425	54.024434
	12.731556	54.02448
	12.731576	54.02448
	12.731693	54.02457
	12.731704	54.024673
	12.731741	54.024854
	12.731935	54.024937
	12.73213	54.024985
	12.732287	54.025071
	12.732421	54.025093
	12.732546	54.025151
	12.7327	54.025192
	12.732758	54.025259
	12.73292	54.025293
	12.733094	54.025391
	12.733037	54.025479
	12.733116	54.025509
	12.733309	54.025514
	12.733496	54.025599
	12.733616	54.025621
	12.733799	54.025639
	12.733943	54.025688
	12.734145	54.025805
	12.734322	54.025863
	12.734537	54.025982
	12.734794	54.026138
	12.735111	54.026303
	12.735161	54.02635
	12.735219	54.026369
	12.735318	54.02644
	12.735408	54.026532
	12.735665	54.026657
	12.735729	54.02671
	12.735913	54.026749
	12.736025	54.026818
	12.73607	54.026868
	12.736177	54.026907
	12.736241	54.026925
	12.736312	54.026983
	12.736415	54.027035
	12.736437	54.02709
	12.736435	54.027151
	12.736505	54.027201
	12.736588	54.027347
	12.736632	54.027382
	12.736708	54.027447
	12.736724	54.027503
	12.736869	54.027628
	12.736872	54.02763
	12.736946	54.027781
	12.737088	54.02787
	12.737263	54.028026
	12.7374	54.028067
	12.737413	54.028162
	12.737474	54.028205
	12.737512	54.028295
	12.737552	54.028323
	12.737594	54.028351
	12.737791	54.028635
	12.738232	54.029058
	12.738341	54.029132
	12.738559	54.029366
	12.738658	54.02944
	12.738884	54.029696
	12.739272	54.030029
	12.739362	54.030157
	12.739474	54.030211
	12.73962	54.0304
	12.739793	54.030516
	12.739892	54.030649
	12.740033	54.030756
	12.740166	54.030904
	12.740292	54.030977
	12.740308	54.031077
	12.740505	54.03119
	12.740593	54.03123
	12.740662	54.03137
	12.740757	54.031442
	12.740798	54.03151
	12.741063	54.031744
	12.741347	54.032082
	12.741529	54.032266
	12.741538	54.032386
	12.741603	54.032438
	12.741617	54.032477
	12.741753	54.0328
	12.741924	54.032868
	12.742017	54.032814
	12.742239	54.03279
	12.742259	54.03279
	12.742286	54.032791
	12.742328	54.032803
	12.74246	54.032884
	12.742664	54.032905
	12.742637	54.033001
	12.742692	54.033044
	12.742968	54.033027
	12.743168	54.033154
	12.743187	54.033186
	12.743159	54.033309
	12.74322	54.03335
	12.743521	54.03334
	12.743652	54.03338
	12.7437	54.033376
	12.743744	54.033346
	12.743762	54.033212
	12.743811	54.033183
	12.743936	54.033205
	12.743999	54.033219
	12.744138	54.033307
	12.744207	54.033276
	12.74417	54.033061
	12.744212	54.033033
	12.744232	54.033025
	12.744282	54.033027
	12.744566	54.033099
	12.744591	54.033105
	12.744763	54.033048
	12.744925	54.033068
	12.74503	54.033051
	12.7454	54.033192
	12.745542	54.033255
	12.7456991	54.03329
	12.745628	54.033359
	12.74562	54.033459
	12.745662	54.033592
	12.7458	54.033809
	12.745955	54.034044
	12.746153	54.034282
	12.746317	54.034504
	12.746391	54.034653
	12.746487	54.034813
	12.746593	54.035009
	12.7467	54.035204
	12.746756	54.035376
	12.746743	54.035469
	12.74667	54.035538
	12.746561	54.035608
	12.746268	54.035724
	12.746157	54.035762
	12.745725	54.035876
	12.745243	54.035976
	12.744929	54.036022
	12.74466	54.036058
	12.744569	54.036052
	12.744347	54.036056
	12.74399	54.036169
	12.743949	54.036182
	12.743813	54.036247
	12.743742	54.036293
	12.743735	54.036322
	12.743726	54.036361
	12.743704	54.036473
	12.743886	54.036642
	12.744173	54.036782
	12.744341	54.036837
	12.744569	54.036909
	12.744792	54.036982
	12.74508	54.037075
	12.745432	54.037189
	12.745488	54.037204
	12.745715	54.037267
	12.746063	54.037348
	12.746302	54.037435
	12.746652	54.037519
	12.746844	54.03768
	12.746867	54.037759
	12.746882	54.037867
	12.746628	54.037964
	12.746385	54.037941
	12.74625	54.037923
	12.746051	54.037863
	12.745712	54.037763
	12.745499	54.037724
	12.745361	54.037741
	12.745274	54.037807
	12.745223	54.037891
	12.745326	54.038076
	12.745545	54.038334
	12.745754	54.038571
	12.745846	54.038765
	12.745892	54.038956
	12.745864	54.039061
	12.745609	54.039223
	12.745444	54.039279
	12.744983	54.039377
	12.744825	54.039415
	12.744602	54.039435
	12.744416	54.039446
	12.744123	54.039463
	12.743966	54.039483
	12.743791	54.039533
	12.743726	54.039605
	12.743665	54.039772
	12.743639	54.040015
	12.743661	54.040268
	12.743794	54.040544
	12.743898	54.040711
	12.74392	54.04089
	12.743881	54.040995
	12.743715	54.041246
	12.743604	54.041338
	12.743517	54.04141
	12.743251	54.041519
	12.743002	54.041584
	12.742646	54.041573
	12.742374	54.041506
	12.742182	54.041509
	12.74201	54.041532
	12.741814	54.041594
	12.74172	54.04167
	12.741694	54.0417
	12.741653	54.04175
	12.74161	54.041853
	12.741639	54.041987
	12.741676	54.042078
	12.741937	54.042249
	12.742297	54.042485
	12.742434	54.042622
	12.742436	54.042628
	12.742494	54.042736
	12.742537	54.0431
	12.742298	54.043674
	12.742215	54.043882
	12.742157	54.044063
	12.742117	54.044188
	12.742056	54.044374
	12.741909	54.044658
	12.741849	54.044765
	12.741741	54.044949
	12.7417	54.045055
	12.741747	54.045202
	12.741872	54.045407
	12.742242	54.045983
	12.742451	54.046326
	12.742582	54.04652
	12.742818	54.046917
	12.742948	54.0471
	12.743091	54.047304
	12.743104	54.047322
	12.743198	54.047448
	12.743421	54.047685
	12.743859	54.048099
	12.744026	54.048267
	12.744085	54.048407
	12.744052	54.048715
	12.743941	54.049137
	12.743869	54.049415
	12.743787	54.049686
	12.743667	54.049873
	12.743564	54.050044
	12.743604	54.050239
	12.743802	54.050508
	12.743827	54.050543
	12.744057	54.050666
	12.744204	54.05074
	12.744561	54.050785
	12.744915	54.050739
	12.745373	54.050645
	12.745533	54.050609
	12.745737	54.050623
	12.745956	54.050736
	12.746089	54.050908
	12.746067	54.051016
	12.745964	54.051175
	12.745814	54.05129
	12.745605	54.051402
	12.745379	54.051492
	12.745215	54.051589
	12.745114	54.051664
	12.744979	54.051806
	12.74493	54.052031
	12.745007	54.052192
	12.745121	54.05229
	12.745288	54.052406
	12.745788	54.052546
	12.746049	54.052613
	12.746433	54.052721
	12.746824	54.052775
	12.747401	54.052852
	12.747659	54.052979
	12.747734	54.053044
	12.747784	54.05311
	12.747836	54.05317
	12.748008	54.053377
	12.747999	54.053659
	12.747886	54.053915
	12.747882	54.053934
	12.747655	54.054046
	12.747568	54.054085
	12.747449	54.054127
	12.747204	54.054179
	12.7471	54.05417
	12.746834	54.054106
	12.746673	54.054086
	12.746516	54.054067
	12.746345	54.054022
	12.746142	54.05394
	12.745898	54.053881
	12.745616	54.053911
	12.74551	54.053967
	12.745388	54.054077
	12.7453	54.054187
	12.745204	54.054275
	12.745206	54.054378
	12.745167	54.054558
	12.745132	54.054696
	12.745093	54.054802
	12.745109	54.054973
	12.745132	54.055087
	12.745141	54.055189
	12.745165	54.055337
	12.745189	54.055445
	12.74525	54.055721
	12.745249	54.05574
	12.745241	54.055853
	12.745146	54.055984
	12.745012	54.056106
	12.744896	54.056166
	12.744639	54.056267
	12.744442	54.056374
	12.744066	54.056647
	12.743971	54.056863
	12.743928	54.056975
	12.743913	54.057015
	12.743883	54.057219
	12.743879	54.057467
	12.743934	54.057637
	12.743978	54.057761
	12.743973	54.058019
	12.743912	54.058211
	12.743827	54.058433
	12.743731	54.058585
	12.743692	54.058643
	12.743546	54.0587
	12.743385	54.058706
	12.743219	54.058677
	12.74308	54.058629
	12.742971	54.058583
	12.742868	54.058499
	12.742736	54.058418
	12.742605	54.058374
	12.742452	54.058372
	12.742278	54.058371
	12.742159	54.058463
	12.742067	54.058538
	12.741843	54.059011
	12.741743	54.059137
	12.741626	54.059294
	12.741564	54.059376
	12.741465	54.059419
	12.741355	54.059461
	12.741213	54.0595
	12.741114	54.059494
	12.740978	54.059477
	12.740821	54.059415
	12.740684	54.059274
	12.74061	54.059197
	12.740445	54.059049
	12.740337	54.058962
	12.7403	54.058932
	12.739777	54.058844
	12.739541	54.058752
	12.7393	54.058808
	12.739112	54.058844
	12.738808	54.05907
	12.738499	54.059302
	12.73837	54.059435
	12.738257	54.0596
	12.738191	54.059654
	12.738048	54.059712
	12.737782	54.059755
	12.737171	54.059775
	12.736788	54.059774
	12.736619	54.05977
	12.736407	54.059739
	12.736247	54.059699
	12.736043	54.0596
	12.735834	54.059468
	12.735548	54.059219
	12.735383	54.059096
	12.735291	54.059017
	12.735049	54.058959
	12.734848	54.058972
	12.734698	54.059098
	12.734593	54.0592
	12.734442	54.05937
	12.734385	54.059434
	12.734222	54.059596
	12.734029	54.059719
	12.73368	54.0599
	12.7334273	54.060093
	12.733278	54.060102
	12.732903	54.060237
	12.732778	54.060282
	12.732512	54.060354
	12.732266	54.060432
	12.73206	54.060511
	12.731851	54.060683
	12.731827	54.060814
	12.731902	54.060953
	12.731974	54.060985
	12.732112	54.061036
	12.732249	54.061062
	12.732303	54.061072
	12.732749	54.061016
	12.733011	54.060946
	12.733338	54.060884
	12.733459	54.060872
	12.733639	54.060865
	12.733689	54.060873
	12.733767	54.0609
	12.733859	54.060975
	12.733917	54.061053
	12.73394	54.061081
	12.733946	54.061097
	12.733919	54.061274
	12.733735	54.061441
	12.733493	54.061608
	12.733293	54.06173
	12.733079	54.061857
	12.732912	54.06201
	12.732854	54.062161
	12.732904	54.062265
	12.732988	54.062342
	12.73314	54.062401
	12.733203	54.062414
	12.733708	54.062406
	12.733945	54.062337
	12.734152	54.062259
	12.734495	54.06215
	12.734642	54.062167
	12.734649	54.062168
	12.734766	54.062179
	12.73484	54.06219
	12.734931	54.062248
	12.734981	54.062325
	12.734983	54.06239
	12.734863	54.062553
	12.734759	54.062784
	12.734684	54.063057
	12.734731	54.063163
	12.734906	54.06326
	12.73526	54.063323
	12.73556	54.063322
	12.735799	54.063302
	12.736019	54.063286
	12.73674	54.063189
	12.737094	54.06314
	12.737455	54.063092
	12.737609	54.06309
	12.73773	54.063151
	12.737809	54.063226
	12.73787	54.063322
	12.737857	54.063415
	12.737818	54.063534
	12.737792	54.063637
	12.737637	54.063738
	12.73746	54.063867
	12.737314	54.063952
	12.737101	54.064061
	12.736602	54.064333
	12.73652	54.064372
	12.736426	54.064417
	12.736283	54.064545
	12.736272	54.064554
	12.736217	54.064676
	12.736212	54.064784
	12.736273	54.064918
	12.736515	54.065077
	12.736668	54.065164
	12.736829	54.065208
	12.737037	54.065163
	12.737088	54.065152
	12.737517	54.064859
	12.737637	54.064698
	12.737712	54.064636
	12.737861	54.064552
	12.738031	54.064484
	12.738047	54.064479
	12.738169	54.064441
	12.738355	54.064418
	12.738528	54.064428
	12.738697	54.064484
	12.73895	54.064634
	12.739099	54.06476
	12.739119	54.06482
	12.739139	54.06485
	12.739148	54.064909
	12.739094	54.065123
	12.739021	54.06539
	12.738919	54.065592
	12.738866	54.065819
	12.73892	54.065915
	12.739055	54.065979
	12.739298	54.06599
	12.739333	54.065987
	12.739678	54.065955
	12.739912	54.065857
	12.740205	54.065736
	12.740228	54.065727
	12.740616	54.065586
	12.740834	54.065507
	12.740964	54.06549
	12.741086	54.065498
	12.741195	54.065549
	12.741276	54.065621
	12.741283	54.065734
	12.741223	54.065854
	12.740922	54.066042
	12.740865	54.066159
	12.74085	54.066272
	12.740963	54.066361
	12.741129	54.066435
	12.74135	54.066448
	12.741748	54.066415
	12.741783	54.0664
	12.742177	54.066288
	12.742381	54.066231
	12.742522	54.066241
	12.742638	54.066259
	12.742757	54.0663
	12.742829	54.066388
	12.7429	54.066501
	12.742905	54.066566
	12.742869	54.066657
	12.742731	54.066731
	12.74259	54.066775
	12.742494	54.066822
	12.742388	54.066856
	12.742289	54.066904
	12.74214	54.066998
	12.742013	54.067119
	12.742002	54.067223
	12.742029	54.067311
	12.742235	54.067371
	12.742565	54.067372
	12.74266	54.067367
	12.742937	54.067355
	12.743331	54.06727
	12.743527	54.067231
	12.743811	54.067244
	12.743892	54.067251
	12.744104	54.067339
	12.744183	54.067415
	12.74421	54.067463
	12.744174	54.067535
	12.744133	54.067592
	12.743752	54.067748
	12.743628	54.067799
	12.743109	54.067989
	12.742777	54.068096
	12.742338	54.068205
	12.742144	54.06828
	12.741991	54.068437
	12.742021	54.068531
	12.742119	54.06861
	12.742322	54.068666
	12.742537	54.068661
	12.742625	54.068638
	12.742717	54.068617
	12.742844	54.06858
	12.742967	54.068523
	12.743096	54.068464
	12.743302	54.068342
	12.743552	54.068233
	12.743741	54.068196
	12.74386	54.068198
	12.744062	54.068225
	12.744205	54.068262
	12.744263	54.068308
	12.744271	54.068373
	12.744247	54.068507
	12.744221	54.068564
	12.7442	54.068609
	12.744157	54.068648
	12.744092	54.068714
	12.743875	54.068907
	12.743803	54.069034
	12.74376	54.069168
	12.743712	54.069339
	12.743648	54.069599
	12.743588	54.069862
	12.743515	54.070092
	12.74356	54.070212
	12.743559	54.070353
	12.743621	54.070626
	12.743691	54.070932
	12.743782	54.071347
	12.743866	54.071759
	12.743895	54.071855
	12.743932	54.071967
	12.743952	54.072047
	12.743945	54.072113
	12.743801	54.072261
	12.743629	54.072434
	12.743475	54.072511
	12.743347	54.072577
	12.743157	54.072674
	12.742863	54.072793
	12.742711	54.072854
	12.742548	54.07293
	12.742354	54.073004
	12.742073	54.073114
	12.74194	54.073193
	12.741816	54.073333
	12.741645	54.073595
	12.741552	54.073747
	12.741489	54.073988
	12.741439	54.074175
	12.741371	54.074391
	12.741338	54.074495
	12.741296	54.074649
	12.741237	54.074822
	12.741169	54.0751
	12.741311	54.07532
	12.741419	54.075492
	12.741487	54.075699
	12.741719	54.076185
	12.741851	54.076315
	12.742091	54.076348
	12.742416	54.076324
	12.742688	54.07626
	12.742992	54.076152
	12.743299	54.076033
	12.743531	54.075946
	12.743938	54.075853
	12.744092	54.075798
	12.744236	54.075712
	12.744381	54.075624
	12.744497	54.075465
	12.744564	54.075309
	12.744781	54.074942
	12.744898	54.074825
	12.745062	54.074803
	12.745155	54.074782
	12.745266	54.074789
	12.745297	54.074813
	12.745397	54.074873
	12.745473	54.074926
	12.745558	54.075026
	12.745654	54.075197
	12.745751	54.075349
	12.745827	54.075482
	12.745949	54.075578
	12.746067	54.075678
	12.746337	54.075669
	12.746699	54.075726
	12.747029	54.075781
	12.74733	54.075889
	12.747424	54.075923
	12.747559	54.075991
	12.747726	54.076053
	12.747796	54.076081
	12.747817	54.07613
	12.747798	54.076178
	12.74772	54.076218
	12.747626	54.076249
	12.747557	54.076271
	12.747512	54.076291
	12.747257	54.076347
	12.746954	54.07642
	12.746404	54.07666
	12.745796	54.076804
	12.745634	54.076848
	12.745265	54.076949
	12.745053	54.077026
	12.744973	54.077056
	12.744562	54.077206
	12.74395	54.077417
	12.743661	54.077428
	12.743534	54.077425
	12.743234	54.077419
	12.743204	54.077421
	12.742752	54.077461
	12.741994	54.077439
	12.741336	54.077421
	12.741105	54.077404
	12.740788	54.07738
	12.740361	54.077347
	12.739787	54.077288
	12.739754	54.07729
	12.739566	54.077298
	12.739419	54.077337
	12.739331	54.07736
	12.739137	54.077485
	12.739104	54.077728
	12.739216	54.077852
	12.740235	54.07839
	12.740251	54.078414
	12.740347	54.078561
	12.740386	54.078801
	12.740388	54.079005
	12.740389	54.079094
	12.740318	54.079289
	12.740114	54.079362
	12.739993	54.079421
	12.739539	54.079555
	12.739162	54.079607
	12.738814	54.079649
	12.738317	54.079704
	12.738104	54.079717
	12.737808	54.079769
	12.737588	54.07985
	12.737371	54.080032
	12.737324	54.080099
	12.737308	54.080122
	12.737184	54.080312
	12.737139	54.080387
	12.736919	54.080593
	12.736747	54.080712
	12.736507	54.080823
	12.736128	54.08092
	12.73561	54.080976
	12.735473	54.080991
	12.735252	54.081047
	12.735079	54.081112
	12.734948	54.081194
	12.734907	54.081253
	12.734869	54.081305
	12.734779	54.081474
	12.734729	54.081677
	12.734685	54.081883
	12.734611	54.082096
	12.734403	54.08241
	12.734149	54.082584
	12.73392	54.082716
	12.733741	54.082759
	12.733574	54.08278
	12.733291	54.082813
	12.7329716	54.0827773
	12.732924	54.082772
	12.73277	54.082804
	12.732703	54.082899
	12.732714	54.082963
	12.732723	54.08302
	12.732628	54.083046
	12.73257	54.083128
	12.732517	54.083209
	12.73256	54.083511
	12.732537	54.08361
	12.732494	54.083681
	12.731973	54.084069
	12.731827	54.084156
	12.731714	54.084221
	12.731555	54.084296
	12.731398	54.084398
	12.731307	54.084494
	12.731245	54.084561
	12.731153	54.084669
	12.730988	54.084839
	12.730887	54.084913
	12.73088	54.084954
	12.73101	54.085123
	12.731088	54.085266
	12.731148	54.085363
	12.731207	54.085535
	12.731207	54.085758
	12.730864	54.08602
	12.730599	54.086214
	12.730414	54.086542
	12.730329	54.086726
	12.730205	54.086846
	12.730084	54.086934
	12.729866	54.087076
	12.729119	54.087219
	12.728388	54.087346
	12.728209	54.087377
	12.72774	54.087456
	12.727141	54.08756
	12.726751	54.087635
	12.726359	54.08771
	12.725854	54.087807
	12.725376	54.087887
	12.72502	54.087953
	12.724899	54.087974
	12.724011	54.088137
	12.72373	54.088224
	12.723104	54.088416
	12.722661	54.088553
	12.722442	54.088621
	12.722152	54.088712
	12.721626	54.088874
	12.720636	54.089182
	12.719855	54.089418
	12.718925	54.089694
	12.718911	54.089686
	12.718476	54.089342
	12.717849	54.089564
	12.71768	54.089512
	12.717593	54.089482
	12.716961	54.089297
	12.716618	54.089197
	12.716581	54.089187
	12.716475	54.089155
	12.716133	54.089053
	12.715766	54.088943
	12.714652	54.088608
	12.714623	54.088599
	12.713526	54.088287
	12.713004	54.088025
	12.712808	54.087903
	12.712436	54.087668
	12.712344	54.087599
	12.712337	54.087594
	12.711957	54.087375
	12.711541	54.087137
	12.711119	54.086897
	12.710669	54.086642
	12.710249	54.086402
	12.709784	54.086138
	12.709389	54.085915
	12.708888	54.085636
	12.708453	54.085385
	12.708027	54.085141
	12.707526	54.084859
	12.707393	54.084781
	12.707313	54.084664
	12.706379	54.08416
	12.70609	54.084005
	12.705928	54.08391
	12.70592	54.083906
	12.705909	54.083899
	12.705903	54.083896
	12.705686	54.083784
	12.704653	54.083202
	12.704604	54.083172
	12.704559	54.083133
	12.704332	54.082932
	12.704111	54.082735
	12.70406	54.08269
	12.703348	54.082075
	12.70315	54.081845
	12.703115	54.081805
	12.703006	54.081699
	12.702912	54.081608
	12.702534	54.081444
	12.701289	54.080902
	12.700993	54.080876
	12.70025	54.080809
	12.699106	54.080712
	12.698798	54.080686
	12.698629	54.080315
	12.698623	54.080225
	12.698591	54.07975
	12.698566	54.07938
	12.698543	54.079265
	12.698508	54.07898
	12.698497	54.078894
	12.698439	54.07875
	12.698377	54.078698
	12.698354	54.078686
	12.698305	54.078642
	12.698295	54.078652
	12.698233	54.078643
	12.698156	54.078637
	12.698138	54.078636
	12.698037	54.078619
	12.697983	54.078602
	12.697893	54.078525
	12.697778	54.078416
	12.697728	54.07837
	12.697627	54.078337
	12.697617	54.078333
	12.697415	54.078256
	12.697227	54.078193
	12.697042	54.078128
	12.69693	54.078012
	12.696874	54.077961
	12.696742	54.077917
	12.696564	54.077862
	12.696365	54.077801
	12.696154	54.077738
	12.696137	54.077721
	12.69625	54.077087
	12.696458	54.076765
	12.696057	54.076691
	12.695884	54.076657
	12.695725	54.076624
	12.695504	54.076579
	12.695289	54.076533
	12.695103	54.076494
	12.694702	54.076408
	12.694514	54.076368
	12.694298	54.076321
	12.694113	54.076281
	12.693914	54.076238
	12.693725	54.076196
	12.693539	54.076154
	12.693587	54.075678
	12.69364	54.07517
	12.693596	54.075155
	12.69341	54.075092
	12.693038	54.074968
	12.692843	54.074903
	12.69249	54.074786
	12.692124	54.074667
	12.691964	54.074616
	12.691964	54.074594
	12.691918	54.074601
	12.691896	54.074604
	12.690797	54.074648
	12.689175	54.074713
	12.688847	54.075367
	12.687784	54.076054
	12.687614	54.076105
	12.687477	54.076139
	12.686331	54.076428
	12.686239	54.076444
	12.685918	54.076498
	12.684239	54.076781
	12.683104	54.076832
	12.682869	54.076839
	12.68286	54.076829
	12.681676	54.076873
	12.681394	54.076883
	12.681316	54.076888
	12.680779	54.076986
	12.678392	54.077424
	12.677986	54.077611
	12.677754	54.077717
	12.676936	54.078093
	12.676943	54.078122
	12.677004	54.078376
	12.676975	54.078382
	12.676942	54.078389
	12.676938	54.078378
	12.676915	54.078384
	12.676864	54.078397
	12.675573	54.078716
	12.675504	54.078733
	12.674886	54.078885
	12.674717	54.078936
	12.674019	54.079142
	12.673786	54.079211
	12.672923	54.079499
	12.672626	54.079598
	12.672293	54.079709
	12.672247	54.079724
	12.672144	54.079768
	12.671831	54.079899
	12.671423	54.080071
	12.67132	54.080114
	12.671231	54.080152
	12.671097	54.080223
	12.670983	54.080284
	12.670665	54.080453
	12.670629	54.080472
	12.670159	54.080722
	12.670027	54.080804
	12.669689	54.081015
	12.669408	54.08119
	12.669418	54.081194
	12.669367	54.081224
	12.669318	54.081304
	12.669296	54.081341
	12.66923	54.08145
	12.669135	54.081606
	12.669088	54.081684
	12.668983	54.081856
	12.668795	54.082165
	12.668764	54.08221
	12.668407	54.082654
	12.668359	54.082714
	12.668049	54.083099
	12.66743	54.083868
	12.66632	54.085267
	12.666277	54.085321
	12.666177	54.085447
	12.666142	54.085952
	12.666213	54.086191
	12.666008	54.086342
	12.665567	54.086622
	12.664787	54.087615
	12.664571	54.087895
	12.664288	54.08826
	12.664022	54.088604
	12.663833	54.088849
	12.663597	54.089154
	12.662906	54.08968
	12.66267	54.089833
	12.662163	54.09016
	12.661361	54.090678
	12.661055	54.090876
	12.660052	54.091531
	12.659658	54.091862
	12.658337	54.092973
	12.657712	54.093503
	12.657631	54.093574
	12.657247	54.09393
	12.657079	54.094071
	12.657014	54.094126
	12.656909	54.094205
	12.656735	54.094292
	12.656409	54.094241
	12.656198	54.09421
	12.6561	54.094268
	12.656078	54.094299
	12.656126	54.094385
	12.656203	54.094478
	12.656188	54.094578
	12.656189	54.094587
	12.656197	54.09469
	12.656223	54.094803
	12.656274	54.094955
	12.656357	54.094999
	12.656123	54.095175
	12.655967	54.095233
	12.655772	54.095194
	12.655592	54.095036
	12.6554	54.094883
	12.65529	54.094864
	12.655196	54.094885
	12.655044	54.094943
	12.654745	54.095117
	12.654543	54.095235
	12.654408	54.095321
	12.65416	54.095308
	12.654055	54.095197
	12.653853	54.094814
	12.653778	54.094728
	12.65368	54.094679
	12.653643	54.09466
	12.653525	54.094626
	12.653376	54.094619
	12.653174	54.094631
	12.652896	54.094659
	12.652033	54.094796
	12.651847	54.094788
	12.651779	54.094785
	12.65156	54.094753
	12.651359	54.094684
	12.651191	54.094611
	12.650935	54.094458
	12.650878	54.094318
	12.650889	54.094174
	12.651003	54.094083
	12.651629	54.093847
	12.651728	54.093809
	12.651984	54.093676
	12.652202	54.093573
	12.652483	54.093397
	12.652523	54.093347
	12.652516	54.093318
	12.652512	54.093302
	12.652469	54.09326
	12.652228	54.093165
	12.652088	54.093125
	12.651844	54.093104
	12.651437	54.093036
	12.651097	54.092904
	12.651013	54.092752
	12.651047	54.092668
	12.651305	54.092545
	12.651891	54.092541
	12.651964	54.092517
	12.652031	54.092448
	12.65205	54.09233
	12.65204	54.092267
	12.652033	54.092222
	12.651983	54.092128
	12.651864	54.092017
	12.651704	54.09193
	12.651583	54.091889
	12.651504	54.091882
	12.65148	54.09188
	12.651429	54.09188
	12.651188	54.091897
	12.651058	54.091917
	12.6506	54.091884
	12.650403	54.091735
	12.650383	54.091581
	12.650554	54.091497
	12.650918	54.091469
	12.650993	54.09144
	12.651049	54.0914
	12.651123	54.091323
	12.651106	54.091272
	12.650979	54.091159
	12.650898	54.091074
	12.650702	54.090956
	12.650661	54.090892
	12.650403	54.090652
	12.650332	54.090519
	12.650316	54.090486
	12.650307	54.090468
	12.650129	54.090108
	12.650029	54.089958
	12.649992	54.089878
	12.64994	54.089835
	12.649816	54.089806
	12.649621	54.089805
	12.649273	54.089834
	12.64899	54.089892
	12.648833	54.089872
	12.648709	54.089813
	12.648644	54.089731
	12.648587	54.089611
	12.648643	54.089523
	12.648624	54.089341
	12.648639	54.089268
	12.648643	54.089222
	12.648783	54.08906
	12.649144	54.088794
	12.64917	54.088696
	12.64908	54.088458
	12.64916	54.08821
	12.649151	54.08806
	12.649012	54.087947
	12.648602	54.08789
	12.647716	54.088028
	12.647318	54.088137
	12.647136	54.088279
	12.646985	54.08839
	12.646847	54.088535
	12.646759	54.088687
	12.646773	54.088871
	12.646508	54.08901
	12.646127	54.089101
	12.645954	54.089235
	12.645466	54.089218
	12.645305	54.089081
	12.645255	54.088957
	12.645369	54.088831
	12.645605	54.088705
	12.645793	54.088606
	12.645925	54.088548
	12.646002	54.088499
	12.646079	54.088289
	12.646137	54.088125
	12.646079	54.088025
	12.646026	54.087904
	12.645484	54.087809
	12.64528	54.087782
	12.645016	54.087771
	12.644814	54.087774
	12.644625	54.087778
	12.644487	54.087876
	12.644365	54.087936
	12.644091	54.088643
	12.643965	54.088772
	12.643814	54.088835
	12.643718	54.088849
	12.643557	54.088853
	12.643349	54.088882
	12.64316	54.08876
	12.643148	54.088131
	12.643055	54.087984
	12.64289	54.08787
	12.642827	54.087777
	12.64281	54.087696
	12.642709	54.08769
	12.642445	54.087677
	12.641355	54.087587
	12.64109	54.087566
	12.640849	54.087541
	12.640644	54.087525
	12.640516	54.087552
	12.640281	54.087633
	12.640087	54.087727
	12.639908	54.087812
	12.63973	54.087935
	12.639494	54.088133
	12.639344	54.088327
	12.639333	54.088586
	12.639691	54.088747
	12.639793	54.088807
	12.639884	54.088901
	12.639895	54.088965
	12.639834	54.089162
	12.639728	54.089304
	12.639589	54.089421
	12.639431	54.08944
	12.638702	54.089432
	12.638252	54.089528
	12.638224	54.089606
	12.638536	54.089969
	12.638576	54.090115
	12.638607	54.090328
	12.638696	54.090478
	12.638637	54.090603
	12.638562	54.090636
	12.638394	54.090639
	12.638334	54.090632
	12.638253	54.090619
	12.637839	54.090444
	12.637635	54.090419
	12.637423	54.090393
	12.63724	54.090378
	12.636995	54.090357
	12.636974	54.090355
	12.636385	54.090393
	12.636041	54.090478
	12.635337	54.090492
	12.635211	54.090396
	12.63516	54.090334
	12.635107	54.090285
	12.635176	54.089966
	12.635283	54.089751
	12.635386	54.089604
	12.635506	54.089294
	12.63561	54.089097
	12.635653	54.088989
	12.635686	54.088869
	12.635691	54.088693
	12.635673	54.088456
	12.635617	54.088317
	12.635257	54.088094
	12.634801	54.087917
	12.634569	54.087748
	12.634403	54.08763
	12.634275	54.087445
	12.63427	54.087404
	12.634323	54.087246
	12.634402	54.087162
	12.634546	54.087063
	12.634761	54.086998
	12.635291	54.086888
	12.635487	54.086865
	12.635644	54.086842
	12.636188	54.086914
	12.636308	54.086933
	12.636407	54.086918
	12.636494	54.086849
	12.636559	54.086613
	12.636595	54.086389
	12.636671	54.086297
	12.636724	54.086234
	12.636626	54.08622
	12.636595	54.086197
	12.63617	54.086049
	12.635793	54.085919
	12.635573	54.08584
	12.635392	54.085876
	12.635178	54.085965
	12.634986	54.085986
	12.634877	54.085973
	12.634648	54.085924
	12.634103	54.085809
	12.633731	54.085792
	12.633245	54.08569
	12.633061	54.085616
	12.633001	54.085555
	12.632925	54.085432
	12.63291	54.08539
	12.633142	54.085185
	12.633408	54.085173
	12.633611	54.085145
	12.634043	54.085174
	12.634152	54.085107
	12.634239	54.085052
	12.6343	54.084978
	12.634324	54.084918
	12.634278	54.084903
	12.633984	54.084695
	12.633845	54.084648
	12.633322	54.084519
	12.633228	54.084488
	12.632917	54.084386
	12.632746	54.084336
	12.632556	54.084316
	12.632441	54.084319
	12.632263	54.084304
	12.632059	54.084262
	12.631928	54.084205
	12.631838	54.084145
	12.631718	54.084088
	12.631669	54.084047
	12.631677	54.083993
	12.631435	54.083901
	12.631344	54.083826
	12.631228	54.083761
	12.631011	54.083704
	12.630972	54.08369
	12.630731	54.083657
	12.630549	54.08362
	12.63026	54.083591
	12.629909	54.08355
	12.629544	54.083513
	12.629429	54.083497
	12.629209	54.083457
	12.62907	54.083417
	12.628916	54.083353
	12.628823	54.083294
	12.62871	54.0832
	12.628626	54.0831
	12.628579	54.083028
	12.628577	54.082841
	12.628568	54.082818
	12.628513	54.082754
	12.628416	54.082707
	12.628317	54.08273
	12.628104	54.082857
	12.627949	54.082937
	12.627842	54.082941
	12.627771	54.082938
	12.627694	54.082913
	12.627611	54.08284
	12.62755	54.082709
	12.627535	54.082631
	12.627343	54.082452
	12.627073	54.082343
	12.626959	54.082309
	12.62684	54.082249
	12.62676	54.082186
	12.626756	54.082117
	12.626815	54.082012
	12.626892	54.081998
	12.627143	54.081978
	12.627289	54.081898
	12.627435	54.081825
	12.62755	54.081798
	12.62761	54.081762
	12.627612	54.081731
	12.627491	54.081684
	12.627428	54.081673
	12.627237	54.081564
	12.627135	54.081443
	12.627125	54.08126
	12.62712	54.081169
	12.627036	54.081146
	12.626986	54.081143
	12.626822	54.081097
	12.626617	54.081088
	12.62637	54.081093
	12.626101	54.081059
	12.625963	54.081069
	12.625885	54.081108
	12.625706	54.081232
	12.625674	54.081276
	12.625602	54.081393
	12.625515	54.081473
	12.62528	54.081587
	12.625022	54.081652
	12.624828	54.081657
	12.624452	54.081628
	12.62431	54.081602
	12.623979	54.081536
	12.623931	54.081534
	12.623744	54.081559
	12.623558	54.081578
	12.623396	54.081673
	12.623221	54.081773
	12.623118	54.08184
	12.62292	54.08199
	12.622753	54.082152
	12.622778	54.082269
	12.622806	54.08232
	12.622823	54.082349
	12.622868	54.082466
	12.623009	54.082561
	12.62331	54.082636
	12.623536	54.082754
	12.623588	54.082924
	12.623584	54.082932
	12.623551	54.083043
	12.623434	54.083091
	12.623184	54.08316
	12.623078	54.083152
	12.622932	54.083184
	12.622796	54.083178
	12.62269	54.083207
	12.622525	54.083216
	12.622329	54.083254
	12.622185	54.083299
	12.622004	54.083333
	12.621797	54.08345
	12.621761	54.083499
	12.621648	54.083652
	12.621521	54.083913
	12.621488	54.084002
	12.621382	54.084199
	12.621212	54.084378
	12.620949	54.084464
	12.620769	54.084449
	12.620651	54.08444
	12.620552	54.084379
	12.620505	54.084312
	12.620467	54.084249
	12.620426	54.084044
	12.620347	54.083972
	12.620223	54.083685
	12.62018	54.083657
	12.620081	54.083591
	12.619798	54.083561
	12.61957	54.08359
	12.619356	54.083636
	12.61914	54.083669
	12.618744	54.083748
	12.618327	54.083809
	12.618017	54.083853
	12.617783	54.083864
	12.617507	54.083863
	12.617407	54.083832
	12.617329	54.083762
	12.617304	54.083631
	12.617437	54.083361
	12.617455	54.083154
	12.617355	54.083041
	12.617169	54.08287
	12.617102	54.082665
	12.617111	54.082524
	12.617104	54.082415
	12.617161	54.082304
	12.617212	54.082041
	12.617206	54.081989
	12.61713	54.081928
	12.617037	54.081883
	12.61663	54.08184
	12.616354	54.081858
	12.616202	54.081932
	12.616045	54.082014
	12.615987	54.081891
	12.615929	54.0819
	12.615215	54.081283
	12.614457	54.080664
	12.613812	54.080055
	12.613231	54.079504
	12.613124	54.079402
	12.612905	54.079147
	12.611073	54.077538
	12.609888	54.077122
	12.609799	54.077209
	12.609776	54.077218
	12.609694	54.077241
	12.609643	54.07718
	12.60955	54.077146
	12.609357	54.07714
	12.609082	54.077191
	12.608724	54.077252
	12.6083	54.077312
	12.608237	54.07734
	12.608227	54.077248
END
END
