6559222
1
	8.0173242	50.6273424
	8.022055	50.625224
	8.0269067	50.623227
	8.0336804	50.6195212
	8.0344334	50.6194453
	8.0355117	50.6208434
	8.0361549	50.6205835
	8.0368616	50.6205923
	8.0375368	50.6202682
	8.0378757	50.6203056
	8.0373715	50.6197958
	8.0365497	50.6185862
	8.0389939	50.6179781
	8.0395238	50.6177466
	8.0407438	50.6171366
	8.0408603	50.6170784
	8.041293	50.6167547
	8.0420266	50.6164445
	8.0434097	50.6161442
	8.0453028	50.6160267
	8.0468971	50.6158867
	8.0476883	50.6167172
	8.0470249	50.6196953
	8.0511764	50.622115
	8.0514515	50.6220096
	8.0516972	50.6223313
	8.0519106	50.6225729
	8.0528191	50.6229383
	8.0532809	50.6231294
	8.0535221	50.624601
	8.053391	50.6248192
	8.0528956	50.6254642
	8.0525514	50.6257841
	8.0515299	50.6266197
	8.0509171	50.6272237
	8.0507421	50.6275073
	8.0506599	50.6280538
	8.0505625	50.6287707
	8.0505047	50.6288884
	8.0505146	50.6291108
	8.0504645	50.6293178
	8.0503326	50.629507
	8.0502035	50.6296252
	8.0500957	50.6297932
	8.0499169	50.6299285
	8.0494894	50.6300564
	8.0490449	50.6301674
	8.0483567	50.6304618
	8.0477514	50.6307477
	8.0472294	50.6310115
	8.047155	50.6311015
	8.0470279	50.6314095
	8.0468136	50.6314699
	8.0466489	50.6315328
	8.0466071	50.63159
	8.0466157	50.63165
	8.0465755	50.63171
	8.0463533	50.6318028
	8.0459704	50.6318665
	8.0457324	50.6318719
	8.0456065	50.631895
	8.0453739	50.6321757
	8.0452566	50.632199
	8.0450652	50.6321557
	8.0448605	50.6322594
	8.0445194	50.6325288
	8.0441923	50.6325941
	8.0438573	50.6325718
	8.0436416	50.6325996
	8.0433557	50.6325368
	8.0433204	50.6324322
	8.0432454	50.6322374
	8.0431139	50.6320939
	8.0428763	50.6320392
	8.0426063	50.6320557
	8.0421259	50.6321298
	8.0416541	50.6321685
	8.0415824	50.632243
	8.0411952	50.6323115
	8.0409014	50.6322448
	8.0405273	50.632217
	8.039956	50.632272
	8.0394888	50.6321048
	8.0391469	50.6321001
	8.0387144	50.6321248
	8.0384178	50.6324546
	8.0377533	50.6326362
	8.0374554	50.632716
	8.0371399	50.6326942
	8.0368904	50.6328215
	8.0365114	50.6329226
	8.03601	50.63302
	8.0356342	50.6330307
	8.0353748	50.6329933
	8.0352754	50.6328392
	8.0351037	50.6326851
	8.0346677	50.6325905
	8.0344387	50.632566
	8.0341429	50.6322376
	8.0339371	50.6321291
	8.0337787	50.6319775
	8.0337615	50.6317755
	8.0337341	50.6316467
	8.033555	50.6315208
	8.0332333	50.6313123
	8.0328523	50.6311315
	8.0324221	50.6309696
	8.0321113	50.6309421
	8.0318055	50.6309005
	8.0314613	50.6308896
	8.0312434	50.6309132
	8.0309892	50.6308986
	8.0305665	50.630815
	8.0304948	50.6307149
	8.0300991	50.6305785
	8.02968	50.6303832
	8.0295484	50.6302965
	8.0293534	50.6302674
	8.0292356	50.6303183
	8.0290456	50.6309318
	8.0237017	50.6312147
	8.0224131	50.6312976
	8.0212433	50.631539
	8.0215206	50.6294651
	8.0206397	50.6294911
	8.0186642	50.6297489
	8.0173242	50.6273424
END
END
