6559271
1
	12.335589	50.7836717
	12.335603	50.7835418
	12.3357071	50.7833631
	12.3372368	50.7828922
	12.3383898	50.7826799
	12.3390786	50.7824779
	12.3419819	50.7814316
	12.3463948	50.7788222
	12.3485062	50.7753583
	12.3510188	50.772801
	12.3512349	50.772309
	12.3516737	50.7720675
	12.3566886	50.7742901
	12.36185	50.7752668
	12.3663884	50.7755895
	12.3680437	50.7758341
	12.3681102	50.7758569
	12.3684873	50.7759372
	12.3688964	50.7760046
	12.3693183	50.7761123
	12.3697354	50.7766675
	12.3701502	50.7763421
	12.3704215	50.7768576
	12.3725735	50.7765163
	12.3727286	50.7768059
	12.3818718	50.775363
	12.3853982	50.7749191
	12.3873866	50.7743825
	12.3866929	50.7729569
	12.3865768	50.7724604
	12.3865756	50.7723138
	12.3866309	50.7720574
	12.3867567	50.7718663
	12.3870565	50.7710364
	12.3876596	50.7700626
	12.3863916	50.7674818
	12.3870246	50.7653578
	12.3873679	50.7627927
	12.3915092	50.7626366
	12.3949988	50.7621588
	12.3972408	50.7615752
	12.3997662	50.7609838
	12.4041968	50.7596037
	12.4074584	50.7610083
	12.4083479	50.7620006
	12.4086216	50.7627513
	12.4087406	50.7636552
	12.4100231	50.7643637
	12.4107144	50.7647531
	12.411613	50.7652667
	12.4133348	50.7659726
	12.4136136	50.7662149
	12.4166736	50.7670987
	12.4215874	50.7691005
	12.4220988	50.7718284
	12.4197991	50.7729402
	12.4179699	50.774701
	12.4189407	50.7751414
	12.4191742	50.7751559
	12.4233973	50.7734569
	12.4267962	50.7730685
	12.4276562	50.773431
	12.4276562	50.773655
	12.4280965	50.7741888
	12.4272934	50.7743352
	12.4275045	50.7748022
	12.4302421	50.7751464
	12.428325	50.7769903
	12.4283994	50.7773432
	12.4286733	50.7780866
	12.4301988	50.7784949
	12.4294978	50.7811572
	12.4304375	50.7815393
	12.4306038	50.781963
	12.4304692	50.7821227
	12.4260774	50.7836053
	12.4243126	50.7841644
	12.4238763	50.7842286
	12.4220291	50.7842837
	12.4186016	50.784127
	12.4194174	50.7853839
	12.4158483	50.7872326
	12.4148653	50.787567
	12.4124413	50.7881246
	12.4131522	50.7889365
	12.4149004	50.7899905
	12.4098689	50.7927105
	12.4087362	50.7934432
	12.4033852	50.7953455
	12.4013724	50.7962694
	12.4001738	50.79712
	12.3983303	50.7984378
	12.3951558	50.7991545
	12.394708	50.7993214
	12.3929186	50.7997804
	12.3923302	50.8000341
	12.3919386	50.8004114
	12.3916732	50.8005569
	12.3911626	50.8007368
	12.3901446	50.8010021
	12.3899678	50.8010332
	12.3898877	50.8011073
	12.389789	50.8014113
	12.3888131	50.8019175
	12.3886661	50.8019602
	12.3883672	50.802159
	12.3882313	50.8022836
	12.3883103	50.802825
	12.3883041	50.8029031
	12.3881343	50.8034673
	12.3880991	50.8037451
	12.3881602	50.8042756
	12.3882027	50.8046454
	12.3878526	50.8046626
	12.387923	50.8050489
	12.3868582	50.8052753
	12.3848994	50.805807
	12.3838546	50.8060841
	12.3830444	50.8063065
	12.3831974	50.8052546
	12.3749084	50.8071478
	12.3722582	50.8077248
	12.3714462	50.8058119
	12.3678699	50.8073217
	12.3671649	50.8066096
	12.3657582	50.8061832
	12.3677799	50.8030097
	12.3699006	50.800864
	12.3716092	50.7981353
	12.3708233	50.7974158
	12.3711493	50.7971794
	12.3687533	50.7930758
	12.3665571	50.7926738
	12.3630082	50.7915985
	12.362882	50.7915843
	12.3619321	50.7904463
	12.3616554	50.7894662
	12.3601907	50.7896131
	12.3550236	50.7918227
	12.3519073	50.7925209
	12.3510309	50.792352
	12.3503913	50.7925346
	12.3496348	50.7924994
	12.3490932	50.7927712
	12.3473387	50.7923445
	12.3470498	50.7919219
	12.3469823	50.791532
	12.3482875	50.7891125
	12.3424574	50.7882998
	12.3401177	50.7880718
	12.3385698	50.787679
	12.3374586	50.787114
	12.3361397	50.7859188
	12.3356088	50.7838829
	12.335589	50.7836717
END
END
