6559303
1
	11.7125546	50.7905307
	11.7129868	50.7900582
	11.7130677	50.7895938
	11.713175	50.7893522
	11.713005	50.7883606
	11.7130924	50.7880536
	11.7127441	50.7876539
	11.7130014	50.7874458
	11.7130834	50.7867276
	11.7139534	50.7863569
	11.7141391	50.7865469
	11.7146032	50.7863262
	11.7146214	50.7860592
	11.7151053	50.7857084
	11.7153246	50.7856717
	11.7155181	50.7854841
	11.7159375	50.7855045
	11.716331	50.7852965
	11.7166528	50.7849878
	11.717131	50.7849742
	11.717989	50.7846316
	11.7184634	50.7845323
	11.7190681	50.7845656
	11.7195647	50.784572
	11.7199114	50.7845143
	11.7203549	50.7843174
	11.7200938	50.7836664
	11.7201109	50.7832633
	11.720375	50.7828576
	11.7232418	50.7817009
	11.7236289	50.781342
	11.7231386	50.7813787
	11.7223386	50.7813746
	11.7224125	50.7811589
	11.7214092	50.7800697
	11.720701	50.7796232
	11.721619	50.778091
	11.7226111	50.7771709
	11.7236177	50.7767791
	11.7246135	50.7778734
	11.7279479	50.7791918
	11.7289441	50.7788715
	11.7317387	50.777973
	11.7318323	50.7781825
	11.730305	50.7791164
	11.7311536	50.7797405
	11.7335947	50.779027
	11.7367766	50.7787773
	11.7383412	50.7787943
	11.7389608	50.778964
	11.7392345	50.7790141
	11.7399118	50.7790414
	11.7401423	50.7791234
	11.7405746	50.7794013
	11.741686	50.7797636
	11.7430738	50.7802424
	11.7441173	50.7802067
	11.7449324	50.780284
	11.7459818	50.7805352
	11.7463995	50.7807994
	11.7462976	50.7811086
	11.7467969	50.7822553
	11.7469599	50.782835
	11.7480501	50.783228
	11.748315	50.7831507
	11.7486206	50.783331
	11.7513901	50.7828858
	11.749707	50.7838234
	11.7489931	50.7843113
	11.7486059	50.7848331
	11.7489116	50.7849233
	11.7481169	50.7863984
	11.747801	50.7867977
	11.7475667	50.7870618
	11.7473527	50.7874225
	11.7468637	50.7877446
	11.746395	50.7881633
	11.7458976	50.78844
	11.7451724	50.7890844
	11.744657	50.7898587
	11.7442249	50.7901085
	11.7437256	50.7899539
	11.7433894	50.7902437
	11.7428698	50.7905013
	11.7427169	50.7907203
	11.7426671	50.7909898
	11.7425336	50.7913773
	11.7422585	50.7915254
	11.7423298	50.7918925
	11.7422788	50.7922146
	11.7423298	50.7925688
	11.7430124	50.7928844
	11.7432977	50.7936121
	11.7437707	50.7943129
	11.7435422	50.7950419
	11.7431754	50.7955378
	11.7435117	50.7956537
	11.7428388	50.7964166
	11.7426441	50.79678
	11.7423077	50.7968183
	11.7424235	50.7975717
	11.741859	50.7981106
	11.7396749	50.7986676
	11.7365134	50.7989393
	11.7345117	50.7990196
	11.7312686	50.7987754
	11.7290145	50.7980953
	11.7252065	50.7979638
	11.723827	50.7971853
	11.7225585	50.7965325
	11.7218064	50.7963635
	11.7179671	50.7946303
	11.7172446	50.7942355
	11.7164651	50.793856
	11.7159308	50.7933128
	11.7154107	50.7925342
	11.7143706	50.7917325
	11.7133944	50.7915018
	11.7126135	50.7910095
	11.7125546	50.7905307
END
END
