6559310
1
	10.2271244	53.7067303
	10.2272989	53.7054389
	10.2291513	53.7051279
	10.2312854	53.7044107
	10.233415	53.703758
	10.2336961	53.7037999
	10.234582	53.7038643
	10.235406	53.7041869
	10.2359283	53.7041507
	10.2365591	53.7040116
	10.237301	53.7036877
	10.2376388	53.7031975
	10.2383522	53.7024642
	10.238482	53.7021148
	10.238965	53.7017756
	10.2391597	53.7018166
	10.2393764	53.7020442
	10.2389701	53.7025294
	10.2386182	53.7034625
	10.2385987	53.7039232
	10.2385054	53.7040446
	10.2379177	53.7044031
	10.2374313	53.7046334
	10.2370616	53.7048139
	10.2370162	53.7050097
	10.2371825	53.7051555
	10.2378425	53.7051994
	10.2380718	53.705346
	10.2383745	53.7054383
	10.2386222	53.7054491
	10.2389268	53.7053564
	10.2396128	53.7050528
	10.2399155	53.7048953
	10.240316	53.7048038
	10.242236	53.7047216
	10.2432174	53.7045695
	10.2433867	53.7043874
	10.2440338	53.7042818
	10.2442998	53.7041732
	10.244427	53.7039872
	10.2445474	53.7036248
	10.2445566	53.7031524
	10.244474	53.7027941
	10.2443299	53.7025273
	10.244153	53.7022728
	10.2440429	53.7018004
	10.2442438	53.7016999
	10.244364	53.7014583
	10.2442447	53.7010674
	10.2443089	53.7003072
	10.2441395	53.6999145
	10.2437672	53.699513
	10.2433303	53.6989363
	10.2436381	53.6987871
	10.2437688	53.6985652
	10.2428896	53.6966714
	10.2421686	53.6959665
	10.2419754	53.6953434
	10.2417953	53.6947302
	10.2416303	53.692839
	10.2425852	53.6920663
	10.2428943	53.6910698
	10.2432377	53.6888327
	10.2460539	53.6892802
	10.2476681	53.6898903
	10.2503813	53.6899716
	10.2513086	53.6905207
	10.2511368	53.6923306
	10.2540366	53.6926148
	10.2552401	53.6931578
	10.2580067	53.6936821
	10.2593107	53.6941405
	10.2619895	53.6941608
	10.2629855	53.6947302
	10.2655956	53.6945472
	10.2670037	53.6938761
	10.2684462	53.6939575
	10.2688926	53.6942015
	10.2706785	53.6937338
	10.2728422	53.6936524
	10.2752463	53.693022
	10.2773069	53.692534
	10.2791862	53.6924965
	10.2803635	53.692473
	10.2826989	53.692229
	10.2833514	53.6925747
	10.2828363	53.6935914
	10.2821494	53.6956046
	10.2810847	53.6973126
	10.2797453	53.6985122
	10.2791271	53.7000575
	10.2784403	53.7019077
	10.2784059	53.7035138
	10.2822524	53.7035341
	10.2836605	53.7038798
	10.2858929	53.7040627
	10.2883656	53.7051402
	10.290495	53.704449
	10.2922122	53.7039407
	10.2945132	53.7040627
	10.2955931	53.7044393
	10.2959557	53.7039001
	10.297152	53.7039349
	10.2985809	53.7048747
	10.2996763	53.7057468
	10.3001155	53.7060964
	10.3006682	53.7072155
	10.300685	53.7072497
	10.301121	53.7081324
	10.3025498	53.7105442
	10.3023173	53.7128554
	10.3022852	53.713175
	10.3008819	53.7129071
	10.2995055	53.7123246
	10.2991902	53.7121473
	10.2981831	53.7120621
	10.2976585	53.7121873
	10.2971109	53.7121126
	10.2965681	53.7121405
	10.2962046	53.711993
	10.2955683	53.7113405
	10.295355	53.7114241
	10.2949863	53.7115696
	10.2945866	53.7115861
	10.2939974	53.7119531
	10.2931259	53.7117613
	10.2924109	53.7117944
	10.291919	53.711824
	10.2918037	53.7120729
	10.2913385	53.7120077
	10.2909468	53.7120294
	10.2906162	53.7122395
	10.2901388	53.7121815
	10.2898328	53.7123482
	10.2895178	53.7123351
	10.2890003	53.7121163
	10.2885964	53.7120729
	10.2882781	53.7121453
	10.287912	53.7111016
	10.2878452	53.7108693
	10.2879788	53.7106518
	10.2881709	53.710543
	10.2883726	53.710041
	10.28773	53.7100309
	10.2872731	53.7097377
	10.2869192	53.7096094
	10.2865398	53.7097036
	10.2861903	53.7099283
	10.2861235	53.7101384
	10.2858542	53.7103847
	10.2851442	53.7105898
	10.2827571	53.7113701
	10.280225	53.7125974
	10.2794151	53.7126525
	10.2784456	53.7128158
	10.2782592	53.7126516
	10.277844	53.7126331
	10.2775701	53.7126514
	10.2774509	53.7127377
	10.2772168	53.7129442
	10.2769993	53.7130495
	10.2769239	53.7132937
	10.2760609	53.7139964
	10.2760267	53.7141495
	10.2760191	53.7142572
	10.2759936	53.7146195
	10.2758773	53.7149346
	10.2756738	53.715248
	10.2753325	53.7152461
	10.2744328	53.7150324
	10.274258	53.7150694
	10.2740165	53.7154164
	10.2734177	53.7159555
	10.2724741	53.7162857
	10.2716625	53.7167038
	10.2695951	53.7174223
	10.2693295	53.7175505
	10.2678869	53.7174592
	10.2676254	53.7176979
	10.2673358	53.7178232
	10.2663835	53.7174897
	10.2661118	53.7174165
	10.2659468	53.7172328
	10.2655393	53.7171983
	10.2655546	53.7167788
	10.265646	53.7166356
	10.2658595	53.716538
	10.265646	53.7163772
	10.2653097	53.7161513
	10.264307	53.7157399
	10.2641033	53.7158203
	10.2632419	53.7155803
	10.2627271	53.7153828
	10.2623898	53.7153284
	10.262279	53.7152792
	10.2614737	53.7149744
	10.2614293	53.7148578
	10.2614622	53.7146791
	10.2614686	53.7146172
	10.260908	53.714296
	10.2608216	53.714217
	10.2615337	53.7137261
	10.2611655	53.7133781
	10.2614244	53.7127132
	10.2613542	53.7126561
	10.261222	53.7125291
	10.2611574	53.7124562
	10.2610231	53.712404
	10.2607663	53.7123123
	10.2603593	53.7122044
	10.2602534	53.7121567
	10.2601857	53.7122258
	10.2594335	53.7126614
	10.2566872	53.7149771
	10.256167	53.7146842
	10.2554402	53.7142934
	10.2550754	53.7138771
	10.2549414	53.7139051
	10.2541983	53.7143833
	10.2537198	53.7144149
	10.2533756	53.7143753
	10.2526339	53.7141994
	10.2503385	53.7148281
	10.2502656	53.7139899
	10.2498131	53.7140068
	10.2491946	53.7140704
	10.2472236	53.7145155
	10.2466109	53.7150126
	10.2456332	53.7153786
	10.2450986	53.7155815
	10.2447897	53.7157672
	10.2444425	53.7161838
	10.244101	53.7165749
	10.2438427	53.7167443
	10.2435881	53.7168883
	10.243367	53.7175068
	10.2437243	53.7178014
	10.2440391	53.718108
	10.2445551	53.7183397
	10.2442618	53.7185176
	10.2437581	53.7187403
	10.2429874	53.7186401
	10.2421806	53.7186869
	10.2418851	53.7189223
	10.2409997	53.7199826
	10.2404384	53.7206549
	10.2402021	53.7208826
	10.2397393	53.7207699
	10.2399615	53.7205772
	10.2392841	53.7205972
	10.2379355	53.7212254
	10.2373807	53.7211999
	10.2369504	53.7211339
	10.2365202	53.7211292
	10.2363449	53.7211197
	10.2360992	53.7210923
	10.2332005	53.72021
	10.2315797	53.719542
	10.2298543	53.7185237
	10.2289726	53.7179093
	10.2293442	53.7178094
	10.2295568	53.7174699
	10.2311095	53.7149113
	10.2313414	53.7145848
	10.2315895	53.714199
	10.2324409	53.7130859
	10.2341859	53.7102259
	10.2343921	53.7102236
	10.2357366	53.7099242
	10.2362536	53.7093027
	10.2388855	53.7097338
	10.2393973	53.7097429
	10.2415375	53.7094467
	10.2425008	53.709266
	10.2419973	53.7105766
	10.2421178	53.7107184
	10.2424761	53.7108635
	10.2439858	53.7102532
	10.2446833	53.7099925
	10.2454105	53.7099191
	10.2456656	53.7097553
	10.2455833	53.7086766
	10.2435106	53.7082113
	10.2433885	53.7067017
	10.2428375	53.7062584
	10.2419758	53.7064331
	10.2413203	53.7064217
	10.2401605	53.7062997
	10.2355498	53.7053845
	10.2348957	53.7053132
	10.2339317	53.7053654
	10.2325825	53.7055233
	10.2322683	53.7056974
	10.2321136	53.7059601
	10.2310208	53.7064321
	10.2291364	53.7068906
	10.2289731	53.7066409
	10.2283241	53.7066074
	10.2271244	53.7067303
END
END
