7602443
1
	14.0637579	53.4679229
	14.0648072	53.4667184
	14.0668371	53.466399
	14.0695708	53.4661844
	14.0712274	53.4654793
	14.0729397	53.464511
	14.0752721	53.463346
	14.0760618	53.4625642
	14.0790895	53.4614145
	14.0806644	53.4588504
	14.0811236	53.4565647
	14.0819133	53.4554672
	14.0830076	53.4547044
	14.0841299	53.4544859
	14.086105	53.4534989
	14.0870878	53.4530121
	14.0882648	53.45289
	14.0913225	53.45358
	14.0936699	53.4543901
	14.0951999	53.455174
	14.0989923	53.4584539
	14.1021959	53.4603881
	14.1023804	53.4617908
	14.1131157	53.4600176
	14.1117531	53.4630881
	14.1105107	53.4650892
	14.110573	53.4657982
	14.113105	53.464674
	14.1168043	53.4640302
	14.1203856	53.4634656
	14.1269934	53.4629118
	14.1296145	53.4627655
	14.1301134	53.4630856
	14.1319974	53.4630836
	14.1344339	53.4629527
	14.1347987	53.4625299
	14.1354456	53.4624181
	14.1382855	53.4627758
	14.141015	53.4630811
	14.1432444	53.4633966
	14.1471132	53.463578
	14.155338	53.4636023
	14.1603945	53.4634592
	14.1618471	53.4632957
	14.1640047	53.4631877
	14.1653866	53.4638872
	14.1676504	53.4644211
	14.1700064	53.4638603
	14.1763429	53.4656525
	14.1771121	53.4663659
	14.1784897	53.4660492
	14.1793877	53.4663864
	14.1797107	53.4669408
	14.179893	53.4672582
	14.1805507	53.4673195
	14.1813575	53.4671445
	14.1821279	53.4672486
	14.1826622	53.4677282
	14.1825281	53.4684193
	14.1818457	53.468994
	14.1808383	53.4695069
	14.1793008	53.4707739
	14.1791839	53.47109
	14.1796388	53.4718519
	14.1744364	53.4747453
	14.1715954	53.4761884
	14.1701985	53.4780082
	14.1698584	53.4790515
	14.1691035	53.480171
	14.1674422	53.4829614
	14.1649607	53.4871921
	14.163979	53.488749
	14.1640594	53.4890516
	14.1646334	53.4903059
	14.1649553	53.4910566
	14.1649263	53.4916055
	14.1654102	53.4922732
	14.1654531	53.4931425
	14.1648712	53.4951447
	14.1646669	53.4956682
	14.1646419	53.4962554
	14.16454	53.4972952
	14.1642186	53.4986254
	14.1637005	53.5035008
	14.1631353	53.5070636
	14.1633108	53.5076002
	14.1649035	53.5121026
	14.1574536	53.5100494
	14.1461368	53.5071348
	14.1395751	53.5054963
	14.1258722	53.503194
	14.1171554	53.5018412
	14.1182347	53.499503
	14.1190029	53.497873
	14.1186917	53.4964702
	14.1183677	53.4941879
	14.1180952	53.4918722
	14.1172669	53.4883486
	14.1177605	53.4881737
	14.1167412	53.4852653
	14.1154409	53.4801297
	14.1148379	53.4779742
	14.1109713	53.4782245
	14.1098276	53.4783956
	14.1077912	53.4784096
	14.1058579	53.4786829
	14.1046777	53.4786586
	14.1001802	53.4779256
	14.0989271	53.4778924
	14.0978091	53.4780687
	14.0968521	53.4786318
	14.0949338	53.4786752
	14.0897882	53.4793303
	14.0884171	53.4787991
	14.0867348	53.4790213
	14.0855675	53.4794746
	14.0835441	53.4805166
	14.0801559	53.4785003
	14.0785852	53.477789
	14.0780123	53.477102
	14.0764072	53.47583
	14.0765682	53.475157
	14.0754138	53.475005
	14.0737551	53.4741123
	14.0724462	53.4733039
	14.0710321	53.4700125
	14.0706952	53.4685092
	14.0679808	53.4690648
	14.0673221	53.4687902
	14.0655067	53.4691274
	14.0647686	53.4688081
	14.0638567	53.468315
	14.0637579	53.4679229
END
END
