7602620
1
	11.6000003	51.1148362
	11.6004213	51.1146642
	11.6004623	51.1146523
	11.6009902	51.1144122
	11.602495	51.1136303
	11.6054576	51.1123065
	11.6075283	51.1114526
	11.6068854	51.1105557
	11.606875	51.1105511
	11.6129595	51.1088089
	11.6139944	51.108446
	11.6156041	51.1074851
	11.6172819	51.1064282
	11.6176379	51.1060053
	11.6180678	51.1056003
	11.6200795	51.1050284
	11.6200325	51.1049364
	11.6194966	51.1039375
	11.6189597	51.1023237
	11.6188883	51.1021064
	11.6180177	51.1019128
	11.6177578	51.1013428
	11.617565	51.1008958
	11.6176208	51.1003859
	11.6175834	51.1000787
	11.6175275	51.0998044
	11.6172689	51.0988655
	11.6169745	51.0988796
	11.6164453	51.0980966
	11.6157679	51.0982853
	11.6153778	51.0976786
	11.6178062	51.0970914
	11.61792	51.0970713
	11.6183056	51.0970325
	11.6187043	51.0970111
	11.6200063	51.0970551
	11.6203935	51.0968876
	11.6209115	51.0970349
	11.6210835	51.0971575
	11.6212565	51.0971334
	11.6213782	51.0971421
	11.6211521	51.0972868
	11.6209036	51.0974033
	11.6207483	51.0975818
	11.6206333	51.0981158
	11.6202004	51.0985725
	11.6202318	51.0988413
	11.6207532	51.0989988
	11.6215125	51.0994005
	11.6221003	51.099585
	11.6222312	51.0999773
	11.6222413	51.099997
	11.6219953	51.1006149
	11.6219953	51.1007939
	11.6219953	51.1013968
	11.6222462	51.1019648
	11.6224475	51.1022068
	11.62365	51.1037966
	11.6242199	51.1041965
	11.6246469	51.1044445
	11.6251648	51.1045705
	11.6260356	51.1047845
	11.6272044	51.105042
	11.6272835	51.1050594
	11.6283723	51.1051544
	11.6290692	51.1052194
	11.630104	51.1053564
	11.6306729	51.1056504
	11.6313828	51.1062113
	11.6318068	51.1064663
	11.6324877	51.1066193
	11.6334145	51.1067753
	11.6340229	51.1067584
	11.6342404	51.1067523
	11.6348423	51.1067373
	11.6354152	51.1066953
	11.6358432	51.1068293
	11.6359841	51.1071413
	11.6359091	51.1075232
	11.6356582	51.1079052
	11.6355112	51.1082591
	11.6356502	51.1087551
	11.6363709	51.1091224
	11.6370359	51.1094799
	11.6372146	51.1096589
	11.6375258	51.1102122
	11.6378178	51.1105329
	11.6382353	51.1107172
	11.6387077	51.1108004
	11.6390067	51.1108057
	11.6390295	51.110493
	11.6408134	51.109269
	11.6412021	51.1092886
	11.642609	51.1094753
	11.6434386	51.1096607
	11.6439136	51.1098559
	11.6439733	51.110221
	11.6445779	51.1104597
	11.6463771	51.1095985
	11.6480511	51.1090693
	11.6471225	51.1077793
	11.6470616	51.1072882
	11.6471708	51.1070069
	11.6475464	51.1069222
	11.647864	51.1070419
	11.6488962	51.1077597
	11.6504842	51.1087568
	11.6515123	51.1093281
	11.6511304	51.1096705
	11.6531244	51.1103506
	11.651649	51.1119193
	11.6516475	51.1121215
	11.6586616	51.1146703
	11.6576503	51.1162404
	11.6629577	51.1179412
	11.6610464	51.1205424
	11.6587655	51.1199515
	11.6572701	51.1193853
	11.655847	51.1186845
	11.6542945	51.1209945
	11.6528653	51.1211139
	11.6509698	51.1262543
	11.6493268	51.1262943
	11.6492439	51.1278109
	11.6491308	51.1285971
	11.6488386	51.1294502
	11.6483679	51.1303027
	11.6476118	51.1311094
	11.6552645	51.1333878
	11.6570122	51.1337076
	11.6595813	51.1340522
	11.6634011	51.1343104
	11.6639773	51.1336604
	11.6675132	51.1336705
	11.6665377	51.1352183
	11.6658519	51.1362051
	11.66538	51.1372599
	11.664145	51.1400878
	11.6683193	51.1407963
	11.6676354	51.1421511
	11.6694533	51.1426956
	11.6687326	51.14357
	11.6698359	51.1441573
	11.6728489	51.1424355
	11.6721988	51.1434449
	11.672948	51.1435818
	11.672434	51.1455354
	11.6723233	51.1460295
	11.6717812	51.1469184
	11.6716705	51.1474125
	11.671774	51.1479296
	11.6735394	51.1509008
	11.6739291	51.1513738
	11.6743191	51.1518019
	11.674921	51.1525901
	11.6756661	51.1533337
	11.6759139	51.1536715
	11.6766321	51.1545652
	11.6776621	51.1553712
	11.6797683	51.1563208
	11.6806048	51.1542108
	11.6818561	51.1541018
	11.6832142	51.1540606
	11.6863578	51.1541814
	11.6865102	51.1527886
	11.6877597	51.1529492
	11.6880481	51.1525679
	11.6905834	51.1527994
	11.6928424	51.1516145
	11.6932375	51.1513008
	11.6936329	51.1509423
	11.694831	51.1487293
	11.6953347	51.1481912
	11.6965192	51.1473628
	11.6970217	51.1470271
	11.697492	51.1461069
	11.6987396	51.1465371
	11.7011948	51.142566
	11.7037968	51.1434715
	11.707644	51.1451889
	11.7081597	51.1454278
	11.7114244	51.14694
	11.7120331	51.1467168
	11.7129241	51.1470561
	11.7139222	51.1474404
	11.7143094	51.1476351
	11.7149551	51.1479598
	11.7157736	51.1484563
	11.7168391	51.1495149
	11.7198406	51.1494548
	11.7199457	51.1497922
	11.7202658	51.1500401
	11.7208362	51.1502437
	11.7215856	51.1504029
	11.7269145	51.1525136
	11.72752	51.1528521
	11.7283738	51.1534833
	11.7289444	51.1536869
	11.7313368	51.1539622
	11.7343371	51.1541487
	11.7379457	51.1542018
	11.7373643	51.1559309
	11.7373628	51.156178
	11.7377905	51.1563813
	11.7385046	51.1564727
	11.7411829	51.1568017
	11.7411449	51.1571837
	11.7410713	51.1575655
	11.7408186	51.1580144
	11.7399197	51.1590012
	11.7397388	51.1594052
	11.7397351	51.1600569
	11.7395908	51.1602814
	11.7392683	51.1604604
	11.7381591	51.1606826
	11.7384682	51.1628855
	11.7362763	51.1641924
	11.7356337	51.1640561
	11.7341572	51.1660078
	11.7335443	51.1669277
	11.7328248	51.167735
	11.7318195	51.168508
	11.7330669	51.1691401
	11.7310945	51.1702367
	11.7305209	51.1705276
	11.7290468	51.1719848
	11.728184	51.1728366
	11.7272502	51.1735536
	11.7256719	51.1744712
	11.7249552	51.1747841
	11.7244903	51.1748055
	11.7239545	51.1747368
	11.7235267	51.1745335
	11.7229213	51.1741501
	11.7219209	51.1740803
	11.7212413	51.1741237
	11.7205252	51.1743242
	11.7198079	51.1747045
	11.719269	51.1751526
	11.7189078	51.1757585
	11.7182257	51.1755152
	11.7170841	51.1751306
	11.7161573	51.1747012
	11.7155873	51.1743628
	11.715198	51.1737326
	11.7146663	51.1729898
	11.7140617	51.172494
	11.713206	51.1721324
	11.7107074	51.1715869
	11.7107101	51.1711374
	11.7074596	51.1707923
	11.7072083	51.1709489
	11.7053812	51.1708993
	11.7049504	51.1711904
	11.7001268	51.1708635
	11.6997571	51.1727727
	11.6979339	51.1727904
	11.6970051	51.1726981
	11.6960772	51.172471
	11.6951128	51.1723562
	11.6942551	51.172309
	11.6925047	51.172147
	11.6912553	51.1718741
	11.690256	51.1716467
	11.6898212	51.1731961
	11.6893558	51.1732847
	11.6883902	51.1733497
	11.6854948	51.1733418
	11.6855442	51.176578
	11.68547	51.1769822
	11.6853243	51.1773863
	11.6848186	51.1781265
	11.6844212	51.1787321
	11.6841694	51.1789562
	11.6833104	51.1791111
	11.6822736	51.1791084
	11.6807734	51.178902
	11.6792372	51.178763
	11.6777003	51.1787138
	11.6765194	51.1788678
	11.6756619	51.178798
	11.6750911	51.1786167
	11.6747728	51.1781214
	11.6745712	51.1763006
	11.6745416	51.1754241
	11.6745205	51.175319
	11.6743992	51.1747159
	11.6735408	51.1747584
	11.6724326	51.1747779
	11.6716112	51.1746407
	11.6716163	51.1739441
	11.6697602	51.1735569
	11.6698369	51.172838
	11.6670185	51.1720659
	11.6648775	51.1715429
	11.6647518	51.169155
	11.6620712	51.1691249
	11.663263	51.1674653
	11.6638122	51.1653429
	11.6642738	51.1644226
	11.6645844	51.1634065
	11.6646412	51.1625486
	11.664211	51.1591469
	11.6649289	51.1577189
	11.6661404	51.157913
	11.6656515	51.1556235
	11.6644894	51.1556083
	11.6637819	51.1556063
	11.6630227	51.155763
	11.6579103	51.1568922
	11.6573016	51.1572082
	11.6569962	51.1574934
	11.6563863	51.1579683
	11.654417	51.15774
	11.6532568	51.1574506
	11.651547	51.1563332
	11.6454462	51.1553297
	11.6430755	51.1547504
	11.6383891	51.1530517
	11.6374221	51.1539385
	11.6368157	51.1539367
	11.6364632	51.1537767
	11.634859	51.1521509
	11.6342537	51.1520219
	11.6329417	51.1517953
	11.6314806	51.1512505
	11.6278009	51.1501265
	11.6255341	51.1492612
	11.6231677	51.1482367
	11.6225544	51.1490927
	11.6223466	51.1497912
	11.6222921	51.1502678
	11.6267327	51.1510129
	11.627842	51.1513025
	11.6283445	51.1516537
	11.6309553	51.1537594
	11.6298332	51.1550588
	11.6308408	51.1554434
	11.629882	51.1559438
	11.6287217	51.1550235
	11.626349	51.15473
	11.6211154	51.1520436
	11.6212183	51.1518215
	11.6213217	51.1515358
	11.6202627	51.1512781
	11.6198105	51.1509589
	11.6196113	51.1506086
	11.6195637	51.1494802
	11.6193647	51.1490982
	11.6189647	51.1485884
	11.6189686	51.1481117
	11.6190252	51.147381
	11.6192843	51.1465873
	11.6197948	51.1459534
	11.6172786	51.1447375
	11.6159029	51.1461313
	11.6148867	51.1468271
	11.6132111	51.1478068
	11.6108509	51.1460828
	11.6095964	51.1450617
	11.6085666	51.1440268
	11.6076927	51.1431485
	11.6049872	51.1402361
	11.605801	51.139857
	11.6062091	51.1393816
	11.6062118	51.1390639
	11.606013	51.1386818
	11.6061173	51.1383008
	11.6064255	51.137698
	11.606939	51.1367146
	11.6069939	51.1362063
	11.6076218	51.1336342
	11.6097387	51.1341816
	11.6104028	51.1332939
	11.6094963	51.1329731
	11.6100587	51.1321646
	11.6104203	51.1312124
	11.6106811	51.1302281
	11.6101702	51.1249192
	11.6100238	51.1243149
	11.6095723	51.1239638
	11.6079638	51.1230685
	11.6071116	51.1223347
	11.6056106	51.1206931
	11.6013077	51.1160704
	11.6000003	51.1148362
END
END
