7602632
1
	11.5518594	53.0047257
	11.5531668	53.0044284
	11.554175	53.0043408
	11.5579658	53.0041566
	11.5581338	53.0044005
	11.560732	53.0039757
	11.5600143	53.0026521
	11.5570324	52.9987147
	11.5591457	52.9982562
	11.5594375	52.9982782
	11.5601303	52.9985415
	11.564397	52.9985781
	11.5637562	52.9962072
	11.5638507	52.9960882
	11.5640742	52.9961244
	11.5644094	52.996528
	11.5646791	52.9965078
	11.5627048	52.9898339
	11.562133	52.9887434
	11.5615948	52.9868352
	11.5615141	52.9857009
	11.5609297	52.9836207
	11.5603795	52.9824925
	11.5594341	52.982565
	11.5588186	52.9807261
	11.5587343	52.9802501
	11.5594146	52.9799322
	11.5634586	52.9802102
	11.5651968	52.9763603
	11.5686105	52.9766672
	11.5691593	52.9767165
	11.5706549	52.9767579
	11.576471	52.9750144
	11.5764533	52.9759895
	11.5768666	52.9760993
	11.5774015	52.9768459
	11.5787994	52.976619
	11.5789088	52.9764726
	11.5805377	52.9765311
	11.580562	52.9768459
	11.5824947	52.9769923
	11.583686	52.9769776
	11.5847557	52.9768386
	11.585558	52.9765458
	11.5853149	52.9762969
	11.5878554	52.9752993
	11.5882444	52.975565
	11.5887306	52.9752356
	11.5891682	52.9747012
	11.5893263	52.9742913
	11.5892738	52.9739104
	11.5924807	52.9732937
	11.5927299	52.974123
	11.5932173	52.9741121
	11.593193	52.9746025
	11.5928526	52.975093
	11.5956484	52.9767618
	11.5968762	52.9758615
	11.5984724	52.9748805
	11.6034562	52.9739485
	11.6033273	52.9736949
	11.6067225	52.9707134
	11.6064077	52.9703009
	11.6067795	52.9701934
	11.6050006	52.9677937
	11.6044848	52.9678765
	11.6015452	52.9640352
	11.6019917	52.9639057
	11.598977	52.9608305
	11.6039567	52.9595787
	11.6023742	52.9576936
	11.6021573	52.9577673
	11.601955	52.9575015
	11.6006223	52.9573587
	11.5988173	52.9569134
	11.5988173	52.9566959
	11.5947946	52.9556706
	11.5941328	52.9556655
	11.5931873	52.9555308
	11.5913908	52.9554273
	11.5912104	52.9553097
	11.5918422	52.9552266
	11.593226	52.9552111
	11.5938363	52.9551593
	11.5948935	52.9549987
	11.5956671	52.9547916
	11.5971713	52.9542116
	11.5985724	52.9537301
	11.5994749	52.9534556
	11.6004103	52.9532451
	11.601108	52.9531604
	11.6033342	52.9532278
	11.6038843	52.9531708
	11.6070217	52.9523526
	11.6083478	52.9521494
	11.6097537	52.9514513
	11.6102437	52.9509697
	11.610609	52.9505787
	11.6110133	52.9502094
	11.6115238	52.9499678
	11.6119371	52.9497517
	11.6123018	52.9493086
	11.612667	52.9488568
	11.6130697	52.948465
	11.6151033	52.9497586
	11.6174994	52.9527495
	11.6217189	52.9504768
	11.6221487	52.9501299
	11.6226472	52.9498606
	11.6238506	52.949555
	11.6253714	52.9492688
	11.6253706	52.9491378
	11.6305247	52.9483468
	11.6330414	52.9466301
	11.6295425	52.9402817
	11.6313415	52.9403843
	11.6305982	52.9389907
	11.6333501	52.9383212
	11.6336767	52.9379741
	11.6349746	52.9379223
	11.6355333	52.9378653
	11.6359545	52.9376736
	11.636221	52.9373473
	11.6362983	52.9367671
	11.6363069	52.9363112
	11.636453	52.9358864
	11.6368914	52.9352544
	11.638083	52.9347716
	11.6385385	52.934523
	11.6390457	52.9341085
	11.6405187	52.9331406
	11.6405867	52.9327623
	11.6405016	52.9323446
	11.6402828	52.9319343
	11.6390086	52.9309184
	11.6390946	52.9306076
	11.6402635	52.9291983
	11.640983	52.9280655
	11.6422051	52.9254892
	11.6460699	52.9235487
	11.6464017	52.9223361
	11.6471432	52.9210316
	11.6478361	52.921332
	11.6508385	52.9203646
	11.651422	52.919705
	11.6524431	52.9190381
	11.6537194	52.9185543
	11.6536951	52.9182685
	11.6566247	52.9177554
	11.6574756	52.9192579
	11.6624108	52.9180046
	11.661025	52.9157031
	11.66032	52.9148969
	11.6601176	52.9144513
	11.659384	52.913079
	11.6598459	52.9121041
	11.6598824	52.9116129
	11.6593232	52.9110925
	11.6597897	52.9109096
	11.6602957	52.9107113
	11.663444	52.9099709
	11.6661762	52.9088947
	11.667211	52.910334
	11.6680018	52.9120342
	11.6687142	52.9115326
	11.6690788	52.9117305
	11.6699662	52.9111294
	11.6715465	52.9103304
	11.6742139	52.9088922
	11.6764387	52.9080726
	11.676275	52.9078379
	11.6785117	52.9073833
	11.6804323	52.9071414
	11.680724	52.9074127
	11.6814169	52.9070534
	11.682049	52.9068628
	11.6819761	52.9066209
	11.6828635	52.9063936
	11.6827794	52.9060805
	11.6831441	52.9057653
	11.6842381	52.9054353
	11.6844569	52.9051201
	11.6849189	52.9049221
	11.6851498	52.9050028
	11.6855631	52.9050174
	11.6875703	52.9045034
	11.6883237	52.904089
	11.6891627	52.9035793
	11.6909541	52.9045995
	11.690809	52.9048165
	11.6944518	52.907096
	11.6950741	52.9059561
	11.6960713	52.9054841
	11.6958694	52.9052252
	11.6982172	52.9034817
	11.6986085	52.9033599
	11.6987853	52.9029259
	11.7001107	52.9031543
	11.7016633	52.902728
	11.70261	52.902766
	11.7034305	52.9027736
	11.7041879	52.9026823
	11.7048064	52.9024691
	11.7048821	52.9021265
	11.7048821	52.9017458
	11.705488	52.9015326
	11.7061571	52.9015173
	11.7089594	52.9003372
	11.7094895	52.9005123
	11.7108149	52.8996747
	11.711181	52.8990808
	11.7115123	52.8988118
	11.7131817	52.8980338
	11.7130997	52.8977978
	11.7151131	52.8973071
	11.715599	52.8976378
	11.7166972	52.897695
	11.7186664	52.89728
	11.7186412	52.8970058
	11.7194604	52.8969088
	11.7200634	52.8976749
	11.7197676	52.8978077
	11.7202063	52.8988972
	11.7205839	52.898881
	11.7210383	52.8997642
	11.7214422	52.9002287
	11.7212403	52.9003962
	11.7223006	52.901051
	11.7226466	52.9008878
	11.7231463	52.9012262
	11.7274886	52.9011043
	11.7286373	52.9012338
	11.7287509	52.9018886
	11.7325125	52.9015307
	11.7339137	52.9015155
	11.7356935	52.9042641
	11.736148	52.9044392
	11.7377668	52.904455
	11.7390186	52.9047298
	11.7407154	52.9046551
	11.7421769	52.905051
	11.7426352	52.9052079
	11.7427219	52.9053946
	11.742276	52.9055963
	11.742053	52.9058204
	11.7416939	52.9064031
	11.7416072	52.9071127
	11.741804	52.9078334
	11.7417339	52.908147
	11.7411997	52.90839
	11.7407443	52.9087175
	11.7407443	52.9092879
	11.7410158	52.9098055
	11.7415763	52.9103336
	11.742128	52.9104657
	11.7428374	52.910434
	11.7437307	52.9103653
	11.7447554	52.9104287
	11.7457713	52.9108565
	11.7458939	52.9106664
	11.7463848	52.9109006
	11.7464251	52.9112399
	11.7464715	52.9114351
	11.7465764	52.9116689
	11.7467019	52.9118332
	11.7472005	52.9123777
	11.7473338	52.9125967
	11.7474477	52.9128234
	11.7474842	52.9130437
	11.7475014	52.913413
	11.7475358	52.9136515
	11.7476024	52.9139365
	11.747685	52.9140973
	11.7477944	52.9142283
	11.7479424	52.9143651
	11.7481651	52.91456
	11.7484429	52.9147253
	11.7488588	52.9148752
	11.7493573	52.9149872
	11.7497945	52.9150415
	11.7503105	52.9150617
	11.7510916	52.9151039
	11.7514024	52.915156
	11.7516191	52.9152114
	11.7518772	52.9152862
	11.7521202	52.9153693
	11.752374	52.915469
	11.7526063	52.9156004
	11.7527777	52.9157247
	11.7529566	52.9158816
	11.7531218	52.9160904
	11.7532774	52.9163152
	11.753402	52.9165627
	11.753504	52.9168081
	11.7535651	52.9170181
	11.7536242	52.9172274
	11.7537007	52.9178074
	11.7537239	52.9184028
	11.7536113	52.9189846
	11.7533008	52.9195181
	11.7532036	52.9196351
	11.7530655	52.9197424
	11.7529593	52.9198503
	11.7528817	52.9199618
	11.7528227	52.9200265
	11.752705	52.9200814
	11.7525649	52.9201437
	11.7524215	52.9202254
	11.7522329	52.9203952
	11.7519022	52.9206618
	11.7517056	52.920868
	11.7516122	52.9210207
	11.7515578	52.9211424
	11.7515142	52.9213092
	11.7515149	52.9214517
	11.7515597	52.9216151
	11.7516248	52.9217327
	11.7517981	52.9220089
	11.7520631	52.9223214
	11.7522284	52.9224681
	11.7524419	52.9226137
	11.7532304	52.9230891
	11.753548	52.9232473
	11.7536727	52.9233403
	11.7538232	52.9234809
	11.7539106	52.9235634
	11.7539811	52.9236601
	11.7540105	52.923746
	11.7540386	52.9238682
	11.7540382	52.9240319
	11.7540008	52.9242072
	11.753979	52.9243302
	11.7538648	52.9246423
	11.7537543	52.924922
	11.7536145	52.9252603
	11.7534576	52.9255747
	11.7533576	52.9257763
	11.7530054	52.9263168
	11.7529087	52.926451
	11.7527725	52.9265994
	11.7525355	52.9268237
	11.7523312	52.9270053
	11.7521417	52.9271549
	11.7513421	52.9276943
	11.7511268	52.9278303
	11.7509364	52.9279417
	11.7506701	52.9280715
	11.7504168	52.9281861
	11.7501416	52.9282853
	11.7497629	52.9284132
	11.7491808	52.9285965
	11.7488906	52.9287129
	11.7487364	52.9287772
	11.7486339	52.9288441
	11.7484786	52.9289639
	11.7483413	52.9291066
	11.748255	52.9292282
	11.7481905	52.9293553
	11.7481594	52.9294855
	11.7481369	52.9296012
	11.7481356	52.9297137
	11.7481372	52.9298492
	11.7482097	52.9300633
	11.748367	52.9304883
	11.7484346	52.93076
	11.7484462	52.930933
	11.7484172	52.9310828
	11.7483437	52.931245
	11.7482665	52.9313771
	11.7481104	52.931548
	11.7479392	52.9317166
	11.7477385	52.9318265
	11.7475558	52.9319068
	11.7472214	52.9320262
	11.7462739	52.9323584
	11.7459655	52.9324636
	11.7457608	52.932583
	11.7455517	52.9327249
	11.745359	52.9328753
	11.7452388	52.9330606
	11.7451467	52.9332079
	11.7451005	52.9333462
	11.7450852	52.9334643
	11.7450848	52.9335949
	11.7451006	52.9338403
	11.7451162	52.9340672
	11.7450852	52.9343135
	11.7450202	52.9346868
	11.7449027	52.9349817
	11.7448097	52.9351701
	11.7446734	52.9353477
	11.7445301	52.9355114
	11.7443155	52.9356758
	11.7440693	52.9358382
	11.7438802	52.9359431
	11.7436079	52.9360281
	11.7433202	52.9361044
	11.7431048	52.9361517
	11.7428261	52.9361927
	11.7426571	52.9361977
	11.7424308	52.936207
	11.7420964	52.936194
	11.7417174	52.9361534
	11.7412511	52.9360866
	11.7407278	52.936026
	11.7402454	52.936011
	11.740024	52.9360075
	11.7398167	52.9360197
	11.7396138	52.9360497
	11.7394074	52.9360939
	11.7391338	52.9361707
	11.7385199	52.9364578
	11.7378406	52.9368386
	11.7376856	52.9369009
	11.7375412	52.9369595
	11.7373984	52.936987
	11.7372115	52.9369916
	11.7366632	52.9369888
	11.7364164	52.9370099
	11.7361667	52.9370661
	11.7360269	52.9371074
	11.7358956	52.9371521
	11.7357172	52.9372296
	11.7355828	52.9373235
	11.7353457	52.9375952
	11.7348735	52.9381953
	11.7346474	52.9384155
	11.7344367	52.9385766
	11.7342078	52.9387486
	11.7339523	52.9389128
	11.7336076	52.9390856
	11.7333201	52.9392185
	11.7316547	52.9398193
	11.7305373	52.9402236
	11.7303091	52.9402876
	11.7300983	52.9403335
	11.7298896	52.9403714
	11.7296625	52.9403944
	11.7294807	52.9404023
	11.7292574	52.9403983
	11.7290363	52.9403944
	11.7287998	52.9403759
	11.7285743	52.9403508
	11.728313	52.9403076
	11.7277511	52.9402163
	11.7271147	52.9399617
	11.7270166	52.9394552
	11.7265447	52.9386213
	11.724827	52.9376745
	11.72423	52.9375545
	11.7235597	52.9375609
	11.7227951	52.937302
	11.7222714	52.9369738
	11.7228894	52.936715
	11.722439	52.9363425
	11.7218734	52.9362037
	11.7217477	52.9356923
	11.7213497	52.9354335
	11.7208051	52.9353893
	11.7202919	52.9354398
	11.720062	52.935189
	11.7195383	52.9352206
	11.7190879	52.9353595
	11.7185537	52.9357004
	11.7178939	52.9358834
	11.7166999	52.9360791
	11.7157467	52.9363758
	11.7141338	52.9364453
	11.7143419	52.936853
	11.713851	52.9369439
	11.7130969	52.9369566
	11.7126779	52.9372343
	11.7125313	52.9375752
	11.7129817	52.938036
	11.7137253	52.938238
	11.7141331	52.9385532
	11.7146159	52.9392499
	11.715238	52.9398569
	11.7157243	52.9409575
	11.7136349	52.9418193
	11.7131722	52.9419713
	11.7128214	52.9420529
	11.7123193	52.9421339
	11.7118212	52.9421899
	11.7112718	52.9422308
	11.710732	52.9422483
	11.7098342	52.9422882
	11.7091915	52.9423513
	11.7086757	52.9424503
	11.7081653	52.9425816
	11.7077335	52.94275
	11.7073322	52.942952
	11.7070026	52.9431806
	11.7066772	52.9434866
	11.7064249	52.9438636
	11.7058313	52.9447789
	11.7056819	52.9449619
	11.7054504	52.9451172
	11.705238	52.9452342
	11.7032127	52.9461215
	11.7016937	52.9467784
	11.701353	52.9469043
	11.700709	52.9470985
	11.7002136	52.9472317
	11.6998132	52.9473065
	11.6993328	52.9473566
	11.698545	52.9474119
	11.6978828	52.9474827
	11.6973657	52.9475582
	11.6963464	52.9478074
	11.6954288	52.9480438
	11.6946314	52.9482862
	11.6942232	52.9484236
	11.6939762	52.9485311
	11.6937678	52.9486337
	11.6935172	52.9487906
	11.6929397	52.9491941
	11.6932493	52.9494104
	11.6933567	52.9497212
	11.6934899	52.9499905
	11.6936447	52.9500992
	11.6939068	52.9501795
	11.6943194	52.9502054
	11.6946933	52.9500966
	11.6949855	52.9499723
	11.6950672	52.9497652
	11.6951789	52.949698
	11.6953466	52.9497289
	11.6955013	52.9498299
	11.695613	52.9499646
	11.6957978	52.9500371
	11.69606	52.9500733
	11.6963952	52.9500397
	11.6966359	52.9499231
	11.6968551	52.949804
	11.6970441	52.949615
	11.697062	52.9494452
	11.6972979	52.9495155
	11.6976859	52.9509061
	11.6977064	52.9509796
	11.6979054	52.9517117
	11.6979185	52.9524798
	11.6974296	52.9533901
	11.6965258	52.9540959
	11.6964001	52.9545061
	11.6969343	52.9551119
	11.6969238	52.9556798
	11.6971752	52.9561909
	11.6971438	52.9569607
	11.6972066	52.9575096
	11.6978769	52.9581469
	11.6986625	52.9585729
	11.6988196	52.958658
	11.6988289	52.9599636
	11.699469	52.9601344
	11.7008935	52.9644245
	11.7008307	52.9648851
	11.7039582	52.9643389
	11.7062722	52.9702376
	11.7067314	52.9706658
	11.7057981	52.9716381
	11.7054575	52.9720574
	11.7054426	52.972548
	11.7057776	52.9735563
	11.7058397	52.9737431
	11.7052489	52.9781957
	11.7042761	52.9778382
	11.7029117	52.9774854
	11.7018815	52.9773538
	11.7006002	52.9773068
	11.6992084	52.9774873
	11.6965491	52.9781641
	11.6941194	52.9786475
	11.6920565	52.9791611
	11.6903642	52.9799019
	11.6887637	52.9807761
	11.6875536	52.9816828
	11.6864592	52.9826858
	11.6853829	52.9840635
	11.684288	52.9865336
	11.683844	52.9879777
	11.6836987	52.989109
	11.6838978	52.9909434
	11.6841793	52.9922135
	11.6840809	52.9935466
	11.6839168	52.994297
	11.6839004	52.9952746
	11.6841137	52.9964644
	11.6845074	52.9980936
	11.6843926	52.9993574
	11.6841465	53.0003447
	11.6835717	53.0016347
	11.68345	53.0018922
	11.6820409	53.0034022
	11.680993	53.004654
	11.6794596	53.006248
	11.6774192	53.007642
	11.6762964	53.0082209
	11.6751775	53.0087138
	11.6741327	53.0090718
	11.6730878	53.0092938
	11.6710976	53.0095589
	11.6683291	53.0095034
	11.6670186	53.0094355
	11.6658311	53.0092981
	11.6648305	53.0091319
	11.6636271	53.008833
	11.6621487	53.0084093
	11.66036	53.007911
	11.6568912	53.006725
	11.6533965	53.0058303
	11.6508601	53.0054318
	11.6494463	53.0052528
	11.6466264	53.0051641
	11.6444618	53.0052481
	11.6424521	53.0053821
	11.6401394	53.0057371
	11.6390926	53.0059581
	11.6387586	53.0060571
	11.6365905	53.0066637
	11.6353739	53.0070041
	11.6330271	53.0078816
	11.631502	53.0086276
	11.6302547	53.0093685
	11.6289839	53.0101734
	11.6278626	53.0111858
	11.6270382	53.0119632
	11.6261293	53.0130491
	11.6253745	53.0143588
	11.6250735	53.0154347
	11.6250635	53.0171365
	11.6253594	53.0181664
	11.6257984	53.0195836
	11.6265607	53.0205849
	11.6276404	53.0220566
	11.62882	53.0232648
	11.6301413	53.0242849
	11.6324516	53.0259821
	11.6346222	53.0273757
	11.6364752	53.0285711
	11.6385021	53.0300154
	11.6394195	53.0306383
	11.6401659	53.0313288
	11.6412534	53.0325278
	11.6416383	53.0330738
	11.6418957	53.0337257
	11.6420271	53.0346959
	11.6417558	53.0357814
	11.6413119	53.0365584
	11.6409546	53.0372144
	11.6402576	53.0380328
	11.6393055	53.0386762
	11.6377146	53.0393676
	11.6359313	53.0399414
	11.633957	53.0405708
	11.6317277	53.0412408
	11.6307528	53.0414781
	11.6288095	53.0416724
	11.6273689	53.0416847
	11.6229722	53.0416917
	11.6201218	53.0415085
	11.616933	53.0410577
	11.6123812	53.0400353
	11.6074687	53.038641
	11.5977828	53.0358094
	11.598118	53.0347743
	11.598074	53.0345423
	11.5970512	53.0332166
	11.5957625	53.0323348
	11.5928469	53.0307157
	11.5827675	53.0252962
	11.5780133	53.0228951
	11.5774975	53.0225281
	11.5750953	53.0209718
	11.5735985	53.0202212
	11.5719269	53.0191676
	11.5714732	53.0190367
	11.5707425	53.0190229
	11.5698663	53.018739
	11.5691634	53.0184104
	11.568104	53.0178315
	11.5674811	53.0174038
	11.5671206	53.0170998
	11.5666043	53.0163472
	11.5663752	53.0159872
	11.5654389	53.0155154
	11.5650007	53.0152842
	11.5646625	53.0148013
	11.5644515	53.0142894
	11.5639058	53.0139215
	11.5637378	53.0137305
	11.5637004	53.0130609
	11.5635115	53.012805
	11.5625315	53.012805
	11.5624503	53.0125591
	11.5616214	53.0122544
	11.5592557	53.0130424
	11.5587088	53.0123657
	11.558828	53.0122143
	11.5547706	53.0074918
	11.5541106	53.0075895
	11.5527399	53.005943
	11.5518594	53.0047257
END
END
