7602403
1
	9.5522665	54.6298265
	9.5524587	54.6277947
	9.5555355	54.6279014
	9.5555398	54.6279016
	9.5561487	54.6279227
	9.556772	54.6272607
	9.5562134	54.6266653
	9.556432	54.626549
	9.5568035	54.6265129
	9.5571587	54.6262994
	9.5574228	54.6259061
	9.5584531	54.6257868
	9.5588334	54.6255637
	9.5585837	54.6253231
	9.5584592	54.624872
	9.5587928	54.6245346
	9.559	54.6239615
	9.5579574	54.6233841
	9.5569462	54.6232249
	9.5565006	54.6231547
	9.5570424	54.6221693
	9.5575144	54.6218943
	9.5581605	54.6217734
	9.5588553	54.6219419
	9.5593724	54.622154
	9.5597689	54.6219213
	9.5589014	54.621405
	9.5584177	54.6212307
	9.5589312	54.6211193
	9.5590749	54.6209183
	9.5593956	54.6208222
	9.5597705	54.6208795
	9.5599851	54.620857
	9.5600851	54.6208465
	9.5603725	54.6206895
	9.5608009	54.6205168
	9.561392	54.6205357
	9.5619776	54.6204274
	9.5626501	54.6204996
	9.5628748	54.6205761
	9.5646632	54.6208877
	9.565355	54.6207318
	9.5664722	54.6209127
	9.5673664	54.6212524
	9.5675811	54.6212624
	9.5678793	54.621432
	9.5681911	54.6214712
	9.5687641	54.6217413
	9.5689069	54.6216659
	9.5692814	54.6216739
	9.571936	54.6227459
	9.5734631	54.6229814
	9.5742094	54.622942
	9.5743813	54.6223516
	9.5744604	54.6213537
	9.5747189	54.6205806
	9.5743312	54.6199322
	9.5747619	54.6196829
	9.5754511	54.6197327
	9.5763987	54.6193836
	9.5769586	54.6189596
	9.5780216	54.6191566
	9.5787126	54.6189536
	9.5790126	54.6186895
	9.5795206	54.6187087
	9.5800765	54.6188395
	9.5805564	54.6188673
	9.5808736	54.6189678
	9.5813752	54.6187919
	9.5815064	54.6184352
	9.5825981	54.6180635
	9.5834928	54.6178044
	9.5842626	54.6177123
	9.5875216	54.617468
	9.5918938	54.6173484
	9.5923785	54.6177207
	9.5926636	54.6180857
	9.5930877	54.618961
	9.5932255	54.6192019
	9.593839	54.6198964
	9.5939387	54.619912
	9.5939756	54.6198708
	9.6020758	54.6183548
	9.6020335	54.6175646
	9.601938	54.6167793
	9.6017882	54.6161041
	9.6019975	54.6159907
	9.6033394	54.6157359
	9.6042575	54.615402
	9.6051341	54.6151579
	9.6061281	54.6150946
	9.6060793	54.6151293
	9.606021	54.6154458
	9.6060601	54.6159841
	9.6060693	54.6164659
	9.606097	54.6165762
	9.6059988	54.6171763
	9.6058862	54.6178131
	9.6058625	54.6182833
	9.6058673	54.6188346
	9.6070862	54.6202413
	9.609199	54.6207145
	9.6116356	54.6214399
	9.6137097	54.6219733
	9.6148756	54.6265525
	9.6157076	54.6298198
	9.6166831	54.6338093
	9.616693	54.6338499
	9.6134884	54.6350501
	9.6099922	54.6374619
	9.6042206	54.6381848
	9.6041345	54.6389824
	9.6033161	54.6410762
	9.5963816	54.640802
	9.5964005	54.6420655
	9.5975445	54.6434191
	9.600623	54.6458471
	9.6031008	54.6479551
	9.6041263	54.6497579
	9.6015071	54.6503723
	9.5984059	54.6501979
	9.5953909	54.6508209
	9.5929358	54.6505219
	9.5919147	54.6503896
	9.5918135	54.6503246
	9.59132	54.650306
	9.5914171	54.6498737
	9.5887148	54.6491762
	9.5870937	54.6480879
	9.5837905	54.6472972
	9.5812923	54.6469483
	9.5790957	54.6453034
	9.5783204	54.6443564
	9.5778466	54.6441071
	9.5739029	54.6430029
	9.5722219	54.6430251
	9.5697963	54.6418221
	9.569719	54.6417132
	9.5653127	54.6408171
	9.5643621	54.6401496
	9.5625992	54.6399447
	9.561802	54.6404376
	9.5604456	54.6401939
	9.5594867	54.6403004
	9.5591965	54.6400195
	9.5587485	54.6397689
	9.5575252	54.6396104
	9.5571291	54.6376763
	9.5557961	54.6362167
	9.556746	54.6352614
	9.5564875	54.6344636
	9.5556589	54.633852
	9.5555988	54.6328584
	9.5574046	54.6314908
	9.5574921	54.6312685
	9.5576501	54.6308675
	9.5583482	54.6302398
	9.5536055	54.6302081
	9.5522665	54.6298265
END
END
