7602602
1
	12.1982845	50.3809431
	12.2004086	50.3794193
	12.1996739	50.3776926
	12.2014102	50.3745722
	12.2022095	50.3731357
	12.2028428	50.3732894
	12.2039082	50.373548
	12.2056069	50.3725323
	12.2068287	50.3729254
	12.207594	50.3707125
	12.2102473	50.371461
	12.2136489	50.3699097
	12.2129175	50.368532
	12.2155367	50.3663839
	12.2220807	50.3629088
	12.222558	50.3616935
	12.2246811	50.3597726
	12.235327	50.3632823
	12.2356945	50.3626376
	12.2329386	50.3608926
	12.2275277	50.359061
	12.2287157	50.3556785
	12.2327765	50.3568127
	12.2329161	50.3584279
	12.2349439	50.3592923
	12.235456	50.3589688
	12.2399439	50.3621327
	12.2431336	50.3621963
	12.2474447	50.3630865
	12.2488402	50.3614015
	12.2477188	50.3604794
	12.2499616	50.3601933
	12.2540733	50.3582537
	12.2571633	50.3559643
	12.2582348	50.3526731
	12.2600005	50.352309
	12.2603077	50.3482741
	12.2620453	50.3474821
	12.264442	50.3484439
	12.2673905	50.3488534
	12.2712073	50.3459108
	12.2687179	50.3428946
	12.2732473	50.3435541
	12.2796012	50.3419826
	12.2798167	50.3400098
	12.2780973	50.3401689
	12.277873	50.3385784
	12.2826077	50.339644
	12.2818103	50.3368607
	12.283754	50.3376241
	12.2844766	50.334602
	12.2888625	50.3376241
	12.2949428	50.3393578
	12.2990546	50.3385625
	12.3019203	50.3395804
	12.3025682	50.3387693
	12.3075033	50.3405891
	12.3082975	50.3414422
	12.3068131	50.3439953
	12.3107775	50.3454278
	12.3163892	50.3456011
	12.3171676	50.3495979
	12.3241213	50.3485838
	12.3213018	50.3502729
	12.3230559	50.3570821
	12.3269844	50.3586883
	12.3266154	50.3598791
	12.3156983	50.3630775
	12.3105327	50.365708
	12.306192	50.365708
	12.303933	50.3673201
	12.3023286	50.3671894
	12.3022852	50.3695013
	12.3012434	50.3692521
	12.3009613	50.370678
	12.3020899	50.3712733
	12.3042169	50.3711072
	12.3041301	50.3717716
	12.2942027	50.373657
	12.2891673	50.3737234
	12.2895493	50.3776877
	12.2875699	50.3820281
	12.2853474	50.3840431
	12.2812148	50.3852632
	12.2799516	50.385293
	12.2790861	50.3856957
	12.2781692	50.38575
	12.2762274	50.3853369
	12.2757175	50.3860089
	12.2745713	50.3868442
	12.2742721	50.3871835
	12.2744549	50.3878586
	12.2739981	50.388291
	12.2738744	50.3891332
	12.2713544	50.3895298
	12.2708401	50.3895289
	12.2700213	50.3887086
	12.2687152	50.3882472
	12.2675651	50.3884103
	12.2668399	50.3888428
	12.2662503	50.3890861
	12.2661381	50.3905132
	12.2664656	50.3906773
	12.2659978	50.3918406
	12.265951	50.3953153
	12.265454	50.3964892
	12.2643661	50.3971968
	12.2627025	50.3982788
	12.262793	50.3993565
	12.2610619	50.4005643
	12.2615772	50.4017652
	12.2646329	50.404033
	12.2619201	50.4043377
	12.2586923	50.4027233
	12.2528435	50.4031295
	12.2522644	50.4079017
	12.2581472	50.4122112
	12.2556367	50.412252
	12.2555796	50.4139018
	12.2469675	50.415472
	12.2479489	50.4164482
	12.247183	50.4183353
	12.2500913	50.4195879
	12.2508478	50.4212123
	12.2441641	50.4267928
	12.2435186	50.4263358
	12.2424428	50.4271469
	12.2402911	50.4262445
	12.2365013	50.4293381
	12.232684	50.4320375
	12.2293899	50.4294227
	12.2233767	50.4315275
	12.2102528	50.4209983
	12.2131399	50.4204972
	12.213145	50.4198727
	12.217888	50.4179363
	12.2196424	50.4171463
	12.2213697	50.4160396
	12.2228911	50.4143919
	12.221714	50.4140471
	12.2209305	50.4135769
	12.2217095	50.4133061
	12.222369	50.413749
	12.223562	50.4141515
	12.224209	50.41448
	12.2246887	50.414459
	12.2246376	50.4139807
	12.2240436	50.4138898
	12.2237375	50.4135583
	12.2231835	50.4131835
	12.2232992	50.4128357
	12.2223729	50.41292
	12.2222902	50.4126038
	12.2211857	50.412298
	12.2236135	50.4098841
	12.2251017	50.4088391
	12.2254661	50.4083134
	12.2253852	50.4078622
	12.2231462	50.4084273
	12.2216774	50.4078695
	12.2209995	50.4057608
	12.2214344	50.404187
	12.2177574	50.4024925
	12.2164017	50.4013654
	12.2175281	50.4004043
	12.2162854	50.3987725
	12.2167533	50.3985637
	12.216379	50.397833
	12.2153986	50.39725
	12.2155836	50.3968339
	12.2171977	50.3961331
	12.2173688	50.3958699
	12.2177825	50.395641
	12.2174821	50.3952121
	12.2183199	50.3939243
	12.2182247	50.3921513
	12.217113	50.3898536
	12.2156785	50.3890305
	12.2152123	50.3898193
	12.2142082	50.3889162
	12.2138137	50.3866183
	12.2077711	50.3850062
	12.2013878	50.381016
	12.1987699	50.3815533
	12.1982845	50.3809431
END
END
