8658980
1
	11.9431923	50.505007
	11.9439182	50.504648
	11.9444951	50.5042511
	11.945474	50.5033662
	11.9464269	50.5022293
	11.9475707	50.5004255
	11.9476607	50.4999976
	11.9476987	50.4998066
	11.9477494	50.49956
	11.9479097	50.4987807
	11.9480057	50.4982738
	11.9491725	50.4977008
	11.9506573	50.4970299
	11.9509353	50.496652
	11.9511893	50.496305
	11.9518762	50.4959051
	11.9524011	50.4957481
	11.9536799	50.4946002
	11.9537809	50.4945082
	11.9554477	50.4938523
	11.9568005	50.4929334
	11.9571045	50.4926925
	11.9577864	50.4921585
	11.9584443	50.4918226
	11.9588602	50.4916126
	11.9591702	50.4913616
	11.9593202	50.4912396
	11.9598111	50.4906937
	11.9599431	50.4905447
	11.960991	50.4901638
	11.9615119	50.4898238
	11.9663283	50.4920244
	11.9668547	50.493954
	11.9687097	50.4954052
	11.9776338	50.4990408
	11.9787869	50.4975898
	11.9889142	50.4958198
	11.995532	50.496043
	11.9965598	50.4951979
	11.9994425	50.4961547
	12.0008463	50.4954849
	12.0019994	50.4960271
	12.0045563	50.4945122
	12.0055339	50.4927102
	12.0078903	50.4916736
	12.0089431	50.4902063
	12.013251	50.4913291
	12.016201	50.4908171
	12.0176907	50.4889409
	12.0213086	50.4878383
	12.0252609	50.4895405
	12.0281795	50.4868325
	12.0319494	50.4888442
	12.0414654	50.490527
	12.0406141	50.4882832
	12.0427423	50.4868712
	12.046725	50.4864649
	12.0507077	50.4881091
	12.0500933	50.4918808
	12.0522371	50.4930363
	12.0529995	50.4935998
	12.0548043	50.4937139
	12.054226	50.4947822
	12.0496132	50.4969481
	12.0453569	50.4944726
	12.0424686	50.4939117
	12.0409485	50.4978184
	12.0439584	50.5002937
	12.0472722	50.5015314
	12.0498868	50.5011833
	12.0571944	50.5020545
	12.0580858	50.5022301
	12.0584557	50.5026864
	12.0584894	50.5029502
	12.0582091	50.5031641
	12.058126	50.5033489
	12.0593886	50.503917
	12.0594107	50.5045279
	12.0594416	50.5053916
	12.0615941	50.5053346
	12.0620425	50.505577
	12.0625357	50.5062472
	12.0638249	50.505962
	12.0651029	50.5052063
	12.065615	50.505369
	12.067036	50.5065657
	12.0677441	50.5069256
	12.0675772	50.5077305
	12.0663083	50.5123784
	12.0673795	50.5129418
	12.0667966	50.5146527
	12.0657559	50.5148992
	12.0658022	50.5151392
	12.0654487	50.515221
	12.0651274	50.5154049
	12.0648574	50.5155397
	12.0646453	50.5157482
	12.0643304	50.5160016
	12.0643432	50.5162264
	12.0643241	50.5165135
	12.0650324	50.5169945
	12.0653666	50.5174931
	12.0657523	50.5176647
	12.0670377	50.517771
	12.0673254	50.5191363
	12.0670627	50.5194951
	12.0673712	50.5200205
	12.066314	50.5208052
	12.0640316	50.5205051
	12.0634785	50.5210069
	12.0647669	50.5215414
	12.0656	50.521123
	12.0663757	50.521238
	12.0665939	50.5217928
	12.065716	50.522598
	12.0638626	50.5232074
	12.0622149	50.5238098
	12.0628818	50.5250021
	12.0647579	50.524816
	12.0652426	50.5252537
	12.0653826	50.5256745
	12.0667151	50.5266613
	12.0673322	50.526916
	12.0681955	50.5273274
	12.0688202	50.5277872
	12.0700695	50.5279885
	12.0712393	50.528389
	12.0722709	50.5291034
	12.0703619	50.5298098
	12.0672158	50.5288865
	12.0655545	50.5298954
	12.0670899	50.5315528
	12.0688007	50.5313133
	12.0713142	50.530653
	12.073391	50.5297301
	12.073918	50.5304589
	12.0705399	50.5317639
	12.0715393	50.5320632
	12.0735617	50.5317134
	12.0770917	50.535634
	12.0773803	50.5355101
	12.0768735	50.5347674
	12.075958	50.5319001
	12.07691	50.5318121
	12.0771353	50.5323589
	12.0783951	50.5322118
	12.0795406	50.5323686
	12.0801319	50.5314534
	12.0829709	50.5316206
	12.085377	50.5336628
	12.086733	50.5348815
	12.0874821	50.5353667
	12.0876495	50.5357425
	12.0893051	50.5375091
	12.0902323	50.53822
	12.0900609	50.5394121
	12.0907224	50.5398937
	12.0918245	50.5398774
	12.0924769	50.5398301
	12.093004	50.5397484
	12.0943599	50.5390078
	12.0953946	50.5401225
	12.0967915	50.5409768
	12.0972799	50.5422675
	12.0975958	50.5426285
	12.0996709	50.5429864
	12.1018245	50.5436568
	12.1033774	50.5452527
	12.1051629	50.5446759
	12.1056119	50.5447018
	12.1055717	50.5452448
	12.1080571	50.5492302
	12.1078107	50.5493857
	12.108412	50.5499877
	12.1091833	50.5505758
	12.1101547	50.5509747
	12.1132955	50.5522666
	12.1145554	50.553315
	12.1130218	50.5558854
	12.112287	50.5564253
	12.1114144	50.5566679
	12.1103227	50.5577921
	12.1117257	50.5584111
	12.1129877	50.5590653
	12.1138141	50.5587583
	12.1144105	50.5592999
	12.113244	50.560082
	12.1135224	50.5601507
	12.1139466	50.5603834
	12.1143387	50.5607019
	12.1148635	50.5608563
	12.1157826	50.5610686
	12.1165539	50.561383
	12.1171645	50.5616974
	12.1176594	50.5618444
	12.1180065	50.5619913
	12.1184561	50.5623686
	12.1187044	50.5627909
	12.1191214	50.5632847
	12.1191487	50.5636543
	12.1193395	50.5639141
	12.1191487	50.5640989
	12.1191032	50.5645088
	12.1187578	50.5648726
	12.1185665	50.5648833
	12.1183572	50.5651773
	12.1182492	50.5654628
	12.1186673	50.5657226
	12.1185673	50.5659478
	12.1185946	50.5661268
	12.11884	50.5663982
	12.1189672	50.5668081
	12.1194853	50.5670275
	12.1196408	50.5671853
	12.1167761	50.5673098
	12.1159817	50.5669936
	12.1140425	50.5685424
	12.1132881	50.5692077
	12.1132961	50.5694917
	12.1121595	50.5702229
	12.1113006	50.5707108
	12.1101548	50.5714207
	12.1092279	50.5717717
	12.1079411	50.5723016
	12.1066553	50.5730115
	12.1054344	50.5738584
	12.1050025	50.5742584
	12.1047105	50.5746173
	12.1045595	50.5751133
	12.1041166	50.5760551
	12.1039646	50.5765051
	12.1036156	50.576898
	12.1035297	50.576997
	12.1025308	50.577436
	12.1023168	50.577436
	12.1018229	50.577341
	12.1014889	50.577574
	12.101249	50.5777409
	12.100887	50.5782789
	12.101306	50.5784169
	12.1013719	50.5786458
	12.1012969	50.5790038
	12.1003363	50.579444
	12.0997151	50.5793966
	12.0988806	50.57869
	12.0980562	50.5791715
	12.0966271	50.5793487
	12.0946386	50.5795695
	12.0930311	50.5798546
	12.0924592	50.5799846
	12.0914714	50.5799766
	12.0909844	50.5796107
	12.0894307	50.5795496
	12.0880889	50.5795376
	12.0863191	50.5796566
	12.0856822	50.5796486
	12.0839915	50.5794506
	12.0830056	50.5793056
	12.0809069	50.5782987
	12.080545	50.5781377
	12.0796481	50.5777448
	12.0785453	50.5774858
	12.0778214	50.5773218
	12.0777924	50.5772528
	12.0776864	50.5770049
	12.0778074	50.5767799
	12.0787193	50.5750791
	12.0788043	50.5744032
	12.0784804	50.5730493
	12.0785724	50.5721074
	12.0789553	50.5707606
	12.0789774	50.5697687
	12.0785704	50.5690018
	12.0780155	50.5685438
	12.0769037	50.5677239
	12.0763408	50.5675829
	12.0755069	50.567037
	12.075145	50.5673039
	12.0744521	50.566801
	12.07539	50.5658661
	12.0764458	50.5643633
	12.0767748	50.5638973
	12.0770778	50.5630434
	12.0771428	50.5623905
	12.0771688	50.5621425
	12.0772208	50.5597628
	12.0770978	50.5589499
	12.0770408	50.558229
	12.0764869	50.557771
	12.0757981	50.5570051
	12.0747412	50.5569471
	12.0738424	50.5560432
	12.0727345	50.5550363
	12.0725256	50.5550443
	12.0723926	50.5550443
	12.0711488	50.5550593
	12.0708258	50.5550663
	12.0708368	50.5546203
	12.0704829	50.5545823
	12.0703439	50.5545633
	12.0700399	50.5554672
	12.0678532	50.5553562
	12.0679382	50.5558372
	12.0680422	50.5564321
	12.0665634	50.5562451
	12.0654396	50.5560051
	12.0647417	50.5556432
	12.0642568	50.5550972
	12.0632129	50.5545443
	12.0618811	50.5539953
	12.0609063	50.5534914
	12.0598705	50.5524005
	12.0588056	50.5526634
	12.0584607	50.5523435
	12.0567479	50.5531824
	12.055833	50.5529494
	12.0549882	50.5528504
	12.0544292	50.5526214
	12.0543593	50.5526214
	12.0530335	50.5519315
	12.0527605	50.5518095
	12.0522646	50.5516105
	12.0520306	50.5518285
	12.0519766	50.5518775
	12.0514087	50.5519195
	12.0509908	50.5517785
	12.049186	50.5535143
	12.04898	50.5532473
	12.0480562	50.5535063
	12.0474223	50.5535903
	12.0462214	50.5535753
	12.0460905	50.5531253
	12.0435528	50.5530143
	12.0433318	50.5534642
	12.042329	50.5536132
	12.0416301	50.5537162
	12.0406442	50.5536592
	12.0403703	50.5533002
	12.0393174	50.5531103
	12.0390945	50.5535562
	12.0384596	50.5535522
	12.0378307	50.5533652
	12.0374117	50.5530942
	12.0374277	50.5523733
	12.0367898	50.5524573
	12.0365509	50.5525073
	12.0362249	50.5525873
	12.035522	50.5524003
	12.0348941	50.5521253
	12.0341292	50.5516224
	12.0335003	50.5513014
	12.0337373	50.5510005
	12.0343002	50.5502755
	12.0321326	50.5494896
	12.0306548	50.5492496
	12.0295059	50.5501345
	12.0299299	50.5501455
	12.0298489	50.5506345
	12.0309007	50.5509624
	12.0308807	50.5518203
	12.0310847	50.5521753
	12.0314996	50.5523893
	12.0319915	50.5526363
	12.0331113	50.5529652
	12.0338782	50.5534192
	12.0331603	50.5539991
	12.0324614	50.5536741
	12.0320285	50.5541211
	12.0301988	50.5539221
	12.028571	50.5540861
	12.0280741	50.554311
	12.0287659	50.554807
	12.0301038	50.555006
	12.0303957	50.554598
	12.0325074	50.554758
	12.0317115	50.5556469
	12.0315045	50.5560049
	12.0311966	50.5565388
	12.0308956	50.5574817
	12.0304667	50.5577487
	12.0296898	50.5577867
	12.0290499	50.5579166
	12.027911	50.5584426
	12.0273371	50.5588435
	12.0268292	50.5594655
	12.0263292	50.5597774
	12.0254793	50.5599954
	12.0251914	50.5603083
	12.0235346	50.5616852
	12.0233386	50.5620251
	12.0231706	50.5623111
	12.0229397	50.56312
	12.0225817	50.563429
	12.0210849	50.5640469
	12.0208549	50.5648968
	12.020424	50.5652098
	12.020058	50.5657897
	12.0189792	50.5667246
	12.0174094	50.5676975
	12.0133457	50.5690104
	12.0122728	50.5694329
	12.0080891	50.5723765
	12.0074982	50.5720865
	12.0073054	50.5720153
	12.0067357	50.5719566
	12.0060627	50.5719386
	12.0058634	50.5719593
	12.0056889	50.5719774
	12.0045587	50.5717618
	12.0038292	50.5719955
	12.0039414	50.5722227
	12.0036121	50.5722821
	12.0026502	50.5724169
	12.0024344	50.5722544
	12.0010725	50.572172
	11.9999782	50.5720903
	12.00016	50.5714567
	12.0001992	50.5708816
	11.9997163	50.570724
	11.9946663	50.5670526
	11.9940709	50.5619715
	11.9948475	50.5608862
	11.9778723	50.5473276
	11.9772458	50.5464431
	11.9759308	50.5446545
	11.9733421	50.5432922
	11.9698636	50.5434207
	11.9667268	50.5448193
	11.9650114	50.5395973
	11.9583528	50.5358881
	11.9535351	50.5353404
	11.9512242	50.5329753
	11.9497358	50.533772
	11.9454644	50.5310099
	11.9579611	50.523439
	11.9594402	50.5218863
	11.9596453	50.5216709
	11.959097	50.5204507
	11.9620738	50.5173128
	11.9617996	50.5143241
	11.9627396	50.5143988
	11.9624654	50.5131286
	11.9610363	50.5129675
	11.9593712	50.5127799
	11.9590765	50.51186
	11.9585095	50.5100898
	11.9501275	50.5098407
	11.9485608	50.5081469
	11.9431923	50.505007
END
END
