3183653
1
	19.7496929	41.4137311
	19.7497747	41.4129532
	19.7499217	41.4121895
	19.7500017	41.4113845
	19.7500457	41.4103991
	19.7500783	41.4098457
	19.7500553	41.4093683
	19.7501489	41.4088156
	19.7503549	41.40803
	19.7505781	41.4076363
	19.751011	41.4071413
	19.7512038	41.4066977
	19.7513906	41.4055473
	19.7517092	41.4046009
	19.7514038	41.4037827
	19.7523747	41.4032755
	19.752758	41.4029871
	19.7532903	41.4026282
	19.7540877	41.4021011
	19.75453	41.4017953
	19.755236	41.4012447
	19.7558861	41.4008376
	19.7565349	41.4003809
	19.7580034	41.399816
	19.7585737	41.3996376
	19.7599697	41.3994591
	19.7605154	41.3993975
	19.7615913	41.3995261
	19.7624324	41.3998458
	19.7636091	41.4001825
	19.7645628	41.4003324
	19.765234	41.4003125
	19.7659895	41.4001586
	19.7667448	41.3999956
	19.7678281	41.3997146
	19.7686693	41.3994355
	19.7694759	41.3990705
	19.7706395	41.3985337
	19.7710822	41.3982233
	19.7729073	41.3968832
	19.7736339	41.3961572
	19.7738571	41.3957139
	19.7740806	41.3952931
	19.7745439	41.3947983
	19.77582	41.3940556
	19.776743	41.3936108
	19.7773688	41.3932753
	19.7782326	41.3928613
	19.7789767	41.392473
	19.7800771	41.3918905
	19.7808514	41.39148
	19.7818203	41.390716
	19.7828275	41.3901189
	19.7834437	41.3896167
	19.7846416	41.3885264
	19.7852291	41.3880779
	19.7861462	41.3874799
	19.7867376	41.387117
	19.7876875	41.3865642
	19.7892365	41.3864005
	19.7905257	41.3865491
	19.7920878	41.386642
	19.7935488	41.3865493
	19.7948589	41.3864955
	19.7957809	41.3866016
	19.7959348	41.3866193
	19.7967266	41.3865961
	19.7983745	41.3865953
	19.7992153	41.3863205
	19.8005888	41.3856865
	19.8007539	41.3854668
	19.8011896	41.384887
	19.8025516	41.3834066
	19.8029404	41.3826588
	19.8031885	41.3821257
	19.8035644	41.3810852
	19.8036846	41.3804381
	19.8036122	41.3795956
	19.8036884	41.378678
	19.8037189	41.378057
	19.803879	41.3770233
	19.803837	41.3761765
	19.8037171	41.3755855
	19.8034195	41.374538
	19.8031486	41.373995
	19.8029673	41.3734304
	19.8029046	41.3731641
	19.8027747	41.3726315
	19.8033966	41.3722238
	19.8036522	41.3718483
	19.8041786	41.3708049
	19.8059029	41.3692427
	19.8067745	41.3689636
	19.8077224	41.3684107
	19.8086363	41.3677179
	19.809811	41.3668161
	19.8109177	41.3663356
	19.8134339	41.3670988
	19.8139628	41.3664676
	19.8147332	41.3656811
	19.8148729	41.3654774
	19.8149994	41.3653036
	19.8150937	41.3651862
	19.8152199	41.3651476
	19.8153461	41.365125
	19.8155201	41.3651309
	19.8156941	41.3651529
	19.8158385	41.3652051
	19.8160635	41.3653096
	19.8162625	41.3654325
	19.8165634	41.3656802
	19.8170397	41.3656219
	19.8171806	41.3660444
	19.8174949	41.3669551
	19.8177907	41.3676916
	19.8178914	41.3681604
	19.8179983	41.368658
	19.8181635	41.3695202
	19.8182985	41.3695895
	19.8185356	41.3697111
	19.8190043	41.3699181
	19.8194603	41.3700681
	19.8199378	41.3701617
	19.8202007	41.3702045
	19.8204529	41.3702151
	19.8206889	41.3702217
	19.8209303	41.370192
	19.8216885	41.3700279
	19.8224521	41.369755
	19.8225252	41.3698302
	19.8233924	41.3707857
	19.8236418	41.3711377
	19.8239592	41.3715263
	19.8242284	41.371923
	19.8243708	41.3721866
	19.8244757	41.3724583
	19.8246696	41.3731295
	19.8248386	41.3733063
	19.8250345	41.373475
	19.8262869	41.3742098
	19.8271414	41.3749532
	19.8281419	41.3758096
	19.8289139	41.3765872
	19.8294606	41.3770347
	19.8313479	41.3783564
	19.8324842	41.3793682
	19.8330539	41.3798747
	19.8334949	41.3803651
	19.8336349	41.3805047
	19.8338072	41.3806201
	19.8344842	41.3809797
	19.8353532	41.3809308
	19.8360935	41.3809302
	19.837612	41.3824686
	19.8392378	41.3843692
	19.8402438	41.3848566
	19.8410824	41.3850122
	19.8420121	41.3851838
	19.8423518	41.3852749
	19.8424948	41.3853205
	19.8426485	41.3854103
	19.8427365	41.3855233
	19.8429211	41.3856564
	19.8432688	41.3858823
	19.8435951	41.3862129
	19.8438462	41.3865918
	19.8439698	41.3866687
	19.8441363	41.3867095
	19.8444462	41.3867386
	19.8447132	41.3867839
	19.845022	41.3868946
	19.8461599	41.3874137
	19.846595	41.3877437
	19.8474753	41.3878725
	19.8476822	41.3879177
	19.8479105	41.3880515
	19.8480064	41.3880804
	19.8490912	41.3884077
	19.8493678	41.3885979
	19.8504705	41.388949
	19.8506222	41.3890602
	19.850908	41.3896865
	19.851167	41.3898701
	19.8512294	41.3904006
	19.8526437	41.3917682
	19.8535151	41.3926997
	19.8545126	41.3937271
	19.8550106	41.3945378
	19.8611652	41.399767
	19.8670895	41.4058984
	19.8683138	41.407189
	19.8696472	41.4082285
	19.8709594	41.4088086
	19.87222	41.4089786
	19.8748349	41.4100036
	19.8757106	41.4103903
	19.8770568	41.4110607
	19.8783579	41.4120773
	19.8792199	41.4128105
	19.8810052	41.4143405
	19.8818614	41.4149791
	19.883128	41.4158557
	19.8840855	41.4163827
	19.8836504	41.4171708
	19.8799443	41.4230276
	19.8781895	41.4251894
	19.8775067	41.4261731
	19.8762576	41.4274169
	19.875712	41.4281229
	19.8751186	41.4290805
	19.870852	41.434747
	19.870272	41.43534
	19.8694212	41.4366642
	19.8687215	41.4379223
	19.8680443	41.4390231
	19.8675997	41.4399055
	19.8672165	41.4407841
	19.8669361	41.4412766
	19.8664151	41.4418657
	19.8659917	41.4425413
	19.8653108	41.443588
	19.8648208	41.4441774
	19.8645462	41.4445258
	19.8639547	41.444547
	19.8632759	41.4448104
	19.8630564	41.4448937
	19.8614906	41.4448827
	19.861134	41.4448972
	19.8607429	41.4449113
	19.8599149	41.4449842
	19.8585609	41.4453444
	19.85623	41.4457579
	19.8551809	41.4455359
	19.8529589	41.4456893
	19.85059	41.4459178
	19.8483241	41.4458006
	19.846701	41.4457078
	19.8443838	41.4451353
	19.842562	41.4447524
	19.8403402	41.4442438
	19.838343	41.4433818
	19.836888	41.4430115
	19.8355928	41.4427553
	19.8329683	41.4421434
	19.8317875	41.4417668
	19.8306776	41.4415439
	19.8293692	41.4409859
	19.8286846	41.4407539
	19.8277212	41.4404154
	19.8264185	41.4400195
	19.8252931	41.4394768
	19.8239371	41.4386211
	19.8228329	41.4378985
	19.8219803	41.4373271
	19.820878	41.4366495
	19.819867	41.4359909
	19.8185948	41.4355682
	19.817397	41.4354208
	19.816491	41.4356321
	19.8159494	41.4358066
	19.8151578	41.4364467
	19.8146924	41.4369191
	19.8144178	41.437524
	19.8141143	41.4381511
	19.8137159	41.4387592
	19.8134239	41.4396386
	19.8130538	41.4401525
	19.8126705	41.4404366
	19.8114975	41.4407711
	19.8104086	41.4403862
	19.8093366	41.4403256
	19.8083772	41.4400546
	19.8075989	41.4397584
	19.8068073	41.4391875
	19.8056535	41.4387163
	19.8047285	41.4385131
	19.8032081	41.4380291
	19.8023978	41.4377101
	19.8005531	41.436849
	19.7990885	41.436226
	19.7972536	41.4355901
	19.7948351	41.4348355
	19.7928553	41.4343196
	19.7913982	41.4338811
	19.7901241	41.433413
	19.7895041	41.4332219
	19.7881079	41.4328066
	19.7872763	41.4326717
	19.7862826	41.4323326
	19.7855046	41.4320318
	19.7846652	41.4317348
	19.783353	41.4311312
	19.7823498	41.4306164
	19.7816308	41.4302442
	19.7810281	41.4298056
	19.7804255	41.4293625
	19.7796722	41.4289269
	19.778642	41.4284973
	19.7782013	41.428236
	19.7773545	41.4277813
	19.7754032	41.4272159
	19.7747186	41.4269655
	19.7741635	41.426865
	19.7731299	41.426962
	19.7722543	41.4271238
	19.7709974	41.4270473
	19.7703567	41.427045
	19.7697481	41.427106
	19.7688938	41.4271104
	19.7681366	41.4272193
	19.7663856	41.4270205
	19.7658056	41.4269917
	19.7652469	41.4268237
	19.7645622	41.4265417
	19.764028	41.4262614
	19.7634284	41.4258007
	19.7631069	41.4255537
	19.7626528	41.4250176
	19.7622733	41.4241357
	19.7620407	41.4231563
	19.7620387	41.4224945
	19.7620292	41.4217156
	19.7618712	41.4209621
	19.7618271	41.4201153
	19.761337	41.4194663
	19.7611613	41.4190142
	19.7610128	41.4184904
	19.760347	41.4179835
	19.7587145	41.4170926
	19.7582491	41.416921
	19.7573582	41.4168303
	19.7565611	41.4167632
	19.7558496	41.4165799
	19.755264	41.4164566
	19.7540702	41.4163986
	19.752878	41.4163902
	19.7522946	41.4162893
	19.7515848	41.4161511
	19.7508564	41.4156435
	19.7502802	41.415088
	19.7499406	41.4144361
	19.7496929	41.4137311
END
END
