3184862
1
	19.6158235	40.9499848
	19.6187178	40.9443696
	19.6223399	40.9388738
	19.6245821	40.9364634
	19.6345381	40.9300122
	19.6390421	40.9263135
	19.633406	40.9237099
	19.6350953	40.9219225
	19.6403697	40.9187265
	19.6407521	40.919126
	19.642166	40.9200312
	19.6449999	40.9215456
	19.6520022	40.9165922
	19.6513634	40.9159923
	19.6494509	40.9139952
	19.6489864	40.9112252
	19.6503223	40.9095623
	19.6554848	40.905377
	19.6599777	40.9013529
	19.6525494	40.8915703
	19.6641069	40.8857422
	19.6612097	40.8825727
	19.649752	40.8873391
	19.6469671	40.8827017
	19.6566291	40.8782099
	19.6610941	40.8767269
	19.6691092	40.876279
	19.6787808	40.8879182
	19.6899607	40.8815013
	19.6967733	40.8914975
	19.7034471	40.8879937
	19.7181977	40.9059514
	19.7341408	40.8979336
	19.7351748	40.8990114
	19.7379001	40.9017761
	19.7343662	40.9053661
	19.7325939	40.9073203
	19.731976	40.9080016
	19.7290785	40.9105915
	19.7261571	40.9125038
	19.7201569	40.9141929
	19.7232368	40.9175543
	19.7238997	40.9211107
	19.7246395	40.9245128
	19.7253746	40.9281254
	19.7260896	40.9327915
	19.7273379	40.9363544
	19.7295425	40.9396505
	19.7301039	40.9447153
	19.7306456	40.9469948
	19.7297253	40.9492029
	19.7296071	40.9497588
	19.7292428	40.9514712
	19.7283079	40.9522657
	19.7268022	40.9517513
	19.7263553	40.9520456
	19.72583	40.9523915
	19.7242432	40.9523634
	19.723788	40.9546907
	19.7219328	40.9551366
	19.7196839	40.9547229
	19.7142298	40.9555952
	19.7090772	40.9567815
	19.7041448	40.9571926
	19.6951264	40.9567022
	19.6879307	40.9551486
	19.6803926	40.9519606
	19.6706942	40.9471963
	19.6435874	40.9361347
	19.6281236	40.9560033
	19.6158235	40.9499848
END
END
