3184930
1
	19.3997816	40.8549916
	19.4009434	40.8549268
	19.4014566	40.8549294
	19.4019698	40.854932
	19.4024808	40.8549301
	19.4029938	40.8549282
	19.4035071	40.8549263
	19.4040201	40.8549199
	19.4045331	40.854918
	19.4050481	40.8549206
	19.4055631	40.8549277
	19.4060781	40.8549303
	19.4065929	40.8549285
	19.407108	40.8549311
	19.407621	40.8549246
	19.4081321	40.8549092
	19.4086433	40.8548847
	19.4091507	40.8548512
	19.4096562	40.8548042
	19.4101655	40.8547527
	19.4106823	40.8546968
	19.4112049	40.8546319
	19.4117259	40.8545581
	19.4122425	40.8544796
	19.4127499	40.8543831
	19.4132456	40.8542638
	19.4137226	40.8541218
	19.4141787	40.853957
	19.4146076	40.8537648
	19.4150102	40.8535407
	19.4153859	40.8532803
	19.4157445	40.8530016
	19.4160857	40.8526956
	19.416418	40.852376
	19.4167421	40.8520518
	19.4170624	40.8517231
	19.4173865	40.8513989
	19.4177165	40.8510792
	19.418058	40.8507778
	19.4184129	40.850499
	19.4187885	40.850243
	19.4191892	40.8500189
	19.4196145	40.8498357
	19.4200703	40.8496933
	19.420551	40.8495829
	19.4210525	40.8494997
	19.4215694	40.8494347
	19.4220979	40.8493879
	19.4226337	40.8493548
	19.4231755	40.8493216
	19.4237134	40.8492975
	19.4242494	40.8492598
	19.4247737	40.8492129
	19.425285	40.8491524
	19.4257788	40.8490646
	19.4262521	40.848954
	19.4266966	40.8488025
	19.4271104	40.848619
	19.4274862	40.848381
	19.4278295	40.8481066
	19.4281482	40.8477958
	19.4284453	40.8474667
	19.4287278	40.8471149
	19.4290023	40.8467584
	19.4292753	40.846402
	19.4295519	40.8460501
	19.4298358	40.8457163
	19.4301277	40.8453916
	19.43041	40.8450623
	19.4306886	40.8447329
	19.4309614	40.8444035
	19.431232	40.844065
	19.431501	40.8437355
	19.4317721	40.843397
	19.4320448	40.8430676
	19.4323213	40.8427337
	19.4326057	40.8424089
	19.4329048	40.8420888
	19.4332139	40.8417733
	19.4335246	40.8414624
	19.4338282	40.8411424
	19.4341122	40.8408221
	19.4343737	40.840479
	19.4346254	40.8401402
	19.4348715	40.8397924
	19.4351079	40.8394445
	19.435337	40.8390919
	19.4355543	40.8387392
	19.4357621	40.8383773
	19.435957	40.8380153
	19.4361379	40.8376486
	19.4363117	40.8372818
	19.4364756	40.8369148
	19.4366341	40.8365388
	19.4367884	40.8361672
	19.4369392	40.8357911
	19.4370858	40.8354149
	19.4372328	40.8350387
	19.4373799	40.8346625
	19.4375286	40.8342908
	19.4376794	40.8339147
	19.4378374	40.8335432
	19.4380074	40.8331673
	19.4381809	40.832796
	19.4383545	40.8324246
	19.4385184	40.8320532
	19.4386709	40.8316816
	19.4388028	40.8313007
	19.4389096	40.8309194
	19.4389897	40.8305378
	19.4390562	40.830147
	19.4391022	40.8297515
	19.4391271	40.8293511
	19.4391213	40.8289549
	19.4390852	40.8285672
	19.4390108	40.8281835
	19.4388943	40.8278127
	19.4387379	40.8274505
	19.438549	40.8270877
	19.4383354	40.8267337
	19.4381048	40.8263794
	19.4378664	40.826025
	19.4376279	40.8256751
	19.4373972	40.8253253
	19.437168	40.8249755
	19.4368994	40.8246297
	19.4366133	40.8242882
	19.4363328	40.8239467
	19.4360793	40.8236056
	19.4358768	40.8232517
	19.4357513	40.8228899
	19.4357034	40.8225155
	19.4356806	40.822128
	19.4356807	40.8217319
	19.4357072	40.821327
	19.4357567	40.8209225
	19.4358313	40.8205228
	19.4359326	40.8201235
	19.4360601	40.8197381
	19.4362126	40.8193664
	19.4363939	40.8190132
	19.4366093	40.8186695
	19.4368803	40.818313
	19.437197	40.8179661
	19.4375519	40.8176333
	19.4379391	40.8173234
	19.4383491	40.8170588
	19.4387746	40.8168394
	19.4392094	40.8166832
	19.4396478	40.8166081
	19.4401114	40.8166144
	19.4405959	40.8166885
	19.4410976	40.8168078
	19.4416105	40.8169543
	19.4421294	40.8171099
	19.4426499	40.8172475
	19.443167	40.817358
	19.4436741	40.8174189
	19.4441739	40.8174121
	19.4446908	40.8173696
	19.4452171	40.8173046
	19.4457399	40.8172036
	19.446251	40.8170754
	19.4467338	40.8169109
	19.447182	40.8167188
	19.4475787	40.8164945
	19.4479256	40.8162291
	19.4482387	40.8159361
	19.448523	40.8156113
	19.4487879	40.8152727
	19.4490417	40.8149205
	19.4492916	40.8145591
	19.4495432	40.8142024
	19.4498083	40.8138547
	19.4500927	40.8135209
	19.4504054	40.8132145
	19.4507582	40.8129176
	19.451151	40.8126077
	19.4515746	40.8123252
	19.4520171	40.8120881
	19.452469	40.8119275
	19.4529194	40.8118751
	19.4533694	40.8119216
	19.4538254	40.8120448
	19.454285	40.812222
	19.4547501	40.8124308
	19.4552213	40.8126488
	19.4556963	40.8128487
	19.4561768	40.8130172
	19.4566653	40.8131453
	19.4571631	40.8132735
	19.4576722	40.8134064
	19.4581872	40.8135393
	19.4587021	40.8136498
	19.4592134	40.8137376
	19.459719	40.8137804
	19.4602108	40.8137825
	19.4606877	40.8137258
	19.4611512	40.8136194
	19.4616091	40.813486
	19.4620609	40.8133254
	19.462511	40.8131468
	19.4629557	40.8129412
	19.4633979	40.812731
	19.4638369	40.8125027
	19.4642736	40.8122744
	19.4647105	40.8120371
	19.4651452	40.8118043
	19.4655822	40.811576
	19.4660187	40.8113567
	19.4664557	40.8111509
	19.4668885	40.8109315
	19.467314	40.8107076
	19.4677356	40.8104745
	19.468155	40.8102415
	19.4685764	40.8100175
	19.4690037	40.8097936
	19.4694406	40.8095923
	19.4698871	40.8094046
	19.4703485	40.8092441
	19.4708256	40.8091109
	19.4713155	40.8090003
	19.4718154	40.8089034
	19.4723206	40.80882
	19.4728301	40.8087412
	19.4733391	40.8086714
	19.4738467	40.8085971
	19.4743635	40.8085409
	19.4749243	40.8085348
	19.4754965	40.8085469
	19.4760418	40.8085406
	19.4765209	40.8084659
	19.4768983	40.8082863
	19.477188	40.80802
	19.47744	40.8077082
	19.4776611	40.8073644
	19.4778576	40.8069978
	19.478037	40.8066175
	19.4782013	40.806219
	19.4783593	40.8058204
	19.4785198	40.8054218
	19.4786856	40.8050368
	19.4788611	40.8046654
	19.4790326	40.804294
	19.4791947	40.8039225
	19.4793495	40.8035508
	19.4795038	40.8031792
	19.4796583	40.8028031
	19.4798205	40.8024315
	19.4799863	40.80206
	19.480139	40.8016838
	19.4802859	40.8012986
	19.4804346	40.8009134
	19.4805929	40.8005328
	19.4807724	40.8001615
	19.4809803	40.799813
	19.4812264	40.7994786
	19.4815218	40.7991763
	19.481867	40.7988927
	19.4822544	40.7986322
	19.4826684	40.7983855
	19.4831032	40.7981526
	19.4835435	40.7979378
	19.4839823	40.7977275
	19.4844192	40.7975171
	19.4848635	40.7973069
	19.4853136	40.7971012
	19.4857695	40.7969001
	19.4862309	40.796717
	19.4867003	40.7965431
	19.4871735	40.7963962
	19.4876502	40.7962764
	19.4881329	40.7961837
	19.4886323	40.7961362
	19.4891437	40.7961204
	19.4896642	40.7961407
	19.4901868	40.7961791
	19.4907079	40.7962399
	19.4912189	40.7963186
	19.4917166	40.7963972
	19.4922126	40.7965027
	19.4927027	40.7966397
	19.4931795	40.796808
	19.4936295	40.7969985
	19.4940415	40.7972154
	19.4944099	40.7974814
	19.4947263	40.7978006
	19.4949725	40.7981595
	19.4951309	40.7985263
	19.4952298	40.7989012
	19.4952928	40.7992938
	19.4953234	40.7996903
	19.4953215	40.8000865
	19.4952911	40.8004823
	19.4952357	40.8008688
	19.495146	40.8012503
	19.4950219	40.8016313
	19.4948751	40.8020121
	19.494709	40.8023836
	19.4945336	40.802755
	19.4943505	40.8031218
	19.4941274	40.8034746
	19.4938756	40.8038179
	19.4936256	40.8041658
	19.4934085	40.8045142
	19.4932442	40.8048857
	19.4931108	40.8052622
	19.493	40.8056434
	19.4929049	40.8060338
	19.4928206	40.8064199
	19.4927329	40.8068105
	19.4926397	40.8072144
	19.4925785	40.8076098
	19.4925937	40.8079882
	19.492756	40.8083595
	19.4931089	40.8087198
	19.4935169	40.8088872
	19.4939556	40.8087984
	19.4944266	40.8085704
	19.4948425	40.8082742
	19.4951571	40.8079722
	19.4954396	40.8076472
	19.4957027	40.8073085
	19.4959527	40.806965
	19.4962025	40.8066126
	19.4964543	40.8062692
	19.4967233	40.8059306
	19.4970131	40.8056102
	19.4973373	40.8053083
	19.4976921	40.8050293
	19.4980678	40.804755
	19.4984475	40.8044853
	19.4988176	40.8042155
	19.5002519	40.8029781
	19.5013353	40.8026725
	19.5038339	40.8021512
	19.5052587	40.8028495
	19.506872	40.8039104
	19.5079707	40.8050006
	19.50823	40.8064852
	19.508583	40.8082681
	19.510328	40.8103391
	19.5126893	40.8109819
	19.5171144	40.8101249
	19.5202729	40.8093641
	19.5250262	40.8081778
	19.5288446	40.807074
	19.532804	40.805094
	19.5367695	40.8035506
	19.5398901	40.8020819
	19.5402735	40.8012989
	19.5414637	40.7998912
	19.542528	40.7981939
	19.544773	40.7974973
	19.5459555	40.7971296
	19.5480096	40.7973896
	19.5515152	40.7977713
	19.5542697	40.7985037
	19.5562319	40.7985823
	19.5586164	40.7986076
	19.5608098	40.7977886
	19.5956926	40.8172087
	19.5952882	40.819734
	19.5945241	40.8217327
	19.5941188	40.8227902
	19.5923413	40.8255509
	19.591313	40.8278975
	19.590138	40.830607
	19.5893331	40.8338882
	19.5878684	40.8374945
	19.5867734	40.8418077
	19.5858998	40.8444713
	19.5845283	40.8483983
	19.5843852	40.8515841
	19.5849647	40.8546707
	19.5863497	40.8569703
	19.5884628	40.8594678
	19.5905666	40.8613304
	19.5924911	40.8633529
	19.5922429	40.8653218
	19.5904215	40.8668258
	19.5896987	40.8670376
	19.5862673	40.8676393
	19.5825556	40.8676703
	19.5770608	40.867328
	19.5706366	40.8675637
	19.562729	40.8673529
	19.5569918	40.8671012
	19.5499652	40.8673417
	19.5419121	40.8676859
	19.5370026	40.8684791
	19.5351298	40.8686399
	19.5295587	40.8691093
	19.5249502	40.8698563
	19.5224115	40.8695402
	19.521399	40.868082
	19.5197072	40.8654581
	19.5187499	40.8635909
	19.5171591	40.8617291
	19.5158356	40.8595375
	19.5143041	40.8576044
	19.5089593	40.8574004
	19.50549	40.8573555
	19.5009524	40.8563646
	19.4995583	40.8559863
	19.4973116	40.8547955
	19.4965563	40.8547317
	19.4957246	40.8546353
	19.4955397	40.8542772
	19.4953967	40.8538972
	19.4952745	40.8535174
	19.4951448	40.8531375
	19.4949809	40.8527662
	19.4947615	40.8524077
	19.4945098	40.8520037
	19.4942275	40.8516083
	19.4939107	40.8512935
	19.4935598	40.8511269
	19.4931688	40.8511488
	19.4927435	40.8513053
	19.4922934	40.8515425
	19.4918299	40.8518201
	19.4913626	40.8520796
	19.4909031	40.8522762
	19.4904412	40.8524457
	19.4899721	40.8526062
	19.489503	40.8527666
	19.48903	40.8529225
	19.4885609	40.8530829
	19.4880953	40.8532524
	19.4876377	40.8534265
	19.4871854	40.8536142
	19.4867371	40.8538064
	19.4862927	40.8540031
	19.4858483	40.8542044
	19.4854039	40.8544012
	19.4849578	40.8545934
	19.4845094	40.8547856
	19.4840575	40.8549732
	19.4836017	40.8551518
	19.4831418	40.8553304
	19.4826841	40.8555089
	19.4822224	40.855683
	19.4817631	40.8558525
	19.4813032	40.856031
	19.4808437	40.8562096
	19.4803878	40.8563881
	19.4799301	40.8565667
	19.4794742	40.8567498
	19.4790202	40.8569284
	19.4785642	40.8571114
	19.4781105	40.8572945
	19.4776545	40.8574776
	19.4772004	40.8576607
	19.4767448	40.8578438
	19.4762889	40.8580269
	19.4758348	40.8582099
	19.4753788	40.858393
	19.4749251	40.8585761
	19.4744691	40.8587591
	19.4740153	40.8589422
	19.4735593	40.8591253
	19.4731052	40.8593084
	19.4726475	40.8594869
	19.4721897	40.8596654
	19.4717321	40.8598394
	19.4712513	40.8600041
	19.4707268	40.8601548
	19.4701874	40.8602917
	19.4696589	40.8604332
	19.4691706	40.8605888
	19.468751	40.8607678
	19.4684288	40.8609842
	19.4682855	40.8612659
	19.4683809	40.8616273
	19.4685983	40.8620399
	19.4688138	40.862466
	19.4689247	40.8628636
	19.4690141	40.8633285
	19.4690847	40.8638022
	19.4690751	40.8641893
	19.4689283	40.8644124
	19.4686	40.8643765
	19.468135	40.8641633
	19.4676025	40.8638996
	19.4670707	40.8637214
	19.466571	40.8636608
	19.4660674	40.863609
	19.4655598	40.8635663
	19.4650488	40.8635325
	19.4645356	40.8635076
	19.4640205	40.8634872
	19.4635039	40.8634714
	19.4629888	40.8634645
	19.4624738	40.8634576
	19.4619588	40.8634508
	19.4614476	40.863453
	19.4609346	40.8634551
	19.4604218	40.8634663
	19.4599065	40.8634864
	19.4593936	40.8635156
	19.4588806	40.8635492
	19.4583711	40.863592
	19.4578638	40.8636527
	19.4573622	40.8637225
	19.4568646	40.8638104
	19.4563724	40.8639209
	19.4558821	40.8640449
	19.4553958	40.8641734
	19.4549095	40.864302
	19.4544231	40.864435
	19.4539368	40.8645636
	19.4534485	40.8646831
	19.45296	40.8648071
	19.4524738	40.8649311
	19.4519853	40.8650596
	19.4514991	40.8651837
	19.4510146	40.8653122
	19.4505319	40.8654453
	19.4500495	40.8655829
	19.4495707	40.8657205
	19.4490957	40.8658717
	19.4486246	40.866032
	19.4481555	40.8662012
	19.4476899	40.866375
	19.4472248	40.8665489
	19.4467611	40.8667227
	19.4462938	40.866892
	19.4458268	40.8670523
	19.4453536	40.8672035
	19.4448786	40.8673366
	19.444394	40.8674562
	19.443845	40.8675523
	19.4432612	40.8676164
	19.4427081	40.8676225
	19.4422466	40.8675442
	19.4419393	40.8673555
	19.4417695	40.867038
	19.441699	40.8666319
	19.441682	40.866186
	19.4416819	40.8657493
	19.4416763	40.865353
	19.4417107	40.8649618
	19.4417699	40.8645709
	19.4418288	40.86418
	19.4418691	40.8637889
	19.4418652	40.8634016
	19.4417926	40.863018
	19.4416592	40.862638
	19.4415029	40.8622532
	19.4413635	40.8618776
	19.4412816	40.8614984
	19.4413293	40.8611208
	19.4415163	40.8607497
	19.441682	40.8603692
	19.4417239	40.8599871
	19.4416973	40.8595906
	19.4416613	40.8591984
	19.4415734	40.8588191
	19.4413199	40.8583474
	19.4410434	40.8582221
	19.4408011	40.858471
	19.4405547	40.8588008
	19.4403166	40.8591847
	19.4400915	40.8595869
	19.4398893	40.8599893
	19.4397138	40.8603606
	19.4395498	40.8607321
	19.4393972	40.8611082
	19.439252	40.8614844
	19.4391112	40.8618607
	19.4389737	40.8622415
	19.4388383	40.8626224
	19.4387027	40.8629987
	19.4385616	40.863375
	19.4384185	40.8637557
	19.4382659	40.8641273
	19.4381037	40.8644988
	19.4379324	40.8648656
	19.4377451	40.8652323
	19.4375451	40.8655897
	19.4373315	40.8659425
	19.4371045	40.8662951
	19.4368699	40.8666431
	19.4366257	40.8669864
	19.4363737	40.8673297
	19.4361181	40.8676684
	19.4358588	40.8680115
	19.4355995	40.8683502
	19.4353383	40.8686888
	19.4350805	40.8690274
	19.4348248	40.8693706
	19.4345732	40.8697139
	19.4343311	40.8700618
	19.4340947	40.8704052
	19.4338695	40.8707623
	19.4336558	40.8711151
	19.4334497	40.8714769
	19.4332514	40.8718389
	19.4330586	40.872201
	19.4328698	40.8725676
	19.4326851	40.8729342
	19.4325001	40.8732964
	19.432315	40.873663
	19.4321262	40.8740297
	19.4319334	40.8743917
	19.4317332	40.8747536
	19.4315272	40.875111
	19.4313116	40.8754637
	19.4310845	40.8758208
	19.4308575	40.8761689
	19.4306267	40.8765259
	19.4303943	40.8768829
	19.4301575	40.8772399
	19.4299117	40.8775877
	19.4296599	40.8779354
	19.4293968	40.8782785
	19.4291201	40.8786124
	19.42883	40.8789326
	19.428525	40.8792436
	19.4282025	40.8795408
	19.4278553	40.8798152
	19.4274683	40.8800621
	19.427045	40.8802814
	19.4265967	40.8804869
	19.4261333	40.8806741
	19.4256621	40.8808613
	19.4251965	40.8810485
	19.4247426	40.8812539
	19.4243117	40.8814641
	19.4239111	40.8817063
	19.4235545	40.8819715
	19.4232263	40.8822687
	19.422923	40.8825707
	19.422635	40.8828954
	19.4223642	40.8832293
	19.4221048	40.8835679
	19.4218529	40.8839157
	19.4216052	40.8842634
	19.4213591	40.8846157
	19.4211091	40.8849635
	19.4208554	40.8853112
	19.4205904	40.8856497
	19.4203137	40.8859836
	19.4200335	40.8863084
	19.4197531	40.8866377
	19.4194705	40.886967
	19.4191846	40.8872962
	19.4188986	40.8876164
	19.4186087	40.8879411
	19.4183147	40.8882657
	19.4180171	40.8885858
	19.4177159	40.8889058
	19.4174087	40.8892212
	19.4170999	40.8895321
	19.4167909	40.8898475
	19.4164797	40.8901629
	19.4161672	40.8904738
	19.4158505	40.8907846
	19.4155298	40.8910953
	19.4152037	40.891397
	19.4148698	40.8916985
	19.4145288	40.891991
	19.4141775	40.8922743
	19.4124514	40.8929817
	19.4103915	40.8941496
	19.4081599	40.8949281
	19.4062716	40.8958365
	19.4048541	40.8962375
	19.4066149	40.8876611
	19.4083316	40.8861038
	19.4093615	40.8845465
	19.4107348	40.8827295
	19.4132724	40.8808197
	19.4132887	40.8806449
	19.4132536	40.8800825
	19.4132722	40.8798824
	19.4135838	40.8790484
	19.413779	40.8785076
	19.4138287	40.8779555
	19.413975	40.8774232
	19.4140497	40.8769565
	19.4140682	40.8766896
	19.4142701	40.8763792
	19.4147118	40.876201
	19.4153514	40.8758781
	19.4155393	40.8756412
	19.4157228	40.8750818
	19.4158033	40.8742649
	19.415757	40.8736563
	19.4157848	40.8730026
	19.4159409	40.8725718
	19.4164254	40.872127
	19.4165628	40.8720402
	19.4169204	40.871824
	19.4170871	40.8714578
	19.4172339	40.8709071
	19.4175208	40.870082
	19.4176442	40.8694941
	19.417817	40.8689446
	19.4179885	40.8683759
	19.418188	40.8676508
	19.4183729	40.8665203
	19.4185334	40.8659156
	19.4186442	40.8653459
	19.4188298	40.8646944
	19.4189512	40.8641894
	19.4188581	40.8635065
	19.4187074	40.8632004
	19.4183595	40.8630114
	19.4180492	40.8627502
	19.4178877	40.8623887
	19.4177494	40.8620736
	19.4174899	40.8617476
	19.4172191	40.8613846
	19.4170572	40.8610415
	19.4171698	40.8609049
	19.4173594	40.8605943
	19.4173746	40.8604655
	19.4173161	40.8603726
	19.4171684	40.8602075
	19.4171465	40.8601059
	19.4171503	40.8599493
	19.4171408	40.8598387
	19.4170683	40.8598192
	19.4168968	40.8598814
	19.4167291	40.8597777
	19.4166123	40.8595827
	19.4166818	40.8592151
	19.4166493	40.8590489
	19.4165051	40.8589824
	19.4163357	40.8589525
	19.4160098	40.8588651
	19.4159645	40.8587263
	19.4158466	40.8585773
	19.4157865	40.8585488
	19.4157242	40.8586124
	19.4156856	40.858704
	19.4157324	40.8587784
	19.4157309	40.8588428
	19.4156446	40.8588969
	19.4155724	40.8588683
	19.415501	40.8588028
	19.4154807	40.8586367
	19.4153853	40.8585617
	19.4153813	40.8587275
	19.4154026	40.8588567
	19.4154129	40.8589306
	19.4154121	40.8589674
	19.4153619	40.8590312
	19.41529	40.8589934
	19.4151636	40.8586876
	19.415118	40.8580514
	19.4150297	40.8576817
	19.4148859	40.8575968
	19.4147614	40.857724
	19.4147561	40.8579451
	19.4145914	40.8582284
	19.4144371	40.8585855
	19.4143384	40.8586486
	19.4142903	40.8586296
	19.41422	40.8585181
	19.4142615	40.8583067
	19.4142275	40.8582049
	19.414192	40.8581676
	19.4140336	40.8581839
	19.4138989	40.8582281
	19.4139453	40.8583208
	19.413929	40.8584956
	19.4139365	40.8586892
	19.413922	40.8587903
	19.413812	40.8588164
	19.4136579	40.8586577
	19.413625	40.8585099
	19.4136296	40.8583165
	19.4136834	40.8580961
	19.4139815	40.8578239
	19.4140206	40.8577139
	19.4140228	40.8576218
	19.4136829	40.8576079
	19.413484	40.8577986
	19.4132619	40.8579429
	19.4130018	40.8581512
	19.4129232	40.8583897
	19.4128349	40.8585266
	19.4127483	40.8585899
	19.4126633	40.8585888
	19.4126046	40.858505
	19.412486	40.8583837
	19.4121755	40.8581583
	19.4118585	40.8578576
	19.4116567	40.8576614
	19.41156	40.8576416
	19.4114736	40.8576957
	19.4114458	40.8578427
	19.4117665	40.8581512
	19.412147	40.8584972
	19.41219	40.8587281
	19.4120529	40.8588736
	19.4118582	40.8588894
	19.41174	40.8587496
	19.4115139	40.858553
	19.4114677	40.858451
	19.4112783	40.8582458
	19.4111102	40.8581605
	19.4110016	40.8581314
	19.4108669	40.8581756
	19.4107799	40.8582573
	19.4107867	40.8584785
	19.4106998	40.8585602
	19.4106938	40.8588089
	19.4108824	40.859051
	19.4108069	40.8591605
	19.4104935	40.8590548
	19.4101833	40.8588202
	19.4096913	40.8580581
	19.4093576	40.8577863
	19.4092476	40.8578124
	19.4092547	40.8580244
	19.4090366	40.858003
	19.4088659	40.8580283
	19.4090054	40.8582881
	19.4094561	40.8587457
	19.4096072	40.8590334
	19.4093963	40.8592147
	19.4089715	40.8591996
	19.4087102	40.8589473
	19.4083015	40.8587667
	19.4079281	40.8586325
	19.4075209	40.8583874
	19.4069512	40.8578268
	19.4068673	40.8577796
	19.4066118	40.8577945
	19.4064282	40.8581099
	19.4063394	40.8582653
	19.4059744	40.8582879
	19.4059713	40.8584168
	19.4060042	40.8585647
	19.4060965	40.8587686
	19.4060702	40.8588512
	19.405936	40.8588769
	19.4056249	40.8586792
	19.4055061	40.858567
	19.405397	40.8585563
	19.4053957	40.8586115
	19.4055028	40.8587051
	19.4054738	40.8588982
	19.4056527	40.8590388
	19.405637	40.859186
	19.4054639	40.8593126
	19.4053992	40.8594775
	19.4054334	40.8595701
	19.4055407	40.8596545
	19.4055504	40.859756
	19.4054868	40.8598748
	19.4053888	40.8599103
	19.4053117	40.8600843
	19.4054416	40.8602427
	19.4055118	40.8603542
	19.4053998	40.8604632
	19.4052055	40.8604605
	19.4050121	40.860421
	19.4048544	40.8604096
	19.4047438	40.8604633
	19.4043779	40.8605228
	19.4042207	40.860493
	19.4037188	40.8601452
	19.4034178	40.8600305
	19.4033204	40.8600383
	19.4032815	40.8601391
	19.4033637	40.86026
	19.403469	40.8604273
	19.4035257	40.8605939
	19.4035081	40.8608239
	19.4031117	40.8611409
	19.4030952	40.8613244
	19.4031382	40.8615553
	19.4032923	40.8622207
	19.4034767	40.8631444
	19.4036573	40.8638351
	19.4039848	40.8643647
	19.4041095	40.8647349
	19.4043568	40.8655674
	19.4045836	40.866243
	19.4049467	40.8667437
	19.4051348	40.8670042
	19.4053179	40.8674766
	19.4053201	40.8678911
	19.405359	40.868297
	19.4057114	40.8687993
	19.4062057	40.8694694
	19.4065637	40.8699501
	19.4070612	40.8703412
	19.4073222	40.8707291
	19.4081357	40.8713296
	19.4084993	40.8716677
	19.4089944	40.8721613
	19.4094754	40.8726523
	19.4096849	40.8730779
	19.4097104	40.8734241
	19.4099079	40.8736446
	19.4102387	40.8739438
	19.4106017	40.8743074
	19.4108262	40.8748101
	19.4112031	40.875302
	19.4114196	40.8754331
	19.4115858	40.8755507
	19.4116316	40.8757563
	19.4115253	40.8759598
	19.4116595	40.876
	19.4119286	40.876055
	19.4121126	40.8762978
	19.4121409	40.8765288
	19.4121467	40.87699
	19.4121698	40.8774387
	19.4124622	40.8779294
	19.4127912	40.8783054
	19.4127476	40.8787147
	19.4124543	40.8789669
	19.4120317	40.8789739
	19.4116787	40.8787842
	19.4114622	40.8786532
	19.4111655	40.8783416
	19.4106135	40.8781035
	19.4105524	40.8778336
	19.4105112	40.877436
	19.4101476	40.8770979
	19.4101749	40.8766628
	19.4101238	40.8759703
	19.4100083	40.875149
	19.4096023	40.8744644
	19.4091801	40.87414
	19.4082453	40.8736659
	19.4074769	40.8732967
	19.4068123	40.8728263
	19.4062718	40.8721144
	19.4060064	40.8712012
	19.4057919	40.8707794
	19.4052192	40.8700029
	19.4047859	40.869049
	19.4041475	40.8681948
	19.4039608	40.8675261
	19.4036909	40.8667812
	19.4035887	40.8661137
	19.4034008	40.8654962
	19.4029847	40.8645297
	19.4025451	40.8631402
	19.4021615	40.8621504
	19.4018346	40.8609931
	19.4014954	40.8596434
	19.4013308	40.8586833
	19.4011242	40.8581424
	19.4008709	40.8574344
	19.4005455	40.8569175
	19.4002775	40.8561196
	19.3997968	40.8550369
	19.3997816	40.8549916
END
END
