3185363
1
	19.744365	40.9581006
	19.7449367	40.9555141
	19.7457282	40.9538662
	19.7462719	40.9527558
	19.7479992	40.9518743
	19.7485808	40.9512685
	19.7528469	40.9518188
	19.7571463	40.9531256
	19.7596935	40.9541253
	19.7608283	40.9544256
	19.7633007	40.9543442
	19.7642454	40.953959
	19.7660897	40.9541453
	19.771058	40.9548128
	19.7761211	40.9566223
	19.7810735	40.958167
	19.784765	40.958996
	19.7912427	40.959503
	19.7992165	40.9605519
	19.8017629	40.9606662
	19.8041811	40.9611835
	19.8041646	40.9620748
	19.8040177	40.9648691
	19.8041684	40.9673153
	19.8049275	40.9702405
	19.8055855	40.9723904
	19.8068424	40.9740512
	19.8095545	40.9761547
	19.8132301	40.978187
	19.8164439	40.9795797
	19.8200125	40.9802601
	19.8239109	40.9807546
	19.8283453	40.9831679
	19.8290873	40.9846522
	19.8290815	40.9866195
	19.827983	40.9881166
	19.826495	40.9899158
	19.8258526	40.9916335
	19.8261384	40.9919741
	19.8257092	40.9923884
	19.824603	40.9931965
	19.8232547	40.9939842
	19.8216638	40.9946882
	19.8192625	40.9956451
	19.8157319	40.9956945
	19.8133174	40.9955796
	19.8123249	40.9975773
	19.8091402	40.9995317
	19.8064628	41.0012489
	19.8041062	41.0006979
	19.8027039	41.0005026
	19.8022074	41.0003683
	19.8009221	41.0000074
	19.800454	41.0000521
	19.8000149	41.000016
	19.7994563	40.9997536
	19.7987617	40.9988549
	19.7975603	40.9975863
	19.7969198	40.9970258
	19.7890297	40.9965597
	19.7882825	40.9945206
	19.7892963	40.9943047
	19.7903932	40.9943101
	19.7907177	40.9941211
	19.7898593	40.9922366
	19.7871839	40.9923958
	19.7871346	40.9915873
	19.7872785	40.9908922
	19.7874524	40.9906539
	19.7881627	40.9904481
	19.7875877	40.9889998
	19.7873828	40.9889014
	19.7866903	40.9892693
	19.7860407	40.9894104
	19.7858364	40.9892681
	19.7852672	40.9884535
	19.784831	40.9884645
	19.784365	40.9885738
	19.7835253	40.9893702
	19.7818058	40.9893729
	19.7813826	40.9894398
	19.7810857	40.9905396
	19.7809175	40.9909268
	19.7795071	40.9911183
	19.7783299	40.990048
	19.7780109	40.9827579
	19.7751823	40.9833986
	19.7724396	40.9836486
	19.7704522	40.9840326
	19.7692374	40.9832858
	19.7681957	40.9820591
	19.7669064	40.9801724
	19.7649533	40.9784227
	19.7637671	40.9775861
	19.7623062	40.9765665
	19.760662	40.9753467
	19.7589281	40.9741035
	19.7575015	40.9734038
	19.7560443	40.9726363
	19.754284	40.9717573
	19.7526438	40.9709472
	19.7511885	40.9703417
	19.7483732	40.9695413
	19.7471984	40.9694651
	19.7475113	40.9686019
	19.7476747	40.9665271
	19.7477658	40.9642234
	19.7476457	40.9630338
	19.7458613	40.961898
	19.7451636	40.9610982
	19.7445305	40.9593988
	19.744365	40.9581006
END
END
