3185412
1
	19.5621493	41.954041
	19.5631461	41.9531822
	19.5632136	41.9526795
	19.5634765	41.9524088
	19.5641242	41.9521546
	19.5641788	41.95155
	19.5643196	41.9507788
	19.564288	41.9503109
	19.5641099	41.949779
	19.564433	41.9492064
	19.564782	41.948981
	19.5649142	41.9480784
	19.5648524	41.9476607
	19.5646284	41.9474225
	19.564145	41.9470619
	19.5637278	41.9466191
	19.5634219	41.9462858
	19.5634501	41.9461006
	19.5633558	41.945788
	19.5633602	41.9455862
	19.5635511	41.9454163
	19.5639174	41.9451844
	19.5643239	41.944958
	19.564499	41.9448072
	19.5645487	41.9446227
	19.5646213	41.9446417
	19.564691	41.9446609
	19.5650964	41.9447242
	19.5654632	41.9448257
	19.5658727	41.9449264
	19.5660962	41.9449654
	19.5666291	41.945036
	19.5669436	41.9451097
	19.5672065	41.9451844
	19.5673729	41.9452076
	19.5676667	41.9451728
	19.5677365	41.9450979
	19.5678021	41.9450039
	19.5679976	41.9449911
	19.5683268	41.9451043
	19.5685063	41.9451567
	19.5687103	41.945193
	19.5688051	41.9452453
	19.5689345	41.9452608
	19.5690148	41.9451332
	19.5690607	41.945084
	19.569055	41.9450199
	19.5691071	41.9448945
	19.5690966	41.9447571
	19.5691354	41.9447112
	19.5692356	41.9446396
	19.5693523	41.9444366
	19.569381	41.9443617
	19.5692281	41.9441336
	19.5690953	41.9440175
	19.5691282	41.9439153
	19.5692776	41.943738
	19.5693542	41.9436214
	19.569477	41.9435636
	19.5695505	41.9434591
	19.569664	41.9433585
	19.5697544	41.943301
	19.5698765	41.9432423
	19.5699395	41.9431951
	19.570023	41.9431589
	19.5701219	41.9431311
	19.5702097	41.9430724
	19.5702198	41.9430222
	19.570336	41.9429305
	19.5703735	41.9429228
	19.5704582	41.9428908
	19.5705918	41.9428812
	19.5706937	41.9428839
	19.5709593	41.9429145
	19.5714419	41.9427914
	19.5717286	41.9426356
	19.5718023	41.9424117
	19.5717489	41.9422073
	19.5717589	41.9420507
	19.5719652	41.9416947
	19.5722558	41.941485
	19.572353	41.9415045
	19.5725985	41.9416815
	19.5726771	41.9417983
	19.5729636	41.9419403
	19.5730912	41.9419098
	19.5731832	41.9417749
	19.5733768	41.9417665
	19.5737228	41.9419771
	19.5740666	41.9421101
	19.5742344	41.9425597
	19.574522	41.9426894
	19.5746387	41.9428977
	19.5748285	41.943088
	19.5748945	41.9433703
	19.5752739	41.9436129
	19.5757114	41.9432967
	19.5758829	41.9431154
	19.5761252	41.9429669
	19.5762257	41.9428127
	19.576366	41.9427431
	19.5764756	41.9425471
	19.5764244	41.9424463
	19.5766604	41.942284
	19.5769574	41.9420753
	19.5773538	41.942032
	19.5774894	41.9420931
	19.5776916	41.9420419
	19.5778107	41.9420081
	19.5780136	41.9418359
	19.5784262	41.9413449
	19.578517	41.9411301
	19.578781	41.9409521
	19.5789213	41.940682
	19.5790698	41.9405715
	19.5794082	41.9405899
	19.579829	41.9408846
	19.5802416	41.9410564
	19.581042	41.941259
	19.5814381	41.9414247
	19.5820239	41.9417254
	19.5822055	41.9421305
	19.5826263	41.9423822
	19.5828739	41.9428548
	19.5830554	41.9429223
	19.5832617	41.9427873
	19.5834334	41.9428061
	19.5830595	41.9433518
	19.5832782	41.9434256
	19.5837568	41.9434317
	19.5843757	41.9433274
	19.584714	41.943266
	19.5851018	41.9431248
	19.5862983	41.9431064
	19.5865211	41.9430696
	19.5868924	41.9431003
	19.5871895	41.9431371
	19.587272	41.9432599
	19.5880724	41.9433581
	19.588683	41.9433458
	19.5890874	41.9435422
	19.5896155	41.9437386
	19.5901518	41.9437447
	19.5905258	41.9439437
	19.5909275	41.9440823
	19.5911668	41.9440639
	19.5916619	41.9438736
	19.5920084	41.943622
	19.5920992	41.9436527
	19.5919507	41.9450336
	19.5917774	41.94523
	19.5916949	41.9455614
	19.5917526	41.9458744
	19.5919672	41.9462918
	19.5916866	41.9465434
	19.5914725	41.9468579
	19.5934855	41.9476665
	19.5954821	41.9483631
	19.5983622	41.9452423
	19.5985768	41.9454387
	19.6059822	41.9431268
	19.6197585	41.9388081
	19.6208334	41.9396564
	19.6209362	41.9394934
	19.6209285	41.9392665
	19.6211933	41.9392597
	19.6220435	41.9395498
	19.6226221	41.9374964
	19.6231667	41.9377419
	19.6234307	41.9372508
	19.6239258	41.9375086
	19.6245557	41.9368497
	19.6247561	41.9364872
	19.6254111	41.9357654
	19.6256058	41.9351381
	19.6256159	41.9348114
	19.6264651	41.9329178
	19.6242623	41.9322866
	19.6248828	41.9308363
	19.6225727	41.9301369
	19.6240095	41.9268267
	19.6137928	41.9243838
	19.6144249	41.9237322
	19.6114658	41.9231436
	19.6131785	41.9178724
	19.617209	41.918723
	19.6177041	41.9175687
	19.6201148	41.9181441
	19.6225781	41.912609
	19.6230442	41.9127635
	19.6233995	41.9130546
	19.6237867	41.9132807
	19.6238707	41.9134637
	19.6238665	41.9137331
	19.6239493	41.9139844
	19.6240588	41.9140603
	19.6240778	41.9141651
	19.6239707	41.9143085
	19.6237922	41.9143829
	19.6237992	41.9146086
	19.6239707	41.9148186
	19.6240084	41.9150757
	19.6243563	41.9152171
	19.6246347	41.9153765
	19.6249275	41.9155306
	19.6249925	41.9157192
	19.624906	41.9161628
	19.6247845	41.91647
	19.624906	41.9165454
	19.6256986	41.9165507
	19.6258072	41.9165126
	19.6259628	41.9163328
	19.6264946	41.915935
	19.627094	41.9157651
	19.6274265	41.9155518
	19.6278041	41.9155178
	19.6278906	41.9154137
	19.6279857	41.9151494
	19.628856	41.9143166
	19.6290839	41.9137516
	19.6310537	41.9123063
	19.632662	41.9115312
	19.6404156	41.9134076
	19.6414054	41.9119441
	19.6414921	41.9115998
	19.6413472	41.9101502
	19.6416136	41.9102013
	19.6430862	41.9106545
	19.6452535	41.9112165
	19.6452084	41.9115285
	19.646174	41.9118107
	19.6461844	41.9119773
	19.6474255	41.9123851
	19.649182	41.9129855
	19.649461	41.9130348
	19.6496875	41.9127546
	19.6498317	41.9124648
	19.6498817	41.9122311
	19.650097	41.9117252
	19.6506956	41.9119335
	19.6509884	41.9119601
	19.6511563	41.9121529
	19.6516096	41.9122417
	19.6519347	41.9124028
	19.6522785	41.9122143
	19.6535577	41.9123281
	19.6538133	41.9127301
	19.6540065	41.9128608
	19.6543745	41.9128283
	19.6546385	41.9130617
	19.6550232	41.9129385
	19.6553152	41.9130812
	19.655508	41.9131821
	19.6555462	41.9132827
	19.6558793	41.9133575
	19.6563218	41.9135406
	19.6568169	41.9137003
	19.657279	41.9139213
	19.6576586	41.9140073
	19.6577386	41.9140969
	19.6582889	41.9139888
	19.6583205	41.9142353
	19.6583711	41.9143776
	19.6582283	41.9145901
	19.6581069	41.9146858
	19.6581234	41.91493
	19.6610357	41.9155434
	19.6589922	41.919262
	19.6601011	41.9196599
	19.6603795	41.9192723
	19.6612679	41.9195896
	19.6614285	41.9193579
	19.6616568	41.9194279
	19.6619803	41.9189822
	19.6631239	41.9194037
	19.6629968	41.9195667
	19.6634545	41.9197001
	19.6632091	41.9202019
	19.6639821	41.9201667
	19.6654607	41.9188823
	19.6656825	41.9190212
	19.6671766	41.9196111
	19.6681386	41.9200571
	19.6686222	41.9202489
	19.668958	41.9202892
	19.6691097	41.9203493
	19.669231	41.9206309
	19.669381	41.9208169
	19.6696329	41.9212572
	19.6700526	41.9216579
	19.6702011	41.9218912
	19.6705147	41.9220017
	19.6701657	41.922098
	19.6698711	41.9220999
	19.6696565	41.922014
	19.6694007	41.9216271
	19.6692274	41.9214798
	19.6687901	41.9215166
	19.6685227	41.9220153
	19.6685527	41.9222353
	19.6686266	41.9227212
	19.6688396	41.923027
	19.6689304	41.9229656
	19.6691037	41.9229963
	19.6694573	41.9235555
	19.6701351	41.9243715
	19.6703392	41.9245986
	19.6706233	41.9250243
	19.670787	41.9253477
	19.6709603	41.9255994
	19.6711088	41.9256915
	19.6712374	41.9257309
	19.6714897	41.9256485
	19.6717229	41.9256565
	19.6721485	41.9257345
	19.6724043	41.9257284
	19.6727179	41.9256608
	19.6729621	41.9257931
	19.673114	41.9260046
	19.6732118	41.9264635
	19.6732937	41.926703
	19.6733181	41.9268646
	19.6732366	41.9270589
	19.6732971	41.9272177
	19.6735183	41.9273675
	19.6739474	41.9274596
	19.6743435	41.927564
	19.674591	41.9275578
	19.6748881	41.9275026
	19.6751274	41.9274289
	19.6753419	41.9274412
	19.6755977	41.9277236
	19.6758909	41.9280354
	19.6760926	41.9282116
	19.6762204	41.9283707
	19.6764976	41.9285557
	19.6768107	41.9287243
	19.6770335	41.9288593
	19.6772151	41.9290681
	19.6771573	41.9292706
	19.6767942	41.9293934
	19.6765797	41.9296022
	19.6764064	41.9298477
	19.6763816	41.9300319
	19.6766704	41.9299337
	19.6768602	41.9297925
	19.6772398	41.9297802
	19.6775699	41.9298109
	19.6779164	41.9298845
	19.6778471	41.9301973
	19.6776919	41.9304373
	19.6776359	41.930566
	19.6779742	41.9307133
	19.6786921	41.9308729
	19.6786701	41.9311969
	19.6785766	41.9315789
	19.6781738	41.9318813
	19.6780485	41.9322971
	19.6778092	41.9327698
	19.6779347	41.9331675
	19.6779412	41.9334573
	19.6778009	41.9342553
	19.6789231	41.934421
	19.6796268	41.9345857
	19.6801526	41.9347525
	19.6804497	41.9352866
	19.6805982	41.9356856
	19.6805929	41.9366443
	19.6782639	41.9373744
	19.6760239	41.9380418
	19.6740173	41.9402828
	19.6712132	41.9426541
	19.6656629	41.9448945
	19.6611711	41.9462556
	19.6578181	41.9472698
	19.6548731	41.9505078
	19.6526699	41.9533133
	19.6509818	41.9563364
	19.6502379	41.9594381
	19.6491526	41.9641337
	19.6480312	41.9678251
	19.6470544	41.969092
	19.6459902	41.9715462
	19.6452346	41.9738465
	19.6440311	41.9757318
	19.6447926	41.9766314
	19.6417057	41.9776051
	19.6395951	41.9766846
	19.6392451	41.9763429
	19.6385001	41.9769314
	19.6363435	41.9759758
	19.6325732	41.9751159
	19.6273085	41.9715806
	19.6266776	41.9706629
	19.6221019	41.9693594
	19.6215821	41.9692379
	19.6211276	41.9700486
	19.6185269	41.9694586
	19.6185708	41.9703764
	19.614814	41.9714558
	19.6120705	41.9665521
	19.6052349	41.9686047
	19.6025301	41.9635891
	19.5913296	41.9670247
	19.5941929	41.9720531
	19.5890203	41.973647
	19.5903928	41.9742342
	19.5905216	41.9744071
	19.5903048	41.9746324
	19.589881	41.9746089
	19.5897633	41.9745822
	19.5896875	41.9745625
	19.5896139	41.9745459
	19.5891916	41.9744007
	19.5878243	41.9742554
	19.586146	41.9741961
	19.5853654	41.9739864
	19.584021	41.9738112
	19.5813526	41.9738014
	19.5797466	41.97376
	19.5788734	41.974059
	19.5784023	41.9741273
	19.5778852	41.9741273
	19.5770292	41.974516
	19.5760985	41.974815
	19.575455	41.974926
	19.574668	41.974721
	19.5739843	41.9746569
	19.5733774	41.9745548
	19.5722283	41.9743707
	19.5712611	41.9743537
	19.5702665	41.9741769
	19.5703246	41.9735977
	19.5703132	41.9731791
	19.5703936	41.9726452
	19.5702155	41.9717482
	19.5694686	41.9697449
	19.5693939	41.9693049
	19.5691182	41.96822
	19.5687294	41.9674862
	19.5684058	41.9674425
	19.5674521	41.966349
	19.5671246	41.966067
	19.5666822	41.965909
	19.5664237	41.965657
	19.5662341	41.9655886
	19.5661307	41.9654562
	19.565786	41.9653878
	19.5649529	41.9647898
	19.5653379	41.9646146
	19.5654585	41.964542
	19.5656711	41.9643754
	19.5658205	41.9643754
	19.5663892	41.9637133
	19.5667742	41.9631878
	19.566802	41.9628003
	19.5666363	41.9624509
	19.5663979	41.9621732
	19.5661824	41.9620963
	19.5658808	41.9616371
	19.5656797	41.9614171
	19.5653034	41.9604986
	19.5655578	41.959992
	19.5656136	41.9595224
	19.5655045	41.9593173
	19.565065	41.9591336
	19.5649127	41.9586103
	19.5648237	41.9574525
	19.5647773	41.9572269
	19.5645709	41.9568736
	19.5643813	41.956707
	19.5642262	41.9563011
	19.564005	41.9562007
	19.5638671	41.9559273
	19.563847	41.9554723
	19.5637206	41.9553889
	19.5633242	41.9549467
	19.5626319	41.9545579
	19.5621838	41.9542738
	19.5621493	41.954041
END
END
