3185107
1
	19.8319803	40.8406615
	19.8337254	40.8378067
	19.8378338	40.8356466
	19.8417974	40.8339621
	19.8429552	40.832488
	19.8428693	40.8302675
	19.8432678	40.82825
	19.8429649	40.8256447
	19.8418794	40.8232251
	19.8419389	40.8206369
	19.8429382	40.8183598
	19.8432784	40.8179218
	19.8447809	40.8159875
	19.8468657	40.8163371
	19.8486963	40.8179717
	19.8504091	40.8198797
	19.851155	40.821706
	19.8517158	40.8232109
	19.8525491	40.8248309
	19.8538899	40.8258933
	19.8560033	40.8260178
	19.8590434	40.8253951
	19.8607391	40.8233904
	19.8606134	40.8204356
	19.8595549	40.8177463
	19.8591888	40.8147712
	19.8601046	40.813182
	19.8648346	40.8143929
	19.8697349	40.8154979
	19.8726901	40.8163723
	19.8756454	40.8172466
	19.8802724	40.8180666
	19.8860794	40.8193634
	19.8897418	40.8179468
	19.8941257	40.8166502
	19.8971082	40.8159037
	19.8984167	40.8153526
	19.8998064	40.8155068
	19.9016205	40.8180605
	19.9027313	40.818989
	19.9032635	40.8206554
	19.9041388	40.8231715
	19.9038188	40.8254794
	19.9059188	40.827613
	19.9101495	40.8288407
	19.9119913	40.8306733
	19.9119539	40.8329617
	19.9123311	40.835333
	19.9145057	40.8359059
	19.9168023	40.835375
	19.9182397	40.8339024
	19.9185601	40.8314749
	19.9198722	40.8302506
	19.9201135	40.8292295
	19.9213035	40.8286011
	19.9228298	40.8280184
	19.92435	40.8278193
	19.9254617	40.8285546
	19.9266434	40.8284377
	19.9279485	40.8276396
	19.9287013	40.8262395
	19.9294508	40.8250525
	19.9314297	40.8242607
	19.93256	40.8238448
	19.9335533	40.8249626
	19.9347727	40.8259972
	19.9362818	40.8268748
	19.9386505	40.8283172
	19.9407003	40.8300593
	19.9434659	40.8316379
	19.9459532	40.8326692
	19.9473815	40.8335512
	19.9506757	40.8339594
	19.9530331	40.8343545
	19.9561077	40.8340041
	19.9575362	40.8348635
	19.9586977	40.8361616
	19.9592869	40.8375311
	19.9613869	40.8389773
	19.9631531	40.8403844
	19.9643757	40.841701
	19.9657776	40.8427851
	19.9680378	40.8451735
	19.9704999	40.8465957
	19.9728707	40.8480621
	19.9740895	40.8490184
	19.9748276	40.8501776
	19.9760846	40.8518411
	19.9776106	40.8532413
	19.9790639	40.8537809
	19.9797161	40.8537372
	19.9797199	40.8541424
	19.9789778	40.8550453
	19.9779311	40.8558284
	19.9769218	40.8572107
	19.9760941	40.8586846
	19.9757451	40.859807
	19.9755772	40.8608636
	19.9750086	40.8613718
	19.974509	40.8624524
	19.9740398	40.8635332
	19.9739024	40.8646981
	19.9753176	40.8669123
	19.9753327	40.8682631
	19.977158	40.8693913
	19.9786401	40.8697691
	19.9809767	40.8708928
	19.9836715	40.8715559
	19.9862884	40.8734339
	19.9876387	40.8754177
	19.9880279	40.8775912
	19.9883443	40.8788906
	19.9884874	40.8798194
	19.9870607	40.8799194
	19.9847967	40.8798905
	19.982262	40.8799357
	19.9792157	40.8799808
	19.9755156	40.881024
	19.9697594	40.881549
	19.9670947	40.8807463
	19.9656279	40.8791799
	19.9641785	40.8786942
	19.9629293	40.8780931
	19.9612241	40.8768712
	19.95892	40.8759049
	19.9568316	40.8753503
	19.9538766	40.8746985
	19.9507456	40.8744632
	19.9481694	40.8736124
	19.9452445	40.8732754
	19.9431512	40.872067
	19.9411827	40.8715836
	19.9384722	40.8706279
	19.9360326	40.8697781
	19.9331176	40.8684592
	19.9297862	40.8675417
	19.9267636	40.8664808
	19.9241543	40.8651138
	19.9226581	40.8645144
	19.921395	40.864606
	19.9200823	40.8644216
	19.9184527	40.8641997
	19.9159556	40.864314
	19.9144139	40.8642651
	19.9121464	40.8642093
	19.9095563	40.8644602
	19.9073631	40.8642987
	19.9060448	40.8644583
	19.903411	40.8646055
	19.9010052	40.8646859
	19.8977226	40.865653
	19.8940788	40.8665132
	19.8921036	40.8679747
	19.8881907	40.8681988
	19.8842289	40.8667971
	19.8794042	40.8650289
	19.8756054	40.8633525
	19.8730045	40.8627644
	19.8718713	40.8610539
	19.8708197	40.8599175
	19.8696067	40.8588352
	19.8703913	40.8573075
	19.8733465	40.8560122
	19.8729645	40.8540176
	19.8682249	40.8538046
	19.8638534	40.8540183
	19.8633118	40.8516448
	19.8605497	40.8502939
	19.8562755	40.8511745
	19.8514577	40.8495013
	19.8481866	40.8485638
	19.8475764	40.848238
	19.8483906	40.8478274
	19.8489322	40.8452846
	19.8465539	40.8431763
	19.8440095	40.8423449
	19.8409866	40.8418239
	19.8387646	40.842756
	19.8354474	40.8430602
	19.833363	40.8427105
	19.8319803	40.8406615
END
END
