3185567
1
	19.6734341	41.0516088
	19.6735643	41.0505569
	19.6743783	41.0492233
	19.6775329	41.04788
	19.6775677	41.046366
	19.6753886	41.0450533
	19.6751556	41.0447949
	19.675779	41.0446036
	19.6769835	41.043575
	19.6778522	41.043446
	19.6772662	41.0425312
	19.6770606	41.0418386
	19.677077	41.0408263
	19.6763366	41.0401184
	19.67752	41.0391667
	19.6776999	41.0388452
	19.6791713	41.0372973
	19.6784108	41.0370173
	19.6793091	41.0367524
	19.6799148	41.0356047
	19.6806355	41.0346363
	19.6815239	41.0345467
	19.6815354	41.034041
	19.6810923	41.0319072
	19.6825235	41.0304302
	19.6838196	41.0292715
	19.6846424	41.0282385
	19.6848249	41.0269873
	19.6843667	41.0254511
	19.6842706	41.024634
	19.6849857	41.0246788
	19.6859012	41.0248897
	19.6865007	41.0245965
	19.688497	41.0243031
	19.6898689	41.0235756
	19.6914225	41.0227227
	19.6935215	41.0218245
	19.6972936	41.0215326
	19.6979747	41.0205679
	19.6986497	41.0193239
	19.6990026	41.0187247
	19.6995061	41.018037
	19.7000957	41.0170937
	19.7005706	41.0165183
	19.7010761	41.0159388
	19.701759	41.0151766
	19.7029928	41.0146637
	19.7051825	41.0134953
	19.7067484	41.0129817
	19.7075859	41.0136529
	19.7090831	41.0131519
	19.7103114	41.0123643
	19.710939	41.0118986
	19.7116885	41.0114072
	19.7138648	41.0111839
	19.7154726	41.0096126
	19.7175271	41.0092708
	19.7187342	41.0090322
	19.7199455	41.0090681
	19.7210096	41.009287
	19.722135	41.0096417
	19.7235371	41.0101299
	19.7246946	41.010647
	19.7262207	41.0112986
	19.7276223	41.0118544
	19.7284446	41.0121921
	19.7295375	41.0123617
	19.7308077	41.0122812
	19.731891	41.0118879
	19.7335426	41.0110912
	19.7343497	41.0103977
	19.7351316	41.0100687
	19.737428	41.0098192
	19.739242	41.009596
	19.7408156	41.0096267
	19.7423355	41.0099089
	19.7435487	41.0101067
	19.7443402	41.0103044
	19.7451319	41.0106147
	19.7462875	41.0109469
	19.7474149	41.0112788
	19.7487215	41.0115902
	19.7502492	41.0124441
	19.7510807	41.0132815
	19.7524921	41.0144133
	19.7536268	41.0152945
	19.7539473	41.0163244
	19.7546987	41.0178272
	19.755189	41.0181882
	19.7568046	41.0187684
	19.7575961	41.0190336
	19.7582653	41.0193244
	19.7593259	41.0192728
	19.7599933	41.019379
	19.7606534	41.0190485
	19.7611644	41.0188199
	19.7613669	41.0182458
	19.761443	41.0174182
	19.7615519	41.0166405
	19.7619886	41.0155377
	19.7620708	41.0150569
	19.7623032	41.0145281
	19.7627441	41.0137
	19.7631904	41.0132365
	19.7638235	41.0130497
	19.7642241	41.0134592
	19.7656546	41.0138797
	19.7672415	41.0146846
	19.768155	41.0150005
	19.7689789	41.0154055
	19.7704476	41.016236
	19.771182	41.0167751
	19.7719755	41.0171572
	19.7726466	41.01743
	19.7738619	41.017623
	19.7749546	41.0178192
	19.7757099	41.0176967
	19.7770318	41.017112
	19.7781475	41.0168267
	19.7790535	41.0167282
	19.7801981	41.0163261
	19.7811305	41.0159308
	19.7824561	41.0155982
	19.783925	41.0147133
	19.7848769	41.0136743
	19.7861679	41.0129991
	19.787402	41.0125529
	19.7889908	41.0115791
	19.790158	41.010763
	19.7913043	41.0105229
	19.7930058	41.0109234
	19.7939784	41.0111407
	19.7950143	41.0114757
	19.7963835	41.0119672
	19.7976597	41.0121786
	19.7991148	41.0122838
	19.8006026	41.0125649
	19.8016288	41.0123505
	19.8020752	41.0119905
	19.8022887	41.0119522
	19.8026818	41.0118887
	19.8034467	41.0123604
	19.8040551	41.0126323
	19.8047319	41.0132877
	19.8053196	41.013924
	19.805598	41.0142871
	19.8058479	41.0148299
	19.8060386	41.0153587
	19.8061092	41.0159537
	19.8059681	41.016524
	19.8058858	41.0170274
	19.8058058	41.0177153
	19.8056971	41.0184481
	19.8057125	41.0193847
	19.8055425	41.0200762
	19.8053994	41.020651
	19.8054414	41.0212907
	19.8053325	41.022091
	19.805258	41.0229861
	19.8053611	41.023739
	19.8052908	41.0249989
	19.8051817	41.0257091
	19.8052199	41.0261642
	19.8054698	41.026644
	19.8058074	41.0269626
	19.8061468	41.0273038
	19.8065781	41.027781
	19.8071351	41.0284621
	19.8073752	41.0285771
	19.8054461	41.0287447
	19.8009876	41.0291321
	19.7896884	41.0320979
	19.7809107	41.0350398
	19.7721161	41.0370309
	19.7671037	41.0389808
	19.7645993	41.0399579
	19.7595716	41.0409574
	19.7554917	41.043331
	19.7545113	41.0437841
	19.7540362	41.0440041
	19.7523111	41.0444574
	19.7518788	41.0435595
	19.7465414	41.0443512
	19.7422185	41.0450584
	19.7402025	41.0455601
	19.7382096	41.0467076
	19.7376268	41.0482185
	19.7381989	41.0500538
	19.7395885	41.0498271
	19.7422484	41.0491124
	19.7395578	41.0506763
	19.7345623	41.0535839
	19.7283041	41.0565043
	19.7220176	41.0575152
	19.718266	41.0594545
	19.7144836	41.0594889
	19.7088666	41.061542
	19.7088856	41.0609705
	19.7090212	41.0600086
	19.7089791	41.0592292
	19.7089086	41.0586342
	19.7088419	41.0582463
	19.7085025	41.0579048
	19.708012	41.0575707
	19.7077319	41.0570678
	19.7069117	41.0569595
	19.7062747	41.0568984
	19.705033	41.0568664
	19.7042509	41.0571908
	19.7032266	41.0575214
	19.7015899	41.0574219
	19.7007167	41.0576147
	19.6999309	41.0577814
	19.6991486	41.0580157
	19.6973082	41.0584271
	19.6966139	41.0585948
	19.6953188	41.0589493
	19.6946855	41.0590907
	19.6941135	41.0592553
	19.6931751	41.0593572
	19.6925701	41.0593639
	19.6917827	41.0593684
	19.6909643	41.0592646
	19.6900508	41.0589751
	19.6894996	41.0586132
	19.6879698	41.0576638
	19.6875387	41.0571907
	19.687228	41.0567595
	19.6868884	41.0563954
	19.6863965	41.0558946
	19.6858107	41.0552802
	19.6848286	41.0545126
	19.6841229	41.0539058
	19.683663	41.0536124
	19.683177	41.0534763
	19.6826275	41.0531819
	19.680661	41.0532494
	19.6793337	41.0535809
	19.6786779	41.0536321
	19.6781099	41.0539722
	19.6775853	41.0545232
	19.6774307	41.0549136
	19.6770058	41.054893
	19.677088	41.0545933
	19.676859	41.0543774
	19.6775416	41.0539744
	19.6777797	41.0536606
	19.6775372	41.0535527
	19.6772684	41.0535355
	19.6770518	41.0533557
	19.6768185	41.0531393
	19.6765665	41.0528048
	19.6762079	41.052826
	19.6758947	41.05272
	19.6749867	41.0527505
	19.6736571	41.0526822
	19.6734341	41.0516088
END
END
