3186153
1
	19.7067484	41.0129817
	19.7068862	41.0117917
	19.7072507	41.0108025
	19.7076177	41.0096913
	19.7081943	41.009018
	19.7086617	41.0080238
	19.7096442	41.0069408
	19.7109028	41.0062436
	19.7122629	41.0060022
	19.7135903	41.0057604
	19.7148205	41.0051303
	19.7159897	41.004387
	19.7170312	41.0033721
	19.7179239	41.0023331
	19.7187573	41.00155
	19.7193145	41.0003946
	19.7193765	41.0001432
	19.721029	40.9992746
	19.7217748	40.9985626
	19.7227933	40.9978625
	19.7236289	40.997174
	19.7247655	40.9962231
	19.7257709	40.994636
	19.7263279	40.993233
	19.7270049	40.9917863
	19.7276211	40.9904064
	19.7285404	40.9889084
	19.729124	40.9873481
	19.7304953	40.9859405
	19.7318018	40.9841451
	19.7328701	40.9826711
	19.7336981	40.9811991
	19.7344551	40.9789518
	19.7350349	40.9769727
	19.735678	40.9753005
	19.7369234	40.9734818
	19.738556	40.9711316
	19.7398322	40.9694257
	19.7414513	40.968498
	19.7427179	40.9684623
	19.7475113	40.9686019
	19.7471984	40.9694651
	19.7483732	40.9695413
	19.7511885	40.9703417
	19.7526438	40.9709472
	19.754284	40.9717573
	19.7560443	40.9726363
	19.7575015	40.9734038
	19.7589281	40.9741035
	19.760662	40.9753467
	19.7623062	40.9765665
	19.7637671	40.9775861
	19.7649533	40.9784227
	19.7669064	40.9801724
	19.7681957	40.9820591
	19.7692374	40.9832858
	19.7704522	40.9840326
	19.7724396	40.9836486
	19.7751823	40.9833986
	19.7780109	40.9827579
	19.7783299	40.990048
	19.7795071	40.9911183
	19.7809175	40.9909268
	19.7810857	40.9905396
	19.7813826	40.9894398
	19.7818058	40.9893729
	19.7835253	40.9893702
	19.784365	40.9885738
	19.784831	40.9884645
	19.7852672	40.9884535
	19.7858364	40.9892681
	19.7860407	40.9894104
	19.7866903	40.9892693
	19.7873828	40.9889014
	19.7875877	40.9889998
	19.7881627	40.9904481
	19.7874524	40.9906539
	19.7872785	40.9908922
	19.7871346	40.9915873
	19.7871839	40.9923958
	19.7898593	40.9922366
	19.7907177	40.9941211
	19.7903932	40.9943101
	19.7892963	40.9943047
	19.7882825	40.9945206
	19.7890297	40.9965597
	19.7969198	40.9970258
	19.7975603	40.9975863
	19.7987617	40.9988549
	19.7994563	40.9997536
	19.8000149	41.000016
	19.800454	41.0000521
	19.8009502	41.0007326
	19.8010548	41.0015755
	19.8009499	41.0024479
	19.8000899	41.003623
	19.7996207	41.0044284
	19.7992926	41.0047987
	19.7991572	41.0056932
	19.7991989	41.0064455
	19.7996759	41.0077471
	19.8000173	41.0083404
	19.800576	41.0091791
	19.8015925	41.0101531
	19.8020638	41.011225
	19.8022887	41.0119522
	19.8020752	41.0119905
	19.8016288	41.0123505
	19.8006026	41.0125649
	19.7991148	41.0122838
	19.7976597	41.0121786
	19.7963835	41.0119672
	19.7950143	41.0114757
	19.7939784	41.0111407
	19.7930058	41.0109234
	19.7913043	41.0105229
	19.790158	41.010763
	19.7889908	41.0115791
	19.787402	41.0125529
	19.7861679	41.0129991
	19.7848769	41.0136743
	19.783925	41.0147133
	19.7824561	41.0155982
	19.7811305	41.0159308
	19.7801981	41.0163261
	19.7790535	41.0167282
	19.7781475	41.0168267
	19.7770318	41.017112
	19.7757099	41.0176967
	19.7749546	41.0178192
	19.7738619	41.017623
	19.7726466	41.01743
	19.7719755	41.0171572
	19.771182	41.0167751
	19.7704476	41.016236
	19.7689789	41.0154055
	19.768155	41.0150005
	19.7672415	41.0146846
	19.7656546	41.0138797
	19.7642241	41.0134592
	19.7638235	41.0130497
	19.7631904	41.0132365
	19.7627441	41.0137
	19.7623032	41.0145281
	19.7620708	41.0150569
	19.7619886	41.0155377
	19.7615519	41.0166405
	19.761443	41.0174182
	19.7613669	41.0182458
	19.7611644	41.0188199
	19.7606534	41.0190485
	19.7599933	41.019379
	19.7593259	41.0192728
	19.7582653	41.0193244
	19.7575961	41.0190336
	19.7568046	41.0187684
	19.755189	41.0181882
	19.7546987	41.0178272
	19.7539473	41.0163244
	19.7536268	41.0152945
	19.7524921	41.0144133
	19.7510807	41.0132815
	19.7502492	41.0124441
	19.7487215	41.0115902
	19.7474149	41.0112788
	19.7462875	41.0109469
	19.7451319	41.0106147
	19.7443402	41.0103044
	19.7435487	41.0101067
	19.7423355	41.0099089
	19.7408156	41.0096267
	19.739242	41.009596
	19.737428	41.0098192
	19.7351316	41.0100687
	19.7343497	41.0103977
	19.7335426	41.0110912
	19.731891	41.0118879
	19.7308077	41.0122812
	19.7295375	41.0123617
	19.7284446	41.0121921
	19.7276223	41.0118544
	19.7262207	41.0112986
	19.7246946	41.010647
	19.7235371	41.0101299
	19.722135	41.0096417
	19.7210096	41.009287
	19.7199455	41.0090681
	19.7187342	41.0090322
	19.7175271	41.0092708
	19.7154726	41.0096126
	19.7138648	41.0111839
	19.7116885	41.0114072
	19.710939	41.0118986
	19.7103114	41.0123643
	19.7090831	41.0131519
	19.7075859	41.0136529
	19.7067484	41.0129817
END
END
