3344005
1
	19.553943	40.4885258
	19.5542678	40.4868156
	19.5542876	40.4858928
	19.5547266	40.4842281
	19.5543812	40.4827947
	19.5547758	40.4819892
	19.5553996	40.4797773
	19.5555006	40.4791572
	19.5556897	40.4784662
	19.5558786	40.4777527
	19.5563783	40.4744677
	19.5565118	40.473893
	19.5568019	40.4706369
	19.5569639	40.4700581
	19.5571565	40.4694617
	19.5577917	40.4656921
	19.5578606	40.4650041
	19.5578739	40.4645
	19.5576832	40.4612063
	19.5576376	40.4607015
	19.557624	40.4602691
	19.5575155	40.4597454
	19.5591633	40.4604909
	19.5597719	40.4607326
	19.5631305	40.4624178
	19.5638913	40.4627289
	19.5648318	40.4629612
	19.5691482	40.4645636
	19.5699376	40.464776
	19.5708436	40.4649673
	19.5740461	40.4664296
	19.5747766	40.4667313
	19.5775001	40.4673276
	19.5779483	40.4672521
	19.5784558	40.4671053
	19.579972	40.4656156
	19.5804375	40.4651035
	19.5809334	40.4646143
	19.5823431	40.4635601
	19.5831135	40.4632273
	19.5853509	40.4626154
	19.5859499	40.4625822
	19.588622	40.4624438
	19.5893372	40.4622994
	19.5900831	40.4620969
	19.59245	40.4608696
	19.5929822	40.4605609
	19.5935431	40.4602345
	19.5958299	40.4583398
	19.5962973	40.4579177
	19.5981854	40.4558245
	19.5987712	40.4553093
	19.5994442	40.4547231
	19.6023302	40.4508274
	19.6029655	40.4499436
	19.6035969	40.4490193
	19.6064961	40.4445473
	19.6070433	40.4438065
	19.6075623	40.4430878
	19.609302	40.4400111
	19.6096681	40.439205
	19.6102785	40.4366055
	19.6104674	40.4358918
	19.6106543	40.4351332
	19.6108547	40.4308897
	19.6108871	40.4299941
	19.6108888	40.4291252
	19.6107212	40.4256022
	19.6107344	40.4250486
	19.6107993	40.4242209
	19.6110435	40.4233954
	19.6126571	40.421168
	19.6145762	40.4209524
	19.6151464	40.4209412
	19.6157472	40.4209079
	19.6191421	40.4209215
	19.6199239	40.4209308
	19.6238685	40.4210904
	19.6244695	40.4211066
	19.629995	40.4209651
	19.6311049	40.4209017
	19.6322761	40.420812
	19.636764	40.4201401
	19.6374543	40.4201077
	19.6381144	40.420075
	19.6420644	40.4195271
	19.6428122	40.4193963
	19.6438573	40.4191519
	19.6472831	40.4181295
	19.647821	40.4180773
	19.6485703	40.4180185
	19.6539073	40.418549
	19.6548131	40.4186901
	19.6555991	40.4187893
	19.6591121	40.4196721
	19.6596272	40.4198041
	19.6603538	40.4199972
	19.6644336	40.4206612
	19.66554	40.4204579
	19.6677752	40.4198488
	19.6684276	40.4195862
	19.6689904	40.4192775
	19.6694309	40.4189719
	19.6702454	40.4181078
	19.6705068	40.4178091
	19.6707392	40.4175056
	19.6709685	40.417157
	19.6727061	40.4140568
	19.6730282	40.4137948
	19.6742373	40.4149748
	19.6749394	40.4153296
	19.6767378	40.4161426
	19.6772547	40.4162971
	19.6779187	40.4163993
	19.6818001	40.4165427
	19.6824904	40.416528
	19.6835129	40.4164856
	19.6844705	40.416357
	19.6862975	40.4161436
	19.6868392	40.4161543
	19.6875907	40.4161898
	19.6885846	40.4162191
	19.6948119	40.4174197
	19.695752	40.4176779
	19.6966926	40.4179137
	19.6998948	40.4194176
	19.7004173	40.4197971
	19.7010927	40.4202685
	19.7039309	40.4226236
	19.7042414	40.4229423
	19.7047659	40.4234164
	19.70703	40.4256885
	19.7074708	40.4263013
	19.70794	40.4269144
	19.7102857	40.4298987
	19.7106005	40.430303
	19.7109438	40.4307075
	19.7123019	40.4328883
	19.7124335	40.43325
	19.7126851	40.4335905
	19.7142988	40.4352384
	19.7148765	40.4354789
	19.7156662	40.4357398
	19.7200778	40.4374322
	19.7208714	40.4378282
	19.7216343	40.4382058
	19.7255155	40.4402703
	19.7263377	40.4406486
	19.7272207	40.4409735
	19.7305434	40.4424733
	19.7309115	40.442698
	19.7313998	40.442942
	19.7334139	40.4439141
	19.7340833	40.4442006
	19.7362117	40.4450163
	19.7373811	40.4459071
	19.7396604	40.448647
	19.7432174	40.4532602
	19.7439094	40.4557621
	19.744844	40.4607926
	19.7466464	40.4657784
	19.7502684	40.4680553
	19.7519601	40.473229
	19.7514258	40.4758301
	19.7507798	40.477844
	19.7498805	40.4799987
	19.7480891	40.4839146
	19.7465872	40.4861283
	19.7468661	40.4896076
	19.7471685	40.4918409
	19.7446693	40.4922073
	19.7429177	40.4939591
	19.7400696	40.494584
	19.7369751	40.4946158
	19.7352368	40.4956463
	19.7327596	40.4948321
	19.729783	40.4931596
	19.727306	40.4923453
	19.7245637	40.4919216
	19.7221641	40.4915671
	19.7195471	40.4912783
	19.7181734	40.4923476
	19.7176084	40.4935808
	19.7171809	40.4947122
	19.7169464	40.4963622
	19.7181349	40.4979248
	19.7190704	40.4985549
	19.7205394	40.4996041
	19.721587	40.5010284
	19.7176654	40.5015477
	19.7171543	40.50156
	19.7163439	40.5015465
	19.7151098	40.5015013
	19.714595	40.5013965
	19.7126914	40.5010827
	19.7120254	40.5009582
	19.7099675	40.5004895
	19.7095135	40.5003809
	19.7090884	40.50025
	19.7064277	40.4997475
	19.7058841	40.4996649
	19.7053423	40.4996003
	19.7016632	40.4992078
	19.7010567	40.4990795
	19.6979476	40.4986302
	19.6974937	40.4985216
	19.6969178	40.498371
	19.6936561	40.4979244
	19.6926302	40.4977553
	19.6893703	40.4973086
	19.6886131	40.4971604
	19.6878577	40.4970123
	19.684684	40.4964224
	19.684169	40.496295
	19.6811097	40.4955712
	19.6805927	40.4953717
	19.6800456	40.4951719
	19.6778522	40.4942058
	19.6770893	40.4938053
	19.6743714	40.4924324
	19.6738524	40.4922104
	19.6712472	40.4915186
	19.6707016	40.4913907
	19.6675699	40.4912151
	19.6669384	40.4912033
	19.6663662	40.4911922
	19.6632363	40.491039
	19.662542	40.4909364
	19.6593684	40.4903683
	19.658733	40.4902394
	19.6582182	40.4901389
	19.6562765	40.489549
	19.65579	40.4893272
	19.6553913	40.489084
	19.6541936	40.4882821
	19.6537282	40.4868224
	19.6535662	40.4864783
	19.6528757	40.4835617
	19.6526468	40.4829692
	19.6523305	40.4824252
	19.649456	40.4798613
	19.648779	40.4793671
	19.6481341	40.4789453
	19.647524	40.4786095
	19.6449129	40.477809
	19.6444606	40.4777226
	19.6439457	40.4776401
	19.6414032	40.4770429
	19.6409495	40.4769565
	19.6379455	40.4770067
	19.6374379	40.4771043
	19.6369592	40.4772337
	19.6347601	40.4780272
	19.6343442	40.4781663
	19.6325437	40.4792527
	19.6312886	40.4804445
	19.6310274	40.4807475
	19.6292819	40.4826764
	19.6287728	40.4846784
	19.628727	40.4851146
	19.6292247	40.4876464
	19.6292687	40.4880341
	19.6293086	40.4883768
	19.6295968	40.4908971
	19.6295186	40.4912608
	19.6290013	40.4930602
	19.6288354	40.4934994
	19.628666	40.4938891
	19.6277634	40.495783
	19.6275021	40.496086
	19.6260793	40.4977125
	19.6256712	40.4981309
	19.6245459	40.4996393
	19.624256	40.4999915
	19.6229552	40.5016825
	19.6225792	40.5021507
	19.6219726	40.503922
	19.6217457	40.504383
	19.6215799	40.5048448
	19.6211546	40.5066407
	19.6210459	40.5070311
	19.6209673	40.5073768
	19.6205652	40.5089389
	19.6202197	40.5094976
	19.6189839	40.5113288
	19.6179025	40.5132699
	19.6177019	40.5135917
	19.6163192	40.5155877
	19.6146844	40.5171034
	19.6143317	40.5173648
	19.6139482	40.5175989
	19.6102076	40.5167629
	19.6064412	40.5148663
	19.6044826	40.5130219
	19.6006248	40.5092589
	19.5962127	40.5051317
	19.5909686	40.5004939
	19.5862707	40.4966488
	19.5850514	40.4967053
	19.5830825	40.4963333
	19.5810226	40.4948312
	19.5803111	40.4941561
	19.574013	40.4927053
	19.5678619	40.4911119
	19.5620637	40.4901845
	19.5571925	40.4891873
	19.5557182	40.4890315
	19.5549175	40.4887577
	19.553943	40.4885258
END
END
