363243
1
	19.9737175	39.8774437
	19.9756474	39.8771764
	19.9788708	39.8770689
	19.9809323	39.8768589
	19.981232	39.8767162
	19.9813384	39.876493
	19.9811398	39.8764015
	19.9813041	39.8760276
	19.9801154	39.8749294
	19.9794107	39.8747268
	19.9788002	39.8746568
	19.9784205	39.874562
	19.9780091	39.8742823
	19.978085	39.8739047
	19.9784657	39.8736304
	19.9806763	39.8724276
	19.981865	39.8720884
	19.9829773	39.8720692
	19.9834838	39.8717602
	19.9831925	39.8710487
	19.983241	39.8703779
	19.9835854	39.8700628
	19.9838819	39.8700321
	19.9852584	39.8703508
	19.9860927	39.8703203
	19.9865562	39.870117
	19.987236	39.8700188
	19.9882412	39.8701779
	19.9886663	39.8703915
	19.9887506	39.8707059
	19.988525	39.8713977
	19.9886001	39.8715197
	19.9883529	39.8724615
	19.9876201	39.8736642
	19.9877087	39.8738429
	19.9879556	39.8739657
	19.9880041	39.8740775
	19.9882558	39.8741588
	19.9884456	39.8739691
	19.9892446	39.8739589
	19.9895977	39.8738946
	19.9898909	39.8740426
	19.9899417	39.8739952
	19.9897346	39.8738675
	19.9893874	39.8734583
	19.989445	39.8733598
	19.989081	39.873184
	19.9891385	39.8731119
	19.989038	39.8730748
	19.9891868	39.8728165
	19.9896746	39.8722186
	19.9897608	39.8722668
	19.9898346	39.8722092
	19.9898866	39.872232
	19.9901792	39.8719725
	19.9902114	39.8719961
	19.9904002	39.8718362
	19.9907819	39.8716764
	19.9907827	39.8715762
	19.9907021	39.8714697
	19.9914298	39.8711508
	19.9915042	39.8712736
	19.9919335	39.8711883
	19.9919857	39.8712139
	19.9920595	39.871112
	19.9925149	39.870965
	19.9925557	39.8709905
	19.9927099	39.8709638
	19.9927381	39.8709432
	19.9927555	39.8708732
	19.9927823	39.8708784
	19.9927823	39.8709648
	19.9930586	39.8709741
	19.9930854	39.8708773
	19.9931783	39.8709187
	19.9936028	39.8710893
	19.9936299	39.8710461
	19.9936762	39.8710528
	19.9936889	39.8711146
	19.9936567	39.8711516
	19.9939683	39.8711465
	19.9942258	39.8709966
	19.9943987	39.870751
	19.9942844	39.8705922
	19.9942186	39.8705994
	19.9942022	39.8705593
	19.9945454	39.8704299
	19.9944962	39.8703946
	19.9944735	39.8703529
	19.9944667	39.8703107
	19.9944781	39.870252
	19.9944406	39.8702129
	19.994431	39.8701676
	19.99446	39.8701151
	19.9944895	39.8700925
	19.9945218	39.870082
	19.9947403	39.8700227
	19.9947866	39.8700854
	19.9945985	39.8701952
	19.9946953	39.8703629
	19.9949075	39.8702623
	19.9948545	39.8701664
	19.9951469	39.8699218
	19.9951869	39.8699772
	19.9952634	39.8699618
	19.9953264	39.8699268
	19.9953608	39.8698782
	19.9956938	39.8695857
	19.9957703	39.8695645
	19.9957482	39.8695099
	19.9959793	39.8695184
	19.9962883	39.8695807
	19.9964819	39.8697101
	19.9964315	39.8697451
	19.9966089	39.8699085
	19.9968095	39.8700026
	19.997226	39.8700152
	19.9975993	39.8699497
	19.997801	39.8698589
	19.9977873	39.8698007
	19.9978061	39.8697935
	19.9978973	39.8698779
	19.9983142	39.8696232
	19.9982954	39.8694322
	19.9979645	39.8693388
	19.9981581	39.8689578
	19.9980649	39.8688959
	19.9980564	39.8688322
	19.998073	39.8687899
	19.9981362	39.8687782
	19.9984421	39.8688956
	19.99862	39.8688452
	19.9987771	39.8686828
	19.9985866	39.8685923
	19.9986403	39.868547
	19.9988334	39.8686314
	19.9989357	39.8685115
	19.999554	39.8681347
	19.999725	39.8681672
	20.0001558	39.8679492
	20.0004086	39.8680115
	20.0007863	39.8679325
	20.0016143	39.8681245
	20.002013	39.8680666
	20.0020286	39.8683206
	20.0024749	39.8686081
	20.002882	39.8691179
	20.003023	39.8691038
	20.0030686	39.8691635
	20.003209	39.8691439
	20.0037194	39.8707371
	20.0031399	39.8707834
	20.0031555	39.8710445
	20.0032993	39.871041
	20.003306	39.8710739
	20.0034288	39.8710743
	20.0034739	39.8715069
	20.0032054	39.8715117
	20.0032101	39.8717145
	20.0033056	39.8717196
	20.0033011	39.8717412
	20.0030142	39.8717284
	20.0029728	39.8717521
	20.0029671	39.871878
	20.0030244	39.8718751
	20.0030155	39.8720158
	20.0029606	39.8720147
	20.0029554	39.8721475
	20.0029944	39.8721594
	20.0032727	39.8721783
	20.0032695	39.8722437
	20.003555	39.8724579
	20.0069731	39.8732279
	20.0070168	39.8731829
	20.0070423	39.8731911
	20.0069578	39.8733373
	20.0071523	39.8734077
	20.0074386	39.8734552
	20.0074661	39.8734855
	20.0074641	39.8735175
	20.0074595	39.8735553
	20.0076959	39.8736921
	20.0079629	39.8737199
	20.0079804	39.8737038
	20.0081186	39.873706
	20.0081498	39.8736006
	20.0082965	39.873591
	20.0082777	39.8734593
	20.0075419	39.8732385
	20.0074982	39.8732519
	20.00744	39.8732418
	20.0074161	39.8732064
	20.0074091	39.8731608
	20.0074381	39.8731239
	20.007479	39.8730884
	20.0075342	39.873071
	20.0087023	39.8734641
	20.0088152	39.873467
	20.0089016	39.8734811
	20.0089976	39.8735287
	20.0090378	39.8735719
	20.009055	39.8736054
	20.0089922	39.8736326
	20.0089344	39.8735818
	20.0088829	39.8735511
	20.0087511	39.8735345
	20.0086845	39.8735563
	20.0086082	39.8735966
	20.0085325	39.8736649
	20.0085021	39.8737188
	20.0085006	39.8738482
	20.0090343	39.8738637
	20.0089995	39.8737204
	20.0093274	39.8736569
	20.0105715	39.873394
	20.0106421	39.8731903
	20.0107056	39.873201
	20.0106428	39.8733754
	20.0112999	39.8733364
	20.0115472	39.8732775
	20.0123853	39.8729341
	20.012764	39.8726968
	20.0130304	39.8724044
	20.0136167	39.8716126
	20.0135542	39.8715964
	20.0136568	39.8714204
	20.0135713	39.8713653
	20.0136465	39.8712603
	20.013751	39.8712864
	20.0137746	39.8710539
	20.013585	39.8709609
	20.0135249	39.8708719
	20.0136089	39.870659
	20.0136621	39.870633
	20.0139942	39.8706939
	20.0141753	39.8703992
	20.0140629	39.8700614
	20.0137937	39.8698398
	20.0136876	39.8698739
	20.0134298	39.8694957
	20.0134761	39.8690744
	20.013676	39.8687819
	20.0138621	39.8686634
	20.0140366	39.8684927
	20.0139681	39.8684376
	20.0140543	39.868364
	20.0142213	39.8684245
	20.0143308	39.8684166
	20.0144328	39.8683659
	20.0148495	39.8678214
	20.0150884	39.8672297
	20.0153115	39.8670164
	20.0158171	39.8668199
	20.0160918	39.8666259
	20.016076	39.8664594
	20.0156891	39.8661204
	20.0155424	39.8658999
	20.0155066	39.8655483
	20.0157172	39.8647595
	20.0161605	39.8641174
	20.0165038	39.8639114
	20.01656	39.8637077
	20.0164757	39.8635112
	20.0165406	39.8634079
	20.0173214	39.8633734
	20.0174059	39.8630991
	20.0176491	39.8630448
	20.0175446	39.8624449
	20.0178585	39.8619155
	20.0186038	39.8615616
	20.0183829	39.86141
	20.0180927	39.8607703
	20.0180864	39.8603557
	20.0186139	39.8596973
	20.0197554	39.8589235
	20.0197847	39.8587125
	20.0195624	39.858517
	20.0191317	39.858581
	20.0189887	39.858493
	20.0190298	39.8583854
	20.0194466	39.8580655
	20.0192614	39.8578415
	20.0193339	39.8574247
	20.0190752	39.8570031
	20.0196273	39.85568
	20.0196534	39.8554379
	20.0197801	39.8542615
	20.01997	39.8542722
	20.0202108	39.8538109
	20.0200857	39.8531238
	20.0199005	39.8530243
	20.0198866	39.8528145
	20.0201691	39.8527114
	20.0205025	39.8527363
	20.0208082	39.8529994
	20.0212574	39.8529958
	20.0212942	39.8528706
	20.0210444	39.8527683
	20.0205768	39.8516077
	20.0201459	39.8504218
	20.0201977	39.8501012
	20.0206307	39.8500106
	20.020901	39.8499541
	20.0215307	39.8496822
	20.0218	39.8492422
	20.0208753	39.849309
	20.0204841	39.8497069
	20.0203267	39.8496675
	20.0200506	39.8491176
	20.0194096	39.8489391
	20.0190268	39.8486093
	20.0188446	39.8479898
	20.0191281	39.8475452
	20.0204784	39.8461214
	20.0207139	39.8460059
	20.0208449	39.8457973
	20.0209796	39.8455827
	20.021012	39.8453089
	20.0209236	39.8449612
	20.02022	39.844804
	20.0198019	39.8443746
	20.0199978	39.8434528
	20.0199458	39.84292
	20.0178447	39.8435952
	20.0168031	39.8436436
	20.0160296	39.8434525
	20.0153034	39.843149
	20.0142881	39.8423864
	20.0143329	39.8421785
	20.0132605	39.8415291
	20.0127378	39.8411523
	20.0122183	39.8408938
	20.0117384	39.8402592
	20.0118911	39.8400814
	20.0122809	39.8401082
	20.0119051	39.8398677
	20.0118842	39.8396218
	20.0116038	39.8393619
	20.0117728	39.83872
	20.0119956	39.8384033
	20.0119956	39.8381627
	20.0122181	39.8378047
	20.0121381	39.8376336
	20.0118453	39.8375565
	20.0106024	39.8379863
	20.0101983	39.8379546
	20.0098585	39.8378287
	20.0097388	39.8375516
	20.0098996	39.8370527
	20.0095279	39.8371125
	20.0092599	39.8372862
	20.0089613	39.8369316
	20.0086787	39.8361451
	20.0088736	39.8360944
	20.0089467	39.8356
	20.0087601	39.8355289
	20.0091231	39.8351101
	20.008999	39.8347646
	20.0093593	39.8343958
	20.0102846	39.8340708
	20.0109638	39.8340368
	20.0114855	39.8338667
	20.0118695	39.8335512
	20.0118005	39.8333829
	20.0115151	39.8334094
	20.0108752	39.8330995
	20.0104716	39.8327102
	20.0101777	39.832116
	20.0100362	39.8311983
	20.010245	39.8301506
	20.0111027	39.8279433
	20.0116257	39.8261127
	20.0115982	39.8257439
	20.0117534	39.8256657
	20.0119475	39.8253313
	20.0125725	39.8251977
	20.0126371	39.8246079
	20.0124573	39.8240264
	20.0126371	39.823921
	20.0126135	39.8238356
	20.0127554	39.8237756
	20.0127271	39.8237029
	20.0125094	39.8236956
	20.0117472	39.8225426
	20.0119918	39.8223302
	20.0128537	39.8220354
	20.0126076	39.8216756
	20.0125513	39.8213055
	20.0121278	39.8208421
	20.0122485	39.8206985
	20.0121994	39.8202989
	20.0128921	39.819968
	20.0132784	39.8199312
	20.0135167	39.8192665
	20.0134257	39.8187856
	20.0130165	39.8182517
	20.0127075	39.8181835
	20.0126933	39.8178598
	20.0125635	39.817577
	20.0120876	39.8172019
	20.0119172	39.8169584
	20.0109068	39.8162757
	20.0109849	39.8160424
	20.0108541	39.8155391
	20.0109411	39.8153129
	20.0105863	39.8151998
	20.0107612	39.8149472
	20.0105318	39.8146906
	20.010552	39.8144522
	20.0107309	39.8140842
	20.0109738	39.813895
	20.0109837	39.8137194
	20.0108591	39.8135062
	20.0105511	39.8133114
	20.0100865	39.8131128
	20.0097816	39.8130751
	20.0096022	39.8131181
	20.0094226	39.8132087
	20.0092998	39.8133786
	20.0089846	39.8137916
	20.008742	39.8137782
	20.0084939	39.8141452
	20.0078058	39.8144151
	20.0077981	39.8146831
	20.0077336	39.814748
	20.0076051	39.8146922
	20.0071494	39.8140134
	20.0069699	39.8139577
	20.0067694	39.8139197
	20.0066665	39.8137658
	20.0065942	39.81361
	20.0067505	39.8134307
	20.0069272	39.8134146
	20.0070829	39.8133353
	20.0072547	39.8129348
	20.0073075	39.8126941
	20.0072239	39.8125063
	20.0070443	39.8123322
	20.0068624	39.812219
	20.0066088	39.8121547
	20.0062587	39.8122452
	20.0061196	39.8124324
	20.0058516	39.8125275
	20.0056153	39.8124047
	20.005303	39.8124179
	20.0052025	39.8121721
	20.0051949	39.8119747
	20.0050099	39.8118369
	20.0050916	39.8116703
	20.0054814	39.8117692
	20.0055922	39.811755
	20.0056948	39.8115925
	20.0055845	39.811455
	20.0057177	39.8110271
	20.005797	39.8110439
	20.0059734	39.8108429
	20.0059344	39.8107114
	20.0062327	39.8106419
	20.006511	39.8103434
	20.0064124	39.8102637
	20.0064983	39.8101538
	20.0066407	39.8102074
	20.0067269	39.8101282
	20.0065627	39.8099338
	20.0065862	39.8098058
	20.0064764	39.8097294
	20.0063456	39.8097707
	20.0061404	39.8096479
	20.0057836	39.8095719
	20.0057324	39.8094243
	20.0055554	39.809505
	20.0052534	39.8094385
	20.0049805	39.8092979
	20.0050295	39.8092176
	20.0052465	39.8091551
	20.0053466	39.8089869
	20.0053413	39.8087893
	20.0050762	39.8087854
	20.004949	39.8085939
	20.0049389	39.8084381
	20.0057404	39.8078696
	20.0059236	39.8078358
	20.0061499	39.8075017
	20.0061262	39.8072682
	20.0062692	39.8072744
	20.006295	39.807208
	20.0060803	39.8071149
	20.0061451	39.8069079
	20.0062944	39.8067265
	20.0064588	39.8067165
	20.0065077	39.8064335
	20.0065656	39.80635
	20.0065281	39.8062367
	20.0062753	39.8058966
	20.0060608	39.8058816
	20.005957	39.8060014
	20.0058403	39.8059981
	20.0054341	39.8057084
	20.0054433	39.8055916
	20.0053106	39.8055439
	20.0052969	39.8054257
	20.005218	39.8054169
	20.0051302	39.8054861
	20.0050529	39.8054379
	20.004904	39.8053689
	20.0048918	39.8052629
	20.0050132	39.8050617
	20.0052709	39.804935
	20.0052961	39.8048518
	20.0052823	39.8046945
	20.0051639	39.8044869
	20.0044807	39.8037056
	20.0043526	39.8035384
	20.0043067	39.8034382
	20.0036036	39.802408
	20.0032909	39.801991
	20.0030943	39.80176
	20.0029135	39.8015275
	20.0022454	39.8013322
	20.0017108	39.8014195
	20.0009623	39.8014208
	20.0009771	39.8012196
	20.0011961	39.8011576
	20.0012144	39.8010779
	20.0009838	39.8007493
	20.0006155	39.8004235
	20.0002968	39.80019
	19.9997886	39.7996521
	19.9994143	39.7994663
	19.9993412	39.7995955
	19.9986924	39.7997959
	19.9986455	39.7995561
	19.9983315	39.7994508
	19.9975694	39.7993918
	19.9971172	39.7993121
	19.9966798	39.799361
	19.9956857	39.799166
	19.9953918	39.7993163
	19.9942829	39.7991288
	19.9937313	39.7989705
	19.9936272	39.7988621
	19.9936363	39.7987412
	19.9937837	39.7986716
	19.9940385	39.7986658
	19.9941837	39.7985848
	19.9945068	39.7981029
	19.9944549	39.7979388
	19.9939441	39.7978021
	19.9941934	39.7975661
	19.9944834	39.7973976
	19.9948302	39.7973206
	19.9949136	39.7970163
	19.9949935	39.7969897
	19.9950786	39.797027
	19.9950431	39.7972248
	19.9951052	39.7972826
	19.9953879	39.7972814
	19.9960255	39.7974886
	19.9960911	39.797448
	19.9967068	39.7975167
	19.9968053	39.7974499
	19.9968603	39.7971794
	19.9967361	39.7970215
	19.9964891	39.7969264
	19.996474	39.7969206
	19.9961329	39.7964826
	19.9957563	39.7959915
	19.9954636	39.7955485
	19.9950869	39.7951846
	19.9946666	39.7950742
	19.9937142	39.7946185
	19.9934971	39.7946206
	19.9932068	39.7943917
	19.9931236	39.794138
	19.9931936	39.7937417
	19.9933853	39.7935519
	19.993665	39.7934807
	19.9942145	39.7935918
	19.9947484	39.7935821
	19.9952536	39.7937005
	19.9956736	39.793884
	19.9959417	39.7938904
	19.996235	39.7938099
	19.9968877	39.7935312
	19.997229	39.7934547
	19.9975321	39.7934993
	19.9978033	39.793557
	19.9982099	39.7935752
	19.9985753	39.7934704
	19.9989557	39.7931855
	19.9990717	39.7929723
	19.9990325	39.7927677
	19.9990545	39.7924989
	19.9992851	39.7919513
	19.9995794	39.7917396
	19.9999256	39.7916098
	20.0001855	39.7915964
	20.0008381	39.791898
	20.0009506	39.7919934
	20.001581	39.792233
	20.0017957	39.7922316
	20.0017651	39.7924495
	20.0019687	39.7925815
	20.0021106	39.7926589
	20.0022557	39.7926839
	20.0024573	39.7926386
	20.0027408	39.792459
	20.0028486	39.7923952
	20.0029451	39.7923381
	20.0042014	39.7923412
	20.0057407	39.7924242
	20.0074602	39.7925787
	20.0097204	39.7929472
	20.0116705	39.7932609
	20.0117691	39.7940205
	20.0120468	39.794495
	20.0127099	39.795563
	20.0131086	39.7967637
	20.0132481	39.797726
	20.0133958	39.798366
	20.0137565	39.7991616
	20.0138166	39.7995499
	20.0137216	39.8000719
	20.0135001	39.8002555
	20.013016	39.8004368
	20.0128376	39.8006714
	20.0127808	39.8015815
	20.0128775	39.802476
	20.0128055	39.8029138
	20.0127091	39.8035369
	20.0129385	39.8043618
	20.012844	39.8048501
	20.0126412	39.805253
	20.012198	39.8056371
	20.0115589	39.8059352
	20.011272	39.8061014
	20.0112018	39.8064212
	20.0113713	39.8068104
	20.0117597	39.8072016
	20.0121262	39.8075925
	20.0121238	39.8077612
	20.0116146	39.8081615
	20.0114344	39.8085141
	20.0116045	39.8088697
	20.0119744	39.8090246
	20.012276	39.8093793
	20.0126813	39.8101247
	20.01296	39.8105317
	20.0130427	39.8108697
	20.0134973	39.8112277
	20.0151653	39.812456
	20.0159701	39.8128169
	20.0159867	39.8158469
	20.0167554	39.8182088
	20.0187734	39.8226371
	20.0187734	39.8241869
	20.0189656	39.8264747
	20.0188695	39.8293528
	20.0178124	39.8313452
	20.0171398	39.8329686
	20.0172359	39.8348134
	20.018389	39.8364367
	20.020503	39.8382076
	20.0222327	39.840126
	20.0237702	39.8421181
	20.0262686	39.8446267
	20.0274217	39.8459547
	20.0282866	39.8474302
	20.0285767	39.8498818
	20.0302777	39.8516765
	20.031834	39.8545757
	20.0352601	39.8536644
	20.0381496	39.8528958
	20.045103	39.8527798
	20.0478403	39.8519839
	20.0623134	39.8507935
	20.0614818	39.8537318
	20.0613137	39.8617278
	20.0599958	39.8639957
	20.0551472	39.8629836
	20.0491907	39.8642768
	20.0448585	39.8689506
	20.0436228	39.871968
	20.0419267	39.877793
	20.0388966	39.8835529
	20.0329681	39.8898033
	20.0223793	39.8968148
	20.0192092	39.893774
	20.017125	39.8920561
	20.011603	39.8920091
	20.0076103	39.8903521
	20.0034373	39.8873022
	19.9989589	39.8845586
	19.9944674	39.8827422
	19.9907587	39.8823236
	19.9848576	39.8808037
	19.9789499	39.8797471
	19.9737175	39.8774437
END
END
