781690
1
	19.5200732	41.8403155
	19.5292014	41.8367488
	19.5300254	41.8364566
	19.5308053	41.8361801
	19.5314741	41.835943
	19.5329403	41.835203
	19.5340177	41.8347369
	19.5349371	41.8343292
	19.535453	41.8341937
	19.5360107	41.8339524
	19.5364092	41.8337569
	19.5367151	41.8335704
	19.5372299	41.8334399
	19.5376121	41.833284
	19.5378689	41.8330844
	19.5380408	41.8329074
	19.5382814	41.8327753
	19.5384087	41.8327247
	19.5385554	41.8327428
	19.5388684	41.8326567
	19.5390348	41.8325763
	19.5393756	41.8323203
	19.5398084	41.8320082
	19.5403629	41.8317371
	19.5410414	41.8314493
	19.5412998	41.8313626
	19.5416334	41.831332
	19.5429549	41.8307215
	19.5431468	41.8305684
	19.5434558	41.8304901
	19.543776	41.8302347
	19.5441456	41.8299832
	19.5446008	41.8298144
	19.545055	41.8296409
	19.5456938	41.8292134
	19.546371	41.8288941
	19.5466744	41.8286615
	19.5469115	41.8286578
	19.5471152	41.8285544
	19.5472808	41.8283202
	19.5475389	41.8281749
	19.5478397	41.8280056
	19.5480746	41.8278734
	19.5483307	41.8278112
	19.5485616	41.8276874
	19.5489704	41.8273221
	19.5491646	41.8271678
	19.5494723	41.8270577
	19.5497806	41.8269191
	19.5501303	41.8266386
	19.5504784	41.8264292
	19.5507444	41.8264753
	19.5511345	41.8260955
	19.5514609	41.8259999
	19.5518442	41.8259192
	19.5522165	41.8254822
	19.5524695	41.8252574
	19.5528156	41.8251335
	19.5531802	41.8250384
	19.553301	41.8247549
	19.5535576	41.8246345
	19.5544237	41.8242892
	19.5550407	41.8239977
	19.5553906	41.8237029
	19.5556831	41.8234216
	19.5561833	41.8232284
	19.5564367	41.8229894
	19.5568031	41.8228087
	19.5575173	41.822433
	19.5579247	41.8221246
	19.5581971	41.8218858
	19.5583128	41.8218303
	19.558657	41.8217918
	19.5590638	41.821512
	19.5593947	41.8212169
	19.5600046	41.8207867
	19.5608951	41.8201994
	19.561824	41.8195984
	19.5625397	41.8191513
	19.5630835	41.8187164
	19.563454	41.8183506
	19.5638754	41.8182704
	19.5642037	41.8180892
	19.5647497	41.8175546
	19.5649448	41.8173576
	19.565213	41.8173039
	19.5654923	41.8170978
	19.5657656	41.8168162
	19.5659966	41.8167194
	19.5663392	41.8167521
	19.5666086	41.8166415
	19.566956	41.8164606
	19.5674609	41.8160537
	19.5682776	41.8153514
	19.5688772	41.8149742
	19.5693853	41.8144248
	19.5697717	41.8142016
	19.5701152	41.8141917
	19.5703856	41.8140383
	19.5705947	41.8140694
	19.5708984	41.8141302
	19.5710675	41.814055
	19.571262	41.8140777
	19.5716756	41.8138744
	19.5721996	41.8134677
	19.5726017	41.8131734
	19.5729561	41.8128929
	19.5735929	41.8125589
	19.5740011	41.8122077
	19.5742956	41.8118266
	19.5746048	41.8116452
	19.5749121	41.8115493
	19.575198	41.8115529
	19.5756184	41.8115153
	19.5759584	41.811662
	19.5763163	41.8118659
	19.5767741	41.8118574
	19.5771214	41.8116764
	19.5777225	41.8114071
	19.5784314	41.81108
	19.5791234	41.810832
	19.5794198	41.8107417
	19.5795399	41.8104867
	19.5795461	41.8102018
	19.5794968	41.8098449
	19.5794256	41.8096161
	19.5796966	41.8094342
	19.580122	41.8091687
	19.5801998	41.8090984
	19.5803126	41.8091711
	19.5801148	41.8094963
	19.5799194	41.8097077
	19.5798703	41.8102058
	19.5800165	41.8104926
	19.5802068	41.8105092
	19.580284	41.8104674
	19.5805381	41.8101855
	19.5808082	41.8100464
	19.5812867	41.8099668
	19.5816155	41.8097571
	19.5816946	41.8096299
	19.5816777	41.8095299
	19.5814562	41.8091994
	19.5812706	41.8089692
	19.5813115	41.8088414
	19.5815213	41.808844
	19.5818928	41.8092903
	19.5824072	41.8093109
	19.5827891	41.8092871
	19.5830401	41.8091478
	19.5832364	41.8088937
	19.5834283	41.8088391
	19.5836546	41.8089558
	19.5837493	41.8089855
	19.5840171	41.8089461
	19.5844266	41.8085379
	19.5849932	41.8079179
	19.5853255	41.8075515
	19.585578	41.8073409
	19.5855949	41.8074409
	19.5855896	41.807683
	19.5851579	41.8082334
	19.5846897	41.8087121
	19.5845322	41.8089382
	19.5844909	41.8090801
	19.5846397	41.809253
	19.5848466	41.8095639
	19.585126	41.8098666
	19.5853129	41.8100399
	19.5853841	41.8102688
	19.5855513	41.8104703
	19.5855441	41.8107979
	19.5855197	41.8110399
	19.5853644	41.8111662
	19.5853044	41.8112937
	19.5854947	41.8113103
	19.5856653	41.8113551
	19.5856635	41.8114406
	19.5855459	41.8115817
	19.5852374	41.8117346
	19.5851399	41.8118331
	19.5852731	41.811849
	19.5854726	41.8118138
	19.5857608	41.8117176
	19.5858921	41.8118189
	19.5860783	41.8120207
	19.5863021	41.8122514
	19.5867343	41.8125417
	19.5867503	41.8126844
	19.5865596	41.8126821
	19.5863583	41.8126105
	19.5863105	41.8125888
	19.5861427	41.81258
	19.5859949	41.812638
	19.5858354	41.8126589
	19.5859089	41.8127881
	19.5861549	41.8128503
	19.5863077	41.8128642
	19.5864005	41.8129793
	19.5862096	41.8129912
	19.5859254	41.8129023
	19.5859039	41.813016
	19.5858182	41.8134424
	19.5858898	41.813657
	19.5861351	41.813774
	19.5865711	41.8138934
	19.5867212	41.8140092
	19.5868118	41.8142241
	19.5869431	41.8143254
	19.5871143	41.8143418
	19.5872681	41.8142867
	19.5874647	41.8140184
	19.5877745	41.8138084
	19.5877773	41.8136802
	19.587782	41.8134666
	19.5877507	41.8131527
	19.5877733	41.8129962
	19.5878125	41.812979
	19.587927	41.8129411
	19.5880189	41.813099
	19.5880308	41.8134269
	19.5880439	41.8136978
	19.5881345	41.8139126
	19.5882289	41.8139565
	19.5884005	41.8139586
	19.5888812	41.8137793
	19.5897105	41.813362
	19.5904993	41.813044
	19.5914004	41.812827
	19.5921874	41.8125945
	19.5924292	41.812345
	19.5929346	41.8119095
	19.5934215	41.8114452
	19.5940034	41.8109964
	19.5948141	41.8105503
	19.5955126	41.8100032
	19.5959198	41.8096947
	19.5962157	41.8092423
	19.5966636	41.8088203
	19.597192	41.8081998
	19.5978173	41.8075093
	19.5979987	41.807142
	19.5983208	41.8063622
	19.5987613	41.8053986
	19.5991078	41.8043769
	19.5993776	41.8033686
	19.5996683	41.80239
	19.5998104	41.8019928
	19.6001074	41.8006143
	19.60032	41.7996052
	19.6004748	41.7986239
	19.6005266	41.7980712
	19.6008761	41.796907
	19.6009625	41.7964379
	19.6009909	41.7960108
	19.6009614	41.7956114
	19.6009707	41.7951841
	19.6010523	41.7949428
	19.6013171	41.7941624
	19.6015047	41.7934237
	19.601574	41.7929269
	19.6016854	41.7921873
	19.6018552	41.7913914
	19.6019247	41.7908223
	19.6020158	41.7901394
	19.602066	41.7895843
	19.6021021	41.7888011
	19.6021292	41.7884309
	19.6020792	41.7881026
	19.6020285	41.7878607
	19.6021333	41.7874202
	19.6021648	41.7868506
	19.6021784	41.7862238
	19.6022984	41.7850854
	19.6022377	41.7843722
	19.6021557	41.7837585
	19.6021853	41.7832744
	19.6022705	41.7827075
	19.6022534	41.7817383
	19.6022216	41.7805695
	19.602093	41.7794708
	19.6019816	41.7787514
	19.6019523	41.7782143
	19.6019222	41.7777079
	19.6018697	41.7772932
	19.601754	41.7769544
	19.6016836	41.7764167
	19.6016748	41.7758799
	19.6016011	41.7754956
	19.6014457	41.775095
	19.6012701	41.7746788
	19.6012559	41.7743872
	19.6011227	41.7739102
	19.6008281	41.7731712
	19.6005788	41.7723707
	19.6002254	41.7716456
	19.6000753	41.7711803
	19.5995128	41.7701267
	19.5987648	41.7690214
	19.5980326	41.7679579
	19.5970256	41.7669219
	19.5962516	41.7662273
	19.5952724	41.7656063
	19.5946671	41.7653514
	19.5940109	41.765096
	19.5925195	41.764621
	19.5917131	41.7642495
	19.5917406	41.7641546
	19.5921006	41.7639877
	19.5921127	41.763436
	19.5918081	41.7633942
	19.5915579	41.7635381
	19.5912871	41.7637247
	19.5912438	41.7639617
	19.5912403	41.7641231
	19.5911751	41.7641983
	19.5909579	41.7642526
	19.5907808	41.7642219
	19.5906527	41.7642679
	19.5906117	41.7644004
	19.5905965	41.7645142
	19.5903521	41.7646536
	19.5900179	41.76483
	19.5898774	41.7648663
	19.5898155	41.7647895
	19.5898293	41.7647422
	19.5899199	41.7646673
	19.590138	41.7645655
	19.5901662	41.7644424
	19.5900912	41.7643845
	19.5899388	41.7643826
	19.5897333	41.7644846
	19.5896171	41.7645686
	19.589538	41.7647006
	19.5895236	41.7647765
	19.589584	41.7649197
	19.5897979	41.7650173
	19.5898855	41.7650754
	19.5898822	41.7652273
	19.5896975	41.7655385
	19.5895099	41.7659827
	19.5889595	41.7664773
	19.5878916	41.7670912
	19.587444	41.7672281
	19.5862528	41.7676694
	19.585285	41.7679514
	19.5849281	41.768004
	19.5840105	41.7681352
	19.5835025	41.7681289
	19.5829824	41.768094
	19.5818578	41.7678141
	19.5813127	41.7677599
	19.5803231	41.7677002
	19.5790305	41.7675512
	19.5783764	41.7674156
	19.5780858	41.7673456
	19.5777316	41.7672747
	19.5774765	41.767319
	19.5776408	41.767359
	19.5779061	41.7674288
	19.5780191	41.7674872
	19.5780039	41.767601
	19.577889	41.7676281
	19.5777111	41.7676259
	19.5775481	41.7675289
	19.5774076	41.7675651
	19.5771766	41.7676668
	19.576998	41.7677025
	19.5767067	41.7676609
	19.5764046	41.7675337
	19.5753372	41.7669695
	19.5745722	41.7665231
	19.574099	41.7660898
	19.5736225	41.7658084
	19.5733511	41.765444
	19.5730587	41.76488
	19.5728713	41.7647352
	19.5727612	41.7644593
	19.57278	41.764184
	19.5726081	41.7639159
	19.5722849	41.7635984
	19.5722901	41.763361
	19.5721771	41.7633026
	19.5720706	41.7629499
	19.5720824	41.7624181
	19.5719947	41.76179
	19.5718266	41.761158
	19.571678	41.7607875
	19.5716623	41.7604857
	19.5717642	41.7599341
	19.571707	41.759481
	19.5717346	41.7592468
	19.5717409	41.758962
	19.5715157	41.7580042
	19.5713771	41.7571814
	19.5713464	41.7565444
	19.5709006	41.755433
	19.5706528	41.7544911
	19.5706393	41.7540888
	19.5703443	41.7532474
	19.5702487	41.7525089
	19.5703274	41.7519905
	19.5703404	41.7514042
	19.5703456	41.7511697
	19.5708846	41.7511094
	19.5710436	41.7510109
	19.571524	41.7505644
	19.5717535	41.750316
	19.5717143	41.7500642
	19.5712481	41.7498741
	19.5707143	41.7496999
	19.570382	41.7494989
	19.5703858	41.7492502
	19.5706656	41.7489396
	19.5709072	41.748456
	19.5711678	41.7480667
	19.571322	41.7477389
	19.5714639	41.7470185
	19.5717352	41.7461427
	19.5721565	41.7451274
	19.5725751	41.7442377
	19.5728456	41.7435678
	19.5733364	41.7422551
	19.5737112	41.7414434
	19.574151	41.7405383
	19.5745474	41.7396954
	19.5749033	41.7387892
	19.5751969	41.738009
	19.5756149	41.7371349
	19.5760365	41.736104
	19.5763706	41.7352289
	19.5765915	41.7347293
	19.5769886	41.733855
	19.5771466	41.7333545
	19.5773744	41.7326381
	19.5778341	41.7317803
	19.5781213	41.7311245
	19.57843	41.7304532
	19.5786732	41.729891
	19.578913	41.7294858
	19.5790265	41.7290947
	19.5791243	41.7284679
	19.579479	41.7277362
	19.5796338	41.727377
	19.5798856	41.7264224
	19.5800714	41.7256083
	19.5803446	41.7246383
	19.5805036	41.7240908
	19.5807757	41.7231678
	19.5809193	41.7224505
	19.5809713	41.7219958
	19.5811006	41.7218404
	19.5812279	41.7217792
	19.5812093	41.721669
	19.5813579	41.7215924
	19.5814239	41.7214519
	19.5812386	41.7212926
	19.5812861	41.721042
	19.581445	41.7204945
	19.5817769	41.7197135
	19.5820555	41.7184924
	19.5821714	41.7180723
	19.5823162	41.7172106
	19.5823276	41.7166926
	19.5823156	41.7162843
	19.5823235	41.7159233
	19.5824136	41.7156418
	19.5825488	41.7152196
	19.582729	41.7146566
	19.5828553	41.7136847
	19.582847	41.7131037
	19.582821	41.7123839
	19.5828651	41.7113326
	19.582905	41.7104696
	19.5829236	41.709622
	19.5829388	41.7089314
	19.5828708	41.7082084
	19.5827453	41.7071897
	19.5827481	41.7070641
	19.5828364	41.7068611
	19.5828454	41.706453
	19.5827774	41.70573
	19.5827644	41.7056091
	19.5888048	41.7076859
	19.5928654	41.7091086
	19.5981201	41.7105188
	19.6035596	41.7117285
	19.6092053	41.7134175
	19.6156787	41.7161966
	19.6236687	41.7182147
	19.6286428	41.7198047
	19.6350744	41.721826
	19.6411416	41.7237255
	19.6442715	41.7244737
	19.6455819	41.7246287
	19.6478819	41.7255921
	19.6479221	41.7264839
	19.6479754	41.7275784
	19.648048	41.7290242
	19.6481374	41.7304208
	19.6479812	41.7319044
	19.647981	41.7347089
	19.6479809	41.7359288
	19.6479924	41.7394491
	19.6477728	41.742377
	19.6477557	41.744479
	19.6480686	41.746792
	19.6500005	41.747841
	19.6507274	41.7481512
	19.651412	41.7489155
	19.6517952	41.7495817
	19.6524877	41.7499544
	19.652379	41.7507319
	19.6523198	41.7519646
	19.6519994	41.7566289
	19.6511522	41.7629931
	19.6510473	41.7675699
	19.6510644	41.7698669
	19.6510775	41.7716171
	19.6510777	41.772828
	19.6460135	41.7725163
	19.6448196	41.7726373
	19.6438011	41.7730619
	19.6429886	41.7738986
	19.6420692	41.7753282
	19.6412797	41.7764623
	19.6405643	41.777003
	19.6398548	41.7773322
	19.6387504	41.7774812
	19.6360728	41.7770578
	19.6349187	41.776729
	19.6331046	41.7772521
	19.6309417	41.7796301
	19.6288702	41.7833551
	19.6267282	41.7861655
	19.625393	41.7885038
	19.625971	41.7912746
	19.6271554	41.7928688
	19.6283742	41.7943688
	19.6321507	41.7962415
	19.6325148	41.7963943
	19.6322881	41.7964997
	19.6322594	41.7979353
	19.6304608	41.7993093
	19.6266114	41.8019867
	19.6216048	41.8044881
	19.6160982	41.8088108
	19.6146332	41.8100986
	19.6129357	41.8122253
	19.6107196	41.8142106
	19.6087263	41.8159511
	19.606405	41.8172239
	19.6002194	41.8191383
	19.5979344	41.8202538
	19.5959982	41.8220397
	19.5944095	41.8233482
	19.5926853	41.8253392
	19.5894582	41.8288648
	19.5867822	41.830916
	19.5860552	41.8320009
	19.5859888	41.8326849
	19.5866829	41.8337979
	19.5867923	41.8350207
	19.5866745	41.8362408
	19.5865569	41.8374608
	19.5862174	41.8383859
	19.5859152	41.8397395
	19.5857038	41.841094
	19.5856888	41.8417724
	19.5851305	41.8423764
	19.58312	41.8446023
	19.5814093	41.8459723
	19.5795169	41.8473401
	19.5778071	41.8486761
	19.5756234	41.8505281
	19.5739036	41.852305
	19.5724687	41.8535087
	19.5709891	41.8546778
	19.5684442	41.8564895
	19.5670121	41.8575575
	19.5656224	41.8587616
	19.5642297	41.8601014
	19.5626082	41.8615062
	19.5609012	41.8626724
	19.5589117	41.8638088
	19.5570782	41.8645322
	19.5554372	41.864783
	19.5523479	41.8647781
	19.5506705	41.8646212
	19.5489078	41.8642257
	19.5469819	41.8630138
	19.5456392	41.8621146
	19.5448787	41.8612468
	19.5436063	41.8592627
	19.5424185	41.8575512
	19.5411934	41.8554998
	19.5403137	41.8542331
	19.5368547	41.8528206
	19.5342961	41.8523826
	19.5329813	41.8511584
	19.5322291	41.8509228
	19.5319564	41.8510671
	19.531168	41.8507653
	19.5304013	41.8492421
	19.5303168	41.8486765
	19.527531	41.8464126
	19.5256509	41.84511
	19.5232756	41.8434233
	19.522989	41.8430569
	19.5200732	41.8403155
END
END
