781778
1
	19.9477185	41.6683985
	19.9478901	41.6670544
	19.9483453	41.6666661
	19.9494624	41.6670127
	19.9509517	41.6674748
	19.9519982	41.6675404
	19.9536371	41.668004
	19.9548272	41.6684634
	19.9551174	41.6690266
	19.9553859	41.6709354
	19.9555192	41.6719459
	19.9559593	41.6725105
	19.9570014	41.6728564
	19.959012	41.6734914
	19.9606466	41.674235
	19.9627393	41.6744222
	19.9637898	41.6742634
	19.9658309	41.6729922
	19.9675647	41.6722229
	19.9692993	41.6713974
	19.9708111	41.6704578
	19.9715781	41.6692873
	19.9726552	41.6674466
	19.9737971	41.6662233
	19.9750148	41.6649446
	19.9756293	41.6639409
	19.9758226	41.6616781
	19.9762341	41.6593269
	19.9766401	41.657312
	19.9780768	41.6563716
	19.9800361	41.655492
	19.9814759	41.6543273
	19.9831386	41.6532768
	19.9845046	41.6520553
	19.9855145	41.6511017
	19.9869447	41.6505537
	19.9892751	41.6498453
	19.991448	41.6496402
	19.9938409	41.6497171
	19.9948952	41.6492778
	19.9959618	41.6480537
	19.9967124	41.647892
	19.9973812	41.6481782
	19.9987104	41.6493111
	20.000044	41.6501638
	20.0009364	41.6505079
	20.0022393	41.6485007
	20.0036397	41.6456287
	20.0052265	41.6458127
	20.0074799	41.6461767
	20.0116932	41.6470096
	20.0145755	41.6473602
	20.0178436	41.6478792
	20.0217627	41.6486842
	20.0260543	41.6496326
	20.0308138	41.6505848
	20.0334714	41.6518848
	20.0356229	41.6527799
	20.0373046	41.6538025
	20.0387009	41.6543403
	20.0395682	41.6550491
	20.0404813	41.6555439
	20.0409411	41.65616
	20.0413072	41.6566897
	20.0416755	41.657233
	20.0425928	41.6582175
	20.043083	41.6586042
	20.0436626	41.6589917
	20.0451273	41.6599267
	20.0460146	41.6605418
	20.0469299	41.6611841
	20.0476319	41.6615906
	20.0481524	41.6618875
	20.0489458	41.6624568
	20.0495276	41.6630063
	20.0501075	41.6635513
	20.0505975	41.6642396
	20.0508741	41.6648991
	20.0510286	41.665292
	20.0511833	41.6657434
	20.0514291	41.6664522
	20.0524914	41.6721286
	20.0527376	41.6733595
	20.05211	41.67782
	20.0546313	41.6812215
	20.0538818	41.6826828
	20.0526875	41.686675
	20.0541904	41.6897484
	20.0529906	41.6925746
	20.0473622	41.6947159
	20.0369462	41.6985094
	20.0333413	41.7017834
	20.0322729	41.7046374
	20.0297895	41.7035766
	20.0261142	41.7025416
	20.0195679	41.709729
	20.0149447	41.7146773
	20.0119652	41.7151154
	20.0118967	41.7151238
	20.0011623	41.7105384
	19.9991977	41.7094049
	19.9992263	41.7093556
	19.9961863	41.7065696
	19.9921085	41.7045037
	19.9893257	41.7033088
	19.9832336	41.7038313
	19.9795294	41.7041721
	19.9776166	41.7036239
	19.9766494	41.7031291
	19.9753775	41.7026811
	19.9738439	41.7015916
	19.9718641	41.6986838
	19.9703804	41.6953934
	19.9667221	41.689702
	19.9663691	41.6890821
	19.9627684	41.6877937
	19.9613987	41.6873087
	19.9554919	41.6863863
	19.9539704	41.6842892
	19.9529497	41.6825979
	19.9520023	41.6810194
	19.9512108	41.6790498
	19.9502672	41.677247
	19.9494739	41.6753895
	19.9483837	41.6735067
	19.9481063	41.6721585
	19.947765	41.670137
	19.9477185	41.6683985
END
END
