782070
1
	20.3427705	40.2422687
	20.3448417	40.2406562
	20.3459031	40.2407707
	20.3464798	40.2404048
	20.3483441	40.2384155
	20.3498426	40.2372007
	20.3490751	40.2329143
	20.3509596	40.2306876
	20.3474614	40.2296827
	20.3479471	40.2282912
	20.3516776	40.2286228
	20.3534833	40.2268652
	20.3562119	40.2261826
	20.3624541	40.2239496
	20.3651094	40.2248037
	20.364148	40.2271383
	20.363791	40.2290772
	20.3630724	40.2304752
	20.3581763	40.2334637
	20.3561592	40.2337906
	20.3538775	40.2343211
	20.352835	40.235055
	20.3528234	40.2361161
	20.3526034	40.2378933
	20.3537153	40.2400391
	20.3536564	40.2410569
	20.3522979	40.2428975
	20.3515378	40.2436314
	20.3503332	40.2447189
	20.3487116	40.2449664
	20.3474397	40.2449016
	20.343354	40.244045
	20.3427705	40.2422687
END
END
