9644742
1
	19.6243092	47.0748696
	19.6259461	47.0710559
	19.6270286	47.0680011
	19.6281028	47.0641902
	19.6291926	47.06266
	19.6367317	47.0382516
	19.6571399	47.0210074
	19.6615454	47.0171783
	19.6637437	47.0145014
	19.6670561	47.0118121
	19.671478	47.0095072
	19.674237	47.0075894
	19.6764342	47.0049122
	19.6824947	46.9995423
	19.6841478	46.9983926
	19.689668	46.9941719
	19.6963015	46.990707
	19.699054	46.9884105
	19.7029295	46.9868636
	19.7101273	46.9837726
	19.7200946	46.9799088
	19.7256301	46.9779732
	19.7355804	46.9729615
	19.7372316	46.9718111
	19.741661	46.9698753
	19.7493816	46.9648821
	19.7598693	46.9591025
	19.7670499	46.9552519
	19.7797496	46.9486941
	19.7875689	46.9513088
	19.8020895	46.9554035
	19.8280681	46.9449461
	19.8291755	46.9445604
	19.8330608	46.9441495
	19.8402963	46.9444837
	19.8442382	46.9478837
	19.8470789	46.9520537
	19.8521866	46.9588728
	19.8578857	46.9675903
	19.8590222	46.9691008
	19.8612633	46.9706095
	19.8613039	46.9732744
	19.8618768	46.9740327
	19.8635892	46.9770699
	19.867006	46.9819914
	19.8681432	46.983508
	19.8743968	46.992605
	19.8755461	46.9948775
	19.8767075	46.9979185
	19.8789238	46.99714
	19.8794704	46.996758
	19.8805784	46.9963656
	19.8904997	46.9902001
	19.8932619	46.9890392
	19.9081693	46.9816884
	19.9109307	46.9805271
	19.9159194	46.9793488
	19.9209015	46.977786
	19.9242175	46.9762359
	19.9269783	46.9750742
	19.9341742	46.9727314
	19.9375148	46.9727054
	19.9391806	46.9726924
	19.9469664	46.9726313
	19.9536322	46.9722004
	19.9547392	46.9718074
	19.9586061	46.970258
	19.9779858	46.964765
	19.9835103	46.962817
	19.983158	46.9742431
	19.9826833	46.9791993
	19.98275	46.9830106
	19.9861514	46.9864102
	19.9878578	46.9886771
	19.9997163	46.9984834
	20.0265941	47.0073922
	19.9946678	47.0274645
	19.9494354	47.0529638
	19.9471921	47.0522191
	19.9466391	47.0522235
	19.9460706	47.0518499
	19.9449617	47.0522367
	19.9427404	47.0522541
	19.9300236	47.0580676
	19.9277991	47.0584628
	19.924959	47.0550572
	19.9166238	47.0566456
	19.9127619	47.058962
	19.9094096	47.058603
	19.8999975	47.0621011
	19.8994293	47.0617273
	19.8938855	47.0632932
	19.8835111	47.0766952
	19.8753013	47.0866593
	19.8758606	47.0870333
	19.8820355	47.0896535
	19.8854014	47.0907693
	19.8887675	47.0918912
	19.8938274	47.094519
	19.8977777	47.0975329
	19.9000193	47.0986628
	19.892826	47.1017594
	19.9024165	47.1089274
	19.8985562	47.1116213
	19.8963657	47.1143027
	19.8897238	47.1173949
	19.8747404	47.1224564
	19.867551	47.126698
	19.8531316	47.1321306
	19.8436062	47.1291541
	19.8363231	47.1272956
	19.8268127	47.1258422
	19.822903	47.1254845
	19.81839	47.1217095
	19.806464	47.1279969
	19.8033285	47.12181
	19.7872084	47.1261051
	19.7871819	47.1241964
	19.776133	47.1322687
	19.7721973	47.1300067
	19.7710908	47.130776
	19.7626563	47.1254989
	19.7525339	47.1194693
	19.7762742	47.1014211
	19.760102	47.101523
	19.7517739	47.1038616
	19.7426886	47.091348
	19.7454593	47.0901907
	19.7443233	47.0886729
	19.7437508	47.0879141
	19.7420863	47.0883023
	19.7375723	47.0837618
	19.7408911	47.082217
	19.7391923	47.0799465
	19.733006	47.075794
	19.7291396	47.0784822
	19.7285959	47.0792478
	19.7241569	47.0811769
	19.7224925	47.081571
	19.7202752	47.0827245
	19.7169563	47.085031
	19.7103076	47.0881129
	19.7086146	47.0862199
	19.6925344	47.0935446
	19.6869721	47.0943382
	19.6858469	47.0935822
	19.6819541	47.0943662
	19.6808289	47.0936101
	19.6791593	47.0943817
	19.6689903	47.0822525
	19.665107	47.0837982
	19.6584464	47.0868771
	19.6426455	47.0694455
	19.6243092	47.0748696
END
END
