9644316
1
	21.6698723	48.1921275
	21.6800945	48.1915195
	21.6829846	48.1922106
	21.6881923	48.1940022
	21.6887856	48.1943669
	21.689944	48.1947251
	21.6962038	48.1945833
	21.7035546	48.193654
	21.7075363	48.1935634
	21.7109336	48.1931016
	21.7104076	48.1938761
	21.7110306	48.1950025
	21.7128317	48.1968707
	21.7134448	48.1976192
	21.714029	48.197984
	21.7146224	48.1983486
	21.7157422	48.1979448
	21.7162681	48.1971704
	21.7167748	48.1960182
	21.7167359	48.1952566
	21.7178166	48.1940913
	21.7189166	48.1933037
	21.7200359	48.1928938
	21.7211749	48.1928677
	21.7211359	48.1921061
	21.7205517	48.1917414
	21.7199386	48.1909929
	21.7193349	48.1902442
	21.7187415	48.1898797
	21.7187218	48.1894958
	21.7187025	48.1891181
	21.7186636	48.1883565
	21.7192183	48.1879657
	21.7197635	48.1875689
	21.7203375	48.1875558
	21.7209023	48.1875428
	21.7214087	48.1863906
	21.7248835	48.1874517
	21.7272002	48.188161
	21.728982	48.1896451
	21.73016	48.1903805
	21.7314357	48.1930167
	21.7297122	48.192672
	21.7279798	48.1923336
	21.7268603	48.1927374
	21.7240763	48.1939481
	21.7235308	48.1943387
	21.7235501	48.1947164
	21.723054	48.1962527
	21.7225865	48.1981665
	21.7220904	48.1997028
	21.7221294	48.2004643
	21.7222074	48.2019875
	21.7228206	48.2027359
	21.7234246	48.2034846
	21.7240182	48.2038491
	21.7245831	48.2038362
	21.7251574	48.203823
	21.7268421	48.2034062
	21.7290616	48.2022085
	21.7296072	48.2018179
	21.7301422	48.2010431
	21.7323134	48.1990902
	21.7328287	48.1979315
	21.7333547	48.1971631
	21.7339483	48.1975276
	21.7374738	48.1997339
	21.7392458	48.2008337
	21.7409891	48.201556
	21.745615	48.2029743
	21.7542326	48.2042937
	21.754699	48.2023798
	21.7546794	48.2020021
	21.7534902	48.2008828
	21.7528964	48.2005185
	21.752857	48.1997569
	21.7522921	48.19977
	21.7522725	48.1993923
	21.7528374	48.1993792
	21.75266	48.1959553
	21.7525613	48.1940482
	21.7530369	48.1921341
	21.7535822	48.1917434
	21.754721	48.191717
	21.7547012	48.1913331
	21.75584	48.1913067
	21.7610987	48.1938502
	21.7622576	48.1942077
	21.7628421	48.1945722
	21.7668238	48.1944796
	21.7702209	48.1940223
	21.7713599	48.1939958
	21.7719444	48.1943603
	21.7725093	48.1943471
	21.7720042	48.1955057
	21.7681611	48.1982609
	21.7670418	48.1986651
	21.7671011	48.1998043
	21.7676952	48.2001749
	21.7711229	48.2004731
	21.772282	48.2008305
	21.7729064	48.2019565
	21.7719154	48.2046452
	21.7714604	48.2069433
	21.7764431	48.2041614
	21.7798006	48.2029361
	21.7814849	48.2025186
	21.7837829	48.2028429
	21.7843878	48.2035913
	21.7850418	48.2051009
	21.7852214	48.2085248
	21.7858065	48.2088954
	21.7864405	48.2100212
	21.7881448	48.2099812
	21.7910082	48.2102922
	21.7927125	48.2102522
	21.7955855	48.210569
	21.7967354	48.2109201
	21.7973097	48.2109066
	21.7997489	48.2138991
	21.7992545	48.2154295
	21.7981954	48.2169794
	21.7971763	48.2192909
	21.7972964	48.2215693
	21.797891	48.2219397
	21.8002301	48.2230252
	21.8013899	48.2233823
	21.805414	48.2240499
	21.8077039	48.224374
	21.8094582	48.225095
	21.8152276	48.2264835
	21.8141484	48.2276497
	21.8130895	48.2291997
	21.8120505	48.2311274
	21.8109803	48.2322934
	21.811182	48.236101
	21.8118276	48.2376045
	21.8130482	48.2391006
	21.8148142	48.2402057
	21.8165287	48.2401651
	21.8176189	48.2393768
	21.8181126	48.2378401
	21.8212195	48.2320509
	21.8217739	48.2316596
	21.8223392	48.2316462
	21.823499	48.2319968
	21.8240939	48.232367
	21.8246997	48.2331151
	21.8254159	48.2357637
	21.8255171	48.2376644
	21.8250032	48.2388172
	21.8250236	48.2392011
	21.8228245	48.2407721
	21.822865	48.2415336
	21.8234801	48.2422815
	21.825226	48.2430025
	21.8275666	48.2440875
	21.8292925	48.2444308
	21.8298671	48.2444172
	21.8309166	48.2428672
	21.8318739	48.2394163
	21.8329936	48.2390115
	21.8329529	48.23825
	21.835192	48.2374341
	21.8368766	48.2370096
	21.8379761	48.2362271
	21.8396089	48.2346631
	21.8390139	48.234293
	21.8389937	48.2339153
	21.8372072	48.232433
	21.8360268	48.2316986
	21.8343016	48.2313616
	21.8331011	48.2302496
	21.8336458	48.2298523
	21.8342203	48.2298386
	21.8342001	48.2294609
	21.8380215	48.2263198
	21.8407642	48.2243511
	21.8412885	48.2235761
	21.8418427	48.2231847
	21.8424079	48.2231712
	21.8435676	48.2235216
	21.8436492	48.2250446
	21.8425707	48.2262111
	21.8403932	48.2281663
	21.8398687	48.2289413
	21.8398893	48.2293251
	21.8404747	48.2296893
	21.8422094	48.2300322
	21.8455986	48.2295668
	21.8495828	48.2294713
	21.8507431	48.2298279
	21.8509676	48.2340069
	21.8504639	48.2351659
	21.8506478	48.2385896
	21.8501547	48.2401202
	21.8597367	48.237987
	21.8642665	48.2374998
	21.8688258	48.2373899
	21.8711259	48.2377125
	21.8722657	48.237685
	21.874557	48.2380139
	21.8786036	48.2390567
	21.8815197	48.2401267
	21.8832872	48.2412307
	21.8861734	48.241917
	21.8873757	48.2430347
	21.8885571	48.2437685
	21.8938065	48.2459221
	21.8949675	48.2462782
	21.8955535	48.2466421
	21.8978335	48.2465866
	21.8973005	48.2473621
	21.9001552	48.2472924
	21.9006583	48.2461395
	21.9040156	48.2449107
	21.9045809	48.2448969
	21.9095184	48.2413479
	21.9117356	48.2401529
	21.9162858	48.2400414
	21.9162232	48.2389023
	21.9179376	48.2388602
	21.9185236	48.239224
	21.9190982	48.2392098
	21.9202499	48.2395659
	21.9220271	48.2406629
	21.9232509	48.2421579
	21.924005	48.2455676
	21.9247052	48.2478317
	21.9253338	48.2489631
	21.9265159	48.2496965
	21.9271233	48.2504441
	21.9318517	48.2533714
	21.9341529	48.2536928
	21.938181	48.2543559
	21.9404943	48.2550612
	21.9428169	48.2557662
	21.9422728	48.2561641
	21.9400555	48.2573596
	21.939544	48.2585129
	21.9385605	48.2612029
	21.938007	48.261601
	21.9380279	48.2619786
	21.938624	48.2623483
	21.938645	48.2627259
	21.9409164	48.2626697
	21.942547	48.2611043
	21.9453088	48.2595171
	21.9453298	48.2598948
	21.9459376	48.2606422
	21.9471413	48.2617531
	21.9494856	48.2628418
	21.9518508	48.264302
	21.9535781	48.2646434
	21.9564669	48.2653341
	21.9599517	48.2663881
	21.9605384	48.2667517
	21.9622751	48.2670928
	21.9623813	48.2689933
	21.9624024	48.269371
	21.9630747	48.2712636
	21.9649083	48.2734993
	21.9660915	48.2742323
	21.9661129	48.2746161
	21.9672958	48.2753429
	21.9690236	48.2756842
	21.9713687	48.2767663
	21.9725521	48.2774992
	21.9737143	48.2778545
	21.9743011	48.278218
	21.9755273	48.2797124
	21.9779368	48.2819334
	21.9791848	48.2838116
	21.9799003	48.2864594
	21.9811909	48.2890928
	21.9818301	48.2902174
	21.9830139	48.2909503
	21.9853937	48.2927938
	21.9883487	48.2946228
	21.9941616	48.296386
	21.9947488	48.2967494
	21.998781	48.2974103
	22.0005186	48.2977446
	22.0022474	48.2980854
	22.002312	48.2992244
	22.0023551	48.2999859
	22.0029642	48.300733
	22.0041486	48.3014656
	22.0064741	48.3021694
	22.0082027	48.3025039
	22.0093657	48.3028588
	22.0105498	48.3035852
	22.0105931	48.3043466
	22.0111902	48.3047158
	22.0112335	48.3054773
	22.0102003	48.3074066
	22.0102651	48.3085457
	22.011493	48.3100397
	22.0126466	48.3103886
	22.0144285	48.3114904
	22.0161574	48.3118247
	22.018462	48.3121506
	22.0218862	48.3120637
	22.0241812	48.3123835
	22.025898	48.3123399
	22.0262196	48.3123265
	22.026464	48.3123255
	22.0249533	48.3058917
	22.023573	48.301736
	22.0258769	48.3020555
	22.027584	48.3020121
	22.0310727	48.3030639
	22.0328234	48.3037818
	22.0381506	48.3070742
	22.0416181	48.3077481
	22.0444888	48.308059
	22.0467275	48.3072391
	22.0472714	48.3068408
	22.0504978	48.3033298
	22.0517955	48.3014335
	22.0518926	48.3012728
	22.0520297	48.3002465
	22.0531269	48.2994558
	22.0536582	48.2986796
	22.054746	48.2978891
	22.0553212	48.2978743
	22.0575593	48.2970543
	22.0621141	48.296937
	22.0627115	48.297306
	22.0656035	48.297994
	22.0662131	48.2987347
	22.0673983	48.2994667
	22.0680176	48.3002132
	22.0680399	48.300597
	22.0686937	48.3020991
	22.0682161	48.3036365
	22.0672514	48.3067116
	22.066198	48.3082576
	22.065145	48.3098098
	22.0651891	48.3105712
	22.064636	48.3109699
	22.0647019	48.3121089
	22.0653214	48.3128555
	22.0754516	48.3103063
	22.078256	48.3094712
	22.0804942	48.3086507
	22.0811046	48.3093974
	22.0833871	48.3093382
	22.0845508	48.3096924
	22.0851388	48.3100554
	22.0863245	48.3107871
	22.0863465	48.3111648
	22.0864798	48.3134489
	22.0865686	48.3149717
	22.0860914	48.3165092
	22.0856044	48.3180408
	22.0845961	48.3203546
	22.0846626	48.3214936
	22.0841188	48.321892
	22.0837205	48.3249463
	22.0843628	48.3260766
	22.0844072	48.326838
	22.0844292	48.3272156
	22.0856373	48.328325
	22.0874561	48.330181
	22.0886647	48.3312966
	22.0898285	48.3316445
	22.0903727	48.3312522
	22.0909482	48.3312373
	22.0944088	48.3319099
	22.0955506	48.3318801
	22.0972454	48.3314517
	22.0983332	48.3306608
	22.0988866	48.3302682
	22.098842	48.3295068
	22.0981773	48.327999
	22.0975444	48.3268748
	22.0951499	48.3250338
	22.0951275	48.3246501
	22.0951054	48.3242725
	22.0956583	48.3238737
	22.0967778	48.3234664
	22.0979101	48.3234369
	22.0996271	48.3233921
	22.1007909	48.32374
	22.101955	48.324094
	22.1025211	48.3240792
	22.1031319	48.3248259
	22.1043629	48.3263188
	22.1038857	48.3278502
	22.1028555	48.3297803
	22.1023565	48.3309403
	22.1018031	48.3313329
	22.1001398	48.3321388
	22.1001623	48.3325226
	22.0973567	48.333352
	22.0950955	48.3337952
	22.0968928	48.3352736
	22.0992653	48.3367307
	22.1016162	48.3378163
	22.1045557	48.3392647
	22.1069065	48.3403441
	22.1074728	48.3403293
	22.1103453	48.3406324
	22.1109209	48.3406174
	22.1115098	48.3409863
	22.111532	48.3413639
	22.1115546	48.3417477
	22.1110105	48.3421401
	22.1104571	48.3425328
	22.1098907	48.3425476
	22.1087487	48.3425774
	22.1064203	48.3418819
	22.104712	48.3419265
	22.1041364	48.3419415
	22.1030258	48.3423486
	22.1047269	48.3462063
	22.1061442	48.3468363
	22.1067331	48.3472053
	22.1091291	48.349046
	22.1102934	48.3493937
	22.1126003	48.3497178
	22.1126225	48.3500954
	22.1149202	48.3504196
	22.1160624	48.3503897
	22.1178025	48.3507223
	22.1189131	48.350315
	22.1194888	48.3502999
	22.1206084	48.3498862
	22.1211525	48.3494938
	22.122272	48.34908
	22.1228611	48.3494489
	22.1234368	48.3494338
	22.1246012	48.3497814
	22.1246462	48.3505428
	22.1252354	48.3509117
	22.12528	48.3516669
	22.1248036	48.3532045
	22.1242728	48.353981
	22.1231979	48.3551499
	22.1210125	48.3567323
	22.1204594	48.3571312
	22.119362	48.3579225
	22.1182513	48.3583298
	22.116578	48.3591362
	22.1154579	48.3595437
	22.1081138	48.3608826
	22.1081807	48.3620216
	22.1082029	48.3623992
	22.1087921	48.3627681
	22.1150482	48.3622202
	22.1161906	48.3621903
	22.1178996	48.3621455
	22.1201399	48.3613305
	22.1218262	48.3609019
	22.1229236	48.3601105
	22.1239986	48.3589416
	22.1245425	48.358543
	22.125096	48.3581503
	22.1262383	48.3581203
	22.1268272	48.358483
	22.1274257	48.3588516
	22.1274931	48.3599905
	22.1275381	48.3607519
	22.1287837	48.3626224
	22.1288739	48.3641452
	22.1288962	48.3645227
	22.1231932	48.3646725
	22.1215068	48.3651011
	22.1209532	48.3654938
	22.1198556	48.3662852
	22.1187673	48.3670762
	22.117692	48.3682451
	22.1177369	48.3690065
	22.1189694	48.3704992
	22.1190366	48.3716382
	22.1196482	48.3723847
	22.1197158	48.3735298
	22.1204847	48.376938
	22.1211053	48.3776781
	22.121068	48.378295
	22.120382	48.378605
	22.120281	48.378641
	22.119718	48.378763
	22.119484	48.378861
	22.119273	48.378925
	22.118687	48.379189
	22.118066	48.379593
	22.117975	48.379673
	22.117809	48.37975
	22.117625	48.379848
	22.117346	48.380011
	22.116869	48.380261
	22.116833	48.380303
	22.11671	48.380347
	22.116675	48.380387
	22.116569	48.380409
	22.116502	48.38045
	22.116297	48.380514
	22.115443	48.380685
	22.114751	48.380857
	22.11384	48.381009
	22.113439	48.381062
	22.112392	48.381199
	22.111556	48.381293
	22.111092	48.381259
	22.110303	48.381176
	22.109515	48.381013
	22.108627	48.380722
	22.107865	48.380121
	22.10728	48.379578
	22.106081	48.378658
	22.105132	48.377885
	22.104555	48.377421
	22.104106	48.37715
	22.103505	48.376817
	22.102987	48.376635
	22.102393	48.376426
	22.101549	48.376222
	22.101328	48.37619
	22.10001	48.376182
	22.099166	48.376294
	22.098467	48.376448
	22.097967	48.376745
	22.09761	48.376979
	22.097286	48.37721
	22.096861	48.376953
	22.096786	48.376909
	22.095692	48.377267
	22.095599	48.377264
	22.095067	48.377237
	22.094945	48.377238
	22.094738	48.377284
	22.094489	48.377477
	22.094185	48.377934
	22.094114	48.377994
	22.09401	48.378023
	22.093759	48.378113
	22.09358	48.37819
	22.093426	48.3783
	22.093243	48.378552
	22.093243	48.378437
	22.093155	48.378234
	22.092887	48.3777
	22.092779	48.377538
	22.09254	48.377253
	22.092307	48.376893
	22.09225	48.376799
	22.092031	48.376524
	22.091967	48.376423
	22.091929	48.376323
	22.091909	48.376215
	22.091808	48.3761
	22.091458	48.375678
	22.091079	48.375163
	22.090988	48.375014
	22.090779	48.374709
	22.090485	48.374329
	22.090319	48.37415
	22.090157	48.373991
	22.089822	48.373731
	22.089706	48.373673
	22.089572	48.373645
	22.089441	48.373645
	22.089318	48.37369
	22.089173	48.373754
	22.089032	48.373668
	22.088599	48.373304
	22.088393	48.37313
	22.087983	48.372815
	22.0877	48.372551
	22.087528	48.372354
	22.087342	48.372104
	22.087161	48.371836
	22.087141	48.371757
	22.087114	48.371759
	22.087078	48.371742
	22.086955	48.371687
	22.086821	48.371589
	22.086743	48.371564
	22.086676	48.371576
	22.086561	48.371618
	22.086462	48.371673
	22.086346	48.371719
	22.086229	48.371741
	22.085936	48.371776
	22.085855	48.371993
	22.085752	48.372287
	22.08561	48.372675
	22.085575	48.372798
	22.085439	48.373282
	22.085269	48.373836
	22.085059	48.374344
	22.084986	48.374526
	22.084542	48.375615
	22.084031	48.376888
	22.084367	48.376966
	22.084154	48.377141
	22.084504	48.377285
	22.084017	48.377713
	22.082615	48.378709
	22.083195	48.379508
	22.083369	48.379854
	22.083624	48.380176
	22.083813	48.380373
	22.083991	48.380527
	22.084235	48.380703
	22.084264	48.380724
	22.084429	48.380788
	22.084393	48.380813
	22.084264	48.380915
	22.083777	48.381236
	22.083611	48.381357
	22.083284	48.381588
	22.082738	48.381987
	22.082262	48.382319
	22.082069	48.382469
	22.081858	48.382663
	22.081428	48.38301
	22.080611	48.38361
	22.0803877	48.3835946
	22.080146	48.383578
	22.079811	48.38383
	22.079462	48.384119
	22.078936	48.384619
	22.078643	48.3849
	22.078269	48.385278
	22.078074	48.385493
	22.077742	48.38587
	22.077501	48.386238
	22.077074	48.386763
	22.076486	48.387241
	22.07582	48.386798
	22.074963	48.386354
	22.074456	48.386117
	22.074264	48.386042
	22.073542	48.385717
	22.073367	48.38565
	22.07311	48.385566
	22.072173	48.385312
	22.072164	48.385168
	22.072114	48.384886
	22.072051	48.384659
	22.072003	48.384429
	22.07197	48.384166
	22.071955	48.384089
	22.071895	48.38406
	22.071899	48.383999
	22.071938	48.383901
	22.072097	48.383593
	22.072203	48.383356
	22.072395	48.382882
	22.07255	48.382534
	22.072814	48.382012
	22.071863	48.381778
	22.071792	48.381957
	22.071668	48.382337
	22.07152	48.382827
	22.070536	48.382596
	22.069533	48.38233
	22.069586	48.382086
	22.06892	48.38203
	22.068534	48.38199
	22.068385	48.381982
	22.067593	48.381919
	22.066715	48.381831
	22.066623	48.382331
	22.066075	48.382316
	22.065979	48.382319
	22.065774	48.382323
	22.065404	48.38235
	22.064909	48.382401
	22.064252	48.382482
	22.062731	48.382684
	22.062545	48.382709
	22.062196	48.38274
	22.061986	48.382756
	22.061564	48.382775
	22.06141	48.382155
	22.060233	48.382376
	22.059768	48.381532
	22.057807	48.381337
	22.057615	48.38132
	22.057757	48.38061
	22.057896	48.379913
	22.05805	48.379133
	22.058182	48.378483
	22.058209	48.378256
	22.058236	48.377891
	22.056397	48.377709
	22.054605	48.377528
	22.054355	48.377702
	22.054109	48.377878
	22.053701	48.378174
	22.053178	48.378533
	22.052994	48.378658
	22.052869	48.378739
	22.052541	48.378935
	22.052201	48.379151
	22.052084	48.379223
	22.05197	48.379311
	22.051765	48.3795
	22.051452	48.379716
	22.051301	48.379819
	22.050734	48.380195
	22.050687	48.380227
	22.050349	48.380457
	22.049942	48.380734
	22.049407	48.381102
	22.049227	48.381225
	22.049224	48.381274
	22.049165	48.381307
	22.049091	48.381326
	22.04899	48.381417
	22.048971	48.381431
	22.048958	48.381439
	22.048647	48.381652
	22.048478	48.38176
	22.048378	48.381823
	22.048303	48.381886
	22.047911	48.382148
	22.047535	48.382402
	22.047307	48.382556
	22.046964	48.382794
	22.04666	48.383027
	22.046612	48.383061
	22.04644	48.383176
	22.046017	48.383457
	22.045903	48.383541
	22.045662	48.383701
	22.045461	48.383841
	22.045145	48.384051
	22.045081	48.384081
	22.044725	48.384201
	22.044584	48.38425
	22.044325	48.38434
	22.043997	48.384433
	22.043645	48.384538
	22.04335	48.384629
	22.043198	48.384675
	22.042603	48.384842
	22.042546	48.384859
	22.042453	48.384884
	22.04217	48.384941
	22.041567	48.385109
	22.040923	48.385283
	22.040682	48.385352
	22.039793	48.385612
	22.038923	48.385854
	22.038918	48.385871
	22.038668	48.385944
	22.038369	48.386029
	22.03794	48.386144
	22.037126	48.386378
	22.037053	48.386395
	22.036903	48.386444
	22.036834	48.386428
	22.036741	48.386408
	22.036601	48.386375
	22.036476	48.38631
	22.036134	48.386056
	22.035613	48.386349
	22.034795	48.386865
	22.034125	48.387268
	22.033334	48.387765
	22.033126	48.387921
	22.032789	48.388215
	22.032539	48.388482
	22.032206	48.388804
	22.031028	48.389895
	22.030656	48.390215
	22.029911	48.390875
	22.029543	48.391217
	22.0292	48.391531
	22.028611	48.392026
	22.028484	48.39212
	22.028315	48.392235
	22.028177	48.392282
	22.027251	48.392462
	22.026832	48.3925
	22.026129	48.392535
	22.025768	48.39254
	22.024992	48.392513
	22.023865	48.392514
	22.022558	48.392487
	22.022113	48.39256
	22.021757	48.39263
	22.021382	48.392724
	22.0213621	48.3927331
	22.021347	48.39274
	22.021326	48.392749
	22.021167	48.392586
	22.021146	48.392578
	22.021137	48.392516
	22.021121	48.392403
	22.02123	48.391682
	22.021222	48.391539
	22.021177	48.391265
	22.021153	48.390834
	22.021172	48.390797
	22.021212	48.390764
	22.021273	48.390751
	22.021996	48.390803
	22.022092	48.390806
	22.022189	48.390793
	22.022892	48.390677
	22.022989	48.390645
	22.023868	48.390131
	22.023984	48.390037
	22.024058	48.389931
	22.024078	48.389779
	22.023976	48.389213
	22.023932	48.389153
	22.023869	48.389101
	22.023048	48.388631
	22.023013	48.388622
	22.022976	48.388623
	22.0224	48.388687
	22.02205	48.388756
	22.021121	48.389016
	22.020953	48.389048
	22.019925	48.389029
	22.019769	48.389008
	22.019623	48.388953
	22.019499	48.388864
	22.019035	48.388372
	22.018628	48.387895
	22.018524	48.387708
	22.01838	48.387253
	22.018228	48.386755
	22.01818	48.386629
	22.018131	48.386571
	22.018102	48.386526
	22.018	48.386432
	22.017838	48.386332
	22.017333	48.386131
	22.017024	48.386036
	22.015182	48.38564
	22.014881	48.385528
	22.014644	48.385408
	22.014451	48.385208
	22.014356	48.385154
	22.014236	48.38512
	22.012487	48.384916
	22.011413	48.384716
	22.010746	48.384569
	22.010584	48.384509
	22.010503	48.384459
	22.010426	48.384389
	22.01039	48.384341
	22.010178	48.383922
	22.010145	48.38386
	22.010138	48.383832
	22.010111	48.383817
	22.010062	48.383794
	22.009984	48.383797
	22.008517	48.384032
	22.00838	48.384049
	22.008341	48.384044
	22.008219	48.38401
	22.008151	48.38396
	22.008117	48.383906
	22.008245	48.382675
	22.008221	48.382632
	22.008166	48.382598
	22.007884	48.382488
	22.007732	48.382411
	22.007645	48.382344
	22.007547	48.382228
	22.007475	48.38209
	22.00744	48.382031
	22.007003	48.381317
	22.006961	48.381285
	22.006882	48.381261
	22.005918	48.381196
	22.005674	48.38121
	22.003702	48.381495
	22.003599	48.381483
	22.003503	48.381452
	22.00251	48.380857
	22.002437	48.380846
	22.002392	48.380846
	22.0025052	48.3808571
	22.002273	48.380855
	22.002108	48.380891
	22.000456	48.380701
	22.000352	48.38067
	22.000297	48.380625
	22.000256	48.380548
	22.000186	48.380148
	22.000147	48.380078
	22.000051	48.380018
	21.999901	48.379973
	21.999035	48.379831
	21.998914	48.379766
	21.998865	48.379679
	21.998815	48.379352
	21.998758	48.379263
	21.998668	48.379172
	21.998459	48.379017
	21.998295	48.378929
	21.99797	48.378818
	21.995533	48.378234
	21.995444	48.378198
	21.995303	48.378107
	21.99525	48.378041
	21.995224	48.377969
	21.995214	48.37781
	21.995186	48.377747
	21.995114	48.37768
	21.994463	48.377323
	21.994393	48.377355
	21.992255	48.378344
	21.991679	48.379505
	21.991652	48.3795
	21.990346	48.379277
	21.989121	48.379213
	21.989091	48.379208
	21.989348	48.378968
	21.988791	48.378778
	21.988648	48.378702
	21.98782	48.378167
	21.987295	48.378032
	21.987122	48.37796
	21.987013	48.377891
	21.986934	48.377769
	21.986895	48.377647
	21.986741	48.376916
	21.986555	48.376007
	21.98651	48.37592
	21.986255	48.375857
	21.98592	48.375821
	21.985906	48.375842
	21.985426	48.376512
	21.984958	48.377211
	21.984322	48.378153
	21.983896	48.378807
	21.983399	48.379538
	21.983364	48.37953
	21.983393	48.379306
	21.98338	48.379055
	21.983414	48.378682
	21.983185	48.378697
	21.983001	48.378819
	21.982893	48.379096
	21.982744	48.37916
	21.982721	48.379154
	21.982645	48.378901
	21.98256	48.378721
	21.982442	48.378696
	21.982107	48.379115
	21.982215	48.379582
	21.982151	48.379686
	21.981908	48.379792
	21.981452	48.379718
	21.980902	48.37967
	21.980542	48.379602
	21.98025	48.379511
	21.980282	48.379255
	21.979643	48.379013
	21.979284	48.3789
	21.978892	48.378771
	21.97856	48.378638
	21.978554	48.378659
	21.97757	48.378429
	21.976532	48.378186
	21.975419	48.377925
	21.975375	48.377894
	21.975196	48.377981
	21.975031	48.378023
	21.974858	48.378052
	21.974396	48.378051
	21.974073	48.378074
	21.97351	48.378248
	21.973415	48.378257
	21.973142	48.378357
	21.972916	48.378457
	21.97243	48.378654
	21.97208	48.379082
	21.971847	48.379414
	21.971538	48.379918
	21.971394	48.38027
	21.968508	48.379128
	21.968482	48.379169
	21.968397	48.379137
	21.967798	48.380091
	21.966239	48.379914
	21.964839	48.379828
	21.963304	48.379723
	21.961156	48.379593
	21.961514	48.378435
	21.961477	48.37822
	21.961395	48.378002
	21.961044	48.377134
	21.9606	48.377132
	21.960215	48.37712
	21.959712	48.37723
	21.959241	48.377384
	21.958954	48.377623
	21.958622	48.3779
	21.958452	48.378064
	21.958168	48.378419
	21.957958	48.378621
	21.957556	48.378518
	21.956894	48.379642
	21.956692	48.379634
	21.954969	48.379571
	21.953207	48.379507
	21.952526	48.379482
	21.949887	48.378812
	21.949719	48.378778
	21.949321	48.378763
	21.949198	48.378728
	21.948	48.378018
	21.947604	48.377559
	21.947101	48.376768
	21.946871	48.376472
	21.9468	48.375969
	21.946397	48.375036
	21.946404	48.374989
	21.946292	48.374917
	21.9460227	48.3749648
	21.945628	48.375035
	21.945294	48.375097
	21.945181	48.375093
	21.945114	48.375148
	21.944729	48.375069
	21.944488	48.374979
	21.943795	48.374912
	21.943257	48.374801
	21.941933	48.374612
	21.940765	48.374512
	21.93949	48.374548
	21.939243	48.37457
	21.939172	48.374068
	21.939004	48.373281
	21.938944	48.373141
	21.938889	48.373055
	21.938754	48.372922
	21.938062	48.372403
	21.937765	48.372223
	21.936336	48.371416
	21.935544	48.370937
	21.934987	48.370559
	21.934231	48.370114
	21.933903	48.369976
	21.933439	48.369823
	21.933038	48.369738
	21.932637	48.369681
	21.932408	48.369665
	21.932182	48.36968
	21.931704	48.369783
	21.9315	48.369863
	21.931489	48.369888
	21.931396	48.369888
	21.930514	48.370234
	21.929904	48.370489
	21.929209	48.370836
	21.928835	48.370994
	21.928269	48.371204
	21.92801	48.371239
	21.92777	48.371235
	21.9274	48.371181
	21.92733	48.371192
	21.927145	48.371172
	21.926806	48.370899
	21.926687	48.370756
	21.926579	48.370567
	21.926505	48.370408
	21.926438	48.370187
	21.926401	48.369975
	21.926398	48.369815
	21.926426	48.369621
	21.926477	48.369441
	21.926643	48.369065
	21.926746	48.368913
	21.926804	48.368752
	21.927024	48.368332
	21.927147	48.36813
	21.927358	48.367861
	21.927658	48.367573
	21.927868	48.367412
	21.928207	48.367212
	21.928693	48.36698
	21.928971	48.366833
	21.929578	48.366563
	21.929796	48.366467
	21.930312	48.366279
	21.93089	48.366043
	21.931183	48.365879
	21.931431	48.365723
	21.931611	48.365594
	21.93186	48.365365
	21.932028	48.36515
	21.932196	48.364893
	21.932271	48.364724
	21.932306	48.364556
	21.932314	48.36442
	21.932293	48.364197
	21.932186	48.363904
	21.931897	48.363592
	21.931167	48.362931
	21.93067	48.362488
	21.930383	48.362272
	21.930135	48.362151
	21.929804	48.362011
	21.92944	48.3619
	21.92894	48.361765
	21.928423	48.361636
	21.928186	48.361597
	21.927559	48.3616
	21.927071	48.361631
	21.92673	48.361707
	21.926487	48.361806
	21.926359	48.361766
	21.926236	48.361813
	21.925629	48.362018
	21.925325	48.362136
	21.924941	48.362291
	21.92451	48.362448
	21.924	48.36266
	21.923651	48.362835
	21.922891	48.363267
	21.92263	48.363406
	21.922173	48.363592
	21.921896	48.363685
	21.921564	48.363777
	21.921342	48.363817
	21.921072	48.363843
	21.920814	48.363865
	21.920465	48.363845
	21.920131	48.363787
	21.918906	48.363356
	21.918488	48.36327
	21.918285	48.363252
	21.918133	48.363263
	21.917764	48.36331
	21.917542	48.363399
	21.917416	48.363518
	21.917298	48.36367
	21.917167	48.363889
	21.916894	48.364434
	21.91673	48.364678
	21.916346	48.365213
	21.916175	48.365419
	21.915739	48.365762
	21.915275	48.365998
	21.914832	48.36615
	21.914456	48.366223
	21.914092	48.366296
	21.913614	48.36636
	21.912647	48.36647
	21.912426	48.366505
	21.912248	48.366543
	21.912091	48.366595
	21.911785	48.366776
	21.911574	48.367042
	21.911507	48.367169
	21.911461	48.367337
	21.911458	48.367492
	21.911494	48.367663
	21.911585	48.367867
	21.911739	48.368092
	21.912046	48.368397
	21.912403	48.368683
	21.912525	48.368811
	21.912604	48.368957
	21.912633	48.369076
	21.912585	48.369191
	21.912458	48.369288
	21.912261	48.369366
	21.912061	48.36941
	21.911755	48.369419
	21.911585	48.369398
	21.911291	48.369308
	21.911206	48.369279
	21.910908	48.369143
	21.910314	48.368723
	21.909966	48.368454
	21.90961	48.368229
	21.909272	48.368092
	21.908833	48.367927
	21.908007	48.367699
	21.907048	48.367514
	21.906632	48.367421
	21.906169	48.367281
	21.905741	48.367104
	21.905299	48.366829
	21.905052	48.366621
	21.90481	48.366392
	21.903905	48.365595
	21.903694	48.36543
	21.903572	48.365308
	21.903315	48.365136
	21.902881	48.364948
	21.902562	48.364867
	21.902156	48.364802
	21.901804	48.364826
	21.901545	48.364876
	21.90124	48.365005
	21.900921	48.36526
	21.90075	48.365562
	21.900652	48.365834
	21.900564	48.3662
	21.900513	48.366492
	21.900508	48.366769
	21.900501	48.366945
	21.90054	48.367125
	21.900581	48.367341
	21.900687	48.367677
	21.900914	48.368627
	21.900928	48.368874
	21.900919	48.369101
	21.900895	48.369264
	21.900821	48.369443
	21.900733	48.369607
	21.90059	48.369803
	21.900399	48.369971
	21.900185	48.370107
	21.899949	48.370192
	21.899796	48.370223
	21.899566	48.370223
	21.899309	48.370212
	21.899065	48.370177
	21.89886	48.370123
	21.898641	48.370041
	21.898368	48.369926
	21.898188	48.369826
	21.898013	48.369683
	21.89785	48.369517
	21.897696	48.369331
	21.897583	48.369149
	21.89745	48.368929
	21.897388	48.368771
	21.897341	48.368558
	21.897325	48.368308
	21.897345	48.368137
	21.897391	48.367955
	21.8975	48.367729
	21.897699	48.367404
	21.897909	48.367104
	21.898248	48.366604
	21.898481	48.366281
	21.898798	48.365831
	21.899056	48.365471
	21.899254	48.365152
	21.899403	48.364903
	21.899759	48.364268
	21.899916	48.363868
	21.899948	48.363822
	21.899955	48.363782
	21.899943	48.363679
	21.899877	48.363525
	21.899789	48.363344
	21.899593	48.363145
	21.899412	48.36299
	21.89921	48.362877
	21.89895	48.362794
	21.898683	48.362716
	21.898377	48.36265
	21.897883	48.36256
	21.897516	48.362515
	21.897229	48.36249
	21.896846	48.36248
	21.896507	48.362475
	21.896141	48.362508
	21.895829	48.362526
	21.895617	48.362557
	21.895195	48.362634
	21.894857	48.362711
	21.894408	48.362841
	21.893896	48.362993
	21.892172	48.363464
	21.891813	48.363515
	21.891404	48.363559
	21.891183	48.36359
	21.890955	48.363601
	21.890204	48.363576
	21.88993	48.363554
	21.889695	48.363525
	21.889007	48.363421
	21.888723	48.363387
	21.888522	48.363376
	21.888271	48.363392
	21.888137	48.36341
	21.888016	48.363442
	21.887753	48.363531
	21.88753	48.363627
	21.887363	48.363794
	21.887277	48.363931
	21.887237	48.364086
	21.887213	48.364313
	21.88725	48.364536
	21.887338	48.364735
	21.887595	48.365185
	21.887739	48.365365
	21.8879	48.365522
	21.88818	48.365765
	21.888429	48.365933
	21.888694	48.366073
	21.88973	48.36652
	21.890301	48.366781
	21.890564	48.36691
	21.890806	48.367045
	21.891011	48.367175
	21.891223	48.367336
	21.891432	48.367526
	21.891556	48.367669
	21.891654	48.367792
	21.891759	48.367945
	21.891788	48.368034
	21.891798	48.368179
	21.891793	48.368313
	21.891749	48.368496
	21.891646	48.368628
	21.891423	48.368795
	21.89118	48.368887
	21.890894	48.368957
	21.89066	48.369005
	21.890162	48.369113
	21.889836	48.369144
	21.889026	48.369196
	21.888131	48.369131
	21.887553	48.36904
	21.887309	48.368981
	21.887049	48.368898
	21.886745	48.368778
	21.886523	48.368657
	21.885957	48.368404
	21.885618	48.368189
	21.885242	48.367834
	21.884843	48.367539
	21.884352	48.367001
	21.884058	48.366642
	21.883922	48.366423
	21.883753	48.366143
	21.883451	48.365726
	21.883356	48.365447
	21.883187	48.364756
	21.883152	48.364693
	21.883115	48.364634
	21.883052	48.364351
	21.883001	48.363843
	21.883107	48.363243
	21.88318	48.363071
	21.883262	48.362958
	21.883475	48.362725
	21.883694	48.362502
	21.88419	48.362055
	21.884404	48.361874
	21.884596	48.361724
	21.885021	48.361494
	21.885203	48.361388
	21.886115	48.361018
	21.886571	48.360837
	21.886981	48.360632
	21.88749	48.360376
	21.887818	48.360032
	21.888085	48.35969
	21.888194	48.359462
	21.888261	48.359198
	21.88825	48.358757
	21.8882	48.358548
	21.888103	48.358371
	21.887969	48.358181
	21.887744	48.357951
	21.887343	48.357591
	21.887161	48.357452
	21.886943	48.357307
	21.886695	48.357166
	21.885643	48.35663
	21.885065	48.356346
	21.884576	48.356152
	21.884298	48.356047
	21.883897	48.356016
	21.883575	48.355994
	21.883418	48.356009
	21.88314	48.356038
	21.882878	48.356096
	21.88273	48.35615
	21.882386	48.356338
	21.882262	48.356437
	21.882127	48.356555
	21.882001	48.356699
	21.881775	48.357134
	21.881598	48.357579
	21.881565	48.357765
	21.881539	48.358214
	21.881568	48.358433
	21.88167	48.358772
	21.881791	48.359128
	21.882142	48.359792
	21.882307	48.360024
	21.882605	48.360621
	21.882689	48.360909
	21.882694	48.361185
	21.882676	48.36139
	21.88264	48.361583
	21.882528	48.361847
	21.882416	48.362017
	21.882252	48.362218
	21.882104	48.362331
	21.881835	48.362469
	21.881637	48.362538
	21.881419	48.362586
	21.881172	48.362615
	21.880914	48.362602
	21.880657	48.362568
	21.880066	48.362454
	21.879578	48.362331
	21.878961	48.362151
	21.878543	48.362054
	21.877939	48.361916
	21.876794	48.361613
	21.875912	48.361328
	21.875546	48.361195
	21.875256	48.361065
	21.874724	48.360713
	21.874603	48.360607
	21.87453	48.360531
	21.874284	48.360212
	21.874169	48.359979
	21.874111	48.359748
	21.874054	48.359495
	21.87403	48.359348
	21.874053	48.359182
	21.874109	48.358994
	21.874105	48.3589
	21.87413	48.358821
	21.874278	48.358481
	21.874346	48.35836
	21.87465	48.357976
	21.87492	48.357739
	21.875413	48.357296
	21.875587	48.357111
	21.875767	48.356879
	21.875853	48.356724
	21.875925	48.356494
	21.875905	48.356293
	21.875784	48.356149
	21.875512	48.355927
	21.87535	48.355847
	21.875181	48.355792
	21.875046	48.355754
	21.874544	48.355703
	21.874059	48.355735
	21.873816	48.355791
	21.873432	48.355844
	21.872855	48.356006
	21.872384	48.356152
	21.872263	48.3562
	21.871815	48.356454
	21.871436	48.35668
	21.870934	48.356964
	21.87069	48.357123
	21.870537	48.357237
	21.87026	48.357472
	21.87	48.357692
	21.869638	48.3579915
	21.869508	48.358099
	21.86921	48.358351
	21.868928	48.358631
	21.868522	48.358994
	21.868297	48.359178
	21.868066	48.359321
	21.867781	48.359525
	21.867522	48.359647
	21.867198	48.359799
	21.866961	48.359878
	21.866392	48.360017
	21.865875	48.360127
	21.865481	48.360186
	21.865112	48.3602
	21.864962	48.360189
	21.864544	48.360116
	21.864201	48.360005
	21.864052	48.359935
	21.863867	48.359797
	21.863763	48.359684
	21.863688	48.359578
	21.863633	48.359425
	21.863615	48.35931
	21.863617	48.359218
	21.863635	48.359125
	21.863698	48.358871
	21.863968	48.358416
	21.864089	48.358261
	21.864854	48.357385
	21.865159	48.357071
	21.865368	48.356842
	21.865453	48.356678
	21.865528	48.356563
	21.865562	48.356421
	21.865563	48.35625
	21.865516	48.356059
	21.865427	48.355895
	21.865344	48.355798
	21.86525	48.355746
	21.865048	48.355641
	21.864971	48.355614
	21.86462	48.355524
	21.864071	48.355423
	21.862968	48.355208
	21.862799	48.355235
	21.862223	48.355354
	21.861756	48.355502
	21.861427	48.355706
	21.861306	48.355807
	21.861156	48.355925
	21.860879	48.356275
	21.860739	48.356426
	21.860619	48.356565
	21.860416	48.356832
	21.860268	48.357012
	21.860079	48.357239
	21.859982	48.357417
	21.8599	48.357619
	21.859826	48.358031
	21.859739	48.359539
	21.859765	48.360097
	21.859718	48.360423
	21.859466	48.361533
	21.859351	48.361985
	21.8592	48.362444
	21.858926	48.363049
	21.858754	48.363435
	21.858495	48.363856
	21.858239	48.364145
	21.857942	48.364411
	21.857759	48.364548
	21.857268	48.364896
	21.857045	48.365031
	21.85636	48.36542
	21.855558	48.365842
	21.855087	48.366068
	21.854749	48.366172
	21.854289	48.366268
	21.853843	48.366292
	21.853627	48.36628
	21.853483	48.366266
	21.853259	48.366228
	21.85313	48.366194
	21.852811	48.366044
	21.852501	48.365871
	21.852353	48.365778
	21.851958	48.36553
	21.851668	48.365404
	21.851605	48.365385
	21.848216	48.364685
	21.847853	48.364653
	21.847192	48.364714
	21.846449	48.364576
	21.846384	48.364375
	21.846356	48.364235
	21.846238	48.36405
	21.845637	48.363887
	21.845251	48.363897
	21.844204	48.363973
	21.843496	48.363969
	21.842771	48.363931
	21.842086	48.363871
	21.841908	48.36388
	21.841305	48.363842
	21.841054	48.363817
	21.840448	48.363764
	21.839895	48.363733
	21.839599	48.363749
	21.839197	48.36369
	21.838663	48.363597
	21.838228	48.36351
	21.837875	48.36341
	21.837213	48.363253
	21.836964	48.363156
	21.836749	48.363078
	21.836475	48.362987
	21.83632	48.362911
	21.836215	48.362839
	21.836022	48.362633
	21.835817	48.362414
	21.835666	48.362237
	21.835438	48.36192
	21.835422	48.361835
	21.835251	48.36156
	21.83516	48.361288
	21.835148	48.36124
	21.835114	48.361062
	21.835166	48.360624
	21.835226	48.360203
	21.835503	48.359625
	21.835618	48.359322
	21.835642	48.35927
	21.835782	48.358756
	21.835923	48.358388
	21.835987	48.358012
	21.836067	48.357752
	21.836087	48.357505
	21.83614	48.356967
	21.83613	48.356684
	21.836133	48.356601
	21.836137	48.356531
	21.836066	48.356297
	21.836061	48.356063
	21.836096	48.355683
	21.836117	48.355282
	21.836131	48.355103
	21.83617	48.354707
	21.836151	48.354465
	21.836196	48.354296
	21.836298	48.35396
	21.836447	48.353625
	21.836514	48.353426
	21.836564	48.353294
	21.836704	48.353006
	21.836916	48.352769
	21.837095	48.352568
	21.837251	48.352353
	21.837424	48.352207
	21.83761	48.352034
	21.837607	48.35198
	21.837633	48.351925
	21.837612	48.351897
	21.837573	48.351684
	21.837617	48.351589
	21.837651	48.351432
	21.837593	48.351206
	21.837577	48.351114
	21.837577	48.350752
	21.83761	48.350478
	21.837658	48.350117
	21.837657	48.349864
	21.837608	48.349652
	21.837544	48.349055
	21.837433	48.348763
	21.837376	48.348667
	21.837215	48.348419
	21.83696	48.348121
	21.836783	48.347896
	21.836737	48.347834
	21.836614	48.347726
	21.836544	48.347627
	21.836119	48.3472
	21.835958	48.347045
	21.835621	48.34677
	21.835422	48.346606
	21.835231	48.346414
	21.835079	48.346209
	21.835053	48.34613
	21.835202	48.345737
	21.835223	48.34564
	21.835315	48.345499
	21.835396	48.345284
	21.835565	48.345056
	21.835751	48.34487
	21.835887	48.344775
	21.836068	48.344621
	21.836208	48.344496
	21.836789	48.344035
	21.837035	48.343791
	21.837172	48.343642
	21.837264	48.343492
	21.837365	48.343251
	21.837436	48.342948
	21.837443	48.342638
	21.837406	48.342463
	21.837325	48.342263
	21.836884	48.341847
	21.83629	48.341582
	21.836073	48.341491
	21.835758	48.341376
	21.834649	48.341005
	21.834486	48.340902
	21.834072	48.340696
	21.833776	48.340472
	21.833635	48.340313
	21.833567	48.340223
	21.833402	48.339838
	21.8333	48.339586
	21.833213	48.339205
	21.833247	48.338819
	21.833289	48.338645
	21.833257	48.338378
	21.83322	48.338137
	21.833706	48.337962
	21.833802	48.337919
	21.833879	48.337872
	21.834065	48.337761
	21.834135	48.337731
	21.834385	48.337632
	21.83454	48.337529
	21.834831	48.33729
	21.835009	48.337132
	21.83522	48.336677
	21.83531	48.336396
	21.835342	48.336154
	21.835369	48.335929
	21.835376	48.33584
	21.835392	48.335618
	21.835385	48.335479
	21.83538	48.33515
	21.83533	48.334853
	21.835203	48.334641
	21.834382	48.334139
	21.834041	48.334044
	21.833721	48.333997
	21.833493	48.333992
	21.833337	48.333992
	21.832958	48.333995
	21.832552	48.333986
	21.831475	48.333999
	21.830659	48.334021
	21.82949	48.334057
	21.828605	48.33401
	21.828258	48.333991
	21.82792	48.333999
	21.827697	48.334005
	21.827153	48.334122
	21.827036	48.334138
	21.826503	48.334151
	21.826243	48.334152
	21.826013	48.334128
	21.825568	48.334114
	21.825339	48.334112
	21.825163	48.334063
	21.824931	48.333953
	21.824856	48.333913
	21.824633	48.33381
	21.824207	48.333653
	21.823958	48.333521
	21.823711	48.333368
	21.823598	48.333241
	21.823504	48.333156
	21.82338	48.333077
	21.823224	48.332947
	21.822955	48.332768
	21.822724	48.33264
	21.82258	48.332609
	21.822332	48.332582
	21.821987	48.332649
	21.82176	48.332694
	21.821552	48.332812
	21.821247	48.332952
	21.820845	48.333132
	21.820741	48.333185
	21.820602	48.333266
	21.820492	48.333341
	21.820407	48.333405
	21.820233	48.333524
	21.819969	48.333679
	21.81982	48.333718
	21.819681	48.333698
	21.819577	48.333652
	21.819441	48.333584
	21.819105	48.333401
	21.818742	48.333209
	21.818484	48.33309
	21.818149	48.332982
	21.817602	48.332809
	21.817414	48.332787
	21.817235	48.332821
	21.817082	48.332872
	21.8169478	48.3328987
	21.81693	48.332996
	21.816897	48.333044
	21.816764	48.333295
	21.816805	48.333386
	21.816908	48.333519
	21.817065	48.333744
	21.817202	48.333965
	21.817244	48.334041
	21.817307	48.334172
	21.817413	48.334394
	21.817578	48.334679
	21.817716	48.334835
	21.817843	48.334957
	21.81796	48.335057
	21.818115	48.33519
	21.818174	48.33525
	21.81832	48.335415
	21.818379	48.335488
	21.818423	48.335556
	21.818524	48.335734
	21.81859	48.33591
	21.818716	48.336261
	21.818778	48.33645
	21.818789	48.336606
	21.818778	48.336696
	21.818747	48.336776
	21.818707	48.336863
	21.818645	48.336955
	21.818486	48.337092
	21.818312	48.337127
	21.818155	48.337124
	21.817829	48.337055
	21.817694	48.337025
	21.81724	48.336946
	21.816791	48.336909
	21.816577	48.336887
	21.816354	48.336852
	21.816183	48.336865
	21.816065	48.33691
	21.815981	48.336972
	21.815946	48.337011
	21.815915	48.337064
	21.815899	48.337146
	21.815874	48.337254
	21.815854	48.337327
	21.815772	48.337473
	21.815674	48.337642
	21.815525	48.337713
	21.815437	48.337709
	21.81529	48.337682
	21.815164	48.337649
	21.815048	48.337613
	21.814839	48.337562
	21.814298	48.337432
	21.814012	48.337372
	21.81376	48.337352
	21.813614	48.337378
	21.813516	48.337442
	21.813449	48.337529
	21.813386	48.337632
	21.813254	48.337869
	21.813197	48.337992
	21.813016	48.338108
	21.812823	48.338169
	21.812618	48.3382
	21.812416	48.338167
	21.812129	48.338111
	21.811854	48.338005
	21.811679	48.337936
	21.811168	48.338114
	21.810992	48.33819
	21.810815	48.33828
	21.8107258	48.3383294
	21.810712	48.338337
	21.810678	48.338355
	21.810637	48.338385
	21.810371	48.338591
	21.809426	48.339124
	21.809232	48.339183
	21.809049	48.339187
	21.808892	48.339185
	21.808758	48.339153
	21.808578	48.339101
	21.808509	48.339065
	21.808432	48.33902
	21.808188	48.3388
	21.808097	48.338719
	21.807911	48.338595
	21.807112	48.338138
	21.806999	48.338099
	21.806759	48.338089
	21.806695	48.338094
	21.806459	48.338107
	21.805804	48.338239
	21.805275	48.338439
	21.804894	48.338619
	21.804682	48.338747
	21.804551	48.33886
	21.80437	48.339113
	21.804297	48.33917
	21.804239	48.33921
	21.804137	48.33924
	21.804005	48.339259
	21.80368	48.339306
	21.80359	48.339317
	21.803521	48.339346
	21.803439	48.339388
	21.803391	48.339424
	21.803354	48.339502
	21.803334	48.339583
	21.803341	48.339664
	21.803508	48.340064
	21.803531	48.34016
	21.803534	48.340215
	21.803507	48.340291
	21.803135	48.340936
	21.803073	48.340979
	21.803	48.341008
	21.802904	48.341027
	21.802755	48.341036
	21.802344	48.340998
	21.802097	48.340976
	21.80173	48.34096
	21.801179	48.34099
	21.800894	48.341013
	21.800742	48.341053
	21.800288	48.341187
	21.800106	48.341269
	21.80001	48.341346
	21.799564	48.341718
	21.79912	48.342053
	21.799049	48.342087
	21.798625	48.342404
	21.798477	48.342472
	21.798397	48.342488
	21.798282	48.342466
	21.798201	48.342442
	21.79742	48.342155
	21.796762	48.341934
	21.796266	48.341674
	21.795989	48.34155
	21.795703	48.341435
	21.79556	48.341371
	21.795384	48.34128
	21.794862	48.341004
	21.794657	48.340903
	21.794382	48.340804
	21.794184	48.340743
	21.793992	48.340701
	21.793787	48.340673
	21.793632	48.34067
	21.793517	48.340661
	21.793314	48.340679
	21.79252	48.340751
	21.79203	48.340802
	21.791722	48.340828
	21.79136	48.340889
	21.791058	48.340986
	21.79071	48.341078
	21.790111	48.341103
	21.789965	48.341073
	21.789476	48.34094
	21.787905	48.340238
	21.787514	48.340139
	21.787225	48.34009
	21.786859	48.340059
	21.786677	48.339989
	21.786286	48.339796
	21.786129	48.339742
	21.785958	48.339713
	21.785476	48.339651
	21.785293	48.339618
	21.784956	48.339551
	21.784412	48.339477
	21.784145	48.339407
	21.78401	48.339363
	21.78302	48.338943
	21.782812	48.338926
	21.782708	48.338935
	21.782462	48.338972
	21.782291	48.339013
	21.780366	48.339555
	21.778145	48.340176
	21.777909	48.340224
	21.777722	48.340254
	21.777352	48.340295
	21.777233	48.340299
	21.776513	48.340295
	21.77604	48.340218
	21.775726	48.340137
	21.775485	48.340062
	21.775211	48.339953
	21.774748	48.339776
	21.774276	48.339611
	21.77397	48.339526
	21.773684	48.339474
	21.773494	48.339459
	21.773109	48.33942
	21.770508	48.33928
	21.767397	48.339133
	21.767278	48.339129
	21.7669544	48.3391076
	21.765707	48.339025
	21.764572	48.339006
	21.764472	48.33899
	21.764305	48.338995
	21.764221	48.338993
	21.764055	48.339036
	21.763465	48.3395
	21.76321	48.339622
	21.763045	48.339681
	21.762735	48.33977
	21.762526	48.339846
	21.762276	48.339958
	21.762107	48.340045
	21.76183	48.340222
	21.761615	48.340399
	21.761376	48.340617
	21.76126	48.340762
	21.761153	48.340973
	21.760929	48.341486
	21.760591	48.342396
	21.760411	48.342623
	21.760227	48.342771
	21.75969	48.343031
	21.759089	48.343189
	21.759043	48.343228
	21.758788	48.343362
	21.758512	48.34351
	21.756297	48.344717
	21.755166	48.345341
	21.755002	48.345458
	21.754712	48.345629
	21.754364	48.345784
	21.753803	48.345992
	21.753277	48.346136
	21.752826	48.346197
	21.752446	48.346224
	21.751176	48.346251
	21.750113	48.346291
	21.749188	48.346359
	21.748983	48.346407
	21.747581	48.346963
	21.747278	48.347115
	21.745993	48.348112
	21.745404	48.348558
	21.745251	48.348647
	21.745009	48.348733
	21.743652	48.349064
	21.743268	48.349101
	21.742331	48.348993
	21.742131	48.348937
	21.742032	48.348885
	21.741797	48.348746
	21.741639	48.348615
	21.741533	48.348546
	21.74137	48.348529
	21.741187	48.348531
	21.740356	48.348627
	21.739554	48.348773
	21.738543	48.349035
	21.736871	48.349494
	21.736676	48.349531
	21.736293	48.349594
	21.735767	48.34964
	21.735438	48.349645
	21.735345	48.349643
	21.734926	48.349594
	21.733779	48.349463
	21.731969	48.34925
	21.730472	48.349075
	21.729669	48.349006
	21.729418	48.348987
	21.729086	48.348983
	21.728652	48.349004
	21.72821	48.349044
	21.727283	48.349114
	21.725786	48.349353
	21.724932	48.349543
	21.724435	48.349682
	21.724003	48.349848
	21.723363	48.350121
	21.723053	48.350291
	21.722385	48.350705
	21.72197	48.351055
	21.721552	48.351557
	21.7214196	48.3517276
	21.7182091	48.3464213
	21.7163348	48.3434144
	21.7162374	48.3415137
	21.7168132	48.3415006
	21.716179	48.3403745
	21.7155152	48.3384867
	21.7154372	48.3369637
	21.7159255	48.3354277
	21.7158865	48.3346662
	21.7175261	48.333104
	21.7186395	48.3327005
	21.719723	48.3315353
	21.7202399	48.3303768
	21.7196449	48.3300122
	21.7167363	48.328938
	21.7172986	48.3285696
	21.7146172	48.3280145
	21.7138615	48.3278559
	21.7137627	48.3278331
	21.7133129	48.3277489
	21.71215	48.327437
	21.7120225	48.3273947
	21.7118154	48.3273259
	21.7115906	48.3271968
	21.7110126	48.3268648
	21.7105296	48.3266169
	21.7098968	48.3264368
	21.7089669	48.3262589
	21.7083755	48.3261634
	21.7081066	48.3261199
	21.7071658	48.3262025
	21.7035292	48.3265236
	21.7029161	48.3265868
	21.7023405	48.3265999
	21.7017742	48.3266127
	21.6989242	48.3266773
	21.6960261	48.3259804
	21.6942793	48.3252575
	21.693118	48.3248994
	21.691352	48.3237988
	21.6907765	48.3238118
	21.6896248	48.3234597
	21.6889911	48.3223273
	21.6894652	48.3218733
	21.6900753	48.321289
	21.6906219	48.3207656
	21.6900365	48.3204008
	21.6894317	48.319652
	21.689393	48.3188905
	21.6893828	48.318689
	21.6893544	48.3181289
	21.6899015	48.3177385
	21.689882	48.3173546
	21.6887212	48.3170027
	21.688702	48.316625
	21.6886634	48.3158635
	21.6874637	48.3147438
	21.6874255	48.3139885
	21.6885671	48.3139627
	21.6902553	48.3135403
	21.6908308	48.3135273
	21.6919532	48.3131239
	21.6930948	48.3130981
	21.6935507	48.3127672
	21.6936414	48.3127014
	21.6936312	48.3125008
	21.6936222	48.3123238
	21.6930366	48.3119527
	21.6929752	48.3118779
	21.6926029	48.311424
	21.6924225	48.3112041
	21.6923496	48.3107109
	21.6922646	48.3101363
	21.691932	48.3097653
	21.6917931	48.3096843
	21.6911846	48.3093292
	21.690957	48.3092602
	21.6900239	48.3089773
	21.689555	48.3089878
	21.6894578	48.30899
	21.6888722	48.3086189
	21.6871554	48.3086577
	21.6870785	48.3071408
	21.6864739	48.306392
	21.6864544	48.3060081
	21.6858791	48.3060211
	21.6855381	48.3059031
	21.6850768	48.305846
	21.6846476	48.3058888
	21.6836055	48.3060723
	21.6824835	48.3064819
	21.6819272	48.3068725
	21.681711	48.3068417
	21.6796345	48.3065459
	21.6788063	48.3060293
	21.6784546	48.30581
	21.6778599	48.3054391
	21.6775419	48.3052407
	21.6766801	48.3047032
	21.676114	48.3047159
	21.6760949	48.3043382
	21.6767945	48.3038389
	21.6771979	48.303551
	21.6772991	48.3034787
	21.6777449	48.3031606
	21.6777409	48.303081
	21.6777087	48.3024435
	21.6776871	48.3020152
	21.677668	48.3016376
	21.6778763	48.3011741
	21.6780316	48.3008286
	21.6781858	48.3004854
	21.6781724	48.3002203
	21.6781664	48.3001015
	21.6780489	48.299974
	21.6779422	48.2999209
	21.6775721	48.2997368
	21.6780514	48.2978231
	21.6774762	48.297836
	21.6768524	48.2967033
	21.6775432	48.2959608
	21.6789114	48.29449
	21.6790198	48.2943735
	21.6794222	48.2940927
	21.6795664	48.2939769
	21.6795277	48.293211
	21.6794626	48.2919209
	21.6794154	48.2909864
	21.6793213	48.2891229
	21.6790851	48.2844447
	21.6790711	48.2841676
	21.6790532	48.2838112
	21.6789134	48.2810429
	21.6783476	48.2810556
	21.6770917	48.2788028
	21.6764973	48.2784318
	21.6759316	48.2784445
	21.6759125	48.2780668
	21.6758357	48.2765437
	21.6752033	48.2754174
	21.6746182	48.2750462
	21.6745992	48.2746685
	21.6745415	48.2735231
	21.6750881	48.2731327
	21.6762095	48.2727232
	21.6767655	48.2723326
	21.6767464	48.2719549
	21.676133	48.2712063
	21.674973	48.270848
	21.6744073	48.2708607
	21.6738324	48.2708736
	21.673286	48.2712702
	21.672126	48.2709119
	21.672107	48.2705342
	21.6720877	48.2701503
	21.6726436	48.2697598
	21.6726053	48.2689982
	21.6811446	48.2573822
	21.6821797	48.2554559
	21.6821413	48.2546944
	21.6836448	48.2504702
	21.6852929	48.2492925
	21.6852544	48.2485309
	21.6863752	48.2481213
	21.6860288	48.2412734
	21.6832028	48.2417214
	21.6809227	48.2417728
	21.6778663	48.2376513
	21.6765729	48.2346306
	21.6760076	48.2346433
	21.6759885	48.2342656
	21.6765538	48.2342529
	21.6759695	48.2338879
	21.687447	48.2016313
	21.6844985	48.1997948
	21.6698723	48.1921275
END
END
