9644347
1
	19.0685833	47.8124167
	19.0720701	47.8096725
	19.0807878	47.8044994
	19.0929415	47.798296
	19.1043913	47.7924897
	19.111343	47.7881458
	19.1222153	47.7769158
	19.1282008	47.7664773
	19.129482	47.7630271
	19.1311807	47.758452
	19.1313679	47.7530739
	19.1321761	47.749547
	19.1324557	47.7452882
	19.1327056	47.7414814
	19.1326914	47.7380494
	19.13213	47.736041
	19.1304389	47.7323476
	19.1281943	47.727383
	19.1268322	47.72437
	19.126379	47.7175529
	19.1309767	47.7171187
	19.1372201	47.7155371
	19.1394156	47.7140532
	19.1436982	47.7194045
	19.1463302	47.7177837
	19.1503775	47.7150401
	19.1507107	47.7148134
	19.1525589	47.717114
	19.1561647	47.7148407
	19.159673	47.7129567
	19.1604991	47.7126174
	19.1608693	47.7125668
	19.161159	47.7125452
	19.1617812	47.7127004
	19.1628005	47.7129458
	19.1665985	47.7130541
	19.1668345	47.7068961
	19.1668774	47.7040226
	19.1668399	47.7031814
	19.1670898	47.7026926
	19.1700585	47.696885
	19.1721904	47.6932075
	19.1876079	47.6833338
	19.1918433	47.6812254
	19.2053115	47.675161
	19.213763	47.6728625
	19.2250169	47.6694189
	19.2267127	47.6690321
	19.2283979	47.6682735
	19.2334585	47.6648386
	19.2351408	47.6633115
	19.2368336	47.6621686
	19.2430091	47.6579692
	19.2447072	47.6583444
	19.2452695	47.6591056
	19.2480939	47.6613873
	19.2492206	47.6610012
	19.2497892	47.6610002
	19.2520408	47.6621426
	19.2543045	47.664041
	19.2560249	47.6630554
	19.2589031	47.6656182
	19.2598784	47.6664035
	19.2616472	47.6674544
	19.2633412	47.6689694
	19.2661732	47.6727751
	19.2673032	47.6731509
	19.270126	47.6746699
	19.2712479	47.6731433
	19.2718184	47.6735264
	19.2723763	47.6731411
	19.2751993	47.67466
	19.2769032	47.676181
	19.2774611	47.6757957
	19.2785896	47.6757935
	19.2808498	47.6765511
	19.2819766	47.6761708
	19.2831051	47.6761685
	19.2847983	47.6773053
	19.2879261	47.6774924
	19.2907969	47.6776431
	19.2921324	47.6780521
	19.2989032	47.67994
	19.3008744	47.6813502
	19.3039937	47.6833556
	19.3073648	47.6822079
	19.3118657	47.679533
	19.318614	47.6768528
	19.3197464	47.6776123
	19.3220152	47.6798874
	19.3242903	47.6833087
	19.3265545	47.6863521
	19.3271295	47.6874909
	19.3282622	47.6882503
	19.328822	47.688249
	19.32882	47.687871
	19.3310753	47.6874812
	19.3316371	47.6878641
	19.3333327	47.6874757
	19.3445905	47.6855449
	19.3541706	47.6839954
	19.3547303	47.683994
	19.3547326	47.6843781
	19.3558589	47.6839909
	19.3564278	47.6839894
	19.3569898	47.6843721
	19.3575495	47.6843706
	19.3586759	47.6839834
	19.3592448	47.6839819
	19.3598068	47.6843645
	19.3603825	47.6855032
	19.3615088	47.6851159
	19.3626283	47.6851129
	19.3654476	47.683965
	19.3665762	47.6839618
	19.3688266	47.6843398
	19.3705311	47.6854752
	19.3699669	47.686239
	19.3699692	47.686617
	19.3688429	47.6870044
	19.36829	47.6881461
	19.3688498	47.6881445
	19.367166	47.6889114
	19.3671683	47.6892894
	19.36492	47.69082
	19.3649223	47.691198
	19.365489	47.6908184
	19.3654912	47.6911964
	19.3666246	47.6919555
	19.3655004	47.6927208
	19.3655028	47.693105
	19.3643785	47.6938703
	19.3677674	47.6957633
	19.3683411	47.6965239
	19.3677743	47.6969035
	19.3672214	47.6980452
	19.3677836	47.6984279
	19.3706082	47.6980358
	19.3717256	47.6976547
	19.3739739	47.6961239
	19.3767844	47.6949758
	19.3773582	47.6957363
	19.3784847	47.6953489
	19.3790493	47.6961095
	19.3767963	47.6968781
	19.37511	47.6972671
	19.3739857	47.6980263
	19.3694909	47.6999475
	19.3655533	47.7014766
	19.3621709	47.702248
	19.3610419	47.7022511
	19.3616201	47.7037739
	19.3621959	47.7064369
	19.363901	47.7090969
	19.3649461	47.7096176
	19.3718709	47.7091213
	19.3768699	47.7098348
	19.3805746	47.7106491
	19.389252	47.7149902
	19.3905057	47.7189161
	19.3900043	47.720413
	19.3905109	47.7215239
	19.3918597	47.7231572
	19.3931186	47.7240645
	19.3974349	47.7290245
	19.3989635	47.7302342
	19.4006888	47.7309705
	19.4022007	47.7319882
	19.4036431	47.7335929
	19.4048984	47.7346493
	19.4011001	47.7420512
	19.4009274	47.7430962
	19.4020784	47.7456116
	19.4044955	47.7471304
	19.4012583	47.7539503
	19.4008704	47.7542996
	19.4009706	47.7551594
	19.4020487	47.758054
	19.3998061	47.7646113
	19.4009521	47.766485
	19.4009453	47.7676045
	19.4026603	47.768757
	19.4043705	47.7714097
	19.4066379	47.7733148
	19.4083492	47.7733107
	19.4094464	47.772928
	19.4134205	47.7710079
	19.4150898	47.7710066
	19.4155841	47.7713596
	19.41611	47.7785123
	19.4208429	47.7804074
	19.4268529	47.7965887
	19.4464129	47.8025257
	19.4250233	47.8166597
	19.4216463	47.816675
	19.4188184	47.8163017
	19.4176501	47.8163017
	19.4154103	47.8159338
	19.4120344	47.8159338
	19.4109026	47.81632
	19.4086344	47.8178544
	19.4069553	47.8186202
	19.4035585	47.8182548
	19.400172	47.8190171
	19.3979181	47.8201726
	19.395117	47.8217031
	19.3939688	47.8220912
	19.3881382	47.821792
	19.3810052	47.8213745
	19.3798362	47.8201956
	19.3786858	47.8190723
	19.3762028	47.8187011
	19.3589138	47.8191383
	19.3577765	47.8187565
	19.3555081	47.8187501
	19.3425913	47.8241233
	19.331893	47.8306014
	19.3301601	47.8317661
	19.3268645	47.8318007
	19.3245274	47.8325689
	19.3024128	47.8298931
	19.3006136	47.8295576
	19.2758517	47.8250433
	19.2691348	47.8260351
	19.2623001	47.8273459
	19.260162	47.8275877
	19.2528411	47.8254098
	19.2378155	47.8256482
	19.2338765	47.8270036
	19.2312022	47.8251228
	19.2266811	47.8281883
	19.2221554	47.8316235
	19.2216082	47.833509
	19.2204802	47.8354233
	19.2159658	47.8369632
	19.2102877	47.8384912
	19.2097455	47.8388811
	19.2086016	47.8388815
	19.2081191	47.8407352
	19.2080777	47.8419122
	19.2058832	47.8426621
	19.2007965	47.8438147
	19.1990628	47.8438197
	19.1967703	47.8442107
	19.1877345	47.8468876
	19.1860508	47.8476475
	19.1854903	47.8476406
	19.1837789	47.84803
	19.1826543	47.8480323
	19.1815312	47.8488058
	19.1803847	47.8491785
	19.179816	47.8476535
	19.178692	47.8476525
	19.1781185	47.8468975
	19.1770135	47.8472716
	19.1758283	47.8480491
	19.1747227	47.8484256
	19.1730194	47.8484178
	19.1730298	47.8480471
	19.1719046	47.8480478
	19.1701305	47.8488858
	19.1684563	47.8488208
	19.1674581	47.8480349
	19.1682417	47.8473148
	19.1679785	47.8465692
	19.1678526	47.8463932
	19.1670431	47.8452614
	19.1638025	47.8445436
	19.1572806	47.8468018
	19.1428539	47.8491505
	19.1089224	47.8505663
	19.100878	47.8472042
	19.0987894	47.8418538
	19.0964689	47.8409033
	19.0961806	47.8408769
	19.0916852	47.840465
	19.0885015	47.8387553
	19.0864983	47.8382066
	19.0870683	47.8374442
	19.0870672	47.8359261
	19.0864966	47.8359263
	19.0859347	47.8351644
	19.0859344	47.8347802
	19.0864952	47.8340179
	19.086494	47.8324998
	19.0859324	47.8321158
	19.0853606	47.8302137
	19.08536	47.8294515
	19.0847982	47.8286896
	19.0849602	47.8271458
	19.0842962	47.8265873
	19.0833742	47.8262142
	19.083119	47.8261041
	19.0824935	47.8261527
	19.0808398	47.8259895
	19.0796379	47.8253699
	19.0791779	47.8248569
	19.0789636	47.8244753
	19.0785755	47.8241247
	19.0768822	47.823363
	19.0757504	47.8229853
	19.0757498	47.821839
	19.0746174	47.8203149
	19.0729241	47.8191752
	19.072353	47.817651
	19.0717915	47.816889
	19.071221	47.8165111
	19.0685833	47.8124167
END
END
