9644302
1
	21.0787586	48.0020777
	21.0815384	48.0020069
	21.0832989	48.0019984
	21.0860138	47.9989076
	21.0859878	47.9983782
	21.0858647	47.9970097
	21.0861614	47.9967839
	21.0869902	47.996188
	21.0931047	47.9915501
	21.0964107	47.9892049
	21.0991629	47.9868693
	21.1046184	47.9814426
	21.1046575	47.9812116
	21.1047491	47.9805731
	21.1051631	47.9785176
	21.1055739	47.9768577
	21.1061067	47.9760859
	21.1019386	47.9711047
	21.1021332	47.971128
	21.1023942	47.9711793
	21.1030662	47.9708093
	21.1035663	47.9706856
	21.1042006	47.9707892
	21.1046617	47.9711256
	21.1049851	47.9713075
	21.1052351	47.9713427
	21.1055651	47.9712324
	21.1060087	47.970959
	21.1062963	47.9706966
	21.1065388	47.9705516
	21.1067849	47.9705769
	21.107455	47.970834
	21.1081427	47.9712904
	21.1087235	47.9717255
	21.1091157	47.971844
	21.1094953	47.9716092
	21.1097707	47.9712199
	21.1100489	47.9708325
	21.1105884	47.970533
	21.1114862	47.9697023
	21.1120871	47.9695029
	21.1132065	47.9691049
	21.1144643	47.9679963
	21.1220012	47.9620932
	21.12312	47.9609157
	21.1248032	47.9601487
	21.1275101	47.9574131
	21.1344992	47.9614905
	21.146025	47.9532673
	21.147171	47.9543731
	21.1484204	47.9562907
	21.1514919	47.9619731
	21.1509192	47.9623333
	21.151047	47.9646164
	21.151596	47.9649709
	21.1753622	47.963041
	21.1835967	47.9575584
	21.1841556	47.9575442
	21.1864745	47.9578714
	21.1875317	47.9571039
	21.1881448	47.9574609
	21.1904066	47.9570347
	21.1915298	47.9574133
	21.1943852	47.95773
	21.1960767	47.9569462
	21.1976998	47.9557841
	21.2000043	47.9545569
	21.211064	47.9498133
	21.2149694	47.9478067
	21.2177875	47.9462631
	21.2188286	47.9458726
	21.2216606	47.9438919
	21.2266452	47.9426481
	21.2294423	47.9418626
	21.2316542	47.9406897
	21.2336827	47.9349081
	21.236163	47.9332229
	21.2402955	47.9305869
	21.2476234	47.928535
	21.2492957	47.9285138
	21.2514822	47.9281185
	21.2532237	47.927688
	21.2548849	47.9268897
	21.2599092	47.9252701
	21.2615892	47.9244644
	21.2614392	47.9214481
	21.2625098	47.9191231
	21.2630421	47.9187556
	21.2616295	47.9118779
	21.2649173	47.9095639
	21.2709473	47.9048785
	21.2978035	47.9104006
	21.3041645	47.9130052
	21.304288	47.9160326
	21.320399	47.9199288
	21.3401834	47.9214426
	21.3487146	47.9216464
	21.3560886	47.9215006
	21.356041	47.92073
	21.357167	47.9199488
	21.3582613	47.9195503
	21.3588085	47.9191729
	21.3616044	47.9187217
	21.3706583	47.9181705
	21.3758158	47.9191991
	21.3775307	47.9199329
	21.3809915	47.9210052
	21.3877432	47.9201036
	21.3928431	47.9203899
	21.3945416	47.9199731
	21.4002852	47.9206154
	21.4025102	47.9205692
	21.4048196	47.9212844
	21.4070379	47.9212299
	21.4098877	47.9208147
	21.4138268	47.9207285
	21.4167318	47.9221816
	21.418437	47.9225335
	21.42069	47.9221143
	21.4257627	47.9223601
	21.4297699	47.922699
	21.4311794	47.9287452
	21.4362654	47.9275006
	21.4407666	47.9274196
	21.4453521	47.9276634
	21.4533406	47.9282749
	21.4566658	47.9278412
	21.4611912	47.9277601
	21.4723941	47.9256178
	21.4827009	47.9261409
	21.4945869	47.9258953
	21.4967503	47.925477
	21.497392	47.9266021
	21.4974911	47.9285016
	21.4980462	47.9288869
	21.4981255	47.9304011
	21.4993546	47.9322939
	21.4994341	47.9341796
	21.4995585	47.9368426
	21.4992275	47.9418026
	21.5077426	47.9420009
	21.507832	47.9439083
	21.5103757	47.9499482
	21.5100099	47.9541466
	21.5101168	47.9564256
	21.511358	47.9586867
	21.5133224	47.9643544
	21.5140639	47.9681511
	21.5141533	47.9700524
	21.5147967	47.9715637
	21.5154308	47.9730752
	21.5188336	47.973003
	21.5207456	47.977531
	21.5214071	47.9794201
	21.5221672	47.9835945
	21.5187908	47.9840444
	21.5131363	47.9845487
	21.5097597	47.9849983
	21.5092058	47.9853944
	21.5093666	47.988819
	21.5100505	47.9926167
	21.5101886	47.9941328
	21.510461	47.995045
	21.5108229	47.9956443
	21.5195261	47.9996441
	21.5287576	48.0028757
	21.5299194	48.0036134
	21.5315772	48.0146246
	21.5318297	48.0199504
	21.5346239	48.0309373
	21.535868	48.0331981
	21.5360124	48.0362387
	21.5372025	48.0373601
	21.5367927	48.0407968
	21.5380551	48.0434354
	21.5400347	48.0491022
	21.5429968	48.0517044
	21.5407611	48.0525147
	21.5357262	48.0541472
	21.5340447	48.0545613
	21.5329269	48.0549695
	21.5249839	48.0551386
	21.5199839	48.057526
	21.5115753	48.0599915
	21.5065388	48.0616228
	21.5054203	48.0620245
	21.5014482	48.0621082
	21.4975474	48.0637152
	21.4964468	48.0645008
	21.4953282	48.0649024
	21.4925456	48.0661076
	21.4886087	48.0669526
	21.4874724	48.0669764
	21.4863713	48.0677557
	21.4846893	48.0681752
	21.482452	48.0689844
	21.4779333	48.0694568
	21.4756959	48.0702659
	21.4723748	48.072238
	21.4706925	48.0726573
	21.4684371	48.0730823
	21.4667018	48.0723559
	21.4643938	48.0716414
	21.4638128	48.0712753
	21.4626589	48.0709211
	21.4621127	48.0713105
	21.4615399	48.0713224
	21.4609589	48.0709563
	21.4603861	48.0709682
	21.455867	48.0714397
	21.4530132	48.0711206
	21.4507228	48.0707835
	21.4449014	48.0678599
	21.4437568	48.0674991
	21.4403129	48.0668074
	21.4397749	48.0675809
	21.4392289	48.0679764
	21.4375462	48.0683891
	21.4362711	48.0653717
	21.4359759	48.0589002
	21.4364699	48.0573652
	21.4362964	48.0535628
	21.4368171	48.0524116
	21.4367476	48.0508881
	21.4372587	48.0497309
	21.4366609	48.0489869
	21.4359841	48.0467135
	21.4324297	48.0433585
	21.4289704	48.0422887
	21.4244271	48.0423815
	21.4233351	48.0431662
	21.4216784	48.0443405
	21.4211322	48.0447298
	21.4211496	48.0451137
	21.4205942	48.0455031
	21.4200308	48.0455146
	21.4194928	48.046288
	21.4184695	48.0485961
	21.4173852	48.0497587
	21.4163181	48.0513053
	21.4146531	48.0521016
	21.4140976	48.052491
	21.4124155	48.0529094
	21.4112621	48.0525485
	21.4089213	48.0510711
	21.4076826	48.0488152
	21.4075283	48.0453905
	21.4080665	48.0446171
	21.4080152	48.0434776
	21.4091167	48.0426929
	21.4101745	48.0411466
	21.4118314	48.0399724
	21.4123603	48.0391992
	21.4140512	48.0387806
	21.4145974	48.0383914
	21.4156642	48.0368448
	21.4156127	48.0357053
	21.4126921	48.0338555
	21.4121026	48.0334893
	21.4080639	48.0320464
	21.4057584	48.0313307
	21.4028901	48.0306325
	21.4017545	48.0306554
	21.4006189	48.0306784
	21.3989202	48.0307127
	21.3961028	48.0311477
	21.394421	48.0315597
	21.388282	48.0339705
	21.3865907	48.0343826
	21.384909	48.0348007
	21.3832101	48.0348348
	21.3809388	48.0348803
	21.3786504	48.0345418
	21.3780871	48.0345531
	21.3769515	48.0345758
	21.3752358	48.034232
	21.376287	48.032308
	21.3762699	48.0319241
	21.3767995	48.0311572
	21.3767824	48.0307733
	21.3784305	48.0295998
	21.3795321	48.0288153
	21.3800706	48.0280421
	21.3805998	48.027269
	21.3811554	48.0268798
	21.3811215	48.0261181
	21.380532	48.0257455
	21.3799521	48.0253791
	21.379935	48.0249951
	21.3793626	48.0250065
	21.3782272	48.0250293
	21.3771088	48.025436
	21.3754441	48.0262317
	21.3748977	48.0266207
	21.373796	48.0274052
	21.3721557	48.0289628
	21.3716093	48.0293518
	21.3688763	48.0316935
	21.3688782	48.0326933
	21.3683079	48.0326321
	21.3654877	48.0323164
	21.3636498	48.0322985
	21.362119	48.0321874
	21.3600728	48.0323869
	21.3564441	48.0330812
	21.3541897	48.0335102
	21.3525075	48.0339216
	21.350792	48.0335774
	21.3502027	48.0332048
	21.3496229	48.0328381
	21.349606	48.0324542
	21.3488665	48.0286629
	21.3488331	48.0279011
	21.3476567	48.0267839
	21.3470675	48.0264112
	21.34473	48.0249387
	21.3429812	48.0238265
	21.339525	48.022754
	21.3366578	48.022048
	21.3332443	48.021737
	21.3298381	48.0218038
	21.326465	48.0226322
	21.3270538	48.0229988
	21.3265146	48.0237718
	21.3259846	48.0245446
	21.3244181	48.0276187
	21.3233324	48.0287866
	21.3227764	48.0291756
	21.3211271	48.0303483
	21.3194613	48.0311432
	21.3177699	48.0315605
	21.3166507	48.0319604
	21.3155243	48.0319824
	21.313253	48.0320266
	21.3115542	48.0320596
	21.3075257	48.0309973
	21.3069625	48.0310083
	21.3063827	48.0306352
	21.3040952	48.0303015
	21.3029431	48.0299395
	21.2995201	48.0296276
	21.2972254	48.0289096
	21.2966368	48.0285428
	21.2943819	48.0289645
	21.2932463	48.0289864
	21.2933116	48.0305099
	21.2928299	48.0324221
	21.2952319	48.0354254
	21.2958768	48.0373158
	21.2953462	48.0380884
	21.2947899	48.0384773
	21.2936541	48.0384992
	21.2930746	48.0381323
	21.2907052	48.0358907
	21.2884104	48.0351725
	21.2866697	48.0344436
	21.2855014	48.0337036
	21.2843983	48.0344872
	21.2832882	48.0348928
	21.2827318	48.0352816
	21.2810492	48.0356982
	21.2799296	48.0360978
	21.2782306	48.0361303
	21.2748395	48.0365733
	21.2725519	48.0362389
	21.2691862	48.0370656
	21.2664067	48.0386433
	21.2658434	48.0386541
	21.2641926	48.039826
	21.2625486	48.041382
	21.261445	48.0421654
	21.2614609	48.0425432
	21.259343	48.0460111
	21.2588507	48.0479233
	21.2583516	48.0494575
	21.2585443	48.054022
	21.2591561	48.055157
	21.2598092	48.0570475
	21.2598413	48.0578092
	21.260437	48.0585603
	21.2604692	48.0593221
	21.2599217	48.0597106
	21.2593489	48.0597214
	21.2588014	48.0601099
	21.2582127	48.059743
	21.2570605	48.0593868
	21.2559013	48.0586464
	21.254096	48.0563934
	21.2529439	48.0560372
	21.2511961	48.0549236
	21.2477236	48.0534644
	21.2431405	48.0524104
	21.2420044	48.0524318
	21.240273	48.051702
	21.2379371	48.0502212
	21.2379055	48.0494656
	21.2361263	48.04759
	21.2355061	48.0464612
	21.2343383	48.0457208
	21.2320281	48.0446236
	21.2285411	48.0427861
	21.2267942	48.0416722
	21.2256426	48.0413156
	21.2238709	48.039824
	21.222681	48.0383214
	21.2220612	48.0371925
	21.2219979	48.035669
	21.2225231	48.0345187
	21.2230547	48.0337464
	21.2269143	48.031009
	21.2285815	48.0302154
	21.2302738	48.0298056
	21.2302578	48.0294216
	21.2296379	48.0282927
	21.229043	48.0275415
	21.2278757	48.026801
	21.2243901	48.0249633
	21.2186429	48.0231678
	21.2129747	48.0232733
	21.2073287	48.0241406
	21.205089	48.0249445
	21.2051046	48.0253223
	21.2023172	48.0265143
	21.2000932	48.0277021
	21.1956222	48.0293033
	21.1933667	48.0297291
	21.188261	48.0298231
	21.1791384	48.0288438
	21.1757101	48.0281503
	21.1699703	48.0267303
	21.169438	48.0275024
	21.1694842	48.028642
	21.1686442	48.0306989
	21.1685495	48.0308675
	21.1676406	48.0325236
	21.1676031	48.0332125
	21.167682	48.033896
	21.1679977	48.0347253
	21.1682898	48.0350724
	21.1688019	48.0355822
	21.1693215	48.0361085
	21.1701511	48.0367633
	21.1709744	48.0373727
	21.1717048	48.0383432
	21.1718064	48.0385894
	21.1719384	48.0390628
	21.172028	48.0395274
	21.1720173	48.0399174
	21.1719229	48.0400173
	21.1718428	48.040171
	21.1716549	48.0404385
	21.1713382	48.0407726
	21.1709259	48.0411209
	21.1695839	48.041933
	21.1687829	48.0422372
	21.1662577	48.0430777
	21.1637631	48.0438693
	21.1633746	48.0439658
	21.162827	48.0441018
	21.1618575	48.0442902
	21.1610279	48.0443878
	21.1602177	48.0444007
	21.1592129	48.0443576
	21.1582343	48.0442858
	21.1575999	48.0441497
	21.1571043	48.0439783
	21.1561486	48.0434883
	21.1557238	48.0432206
	21.1552954	48.042923
	21.1550797	48.0426251
	21.154915	48.0422484
	21.1547236	48.0419553
	21.1544499	48.0417314
	21.1543175	48.0415248
	21.1542958	48.0413814
	21.1542905	48.041202
	21.1542277	48.0410626
	21.1539663	48.0409905
	21.1537431	48.0409657
	21.1534512	48.0409347
	21.1529032	48.0407366
	21.152627	48.0405943
	21.1524131	48.040351
	21.1522638	48.0400935
	21.152121	48.0398812
	21.1520264	48.0397788
	21.1517557	48.0396785
	21.1515321	48.0396509
	21.1512584	48.0396633
	21.150773	48.0397164
	21.1505197	48.0397468
	21.1503576	48.0397628
	21.1499643	48.039809
	21.149656	48.0398978
	21.1493951	48.0400138
	21.1490528	48.0402479
	21.1487339	48.0404913
	21.1480047	48.0409777
	21.1477826	48.0411664
	21.1475939	48.0413601
	21.1472248	48.0417308
	21.1455415	48.0426349
	21.1449764	48.0428525
	21.1443664	48.043081
	21.143847	48.0433109
	21.1433662	48.0435547
	21.1430152	48.0437941
	21.1427364	48.0440244
	21.1423818	48.0444094
	21.1419045	48.044908
	21.1414607	48.0453433
	21.1412209	48.0455665
	21.1409068	48.0454773
	21.1405785	48.0453596
	21.1400975	48.0453003
	21.1394249	48.0452308
	21.1390503	48.0451373
	21.1386766	48.0450684
	21.1383298	48.0452355
	21.1381246	48.0452479
	21.1380097	48.0451573
	21.1380314	48.0448191
	21.1379382	48.0446171
	21.1377828	48.0443817
	21.1374869	48.0442157
	21.1371703	48.0440768
	21.1366069	48.0440869
	21.1353796	48.0443102
	21.1347573	48.0446558
	21.1343653	48.0448894
	21.1338026	48.0452023
	21.1330853	48.0454315
	21.1328533	48.0456078
	21.1328598	48.0457486
	21.1327746	48.0461017
	21.1320727	48.0473708
	21.1316404	48.048243
	21.1314101	48.0482626
	21.1310583	48.0476161
	21.1306959	48.0471295
	21.1304679	48.0469634
	21.1298611	48.0465689
	21.1290647	48.0462022
	21.1280682	48.0458252
	21.1279009	48.0457769
	21.1279964	48.0456046
	21.1282679	48.045029
	21.1311161	48.0418209
	21.1310111	48.0417841
	21.1306949	48.0416687
	21.1304405	48.0415765
	21.1299626	48.0411403
	21.128483	48.0396644
	21.1273621	48.0400625
	21.1256537	48.040093
	21.1244968	48.0393512
	21.1215623	48.0371227
	21.1203906	48.0360031
	21.1174711	48.034146
	21.113968	48.0315431
	21.1121549	48.0289101
	21.1115617	48.0281583
	21.1109536	48.0270287
	21.1108187	48.0236036
	21.1102315	48.0232359
	21.1096683	48.0232459
	21.1085177	48.0228819
	21.1057134	48.0236939
	21.1045779	48.023714
	21.1028401	48.0229823
	21.1011414	48.0230123
	21.1000568	48.0228149
	21.0954285	48.0219725
	21.0943647	48.0208742
	21.0940262	48.0201517
	21.0936676	48.0196601
	21.0920119	48.0189122
	21.0913103	48.0182331
	21.0910813	48.0172985
	21.0910455	48.0163368
	21.091393	48.0151873
	21.0918411	48.0121248
	21.0919374	48.0106803
	21.0918616	48.0104404
	21.0915342	48.010283
	21.0893062	48.0106571
	21.0887432	48.010667
	21.0869657	48.0100821
	21.0863935	48.0100995
	21.0846698	48.0100875
	21.0829838	48.0098266
	21.0824593	48.0096304
	21.0822357	48.0093041
	21.080056	48.0062449
	21.0798709	48.0059333
	21.0794635	48.0054929
	21.0793898	48.0035914
	21.078803	48.0032235
	21.0787586	48.0020777
END
END
