9644355
1
	19.1252901	47.3085758
	19.1335887	47.3022666
	19.1358911	47.2998021
	19.1615733	47.2662829
	19.1627139	47.2616949
	19.1559869	47.2563981
	19.147666	47.2522732
	19.1436769	47.2499656
	19.1441245	47.2495579
	19.2035343	47.2567149
	19.1963741	47.249772
	19.205709	47.2335443
	19.2064219	47.229938
	19.2385815	47.2510518
	19.2606173	47.2382936
	19.2845338	47.2558145
	19.2831469	47.2591591
	19.2875108	47.270508
	19.2983899	47.2788993
	19.3109867	47.2795985
	19.3179271	47.2835302
	19.3220948	47.2858911
	19.3321264	47.2878952
	19.3232227	47.3134452
	19.3261143	47.3305622
	19.3022904	47.3437601
	19.2838725	47.3560069
	19.2788035	47.3585438
	19.2612609	47.3684616
	19.2592098	47.3708539
	19.2548799	47.3750976
	19.2520797	47.3785076
	19.2443904	47.3858869
	19.244199	47.3861179
	19.2395398	47.3887123
	19.2392827	47.3888482
	19.2351505	47.3910321
	19.2278915	47.3944551
	19.2223515	47.3974262
	19.2204296	47.3988899
	19.218627	47.4003797
	19.2180346	47.4008999
	19.2156495	47.4030528
	19.214931	47.4012841
	19.2137866	47.4003753
	19.2137541	47.4003495
	19.2137326	47.4003325
	19.2098748	47.3978955
	19.2086138	47.3971682
	19.2060535	47.3955878
	19.2051631	47.3945817
	19.2029153	47.3914541
	19.202897	47.3914264
	19.2028787	47.3913987
	19.201345	47.3893851
	19.2012206	47.3892588
	19.1989675	47.3854644
	19.1971867	47.382437
	19.194652	47.3779841
	19.1943484	47.3772708
	19.192576	47.3739836
	19.1879115	47.3692069
	19.1876167	47.3689052
	19.1848066	47.3660911
	19.1813324	47.3626616
	19.179723	47.3610728
	19.178084	47.3608453
	19.1690747	47.3595949
	19.1647397	47.3588218
	19.1645332	47.358785
	19.1610806	47.3581693
	19.1582779	47.3576695
	19.1561585	47.3576384
	19.1507446	47.3567436
	19.1503573	47.3564948
	19.1482034	47.3551111
	19.1450455	47.3530824
	19.1404776	47.3496899
	19.1420945	47.348288
	19.1438848	47.3467357
	19.145255	47.3455476
	19.1456768	47.3451818
	19.1464353	47.3445242
	19.1496204	47.3417622
	19.1404539	47.3229394
	19.1369148	47.3188278
	19.132534	47.3148531
	19.1294271	47.3105449
	19.1252901	47.3085758
END
END
