3056508
1
	18.6615086	49.2423511
	18.6615164	49.2423291
	18.6616442	49.2419783
	18.6619132	49.2414332
	18.6620065	49.2412477
	18.6624914	49.2411289
	18.6626767	49.2410924
	18.663438	49.2408983
	18.6636247	49.2408505
	18.6638161	49.2407852
	18.6638878	49.240763
	18.664193	49.2405095
	18.6662383	49.2412617
	18.6662915	49.2412779
	18.6665215	49.2409529
	18.6669578	49.2405837
	18.667345	49.2407192
	18.6678393	49.2407406
	18.6680111	49.2405276
	18.6682023	49.2403787
	18.6686032	49.2401654
	18.6690455	49.239953
	18.6693985	49.2397946
	18.669775	49.2391999
	18.6701996	49.2389258
	18.6703295	49.238856
	18.6707116	49.2385166
	18.6707278	49.2383381
	18.6708433	49.2381424
	18.6707209	49.2380693
	18.6707069	49.2378521
	18.6708814	49.237736
	18.6711358	49.2372443
	18.6712872	49.2368711
	18.6714481	49.2365582
	18.6715887	49.2363041
	18.6718443	49.2361158
	18.6719696	49.2359251
	18.672106	49.2357314
	18.6723516	49.2355605
	18.6723826	49.2353965
	18.6724843	49.2352473
	18.6725879	49.2350713
	18.6726732	49.2349506
	18.672682	49.2347852
	18.6727544	49.2345399
	18.6731258	49.2346396
	18.674493	49.2346374
	18.6754305	49.2346959
	18.676531	49.2347471
	18.677966	49.2347574
	18.678724	49.2347209
	18.6802779	49.2347792
	18.6810567	49.2344888
	18.6816854	49.2342648
	18.6828927	49.2346206
	18.6836409	49.2348167
	18.6846794	49.2351456
	18.6849719	49.2352262
	18.6849904	49.2352284
	18.6850623	49.2351284
	18.6850563	49.2349804
	18.6852271	49.2348236
	18.6852821	49.2345762
	18.6853607	49.2343301
	18.6859299	49.2339709
	18.6864883	49.2336081
	18.686709	49.2335068
	18.68693	49.2334057
	18.6872962	49.2332447
	18.6876624	49.2330835
	18.6878344	49.232894
	18.6880543	49.2326518
	18.6880481	49.2326461
	18.6874959	49.2310583
	18.6869586	49.2300512
	18.6866285	49.2294903
	18.686358	49.2290431
	18.6861383	49.2280561
	18.6858886	49.226932
	18.6854778	49.2266781
	18.6845869	49.2263965
	18.6844726	49.2261674
	18.6841796	49.2260527
	18.6834488	49.2256847
	18.6826091	49.2252751
	18.6824755	49.2246241
	18.6821185	49.2233874
	18.681897	49.2230791
	18.6816914	49.2226973
	18.6815343	49.2224026
	18.6813654	49.2219808
	18.6813165	49.2217065
	18.6812151	49.2213313
	18.6812717	49.2212374
	18.6814102	49.220921
	18.6814086	49.2208668
	18.6813935	49.2207103
	18.681275	49.2204944
	18.6812247	49.219983
	18.6813263	49.2198837
	18.6815003	49.2198567
	18.6815913	49.2198445
	18.6822307	49.219761
	18.6824257	49.2197567
	18.6825642	49.2197155
	18.68264	49.2196947
	18.6827358	49.2197165
	18.6828522	49.2197442
	18.6832552	49.2198049
	18.6836588	49.2199616
	18.684023	49.2200654
	18.6845175	49.2201659
	18.6849565	49.2202047
	18.6856503	49.2202245
	18.6856784	49.2201752
	18.6858941	49.219794
	18.6859608	49.2195799
	18.6860383	49.2193337
	18.6860642	49.2190995
	18.6861537	49.218767
	18.6863728	49.2184988
	18.6864177	49.2181956
	18.6866169	49.217825
	18.6857654	49.2175738
	18.6859876	49.2171715
	18.6860845	49.2170875
	18.686841	49.2163584
	18.6868746	49.2163264
	18.6876352	49.2152883
	18.6876581	49.2152569
	18.6886159	49.215577
	18.6888751	49.2153491
	18.6893308	49.2149074
	18.6897906	49.2150231
	18.690258	49.2151087
	18.6906807	49.2151591
	18.6910769	49.2151877
	18.6910866	49.2150552
	18.6909845	49.2148943
	18.6909526	49.2148452
	18.6909964	49.2146976
	18.6910666	49.2144577
	18.6912121	49.2141449
	18.6917203	49.2141571
	18.691779	49.214158
	18.6922271	49.2141072
	18.6926238	49.2140052
	18.6928351	49.2139644
	18.6928702	49.2139605
	18.6930593	49.2134192
	18.6932153	49.2132086
	18.6935493	49.212483
	18.6937258	49.2121201
	18.6938944	49.2118516
	18.6940199	49.2116666
	18.6942586	49.2113904
	18.69439	49.2111189
	18.6944941	49.2108267
	18.6946491	49.210474
	18.6948457	49.2101358
	18.6948688	49.2101415
	18.6956134	49.2103284
	18.6958807	49.2099434
	18.6951234	49.209722
	18.6950735	49.209708
	18.6951568	49.2095579
	18.6952068	49.2094681
	18.6953735	49.2091735
	18.6953832	49.2091504
	18.6954088	49.2091179
	18.6955658	49.2089322
	18.6957178	49.2087868
	18.6958615	49.20865
	18.6959013	49.2086667
	18.6963272	49.2088437
	18.6975221	49.2093057
	18.6986384	49.2096906
	18.6987773	49.2092432
	18.698885	49.2089975
	18.6989924	49.2088037
	18.699156	49.2085956
	18.6990829	49.2085062
	18.6985306	49.2081253
	18.6981743	49.2078336
	18.6982998	49.2076247
	18.6986644	49.207866
	18.6989638	49.208016
	18.69913	49.2080756
	18.6993297	49.2081324
	18.6997019	49.2081553
	18.7000075	49.2081397
	18.7003538	49.2080927
	18.7005874	49.2080575
	18.7007749	49.2080315
	18.7010883	49.2079993
	18.7018812	49.2079779
	18.7020362	49.2079839
	18.702815	49.2080213
	18.7028495	49.2079104
	18.7028589	49.2078748
	18.7028683	49.2078393
	18.7029345	49.2074288
	18.7029779	49.2071594
	18.7030248	49.2068709
	18.7030388	49.2068424
	18.703055	49.2068071
	18.7035584	49.2057532
	18.7035664	49.2057267
	18.7035782	49.2056269
	18.7037923	49.2053338
	18.7039439	49.2048939
	18.7041923	49.2043997
	18.7043679	49.2041527
	18.7044288	49.2041087
	18.705169	49.2038624
	18.7048911	49.2037202
	18.7045588	49.2035505
	18.7041225	49.2033619
	18.7030018	49.2030752
	18.7029684	49.2030507
	18.7025774	49.2027653
	18.7022172	49.2022997
	18.7021984	49.2022739
	18.7021182	49.2021716
	18.7017667	49.2019265
	18.7030678	49.2012969
	18.7030954	49.2012837
	18.7019531	49.2010589
	18.7006159	49.2007889
	18.6996535	49.2008207
	18.6992267	49.2006246
	18.6989753	49.2002954
	18.6988797	49.2000898
	18.6988796	49.2000763
	18.6988465	49.20007
	18.6963399	49.1996403
	18.6963275	49.1996385
	18.6962342	49.1996234
	18.6962083	49.1996199
	18.6943724	49.1993585
	18.6935079	49.1992362
	18.6934394	49.1992215
	18.6925825	49.1991019
	18.6925152	49.1990915
	18.6923779	49.1991384
	18.6922432	49.199163
	18.688901	49.1995168
	18.6887165	49.1995364
	18.6885547	49.199547
	18.6883586	49.199549
	18.6878986	49.199519
	18.6853818	49.1993761
	18.6852285	49.1993794
	18.6850643	49.1994069
	18.6842917	49.1995984
	18.6841718	49.1996327
	18.6840098	49.1996658
	18.6839561	49.1996653
	18.683579	49.1996149
	18.6831123	49.1989813
	18.683004	49.1988943
	18.6828657	49.1988048
	18.6827216	49.1987419
	18.6825237	49.1986707
	18.6824745	49.1986544
	18.6824089	49.1986342
	18.6823013	49.1986025
	18.6822646	49.1985904
	18.682131	49.1985507
	18.6821245	49.198548
	18.6820491	49.1985216
	18.6819883	49.1985002
	18.6819613	49.198491
	18.6819202	49.1984763
	18.681767	49.1984108
	18.6816982	49.1983811
	18.6815794	49.1983175
	18.6806578	49.1978245
	18.6806326	49.1978119
	18.6805639	49.1977811
	18.6805429	49.1977677
	18.6803392	49.1976792
	18.6801295	49.1976104
	18.6791328	49.1973931
	18.6789886	49.1973756
	18.6788332	49.1973752
	18.6788353	49.1973436
	18.6789428	49.1969322
	18.6789741	49.1956573
	18.678975	49.1956032
	18.6789755	49.1955931
	18.6789772	49.1955006
	18.6789792	49.1954253
	18.6789431	49.1953872
	18.6789249	49.1953716
	18.6787967	49.1952441
	18.6787809	49.1951993
	18.6786277	49.194712
	18.6784254	49.1944104
	18.6783679	49.1942561
	18.678368	49.1939009
	18.6784835	49.1935034
	18.6788364	49.1923311
	18.6788937	49.1920794
	18.6788816	49.1916907
	18.678881	49.1916692
	18.6796679	49.191448
	18.680591	49.1913152
	18.6811362	49.1911275
	18.6811164	49.1911095
	18.6810639	49.1910583
	18.6810272	49.1910225
	18.6810141	49.1910093
	18.680989	49.1909844
	18.6809847	49.1909808
	18.6809426	49.1909391
	18.6802544	49.1904753
	18.6800525	49.1898536
	18.6802082	49.1891467
	18.6801793	49.187889
	18.6812309	49.1868799
	18.6807698	49.1860087
	18.6806918	49.1856168
	18.6805904	49.1851128
	18.6805282	49.1844871
	18.6805199	49.1844044
	18.6803589	49.1840778
	18.6807202	49.1839806
	18.6810719	49.1838877
	18.6813374	49.1837223
	18.6820621	49.1834132
	18.6820966	49.1833994
	18.6828534	49.1830637
	18.6836172	49.1828065
	18.6841728	49.1825763
	18.6848661	49.1822443
	18.6855948	49.1822161
	18.6857685	49.1822106
	18.6869832	49.1820592
	18.68722	49.1819715
	18.6875085	49.1817712
	18.6880707	49.1815551
	18.6887327	49.18084
	18.6896336	49.1800633
	18.690336	49.1802232
	18.6906511	49.1800493
	18.6909195	49.180007
	18.6911169	49.1799758
	18.6911941	49.1799629
	18.6913665	49.1799358
	18.6913883	49.1797318
	18.6917662	49.179675
	18.692112	49.1796121
	18.6924928	49.1794607
	18.6928796	49.1792081
	18.6934679	49.1789222
	18.6937683	49.178707
	18.6942154	49.1786235
	18.6947442	49.1785025
	18.695033	49.178414
	18.6957534	49.178286
	18.6959722	49.1782389
	18.6963335	49.1781554
	18.6967665	49.1780135
	18.6969107	49.1779658
	18.6976185	49.1777642
	18.6977531	49.1777273
	18.6988949	49.1773723
	18.6993122	49.1773052
	18.6996336	49.177268
	18.6999053	49.1773095
	18.7006406	49.1772806
	18.7008962	49.1771213
	18.7012014	49.1774836
	18.7020765	49.1773661
	18.702425	49.1776463
	18.7029745	49.1780427
	18.7031129	49.1778571
	18.7031405	49.1776579
	18.7033023	49.1775436
	18.7036889	49.1777218
	18.7042341	49.1778993
	18.7049254	49.1781115
	18.7056705	49.1785205
	18.7060005	49.1787014
	18.7063403	49.1789348
	18.7069126	49.1794013
	18.7074948	49.1795773
	18.707762	49.1797121
	18.7079869	49.1798952
	18.708124	49.1800322
	18.7085429	49.1802617
	18.7089017	49.1804464
	18.7094871	49.180812
	18.7099648	49.1811325
	18.710278	49.1811242
	18.7105404	49.1814189
	18.7106008	49.1813937
	18.711012	49.1818428
	18.7118211	49.1825574
	18.712192	49.1827224
	18.7128105	49.1826613
	18.7130085	49.1827462
	18.7131484	49.1835416
	18.7132999	49.183792
	18.7142233	49.1837368
	18.7154533	49.1837957
	18.716106	49.1838437
	18.7172109	49.1842805
	18.7172991	49.1843224
	18.7174917	49.1844136
	18.718107	49.1846761
	18.7187057	49.1847682
	18.718957	49.1846325
	18.7192558	49.184001
	18.7195125	49.1840742
	18.7202142	49.184268
	18.7208758	49.1844671
	18.720914	49.1844793
	18.7215217	49.1847548
	18.7215365	49.1847601
	18.7215715	49.1847721
	18.7216784	49.1848115
	18.7218841	49.1848719
	18.7219181	49.1848827
	18.7219611	49.1848963
	18.7219862	49.1849032
	18.7220029	49.1849086
	18.7221306	49.1849491
	18.7224018	49.1845314
	18.7233377	49.18386
	18.7234603	49.1837717
	18.7235121	49.1837394
	18.7237769	49.1835222
	18.7239761	49.1832699
	18.7240067	49.18309
	18.7240258	49.18288
	18.7240077	49.1824754
	18.7240009	49.1823782
	18.7240259	49.182164
	18.7241077	49.1819044
	18.7241897	49.1817137
	18.7246449	49.1812154
	18.7246809	49.1811801
	18.724735	49.1811468
	18.7249031	49.1809572
	18.7249744	49.1808538
	18.7249818	49.1808441
	18.7250734	49.1807225
	18.7251558	49.1805375
	18.7253568	49.1799559
	18.7253607	49.179945
	18.7253971	49.1798384
	18.7254986	49.1797152
	18.7256219	49.1795796
	18.725767	49.1794656
	18.7260386	49.1793016
	18.7263434	49.1791461
	18.7268318	49.178865
	18.7270514	49.1786128
	18.7271484	49.1784588
	18.727169	49.1784261
	18.7271706	49.1784217
	18.7271732	49.178415
	18.727174	49.1784117
	18.7272	49.1783375
	18.7272056	49.1783207
	18.7272082	49.1783143
	18.7272144	49.1782964
	18.7272588	49.1781714
	18.7274448	49.1778077
	18.7275157	49.1775986
	18.7275619	49.1774058
	18.7276695	49.1770527
	18.7277215	49.1769191
	18.7276825	49.1764142
	18.7278515	49.1763992
	18.7279132	49.1763755
	18.728024	49.1763475
	18.7280862	49.1763224
	18.7281392	49.1763309
	18.7281854	49.1762804
	18.7282511	49.176285
	18.7283552	49.1762621
	18.7284727	49.176203
	18.7285155	49.1762008
	18.7286605	49.1761496
	18.7286957	49.1761505
	18.7287635	49.1761439
	18.7287683	49.1761226
	18.7288374	49.1760936
	18.7289189	49.1761227
	18.7289916	49.1761208
	18.729073	49.1761003
	18.729113	49.1760381
	18.7292203	49.1760154
	18.729258	49.1760344
	18.72936	49.1760409
	18.7294433	49.1760519
	18.7295596	49.1759318
	18.72966	49.1759302
	18.7297244	49.1759811
	18.7297607	49.1759615
	18.7298157	49.1759622
	18.7298733	49.1759482
	18.7299481	49.1759172
	18.7300268	49.1758424
	18.7301313	49.1758129
	18.7303403	49.1758666
	18.7303802	49.1758699
	18.7305204	49.1758852
	18.7306162	49.1757764
	18.730681	49.1757266
	18.7307111	49.1756809
	18.7307718	49.1756524
	18.7308481	49.1756475
	18.7308746	49.1756139
	18.730893	49.1755574
	18.7310391	49.1755322
	18.7311838	49.1754486
	18.7312488	49.1754801
	18.7313509	49.1754696
	18.7314399	49.1753989
	18.7314921	49.1753936
	18.7316149	49.1753651
	18.7317207	49.1753099
	18.7317415	49.1752814
	18.7318138	49.1752616
	18.7318816	49.1751817
	18.731947	49.1751807
	18.7320993	49.175122
	18.7321113	49.1751035
	18.7321173	49.1750542
	18.7321524	49.1750471
	18.7321885	49.1750794
	18.7323342	49.1750667
	18.7323863	49.1750414
	18.7324139	49.1749537
	18.7324354	49.1749312
	18.7326214	49.1749161
	18.7327417	49.1749404
	18.7328388	49.1749275
	18.7328648	49.1748802
	18.7329946	49.1748442
	18.7331208	49.1748407
	18.733176	49.1748256
	18.7332376	49.1748253
	18.7332773	49.1748489
	18.7334586	49.1748754
	18.7336575	49.174861
	18.7337417	49.1748326
	18.7338509	49.174809
	18.7340414	49.174792
	18.7343315	49.1747744
	18.7344241	49.1747657
	18.7345085	49.174742
	18.7345819	49.1747277
	18.7347272	49.1747128
	18.7349122	49.1745725
	18.7350334	49.174554
	18.7350382	49.1745384
	18.735123	49.1745282
	18.7351593	49.1745415
	18.7351686	49.1745386
	18.7352113	49.1745373
	18.7352182	49.1745401
	18.7352453	49.174519
	18.7353404	49.1744834
	18.7354662	49.1744921
	18.7356444	49.174479
	18.735787	49.1744538
	18.7358452	49.1744578
	18.7358693	49.1744378
	18.7359307	49.1744216
	18.7360528	49.1744079
	18.7361358	49.1743738
	18.7363182	49.1743328
	18.7363721	49.1743015
	18.7364083	49.1742732
	18.736509	49.1742456
	18.7365928	49.174241
	18.7366626	49.1742267
	18.7368498	49.1741935
	18.7369038	49.1741727
	18.7369252	49.1741807
	18.7373319	49.1741174
	18.7373734	49.1741229
	18.7374328	49.174117
	18.737555	49.1740636
	18.7377681	49.1740093
	18.7379249	49.1739532
	18.7379569	49.1739211
	18.738242	49.1738087
	18.7382845	49.1738029
	18.7383117	49.173775
	18.7383932	49.1737568
	18.7384819	49.1737208
	18.7386916	49.1736472
	18.7387783	49.1736066
	18.7389081	49.1735706
	18.7389988	49.1735574
	18.7390603	49.1735256
	18.7394963	49.1733691
	18.7397019	49.1733054
	18.7399005	49.1732695
	18.7400321	49.1732516
	18.7401825	49.1732301
	18.7402388	49.1732411
	18.7405151	49.1732036
	18.7405262	49.1731805
	18.7406318	49.1731747
	18.7411343	49.1729631
	18.7413165	49.1728903
	18.7413483	49.1728334
	18.7415047	49.1727152
	18.7416529	49.1725719
	18.7417188	49.1724806
	18.7422522	49.1719142
	18.7423511	49.1717977
	18.7423795	49.1717505
	18.7424539	49.1716698
	18.7424759	49.1716159
	18.7425004	49.1715302
	18.7424895	49.1713832
	18.7424815	49.1713388
	18.7424109	49.1710126
	18.7423611	49.1709514
	18.7423598	49.1708667
	18.7423107	49.1707999
	18.7423205	49.1707191
	18.7422925	49.1706826
	18.742237	49.1706143
	18.7421088	49.170584
	18.7420629	49.1705376
	18.7420752	49.1704955
	18.7419561	49.1704824
	18.7419339	49.1704519
	18.7419544	49.1704315
	18.7419491	49.1703974
	18.7419587	49.1703247
	18.7419128	49.170275
	18.7418856	49.1702115
	18.7418685	49.1701711
	18.7419035	49.1701323
	18.7420027	49.1701557
	18.7420878	49.1701374
	18.7421211	49.1700501
	18.7420731	49.1699349
	18.7421174	49.1698819
	18.7421778	49.1698536
	18.7421776	49.1697667
	18.7421114	49.1697566
	18.7420853	49.1696841
	18.742098	49.1696271
	18.7420285	49.1695344
	18.7420975	49.1693972
	18.7421106	49.1693279
	18.7420809	49.1692848
	18.7420936	49.1691737
	18.7420772	49.1690714
	18.7421446	49.1690005
	18.7421256	49.168952
	18.742185	49.1689112
	18.742268	49.1688988
	18.7423386	49.1688041
	18.7423268	49.1687766
	18.7424596	49.1686864
	18.7424238	49.168643
	18.7424543	49.1685848
	18.7426105	49.1685332
	18.7426741	49.1684836
	18.7426664	49.1684052
	18.7426492	49.1683627
	18.7426172	49.1683293
	18.7425637	49.168331
	18.7425755	49.1682934
	18.7425193	49.1682363
	18.7425078	49.1681353
	18.7424709	49.1680658
	18.742461	49.167966
	18.7424024	49.1679235
	18.7423663	49.167898
	18.742361	49.1678942
	18.7423315	49.1678725
	18.7422834	49.1678034
	18.7421795	49.167736
	18.7420914	49.1677404
	18.7420253	49.1676646
	18.7420302	49.1676153
	18.7419487	49.1675503
	18.7419409	49.1675024
	18.7419583	49.167448
	18.7419469	49.167364
	18.7419689	49.1672895
	18.741964	49.1671879
	18.7419684	49.1670865
	18.7420295	49.1669071
	18.7419929	49.166805
	18.7419515	49.1667215
	18.7416029	49.166364
	18.7415935	49.1663294
	18.7416235	49.1662511
	18.7416397	49.1661447
	18.7416458	49.1661361
	18.7417466	49.1660038
	18.7425386	49.1648453
	18.7426685	49.1645974
	18.7432231	49.1646094
	18.7450421	49.1643415
	18.7459418	49.1643749
	18.7470003	49.1641743
	18.7473924	49.1641385
	18.7477227	49.1640948
	18.7481175	49.1640512
	18.7485513	49.1639474
	18.7487562	49.1638983
	18.7492231	49.1637888
	18.7495606	49.1637036
	18.7500769	49.1635706
	18.7505555	49.1634456
	18.7510743	49.1633124
	18.751277	49.1640853
	18.7498124	49.1646686
	18.7498315	49.1651015
	18.7500739	49.1654851
	18.7502924	49.1659949
	18.7499975	49.1663729
	18.7498002	49.1671577
	18.7492748	49.1675192
	18.7492939	49.1675665
	18.7493507	49.1677994
	18.7493815	49.1679905
	18.7494519	49.1681556
	18.749427	49.1683606
	18.7493179	49.1686628
	18.7489667	49.1688011
	18.7490307	49.1692352
	18.7493224	49.169361
	18.7493267	49.1696883
	18.7492627	49.1702712
	18.7485715	49.1707403
	18.7484266	49.1709243
	18.7483669	49.1711367
	18.7487183	49.1714268
	18.7493331	49.1717115
	18.7497778	49.1721034
	18.750355	49.1728022
	18.7502335	49.1731758
	18.7504702	49.1734826
	18.7505816	49.1736687
	18.7510134	49.1741289
	18.751338	49.1744977
	18.7518135	49.1748585
	18.751941	49.1749869
	18.7521079	49.1751648
	18.7523863	49.17546
	18.7526696	49.1758188
	18.7529434	49.1762469
	18.7532263	49.1767432
	18.7533627	49.1770977
	18.7535598	49.1774846
	18.7538841	49.1783314
	18.7538828	49.178487
	18.7537985	49.1786743
	18.7536798	49.1787312
	18.7534224	49.178684
	18.7530015	49.1788829
	18.7528391	49.1790684
	18.7524541	49.1799618
	18.7521773	49.1800781
	18.7520281	49.1802406
	18.7518145	49.1805159
	18.751907	49.1807868
	18.7519165	49.1809487
	18.7518976	49.1811313
	18.7518981	49.1812724
	18.7518285	49.1813916
	18.7515505	49.1815496
	18.7515371	49.181681
	18.751495	49.1818669
	18.7513928	49.1822044
	18.75138	49.1822444
	18.7512807	49.1823462
	18.7512161	49.1824128
	18.7511904	49.1824398
	18.7511712	49.1824589
	18.7507762	49.1823898
	18.7506894	49.1825138
	18.750654	49.1825651
	18.7506019	49.1828635
	18.7503879	49.1831058
	18.7502861	49.1831749
	18.7503739	49.1832653
	18.7504929	49.1833866
	18.7505875	49.1836406
	18.7505694	49.1840357
	18.7504785	49.1848877
	18.7503081	49.1860177
	18.7502888	49.1860992
	18.7488491	49.1859505
	18.7487598	49.1859404
	18.7488938	49.1878134
	18.7492977	49.1890909
	18.749488	49.1896961
	18.7495936	49.190367
	18.7496322	49.1905505
	18.7493356	49.1913863
	18.7489266	49.1925389
	18.7487974	49.1932753
	18.7489082	49.193687
	18.7490293	49.1944703
	18.7491311	49.1947393
	18.7492733	49.1949757
	18.7495409	49.1955265
	18.7496476	49.1958499
	18.7496414	49.1960764
	18.7496383	49.1962081
	18.7496925	49.1964184
	18.7511828	49.1963903
	18.7524255	49.1963413
	18.7544547	49.1962553
	18.7559921	49.1961303
	18.7568405	49.1960619
	18.7569285	49.1960731
	18.7570094	49.1960841
	18.7570548	49.1960898
	18.7577492	49.1960426
	18.7597871	49.1958726
	18.7605573	49.1958281
	18.7615377	49.1958544
	18.7626044	49.1957363
	18.7633358	49.1957113
	18.7635019	49.195703
	18.7644926	49.1957512
	18.7653286	49.1957676
	18.7656583	49.1957781
	18.7662063	49.1957457
	18.7662654	49.1957398
	18.7663565	49.1957287
	18.7664457	49.1957187
	18.7665022	49.1961749
	18.766654	49.1961176
	18.7668539	49.1960422
	18.7668695	49.1960361
	18.7674283	49.1958251
	18.7674342	49.1957848
	18.7674642	49.1957819
	18.7675021	49.1957579
	18.7675457	49.195758
	18.7675768	49.1957809
	18.7675939	49.1958123
	18.7676278	49.1958242
	18.767668	49.1958194
	18.767697	49.1958335
	18.7676971	49.1958559
	18.7677013	49.1958809
	18.7677464	49.1958925
	18.7678255	49.1959507
	18.7678198	49.195983
	18.7677959	49.1960135
	18.76782	49.1960383
	18.7679088	49.1960463
	18.767938	49.1960816
	18.767978	49.1960938
	18.7680864	49.1960893
	18.7681117	49.1960975
	18.7681235	49.1961127
	18.7681392	49.1961294
	18.7681979	49.1961537
	18.7682499	49.1961621
	18.7683252	49.19621
	18.7683751	49.1962442
	18.7684058	49.1962683
	18.768435	49.1962946
	18.7685246	49.1963141
	18.7685739	49.196312
	18.768609	49.1963195
	18.7686515	49.1963262
	18.7686706	49.196317
	18.7686998	49.1962937
	18.768723	49.1962895
	18.768912	49.1963185
	18.7689885	49.1963302
	18.7690107	49.1963404
	18.7690207	49.1963794
	18.7690568	49.1964061
	18.7691164	49.1964056
	18.7691429	49.1963711
	18.769149	49.1963565
	18.7691885	49.1963487
	18.7694092	49.1963871
	18.7694911	49.1964377
	18.769597	49.1964318
	18.7696169	49.1964194
	18.7696223	49.1963961
	18.7696036	49.1963691
	18.7696207	49.1963464
	18.7696553	49.1963434
	18.7696737	49.1963614
	18.7696729	49.1963682
	18.7696931	49.1963738
	18.7698485	49.1963592
	18.7700469	49.196382
	18.7701909	49.1964672
	18.7703168	49.196556
	18.7703257	49.1965747
	18.7702847	49.1966278
	18.7702558	49.1966849
	18.7702862	49.1967045
	18.7703755	49.1967294
	18.7704129	49.1967392
	18.7704461	49.1967241
	18.7704403	49.1967035
	18.7704797	49.1966784
	18.7705169	49.1966749
	18.7705582	49.1966791
	18.7706015	49.1966939
	18.7706653	49.1967331
	18.7707792	49.1967629
	18.77085	49.1968037
	18.7709815	49.1970159
	18.7709919	49.1970434
	18.771009	49.1970804
	18.7712266	49.1972281
	18.7712351	49.1972623
	18.7712214	49.1973034
	18.7712001	49.1973666
	18.7712369	49.1974112
	18.7712797	49.1974203
	18.7713469	49.1974971
	18.7713413	49.1975611
	18.7713379	49.1975743
	18.7713883	49.1975985
	18.7714375	49.1976811
	18.7714736	49.1977338
	18.7714676	49.1977954
	18.7714793	49.1978388
	18.7714563	49.1979189
	18.7713763	49.1980106
	18.7713749	49.1981289
	18.7714684	49.1982803
	18.7716068	49.1984172
	18.7716112	49.1984411
	18.7715705	49.1984966
	18.7714915	49.198497
	18.7714527	49.1985198
	18.7714651	49.1985993
	18.7715895	49.1986644
	18.7716473	49.1987204
	18.7716519	49.1987714
	18.7716801	49.19881
	18.7716394	49.1988745
	18.7715327	49.1989015
	18.7714559	49.1989821
	18.7714922	49.1990811
	18.7715034	49.199146
	18.7715807	49.1991895
	18.7716123	49.1992745
	18.7716667	49.1994172
	18.7716765	49.1994435
	18.7716502	49.1995121
	18.7718213	49.1996925
	18.7718445	49.1997984
	18.7718815	49.1998499
	18.7718428	49.1999854
	18.7717147	49.2000905
	18.7717008	49.2001484
	18.7718071	49.2003512
	18.7718634	49.2003924
	18.7719672	49.2004498
	18.7719822	49.2004957
	18.7719562	49.2006331
	18.7720205	49.2007479
	18.7720364	49.2008166
	18.7720828	49.2008414
	18.7720923	49.2008431
	18.7721637	49.2008343
	18.7722002	49.2008093
	18.7722495	49.2006438
	18.7722453	49.2005827
	18.7722396	49.2005079
	18.7722243	49.2002919
	18.7722186	49.2000175
	18.7724499	49.1995964
	18.7727646	49.1993344
	18.7730101	49.1991353
	18.7731826	49.198932
	18.7733467	49.1985505
	18.7734285	49.1984103
	18.7735694	49.1981495
	18.773775	49.1977372
	18.7739743	49.197521
	18.7739398	49.197234
	18.7739575	49.1970816
	18.7740304	49.1969533
	18.774082	49.1968692
	18.7741367	49.1967806
	18.7738939	49.1963262
	18.7737799	49.1961239
	18.7738744	49.1959124
	18.7735738	49.195405
	18.7734459	49.1951425
	18.7734404	49.1951252
	18.773404	49.195024
	18.7734233	49.1950196
	18.7735272	49.1949889
	18.7736275	49.1949827
	18.7736751	49.1949795
	18.775407	49.1948791
	18.7754596	49.1948738
	18.7756822	49.1948516
	18.7763553	49.1947864
	18.7771705	49.1946369
	18.7780895	49.1941986
	18.7783034	49.1940339
	18.778415	49.1939665
	18.7793942	49.1933768
	18.7794019	49.1933727
	18.7794357	49.193352
	18.7793521	49.1931109
	18.7789868	49.1923781
	18.7788427	49.1920164
	18.7787649	49.1915479
	18.7787005	49.1912548
	18.7787649	49.1909784
	18.7787127	49.1905778
	18.7787904	49.1900462
	18.7787863	49.1896953
	18.7788505	49.189287
	18.7784002	49.1881033
	18.7784138	49.1875381
	18.7789586	49.1873431
	18.7790805	49.1873222
	18.7794247	49.1873616
	18.780041	49.1873114
	18.7805158	49.1872638
	18.7805866	49.1872563
	18.781376	49.1871879
	18.7824575	49.1870896
	18.7826734	49.1870625
	18.7831025	49.1869539
	18.7834038	49.1868828
	18.7836391	49.1868837
	18.7834741	49.1866022
	18.7832293	49.1862117
	18.7831527	49.1860974
	18.7829806	49.1858391
	18.7829071	49.1856177
	18.7830487	49.1847444
	18.7831908	49.1839265
	18.7832817	49.1830335
	18.7832157	49.1824404
	18.7830889	49.1818487
	18.7829539	49.1809949
	18.7828661	49.1805787
	18.7828044	49.180227
	18.7827018	49.1798743
	18.7839107	49.1798053
	18.78462	49.1798737
	18.7855141	49.1799584
	18.7863038	49.1803378
	18.7869193	49.1804791
	18.7874724	49.1807219
	18.7881204	49.1808987
	18.7886972	49.1804291
	18.7890648	49.1800264
	18.7896327	49.1794864
	18.7897729	49.1793732
	18.7896774	49.1793016
	18.7898173	49.1791161
	18.7900233	49.1789441
	18.7902912	49.1787754
	18.7903924	49.1786691
	18.7910736	49.1784506
	18.7913915	49.1782776
	18.7916193	49.1781722
	18.7918506	49.1780805
	18.7921353	49.1779611
	18.7923195	49.1778206
	18.7923517	49.1778404
	18.7924438	49.1777346
	18.7925011	49.1777343
	18.7925384	49.1777091
	18.7925778	49.1777021
	18.792591	49.1776792
	18.7926584	49.1776883
	18.7927303	49.1776954
	18.7928236	49.177699
	18.7928693	49.1776338
	18.792956	49.1776201
	18.7930204	49.177618
	18.7930726	49.1776363
	18.7931303	49.177627
	18.7931986	49.1776079
	18.79327	49.1775688
	18.7933817	49.1775148
	18.7934361	49.1774794
	18.7935292	49.177437
	18.7935512	49.1774279
	18.7936364	49.1774085
	18.7936791	49.1773859
	18.7937473	49.1773613
	18.793816	49.1771326
	18.7938616	49.176958
	18.794006	49.1768334
	18.7940437	49.1767803
	18.7940116	49.1767538
	18.7940401	49.1767057
	18.7941368	49.1766419
	18.7942779	49.1766559
	18.7943063	49.1766056
	18.7943446	49.1765421
	18.7942633	49.1764477
	18.7943554	49.1764309
	18.7944801	49.1764882
	18.7945217	49.1764566
	18.794466	49.1763658
	18.7944732	49.1763031
	18.7945526	49.1762068
	18.7945252	49.1761501
	18.7944325	49.1760786
	18.7944234	49.17605
	18.7944686	49.1760309
	18.7945504	49.1760363
	18.7945282	49.1760025
	18.7944674	49.1759713
	18.7944394	49.1759348
	18.7944627	49.1758819
	18.794536	49.175881
	18.7945475	49.1758422
	18.7945259	49.1758006
	18.7945198	49.1757552
	18.7944039	49.1757333
	18.7943932	49.1756515
	18.7944553	49.1756233
	18.7945257	49.1756314
	18.7945828	49.1756186
	18.7946097	49.1755805
	18.7946327	49.1755512
	18.7945854	49.1755162
	18.7946245	49.1754787
	18.7946028	49.1754403
	18.7945392	49.1754065
	18.794539	49.1753715
	18.7946066	49.1753615
	18.7945898	49.1753212
	18.7946324	49.1752965
	18.7946581	49.1752536
	18.7946292	49.1752127
	18.7946764	49.1751825
	18.7947129	49.1751494
	18.7946912	49.1751112
	18.7947115	49.1750683
	18.7947764	49.1749871
	18.794854	49.1749595
	18.7948208	49.174924
	18.7947133	49.1749037
	18.7946125	49.1748668
	18.7945675	49.1748397
	18.7946001	49.1747963
	18.7945869	49.1747504
	18.7945314	49.174715
	18.7945706	49.1746853
	18.7945843	49.1746648
	18.7946279	49.1746288
	18.794642	49.1745775
	18.7946418	49.1745222
	18.7946073	49.1744765
	18.7945415	49.1744426
	18.7944685	49.1744026
	18.7944606	49.174372
	18.7943909	49.1743526
	18.7944385	49.1743042
	18.7944516	49.1742643
	18.7944145	49.1742196
	18.7944466	49.1741749
	18.7944495	49.1741177
	18.7944608	49.1740923
	18.7944346	49.1740469
	18.7943755	49.1740167
	18.7943751	49.1740056
	18.7944652	49.1739843
	18.7945144	49.1739294
	18.7945683	49.1738949
	18.7946464	49.1738774
	18.7947184	49.1738542
	18.7947854	49.1738215
	18.7948282	49.1737866
	18.7948561	49.173743
	18.7949136	49.1737178
	18.794963	49.1736965
	18.7950193	49.1736692
	18.7951514	49.173676
	18.7952173	49.1736376
	18.7952422	49.1736108
	18.7952799	49.1735246
	18.795347	49.1735158
	18.7953853	49.173467
	18.7953702	49.1734483
	18.7953529	49.1734429
	18.7953984	49.173355
	18.7954563	49.173314
	18.7955658	49.173288
	18.7956986	49.1732859
	18.7958069	49.1732757
	18.7958783	49.1731736
	18.7959121	49.1731413
	18.7959135	49.1730998
	18.7960007	49.17304
	18.7960419	49.1730003
	18.7960541	49.1729469
	18.7960962	49.1729356
	18.7961471	49.1728784
	18.7962365	49.1729079
	18.7963149	49.172894
	18.7963835	49.172902
	18.7964271	49.1729201
	18.7964388	49.1728914
	18.7964799	49.1728888
	18.7964881	49.1728533
	18.796539	49.1728231
	18.7965519	49.1727933
	18.7965761	49.1728047
	18.7966256	49.1728073
	18.7966606	49.1727708
	18.7967657	49.1727751
	18.7968298	49.1727988
	18.7968938	49.1727886
	18.7969234	49.1727608
	18.7968456	49.1726857
	18.7967921	49.1726243
	18.7969037	49.1726256
	18.7969303	49.1726201
	18.796962	49.1726083
	18.7969836	49.1725723
	18.7970811	49.1725379
	18.7970715	49.1725036
	18.7970801	49.1724533
	18.797216	49.172414
	18.7972575	49.1723271
	18.7974078	49.1720102
	18.7974468	49.1719492
	18.7975066	49.1719284
	18.7976048	49.1719335
	18.7976472	49.1719042
	18.7976628	49.1718644
	18.7977111	49.1718466
	18.7977773	49.1718028
	18.7977923	49.1717617
	18.7978164	49.171711
	18.7978534	49.1716827
	18.7978824	49.1716513
	18.7978868	49.1716201
	18.7979603	49.1715223
	18.7980256	49.1715089
	18.7980962	49.1714854
	18.7981289	49.1714656
	18.7982362	49.1713675
	18.7981505	49.1713552
	18.7982038	49.1712869
	18.7981883	49.1712568
	18.798201	49.1712293
	18.7981924	49.1711927
	18.7984723	49.1710888
	18.7985912	49.1709754
	18.7985844	49.1707778
	18.7987599	49.170682
	18.7988863	49.1705746
	18.7988993	49.170413
	18.7990236	49.1702998
	18.799201	49.1701817
	18.799625	49.1702105
	18.799747	49.1701875
	18.7998468	49.1700923
	18.7999726	49.1700707
	18.8000182	49.1700808
	18.8001398	49.1701457
	18.8002588	49.1702195
	18.8003808	49.1702778
	18.8005573	49.1703084
	18.8008246	49.17033
	18.8010601	49.1703344
	18.8012797	49.1703333
	18.8012758	49.1703534
	18.8013583	49.1703418
	18.8013208	49.170261
	18.8013367	49.1702157
	18.8015168	49.1701686
	18.8016602	49.1701028
	18.8016741	49.1699872
	18.8017029	49.1698952
	18.8017531	49.169846
	18.8017323	49.1696869
	18.8016448	49.1696171
	18.8016453	49.1695562
	18.8017908	49.1694465
	18.8019193	49.1694475
	18.8027086	49.1693508
	18.8029274	49.169344
	18.8030256	49.1693424
	18.803137	49.169339
	18.8031873	49.1693463
	18.8032707	49.1693145
	18.8033111	49.1692783
	18.8036228	49.1691647
	18.8037524	49.169088
	18.8040174	49.1685751
	18.8040483	49.1685249
	18.8044201	49.1679171
	18.8044948	49.1678387
	18.804778	49.1676086
	18.8051245	49.1673999
	18.8056131	49.1672145
	18.8060847	49.1669636
	18.8065134	49.1668596
	18.8070966	49.1664534
	18.8076552	49.1662309
	18.8082177	49.1659578
	18.8092981	49.1654804
	18.8094396	49.1653547
	18.8102538	49.1650438
	18.8104623	49.1649553
	18.8107147	49.1648634
	18.8111791	49.1646902
	18.8117825	49.1643346
	18.8124548	49.1639454
	18.8129661	49.163681
	18.8133267	49.1634955
	18.8134312	49.1634354
	18.8142757	49.163187
	18.8153665	49.1630326
	18.8153848	49.1630267
	18.8154983	49.1632096
	18.8156179	49.1633422
	18.815727	49.1635463
	18.8157656	49.163759
	18.8157502	49.1639083
	18.8159869	49.1641301
	18.816036	49.1642916
	18.8161252	49.1645568
	18.8163022	49.1647902
	18.8165768	49.1649667
	18.8167585	49.1651521
	18.8167171	49.1651724
	18.8167138	49.1654069
	18.8163658	49.1655297
	18.8157218	49.1657583
	18.8161536	49.1661378
	18.8162209	49.1662046
	18.8163586	49.1663391
	18.8164834	49.1665156
	18.8166386	49.1668644
	18.8167035	49.1672928
	18.8167845	49.1675992
	18.8166624	49.1681542
	18.8166236	49.1683328
	18.8165846	49.168511
	18.8165451	49.1686895
	18.8165124	49.1688388
	18.8164824	49.1689771
	18.8163473	49.1692204
	18.8162502	49.1693959
	18.8161952	49.1695745
	18.8160704	49.1699775
	18.8159295	49.1702384
	18.8158602	49.1703665
	18.8158299	49.1704227
	18.8157996	49.1704528
	18.8156802	49.170565
	18.8156794	49.1706045
	18.8157183	49.1709706
	18.8156394	49.1711628
	18.8156321	49.1711996
	18.8156606	49.1715528
	18.8156797	49.1718076
	18.8156734	49.1718545
	18.8155825	49.1719751
	18.8154812	49.1722843
	18.815496	49.1727642
	18.8155217	49.1731108
	18.8164733	49.1731271
	18.8163562	49.173607
	18.8162031	49.1742487
	18.8159998	49.1750465
	18.8157896	49.1750595
	18.8148742	49.1757709
	18.8155027	49.1761518
	18.8155448	49.1761821
	18.8155952	49.1762185
	18.8155373	49.1762325
	18.8155379	49.1762394
	18.8150144	49.1769103
	18.8144989	49.1775647
	18.8144104	49.1776773
	18.8148407	49.1778247
	18.8149172	49.1777283
	18.8156188	49.1779686
	18.8157776	49.1780208
	18.8168166	49.1783755
	18.8168443	49.1783849
	18.8168602	49.1783666
	18.8169182	49.1783876
	18.8169356	49.1783929
	18.8167736	49.1785559
	18.8167857	49.1788216
	18.8167509	49.1790509
	18.8164739	49.1793827
	18.8161955	49.1796538
	18.8163003	49.1798496
	18.8159544	49.180197
	18.8159406	49.1805335
	18.8157457	49.1808086
	18.8157714	49.1811202
	18.815775	49.1814767
	18.8157289	49.1817436
	18.8155095	49.1821179
	18.8154273	49.1823698
	18.8149485	49.182398
	18.8147346	49.1824805
	18.8148235	49.1825957
	18.8145951	49.182771
	18.8141843	49.1829898
	18.8139354	49.1833333
	18.8138541	49.1834543
	18.8137511	49.1837117
	18.81372	49.1839648
	18.8138415	49.1842159
	18.8137539	49.184438
	18.8138055	49.1844349
	18.8139572	49.1844317
	18.8143957	49.1843764
	18.8147548	49.1843037
	18.8151411	49.1842447
	18.815416	49.1841077
	18.8158141	49.1840583
	18.8161352	49.1840976
	18.8163421	49.1841848
	18.8165784	49.1843898
	18.8162931	49.1848477
	18.8162285	49.1851872
	18.8173586	49.1850515
	18.8184692	49.1849217
	18.8186449	49.1850704
	18.8196427	49.1851569
	18.8198082	49.1856696
	18.8209828	49.1855114
	18.8229936	49.1877055
	18.8230799	49.187674
	18.8241815	49.1872956
	18.8246287	49.1877087
	18.8269386	49.1867858
	18.826968	49.1866002
	18.8272848	49.1862761
	18.8269104	49.1861791
	18.8266902	49.1859624
	18.8258285	49.1851501
	18.8264019	49.184838
	18.8280659	49.1853715
	18.8283549	49.1853965
	18.8286486	49.1853283
	18.8290292	49.185121
	18.8302106	49.1842744
	18.8305088	49.1840868
	18.8307368	49.1840579
	18.8314467	49.1842998
	18.8318834	49.1845297
	18.8327	49.1851962
	18.833117	49.1850757
	18.8331897	49.1850558
	18.8337084	49.1849292
	18.8337337	49.1849227
	18.8337676	49.1849131
	18.834047	49.1850605
	18.834218	49.1852158
	18.8344631	49.1854236
	18.8346367	49.1856806
	18.8347902	49.1859455
	18.8346684	49.1860532
	18.8345078	49.1863076
	18.8345964	49.1866278
	18.8347994	49.1868705
	18.8347737	49.1870519
	18.8346623	49.1873202
	18.8343753	49.1875433
	18.8344065	49.187635
	18.834604	49.1876588
	18.8348987	49.1876998
	18.8349341	49.1878528
	18.8349439	49.187975
	18.8349489	49.1880362
	18.834894	49.1882779
	18.8349321	49.1883567
	18.8349044	49.1885582
	18.835027	49.1886987
	18.8350703	49.188816
	18.8349762	49.1890748
	18.8350379	49.1893329
	18.8352893	49.189374
	18.8356353	49.1895284
	18.8356911	49.1897217
	18.8357449	49.1899522
	18.8356716	49.1901457
	18.8354614	49.190339
	18.8356786	49.190491
	18.8356297	49.1907007
	18.8357895	49.19094
	18.8359819	49.1910919
	18.8363016	49.191291
	18.8364104	49.1914296
	18.8364391	49.191599
	18.8364386	49.1917783
	18.8358224	49.192041
	18.8354989	49.1922103
	18.8352174	49.1924179
	18.8348132	49.1924061
	18.8343727	49.1926982
	18.8339388	49.1929137
	18.8336014	49.1930306
	18.8327516	49.1934164
	18.8325728	49.1935007
	18.8321924	49.1937325
	18.8320587	49.1938407
	18.8317712	49.1939533
	18.8316564	49.1940783
	18.8316232	49.1940754
	18.8314564	49.1940859
	18.831555	49.1941723
	18.8320105	49.1945643
	18.8316416	49.1947369
	18.8312547	49.1948512
	18.8309625	49.1949737
	18.8304879	49.1951522
	18.8300294	49.1953407
	18.8297382	49.1954486
	18.8292951	49.195641
	18.8289097	49.1958029
	18.8282301	49.1960644
	18.8276464	49.1962394
	18.8272106	49.1963703
	18.8268125	49.1964762
	18.8264209	49.1965642
	18.8261371	49.1966037
	18.8258995	49.1966366
	18.8258944	49.1966375
	18.8257882	49.196633
	18.8253848	49.1966178
	18.8250891	49.1966059
	18.8248123	49.1965964
	18.8245956	49.1965873
	18.824539	49.1965787
	18.8244217	49.1965616
	18.8242057	49.1965289
	18.8239978	49.1964979
	18.8236556	49.1964713
	18.8233529	49.1964488
	18.8228505	49.1963936
	18.8221224	49.1961791
	18.8216055	49.1961513
	18.8212032	49.1962432
	18.8204479	49.1964625
	18.820355	49.1964858
	18.8193285	49.1966574
	18.8187344	49.1968578
	18.8187081	49.1968666
	18.8181428	49.1970586
	18.8180374	49.1970926
	18.817951	49.1971151
	18.8178985	49.1971327
	18.8177556	49.197229
	18.8166845	49.1978502
	18.8160455	49.1982886
	18.8157277	49.1985451
	18.8154512	49.1987304
	18.8147053	49.199357
	18.8140747	49.1999053
	18.8136078	49.2002949
	18.8129866	49.2008402
	18.8128157	49.2009994
	18.8120424	49.2018254
	18.8111819	49.2025701
	18.8108884	49.2027771
	18.8101161	49.2035131
	18.8093345	49.2041052
	18.8088741	49.2044016
	18.8086843	49.2046273
	18.8086124	49.2047455
	18.8079808	49.2051965
	18.8075527	49.2054665
	18.8064411	49.206037
	18.8053701	49.2064835
	18.8047265	49.206794
	18.8039386	49.2070387
	18.8025104	49.20725
	18.8005795	49.2074398
	18.7991697	49.207429
	18.7980505	49.2076574
	18.797499	49.2078228
	18.796225	49.2081933
	18.7954813	49.2084119
	18.7950676	49.2086012
	18.7944811	49.2088706
	18.7943575	49.2089264
	18.7929828	49.2095869
	18.7922457	49.2099095
	18.7914448	49.2102581
	18.790518	49.210616
	18.7886853	49.2112393
	18.7882527	49.2113929
	18.7864956	49.2119421
	18.7849752	49.2124575
	18.7832882	49.2128797
	18.7815071	49.2132293
	18.7783496	49.2136845
	18.7782683	49.213688
	18.7781842	49.2136915
	18.778166	49.2136929
	18.7780536	49.2136984
	18.7779536	49.2137022
	18.7776859	49.2137143
	18.7776293	49.213717
	18.7774089	49.2137268
	18.7773788	49.2137276
	18.7772396	49.2137338
	18.7755985	49.214094
	18.7752822	49.2141983
	18.7747462	49.2143744
	18.7743746	49.2144973
	18.7743016	49.2145285
	18.7742096	49.2145676
	18.7741365	49.2145988
	18.7737744	49.2147537
	18.7735591	49.2148462
	18.7735514	49.2148503
	18.7733325	49.2149899
	18.7732949	49.2150139
	18.7730909	49.2151442
	18.7730444	49.2151734
	18.773024	49.2151903
	18.7729005	49.2152747
	18.7726351	49.2155039
	18.7722011	49.2158703
	18.7718147	49.2163566
	18.7717144	49.2164912
	18.7715413	49.2169073
	18.7715185	49.2169558
	18.7713111	49.2172391
	18.7712824	49.2172795
	18.7711515	49.2174756
	18.7709154	49.2178908
	18.7708766	49.2181638
	18.7704862	49.2196501
	18.7705068	49.2197953
	18.7705736	49.2202656
	18.7707499	49.2204957
	18.7708468	49.2206158
	18.7709063	49.2207377
	18.7710598	49.221052
	18.7711888	49.2214195
	18.7713342	49.2219131
	18.7714735	49.2221391
	18.771671	49.2226591
	18.7717555	49.2228697
	18.771797	49.2230479
	18.7718368	49.2232168
	18.7718866	49.2234257
	18.7719458	49.2236723
	18.7720119	49.2239487
	18.7720377	49.2243605
	18.7720626	49.2248579
	18.7719648	49.2256444
	18.7716033	49.2260585
	18.7709729	49.2263043
	18.7687607	49.2264374
	18.7684467	49.2264357
	18.7660708	49.226426
	18.7660504	49.2265376
	18.7660216	49.2266919
	18.7659845	49.2268962
	18.7659749	49.2272846
	18.7660755	49.2274725
	18.766185	49.2276767
	18.7662676	49.2280519
	18.7663964	49.2281827
	18.7667854	49.2285007
	18.766844	49.2288295
	18.7670179	49.2293348
	18.7671157	49.2295823
	18.767487	49.2302545
	18.7675827	49.2306845
	18.7676623	49.2309774
	18.7677705	49.2312604
	18.7678639	49.2316036
	18.7679609	49.231895
	18.7679873	49.2319607
	18.7689904	49.2319214
	18.7703897	49.2321047
	18.7715162	49.2322535
	18.7722351	49.2323866
	18.7730895	49.2324603
	18.7742594	49.2326146
	18.7748971	49.2327234
	18.7753185	49.2327148
	18.7758446	49.2328153
	18.7760116	49.2329618
	18.7763582	49.2329932
	18.7766803	49.2330775
	18.7771245	49.2331965
	18.777462	49.2333471
	18.7788342	49.2336664
	18.7795586	49.2337862
	18.7797776	49.2338011
	18.7807713	49.2337804
	18.7815421	49.2338993
	18.7825834	49.2339769
	18.7835141	49.2340682
	18.7848918	49.2341926
	18.785359	49.2341424
	18.7862738	49.2341504
	18.7873859	49.23426
	18.7874171	49.2339424
	18.7880041	49.2338532
	18.7889955	49.2339318
	18.7897307	49.2341209
	18.7900796	49.2342259
	18.7903107	49.2342298
	18.7905929	49.234161
	18.7912464	49.2339841
	18.791734	49.2339981
	18.7922213	49.2341936
	18.7929179	49.234401
	18.7932096	49.2344173
	18.7941445	49.2342795
	18.7947576	49.2341118
	18.7967815	49.2337915
	18.79756	49.2338791
	18.797806	49.2338738
	18.798186	49.2344086
	18.7982818	49.2346673
	18.7977792	49.2355614
	18.7975972	49.2359725
	18.7973876	49.2371591
	18.7973716	49.2375935
	18.7973681	49.2378707
	18.7972847	49.2382544
	18.798145	49.2388491
	18.7991379	49.2397201
	18.7992921	49.2408353
	18.7987684	49.2414792
	18.7987003	49.2416458
	18.798545	49.2418171
	18.7983993	49.2421997
	18.7981934	49.2425002
	18.7981111	49.2427542
	18.7981535	49.2433067
	18.7982563	49.2437798
	18.7982863	49.2439643
	18.7982492	49.2442837
	18.798073	49.2445418
	18.7975675	49.2450071
	18.7972518	49.2453324
	18.7968175	49.2457948
	18.7969919	49.2461646
	18.7972348	49.2463858
	18.7972932	49.2465209
	18.797208	49.2466797
	18.7969436	49.2470462
	18.7966661	49.2474106
	18.7963964	49.2477012
	18.7961978	49.2478634
	18.795706	49.24812
	18.79543	49.248271
	18.795365	49.248289
	18.795102	49.248359
	18.794897	49.248459
	18.794742	49.24862
	18.794439	49.249069
	18.794188	49.24944
	18.793924	49.249607
	18.793855	49.249892
	18.793669	49.250195
	18.79388	49.250654
	18.794066	49.250916
	18.794555	49.251818
	18.792778	49.252282
	18.791651	49.252606
	18.7909	49.252836
	18.789508	49.253263
	18.789002	49.253365
	18.78782	49.253641
	18.787339	49.253767
	18.786995	49.254016
	18.786006	49.254223
	18.78577	49.254553
	18.785587	49.254807
	18.785203	49.254976
	18.784843	49.255031
	18.784735	49.255173
	18.78473	49.255187
	18.784847	49.255384
	18.784898	49.255623
	18.784884	49.255727
	18.784826	49.255848
	18.784721	49.256022
	18.784572	49.256188
	18.78431	49.2564
	18.784108	49.256533
	18.783882	49.256633
	18.783462	49.256748
	18.783152	49.25691
	18.782857	49.257161
	18.782474	49.257574
	18.782348	49.257772
	18.782313	49.258007
	18.782231	49.258182
	18.78178	49.258575
	18.781376	49.258887
	18.781054	49.259074
	18.780583	49.259301
	18.780164	49.25944
	18.779731	49.259571
	18.779477	49.259627
	18.779177	49.259707
	18.778881	49.259809
	18.778473	49.259975
	18.777868	49.260154
	18.777532	49.260307
	18.777121	49.260549
	18.776907	49.26069
	18.776551	49.260836
	18.775117	49.262013
	18.774732	49.262439
	18.774683	49.262487
	18.774375	49.262791
	18.773909	49.263357
	18.773534	49.263746
	18.773164	49.264236
	18.773035	49.264435
	18.772608	49.264926
	18.772385	49.265142
	18.772359	49.265374
	18.772941	49.265551
	18.773565	49.265804
	18.773792	49.265924
	18.774039	49.266067
	18.774117	49.266115
	18.77467	49.266517
	18.774969	49.266749
	18.775428	49.266952
	18.775979	49.26717
	18.776386	49.267492
	18.776542	49.2676
	18.77691	49.267796
	18.777214	49.268008
	18.77759	49.268195
	18.778056	49.268355
	18.778372	49.268479
	18.778815	49.268584
	18.77943	49.268879
	18.7795	49.26893
	18.779197	49.269201
	18.779189	49.269208
	18.779147	49.269242
	18.778957	49.269374
	18.778737	49.269493
	18.778481	49.269572
	18.77765	49.269697
	18.777145	49.269763
	18.777133	49.269766
	18.776168	49.269892
	18.775441	49.26997
	18.775381	49.269976
	18.77537	49.269979
	18.775294	49.269986
	18.774249	49.270062
	18.772874	49.270129
	18.772888	49.270182
	18.772895	49.270242
	18.772899	49.270261
	18.772912	49.270308
	18.772919	49.270755
	18.773204	49.271454
	18.773464	49.271867
	18.773538	49.2723
	18.773894	49.272834
	18.774051	49.273153
	18.773508	49.273073
	18.772845	49.272964
	18.772002	49.272889
	18.771623	49.272883
	18.770045	49.273168
	18.768717	49.273461
	18.767641	49.273643
	18.767154	49.2737
	18.766053	49.274001
	18.765883	49.274047
	18.765869	49.274043
	18.765799	49.27401
	18.765761	49.273992
	18.765709	49.273975
	18.765463	49.274237
	18.764175	49.275144
	18.764163	49.275156
	18.764158	49.275161
	18.764115	49.275198
	18.7641	49.275205
	18.764006	49.275286
	18.763773	49.275636
	18.76368	49.275783
	18.763491	49.27608
	18.763081	49.276725
	18.763018	49.276791
	18.762918	49.276871
	18.762818	49.27694
	18.762658	49.277049
	18.762646	49.277058
	18.762554	49.277097
	18.76235	49.277135
	18.762247	49.277154
	18.762003	49.2772
	18.761784	49.277241
	18.76151	49.277294
	18.761457	49.277306
	18.761425	49.27731
	18.760733	49.277547
	18.76069	49.27757
	18.760293	49.277802
	18.760261	49.277821
	18.759971	49.27799
	18.759373	49.277634
	18.759369	49.277632
	18.758582	49.277144
	18.758076	49.276438
	18.757685	49.276229
	18.757252	49.275892
	18.757085	49.275762
	18.756596	49.275226
	18.756516	49.275097
	18.756464	49.275014
	18.756261	49.274699
	18.756171	49.274454
	18.756065	49.274164
	18.755908	49.27402
	18.755702	49.273831
	18.755404	49.27326
	18.755309	49.273078
	18.755296	49.273052
	18.755012	49.272334
	18.754974	49.272238
	18.754799	49.271724
	18.754652	49.271496
	18.754479	49.271116
	18.754477	49.271112
	18.754476	49.27111
	18.754509	49.271066
	18.754892	49.27054
	18.754893	49.270538
	18.754674	49.270393
	18.751564	49.268328
	18.75136	49.268153
	18.751323	49.268065
	18.751081	49.267483
	18.751076	49.267472
	18.75075	49.266713
	18.750496	49.266123
	18.7502611	49.2658152
	18.750369	49.265828
	18.750361	49.265827
	18.750102	49.265765
	18.749955	49.26573
	18.749866	49.265708
	18.749371	49.265801
	18.748662	49.265935
	18.748274	49.266008
	18.741444	49.266422
	18.739837	49.266537
	18.736956	49.265868
	18.731704	49.265945
	18.73013	49.265659
	18.729085	49.265717
	18.729193	49.267415
	18.729315	49.267808
	18.729177	49.267983
	18.729163	49.268
	18.728958	49.268258
	18.730017	49.269104
	18.729954	49.269451
	18.729948	49.269489
	18.7294	49.269335
	18.72905	49.269512
	18.728686	49.269778
	18.728473	49.270324
	18.727804	49.271435
	18.727239	49.271452
	18.726461	49.27137
	18.726514	49.271592
	18.726525	49.271635
	18.726535	49.271676
	18.726483	49.271734
	18.726166	49.272087
	18.722423	49.272024
	18.7224925	49.2717117
	18.7225967	49.2714036
	18.7226147	49.2713504
	18.7226561	49.2712274
	18.7227154	49.2710523
	18.722773	49.2707824
	18.7228677	49.270483
	18.7236855	49.2705223
	18.7247253	49.2694132
	18.7249087	49.2690821
	18.7250432	49.2687385
	18.7257968	49.2673549
	18.7258191	49.2673143
	18.7258372	49.2672814
	18.7258403	49.2672681
	18.7258476	49.2672324
	18.7258559	49.2671933
	18.7259253	49.2668621
	18.7261055	49.2664307
	18.7256131	49.2661544
	18.7256896	49.2656995
	18.7254033	49.264884
	18.725324	49.2646317
	18.7253055	49.2645734
	18.7252894	49.264578
	18.7246521	49.2633348
	18.7244287	49.2629138
	18.7241794	49.2623391
	18.72413	49.2621324
	18.7241747	49.2619284
	18.7243102	49.261656
	18.7246102	49.2613109
	18.7249994	49.260888
	18.7255624	49.2603548
	18.7264991	49.2592479
	18.7265115	49.2592351
	18.726523	49.2592234
	18.7265165	49.2592093
	18.7265022	49.2591817
	18.7248834	49.2578013
	18.7242972	49.257192
	18.7234283	49.2568105
	18.7229187	49.2564017
	18.7219257	49.2558072
	18.7212259	49.2553861
	18.7207173	49.2551316
	18.7203005	49.2549711
	18.7202346	49.2549461
	18.720007	49.2548588
	18.7199967	49.2548547
	18.7199396	49.2548439
	18.719418	49.2547455
	18.719183	49.2547017
	18.718945	49.2546406
	18.7185907	49.2544677
	18.7180605	49.2541658
	18.7172942	49.2536961
	18.7166882	49.2531343
	18.7163227	49.2529122
	18.7159585	49.2526754
	18.7155632	49.2524042
	18.7146164	49.2519375
	18.7141351	49.2516495
	18.7133172	49.251177
	18.7126656	49.2507504
	18.7120155	49.2504433
	18.7113121	49.2505756
	18.7107889	49.2506564
	18.7104316	49.2507267
	18.7073294	49.2507149
	18.7071996	49.2504984
	18.7068549	49.250257
	18.7065252	49.2500221
	18.7058311	49.2495627
	18.7055913	49.2494194
	18.7054994	49.2493446
	18.7053009	49.249182
	18.7052267	49.2491396
	18.7051329	49.2490862
	18.7050385	49.2490206
	18.7049444	49.2489513
	18.7047823	49.2488604
	18.7046343	49.2487871
	18.7045269	49.2487354
	18.7038	49.2484671
	18.7037853	49.2484776
	18.7028924	49.2481623
	18.7027447	49.2481219
	18.7019271	49.2479516
	18.7016843	49.247685
	18.70149	49.2474243
	18.7013123	49.2471985
	18.7007381	49.2470568
	18.6999808	49.2479043
	18.6993345	49.2483914
	18.6989817	49.2486344
	18.6986023	49.2488524
	18.6982001	49.2490737
	18.6979057	49.2492286
	18.6976742	49.2493235
	18.6975123	49.249378
	18.6972839	49.2494473
	18.6970417	49.2495066
	18.696429	49.2496932
	18.6961456	49.2497608
	18.6958527	49.2498243
	18.6955393	49.2498922
	18.6953334	49.2499378
	18.6950359	49.2499999
	18.6946318	49.2500746
	18.694184	49.2501706
	18.6936727	49.2497072
	18.6929507	49.249005
	18.692417	49.2485249
	18.6920098	49.2482078
	18.6907671	49.2470847
	18.6906654	49.2469926
	18.6905293	49.2469403
	18.6893235	49.246437
	18.6889186	49.2462567
	18.6887885	49.2462227
	18.6886789	49.2462136
	18.6884309	49.2461904
	18.6880486	49.2459762
	18.6878567	49.2459018
	18.6877537	49.2458208
	18.6877273	49.2458003
	18.6876895	49.2457701
	18.6876493	49.2457387
	18.6876438	49.2457339
	18.6875728	49.2456716
	18.6875487	49.24565
	18.6875153	49.2456312
	18.6874191	49.2455619
	18.6873706	49.2455312
	18.6865196	49.2450105
	18.6864679	49.2449784
	18.6864253	49.2449998
	18.6849118	49.2455843
	18.683382	49.2456379
	18.6831197	49.246004
	18.682678	49.246637
	18.6819332	49.2467794
	18.6811238	49.2469272
	18.6800114	49.2475226
	18.6790079	49.2480978
	18.6789462	49.2481441
	18.6783651	49.2485544
	18.6780652	49.2487473
	18.6773944	49.2489768
	18.676344	49.2493049
	18.6741367	49.2497791
	18.6740984	49.2497828
	18.672917	49.2499111
	18.6721654	49.2499321
	18.6712024	49.2500686
	18.6706478	49.2501341
	18.6700505	49.2502063
	18.6696457	49.2503335
	18.6689573	49.2504359
	18.6687151	49.2500613
	18.668671	49.2500058
	18.6686205	49.2499412
	18.6685844	49.2498942
	18.6684415	49.2498179
	18.66838	49.2497841
	18.6683459	49.249806
	18.6681234	49.2495992
	18.6678174	49.2492175
	18.6678149	49.2489277
	18.6677076	49.2486502
	18.6676385	49.2484989
	18.6676716	49.2484328
	18.6678274	49.2481615
	18.6678316	49.2481539
	18.667859	49.2476681
	18.6679545	49.2474588
	18.6684474	49.247194
	18.6687769	49.2469949
	18.6689585	49.2467373
	18.669647	49.2460947
	18.6700481	49.2456546
	18.6701896	49.2451805
	18.670191	49.2450374
	18.6693562	49.2450103
	18.6676919	49.2445152
	18.6676125	49.2444919
	18.6675745	49.2444809
	18.6666432	49.2442038
	18.6657366	49.2439574
	18.6647079	49.2433368
	18.6639102	49.2429541
	18.663335	49.2426576
	18.6624433	49.2423521
	18.6615086	49.2423511
END
2
	18.800144	49.251119
	18.80087	49.250465
	18.800957	49.250354
	18.801115	49.250191
	18.801133	49.250173
	18.801255	49.250026
	18.801258	49.250022
	18.801041	49.249936
	18.800742	49.24981
	18.800754	49.249797
	18.801007	49.249541
	18.801116	49.24943
	18.801083	49.249281
	18.80104	49.249085
	18.800995	49.248877
	18.800972	49.248769
	18.801035	49.248714
	18.8011087	49.2486507
	18.8010233	49.2486259
	18.8009829	49.2486137
	18.8011673	49.2482998
	18.801425	49.2481924
	18.8019902	49.2479702
	18.8024486	49.2476376
	18.8027877	49.2474689
	18.8032183	49.2473662
	18.8038116	49.2471814
	18.8038025	49.2471516
	18.8040419	49.2468573
	18.8039661	49.246585
	18.8040294	49.246144
	18.8041902	49.2461568
	18.8046385	49.2461868
	18.8045861	49.2459056
	18.8046664	49.245629
	18.8044526	49.2451747
	18.8046622	49.2447267
	18.8047762	49.2444337
	18.8048374	49.2441744
	18.8052798	49.2441712
	18.8052289	49.2439172
	18.8054693	49.2436983
	18.8053796	49.2435439
	18.8052334	49.2433232
	18.8053894	49.2431935
	18.8051349	49.2427419
	18.8048262	49.242453
	18.8045215	49.2421634
	18.8044603	49.242027
	18.8045312	49.241909
	18.8048604	49.2417613
	18.8054916	49.2414412
	18.8054132	49.2412826
	18.8055746	49.2408602
	18.8057456	49.2406987
	18.806473	49.2403067
	18.8065023	49.2401989
	18.8073409	49.2399468
	18.8078564	49.2397388
	18.8081928	49.23963
	18.8085573	49.2394617
	18.8087947	49.2394029
	18.809127	49.2394359
	18.8095225	49.2389861
	18.8099976	49.2386813
	18.8102015	49.23849
	18.8100019	49.2379835
	18.810312	49.237773
	18.8103647	49.2373291
	18.8104878	49.2368644
	18.8112305	49.2365091
	18.8121962	49.2361632
	18.8124056	49.2358571
	18.812331	49.2357304
	18.8127274	49.2355604
	18.8131825	49.2352773
	18.8136775	49.2352508
	18.8143986	49.2351774
	18.8148962	49.2352279
	18.8156143	49.2353564
	18.8163419	49.2355652
	18.8170647	49.2356509
	18.81838	49.2354584
	18.819203	49.2351129
	18.820878	49.2349559
	18.8225937	49.2345412
	18.8236739	49.2343162
	18.8239568	49.2342925
	18.8246145	49.234341
	18.8252741	49.2344156
	18.8259774	49.23479
	18.8268199	49.2353283
	18.8277892	49.2356242
	18.82962	49.2362911
	18.830431	49.2366924
	18.8316026	49.2375702
	18.8321515	49.2381983
	18.8329444	49.239238
	18.8327201	49.2394621
	18.8326381	49.2399776
	18.8322659	49.2408391
	18.8318548	49.2423073
	18.8318258	49.2424412
	18.8308365	49.2423643
	18.8307385	49.2427867
	18.8318582	49.2428476
	18.8329859	49.2429621
	18.8336464	49.24442
	18.8325789	49.2446132
	18.8320277	49.2448001
	18.8315929	49.2449086
	18.8309388	49.2449967
	18.8303928	49.2451108
	18.830072	49.2451619
	18.8290502	49.2454035
	18.8289931	49.2454163
	18.8280508	49.2456273
	18.8281389	49.2457648
	18.8272714	49.2459895
	18.8269862	49.2459963
	18.8278406	49.2467078
	18.828586	49.2471183
	18.8290578	49.2473906
	18.829293	49.2478424
	18.8293541	49.247911
	18.8296311	49.2482251
	18.8296559	49.2484936
	18.8296772	49.2486525
	18.8298522	49.2491069
	18.8301055	49.2493273
	18.8295001	49.2498691
	18.8298938	49.2501949
	18.8295127	49.2503929
	18.8295552	49.2507242
	18.829524	49.2509662
	18.8293802	49.2510637
	18.8288366	49.2513346
	18.8287185	49.2513835
	18.8287795	49.2514736
	18.8290007	49.2515672
	18.8294862	49.2519721
	18.8292625	49.2521073
	18.8288064	49.252395
	18.8292462	49.2530998
	18.8285753	49.2536009
	18.8291533	49.2536566
	18.8290051	49.2539263
	18.8298694	49.2540958
	18.8305584	49.2546139
	18.8302792	49.2549221
	18.8300567	49.2553321
	18.8314913	49.2556585
	18.8324529	49.255956
	18.8333094	49.2561579
	18.8345275	49.2564811
	18.8357	49.2564771
	18.8356533	49.2573361
	18.835603	49.2581498
	18.8352694	49.2591191
	18.834501	49.2589229
	18.8337544	49.2591404
	18.8333606	49.2593142
	18.8326371	49.2595014
	18.8330629	49.2600147
	18.8323074	49.2601947
	18.8316892	49.2602711
	18.8311436	49.2604257
	18.8303876	49.260547
	18.8301186	49.2606494
	18.8297264	49.2606269
	18.8290573	49.2604753
	18.8288558	49.2609058
	18.8288239	49.2614147
	18.8288217	49.2614507
	18.828808	49.2617725
	18.8287239	49.2621514
	18.8286822	49.2627267
	18.8286481	49.263194
	18.828635	49.263251
	18.82863	49.263252
	18.8278	49.263326
	18.827698	49.263326
	18.827364	49.263328
	18.82735	49.263328
	18.827203	49.263609
	18.827175	49.263664
	18.827001	49.263698
	18.826802	49.263736
	18.825829	49.263936
	18.826298	49.264717
	18.826907	49.265715
	18.826949	49.265763
	18.827371	49.266234
	18.827951	49.266718
	18.82729	49.267195
	18.826542	49.267704
	18.825838	49.267749
	18.824905	49.267746
	18.824122	49.267731
	18.82347	49.26772
	18.822501	49.267857
	18.821541	49.267985
	18.8197	49.267999
	18.818708	49.268006
	18.817796	49.268012
	18.817247	49.268011
	18.816515	49.268006
	18.815081	49.267999
	18.814005	49.268023
	18.813117	49.268021
	18.81312	49.267484
	18.813516	49.266795
	18.81381	49.266546
	18.813574	49.266426
	18.813419	49.266152
	18.81094	49.266109
	18.810923	49.265758
	18.810743	49.265601
	18.810505	49.265393
	18.810113	49.265017
	18.809234	49.264172
	18.808855	49.263799
	18.808968	49.263612
	18.809173	49.263398
	18.810052	49.262616
	18.809829	49.26233
	18.809623	49.262171
	18.809974	49.261685
	18.810749	49.261915
	18.811172	49.261429
	18.811455	49.261104
	18.811133	49.260808
	18.811273	49.260409
	18.811676	49.260377
	18.811933	49.260493
	18.811933	49.260492
	18.81256	49.259738
	18.811935	49.259382
	18.811599	49.25919
	18.810893	49.259148
	18.810971	49.258601
	18.810608	49.25817
	18.809287	49.256616
	18.809259	49.256583
	18.809173	49.256534
	18.809035	49.256456
	18.808723	49.256277
	18.808337	49.255568
	18.8077	49.254821
	18.806999	49.254513
	18.806371	49.254036
	18.806276	49.253644
	18.806428	49.253207
	18.806379	49.253194
	18.805316	49.252927
	18.803826	49.252455
	18.80365	49.252418
	18.802891	49.252222
	18.802717	49.252186
	18.801978	49.251809
	18.800144	49.251119
END
END
