3057140
1
	17.9499657	48.9335213
	17.9502182	48.9332688
	17.9504376	48.9330616
	17.950396	48.9329846
	17.9502577	48.9327789
	17.950325	48.9326701
	17.9504062	48.9325226
	17.9505745	48.9322266
	17.9506661	48.9318834
	17.9506764	48.9316243
	17.950686	48.9314522
	17.9506763	48.9314178
	17.9507004	48.9310614
	17.950755	48.930998
	17.9508322	48.9309011
	17.9510606	48.930672
	17.9513422	48.9304766
	17.9516637	48.9302473
	17.9519409	48.9300606
	17.9522347	48.9297971
	17.9523237	48.9295325
	17.9524312	48.9291168
	17.9524916	48.9287649
	17.952442	48.9286051
	17.9524323	48.9285504
	17.9524299	48.9285027
	17.9524971	48.9282314
	17.9525497	48.9280155
	17.9525682	48.9279511
	17.9525831	48.9278628
	17.9525726	48.9276072
	17.9526154	48.9275272
	17.9527846	48.9273748
	17.9529634	48.9272115
	17.9528557	48.9270516
	17.9527843	48.9269414
	17.9527791	48.9269163
	17.9527777	48.9268767
	17.9527712	48.9266833
	17.952995	48.9263196
	17.9530524	48.9262204
	17.9527169	48.9260311
	17.9527692	48.9257826
	17.9528481	48.9254452
	17.9530125	48.9252821
	17.953332	48.9249648
	17.9534802	48.9246474
	17.953614	48.9245797
	17.9537842	48.924477
	17.953944	48.9243273
	17.9539691	48.924304
	17.9539887	48.924286
	17.9540276	48.9242488
	17.9541807	48.9241236
	17.9544047	48.9240974
	17.9547787	48.9240475
	17.9548203	48.9240476
	17.9552807	48.9240513
	17.9554206	48.9240518
	17.955717	48.9240625
	17.9560535	48.9240295
	17.9561509	48.9240207
	17.9564804	48.9238371
	17.9570407	48.9237291
	17.9573362	48.9236734
	17.957783	48.9235847
	17.9579463	48.9235528
	17.9580617	48.923536
	17.958613	48.9236071
	17.9588291	48.9234676
	17.9587929	48.9233964
	17.9587953	48.9233785
	17.9589785	48.9232066
	17.9591345	48.9230815
	17.959258	48.9228429
	17.9592653	48.9228286
	17.9591832	48.9228148
	17.9592107	48.9223885
	17.9592127	48.9223548
	17.9592188	48.9222637
	17.9592215	48.9222279
	17.9592239	48.9221918
	17.9592392	48.9221012
	17.9592588	48.9219602
	17.9592656	48.921911
	17.9594796	48.9216843
	17.959495	48.9216685
	17.9596103	48.9215476
	17.9596593	48.9214963
	17.9596874	48.9215004
	17.9598704	48.9215767
	17.9600627	48.9216537
	17.9601529	48.9216893
	17.9602847	48.921573
	17.9604918	48.9213946
	17.9605278	48.9213674
	17.9608819	48.9212113
	17.9615108	48.9209348
	17.9618128	48.9207812
	17.9618968	48.9207387
	17.9621401	48.9203818
	17.9621771	48.9203242
	17.9618605	48.9201462
	17.9617157	48.9200655
	17.961678	48.9200452
	17.9618078	48.9199851
	17.9619735	48.9199046
	17.962286	48.9197505
	17.9623672	48.919708
	17.9624	48.9196806
	17.9625634	48.9195876
	17.9627109	48.9194959
	17.9630447	48.9192934
	17.963317	48.9191288
	17.9635199	48.9190044
	17.9638575	48.9188078
	17.963992	48.9187299
	17.964358	48.9185123
	17.9646115	48.9183615
	17.9647651	48.9181855
	17.9650258	48.9180136
	17.9651822	48.9179167
	17.9652928	48.9178511
	17.9653955	48.9177848
	17.9655836	48.9176607
	17.9657813	48.9175301
	17.965901	48.917368
	17.9659428	48.9173116
	17.9660586	48.9171392
	17.9661506	48.9170014
	17.9663402	48.9168217
	17.9665656	48.9166059
	17.9669044	48.9162852
	17.9669164	48.9162183
	17.9669548	48.9160422
	17.9669885	48.9158749
	17.9670271	48.9157
	17.9670924	48.91539
	17.9670592	48.9153566
	17.966912	48.9152079
	17.9666776	48.9149636
	17.9665744	48.9148548
	17.9666255	48.9146966
	17.9666648	48.9145769
	17.9670374	48.9144918
	17.9671764	48.9144617
	17.9674165	48.9143145
	17.9675947	48.9142077
	17.9678594	48.9143667
	17.9681044	48.9145144
	17.9681381	48.9145356
	17.9681631	48.9145314
	17.9686177	48.9144342
	17.96898	48.9143563
	17.9689424	48.9143271
	17.9687714	48.9141997
	17.9687169	48.914157
	17.9684274	48.9139309
	17.9682314	48.9137736
	17.9681187	48.9135874
	17.9682771	48.9134152
	17.9682813	48.9134133
	17.9685079	48.9133329
	17.9685998	48.9133565
	17.9688377	48.9134224
	17.9689834	48.9134616
	17.969177	48.9135894
	17.9693677	48.9137169
	17.9696239	48.91389
	17.9698366	48.9138147
	17.9698999	48.9137924
	17.9699845	48.9137615
	17.9701112	48.9137169
	17.9701347	48.9137105
	17.9702094	48.91361
	17.9702506	48.9135549
	17.970279	48.9135181
	17.97035	48.9134241
	17.970413	48.913341
	17.9704773	48.9132273
	17.9708021	48.9131688
	17.9709447	48.9131446
	17.9710339	48.9131272
	17.9711149	48.912965
	17.9712032	48.9127886
	17.9712327	48.9127269
	17.9713917	48.9126089
	17.9715822	48.91247
	17.9715889	48.912465
	17.9717337	48.9123584
	17.9718199	48.9122291
	17.9719196	48.9120849
	17.9719416	48.912058
	17.9720499	48.9119008
	17.9721601	48.9117424
	17.9722731	48.9115798
	17.9724198	48.9113697
	17.9725724	48.9111484
	17.9726131	48.9110922
	17.9726595	48.9110306
	17.9727975	48.9108266
	17.9727827	48.9105143
	17.9730324	48.9103122
	17.9732809	48.9101159
	17.9734095	48.9098255
	17.973407	48.9098119
	17.9734511	48.9094522
	17.9735085	48.9089816
	17.9734392	48.9087765
	17.9733865	48.9086189
	17.9733463	48.9085002
	17.9732802	48.9082988
	17.973072	48.9080312
	17.973026	48.907971
	17.9729831	48.9079143
	17.972946	48.9079211
	17.9728088	48.9079456
	17.9724223	48.9078596
	17.9722829	48.9077453
	17.9721591	48.9076477
	17.9721308	48.9076211
	17.9720673	48.9075315
	17.9719136	48.9073228
	17.9721464	48.9070781
	17.972518	48.9069894
	17.9727456	48.9069362
	17.9727998	48.9069226
	17.9728726	48.9066729
	17.9728839	48.9066353
	17.9729017	48.9065732
	17.9728833	48.9064163
	17.9728642	48.9062718
	17.9728623	48.9062594
	17.9728652	48.9060145
	17.9728376	48.9058911
	17.9728317	48.9058635
	17.9728277	48.905843
	17.9727853	48.9056408
	17.9727867	48.9056227
	17.9729771	48.9054207
	17.9731981	48.9051845
	17.9733859	48.9049856
	17.9737071	48.904709
	17.9738306	48.9046033
	17.974014	48.9044471
	17.9742372	48.9042527
	17.9746105	48.9039328
	17.9747243	48.9038403
	17.9748767	48.9037275
	17.9751017	48.9035433
	17.9753403	48.9033508
	17.9754389	48.9032698
	17.975799	48.9029808
	17.9762205	48.9026423
	17.9765356	48.9023911
	17.9765831	48.9023589
	17.9766757	48.9022923
	17.9768365	48.9021686
	17.9768585	48.902152
	17.9770082	48.9019981
	17.9770304	48.9019746
	17.9770553	48.9019503
	17.977137	48.9018669
	17.9772222	48.9016655
	17.9773467	48.9013682
	17.9774725	48.9010663
	17.9775066	48.9009792
	17.9775388	48.9008953
	17.9776197	48.9006867
	17.9776658	48.9005665
	17.9777166	48.9004285
	17.9776523	48.9002237
	17.9775893	48.9000359
	17.9777135	48.8997455
	17.9777713	48.8996032
	17.9779099	48.8996285
	17.9779199	48.8996312
	17.978054	48.8995398
	17.9782313	48.8994183
	17.9783547	48.899297
	17.9785603	48.8991997
	17.9787283	48.8991171
	17.9788095	48.8990586
	17.9787961	48.8990353
	17.9787954	48.8990353
	17.9787744	48.8990002
	17.9787709	48.8989965
	17.9786739	48.8988869
	17.9789231	48.898667
	17.9786324	48.8985176
	17.9787978	48.8984226
	17.9789471	48.8983378
	17.9790384	48.8982945
	17.9791808	48.8982263
	17.9794822	48.8980781
	17.9796232	48.8980413
	17.979917	48.8979674
	17.9801843	48.8978986
	17.9803916	48.8977912
	17.9807601	48.8977193
	17.9809924	48.8976756
	17.9811345	48.8976467
	17.9815422	48.8976133
	17.9816674	48.8976025
	17.9819932	48.8975757
	17.9819587	48.8973975
	17.9817519	48.8972272
	17.981458	48.8969863
	17.9813157	48.8968696
	17.9812773	48.896838
	17.9812354	48.8967903
	17.9810791	48.8966153
	17.9807877	48.8962875
	17.9808995	48.8962354
	17.980725	48.8960626
	17.9805045	48.8958386
	17.9805772	48.89581
	17.9805783	48.8958101
	17.980846	48.8957041
	17.9806557	48.8955947
	17.9804804	48.8954916
	17.9805367	48.8954602
	17.9805607	48.8954467
	17.9806088	48.8954202
	17.9806758	48.8953838
	17.980785	48.8953247
	17.9805666	48.8952035
	17.980386	48.8951024
	17.980171	48.894987
	17.9799355	48.8948546
	17.9797111	48.8947294
	17.9794508	48.8945842
	17.9792586	48.8945153
	17.9791054	48.8944599
	17.9788939	48.894383
	17.9787337	48.8943239
	17.9787013	48.8943118
	17.9786154	48.8942785
	17.9787407	48.8942803
	17.9790763	48.8942765
	17.9793368	48.8942704
	17.979385	48.8942745
	17.9798999	48.8943184
	17.9803228	48.8943548
	17.9805311	48.894374
	17.980829	48.8943995
	17.9810136	48.8944161
	17.9810285	48.894417
	17.9814992	48.8944664
	17.981547	48.8944713
	17.9815662	48.8944668
	17.9816321	48.8944494
	17.9819623	48.8943661
	17.9819642	48.8943629
	17.981967	48.8943394
	17.9820427	48.8943472
	17.9821344	48.8943559
	17.9822366	48.8943667
	17.9823049	48.8943741
	17.9823308	48.8943732
	17.9824352	48.8943728
	17.9825241	48.8943712
	17.9825663	48.8943716
	17.9825821	48.894369
	17.9826154	48.8943643
	17.982648	48.8943594
	17.9827128	48.8943497
	17.9828178	48.8943344
	17.9829056	48.8943217
	17.9829668	48.8943127
	17.9829957	48.8943055
	17.9830655	48.8942881
	17.9831178	48.8942756
	17.9831443	48.8942679
	17.9832185	48.8942498
	17.9833239	48.8942244
	17.9833928	48.8942081
	17.9834995	48.894183
	17.983531	48.8941759
	17.9836547	48.8941446
	17.9837878	48.894113
	17.9835838	48.893872
	17.9834759	48.8937322
	17.9834465	48.89369
	17.9833561	48.8935818
	17.9831697	48.8933598
	17.9828799	48.8930198
	17.9826648	48.8927689
	17.9823744	48.8924256
	17.9821052	48.892114
	17.9820581	48.8920592
	17.9819636	48.8919497
	17.9817846	48.8917395
	17.9816566	48.8915919
	17.9816099	48.8915371
	17.9814412	48.8913377
	17.9816821	48.8912119
	17.9820553	48.8910162
	17.9824183	48.8908232
	17.9825027	48.8907729
	17.9826169	48.8906871
	17.982652	48.8906509
	17.982724	48.8905669
	17.9827716	48.8905102
	17.9828788	48.8903843
	17.9827736	48.8903715
	17.9828524	48.8901751
	17.9828445	48.8900776
	17.9828159	48.8897768
	17.982795	48.8895296
	17.9828321	48.88936
	17.9829881	48.8890838
	17.9832249	48.8886589
	17.9834156	48.8883145
	17.9835754	48.8880316
	17.9835257	48.887785
	17.9834513	48.8874386
	17.983392	48.8871551
	17.9833823	48.887124
	17.9832719	48.8870103
	17.9832556	48.8870004
	17.9831195	48.8869438
	17.9830775	48.8869288
	17.9830533	48.8869274
	17.9826872	48.8869081
	17.9822952	48.886887
	17.9821049	48.8868521
	17.9819245	48.8868177
	17.9820126	48.8867371
	17.9820503	48.8867022
	17.9841406	48.8863958
	17.9840591	48.8859226
	17.9843018	48.8858095
	17.9843449	48.8857884
	17.9845024	48.8857164
	17.984583	48.8856015
	17.984593	48.8855886
	17.9846432	48.8855228
	17.9846832	48.885471
	17.9854871	48.8848244
	17.9869873	48.8836197
	17.9878027	48.8829637
	17.9888028	48.8821549
	17.9888676	48.8821036
	17.9885526	48.8816086
	17.9884019	48.8813774
	17.9883694	48.8813267
	17.9883159	48.8812481
	17.9882922	48.8811767
	17.9876152	48.880307
	17.987443	48.8800622
	17.9873829	48.8799772
	17.9873552	48.8799385
	17.9873165	48.879883
	17.987268	48.8798125
	17.9872463	48.8797818
	17.9872193	48.8797429
	17.9871277	48.87961
	17.9867706	48.8791092
	17.9867377	48.8790633
	17.9867252	48.8790129
	17.9867015	48.878963
	17.986646	48.8788412
	17.9866229	48.8787923
	17.9863771	48.8782562
	17.9861986	48.8778788
	17.9861639	48.8778519
	17.9857303	48.877489
	17.9854336	48.8772399
	17.9843071	48.8763144
	17.9835984	48.8756809
	17.9831717	48.8753071
	17.9816893	48.8739754
	17.98165	48.8739402
	17.9815546	48.8738535
	17.9812058	48.8735551
	17.9811117	48.8734434
	17.9809263	48.8732484
	17.9805756	48.872888
	17.980524	48.8728218
	17.9801146	48.8724002
	17.9800872	48.8723702
	17.9789447	48.8711636
	17.9779005	48.8700668
	17.9781589	48.869878
	17.9783537	48.8697381
	17.9785963	48.8695673
	17.9787666	48.8694488
	17.9789794	48.8693001
	17.9790186	48.8692731
	17.9790373	48.8692595
	17.9798273	48.8686924
	17.9799482	48.868607
	17.9811056	48.8685772
	17.9822631	48.8685545
	17.9822887	48.8685537
	17.982542	48.869124
	17.9827232	48.8695647
	17.982745	48.8695627
	17.9828592	48.8695536
	17.9830684	48.8695469
	17.9831685	48.8695178
	17.9837384	48.8691972
	17.9837547	48.869188
	17.9837773	48.8691747
	17.9838188	48.8691568
	17.9841129	48.8690241
	17.9843084	48.868942
	17.9853218	48.868511
	17.9856032	48.868416
	17.9856335	48.8684065
	17.9856838	48.8684005
	17.987279	48.8681834
	17.9887991	48.8679562
	17.9888206	48.8679563
	17.9891207	48.8679086
	17.9892144	48.8678973
	17.989391	48.8679087
	17.9898336	48.8679385
	17.9904316	48.8679784
	17.9909387	48.867935
	17.9909989	48.8679294
	17.9910395	48.8679263
	17.9914674	48.8678589
	17.9919425	48.8677844
	17.9923015	48.8677278
	17.9929169	48.8676027
	17.9930773	48.867549
	17.9932317	48.8674971
	17.9936028	48.8673488
	17.9938286	48.8672595
	17.9940007	48.8671961
	17.9939902	48.8671889
	17.9939869	48.8671863
	17.9930687	48.8665226
	17.992901	48.866401
	17.9927352	48.8662805
	17.9926872	48.866246
	17.9921591	48.8658638
	17.9919492	48.8657125
	17.9917165	48.8655443
	17.9915664	48.8654349
	17.9915717	48.8654092
	17.9915735	48.8654015
	17.991603	48.8652554
	17.9916447	48.8650491
	17.9916981	48.8647857
	17.9917436	48.8645616
	17.9917943	48.8643096
	17.9918165	48.864199
	17.9919181	48.8637233
	17.9919799	48.8631974
	17.9921769	48.8632883
	17.99224	48.8633303
	17.9922767	48.8633561
	17.9923322	48.8633933
	17.9923715	48.8634183
	17.9924646	48.8634824
	17.9926021	48.8635752
	17.9927103	48.8636469
	17.9928164	48.8637211
	17.9928894	48.8637694
	17.9931437	48.8639424
	17.9941617	48.8636505
	17.9941888	48.8636431
	17.9942358	48.86363
	17.9942591	48.8636245
	17.9942915	48.863692
	17.9943779	48.8638688
	17.9946377	48.8644179
	17.9947202	48.8645943
	17.9947532	48.8646629
	17.9947883	48.8647372
	17.9948252	48.8648162
	17.9949215	48.8650206
	17.9949921	48.8651636
	17.9950278	48.8652354
	17.9950565	48.8652937
	17.995373	48.8655257
	17.995714	48.865776
	17.9958156	48.8658511
	17.995967	48.8659615
	17.9960074	48.8659911
	17.9960501	48.8660229
	17.9961302	48.8660818
	17.9962567	48.8661749
	17.9962615	48.8661787
	17.996297	48.8662057
	17.9963185	48.8662216
	17.9963885	48.8662709
	17.996427	48.866299
	17.9964614	48.8663249
	17.996527	48.8663728
	17.9965655	48.8664008
	17.9965902	48.8664193
	17.9966504	48.8664647
	17.9966657	48.8664758
	17.9967184	48.8665127
	17.9967348	48.8665239
	17.9967641	48.866546
	17.9968398	48.8666034
	17.9980718	48.8659291
	17.9985779	48.865652
	17.9991342	48.8653462
	17.9998617	48.8649491
	18.0000808	48.8648301
	18.0009137	48.8643668
	18.0014594	48.8640594
	18.0014893	48.8640429
	18.0017348	48.8641804
	18.0017557	48.8641694
	18.0026108	48.863687
	18.0028472	48.8635544
	18.0028592	48.8635234
	18.0028705	48.8634959
	18.0028838	48.8634584
	18.0030065	48.8633866
	18.0033225	48.8632111
	18.0035992	48.8630581
	18.003643	48.8630337
	18.0036833	48.8630113
	18.0036984	48.8630032
	18.0038099	48.8629419
	18.0037956	48.8629739
	18.003775	48.8630042
	18.003866	48.8630547
	18.0039787	48.8631224
	18.004049	48.8631694
	18.0041057	48.8631874
	18.0045802	48.8631804
	18.0052403	48.8631179
	18.0052955	48.8631131
	18.0054637	48.8631018
	18.0055819	48.8630917
	18.0057267	48.8630868
	18.0059181	48.8630789
	18.0059868	48.8630773
	18.0060973	48.8630656
	18.0062402	48.8630088
	18.0062703	48.8629959
	18.0064708	48.8629342
	18.0064546	48.8629051
	18.0066538	48.8627714
	18.0067243	48.8627223
	18.0068001	48.8626604
	18.0069561	48.8625194
	18.0071567	48.8623406
	18.007493	48.862137
	18.0080379	48.8619061
	18.0087286	48.8617109
	18.0100351	48.8612542
	18.0103175	48.861114
	18.0105205	48.860968
	18.0111758	48.8606082
	18.0114057	48.8604401
	18.0117931	48.8602452
	18.0122998	48.8600132
	18.0123693	48.8599845
	18.0126213	48.8598808
	18.0136446	48.8595585
	18.0140382	48.8594396
	18.0144545	48.8593163
	18.0147853	48.8592185
	18.0152448	48.8590841
	18.0163337	48.8587612
	18.0171393	48.8585211
	18.0180776	48.8582434
	18.0181238	48.8582279
	18.0185025	48.8590628
	18.0184907	48.859113
	18.0184632	48.8592131
	18.0184249	48.8592659
	18.018638	48.8592402
	18.0186956	48.8592175
	18.0187317	48.8592074
	18.0189405	48.859153
	18.0189847	48.8591421
	18.0198102	48.8589323
	18.0198583	48.8585718
	18.0200006	48.8585395
	18.0199692	48.8583187
	18.0199819	48.8582889
	18.0200107	48.8582242
	18.020076	48.8580755
	18.0201417	48.8579237
	18.0202071	48.8577741
	18.0202725	48.8576244
	18.020316	48.8575253
	18.0203351	48.8574746
	18.0203916	48.8573245
	18.0204478	48.8571743
	18.0204926	48.8570549
	18.0205047	48.8570242
	18.0205621	48.8568752
	18.0207287	48.8567564
	18.0207422	48.8567312
	18.0207703	48.8566796
	18.0207497	48.8565691
	18.0207423	48.8565313
	18.0207395	48.8565153
	18.0207615	48.8564163
	18.0207952	48.8562648
	18.0208158	48.8561712
	18.0208548	48.8561056
	18.0209549	48.8559401
	18.0210599	48.8557656
	18.0212008	48.8555324
	18.0212295	48.8555161
	18.0212388	48.855511
	18.0216227	48.8552933
	18.0216552	48.8551642
	18.0217385	48.8551206
	18.0213855	48.8549485
	18.0215366	48.8547961
	18.0216698	48.8546166
	18.0216986	48.8546001
	18.0218375	48.8544898
	18.021969	48.8543892
	18.0221191	48.8542976
	18.0222687	48.8542061
	18.0224128	48.8541186
	18.0225931	48.8540682
	18.0227571	48.8539899
	18.0229065	48.8539265
	18.02308	48.8538757
	18.023267	48.8538416
	18.0237784	48.8537092
	18.0242338	48.8536547
	18.024366	48.853631
	18.0244693	48.8536281
	18.0246021	48.8536291
	18.0247219	48.8536338
	18.0249679	48.8536144
	18.0250779	48.8535216
	18.0252139	48.8534856
	18.0252436	48.8534784
	18.0254148	48.8534286
	18.0255334	48.8533916
	18.0254604	48.8534493
	18.0254808	48.8534651
	18.0254971	48.8534775
	18.025502	48.8534811
	18.02554	48.853454
	18.0255526	48.8534457
	18.0255675	48.853484
	18.0255639	48.8534871
	18.0254277	48.853593
	18.0253965	48.8536172
	18.0254009	48.8536187
	18.0259879	48.8536937
	18.0264131	48.853748
	18.0270387	48.8538336
	18.027087	48.8538397
	18.0275955	48.8539092
	18.0278844	48.8539037
	18.0280047	48.8539016
	18.0287591	48.8538885
	18.029344	48.8538777
	18.0293449	48.8538766
	18.029462	48.8535936
	18.0295353	48.8534172
	18.0295969	48.8532314
	18.0296228	48.8531539
	18.029687	48.852968
	18.0297136	48.8528906
	18.0297606	48.8527016
	18.0297803	48.8526225
	18.029815	48.8524316
	18.0298297	48.8523523
	18.0298906	48.8521641
	18.0299161	48.8520842
	18.0299112	48.8518921
	18.0299095	48.8518119
	18.0299341	48.851556
	18.0299481	48.8514123
	18.0299516	48.8512117
	18.0299529	48.8511226
	18.0299437	48.8510632
	18.0299373	48.85102
	18.0299281	48.8509608
	18.0299482	48.8509372
	18.0300637	48.8509527
	18.0300958	48.8509456
	18.0301983	48.8509429
	18.0305429	48.850883
	18.031038	48.850876
	18.0317935	48.8508301
	18.0327613	48.8508125
	18.0334189	48.8506878
	18.0337968	48.8505643
	18.0338875	48.8505831
	18.034297	48.8504142
	18.0347276	48.8502986
	18.0352551	48.8501546
	18.0355667	48.8500736
	18.0360766	48.8499388
	18.0362447	48.8498831
	18.0362462	48.8498823
	18.0364574	48.8498122
	18.0364589	48.8498122
	18.0365309	48.849786
	18.0366899	48.8497118
	18.0369361	48.8497466
	18.0372084	48.8496487
	18.0375342	48.8496137
	18.0378985	48.8496362
	18.0380972	48.8497596
	18.0381328	48.8497718
	18.038354	48.8498536
	18.0384893	48.8498041
	18.0385034	48.8497981
	18.0385157	48.8497943
	18.0386182	48.8498027
	18.0386662	48.8498077
	18.0386744	48.8498081
	18.0387126	48.8498014
	18.038758	48.8497939
	18.0388521	48.849803
	18.0390674	48.8498246
	18.0392486	48.8497279
	18.0394535	48.8498743
	18.0397643	48.8499954
	18.039951	48.8499747
	18.0400035	48.8499835
	18.0400508	48.849994
	18.0400622	48.8499947
	18.0401049	48.8500053
	18.0402342	48.8500296
	18.0403297	48.8501426
	18.040485	48.8502104
	18.0414382	48.8501524
	18.0414798	48.8501492
	18.0418696	48.8501236
	18.0420415	48.850111
	18.0422863	48.8501242
	18.0424397	48.8501559
	18.0431659	48.8501998
	18.0432816	48.8502607
	18.0433508	48.8502636
	18.0437002	48.8501994
	18.0438446	48.8502079
	18.0441145	48.8503028
	18.0442649	48.8503116
	18.0443009	48.8503927
	18.0444625	48.8503797
	18.0447341	48.8503481
	18.0450027	48.8503178
	18.0452716	48.8502872
	18.0453506	48.8502784
	18.0453824	48.8502758
	18.0454643	48.8504047
	18.0455741	48.8504088
	18.0457928	48.8504193
	18.0458496	48.850407
	18.0458683	48.8504036
	18.0461146	48.8503604
	18.0463796	48.850314
	18.0464795	48.8502962
	18.0467171	48.8502829
	18.0467922	48.8502784
	18.0467829	48.8502461
	18.0466904	48.8499732
	18.0466733	48.8499192
	18.0467617	48.8499041
	18.0468826	48.8498741
	18.0472999	48.849851
	18.0475146	48.84984
	18.0478999	48.8498186
	18.0479649	48.8498122
	18.0482865	48.8496483
	18.0484442	48.8496349
	18.0484913	48.849631
	18.0488857	48.8495976
	18.0489973	48.8496233
	18.0492341	48.8496848
	18.049362	48.8497171
	18.0494765	48.8498591
	18.0496191	48.849854
	18.0497768	48.8498112
	18.0500394	48.8496845
	18.0504068	48.8497524
	18.0505612	48.8497794
	18.0506993	48.8498396
	18.0507306	48.8499135
	18.0507896	48.850005
	18.0515456	48.8499793
	18.0518238	48.849928
	18.0518782	48.8499177
	18.0520551	48.8499506
	18.0521392	48.8499803
	18.0526091	48.8499821
	18.0528773	48.8499572
	18.0532197	48.849924
	18.0534641	48.8500062
	18.053448	48.850046
	18.0535413	48.8500772
	18.053646	48.8500845
	18.0537277	48.8500983
	18.0537898	48.8501211
	18.0539256	48.8501981
	18.0540694	48.8502165
	18.0542016	48.8502221
	18.0542741	48.8502105
	18.0543407	48.8502426
	18.0543726	48.8502322
	18.0544474	48.8502219
	18.0546583	48.8501699
	18.0547275	48.8502314
	18.0548925	48.8502806
	18.0550416	48.8502827
	18.0551204	48.8502781
	18.0552099	48.8503184
	18.0553956	48.8503044
	18.0554963	48.8503579
	18.0555936	48.850386
	18.0556889	48.8504335
	18.0557608	48.8504535
	18.0558084	48.8504563
	18.0560136	48.850431
	18.0560578	48.8504539
	18.0561321	48.8505193
	18.0561963	48.8505276
	18.0563444	48.8505159
	18.0564449	48.850523
	18.056706	48.8505608
	18.0567735	48.8505626
	18.0569976	48.8505327
	18.0571394	48.8504958
	18.0572093	48.8504933
	18.0573666	48.8505013
	18.0575765	48.8504436
	18.0577558	48.8504688
	18.0578563	48.8504974
	18.0580314	48.8504128
	18.0582057	48.8504015
	18.0584526	48.8503663
	18.058533	48.8503734
	18.0586781	48.8504325
	18.058783	48.8504488
	18.0588462	48.8504639
	18.0589563	48.8505619
	18.0589948	48.8506192
	18.0591264	48.8506215
	18.0592521	48.8505532
	18.0593515	48.8504642
	18.05947	48.8504564
	18.0596508	48.8504365
	18.0597595	48.8504013
	18.0599373	48.8504273
	18.060009	48.8504327
	18.0602603	48.8504001
	18.0604185	48.8503879
	18.060422	48.85045
	18.0605265	48.8505252
	18.0606279	48.8506134
	18.0606222	48.8508479
	18.060585	48.8509619
	18.0605757	48.8510765
	18.0606753	48.8511829
	18.0607534	48.8515237
	18.06072	48.8517327
	18.0606528	48.8519229
	18.060608	48.8521549
	18.060564	48.8522337
	18.0604788	48.8522762
	18.0605048	48.8525249
	18.0604929	48.8527283
	18.0604932	48.8532961
	18.060412	48.8541739
	18.0603357	48.8546907
	18.0602247	48.8551051
	18.06013	48.8554439
	18.0599428	48.8558177
	18.0597714	48.8557706
	18.059669	48.855743
	18.0595096	48.855684
	18.059332	48.8556138
	18.0593762	48.8554719
	18.0593433	48.8554633
	18.0592799	48.8554495
	18.059215	48.855431
	18.0591513	48.8554228
	18.059031	48.8554032
	18.0589509	48.8553883
	18.0585206	48.8553078
	18.0582375	48.8552406
	18.0581327	48.855215
	18.0579613	48.8551679
	18.057903	48.855151
	18.0578187	48.8551221
	18.0577015	48.855085
	18.0576494	48.8550649
	18.0575479	48.8550252
	18.0573931	48.8549641
	18.0573151	48.8549472
	18.0571839	48.8549102
	18.0570634	48.8548738
	18.0570217	48.8548612
	18.0569614	48.8548508
	18.0569119	48.8548491
	18.0568243	48.8548496
	18.0566671	48.8549104
	18.0566908	48.8549761
	18.05656	48.8553251
	18.0565516	48.8553426
	18.0563342	48.8554719
	18.0557515	48.8558204
	18.0557214	48.8558198
	18.0546979	48.8557982
	18.0542025	48.8557883
	18.0541076	48.8558255
	18.0540342	48.8559579
	18.0540059	48.8560137
	18.0538783	48.8560244
	18.053663	48.8560953
	18.053457	48.8560605
	18.0533149	48.8559845
	18.0529418	48.8559447
	18.0520517	48.8559116
	18.0520076	48.8559091
	18.052014	48.8559466
	18.0507397	48.855943
	18.0507376	48.8563525
	18.0507192	48.8564169
	18.0507604	48.8566698
	18.0509492	48.8578276
	18.0509507	48.8578379
	18.0509935	48.8581022
	18.0511408	48.8590069
	18.0511477	48.8590354
	18.0509459	48.8590305
	18.0506521	48.8590324
	18.0504036	48.8590303
	18.0503929	48.8590782
	18.0503661	48.8591996
	18.0503344	48.8593444
	18.0503216	48.8594025
	18.0503026	48.8594825
	18.0503001	48.8594925
	18.0502819	48.8595773
	18.0501646	48.8601155
	18.0501841	48.8601358
	18.0502434	48.8602488
	18.05039	48.8602144
	18.0504961	48.8601846
	18.0508276	48.8600922
	18.0509668	48.8600621
	18.051041	48.8600269
	18.0513332	48.8599651
	18.0514397	48.8599623
	18.0518785	48.8599881
	18.052078	48.8599917
	18.0522558	48.8599866
	18.0522993	48.8599856
	18.052447	48.8599583
	18.0526401	48.8599164
	18.0528146	48.8598668
	18.0528418	48.8598618
	18.0531762	48.859782
	18.0532159	48.859764
	18.053364	48.8597287
	18.0536018	48.8596739
	18.0538079	48.8596181
	18.0541707	48.8594847
	18.054345	48.8593934
	18.0544154	48.8593626
	18.0545589	48.8593168
	18.0547463	48.8592793
	18.0548999	48.8592647
	18.0550438	48.8592585
	18.0553132	48.8592617
	18.0554271	48.8592729
	18.0556534	48.8593122
	18.055941	48.8593482
	18.056198	48.8593881
	18.0562441	48.8593863
	18.0565117	48.8594381
	18.0567891	48.859478
	18.0569216	48.859487
	18.0572533	48.8594939
	18.0573578	48.8594944
	18.0577026	48.8594786
	18.0577458	48.8594856
	18.0582077	48.8594538
	18.0583894	48.8594408
	18.0586401	48.8594049
	18.0587035	48.8593973
	18.0609515	48.8595254
	18.0609561	48.8595257
	18.0609902	48.8595277
	18.0608913	48.8596394
	18.0607658	48.859781
	18.0607257	48.859826
	18.060504	48.860059
	18.0603724	48.8601981
	18.0599732	48.8606612
	18.0596581	48.8610263
	18.0593177	48.8614228
	18.0590611	48.8617228
	18.0589506	48.8618438
	18.0589274	48.8618694
	18.0587637	48.8620821
	18.0586767	48.8621955
	18.0585514	48.8623225
	18.0584151	48.8624725
	18.058365	48.8625272
	18.0581664	48.8628157
	18.058038	48.8630024
	18.057962	48.8631807
	18.0579326	48.8632502
	18.0578896	48.863426
	18.0578737	48.8634905
	18.0578556	48.8636891
	18.0578476	48.8637778
	18.0578034	48.8640292
	18.0577785	48.8641687
	18.0577362	48.8645973
	18.0577058	48.8649138
	18.0576914	48.8650766
	18.0576878	48.8651273
	18.0576646	48.8653449
	18.0576535	48.8654514
	18.0576271	48.8656102
	18.0576096	48.8657106
	18.0575656	48.8658537
	18.0575554	48.8658869
	18.0574246	48.8661342
	18.0573499	48.8662767
	18.057215	48.8665013
	18.0571424	48.8666223
	18.0570598	48.866815
	18.057023	48.8668996
	18.0570112	48.8669396
	18.0570476	48.8671189
	18.0570612	48.8671885
	18.0571471	48.8676043
	18.0572107	48.8679096
	18.0572411	48.8679395
	18.0572513	48.8679413
	18.0574339	48.8679642
	18.0580184	48.8679997
	18.0580646	48.8672811
	18.0584627	48.8673091
	18.058581	48.8670214
	18.0590662	48.8663862
	18.0590569	48.8667005
	18.0590956	48.8669184
	18.0591191	48.8669569
	18.0591355	48.8669659
	18.0592679	48.8670425
	18.0594142	48.8671267
	18.0594469	48.8671454
	18.0596115	48.8672409
	18.0597931	48.8673452
	18.059847	48.8673765
	18.059997	48.8674633
	18.0600093	48.867463
	18.0601541	48.86746
	18.0601903	48.86746
	18.0603476	48.8674579
	18.0603929	48.8674572
	18.06055	48.8674539
	18.0605732	48.867454
	18.0607328	48.8674511
	18.0609073	48.8674488
	18.0610603	48.8674466
	18.0612281	48.8674439
	18.0614099	48.8674411
	18.0615801	48.8674385
	18.0618041	48.8673218
	18.061994	48.8672237
	18.0622273	48.8671018
	18.0623259	48.8670511
	18.0625529	48.8670927
	18.0627754	48.8671339
	18.0629719	48.8671702
	18.0631318	48.8671999
	18.0632055	48.8672144
	18.0632797	48.8672277
	18.0635219	48.8672736
	18.0633907	48.8673832
	18.0632692	48.8674844
	18.0631568	48.867576
	18.0629937	48.8677121
	18.0630124	48.8677539
	18.0632339	48.8677971
	18.0634294	48.8678334
	18.0636355	48.8678738
	18.0637734	48.8679011
	18.0638976	48.8679637
	18.0641178	48.8680747
	18.0642801	48.8681554
	18.064441	48.8682358
	18.0646244	48.8683278
	18.0648085	48.8684197
	18.0649724	48.8685017
	18.0651326	48.868582
	18.0652924	48.8686626
	18.0653173	48.868675
	18.0654667	48.8687496
	18.0656077	48.868821
	18.0657647	48.8688957
	18.0659028	48.8689646
	18.0660449	48.8690351
	18.0661814	48.8691029
	18.0663274	48.8691767
	18.0664571	48.8692408
	18.0664665	48.8692459
	18.066671	48.8693482
	18.06678	48.8694018
	18.0668147	48.8695699
	18.0668634	48.8698052
	18.0668624	48.8698288
	18.0668549	48.8699752
	18.0668456	48.8701482
	18.0668384	48.8702845
	18.0668197	48.8703196
	18.0668083	48.8703402
	18.0667422	48.8704617
	18.066673	48.8705896
	18.0666029	48.8707186
	18.0665329	48.8708477
	18.0664916	48.8709706
	18.0664611	48.8710615
	18.066432	48.8711478
	18.0664093	48.8712153
	18.0663804	48.8713016
	18.0665193	48.8713752
	18.0666919	48.8714676
	18.066847	48.8715512
	18.06701	48.8716397
	18.0671623	48.8717153
	18.0673245	48.8717969
	18.0673759	48.8718226
	18.0674871	48.8718968
	18.0676342	48.8719945
	18.0677825	48.8720834
	18.0679321	48.8721732
	18.068014	48.8722169
	18.0680963	48.8722609
	18.0682456	48.8723316
	18.0684068	48.8724098
	18.0685692	48.8724872
	18.0687412	48.8725706
	18.0689214	48.8726568
	18.0689862	48.8728524
	18.0690602	48.8730757
	18.0690712	48.8731191
	18.0690805	48.8731568
	18.069119	48.8733071
	18.0692635	48.8737658
	18.0692761	48.873806
	18.0692742	48.8738227
	18.0692532	48.8740665
	18.0692458	48.8741349
	18.0692373	48.8742008
	18.0692363	48.8742348
	18.0692301	48.8742683
	18.0692083	48.8743663
	18.0691775	48.8744648
	18.0691121	48.8746417
	18.0689968	48.8746191
	18.0691738	48.8747027
	18.0694193	48.8748368
	18.0695462	48.8749007
	18.0697034	48.8749662
	18.06981	48.8750053
	18.0699049	48.8750198
	18.0700607	48.8750313
	18.07054	48.8749813
	18.0710547	48.8749719
	18.0716605	48.874943
	18.0721074	48.8749499
	18.072365	48.8749988
	18.0731979	48.8751243
	18.0732596	48.8751854
	18.0730616	48.8754877
	18.0728203	48.8758718
	18.0724862	48.8764482
	18.0722983	48.8767894
	18.0721464	48.8770208
	18.0719513	48.877304
	18.0716967	48.8776084
	18.0715357	48.8778012
	18.0713345	48.8780309
	18.0711509	48.8782311
	18.0709357	48.8784183
	18.0707023	48.878645
	18.0704628	48.8788984
	18.070509	48.8789148
	18.0705187	48.8794165
	18.0705222	48.8796253
	18.0706438	48.8801506
	18.0707324	48.8806838
	18.0707506	48.8810495
	18.070753	48.8816454
	18.0707691	48.8821205
	18.0722051	48.8826388
	18.0722068	48.8826401
	18.0722704	48.882663
	18.0723306	48.8826845
	18.0723901	48.8827059
	18.0724924	48.8827424
	18.0726501	48.882746
	18.072989	48.8827535
	18.0731966	48.8827587
	18.0741691	48.8829184
	18.0769549	48.8818881
	18.0775088	48.881731
	18.078103	48.8837394
	18.0784835	48.8839232
	18.0786197	48.8816131
	18.0790908	48.8813866
	18.0803974	48.8813974
	18.0814897	48.8815966
	18.0820848	48.8813436
	18.0829633	48.8815121
	18.0833727	48.881852
	18.0845968	48.8826333
	18.0846487	48.8827165
	18.0848911	48.8828288
	18.0851512	48.882817
	18.0854271	48.8827733
	18.0855886	48.8827318
	18.0856179	48.8827246
	18.0857657	48.8826812
	18.0859985	48.8826328
	18.0860714	48.8826131
	18.0861726	48.8825696
	18.0865798	48.8823834
	18.0869093	48.8822016
	18.0871455	48.8821061
	18.0873727	48.882038
	18.0876931	48.8819935
	18.0876937	48.8819891
	18.0877143	48.8819451
	18.0879517	48.8820999
	18.0881448	48.8820582
	18.0890105	48.8823139
	18.0892654	48.8824778
	18.0894329	48.8826862
	18.0898024	48.8827011
	18.0899875	48.8827433
	18.0903314	48.882927
	18.0908946	48.8827782
	18.0916803	48.8826762
	18.0922477	48.8824045
	18.0925832	48.8822232
	18.0928576	48.8813827
	18.092954	48.8806332
	18.0929801	48.8802883
	18.0931194	48.8797142
	18.0932749	48.8794017
	18.0935779	48.8789813
	18.0938795	48.878472
	18.0941233	48.8782074
	18.0940585	48.8779733
	18.0945637	48.8774328
	18.0950502	48.8769185
	18.0956538	48.8762901
	18.0962997	48.8756223
	18.0966777	48.8752517
	18.0967127	48.8752176
	18.0968964	48.8750374
	18.0970255	48.874922
	18.0976317	48.8743807
	18.098139	48.8739283
	18.098212	48.8738512
	18.098292	48.8737679
	18.0988506	48.8739258
	18.0987906	48.8731627
	18.0988036	48.8728996
	18.0988365	48.8726137
	18.0990363	48.8721467
	18.0995338	48.8714962
	18.1000556	48.8708813
	18.1002902	48.870229
	18.100377	48.8699633
	18.1005559	48.8697299
	18.1005933	48.8696914
	18.1009336	48.8693444
	18.1009814	48.8693169
	18.1012604	48.8691525
	18.1019796	48.8688841
	18.1030134	48.8684363
	18.1037219	48.8681559
	18.104563	48.8680131
	18.1046984	48.8678822
	18.1048812	48.8675553
	18.1050375	48.8670938
	18.1057477	48.8667525
	18.1069113	48.866081
	18.1081748	48.8659549
	18.1086229	48.8662203
	18.1091204	48.8663979
	18.1096411	48.8667794
	18.1104372	48.8672227
	18.1113494	48.8673921
	18.112071	48.8675797
	18.1129624	48.8677194
	18.1137194	48.8678197
	18.1143148	48.8679617
	18.1143371	48.8679776
	18.1149347	48.8680653
	18.1149367	48.8680666
	18.1150526	48.868114
	18.1152628	48.8682016
	18.1157527	48.8682076
	18.1161793	48.8681669
	18.1164447	48.8682095
	18.116641	48.8682401
	18.1168515	48.8683277
	18.1168539	48.8683392
	18.116866	48.8683884
	18.1175807	48.8684909
	18.1178298	48.8685314
	18.1179913	48.8685566
	18.1179995	48.8685571
	18.118156	48.8685581
	18.1184948	48.8684877
	18.1187923	48.8684721
	18.1188017	48.8684715
	18.119265	48.8684433
	18.1197431	48.8685997
	18.1200556	48.8687103
	18.1206466	48.8688269
	18.1212653	48.8689555
	18.1216529	48.8689304
	18.1221003	48.8687984
	18.1224563	48.8690695
	18.122616	48.8691353
	18.1226609	48.8691537
	18.122684	48.8691629
	18.1226946	48.869167
	18.1227755	48.8691784
	18.1232605	48.869246
	18.1236484	48.869334
	18.1241414	48.8696854
	18.1244689	48.8698645
	18.1249234	48.869708
	18.1254369	48.8695404
	18.1260859	48.8693749
	18.1265514	48.8693546
	18.1269308	48.869329
	18.1274778	48.8691624
	18.128474	48.8689356
	18.1293372	48.8686934
	18.1297081	48.8684193
	18.130152	48.8679553
	18.1301839	48.8679039
	18.1303714	48.8676001
	18.1302524	48.867417
	18.1305956	48.8668074
	18.1311559	48.8663816
	18.1316717	48.8660989
	18.1319003	48.8659428
	18.1324796	48.865638
	18.1332669	48.8657659
	18.1340243	48.8659599
	18.1344433	48.8660677
	18.1349073	48.8661657
	18.1353504	48.8662082
	18.1358042	48.8662515
	18.1359775	48.8664003
	18.135956	48.865889
	18.1362436	48.865637
	18.1363811	48.8650075
	18.1362608	48.8649903
	18.136307	48.8647265
	18.1361149	48.8642472
	18.1361403	48.8641347
	18.1366466	48.864138
	18.137152	48.8641379
	18.1374054	48.8637927
	18.1374555	48.8637178
	18.1375859	48.8635277
	18.1375254	48.8632737
	18.1378007	48.8629579
	18.1379367	48.8627977
	18.1381441	48.8623594
	18.1382726	48.8618488
	18.137532	48.8618681
	18.1371148	48.8618687
	18.1366725	48.8617608
	18.1359472	48.8615855
	18.1361147	48.8613956
	18.1360697	48.8613027
	18.1363234	48.8612734
	18.1364154	48.8607325
	18.136614	48.8607134
	18.1367382	48.8599521
	18.1369678	48.8594655
	18.1374886	48.8596593
	18.1379598	48.8598188
	18.1380177	48.859847
	18.138316	48.8599725
	18.1384521	48.8600301
	18.1391723	48.8603707
	18.140018	48.8607053
	18.1406587	48.8608518
	18.1411449	48.8611869
	18.1411139	48.8618304
	18.1414114	48.862588
	18.1415094	48.8629616
	18.1413859	48.8632106
	18.1419029	48.8637246
	18.1423657	48.8641554
	18.1430098	48.864794
	18.1434691	48.8652032
	18.143709	48.865437
	18.1438497	48.866277
	18.1445432	48.8665496
	18.1448328	48.8667174
	18.1456895	48.8673425
	18.1469009	48.8680208
	18.1470513	48.8683624
	18.1478978	48.8694021
	18.1495897	48.8697775
	18.1507334	48.8699372
	18.1513909	48.870018
	18.15138	48.8702375
	18.1513198	48.8706831
	18.1513816	48.8709113
	18.1514822	48.8710661
	18.1515646	48.8713123
	18.1515418	48.87153
	18.1514894	48.8717684
	18.1515228	48.8720321
	18.1516041	48.872373
	18.1515419	48.8729958
	18.1513811	48.873651
	18.1513743	48.8739937
	18.1512782	48.8745039
	18.1511449	48.8749407
	18.1516092	48.875138
	18.1519751	48.8755846
	18.1521259	48.8758933
	18.1522737	48.8760757
	18.1525947	48.8764418
	18.1526958	48.8770175
	18.1529685	48.8771563
	18.15324	48.87723
	18.1541897	48.8774954
	18.1550048	48.8777399
	18.1553916	48.8780183
	18.1557905	48.8781002
	18.1564247	48.8781378
	18.157542	48.8783016
	18.158319	48.8783386
	18.1586056	48.8783913
	18.1588691	48.8784696
	18.1595508	48.8786466
	18.1600579	48.8789185
	18.1608477	48.8791052
	18.1610918	48.879268
	18.1612099	48.8793696
	18.1615457	48.8794623
	18.1617003	48.8795481
	18.1622977	48.8800372
	18.1629245	48.8805609
	18.1631304	48.8807658
	18.163637	48.881104
	18.1638423	48.8811993
	18.1639997	48.8813214
	18.1642486	48.8815964
	18.1645179	48.88178
	18.1647178	48.8820195
	18.1649087	48.8823024
	18.1652277	48.8825601
	18.165271	48.8826371
	18.1653242	48.883429
	18.1651248	48.8837481
	18.1650979	48.8839541
	18.1651147	48.8841277
	18.1651811	48.8843188
	18.1651698	48.8845506
	18.1651924	48.8847098
	18.1651696	48.8848012
	18.1650721	48.884906
	18.164664	48.8854401
	18.1641483	48.8857353
	18.1634986	48.8859168
	18.1630914	48.8861562
	18.1628418	48.886319
	18.1624736	48.8866486
	18.1622519	48.8867307
	18.162198	48.8867503
	18.1621656	48.8867619
	18.1621438	48.8867696
	18.1616582	48.8868951
	18.1613045	48.8870123
	18.1609559	48.8872722
	18.1606233	48.8874876
	18.1602609	48.8876946
	18.1600238	48.8877769
	18.1594188	48.8879236
	18.158842	48.8880869
	18.1582762	48.8883328
	18.1576862	48.8884962
	18.157154	48.8885423
	18.1567683	48.8886984
	18.1562949	48.8890175
	18.1558269	48.8894745
	18.1555583	48.8897288
	18.1552856	48.8899862
	18.1551349	48.8903036
	18.1548418	48.8907584
	18.1546489	48.8911873
	18.1543888	48.8915965
	18.154256	48.8919646
	18.1538721	48.8926332
	18.1533177	48.8934869
	18.1530402	48.894086
	18.1528012	48.8943734
	18.1526407	48.8947016
	18.1521276	48.8956299
	18.1516181	48.8960665
	18.1512817	48.8963552
	18.1506613	48.8970676
	18.150659	48.8971036
	18.1506315	48.8971087
	18.1505212	48.8973179
	18.150478	48.8974914
	18.1505556	48.8977905
	18.1505144	48.8977926
	18.1501567	48.8978126
	18.1496976	48.8976698
	18.14941	48.8976532
	18.1487712	48.8976806
	18.1485292	48.8977444
	18.1480801	48.8980367
	18.1475327	48.8982534
	18.1473138	48.898489
	18.1472905	48.898508
	18.1472372	48.8985501
	18.1470065	48.8987342
	18.1465115	48.8990745
	18.1456183	48.8995557
	18.1451591	48.8997535
	18.1449856	48.8998147
	18.1439851	48.9000153
	18.1433247	48.9000268
	18.1428494	48.8999518
	18.1424681	48.8999626
	18.1419699	48.9001516
	18.1417359	48.9006491
	18.141348	48.9009144
	18.1413035	48.9009256
	18.141227	48.9009448
	18.1407294	48.9010671
	18.1399228	48.9014144
	18.1394251	48.9016531
	18.1391101	48.9018832
	18.1389343	48.9019451
	18.1387302	48.9019423
	18.1382976	48.9018191
	18.1377866	48.9017773
	18.137609	48.901759
	18.1371419	48.9019486
	18.1366871	48.9020024
	18.1363213	48.9020931
	18.1350144	48.9019948
	18.1344158	48.9021509
	18.1339567	48.90221
	18.1336839	48.9022438
	18.1333437	48.9023608
	18.1324478	48.9026374
	18.132076	48.9027568
	18.1317388	48.9029326
	18.1312403	48.9032625
	18.1308673	48.9034778
	18.1303003	48.9038186
	18.1295474	48.9041226
	18.128802	48.9045162
	18.1283187	48.9048424
	18.1281363	48.9048974
	18.1273502	48.9047887
	18.1264726	48.9052285
	18.1259902	48.9056397
	18.1249931	48.9058266
	18.12391	48.9060561
	18.1227746	48.9062984
	18.1211055	48.9064511
	18.1199962	48.9083795
	18.1190491	48.9087422
	18.1175052	48.9093004
	18.1169894	48.9097105
	18.1164152	48.9098815
	18.1139671	48.9110306
	18.1129845	48.9113334
	18.1123944	48.9115666
	18.1120072	48.9118003
	18.1113177	48.912769
	18.1109318	48.9131947
	18.1101105	48.9148454
	18.1093805	48.9151482
	18.1083726	48.9155693
	18.1080061	48.9157263
	18.1065009	48.9162574
	18.1057211	48.916599
	18.1055067	48.9167696
	18.1053282	48.9171089
	18.1047927	48.9172923
	18.1037177	48.9176247
	18.1030647	48.9177369
	18.1023043	48.9179545
	18.1017889	48.9181062
	18.1013863	48.9182294
	18.1004061	48.9185313
	18.0992743	48.9188694
	18.0989916	48.9189547
	18.0990221	48.9189789
	18.0990517	48.9190045
	18.0986812	48.919108
	18.0979243	48.919318
	18.0969336	48.9195909
	18.0968882	48.9196053
	18.0968637	48.9196117
	18.0966389	48.9196665
	18.0962502	48.9197848
	18.0959595	48.9198627
	18.0953939	48.9200351
	18.095353	48.9200135
	18.0952556	48.9200464
	18.0952139	48.9200551
	18.0944955	48.9200901
	18.0944464	48.9200894
	18.0940243	48.920136
	18.0891013	48.921595
	18.0890474	48.9216113
	18.0889848	48.9216289
	18.0888602	48.9216668
	18.0888016	48.9216838
	18.088716	48.9217093
	18.0885397	48.921769
	18.0884998	48.9217825
	18.0884464	48.9218007
	18.0878978	48.9219877
	18.0878449	48.922005
	18.0877885	48.9220242
	18.0875133	48.9221176
	18.0874961	48.9221516
	18.0865583	48.9239715
	18.0865286	48.9240296
	18.0864057	48.9241081
	18.085958	48.9243958
	18.0855607	48.9246503
	18.0855108	48.9246824
	18.0852524	48.9248478
	18.0837145	48.9248383
	18.0825003	48.9247564
	18.0804056	48.9244919
	18.0801193	48.924456
	18.0800332	48.9244453
	18.0805914	48.9224805
	18.0808329	48.9216866
	18.0808496	48.9216322
	18.0809754	48.9212186
	18.0811139	48.9207618
	18.0812219	48.920407
	18.0813137	48.9201054
	18.0813275	48.920061
	18.0816613	48.9189621
	18.0797491	48.9164884
	18.0783347	48.9179307
	18.0777736	48.9182636
	18.0773988	48.9184865
	18.0773106	48.918539
	18.0771801	48.9186161
	18.0759332	48.9193286
	18.0754332	48.9196154
	18.0752722	48.9197077
	18.0752392	48.9197261
	18.0751642	48.919769
	18.0751079	48.9197792
	18.0733635	48.920095
	18.0731793	48.9196983
	18.0730812	48.9194239
	18.0726492	48.9189891
	18.0715416	48.9184515
	18.0712532	48.9181977
	18.0707889	48.9177113
	18.0703123	48.9174295
	18.0697777	48.9166072
	18.0693743	48.9157304
	18.0688202	48.9151574
	18.0682118	48.9146524
	18.0678141	48.9144317
	18.0677395	48.9143654
	18.0671219	48.9138246
	18.0667527	48.9136406
	18.0662353	48.9134862
	18.0655182	48.913266
	18.0650572	48.9131139
	18.0650279	48.913102
	18.0649915	48.9130772
	18.0647694	48.9128476
	18.0647817	48.9122954
	18.0650064	48.911268
	18.0650572	48.9110373
	18.0649446	48.9104022
	18.0661176	48.9101456
	18.0672876	48.9098947
	18.0687419	48.9098397
	18.0695004	48.9098129
	18.0698804	48.9096896
	18.0701476	48.9094818
	18.0709665	48.9087655
	18.0711409	48.9086348
	18.0712642	48.9084511
	18.0715757	48.9080077
	18.0718008	48.9075098
	18.0721307	48.9071273
	18.0725406	48.9067381
	18.0729002	48.9064171
	18.0732291	48.9062413
	18.0734157	48.9061289
	18.0734289	48.9061186
	18.0735175	48.9060493
	18.0735226	48.906046
	18.0735544	48.9060209
	18.0740321	48.9057733
	18.0746767	48.9055605
	18.074799	48.9055204
	18.0748066	48.9055173
	18.0748424	48.9055047
	18.0748648	48.9054982
	18.0752865	48.905358
	18.0753401	48.9053408
	18.0760415	48.9051053
	18.0761099	48.9050823
	18.0761771	48.9050602
	18.0764261	48.9049766
	18.077266	48.904696
	18.077382	48.9046576
	18.077383	48.9046577
	18.0774266	48.9046434
	18.0774601	48.9046317
	18.0774863	48.904623
	18.0781631	48.9043974
	18.0786164	48.9042456
	18.0785769	48.9042534
	18.0789764	48.9041245
	18.0789806	48.9041223
	18.0790182	48.9041099
	18.0790346	48.9041051
	18.0790726	48.9040915
	18.0794798	48.9039552
	18.0787813	48.9038331
	18.0787179	48.9038216
	18.0783095	48.9037502
	18.0764976	48.9034323
	18.0764291	48.9034271
	18.0763721	48.9034238
	18.0715482	48.9024007
	18.0696691	48.9020066
	18.0681068	48.902493
	18.0678919	48.9025595
	18.0676111	48.9026469
	18.06692	48.9028616
	18.0662888	48.9030581
	18.0662367	48.9030743
	18.0660686	48.9031266
	18.0644089	48.9036402
	18.0628339	48.9041291
	18.0615051	48.904223
	18.0613483	48.9042342
	18.0611868	48.9042054
	18.0588713	48.9037889
	18.0582864	48.9037388
	18.0578531	48.9037012
	18.0574039	48.9036623
	18.0571061	48.9036359
	18.0569586	48.9036228
	18.0564374	48.9035776
	18.0562182	48.9035591
	18.0560675	48.9035458
	18.0557649	48.9035202
	18.0556139	48.9035069
	18.0553906	48.903487
	18.0551483	48.9034479
	18.055054	48.9034323
	18.0547599	48.9033833
	18.0546304	48.9033623
	18.054614	48.9033592
	18.0545574	48.9033502
	18.054544	48.9033482
	18.0541356	48.9032803
	18.0538752	48.9032379
	18.0535338	48.9031807
	18.0533415	48.9031491
	18.0524691	48.9030056
	18.0517454	48.9028863
	18.048836	48.9024031
	18.0464505	48.9020071
	18.0460753	48.9019456
	18.0459932	48.9019318
	18.0459624	48.9019265
	18.0459267	48.9019199
	18.045876	48.9019124
	18.0453015	48.901818
	18.0448759	48.9017478
	18.0445639	48.9016966
	18.0444003	48.9016703
	18.0443926	48.9016686
	18.0443831	48.9016669
	18.0439412	48.9015948
	18.0436483	48.901546
	18.0434251	48.9015092
	18.0433507	48.9014968
	18.0433311	48.9014935
	18.0433104	48.90149
	18.0432899	48.9014876
	18.0430992	48.9014551
	18.0430567	48.9014481
	18.0429886	48.9014373
	18.0428822	48.9014197
	18.0428289	48.9014109
	18.04275	48.9013973
	18.0425893	48.901371
	18.0425482	48.9013641
	18.0423879	48.9013377
	18.0423629	48.9013341
	18.0421672	48.9013011
	18.0420949	48.9012888
	18.0419676	48.9012679
	18.0418682	48.9012519
	18.0417897	48.9012383
	18.0417278	48.9013723
	18.0417236	48.9013822
	18.0413475	48.9021964
	18.0410106	48.9029248
	18.0409345	48.9030897
	18.0405588	48.9039027
	18.0405324	48.9039601
	18.0404909	48.9040501
	18.0404836	48.9040667
	18.0404711	48.9040953
	18.0404571	48.9041271
	18.0404442	48.9041568
	18.0404266	48.9041965
	18.040422	48.9042118
	18.0404173	48.9042286
	18.0403504	48.904455
	18.0403366	48.9045015
	18.040332	48.9045171
	18.0403145	48.904551
	18.0402873	48.9046093
	18.0402738	48.9046321
	18.0403286	48.9058812
	18.0403794	48.9060942
	18.0404043	48.9061995
	18.0404241	48.9062413
	18.0404476	48.9062879
	18.0404944	48.9063798
	18.0405214	48.906432
	18.0406085	48.9066031
	18.0406825	48.9067507
	18.0409055	48.9073574
	18.0410538	48.9080444
	18.0411389	48.9084422
	18.0411622	48.9085486
	18.0411678	48.9086087
	18.0412077	48.9090353
	18.0413063	48.9095276
	18.0413412	48.9097044
	18.0414697	48.9103474
	18.0414849	48.9104207
	18.0413612	48.9109618
	18.0412295	48.9117081
	18.0411039	48.9123248
	18.0411482	48.9124854
	18.0412229	48.9127776
	18.041117	48.9133006
	18.0411064	48.9134376
	18.0409625	48.913603
	18.0410687	48.9139827
	18.0411031	48.9142037
	18.0411782	48.9146539
	18.0408075	48.9151378
	18.0403904	48.9156572
	18.0404342	48.9158934
	18.040337	48.9164984
	18.0404566	48.9167953
	18.0403928	48.9172487
	18.0405961	48.9175158
	18.0406004	48.9178263
	18.0404969	48.9180369
	18.0402582	48.9184044
	18.0401421	48.9188119
	18.0400771	48.9195133
	18.0404489	48.9203929
	18.0405966	48.9212751
	18.0406375	48.9222954
	18.0402629	48.9229562
	18.039753	48.9240425
	18.0397705	48.9246428
	18.0392181	48.9250628
	18.039203	48.9250711
	18.039015	48.9251741
	18.0382819	48.9255769
	18.037817	48.9258778
	18.0374269	48.9261304
	18.0372561	48.9262649
	18.0369453	48.9265094
	18.0364593	48.9267112
	18.0365335	48.9274582
	18.0358875	48.9274711
	18.0344541	48.9282615
	18.0341156	48.9284843
	18.0337364	48.9288572
	18.0333701	48.9291639
	18.0328925	48.929619
	18.0323863	48.9299176
	18.0316539	48.9304547
	18.0308721	48.9308761
	18.0302461	48.9313404
	18.029692	48.9316316
	18.0289112	48.9317676
	18.0277247	48.931814
	18.0267689	48.9318054
	18.0257313	48.9326393
	18.0247808	48.9326501
	18.0234353	48.9329477
	18.0229694	48.9331168
	18.0224328	48.933689
	18.0223521	48.9337756
	18.0215697	48.9336744
	18.0204463	48.9334639
	18.0197768	48.9336839
	18.0188113	48.9340008
	18.0181141	48.9344202
	18.0172876	48.9349798
	18.0160415	48.9357427
	18.0154403	48.936107
	18.0146022	48.9365586
	18.0139736	48.9367812
	18.0138917	48.9368949
	18.013768	48.9370683
	18.0134598	48.9372815
	18.0129017	48.9379687
	18.0125156	48.9384143
	18.0119018	48.9391117
	18.0111995	48.9396257
	18.0105461	48.9398478
	18.0095704	48.9400611
	18.0092346	48.9402208
	18.0078476	48.9403772
	18.0069839	48.9403739
	18.0062237	48.940523
	18.0051948	48.9408348
	18.0035332	48.9414932
	18.0026693	48.9420616
	18.0016554	48.9427004
	18.0008874	48.9431123
	18.0005169	48.9433106
	18.0004301	48.9433573
	17.9997971	48.9436903
	17.998639	48.9442064
	17.9979025	48.9446135
	17.9972233	48.9448971
	17.9962496	48.9452642
	17.9953668	48.9457357
	17.9948586	48.9454697
	17.993873	48.9452535
	17.9931397	48.9453648
	17.9927369	48.9455047
	17.9922668	48.9457716
	17.9918003	48.9460014
	17.9913285	48.9464023
	17.9907779	48.9465696
	17.989745	48.9468877
	17.9888333	48.9470585
	17.9879941	48.9472334
	17.9879098	48.9472194
	17.9878488	48.9472137
	17.9877675	48.947202
	17.9869279	48.9471682
	17.9863217	48.9471606
	17.9862368	48.9471591
	17.985649	48.9471513
	17.98497	48.9470593
	17.9849481	48.9470569
	17.9851409	48.9467431
	17.9853292	48.9461154
	17.9856162	48.9456799
	17.9846813	48.9453628
	17.9840524	48.9453164
	17.9831685	48.9454054
	17.9825746	48.9454717
	17.9816408	48.9451863
	17.9812319	48.9448958
	17.9805979	48.9445322
	17.9805834	48.9445412
	17.9802451	48.9443677
	17.9793787	48.9436857
	17.9786167	48.9431394
	17.9778051	48.9427719
	17.9771431	48.9425319
	17.9762822	48.9424211
	17.975946	48.9424847
	17.9754433	48.9424776
	17.9748667	48.9423011
	17.9742463	48.9419271
	17.9742062	48.9419235
	17.9737133	48.9421786
	17.9735762	48.9423805
	17.9735513	48.942379
	17.9737139	48.9429237
	17.9732945	48.9428447
	17.9728603	48.9427274
	17.9722467	48.9424723
	17.9714759	48.9421251
	17.9705798	48.9417482
	17.9702263	48.941621
	17.969712	48.9414879
	17.9691622	48.9412758
	17.9688598	48.9411687
	17.9686382	48.9410958
	17.9680499	48.9409187
	17.9671685	48.9408788
	17.966341	48.9408468
	17.9659147	48.9409738
	17.9657341	48.9410163
	17.9653066	48.9411546
	17.9643069	48.9416279
	17.9642689	48.941646
	17.9638527	48.9418257
	17.9635382	48.9419118
	17.9633452	48.9415799
	17.9630039	48.9410563
	17.9627844	48.9405816
	17.9625393	48.9403053
	17.9621844	48.9401804
	17.9616916	48.939615
	17.9612756	48.9391783
	17.9608868	48.9389419
	17.9607238	48.9388262
	17.9602513	48.9382755
	17.9599843	48.937973
	17.9591832	48.938
	17.9582641	48.9380842
	17.957235	48.9382715
	17.9567734	48.9383467
	17.9563206	48.9384395
	17.9562661	48.9384464
	17.9561902	48.9384554
	17.9561154	48.9384803
	17.9558152	48.9385776
	17.955441	48.9386987
	17.955309	48.9386954
	17.9549017	48.9385054
	17.9543749	48.9383431
	17.9538147	48.938171
	17.9528204	48.9379731
	17.9519206	48.9377299
	17.9514242	48.9376351
	17.9506847	48.9374093
	17.9507825	48.9370776
	17.9508628	48.9367505
	17.9509654	48.9364496
	17.9510466	48.9361588
	17.9511383	48.9358348
	17.9511587	48.9357726
	17.9511554	48.9355264
	17.9511633	48.9354321
	17.9512828	48.9353488
	17.9515005	48.9351744
	17.9515728	48.9351156
	17.9516122	48.9350853
	17.9516026	48.9350767
	17.951495	48.934979
	17.9513232	48.9348255
	17.9509797	48.9345025
	17.9508759	48.934406
	17.9506345	48.9341715
	17.9503158	48.9338694
	17.9500279	48.9335938
	17.9499657	48.9335213
END
END
