3057691
1
	19.1738999	48.7439701
	19.1740138	48.7433003
	19.1742874	48.7428538
	19.1748777	48.7429763
	19.1750874	48.7429438
	19.1759572	48.7430641
	19.1762682	48.7430387
	19.1762481	48.7431775
	19.1765798	48.7434498
	19.1783281	48.7434529
	19.1790778	48.7432643
	19.1796821	48.7424822
	19.1803085	48.7421217
	19.180746	48.7417417
	19.1811553	48.7407
	19.1811391	48.7405256
	19.1810607	48.7405173
	19.1810783	48.7403601
	19.1813215	48.7402706
	19.1813263	48.7399598
	19.1811663	48.7394649
	19.1805005	48.7386353
	19.1799077	48.7381781
	19.1792525	48.7378451
	19.1790534	48.7378117
	19.1790981	48.7376358
	19.1834023	48.7386239
	19.1840475	48.7387977
	19.1840405	48.7388987
	19.1852478	48.7390467
	19.1882236	48.739713
	19.1882956	48.73973
	19.1883082	48.7397329
	19.1922621	48.7406755
	19.1935406	48.74089
	19.1956524	48.7414431
	19.196842	48.7416837
	19.1981917	48.7418147
	19.1986575	48.7418072
	19.199708	48.7416937
	19.2008186	48.7414672
	19.2014359	48.7411229
	19.2020174	48.7411411
	19.2020376	48.7410079
	19.2030258	48.7408251
	19.2037797	48.7406263
	19.2046248	48.7406663
	19.2047737	48.7405866
	19.205856	48.7404726
	19.2075677	48.7404307
	19.2107225	48.7407106
	19.2100524	48.7425549
	19.2110582	48.7426567
	19.2110812	48.7428674
	19.2125238	48.7430008
	19.2123123	48.743333
	19.2123291	48.7434647
	19.2121166	48.7435255
	19.2120118	48.7436453
	19.2120079	48.7437512
	19.2116048	48.7439817
	19.2114784	48.7441256
	19.2115609	48.7444882
	19.2117217	48.7445262
	19.2117163	48.7446105
	19.2113336	48.7450225
	19.211587	48.7451239
	19.211621	48.745332
	19.2114521	48.7455019
	19.2115793	48.7458293
	19.2115545	48.7460173
	19.2116973	48.746217
	19.2116824	48.7463122
	19.2119902	48.7465019
	19.2119047	48.7467028
	19.211934	48.7469466
	19.2120692	48.7471853
	19.2122626	48.7472996
	19.2123204	48.7474163
	19.2122646	48.7475737
	19.2121901	48.7475859
	19.2121715	48.747888
	19.2123845	48.7480179
	19.2125242	48.7484159
	19.2123596	48.7486986
	19.2123873	48.748815
	19.2127471	48.7493217
	19.2084295	48.7503957
	19.2069423	48.7506096
	19.2059257	48.7512196
	19.2046742	48.7516736
	19.2032764	48.7519043
	19.2019078	48.7525151
	19.2021732	48.7528358
	19.201414	48.7527728
	19.2015142	48.7525557
	19.1993966	48.752838
	19.1981423	48.7528874
	19.1971535	48.7531345
	19.1955458	48.753623
	19.1948247	48.75358
	19.1932612	48.7538384
	19.1928594	48.7538188
	19.192065	48.7536967
	19.191006	48.7539256
	19.1909807	48.7539471
	19.1909058	48.7537958
	19.1908967	48.7536567
	19.1910031	48.7534138
	19.1909794	48.7532773
	19.1904186	48.7528161
	19.1902502	48.752757
	19.1900567	48.7528704
	19.1898419	48.7528082
	19.189435	48.7522902
	19.1891759	48.7521084
	19.1889855	48.752045
	19.1885927	48.7521239
	19.188486	48.7519755
	19.1884656	48.7519372
	19.1888562	48.7515268
	19.1889412	48.7508422
	19.1888097	48.7507592
	19.1884559	48.7507037
	19.1883949	48.7506003
	19.1885185	48.7498996
	19.1883131	48.7494455
	19.1884095	48.7492483
	19.1884231	48.7489728
	19.1883514	48.7489331
	19.1880481	48.7489207
	19.1879412	48.7488422
	19.1878495	48.7486618
	19.1873158	48.748832
	19.1870296	48.7487628
	19.1869938	48.7485524
	19.1868639	48.7483399
	19.1869388	48.748002
	19.1868932	48.7477742
	19.1867285	48.7477075
	19.1866713	48.7476282
	19.1869183	48.7469775
	19.1868769	48.7466575
	19.1870084	48.7464745
	19.1866578	48.746489
	19.1775534	48.7459964
	19.1743265	48.7449039
	19.1740161	48.7443837
	19.1738999	48.7439701
END
END
