3057700
1
	19.1490529	48.8049856
	19.1490877	48.804
	19.1504315	48.8040074
	19.1517739	48.8040936
	19.1531811	48.8043408
	19.1546289	48.8041289
	19.1565581	48.803669
	19.1572194	48.8036485
	19.1573492	48.8035724
	19.1585497	48.8033878
	19.1588001	48.8033044
	19.1590248	48.8031406
	19.1593713	48.8030584
	19.1602505	48.8020858
	19.1607839	48.801641
	19.1609038	48.8014236
	19.160951	48.8011722
	19.1612861	48.8009711
	19.1616199	48.8004227
	19.1617978	48.7989976
	19.1619185	48.7984489
	19.1621629	48.7979254
	19.1623209	48.7972569
	19.1625003	48.7968249
	19.1626779	48.7966193
	19.1625962	48.7951217
	19.1622407	48.7935949
	19.1623356	48.7930551
	19.1626674	48.7919727
	19.1626322	48.791688
	19.1627393	48.7916356
	19.1626546	48.7913903
	19.1627059	48.7912261
	19.162678	48.7904301
	19.162756	48.7902962
	19.1626114	48.7898585
	19.1627185	48.7894399
	19.1629607	48.7889862
	19.162896	48.7889538
	19.1628913	48.788531
	19.1627536	48.7882998
	19.1629491	48.7880297
	19.1629871	48.7873159
	19.1631076	48.786933
	19.1636733	48.7860657
	19.1636894	48.7858713
	19.1641029	48.7853155
	19.1642081	48.785031
	19.1645022	48.7846274
	19.1650279	48.7834817
	19.1653047	48.7830569
	19.1656426	48.7827217
	19.1659733	48.7825237
	19.1663268	48.7822051
	19.1664449	48.7821849
	19.1664505	48.7821257
	19.1666323	48.7820127
	19.1669606	48.7819442
	19.1670546	48.7817145
	19.1672684	48.7816347
	19.1672834	48.7815745
	19.1674548	48.7815435
	19.1675375	48.7814247
	19.1678533	48.7812857
	19.1681166	48.7810449
	19.1683853	48.7808993
	19.1684428	48.7807148
	19.1686653	48.7804935
	19.1700797	48.7778924
	19.170773	48.7772016
	19.1712559	48.7765284
	19.1722456	48.7756256
	19.1723687	48.7753914
	19.1745597	48.7736038
	19.1751847	48.7733008
	19.1755227	48.7730018
	19.1759411	48.7725815
	19.1762784	48.7720974
	19.1763486	48.7718597
	19.1768883	48.771186
	19.1774176	48.7707609
	19.178364	48.7701976
	19.1792793	48.7697722
	19.1796378	48.7693275
	19.1797339	48.7693119
	19.1805431	48.7687834
	19.1814364	48.7685542
	19.1817068	48.7686317
	19.1818637	48.7685064
	19.1818506	48.7684516
	19.182067	48.7683155
	19.1821623	48.7683542
	19.1825806	48.7682157
	19.1826778	48.7680647
	19.1829825	48.7680629
	19.1833056	48.7679445
	19.1833446	48.7678065
	19.183489	48.7677416
	19.1838052	48.7678697
	19.1839308	48.7678555
	19.1839823	48.7677791
	19.1841788	48.7677346
	19.1844075	48.767571
	19.184429	48.7673951
	19.1845967	48.7673334
	19.1846671	48.7672535
	19.184953	48.7672337
	19.1850361	48.7670821
	19.1852685	48.7671666
	19.1853573	48.7670562
	19.185305	48.7669362
	19.1855584	48.7669486
	19.1856608	48.7668792
	19.1856305	48.7667223
	19.1857769	48.766442
	19.1858965	48.7664398
	19.1861953	48.7663079
	19.1863313	48.7661939
	19.1863582	48.7660849
	19.1864574	48.7660344
	19.1865688	48.7660862
	19.1867929	48.7660541
	19.1867856	48.7659749
	19.1869303	48.7658761
	19.186945	48.7657032
	19.1871722	48.7656106
	19.1873072	48.7654705
	19.1872779	48.7653937
	19.1874183	48.7653238
	19.1876505	48.7652957
	19.1875918	48.7650054
	19.1876408	48.7648805
	19.1879714	48.7648031
	19.1880164	48.7646756
	19.1883625	48.7646733
	19.1885048	48.7645473
	19.1887274	48.7640397
	19.1888489	48.7639079
	19.1891316	48.7637798
	19.1892674	48.7635237
	19.189232	48.7632808
	19.1887901	48.7630429
	19.1889799	48.762857
	19.1892748	48.7629007
	19.1895378	48.7628618
	19.1896084	48.762758
	19.1894874	48.7626768
	19.1894844	48.7625852
	19.1895929	48.7622693
	19.1897968	48.762197
	19.1897674	48.7621021
	19.1896604	48.7620335
	19.1899189	48.7619448
	19.1899701	48.7618547
	19.189898	48.761697
	19.190028	48.761515
	19.1902375	48.7614249
	19.1901823	48.7612859
	19.1903397	48.7609192
	19.1902454	48.7607816
	19.1901816	48.7608056
	19.1902379	48.7605604
	19.1901775	48.7603748
	19.1902571	48.7603504
	19.1902886	48.7602246
	19.1899437	48.7599125
	19.1901222	48.7598884
	19.1900623	48.7597052
	19.190218	48.7595616
	19.1902151	48.7594691
	19.1905432	48.75927
	19.1905124	48.7592323
	19.1906065	48.7591219
	19.1906715	48.7588343
	19.1907602	48.7587822
	19.1906761	48.7582428
	19.1907824	48.7581452
	19.1909161	48.7582049
	19.1910088	48.7581846
	19.1911556	48.7580373
	19.1910019	48.7578945
	19.191075	48.7577223
	19.1910283	48.7576579
	19.1909167	48.7576943
	19.1906812	48.7576759
	19.1905984	48.7576527
	19.1905495	48.7575398
	19.1907811	48.7574722
	19.1908288	48.757416
	19.1906452	48.7572976
	19.1906468	48.7571874
	19.1910422	48.7572417
	19.190996	48.7567601
	19.1910971	48.7567696
	19.1909765	48.7561224
	19.1912139	48.756197
	19.1906352	48.7547508
	19.1906217	48.7547534
	19.1906384	48.7545908
	19.1908244	48.7545347
	19.1914931	48.7547329
	19.1916015	48.754613
	19.1915874	48.7543487
	19.1915046	48.7542365
	19.1912417	48.7541469
	19.1909807	48.7539471
	19.191006	48.7539256
	19.192065	48.7536967
	19.1928594	48.7538188
	19.1932612	48.7538384
	19.1948247	48.75358
	19.1955458	48.753623
	19.1971535	48.7531345
	19.1981423	48.7528874
	19.1993966	48.752838
	19.2015142	48.7525557
	19.201414	48.7527728
	19.2021732	48.7528358
	19.2019078	48.7525151
	19.2032764	48.7519043
	19.2046742	48.7516736
	19.2059257	48.7512196
	19.2069423	48.7506096
	19.2084295	48.7503957
	19.2127471	48.7493217
	19.2124922	48.7500172
	19.2131135	48.7507712
	19.2133574	48.750907
	19.2134513	48.7511065
	19.2141268	48.75126
	19.2143774	48.7517658
	19.2148546	48.7519976
	19.2152496	48.7525093
	19.2154079	48.7533761
	19.2155666	48.7537513
	19.2159279	48.7542422
	19.21648	48.7546996
	19.2165656	48.7549969
	19.2167406	48.7552409
	19.216589	48.7554736
	19.2169731	48.7557979
	19.2167881	48.7564821
	19.2167962	48.7568982
	19.2169672	48.7571017
	19.2167503	48.7572624
	19.2166434	48.7574275
	19.2167856	48.7577422
	19.2215411	48.7579077
	19.2226371	48.7580431
	19.2236233	48.7580607
	19.2255813	48.7581871
	19.2273964	48.7585548
	19.2287594	48.7590954
	19.2304001	48.76024
	19.2304538	48.7604162
	19.2315358	48.7622519
	19.2320175	48.763949
	19.2311804	48.7663016
	19.2303009	48.7678077
	19.2300849	48.7682604
	19.2299189	48.7687135
	19.2291006	48.7688519
	19.2284427	48.7691559
	19.2279846	48.7695846
	19.2271167	48.7700666
	19.2248812	48.771499
	19.224399	48.7719187
	19.2240183	48.7723804
	19.2237677	48.7728867
	19.2238476	48.7729808
	19.223359	48.7734711
	19.2234221	48.7736624
	19.2235949	48.7738253
	19.2225497	48.7744969
	19.2211432	48.7756607
	19.2203314	48.7761286
	19.2194736	48.7761838
	19.2201438	48.7767429
	19.2199501	48.7769803
	19.2201841	48.7771969
	19.2199115	48.7774213
	19.2195806	48.7775755
	19.2191806	48.7776631
	19.2180053	48.7780659
	19.2176471	48.7784173
	19.2164782	48.779872
	19.2162448	48.7800139
	19.2158514	48.7804143
	19.2150258	48.7808227
	19.2143672	48.780979
	19.2124045	48.7806526
	19.2105863	48.7812471
	19.2098433	48.7817217
	19.209497	48.7818751
	19.2087247	48.7824902
	19.2082098	48.7831471
	19.2074674	48.7844467
	19.2073723	48.7848446
	19.2076053	48.785522
	19.207263	48.7859282
	19.2068421	48.7862029
	19.205869	48.7870888
	19.2056432	48.7875817
	19.2057278	48.787737
	19.2056861	48.7879187
	19.206091	48.7881987
	19.2061737	48.7883617
	19.2062378	48.7889508
	19.2063885	48.7892919
	19.2065558	48.7894399
	19.2066031	48.7896663
	19.2065337	48.7899719
	19.2060646	48.7898284
	19.2036435	48.789439
	19.2025308	48.7896205
	19.2021097	48.7900014
	19.2020931	48.7904163
	19.2017179	48.790938
	19.2014487	48.7911752
	19.2004055	48.791547
	19.2002594	48.7919053
	19.1999716	48.7920682
	19.1997682	48.7922926
	19.1994509	48.7929546
	19.1994344	48.7931376
	19.1992117	48.7936948
	19.1988687	48.7939814
	19.1981272	48.7943341
	19.1981059	48.7944062
	19.1985053	48.7944855
	19.1978971	48.7950305
	19.1979936	48.79506
	19.1977701	48.7953874
	19.1978757	48.7956327
	19.1970392	48.7955965
	19.1964697	48.7956949
	19.1952252	48.7961685
	19.194607	48.7965466
	19.1945625	48.7966469
	19.1942741	48.7967838
	19.194222	48.7972504
	19.193426	48.797632
	19.1925832	48.7984779
	19.1924193	48.7987224
	19.1921289	48.7988797
	19.1918133	48.7992498
	19.19137	48.7995629
	19.1904559	48.800402
	19.191	48.8006529
	19.1912901	48.8006423
	19.1914162	48.8007363
	19.1917966	48.8008743
	19.191985	48.8011337
	19.1919986	48.8014884
	19.1916188	48.8017224
	19.1913008	48.802479
	19.1919702	48.8027313
	19.1918564	48.8035161
	19.1903331	48.8043097
	19.1898827	48.8049066
	19.1895893	48.8051122
	19.1895024	48.8053784
	19.1892624	48.8055932
	19.1889794	48.805805
	19.1883973	48.8059929
	19.1877111	48.8066256
	19.1871423	48.8068515
	19.1861246	48.8067929
	19.1854986	48.8068974
	19.1850188	48.8070273
	19.1841602	48.8073529
	19.1834316	48.8077411
	19.1831917	48.8079921
	19.1824451	48.8083073
	19.1817722	48.8086994
	19.1814863	48.8091895
	19.1804982	48.8097093
	19.1775558	48.8104549
	19.1766323	48.8104582
	19.1753391	48.8101266
	19.1749108	48.8101407
	19.1743035	48.8103106
	19.1730779	48.8112347
	19.1727713	48.8113189
	19.1721134	48.8117726
	19.1714936	48.8122957
	19.1700004	48.8133283
	19.1695115	48.8138635
	19.1691834	48.81433
	19.1684562	48.8149584
	19.1673597	48.8161389
	19.1670089	48.8164284
	19.1667053	48.8168668
	19.1658545	48.8174067
	19.1652408	48.8175942
	19.1649189	48.8176224
	19.1639831	48.8179958
	19.1629579	48.8182952
	19.1626009	48.8184863
	19.1620269	48.8188864
	19.1617973	48.8191569
	19.1610803	48.8196483
	19.1603958	48.820318
	19.1598217	48.820467
	19.1589802	48.820952
	19.1586167	48.8211947
	19.1584078	48.821579
	19.1580079	48.8218208
	19.1578218	48.8216145
	19.1573846	48.8212751
	19.157011	48.820319
	19.1568898	48.8195803
	19.1562227	48.8187563
	19.1561845	48.8182315
	19.1549795	48.81817
	19.1543153	48.8179695
	19.154186	48.8179993
	19.1526351	48.8179671
	19.1520065	48.8180343
	19.1515865	48.8181872
	19.1513337	48.8180147
	19.1499409	48.8167504
	19.1498504	48.8165406
	19.149525	48.816155
	19.1496619	48.8157401
	19.1502534	48.815103
	19.1495741	48.8142422
	19.1496017	48.8138604
	19.1494837	48.8135142
	19.1494543	48.8131148
	19.1500058	48.8121939
	19.1499804	48.8119402
	19.1496764	48.8113966
	19.1497967	48.8110935
	19.149785	48.8106961
	19.1500665	48.8106762
	19.150568	48.8099546
	19.1509567	48.8096626
	19.1504204	48.8087909
	19.1495716	48.8077311
	19.149686	48.8075159
	19.1496859	48.8072813
	19.1491193	48.8067305
	19.1493961	48.8064916
	19.1496683	48.8060439
	19.1495428	48.8058112
	19.1493356	48.8056635
	19.1490529	48.8049856
END
END
