3060405
1
	19.2418859	49.2688657
	19.2462361	49.269874
	19.2465837	49.2692178
	19.2470564	49.2683196
	19.2473923	49.267707
	19.2476304	49.2672517
	19.2478677	49.2667785
	19.2486958	49.2651016
	19.249148	49.2643479
	19.2487367	49.264034
	19.2482097	49.2636212
	19.2470402	49.2632779
	19.2472344	49.2625501
	19.2474234	49.2615368
	19.2474273	49.2615145
	19.2482818	49.2595492
	19.2482479	49.2594226
	19.2482601	49.259307
	19.2483592	49.2591946
	19.2484698	49.2591187
	19.2485002	49.2590604
	19.248601	49.2589459
	19.2487111	49.2588969
	19.2488294	49.2588419
	19.2489649	49.2587659
	19.2491163	49.2587609
	19.2492261	49.2587921
	19.2493763	49.2587563
	19.2495303	49.2587242
	19.2496152	49.2586135
	19.2497237	49.2584912
	19.2498442	49.2583753
	19.2499101	49.2582467
	19.2499241	49.2580376
	19.2499786	49.2578948
	19.2500885	49.2577479
	19.2502905	49.2575738
	19.2503776	49.2574361
	19.2503624	49.2572528
	19.2504754	49.2571906
	19.2506413	49.2570002
	19.2506328	49.2567856
	19.2506183	49.2567669
	19.2504423	49.2566501
	19.2504864	49.2565814
	19.2505192	49.2565301
	19.2505635	49.2564623
	19.2506615	49.2563666
	19.2507912	49.2562972
	19.2508761	49.2560533
	19.2508955	49.2559732
	19.250878	49.2559171
	19.250902	49.2558056
	19.2509341	49.2557214
	19.250847	49.2555966
	19.2509352	49.2554138
	19.2509882	49.2553105
	19.2510977	49.2552187
	19.2512095	49.2550833
	19.2512069	49.2550324
	19.2513246	49.2549636
	19.2513686	49.2548632
	19.2513077	49.2547949
	19.2512557	49.2547303
	19.2514293	49.2545201
	19.2515406	49.2544274
	19.2515853	49.2543956
	19.2515223	49.2542686
	19.2515618	49.254231
	19.251566	49.2540994
	19.2516899	49.2539431
	19.2516854	49.2538572
	19.2516157	49.2538257
	19.2515402	49.253794
	19.2515323	49.2537587
	19.2516469	49.2536265
	19.2516477	49.2535805
	19.2517676	49.2534598
	19.2517941	49.2533135
	19.2518096	49.2532422
	19.2515559	49.2531037
	19.2515716	49.2529727
	19.2514777	49.2525885
	19.2515505	49.2524668
	19.2515146	49.2522317
	19.2515353	49.2519949
	19.2515804	49.2517841
	19.2516397	49.251699
	19.2516907	49.2516202
	19.2518794	49.2515324
	19.2519332	49.2513581
	19.2519787	49.2511888
	19.2519832	49.2511361
	19.2518728	49.2510295
	19.2518704	49.2509121
	19.2518236	49.2507972
	19.2521031	49.2506459
	19.2522527	49.2504627
	19.2522938	49.2504082
	19.2523488	49.2503129
	19.2523872	49.2501761
	19.2523505	49.2500841
	19.2523737	49.2499343
	19.2525306	49.2498471
	19.2525325	49.2497525
	19.2527851	49.249519
	19.2529075	49.2494313
	19.2530432	49.2493398
	19.2529676	49.2490565
	19.2529662	49.2490498
	19.2529601	49.2488781
	19.2529931	49.2486442
	19.2530313	49.2484014
	19.2530274	49.2483133
	19.2530188	49.2480446
	19.2530091	49.2478401
	19.253193	49.2477375
	19.2533414	49.2476555
	19.2536086	49.2474687
	19.2539078	49.2473512
	19.2538806	49.2472394
	19.2539433	49.2468549
	19.2540103	49.2468163
	19.2540474	49.2467944
	19.2542072	49.2466455
	19.2542601	49.2466277
	19.2543374	49.2466234
	19.2544929	49.2465226
	19.2545328	49.2464298
	19.2547351	49.246363
	19.2548441	49.2462454
	19.2548883	49.2461337
	19.254904	49.2460577
	19.2550223	49.245971
	19.2551557	49.2459096
	19.2552787	49.2458063
	19.2554236	49.2457264
	19.2555596	49.2457137
	19.2557176	49.2456424
	19.2557994	49.2456463
	19.2558503	49.2456296
	19.2559068	49.2455917
	19.2560136	49.2455788
	19.2561952	49.2454737
	19.2562811	49.2453989
	19.2564046	49.2453269
	19.25643	49.2450926
	19.256735	49.2450035
	19.2568232	49.2449142
	19.256875	49.2448602
	19.2569264	49.2447489
	19.2571162	49.2446025
	19.257062	49.2445931
	19.257002	49.2443907
	19.2568881	49.2443087
	19.2567235	49.2441679
	19.2566411	49.2440624
	19.256611	49.2439145
	19.2565895	49.2438098
	19.2566132	49.2437139
	19.256933	49.2433912
	19.2569337	49.2433913
	19.2571596	49.2432252
	19.2572689	49.2431447
	19.2572801	49.2431374
	19.257397	49.2430504
	19.2574746	49.2429944
	19.2574537	49.2429393
	19.2573777	49.2427373
	19.2573812	49.2427228
	19.2574285	49.2425213
	19.2574538	49.2424141
	19.2574336	49.242304
	19.2573722	49.2419584
	19.2573623	49.2416039
	19.2573546	49.241323
	19.2573063	49.2411157
	19.2572996	49.2410882
	19.2569641	49.2410271
	19.2568605	49.2410087
	19.256566	49.2409032
	19.2563869	49.2407662
	19.2563636	49.2407549
	19.2560669	49.2406078
	19.2559282	49.2405381
	19.2557553	49.2404521
	19.2556415	49.2403959
	19.2556087	49.2403764
	19.2551918	49.2401196
	19.2550977	49.240061
	19.2549933	49.2399524
	19.2546007	49.2399381
	19.2545942	49.2399378
	19.2544794	49.2399065
	19.2542482	49.2398424
	19.2541194	49.2398069
	19.2540706	49.2397944
	19.2540193	49.2397537
	19.2539415	49.2396914
	19.2539106	49.2396675
	19.2538283	49.2396388
	19.2537283	49.2396035
	19.2537145	49.2395882
	19.2535675	49.2394187
	19.2535719	49.239392
	19.2536005	49.23923
	19.2536238	49.2390948
	19.2536055	49.2390623
	19.2534927	49.2388573
	19.2531835	49.2385733
	19.2530181	49.2385394
	19.2530245	49.2383369
	19.2531186	49.2381012
	19.2529763	49.2378374
	19.2533387	49.2377343
	19.2532394	49.2375706
	19.2531355	49.2372185
	19.2542858	49.2370491
	19.2541332	49.2367027
	19.2540708	49.2365635
	19.2536968	49.2361207
	19.2538667	49.2360939
	19.2540347	49.2360658
	19.254203	49.2360377
	19.2544017	49.2360056
	19.2544074	49.2359967
	19.2544883	49.2358756
	19.2545806	49.2357369
	19.2547777	49.2354407
	19.2548244	49.2353709
	19.2548755	49.2352945
	19.2548777	49.2352913
	19.2551247	49.235071
	19.2552222	49.2349989
	19.255333	49.2349175
	19.2553515	49.2349037
	19.2555272	49.2348094
	19.2556123	49.2347639
	19.2556507	49.2347364
	19.2558717	49.2345724
	19.2558786	49.2345647
	19.2559604	49.234482
	19.2559527	49.2344601
	19.255916	49.2343592
	19.2557865	49.2340002
	19.2558031	49.233611
	19.2557327	49.2332008
	19.2556099	49.2324838
	19.2556092	49.2322382
	19.2556086	49.2321491
	19.2556643	49.2319635
	19.2556356	49.2312048
	19.255625	49.2309249
	19.2556829	49.2307416
	19.2555889	49.2305037
	19.2554931	49.2303539
	19.2552759	49.2300122
	19.2552576	49.2299594
	19.2551903	49.229767
	19.2549579	49.2293355
	19.2548349	49.2290568
	19.2547475	49.2288576
	19.2549483	49.2288131
	19.254993	49.228803
	19.254661	49.2281322
	19.2546621	49.2281323
	19.2547205	49.2281034
	19.2551165	49.2279117
	19.2552576	49.2278461
	19.2553866	49.2278433
	19.2554131	49.2277579
	19.2556309	49.2276217
	19.2560004	49.2273904
	19.256176	49.2272805
	19.256257	49.2272291
	19.2563524	49.2271694
	19.2563962	49.2271422
	19.2564673	49.2270892
	19.2566468	49.226958
	19.2568942	49.2267761
	19.2569035	49.2267055
	19.2569079	49.2266719
	19.2568113	49.2265783
	19.2568307	49.2265565
	19.256885	49.2264961
	19.2569068	49.2264747
	19.2569333	49.2264476
	19.2569545	49.2264351
	19.2570094	49.2264016
	19.2570684	49.2263674
	19.2571333	49.2263287
	19.2572237	49.2262744
	19.2573164	49.2262191
	19.2575102	49.2261044
	19.2577424	49.2259657
	19.2578793	49.2260117
	19.2582393	49.2261338
	19.2589578	49.225316
	19.2589583	49.2253149
	19.2590637	49.2250674
	19.2590573	49.2249566
	19.2591028	49.2247132
	19.2592565	49.2245278
	19.2593817	49.2245135
	19.259468	49.2243667
	19.259509	49.2242964
	19.2593653	49.2239943
	19.2594363	49.2235988
	19.2594615	49.2234635
	19.2594101	49.2233935
	19.2594002	49.2233796
	19.2593215	49.2232698
	19.2593156	49.2232617
	19.2591998	49.2230802
	19.2591077	49.2229462
	19.2592048	49.2227413
	19.2593306	49.2225466
	19.2593468	49.2225181
	19.2594944	49.2222873
	19.2596671	49.2222776
	19.2597898	49.2222046
	19.2600178	49.222061
	19.2600508	49.2220402
	19.2601395	49.2219847
	19.2604672	49.2217783
	19.260506	49.2217407
	19.2607014	49.2215526
	19.2607271	49.2215359
	19.2608754	49.2214214
	19.2611481	49.2211897
	19.2612491	49.2210795
	19.261591	49.2206958
	19.2616084	49.2206763
	19.2614734	49.2205832
	19.2614944	49.2205469
	19.2615469	49.220457
	19.261579	49.2204024
	19.2616026	49.2203617
	19.2616607	49.2202608
	19.2617247	49.2201488
	19.2617898	49.219904
	19.2617797	49.2198652
	19.2617781	49.2198607
	19.2617696	49.2198265
	19.2619758	49.2195253
	19.2619129	49.2195077
	19.2618717	49.2194955
	19.2618745	49.2194607
	19.2618804	49.2193786
	19.261887	49.2192934
	19.2618936	49.2192113
	19.2618991	49.2191395
	19.2618741	49.2191303
	19.2617674	49.2190914
	19.2617629	49.2190867
	19.2617291	49.2190502
	19.2615413	49.2188622
	19.2615355	49.21881
	19.2615292	49.2187532
	19.2614686	49.2185824
	19.261383	49.218344
	19.261452	49.2181445
	19.2615302	49.2179182
	19.2612089	49.2179255
	19.26105	49.2179281
	19.26077	49.217901
	19.2606919	49.2178928
	19.2605017	49.2178917
	19.2603494	49.2178901
	19.2603256	49.2178899
	19.2601208	49.2178317
	19.2598395	49.2176381
	19.2594341	49.2173516
	19.2592758	49.2171547
	19.2590715	49.2169983
	19.258906	49.2168427
	19.2587525	49.216654
	19.2585682	49.2165191
	19.2584109	49.216436
	19.2582401	49.2163511
	19.2580561	49.2162195
	19.2581125	49.2161851
	19.2582581	49.2160986
	19.2585941	49.2158622
	19.2589167	49.2156194
	19.2598511	49.21506
	19.2599029	49.2150343
	19.2601817	49.2148944
	19.260593	49.2146908
	19.2612765	49.2144958
	19.261482	49.2144211
	19.2615665	49.2143878
	19.2622647	49.2141361
	19.2628184	49.2139609
	19.263391	49.213872
	19.2636408	49.2138331
	19.26404	49.2137679
	19.2641081	49.2137518
	19.2641192	49.213749
	19.2645586	49.213646
	19.2648434	49.2136945
	19.2649506	49.2137122
	19.2652944	49.2137815
	19.2656241	49.2137859
	19.2657526	49.2137875
	19.2662043	49.2137944
	19.2667286	49.2137439
	19.2670875	49.2136812
	19.2674013	49.2135337
	19.2676288	49.2134522
	19.2679332	49.2134407
	19.2683654	49.2134344
	19.2683879	49.2134265
	19.2685691	49.2133662
	19.2686087	49.2133534
	19.2687456	49.2133184
	19.2688013	49.213304
	19.2689197	49.2132738
	19.2689927	49.2132558
	19.2690224	49.2132482
	19.2690657	49.2132378
	19.2691308	49.2132229
	19.2692285	49.2132004
	19.2693698	49.2131677
	19.2696204	49.2130862
	19.2697271	49.2130506
	19.2698172	49.2130212
	19.2698282	49.213016
	19.2699553	49.2129432
	19.2700816	49.2128703
	19.2701735	49.2128185
	19.2702161	49.2127957
	19.270365	49.2127171
	19.2705386	49.212625
	19.2707743	49.2124471
	19.2710122	49.2121812
	19.2710904	49.2120508
	19.2711603	49.211672
	19.2712033	49.2116672
	19.2712289	49.2116639
	19.2712467	49.2116626
	19.271344	49.2116503
	19.2714404	49.2116391
	19.2714973	49.2116328
	19.2715434	49.2116272
	19.271609	49.2115975
	19.2717377	49.2115394
	19.2717816	49.2115202
	19.2718215	49.2115018
	19.2718534	49.2114908
	19.2718802	49.2114798
	19.2721677	49.211374
	19.2722271	49.2113521
	19.2724516	49.2112681
	19.2724576	49.2112662
	19.2726569	49.2111697
	19.2728518	49.2110888
	19.2742455	49.2109807
	19.2758042	49.2106232
	19.2761646	49.2106177
	19.2761982	49.2106037
	19.2767998	49.2103605
	19.2769424	49.2102896
	19.2775488	49.2095838
	19.2785523	49.2090738
	19.2787956	49.208976
	19.2788748	49.2089448
	19.2790341	49.2088802
	19.2791257	49.2088531
	19.2792939	49.2088023
	19.2797795	49.2086554
	19.2797508	49.2085695
	19.2797404	49.2085373
	19.2801932	49.2081881
	19.2804214	49.2080547
	19.2808115	49.2076732
	19.2806091	49.2073367
	19.2806029	49.206896
	19.2808228	49.2065052
	19.2808815	49.2062454
	19.281092	49.2060502
	19.2814138	49.2059009
	19.2818384	49.2057319
	19.2826149	49.205575
	19.2826186	49.2055572
	19.2826588	49.2053572
	19.2823993	49.2045447
	19.2829425	49.2037242
	19.2834737	49.2037247
	19.2837149	49.2037463
	19.2838309	49.2038737
	19.2840141	49.2042305
	19.2847032	49.2044649
	19.2854384	49.2045767
	19.2863745	49.2045952
	19.2866811	49.2040463
	19.2866818	49.2040463
	19.287302	49.2035395
	19.287991	49.2030581
	19.2880679	49.2029234
	19.2884315	49.2022858
	19.288893	49.2017114
	19.2896688	49.2012535
	19.2905617	49.2007755
	19.2910733	49.2006465
	19.2913344	49.2001991
	19.2918897	49.1997466
	19.2925321	49.1996146
	19.2930465	49.1994374
	19.2935861	49.1992963
	19.2935972	49.1992935
	19.2936899	49.1992695
	19.2936398	49.19883
	19.2929773	49.1983421
	19.292516	49.1980755
	19.2917341	49.1975436
	19.2910771	49.1970977
	19.2905961	49.1967751
	19.2904335	49.1965634
	19.2902784	49.1961706
	19.2902932	49.1958716
	19.290334	49.1956459
	19.2906055	49.1950906
	19.2898634	49.1947828
	19.2899703	49.1943831
	19.2898457	49.1939039
	19.2896473	49.1932058
	19.2900184	49.1924245
	19.2901979	49.1922639
	19.2900388	49.1919173
	19.2900846	49.1916793
	19.2902389	49.1916686
	19.2903802	49.1916392
	19.2909961	49.1912347
	19.2910431	49.1912166
	19.290665	49.1908888
	19.2907755	49.1908083
	19.2908002	49.1907903
	19.2917044	49.1901312
	19.2930426	49.1905249
	19.2933609	49.1900904
	19.2940204	49.1895254
	19.294406	49.1898311
	19.2949086	49.1901606
	19.2952195	49.1899397
	19.2956966	49.1904604
	19.2961679	49.189916
	19.2964938	49.1900644
	19.296952	49.1902801
	19.297608	49.1903438
	19.2982032	49.1902719
	19.2989517	49.1912235
	19.2995142	49.1911444
	19.299547	49.1912225
	19.2996137	49.1912844
	19.2999411	49.1913765
	19.3000553	49.1914327
	19.3003376	49.1915193
	19.3007065	49.1915885
	19.3012436	49.191746
	19.3017133	49.1918842
	19.3019362	49.1919479
	19.3020682	49.1919405
	19.3021815	49.1918896
	19.3022796	49.1917781
	19.3031099	49.1917995
	19.3034045	49.1917615
	19.3037075	49.1917197
	19.3045113	49.191609
	19.3047374	49.1916502
	19.3047769	49.1916577
	19.304901	49.1916792
	19.3049416	49.1916868
	19.3057251	49.1918288
	19.3059905	49.1912914
	19.3071003	49.1913959
	19.308278	49.1915181
	19.3083732	49.1915271
	19.3091355	49.1916456
	19.3096899	49.1916402
	19.3100809	49.1916363
	19.3116068	49.1916105
	19.312132	49.1915135
	19.3126304	49.1914212
	19.3127031	49.1914978
	19.3130744	49.1917643
	19.3131176	49.1917777
	19.3133366	49.1919153
	19.3139452	49.1921966
	19.3140399	49.1923376
	19.3146128	49.1924391
	19.3151319	49.1924726
	19.3159753	49.1924313
	19.316524	49.1924617
	19.3167374	49.1923986
	19.3170659	49.1923702
	19.3175961	49.1923875
	19.3175117	49.1924905
	19.317563	49.1926787
	19.3175699	49.1929497
	19.3176347	49.1931398
	19.317638	49.1933327
	19.3176748	49.1935384
	19.3175853	49.1937168
	19.3173941	49.1939906
	19.3168917	49.1944819
	19.3173227	49.194367
	19.3175673	49.1943549
	19.3177435	49.1943902
	19.3179147	49.1945764
	19.3181143	49.1950028
	19.3182518	49.195246
	19.3183819	49.1955114
	19.3184143	49.1956976
	19.3183534	49.1960419
	19.3184587	49.1963421
	19.3185211	49.1964104
	19.3197318	49.1975372
	19.3204866	49.1973193
	19.3208443	49.1972157
	19.3214237	49.1970492
	19.3238975	49.1967084
	19.3239831	49.1967193
	19.3260061	49.1966864
	19.327473	49.1966609
	19.3288887	49.1969306
	19.3290091	49.1969497
	19.3300349	49.196961
	19.3314496	49.1967741
	19.3316927	49.1972218
	19.3322425	49.1979474
	19.3343701	49.1974155
	19.3350587	49.1970739
	19.3368058	49.1971584
	19.3368663	49.1971816
	19.3368403	49.19731
	19.3368239	49.1974263
	19.3368062	49.1975485
	19.3368841	49.1980637
	19.3369181	49.1983246
	19.3369313	49.1984277
	19.3369441	49.1985251
	19.3377108	49.1990685
	19.3384362	49.1990023
	19.3380595	49.2000383
	19.3377126	49.2001887
	19.3374627	49.2004329
	19.3371563	49.2008241
	19.3370982	49.2010162
	19.3371287	49.2011778
	19.3374577	49.2010962
	19.3376841	49.2010462
	19.3381176	49.2009674
	19.3387386	49.2010293
	19.3391415	49.2022056
	19.3390724	49.2024739
	19.3390004	49.2028909
	19.3390678	49.2032063
	19.33943	49.203762
	19.339552	49.2040461
	19.3397533	49.204254
	19.3394841	49.2045039
	19.3396137	49.2050543
	19.3400229	49.2056472
	19.3400761	49.2057737
	19.3402361	49.2060764
	19.3406425	49.2062025
	19.3408105	49.2063108
	19.3411036	49.2065893
	19.3413672	49.2065748
	19.3414012	49.2065865
	19.3418307	49.2066304
	19.34225	49.2066952
	19.3427165	49.2069009
	19.3429519	49.2070359
	19.3430701	49.2073017
	19.3430962	49.2077087
	19.3435771	49.207915
	19.3437518	49.2081655
	19.3445145	49.2089091
	19.3449606	49.2091037
	19.3454382	49.2093245
	19.3455078	49.2093571
	19.3460253	49.2091009
	19.3468539	49.2085414
	19.3472127	49.2083857
	19.347825	49.2081226
	19.3477596	49.2080914
	19.3471138	49.2077749
	19.3470183	49.207679
	19.3466487	49.2073123
	19.3461141	49.2064871
	19.3457872	49.205951
	19.3468934	49.205851
	19.3474411	49.2056682
	19.3476845	49.2054464
	19.3484437	49.2051913
	19.3488746	49.2049783
	19.3496346	49.2045216
	19.3491492	49.2040379
	19.3487462	49.2034486
	19.3483593	49.2029312
	19.347965	49.2023618
	19.3479388	49.2021338
	19.347994	49.2015177
	19.3480064	49.2008682
	19.3479901	49.2007569
	19.3479423	49.2004335
	19.3471856	49.2003077
	19.3467591	49.2002822
	19.3466066	49.199671
	19.3467092	49.1991652
	19.3467294	49.1990569
	19.3467945	49.1986993
	19.3467966	49.1986734
	19.3467991	49.1986476
	19.3468502	49.1986748
	19.3469127	49.1986565
	19.3471121	49.1987313
	19.3471276	49.1986484
	19.347277	49.1986205
	19.3473858	49.1986369
	19.3474917	49.1986407
	19.3476488	49.1987001
	19.3478007	49.198715
	19.3479248	49.1986476
	19.3480089	49.1986504
	19.3480665	49.1985551
	19.3482334	49.1985214
	19.3483657	49.1985378
	19.3485359	49.1986291
	19.3488129	49.1985508
	19.3490143	49.1984093
	19.3491723	49.1984538
	19.3493374	49.198421
	19.3494996	49.1983351
	19.3497486	49.1983187
	19.3499058	49.1983733
	19.3500629	49.1983774
	19.3505642	49.198597
	19.3507894	49.1985941
	19.3510196	49.1987334
	19.3511829	49.198785
	19.3512681	49.1988296
	19.3513064	49.1988359
	19.3513388	49.198826
	19.3514058	49.1987246
	19.3514334	49.1987122
	19.3515126	49.1987228
	19.351519	49.1987434
	19.3514831	49.1987913
	19.351514	49.1988322
	19.3515582	49.1988432
	19.3516963	49.1988159
	19.3517789	49.1987364
	19.3518856	49.1987358
	19.3520482	49.1987512
	19.3520685	49.1987309
	19.3521024	49.1986683
	19.3520883	49.1986157
	19.3521336	49.1986065
	19.3522788	49.1986303
	19.3523733	49.1985965
	19.3523976	49.1985615
	19.3525726	49.198527
	19.3527013	49.1984404
	19.3527319	49.1984374
	19.3527547	49.1984465
	19.3527642	49.198475
	19.3527112	49.198495
	19.3527261	49.1985103
	19.352788	49.1985281
	19.3528557	49.1985379
	19.3529056	49.1985268
	19.3529457	49.1984859
	19.3529644	49.1984767
	19.3530837	49.1985125
	19.3531032	49.1985125
	19.3531786	49.1984189
	19.3530891	49.1983777
	19.353194	49.1983115
	19.3532396	49.1982969
	19.3532877	49.198298
	19.3533254	49.1983222
	19.3533261	49.1983685
	19.3533308	49.1984048
	19.3533935	49.1984111
	19.3534582	49.198413
	19.3535294	49.1983948
	19.3535732	49.1983732
	19.3535636	49.1983322
	19.3536396	49.1983426
	19.3535479	49.1982785
	19.3537156	49.1982798
	19.353792	49.1982473
	19.3541999	49.1979677
	19.3541795	49.1978473
	19.354153	49.1977244
	19.3541691	49.197643
	19.3542445	49.1975563
	19.3550566	49.1975571
	19.3557012	49.1975548
	19.3567298	49.1975963
	19.3571098	49.1973539
	19.3576595	49.1970056
	19.358022	49.196841
	19.3584446	49.1966535
	19.3586811	49.1967548
	19.3591358	49.1965407
	19.3598371	49.1960258
	19.3600238	49.195887
	19.3603086	49.1955792
	19.3606787	49.1953283
	19.3606299	49.1952799
	19.361204	49.1952492
	19.3620872	49.1950406
	19.3623263	49.1948218
	19.3625204	49.1947927
	19.3627814	49.1943723
	19.3629712	49.1943665
	19.363022	49.1939935
	19.3630824	49.1935434
	19.3631802	49.1932178
	19.3632506	49.1924943
	19.3632534	49.1924155
	19.3631827	49.1918589
	19.3635765	49.1919775
	19.3648816	49.1923431
	19.3655363	49.1923861
	19.3662076	49.1923094
	19.3662576	49.1923039
	19.366255	49.1922913
	19.3665934	49.1922283
	19.3673745	49.1920892
	19.3694684	49.1918662
	19.3705057	49.1921636
	19.37114	49.1921428
	19.3714613	49.1920608
	19.3721592	49.1916743
	19.3725739	49.1914987
	19.3745174	49.190979
	19.3760992	49.1907633
	19.3766998	49.1907633
	19.3769193	49.1907657
	19.3777214	49.1908144
	19.3783257	49.1908202
	19.3789572	49.1908374
	19.3796636	49.190875
	19.3799291	49.1909211
	19.3807454	49.1909919
	19.381352	49.191062
	19.3818826	49.1910868
	19.3822074	49.1911582
	19.3832541	49.1914855
	19.3839138	49.1916741
	19.3840074	49.1917179
	19.3841827	49.1918017
	19.3845089	49.1919567
	19.3845402	49.1919704
	19.3845202	49.1919853
	19.3844734	49.1919978
	19.3843806	49.1920463
	19.3841642	49.1921805
	19.3838847	49.1922893
	19.3835028	49.1924349
	19.3834071	49.1924968
	19.3833268	49.1925426
	19.383181	49.1926406
	19.3828167	49.192876
	19.3826334	49.1929846
	19.3825303	49.1930542
	19.382247	49.1932709
	19.3819831	49.1935176
	19.38167	49.1938119
	19.3814915	49.1939386
	19.381303	49.1940325
	19.3811323	49.1941936
	19.3812014	49.1943501
	19.3812705	49.1945201
	19.3813647	49.1946867
	19.3814715	49.1949271
	19.3816506	49.1953412
	19.3817977	49.1954789
	19.3818486	49.1955285
	19.3819726	49.1955907
	19.3823035	49.1957582
	19.3824074	49.195807
	19.3825032	49.1958634
	19.3827007	49.1959695
	19.3828068	49.1960533
	19.382934	49.1962092
	19.3830028	49.1964051
	19.3829938	49.196497
	19.3829127	49.1969181
	19.3824275	49.1971457
	19.3823898	49.197207
	19.3821307	49.1977075
	19.382066	49.1979109
	19.3819581	49.1984161
	19.3819138	49.1986046
	19.3818741	49.1987967
	19.3818525	49.1989489
	19.3818478	49.1989926
	19.3818607	49.1991059
	19.381877	49.1992802
	19.3818803	49.1994258
	19.3818787	49.1995856
	19.3818443	49.1997429
	19.3818121	49.199817
	19.3817744	49.1998782
	19.3816996	49.2000101
	19.3813684	49.2003112
	19.381097	49.2004969
	19.3806474	49.2007812
	19.3802301	49.2010097
	19.3800816	49.2010792
	19.3799588	49.2011377
	19.3798159	49.2012257
	19.3795719	49.2014713
	19.3793952	49.2017369
	19.3793154	49.2019169
	19.3792545	49.2021056
	19.3791734	49.2022685
	19.3790841	49.2023737
	19.3786457	49.2025503
	19.3782477	49.2026219
	19.3775793	49.2026932
	19.3771557	49.2026915
	19.3764848	49.2026703
	19.3759099	49.2026614
	19.3753604	49.2026673
	19.3747038	49.2026838
	19.3742957	49.202712
	19.3740228	49.2027658
	19.3734959	49.202981
	19.3730429	49.2031764
	19.3726702	49.2032829
	19.3724277	49.2033322
	19.3719617	49.2034051
	19.3713785	49.2034985
	19.3708814	49.203572
	19.3704586	49.2036063
	19.3700743	49.2036334
	19.3696351	49.2037052
	19.369404	49.2037553
	19.3686844	49.2039233
	19.3679174	49.204132
	19.3673494	49.204324
	19.3670991	49.2044181
	19.3669557	49.2044971
	19.3667598	49.2046379
	19.3666097	49.2047456
	19.3662948	49.2050182
	19.3661788	49.2051403
	19.3660897	49.2052464
	19.3659311	49.2054182
	19.3654392	49.2059496
	19.3647664	49.2066787
	19.3644322	49.2069504
	19.3640225	49.2067813
	19.3634922	49.2066178
	19.3621378	49.2064462
	19.3619031	49.2064432
	19.3618016	49.2066727
	19.3617053	49.2069241
	19.3616513	49.2071188
	19.3616544	49.2073409
	19.3618489	49.2075732
	19.3621501	49.2077517
	19.3624709	49.2077488
	19.3624591	49.2078531
	19.3623597	49.2080175
	19.3620706	49.2082788
	19.3620645	49.2082853
	19.3619473	49.2083214
	19.3617665	49.2085056
	19.3616687	49.2086949
	19.3616449	49.2087873
	19.3616216	49.2089577
	19.3612624	49.2092922
	19.3608129	49.209597
	19.3602011	49.209948
	19.3598921	49.2101262
	19.3590417	49.210573
	19.3587362	49.2106378
	19.3584045	49.2106423
	19.3575063	49.2104537
	19.3570252	49.2104007
	19.3565935	49.2103963
	19.3557352	49.2104958
	19.3556792	49.2106318
	19.3556414	49.2107934
	19.3555766	49.2108782
	19.3555253	49.211001
	19.3553807	49.2111068
	19.3552167	49.2111893
	19.3550494	49.211338
	19.3551019	49.211425
	19.355083	49.2115087
	19.3549607	49.211494
	19.3549376	49.2115368
	19.3549302	49.2116604
	19.3550036	49.2117831
	19.3548873	49.2118816
	19.3548726	49.2119102
	19.3548946	49.2119698
	19.3547096	49.2121188
	19.3546002	49.2122816
	19.3536922	49.2120215
	19.3531628	49.2118658
	19.3525589	49.2115703
	19.3521818	49.2114164
	19.351879	49.2112286
	19.3514384	49.2109566
	19.3510592	49.2107234
	19.3503595	49.2102433
	19.3497684	49.209812
	19.3497478	49.2098223
	19.348723	49.2088522
	19.3484623	49.2086721
	19.3484334	49.2086528
	19.3483954	49.2086274
	19.3483043	49.2085645
	19.3482106	49.208498
	19.3479405	49.2083085
	19.3474158	49.2085553
	19.347209	49.2086335
	19.3469479	49.2087497
	19.3467352	49.2088615
	19.3465158	49.2090123
	19.3462243	49.2092352
	19.3459064	49.2094816
	19.3457005	49.2096703
	19.3455883	49.2098421
	19.3451561	49.2099479
	19.3448736	49.2101904
	19.344726	49.210357
	19.3446242	49.2104143
	19.3445906	49.2105006
	19.3442835	49.2104085
	19.3438978	49.2102933
	19.3436168	49.2101865
	19.3434459	49.2100883
	19.3432171	49.2099299
	19.34314	49.2098576
	19.3429658	49.2097502
	19.3428311	49.2095783
	19.3428202	49.2095291
	19.3427815	49.2094777
	19.3426578	49.2094133
	19.342505	49.2092484
	19.3423652	49.2091788
	19.3422996	49.2091554
	19.3418445	49.2091779
	19.3415903	49.2092346
	19.3414103	49.2092522
	19.3408827	49.2091891
	19.3406637	49.2091256
	19.3402859	49.209037
	19.3400551	49.208972
	19.339564	49.2088429
	19.3395027	49.2087838
	19.3394278	49.2087474
	19.3390148	49.2086942
	19.338795	49.2087165
	19.338555	49.2087616
	19.3383597	49.2088044
	19.3382799	49.2088219
	19.3382211	49.2088552
	19.3381311	49.2089197
	19.3380548	49.2089881
	19.3379033	49.2090452
	19.3377804	49.2091105
	19.3377168	49.2091741
	19.3376037	49.2092883
	19.3376413	49.2093238
	19.3376701	49.20935
	19.3376023	49.2093997
	19.3375528	49.2094368
	19.3373728	49.2095039
	19.3371052	49.2096434
	19.3369767	49.209724
	19.3369144	49.2097628
	19.3369343	49.2098179
	19.337007	49.2100196
	19.3369735	49.2101803
	19.3367435	49.2102427
	19.3366636	49.2102649
	19.3366974	49.2103149
	19.33636	49.2104896
	19.3360019	49.2106484
	19.3356491	49.2108122
	19.3354074	49.2109654
	19.3352911	49.211069
	19.3351056	49.211163
	19.3349992	49.2112617
	19.3344095	49.2114197
	19.3337998	49.2115691
	19.3335713	49.2116315
	19.3332205	49.2117763
	19.3330818	49.2119173
	19.3330203	49.2120271
	19.3330899	49.2123685
	19.3331037	49.2124492
	19.3330186	49.2129454
	19.3329424	49.213334
	19.3329095	49.2135781
	19.3328932	49.2137003
	19.3326465	49.21402
	19.3320576	49.2138647
	19.331299	49.213633
	19.3309919	49.21341
	19.3308855	49.2134692
	19.3306989	49.213412
	19.3303346	49.2132371
	19.3303842	49.2130219
	19.3301624	49.2128886
	19.3299344	49.212782
	19.3296078	49.2126606
	19.3290473	49.2124832
	19.3288934	49.2124342
	19.3287357	49.2125047
	19.3286285	49.2124375
	19.3280534	49.2122876
	19.3279097	49.2122381
	19.3276852	49.212162
	19.3272271	49.2120436
	19.3265761	49.2122044
	19.3265248	49.2123
	19.3263504	49.2123617
	19.3261437	49.212645
	19.3261329	49.2127335
	19.326048	49.2127881
	19.3254414	49.2127514
	19.3251841	49.2127371
	19.3248261	49.2126919
	19.3247454	49.2127412
	19.3245618	49.2128497
	19.3246051	49.2129351
	19.3242992	49.2131856
	19.3241655	49.2132806
	19.3240886	49.2133346
	19.3240186	49.2133842
	19.3233231	49.213651
	19.3229687	49.213648
	19.3228169	49.2136779
	19.3226338	49.2137436
	19.3225053	49.2138108
	19.3222621	49.2139008
	19.321941	49.2142316
	19.3217235	49.2145662
	19.3212651	49.2149254
	19.3212088	49.2150704
	19.3210039	49.2152095
	19.3208884	49.2152434
	19.3207446	49.2151939
	19.3203443	49.2150059
	19.3201291	49.2149495
	19.3200933	49.2149411
	19.3199689	49.2149476
	19.3197654	49.2151757
	19.3196844	49.2153386
	19.3195351	49.2153949
	19.3193034	49.2154132
	19.3191	49.2155219
	19.3189945	49.2155901
	19.3184734	49.2155721
	19.3180744	49.2156796
	19.3173552	49.2156964
	19.3169096	49.2157688
	19.3168418	49.2158311
	19.3167607	49.2159061
	19.3164081	49.2165972
	19.3162371	49.2168595
	19.3161798	49.2171047
	19.3161587	49.2172705
	19.3158483	49.2174407
	19.3157349	49.2176651
	19.315652	49.2177209
	19.3153496	49.2178937
	19.3152792	49.2179728
	19.3152894	49.2180205
	19.3151079	49.2183298
	19.3150028	49.2185085
	19.3148963	49.2185982
	19.3145124	49.2188074
	19.3141732	49.2191962
	19.3141258	49.2194001
	19.3139625	49.219505
	19.3138725	49.2195921
	19.3138361	49.2196998
	19.3133718	49.2201149
	19.3132593	49.2202912
	19.3130116	49.2209003
	19.312931	49.2209867
	19.3127666	49.2211176
	19.3127465	49.2211662
	19.3126825	49.2212555
	19.3126844	49.2212849
	19.3126888	49.2213493
	19.3126911	49.2214071
	19.3126941	49.2214906
	19.312759	49.2216153
	19.3127819	49.2216558
	19.3128044	49.2217008
	19.3128428	49.2217904
	19.312859	49.2218399
	19.3128765	49.2218867
	19.3129031	49.2219433
	19.3129507	49.2220808
	19.3129682	49.2221076
	19.3130023	49.2221487
	19.3130521	49.2221938
	19.3130779	49.2222118
	19.3130926	49.2222453
	19.3134497	49.2225248
	19.3139129	49.222967
	19.3141274	49.2232093
	19.3141589	49.2232446
	19.3142781	49.2233506
	19.314364	49.2234312
	19.3144813	49.2235382
	19.314457	49.2236148
	19.3144441	49.2236333
	19.314369	49.2237459
	19.3142311	49.2239175
	19.3140812	49.2241064
	19.314013	49.2241889
	19.3138515	49.2244236
	19.3137779	49.2245653
	19.3137379	49.2246468
	19.31366	49.2247975
	19.313579	49.2249368
	19.3135333	49.2250374
	19.3134616	49.2251613
	19.313416	49.2253291
	19.3135174	49.2253814
	19.313586	49.2254555
	19.3136775	49.2255342
	19.313755	49.2256
	19.3138157	49.2256513
	19.3138713	49.2257722
	19.3138502	49.2259504
	19.3137965	49.2262048
	19.3138288	49.2262852
	19.3139358	49.2263578
	19.3140482	49.2265322
	19.3140825	49.226587
	19.314109	49.2267977
	19.3141131	49.2268296
	19.31407	49.2269232
	19.3141417	49.2273717
	19.314225	49.2275809
	19.3144123	49.2277621
	19.3145475	49.2279522
	19.3146965	49.2281418
	19.3146929	49.2281901
	19.3145927	49.2282292
	19.3144998	49.2283195
	19.3144304	49.2284683
	19.3143629	49.228659
	19.3143233	49.2288872
	19.3143646	49.2291831
	19.3143704	49.2293334
	19.3143825	49.2294005
	19.3143818	49.2294591
	19.3143825	49.229521
	19.3143955	49.2295443
	19.3143812	49.229618
	19.3143968	49.2297021
	19.3144072	49.2297713
	19.3144115	49.2298728
	19.3144028	49.229913
	19.3143973	49.229959
	19.3144135	49.2300476
	19.3144908	49.2301448
	19.3145065	49.2301793
	19.3145028	49.2303145
	19.3145191	49.23049
	19.3145871	49.2306193
	19.3146902	49.2308157
	19.3146342	49.2310813
	19.3147413	49.2317096
	19.3147599	49.2317499
	19.3147862	49.2318064
	19.3148538	49.2319584
	19.3148769	49.2320102
	19.3148778	49.2320124
	19.3149772	49.2321638
	19.3150724	49.2322065
	19.3154239	49.2323052
	19.3156807	49.2320853
	19.3157808	49.2319042
	19.3161617	49.2313958
	19.3162488	49.2313222
	19.3165639	49.2310734
	19.3167015	49.2309863
	19.3169981	49.2308539
	19.31701	49.2308477
	19.3176141	49.2305978
	19.3178475	49.2305446
	19.3184752	49.230464
	19.3189839	49.2303897
	19.3195149	49.2303643
	19.319891	49.2303223
	19.3199408	49.2303211
	19.3199918	49.2303202
	19.3201274	49.2303165
	19.3205419	49.2303056
	19.3206528	49.230303
	19.3208739	49.2302965
	19.3213116	49.2303037
	19.3215113	49.2303041
	19.3217717	49.2303197
	19.3219379	49.2303332
	19.3224019	49.2304161
	19.3231877	49.2305951
	19.3230875	49.230942
	19.3238752	49.2310987
	19.3245675	49.2312293
	19.3252056	49.2313298
	19.3255781	49.2313885
	19.3257002	49.231406
	19.3257074	49.231469
	19.3257306	49.2315367
	19.3257314	49.2315391
	19.3257333	49.2315446
	19.3257421	49.2315698
	19.3257525	49.2315996
	19.3259614	49.2322045
	19.3272478	49.2329876
	19.3276943	49.2331732
	19.3277215	49.2331823
	19.3279957	49.2332663
	19.3288715	49.2337393
	19.330244	49.234133
	19.3319249	49.2341716
	19.3312728	49.2345139
	19.3316389	49.2350382
	19.3313043	49.2351204
	19.332213	49.2363579
	19.3325098	49.236515
	19.3330435	49.2367983
	19.3332273	49.2368948
	19.333759	49.2371791
	19.3338332	49.2370551
	19.3335458	49.2368444
	19.3337657	49.23676
	19.3338039	49.2367699
	19.3342896	49.2369188
	19.3343744	49.2368789
	19.3345736	49.2369695
	19.334594	49.2370855
	19.3346013	49.2371274
	19.3346164	49.2372103
	19.3347126	49.2377591
	19.3347193	49.2377968
	19.3347224	49.2378116
	19.3349147	49.2389036
	19.3348873	49.2389068
	19.3348026	49.2389163
	19.3344958	49.2389549
	19.3338191	49.2390414
	19.3337474	49.2390503
	19.3334803	49.2393872
	19.3333934	49.2394957
	19.3330419	49.2399378
	19.3323839	49.2402112
	19.3318084	49.2405907
	19.3317242	49.2406453
	19.3316929	49.2406833
	19.3316568	49.2407267
	19.3316169	49.2407744
	19.3316357	49.2408237
	19.3316725	49.2409213
	19.3315236	49.2410394
	19.3311228	49.2413552
	19.3307698	49.2416337
	19.3307055	49.2416477
	19.3306945	49.2416753
	19.3300291	49.2425443
	19.330007	49.2425749
	19.3299835	49.2426076
	19.3294941	49.2432797
	19.3289965	49.243964
	19.3285202	49.2443992
	19.3282262	49.2446423
	19.3278207	49.2449769
	19.3278049	49.2449899
	19.3264951	49.2460335
	19.3261942	49.246132
	19.3264873	49.2471364
	19.326612	49.2472235
	19.3272098	49.2479335
	19.3278573	49.2484519
	19.3283797	49.2485589
	19.3286704	49.2486976
	19.3286582	49.2487128
	19.3282716	49.2492073
	19.3279749	49.2493602
	19.3275765	49.2495646
	19.3265987	49.2502881
	19.3261321	49.2505455
	19.3257668	49.2503311
	19.3240932	49.2499886
	19.3238124	49.2499312
	19.3235685	49.2499964
	19.3234917	49.2500164
	19.3232338	49.2500843
	19.3226059	49.2502474
	19.322305	49.2503685
	19.3219725	49.2505025
	19.3214715	49.2507145
	19.321079	49.2508651
	19.3207508	49.251094
	19.3205229	49.2512535
	19.3205147	49.251315
	19.3205083	49.2513667
	19.3205017	49.2518419
	19.3205008	49.2519094
	19.3204959	49.2522946
	19.3204625	49.2524767
	19.3203388	49.2531539
	19.3203234	49.2532386
	19.3202745	49.2532757
	19.3201042	49.2534042
	19.3198432	49.2536016
	19.3197283	49.2536885
	19.3196583	49.2537414
	19.319162	49.254117
	19.3187124	49.2544677
	19.3186157	49.254543
	19.3184201	49.2546816
	19.3183599	49.2547236
	19.3181816	49.2548585
	19.3179637	49.2551918
	19.3179308	49.2552422
	19.317123	49.2564798
	19.3171169	49.2564885
	19.3165887	49.2572546
	19.3165493	49.2573113
	19.3165316	49.2573376
	19.3158607	49.258311
	19.3156022	49.2586854
	19.3144618	49.26034
	19.3144313	49.2603846
	19.3141628	49.2607743
	19.3141392	49.2608082
	19.3135705	49.2616333
	19.3129712	49.2625189
	19.3125431	49.2631511
	19.3118611	49.2641591
	19.3118058	49.2642411
	19.3117817	49.264277
	19.3106292	49.2659795
	19.3105382	49.2661138
	19.3105154	49.2661477
	19.31119	49.2663293
	19.3124386	49.2662341
	19.312447	49.2662333
	19.3125892	49.266223
	19.3128679	49.2662386
	19.3131217	49.2662539
	19.3131762	49.2662564
	19.3134616	49.2662732
	19.3138231	49.2662939
	19.3153724	49.2670578
	19.3153609	49.2672443
	19.3154946	49.2673375
	19.3160475	49.267723
	19.3162338	49.2678525
	19.316733	49.2679335
	19.3173277	49.2680314
	19.3174848	49.2680568
	19.3174907	49.2680561
	19.3177183	49.2679946
	19.3177458	49.2680004
	19.319291	49.268292
	19.3193225	49.2683207
	19.3194146	49.2684015
	19.31944	49.2684197
	19.3187704	49.268743
	19.3182736	49.268768
	19.3181123	49.268899
	19.3179479	49.2689364
	19.3175859	49.2689204
	19.317117	49.2691472
	19.3172341	49.2692507
	19.3172848	49.2693636
	19.3169982	49.2696781
	19.3172027	49.2700292
	19.3171854	49.2701467
	19.3168743	49.270363
	19.316777	49.2706503
	19.3157848	49.2715839
	19.3155166	49.2716693
	19.3151765	49.2720105
	19.3151649	49.2721653
	19.3147299	49.2722902
	19.3147276	49.2724783
	19.3145465	49.2726016
	19.3145982	49.2727844
	19.3144802	49.2728724
	19.3145107	49.2729425
	19.31442	49.2730972
	19.3144181	49.2732718
	19.314354	49.2733262
	19.3144068	49.2734234
	19.3145319	49.2736534
	19.3146211	49.2742909
	19.314585	49.2746217
	19.3149096	49.2750123
	19.3149055	49.275312
	19.3150207	49.2755756
	19.3150158	49.2758401
	19.3148895	49.2761203
	19.3148025	49.2765398
	19.3148712	49.2771507
	19.3143051	49.2777403
	19.3141968	49.2777668
	19.3142099	49.2778768
	19.3139411	49.2783147
	19.3136812	49.2784455
	19.3134056	49.2790658
	19.3131	49.279313
	19.3128418	49.2797065
	19.3121259	49.2803387
	19.3117807	49.2805658
	19.3113364	49.2811307
	19.3113142	49.2811714
	19.3112275	49.2812833
	19.3107547	49.2815146
	19.310293	49.2820742
	19.3102546	49.282121
	19.3101492	49.282249
	19.3101463	49.2826151
	19.3101716	49.2826082
	19.3104406	49.2825782
	19.308715	49.2866087
	19.3087126	49.2866143
	19.3086964	49.286617
	19.3073141	49.2868492
	19.3054977	49.28653
	19.3054141	49.2865159
	19.303909	49.285374
	19.3019409	49.2847467
	19.2995021	49.2847136
	19.2987273	49.2852201
	19.2976746	49.2858789
	19.2962399	49.2864703
	19.2951768	49.2868967
	19.2941261	49.2873178
	19.2934876	49.2875874
	19.2929748	49.2878956
	19.2924054	49.2880589
	19.2927829	49.2893403
	19.2932185	49.2910107
	19.2935896	49.2923276
	19.2938968	49.2934884
	19.2943402	49.2953193
	19.2948034	49.2969889
	19.2952874	49.2986696
	19.2956811	49.3002827
	19.2960628	49.3019654
	19.296511	49.3036241
	19.2969268	49.3051065
	19.2969295	49.3051177
	19.2969989	49.3053848
	19.2970413	49.3055502
	19.2970841	49.3057145
	19.2971268	49.3058799
	19.2971607	49.3060112
	19.2971982	49.3061549
	19.2971679	49.3061681
	19.2971032	49.3061978
	19.297047	49.306228
	19.297012	49.306204
	19.296579	49.306167
	19.29586	49.306265
	19.295368	49.306228
	19.295173	49.306121
	19.295188	49.306056
	19.295186	49.306025
	19.295022	49.305898
	19.294521	49.305808
	19.29376	49.305765
	19.293239	49.305753
	19.29303	49.305624
	19.292578	49.305445
	19.292249	49.305319
	19.292249	49.305317
	19.292242	49.305316
	19.291604	49.305071
	19.291165	49.305225
	19.290391	49.305445
	19.289948	49.305433
	19.289278	49.305182
	19.287766	49.305166
	19.287014	49.305112
	19.28605	49.304972
	19.28532	49.304983
	19.284746	49.304728
	19.284298	49.304441
	19.283636	49.304364
	19.283205	49.304163
	19.282598	49.3041
	19.281834	49.303817
	19.281564	49.30358
	19.281356	49.303082
	19.28075	49.302669
	19.280297	49.302493
	19.280078	49.302257
	19.279531	49.302244
	19.278858	49.301944
	19.2783991	49.3017117
	19.278139	49.30158
	19.277452	49.301164
	19.277109	49.301094
	19.276798	49.300926
	19.276534	49.300813
	19.275954	49.30067
	19.274647	49.300633
	19.27415	49.300526
	19.273563	49.300552
	19.273116	49.300479
	19.272222	49.300513
	19.271777	49.300455
	19.270758	49.300489
	19.270125	49.300325
	19.26969	49.300117
	19.269458	49.299888
	19.269292	49.299631
	19.268843	49.299293
	19.268576	49.298816
	19.268264	49.298541
	19.268123	49.298312
	19.268202	49.298173
	19.268422	49.297858
	19.268358	49.297709
	19.268406	49.297274
	19.267959	49.296801
	19.267588	49.296493
	19.267573	49.296249
	19.267436	49.29615
	19.266933	49.295977
	19.266725	49.295666
	19.266303	49.295398
	19.266002	49.295299
	19.265778	49.295204
	19.265759	49.295058
	19.265673	49.294985
	19.265513	49.294931
	19.265171	49.294698
	19.26498	49.294382
	19.264898	49.294239
	19.26475	49.294133
	19.264589	49.294047
	19.264422	49.293926
	19.264342	49.293642
	19.264011	49.293459
	19.263782	49.293394
	19.263416	49.293238
	19.263227	49.293135
	19.263132	49.292964
	19.262747	49.292697
	19.262678	49.292558
	19.262523	49.292411
	19.262365	49.292169
	19.26157	49.291678
	19.261373	49.291487
	19.261245	49.291171
	19.261	49.290899
	19.260622	49.290362
	19.260183	49.289996
	19.259846	49.289772
	19.259635	49.289664
	19.259262	49.289583
	19.25889	49.289514
	19.258381	49.28925
	19.258013	49.288979
	19.257823	49.288934
	19.257396	49.288685
	19.257182	49.288405
	19.256857	49.288099
	19.256718	49.287843
	19.25653	49.287676
	19.256283	49.287612
	19.256004	49.287431
	19.255887	49.287187
	19.255759	49.286982
	19.255604	49.285935
	19.25549	49.285623
	19.2555	49.285359
	19.255633	49.285166
	19.256224	49.284571
	19.256554	49.284332
	19.256792	49.283841
	19.256733	49.283666
	19.256542	49.283538
	19.256388	49.283372
	19.256333	49.283211
	19.256396	49.282566
	19.255602	49.282341
	19.254221	49.282333
	19.25373	49.282164
	19.252826	49.281779
	19.252155	49.281563
	19.249739	49.280947
	19.249062	49.280755
	19.248571	49.280516
	19.247987	49.280347
	19.247376	49.280048
	19.246148	49.279551
	19.246023	49.279577
	19.2459359	49.2786232
	19.2454067	49.2730273
	19.2427413	49.270195
	19.241931	49.2689366
	19.2418859	49.2688657
END
END
