3061001
1
	16.9496858	48.2684909
	16.9497144	48.2681976
	16.94992	48.26799
	16.951112	48.266568
	16.951385	48.26631
	16.952061	48.26583
	16.952838	48.265445
	16.953332	48.265262
	16.954719	48.2649151
	16.955828	48.264583
	16.956481	48.264289
	16.95673	48.264121
	16.957066	48.263818
	16.957207	48.263606
	16.957262	48.263483
	16.957703	48.263482
	16.957833	48.263361
	16.9584163	48.2643427
	16.95852	48.265064
	16.9593317	48.2667102
	16.9592637	48.2677059
	16.9595007	48.2683032
	16.9598389	48.2694916
	16.9598397	48.2699833
	16.9596392	48.2706227
	16.9595232	48.2707492
	16.9589516	48.271077
	16.9587989	48.2711884
	16.9584087	48.2709865
	16.9582187	48.2710705
	16.9568791	48.2720698
	16.951183	48.2706355
	16.9505745	48.26973
	16.9499048	48.2692011
	16.9496858	48.2684909
END
2
	17.058748	48.2776486
	17.0604556	48.2770295
	17.0621521	48.276258
	17.06282	48.2758706
	17.0635488	48.2753325
	17.0634765	48.2752949
	17.0642781	48.2744646
	17.0653017	48.2735637
	17.0661077	48.2725599
	17.0668461	48.2718427
	17.0668579	48.2716889
	17.0670392	48.2715215
	17.0668035	48.271179
	17.0669297	48.2710282
	17.0670166	48.271086
	17.0672075	48.2709159
	17.0672308	48.2708306
	17.0673438	48.2707898
	17.0669655	48.2705571
	17.0678493	48.2698512
	17.068004	48.2696628
	17.0679327	48.2694375
	17.0681562	48.2693533
	17.0681333	48.2692151
	17.0683447	48.2691618
	17.0683341	48.2690919
	17.068456	48.2690088
	17.0686524	48.2690584
	17.0687634	48.2688308
	17.0688617	48.268807
	17.0690488	48.2685848
	17.0691452	48.2685416
	17.0691903	48.2684339
	17.0692929	48.2683708
	17.0691377	48.2681862
	17.0693101	48.2680862
	17.0692476	48.2679633
	17.0694111	48.2678195
	17.0694296	48.2677145
	17.0694758	48.2676838
	17.0695971	48.2677046
	17.0695693	48.2675987
	17.0697986	48.2675487
	17.0695663	48.2672741
	17.0696447	48.2672693
	17.0698127	48.2673565
	17.0697288	48.2672298
	17.0698887	48.2672068
	17.0694623	48.2666919
	17.0695883	48.2666699
	17.0695487	48.266551
	17.0693698	48.2663941
	17.0694217	48.2663626
	17.0697414	48.2666036
	17.0695423	48.2662441
	17.0695977	48.2661925
	17.0696864	48.2662042
	17.06981	48.2663867
	17.0701365	48.2662315
	17.0701072	48.2660588
	17.0627432	48.2652232
	17.0627471	48.2651929
	17.0639022	48.2614408
	17.0644437	48.2599014
	17.064797	48.2590951
	17.0654692	48.2589306
	17.0659249	48.258896
	17.0671174	48.2586542
	17.0674801	48.2586618
	17.0676665	48.2586045
	17.0681061	48.2586119
	17.0687537	48.2587836
	17.0694632	48.2582792
	17.0710109	48.257597
	17.0714693	48.257343
	17.0719318	48.2570472
	17.0722909	48.256801
	17.0732096	48.2565681
	17.0743171	48.2557349
	17.0749916	48.255078
	17.0754263	48.2544294
	17.0755513	48.2541817
	17.0757397	48.2539831
	17.0760447	48.2536782
	17.0770269	48.2530105
	17.0770882	48.25292
	17.0773567	48.252789
	17.0779952	48.2522516
	17.0783558	48.2520446
	17.0787288	48.2517512
	17.0790556	48.2515892
	17.0795072	48.2510966
	17.0798695	48.2508897
	17.080313	48.2503222
	17.0807266	48.2500394
	17.0812791	48.2497926
	17.081415	48.249849
	17.082369	48.24974
	17.083646	48.249287
	17.0841445	48.2491868
	17.084406	48.249174
	17.084658	48.2489
	17.085602	48.24862
	17.0858	48.24849
	17.085934	48.248221
	17.086236	48.247905
	17.087106	48.247926
	17.087874	48.247779
	17.088795	48.247219
	17.0892	48.247117
	17.089737	48.247072
	17.090811	48.246727
	17.091048	48.246694
	17.09183	48.246813
	17.092524	48.247068
	17.09321	48.24708
	17.093711	48.247211
	17.094067	48.247637
	17.094289	48.24782
	17.0945898	48.2483796
	17.0950295	48.248802
	17.095175	48.249131
	17.095271	48.249229
	17.0955952	48.2492882
	17.095907	48.249238
	17.09673	48.2492
	17.096905	48.249309
	17.097528	48.249529
	17.09818	48.249422
	17.09905	48.249417
	17.099352	48.249376
	17.100291	48.248991
	17.100895	48.248645
	17.101133	48.248595
	17.101924	48.248488
	17.102341	48.248535
	17.103059	48.248538
	17.104001	48.248266
	17.104861	48.248197
	17.105317	48.248231
	17.105608	48.248194
	17.106104	48.248053
	17.107826	48.247825
	17.108507	48.247587
	17.10921	48.247405
	17.10966	48.247437
	17.110215	48.247289
	17.111117	48.247186
	17.111699	48.246908
	17.111837	48.246749
	17.112299	48.246457
	17.113767	48.245738
	17.113985	48.245592
	17.114582	48.245414
	17.116431	48.245021
	17.116843	48.244858
	17.117736	48.24472
	17.118723	48.2445
	17.118931	48.244528
	17.11909	48.244489
	17.119449	48.244498
	17.1205	48.244372
	17.121265	48.244439
	17.122257	48.244633
	17.122542	48.244752
	17.122998	48.245154
	17.124179	48.246329
	17.124831	48.246602
	17.125134	48.246652
	17.126156	48.246665
	17.126265	48.246779
	17.126663	48.246973
	17.128104	48.247571
	17.129266	48.247963
	17.131105	48.247979
	17.131642	48.247873
	17.132531	48.247821
	17.133786	48.247664
	17.13461	48.247518
	17.135811	48.2475
	17.136981	48.247577
	17.137305	48.24752
	17.137208	48.247451
	17.138306	48.247497
	17.138543	48.2475079
	17.139564	48.24755
	17.139995	48.247907
	17.140434	48.248276
	17.140892	48.248485
	17.141283	48.248781
	17.141803	48.24914
	17.142177	48.250071
	17.143563	48.25088
	17.144793	48.251009
	17.144588	48.251803
	17.144706	48.252642
	17.145739	48.25299
	17.146755	48.253541
	17.146873	48.254093
	17.14761	48.254709
	17.147611	48.254709
	17.148311	48.255224
	17.149126	48.255565
	17.14914	48.256373
	17.149013	48.257224
	17.14901	48.257455
	17.148985	48.25835
	17.14938	48.258662
	17.15026	48.259155
	17.150443	48.259191
	17.15057	48.259218
	17.150572	48.259218
	17.150624	48.259229
	17.150628	48.259229
	17.150725	48.259248
	17.150919	48.259287
	17.151206	48.259375
	17.151686	48.259526
	17.151939	48.259602
	17.152048	48.259636
	17.152168	48.259677
	17.152703	48.260123
	17.15297	48.260352
	17.152973	48.260356
	17.153007	48.260383
	17.153008	48.260384
	17.15323	48.26057
	17.153412	48.26127
	17.153427	48.261333
	17.153429	48.261344
	17.153431	48.261351
	17.153591	48.261964
	17.153643	48.262166
	17.153554	48.262524
	17.153404	48.263132
	17.153403	48.263153
	17.153638	48.263947
	17.153944	48.264027
	17.153997	48.26404
	17.154547	48.264189
	17.155676	48.264494
	17.155734	48.264508
	17.155748	48.264511
	17.155751	48.264517
	17.156348	48.265407
	17.15647	48.265621
	17.156901	48.266402
	17.156834	48.266649
	17.156807	48.26675
	17.156688	48.267166
	17.15629	48.267436
	17.155542	48.267945
	17.154726	48.268503
	17.155737	48.269122
	17.155978	48.269304
	17.156215	48.269486
	17.15677	48.269912
	17.157371	48.271042
	17.157449	48.271179
	17.157788	48.271768
	17.158067	48.272182
	17.158396	48.272618
	17.158681	48.272994
	17.158894	48.273265
	17.159041	48.273448
	17.159386	48.273845
	17.159628	48.274125
	17.159776	48.274292
	17.160219	48.274792
	17.160366	48.27496
	17.16058	48.275192
	17.161103	48.27576
	17.16147	48.276159
	17.1620042	48.2762941
	17.1621576	48.2763434
	17.162286	48.276418
	17.162431	48.276792
	17.162478	48.276901
	17.1626666	48.2774503
	17.161543	48.2776758
	17.1614491	48.2777644
	17.1610256	48.2778352
	17.1609158	48.2779443
	17.1604851	48.2780181
	17.1603157	48.2781627
	17.1600429	48.2782504
	17.1599184	48.2782387
	17.1598085	48.2783275
	17.1591308	48.2782819
	17.1588187	48.2783807
	17.1585661	48.2783952
	17.1579541	48.2782388
	17.1575016	48.2780005
	17.1572606	48.2780274
	17.1570722	48.2781333
	17.1567468	48.278142
	17.1563447	48.2783827
	17.1561154	48.278382
	17.1555171	48.2786116
	17.1546556	48.2790431
	17.1542795	48.2790912
	17.1539294	48.2792177
	17.1535396	48.2792322
	17.1532431	48.2791332
	17.1522844	48.2792879
	17.1514472	48.2797603
	17.1508337	48.2799664
	17.1502913	48.2801051
	17.1500837	48.2801735
	17.1494204	48.2798545
	17.1488144	48.2795786
	17.1477466	48.2787943
	17.146679	48.2781399
	17.1463222	48.2781093
	17.1456882	48.2780633
	17.1451311	48.2779713
	17.1448915	48.2779235
	17.1445553	48.2778698
	17.1442389	48.2778309
	17.1439196	48.2778309
	17.1434914	48.2778462
	17.143051	48.2778968
	17.1429096	48.2779549
	17.1426798	48.2782267
	17.1425485	48.2783047
	17.1416592	48.2780737
	17.141397	48.2780498
	17.140922	48.2779351
	17.1402425	48.2779438
	17.1401809	48.2778774
	17.1393909	48.2777675
	17.1390392	48.277849
	17.1388965	48.278002
	17.1387648	48.2780521
	17.1387121	48.2781094
	17.1386852	48.2785335
	17.1383755	48.2785219
	17.1381697	48.2785598
	17.1380496	48.2787348
	17.137335	48.2786189
	17.1372421	48.2785392
	17.1371656	48.2786018
	17.1368276	48.2785643
	17.1365212	48.2788498
	17.136317	48.2789028
	17.1361848	48.2789933
	17.1360344	48.2792327
	17.1358403	48.2792966
	17.135496	48.2791829
	17.1352087	48.2793747
	17.1344892	48.2794133
	17.1342963	48.2794761
	17.1342716	48.2795956
	17.1334915	48.279642
	17.1330104	48.2800028
	17.1323336	48.280156
	17.1317575	48.2803951
	17.1304983	48.2810366
	17.1303816	48.2810763
	17.1289404	48.2810692
	17.1287406	48.2811677
	17.1285855	48.2813651
	17.1284553	48.2815597
	17.1282303	48.2816371
	17.1277267	48.2816494
	17.1264129	48.2812013
	17.1257206	48.2808904
	17.1250215	48.2805766
	17.1246959	48.2801015
	17.1250433	48.2798685
	17.1250975	48.2797524
	17.1250812	48.2795297
	17.1245873	48.2787675
	17.1241651	48.2786045
	17.1236616	48.2785142
	17.1226326	48.278353
	17.1216969	48.2780322
	17.1207396	48.2778354
	17.1200459	48.2775331
	17.1202183	48.2767911
	17.1204177	48.2766601
	17.1205593	48.2764867
	17.1205395	48.2760133
	17.1204262	48.275529
	17.1202898	48.2754333
	17.1199507	48.2749281
	17.1200509	48.274677
	17.1202765	48.2743987
	17.1205727	48.2741926
	17.1214923	48.2736921
	17.1222466	48.2730266
	17.1224725	48.2726723
	17.1228154	48.2723839
	17.1230614	48.2720965
	17.1229102	48.271737
	17.1224542	48.2717808
	17.1221125	48.2718685
	17.1217521	48.2721905
	17.1215199	48.2722375
	17.1213118	48.2722332
	17.1209462	48.2721589
	17.1206059	48.2720276
	17.1203819	48.2718445
	17.1202037	48.2716605
	17.1200892	48.2710702
	17.1200811	48.2709788
	17.120239	48.2705828
	17.1203826	48.2702121
	17.1203685	48.270031
	17.1201438	48.2698056
	17.1202719	48.2694356
	17.1204285	48.2691886
	17.120312	48.2688204
	17.1203112	48.2684836
	17.1205176	48.2682502
	17.1213011	48.2679037
	17.1215588	48.2678245
	17.1216653	48.2677175
	17.1217204	48.2675787
	17.1216596	48.267392
	17.1214652	48.2672011
	17.1211579	48.2670366
	17.1203871	48.2668363
	17.1199977	48.2666173
	17.1196973	48.2663325
	17.1193146	48.2657599
	17.1191068	48.2654513
	17.1191101	48.2649991
	17.1191256	48.2645212
	17.1190287	48.2643276
	17.1189706	48.2638936
	17.1189423	48.2635099
	17.1188901	48.2633583
	17.1188412	48.2632409
	17.1182562	48.2627217
	17.1177698	48.2620308
	17.1177542	48.2617012
	17.1178487	48.2613819
	17.1179091	48.2611877
	17.1180623	48.260951
	17.1181153	48.2608237
	17.1181539	48.2606534
	17.1181086	48.2602718
	17.1183346	48.2595897
	17.1182891	48.2595034
	17.118484	48.2593032
	17.1184802	48.2591725
	17.1183631	48.2590495
	17.1175417	48.2586042
	17.1171918	48.2582879
	17.1170968	48.2580847
	17.1172056	48.2579962
	17.1171741	48.2575115
	17.1170126	48.2576135
	17.116511	48.2571989
	17.1150104	48.2564396
	17.1136831	48.2561815
	17.1133058	48.2557075
	17.11325	48.2554959
	17.1132908	48.2553596
	17.11376	48.2545598
	17.1141095	48.2542354
	17.1147753	48.2539177
	17.1144761	48.253364
	17.113412	48.2529509
	17.1108978	48.2524779
	17.1102098	48.2525286
	17.1091587	48.2529601
	17.1089088	48.2531139
	17.1085313	48.2538555
	17.1078178	48.2547157
	17.106905	48.2554854
	17.1057686	48.2561927
	17.1054076	48.2563027
	17.1050221	48.2566516
	17.1045947	48.2569042
	17.1041946	48.2572159
	17.1026719	48.2579614
	17.101743	48.2581776
	17.1013474	48.2583191
	17.1010881	48.2585274
	17.1008309	48.2585891
	17.099875	48.25899
	17.0991616	48.2591789
	17.0987181	48.2594056
	17.098223	48.2596215
	17.0979472	48.2596885
	17.0974522	48.2597428
	17.0960888	48.2597401
	17.0954945	48.2678488
	17.0839675	48.2696666
	17.0837591	48.2695078
	17.0834174	48.2694948
	17.0823077	48.2693358
	17.0817892	48.2692125
	17.081519	48.2690258
	17.0814878	48.2688518
	17.081597	48.2684027
	17.0815793	48.2680297
	17.0812455	48.2680885
	17.080295	48.2679889
	17.0798534	48.2678933
	17.0794049	48.2678718
	17.0791805	48.2679662
	17.0788893	48.2681995
	17.0774131	48.2683625
	17.0752777	48.2689485
	17.0743026	48.2692699
	17.0739368	48.2695545
	17.0734074	48.2702305
	17.0729288	48.2710658
	17.0727427	48.2715252
	17.0716079	48.2730809
	17.0714267	48.2734595
	17.0711825	48.273756
	17.0709154	48.2743321
	17.0708414	48.2747429
	17.071201	48.2752589
	17.0699564	48.2763665
	17.0689576	48.2768704
	17.0686723	48.2768711
	17.0672759	48.2772418
	17.0668676	48.277676
	17.0663823	48.2780431
	17.0656975	48.2784112
	17.0649973	48.2789375
	17.0635557	48.2795876
	17.0625732	48.2797951
	17.0623333	48.2799145
	17.0616436	48.2788934
	17.0615536	48.2788669
	17.0615369	48.278772
	17.0613993	48.2787368
	17.0611445	48.2789861
	17.0610672	48.279
	17.0608477	48.2788065
	17.0605399	48.2788149
	17.0601849	48.2784642
	17.0595794	48.2783709
	17.0593324	48.2782276
	17.0588931	48.2779173
	17.058748	48.2776486
END
END
