725160
1
	20.1368365	49.0861014
	20.1371491	49.0854664
	20.1372057	49.0854677
	20.1372327	49.0853674
	20.1375343	49.085035
	20.1377182	49.0849624
	20.1378313	49.0847597
	20.1378348	49.0846067
	20.1379808	49.0844628
	20.1390417	49.0844515
	20.1395913	49.083995
	20.1398323	49.0836838
	20.1400952	49.0835231
	20.1403008	49.0835113
	20.1408848	49.0836091
	20.1413981	49.0835024
	20.1418645	49.0832746
	20.1418776	49.0831996
	20.1420812	49.083039
	20.142431	49.0830293
	20.1426136	49.0829083
	20.1426745	49.082779
	20.1429857	49.0825133
	20.1433791	49.0822476
	20.1439782	49.0820105
	20.1441438	49.0818527
	20.1448347	49.0820101
	20.1452266	49.0813863
	20.1453961	49.0813063
	20.1456269	49.0812887
	20.1459432	49.0811098
	20.1460431	49.0809979
	20.146232	49.0809491
	20.1468462	49.080992
	20.14699	49.0809527
	20.1478884	49.0801757
	20.1479767	49.0800792
	20.1479332	49.0798296
	20.1483458	49.0795769
	20.1483699	49.0794958
	20.1485418	49.0794284
	20.1487597	49.0794258
	20.1491628	49.079325
	20.1495729	49.0793233
	20.1497498	49.079102
	20.1497162	49.0789496
	20.1495697	49.0787601
	20.1496748	49.0785807
	20.1495826	49.0784092
	20.1496553	49.0782342
	20.1497309	49.0781134
	20.1501077	49.0778437
	20.1501279	49.0777579
	20.1503243	49.0777004
	20.150383	49.0774066
	20.1510965	49.0767077
	20.1521753	49.0765788
	20.1523994	49.0762905
	20.1530786	49.0760634
	20.1533532	49.0759043
	20.1535586	49.0759272
	20.1537868	49.0758608
	20.1541301	49.0755423
	20.1544398	49.075155
	20.1551935	49.074799
	20.1553653	49.0746709
	20.1556895	49.0746568
	20.1557005	49.0745772
	20.1560846	49.0742132
	20.1560903	49.0739701
	20.1562253	49.0738011
	20.1563557	49.0734269
	20.1564942	49.0733784
	20.1570253	49.0733445
	20.1573791	49.0732134
	20.1576475	49.0733053
	20.1578166	49.0732444
	20.1578814	49.0730421
	20.1577378	49.0730059
	20.157816	49.0729031
	20.1579898	49.0728572
	20.1581098	49.0727337
	20.1581206	49.0725866
	20.1583027	49.0723237
	20.1586041	49.0722579
	20.1594898	49.0718218
	20.1595471	49.0714141
	20.1597428	49.0712486
	20.1603553	49.0711391
	20.1605102	49.0712465
	20.1605949	49.0713863
	20.1607269	49.0714379
	20.1608242	49.0714033
	20.1609605	49.0710846
	20.161003	49.0705772
	20.1612985	49.0702726
	20.1618669	49.0699115
	20.1620154	49.0697664
	20.1621282	49.0694613
	20.1623029	49.0692352
	20.1621282	49.068986
	20.1624466	49.0687241
	20.1626968	49.068421
	20.1626318	49.0683823
	20.1632647	49.0673559
	20.1638929	49.0670422
	20.1640391	49.0669499
	20.1643643	49.0669438
	20.1644164	49.0669933
	20.1647344	49.0669181
	20.1653244	49.0670005
	20.1654204	49.0670808
	20.1659515	49.0669883
	20.1665833	49.0664924
	20.167049	49.0663543
	20.1672736	49.0663758
	20.1673888	49.0665898
	20.1676672	49.0666517
	20.1680799	49.0666852
	20.1683022	49.0666198
	20.1684268	49.0665662
	20.1684313	49.06651
	20.1681739	49.0664039
	20.1680877	49.0662923
	20.1681542	49.0661407
	20.1683602	49.0659599
	20.1689493	49.0659047
	20.1698077	49.0661125
	20.1705058	49.0661718
	20.1719614	49.0660635
	20.1727856	49.0657609
	20.172908	49.0656769
	20.1729337	49.0654919
	20.1727447	49.0652998
	20.1727493	49.0651535
	20.1729775	49.0651357
	20.1735354	49.0652503
	20.1736306	49.0652227
	20.1738463	49.0650263
	20.1740451	49.0649667
	20.1743136	49.065107
	20.1745292	49.0651291
	20.1748212	49.0650124
	20.1749282	49.0647722
	20.1751414	49.0645837
	20.17554	49.064468
	20.1769178	49.0647989
	20.1771413	49.0647899
	20.178027	49.0642656
	20.1792839	49.0636334
	20.1805927	49.0641553
	20.1811475	49.0646876
	20.1843265	49.0653979
	20.1867104	49.0665526
	20.1886442	49.0672266
	20.1893023	49.0668476
	20.1907426	49.0663599
	20.1922596	49.0661141
	20.1930882	49.0656775
	20.194547	49.0654517
	20.1980567	49.064766
	20.2018065	49.0638399
	20.2031041	49.0636312
	20.2055211	49.0633917
	20.2078318	49.0629566
	20.2119711	49.0624182
	20.2145078	49.0622059
	20.2168886	49.0619095
	20.2183476	49.0618041
	20.2193941	49.0619399
	20.2193943	49.0619569
	20.219688	49.064161
	20.2196959	49.065273
	20.2199777	49.0665768
	20.2201418	49.067
	20.2207235	49.0674002
	20.2212765	49.0684863
	20.2216872	49.0690904
	20.2218288	49.069399
	20.2219701	49.0700554
	20.2219919	49.0703264
	20.2216787	49.0706475
	20.2213871	49.0710739
	20.2213678	49.0717624
	20.2214584	49.0722276
	20.2218958	49.0732428
	20.2215429	49.074909
	20.2213355	49.0752859
	20.2213174	49.0754989
	20.2214927	49.0759653
	20.2216422	49.0768295
	20.2216925	49.0772683
	20.2216195	49.077708
	20.2210745	49.077959
	20.2208269	49.078011
	20.2205217	49.0783234
	20.2203463	49.0783198
	20.2200722	49.0784373
	20.2197807	49.0788231
	20.2197349	49.0790094
	20.2198055	49.0792543
	20.2196849	49.0793892
	20.2194686	49.0794878
	20.2194332	49.0795798
	20.2195331	49.0798304
	20.2194607	49.0799929
	20.2193629	49.0800329
	20.2192807	49.0801739
	20.2190651	49.0803501
	20.2190072	49.0803905
	20.2186622	49.0804186
	20.2182693	49.0806407
	20.2182198	49.0807805
	20.2158097	49.0820836
	20.2141465	49.0840098
	20.2116165	49.0853836
	20.2092751	49.0873682
	20.207179	49.0897771
	20.2071802	49.0899124
	20.2064687	49.0904989
	20.2070688	49.092481
	20.2044261	49.0932027
	20.203378	49.093393
	20.2023871	49.0936453
	20.2019472	49.0929126
	20.2015885	49.0921574
	20.2004562	49.0925371
	20.1975291	49.0933519
	20.197047	49.0934408
	20.1950356	49.0936694
	20.1947734	49.0939169
	20.1942297	49.0941857
	20.1940491	49.0942585
	20.193335	49.0926828
	20.1919871	49.0914938
	20.1902897	49.0905953
	20.1889671	49.0911901
	20.1866959	49.0926006
	20.1854916	49.0910098
	20.1851271	49.0899862
	20.1848987	49.0901246
	20.1849454	49.0902019
	20.1846664	49.0903756
	20.1843284	49.0904397
	20.1840814	49.0906314
	20.1839687	49.090798
	20.1839683	49.0909141
	20.1835702	49.0910537
	20.1834948	49.091143
	20.1832363	49.091253
	20.1834012	49.0915605
	20.183281	49.0918381
	20.1827889	49.0922633
	20.182838	49.0925175
	20.1824539	49.0929482
	20.1823007	49.0929534
	20.1817435	49.0931733
	20.1815014	49.0931299
	20.180492	49.0933553
	20.1802897	49.0936929
	20.1802986	49.0938375
	20.1801123	49.0940136
	20.1793524	49.0942502
	20.1790549	49.0936436
	20.1786428	49.0936588
	20.1781586	49.0927847
	20.1776889	49.0932308
	20.1772545	49.0934669
	20.1762412	49.0942733
	20.1762825	49.0945846
	20.1760711	49.0948218
	20.1761631	49.0951238
	20.1758536	49.0954234
	20.1751843	49.0934292
	20.1753953	49.0930717
	20.1759273	49.0926391
	20.1765632	49.0920081
	20.1767921	49.0916512
	20.1765778	49.091199
	20.17566	49.0920069
	20.1752231	49.0927203
	20.1744186	49.0932816
	20.1741623	49.0933952
	20.1736275	49.0935124
	20.1726514	49.093499
	20.1718895	49.0936512
	20.1713105	49.0920987
	20.1711431	49.0921144
	20.1711933	49.0922776
	20.171051	49.0923089
	20.1710724	49.0923877
	20.1707333	49.0927198
	20.1706114	49.09276
	20.1709217	49.0934119
	20.1704828	49.0934913
	20.1704068	49.0930671
	20.1701218	49.092979
	20.1699349	49.0932193
	20.1698528	49.0934963
	20.1700037	49.0935543
	20.1699901	49.0936505
	20.1695487	49.0939427
	20.1693556	49.0945204
	20.1639675	49.0971909
	20.16412	49.097615
	20.1641121	49.0977496
	20.1633824	49.0980425
	20.1633829	49.0981957
	20.1631537	49.0982292
	20.1631415	49.0984114
	20.1629908	49.0984514
	20.1626779	49.0988173
	20.1627046	49.098959
	20.1623334	49.0991481
	20.1623134	49.0993443
	20.1613808	49.0990738
	20.1606238	49.0996008
	20.1602119	49.099732
	20.1596527	49.0994776
	20.1593803	49.0991795
	20.1586959	49.09917
	20.1584128	49.0993231
	20.157256	49.0985817
	20.1568424	49.0983726
	20.1575674	49.0971472
	20.1579074	49.0970381
	20.1584587	49.0966086
	20.1586214	49.0958528
	20.1585914	49.0953289
	20.156964	49.0939336
	20.1572397	49.0936903
	20.157296	49.0934943
	20.157806	49.0933584
	20.1589117	49.0926582
	20.1591915	49.091995
	20.1588634	49.0917791
	20.1590765	49.0914891
	20.1589216	49.0911462
	20.1553543	49.0891843
	20.1554128	49.0890233
	20.1556608	49.0888711
	20.1555522	49.0885751
	20.1558469	49.0883347
	20.1558178	49.0882851
	20.1559549	49.087981
	20.1561932	49.087807
	20.1563561	49.0875117
	20.1560855	49.0872271
	20.1561014	49.0871602
	20.155453	49.0867422
	20.1551706	49.0866488
	20.1555758	49.0860784
	20.1556403	49.0860921
	20.1559285	49.0858176
	20.1556283	49.0857345
	20.1557009	49.0854257
	20.1559797	49.0850775
	20.1560723	49.084828
	20.156235	49.0847826
	20.1563299	49.0848124
	20.1563772	49.0847253
	20.1561113	49.0846481
	20.1561401	49.0845704
	20.1560322	49.0845369
	20.1561599	49.0840025
	20.1559882	49.0839439
	20.1563092	49.0831627
	20.1571584	49.0822519
	20.1576481	49.0818112
	20.157998	49.0816336
	20.155997	49.0809081
	20.1560035	49.0807991
	20.1561418	49.0806987
	20.1562644	49.08042
	20.1561221	49.0803388
	20.1557715	49.0805128
	20.1556001	49.0804709
	20.1552017	49.0806364
	20.1550171	49.0807753
	20.1548255	49.0807879
	20.1546306	49.0807395
	20.1545072	49.080765
	20.1543726	49.0809757
	20.1541517	49.0810875
	20.1538498	49.0810888
	20.153636	49.0812008
	20.1535513	49.081355
	20.1530713	49.0815677
	20.1526113	49.0819547
	20.1520605	49.0821138
	20.151909	49.0822316
	20.1511509	49.0825029
	20.1510074	49.0826312
	20.1509515	49.0828609
	20.1506302	49.0829629
	20.1504346	49.0831769
	20.1501043	49.0833482
	20.1499638	49.0833291
	20.1497415	49.0834587
	20.1494747	49.0835426
	20.1494736	49.0836619
	20.1493542	49.0836019
	20.1491118	49.0836316
	20.1490644	49.0836431
	20.1490766	49.0837552
	20.1489022	49.0837291
	20.1486694	49.0837872
	20.1487685	49.0840232
	20.1486286	49.084005
	20.1485443	49.0839342
	20.1484634	49.0839625
	20.1481521	49.0842957
	20.1480446	49.0843037
	20.1480791	49.0844233
	20.1479986	49.0844269
	20.1479336	49.0844998
	20.1477537	49.0844487
	20.147687	49.0844708
	20.1476396	49.0846827
	20.147361	49.0847538
	20.1469502	49.0850481
	20.1470017	49.0852168
	20.1468317	49.0852404
	20.1467068	49.0852037
	20.1465967	49.085268
	20.1461534	49.0858944
	20.1442038	49.0848295
	20.1439354	49.0851644
	20.1438759	49.0850934
	20.1440424	49.0847565
	20.1438421	49.0846391
	20.1436763	49.0847295
	20.1436886	49.0847828
	20.1435358	49.0846459
	20.1435763	49.084446
	20.1438485	49.0842859
	20.1437171	49.0841421
	20.143317	49.0840674
	20.1428655	49.084155
	20.1426501	49.0842612
	20.1423786	49.0842909
	20.1420202	49.0844858
	20.1420444	49.0845151
	20.140573	49.0843319
	20.1407187	49.0842646
	20.1405018	49.0842783
	20.1403512	49.0843218
	20.140003	49.0845645
	20.1399205	49.084783
	20.1395681	49.0846091
	20.1387787	49.0848102
	20.1384752	49.0851583
	20.1384513	49.0854413
	20.1381558	49.0856129
	20.1380156	49.0856174
	20.1373891	49.0860123
	20.1371157	49.0860001
	20.1368365	49.0861014
END
END
