2620321
1
	12.0797149	55.9329354
	12.0797214	55.9328516
	12.0818576	55.9300746
	12.0819766	55.9298632
	12.0832863	55.928398
	12.0846463	55.9271829
	12.0853231	55.9268767
	12.0866637	55.926348
	12.0877374	55.9257756
	12.0877635	55.9256808
	12.0876789	55.9244448
	12.0879847	55.9233835
	12.0890114	55.9221738
	12.0892717	55.9220753
	12.089597	55.922017
	12.0911654	55.9220571
	12.0921003	55.922181
	12.0927788	55.922215
	12.0946977	55.9221505
	12.0957607	55.9221273
	12.0973832	55.9220265
	12.1008512	55.9219455
	12.1068974	55.9216122
	12.1068426	55.9206677
	12.1069272	55.9202739
	12.1070501	55.9201091
	12.1073538	55.9193639
	12.107752	55.9188579
	12.1080764	55.9183757
	12.1082849	55.9179378
	12.108376	55.9176187
	12.108376	55.9173616
	12.1085224	55.9171993
	12.1094856	55.9165155
	12.1097583	55.9162006
	12.1105002	55.9157885
	12.1110468	55.9152451
	12.112016	55.9147352
	12.1122242	55.9146677
	12.1141599	55.9143668
	12.1152207	55.914261
	12.1149093	55.9121247
	12.1149047	55.9119003
	12.1148991	55.9115922
	12.1149334	55.9103988
	12.1151265	55.9100729
	12.1148413	55.9100664
	12.115342	55.9088458
	12.1167658	55.9053971
	12.1155078	55.9036436
	12.1152942	55.9034945
	12.1146638	55.9033784
	12.1141415	55.9033384
	12.1137573	55.9033139
	12.1135203	55.903132
	12.1132281	55.9031178
	12.1125325	55.9029607
	12.1117548	55.9026889
	12.1110032	55.9026433
	12.1102028	55.9025849
	12.1096301	55.9025247
	12.1078275	55.9028458
	12.1072353	55.9028239
	12.1049251	55.9024372
	12.1020193	55.9003009
	12.1017432	55.9002132
	12.1001234	55.8997927
	12.0988743	55.8988291
	12.098276	55.8980938
	12.0981288	55.8980293
	12.0973969	55.8977801
	12.0947493	55.8975582
	12.0924912	55.897498
	12.0922536	55.8974433
	12.0898021	55.896555
	12.0881188	55.8947545
	12.0907969	55.8939435
	12.090751	55.8918325
	12.0904985	55.8911116
	12.0919906	55.8907255
	12.0924497	55.8906096
	12.0929777	55.8904165
	12.0938959	55.8900046
	12.0947912	55.8899402
	12.0955028	55.8897471
	12.0951585	55.8890262
	12.094906	55.8881894
	12.0947223	55.8877903
	12.0941484	55.887108
	12.0941025	55.886269
	12.0987855	55.8848528
	12.1044349	55.8831593
	12.1070748	55.8824093
	12.1097434	55.8816271
	12.1101484	55.8814006
	12.1109275	55.8787602
	12.1124858	55.8785052
	12.1131675	55.8751179
	12.1148848	55.8730323
	12.1160569	55.871621
	12.1197578	55.8712749
	12.1200499	55.8674133
	12.1239976	55.8669459
	12.126685	55.8674629
	12.1278307	55.8675809
	12.1288748	55.8677515
	12.1297785	55.867871
	12.1306657	55.868349
	12.1310553	55.8685245
	12.1328408	55.8694352
	12.1344126	55.8694796
	12.1365412	55.869475
	12.1372188	55.8696022
	12.1397232	55.8700363
	12.1417041	55.8704466
	12.1445582	55.8705933
	12.1457957	55.8707917
	12.1478158	55.8712103
	12.1484052	55.8714376
	12.1493008	55.8716394
	12.1515809	55.8720304
	12.1529089	55.8722552
	12.1537772	55.8723479
	12.1547436	55.8723747
	12.1558434	55.8730841
	12.1567455	55.8737894
	12.1571513	55.8740603
	12.1575654	55.8744005
	12.1579432	55.8746562
	12.1582469	55.8748701
	12.1584644	55.8750405
	12.1586757	55.875219
	12.1588187	55.8753448
	12.1589946	55.8754381
	12.1597171	55.8759903
	12.1608983	55.8767543
	12.1632971	55.8784187
	12.1643911	55.8785021
	12.1650129	55.8785077
	12.1654623	55.8785344
	12.1656813	55.8785544
	12.1661865	55.8786448
	12.1661762	55.8787322
	12.1666708	55.8788127
	12.167528	55.8786444
	12.1695136	55.8784745
	12.1695154	55.8785452
	12.1700387	55.8785128
	12.1711365	55.8786386
	12.1714142	55.8786585
	12.1715579	55.8787016
	12.1717115	55.878723
	12.1720062	55.8787713
	12.1722619	55.8787899
	12.1725403	55.8788356
	12.17285	55.8788614
	12.1732082	55.8789071
	12.1733091	55.8789129
	12.1733977	55.8789032
	12.1737324	55.8790645
	12.1738797	55.8791003
	12.1739994	55.8791408
	12.1741807	55.8791389
	12.1743538	55.8791582
	12.1746418	55.8791968
	12.1748787	55.8791968
	12.1750289	55.8791872
	12.1751492	55.8792199
	12.1752065	55.8792953
	12.17527	55.8793134
	12.1754222	55.8792702
	12.1756099	55.8793244
	12.1761017	55.8793342
	12.1767435	55.8794259
	12.1767297	55.8791302
	12.1768169	55.8789151
	12.177212	55.8786219
	12.177492	55.8783767
	12.1786778	55.8777355
	12.1789827	55.8774259
	12.1813052	55.8761962
	12.1825959	55.8756379
	12.1850315	55.8745499
	12.187515	55.8736847
	12.1909308	55.8729818
	12.191374	55.8728178
	12.1919923	55.8726856
	12.1918596	55.8723963
	12.1936378	55.872031
	12.1936798	55.8720965
	12.1942765	55.8718562
	12.1948783	55.871541
	12.1955541	55.870506
	12.196298	55.8700326
	12.196832	55.8697049
	12.1976507	55.8692742
	12.1978942	55.8689919
	12.1981377	55.8688371
	12.198511	55.868746
	12.1990304	55.8686185
	12.1992901	55.8685183
	12.1995012	55.8685001
	12.1998745	55.868327
	12.2002452	55.8681227
	12.2004426	55.8679809
	12.2009269	55.8676003
	12.2008291	55.8674349
	12.2010594	55.866633
	12.2011761	55.8663419
	12.2011406	55.8660136
	12.2014953	55.8654619
	12.2020009	55.8637365
	12.2020983	55.8625614
	12.2019197	55.8619966
	12.2025894	55.8575126
	12.2035796	55.856498
	12.2041511	55.8560555
	12.2052677	55.8554192
	12.205862	55.8551249
	12.2064693	55.8547781
	12.2064236	55.8539591
	12.2064647	55.8532052
	12.2067731	55.8524854
	12.2068705	55.8520207
	12.2070978	55.8510458
	12.2070653	55.8501984
	12.2073888	55.8492569
	12.2074412	55.8488729
	12.2074639	55.8484217
	12.207376	55.8480952
	12.2073948	55.8477001
	12.2074225	55.8475499
	12.2075257	55.847096
	12.207715	55.8466227
	12.2079214	55.8465938
	12.2095213	55.8468449
	12.2104847	55.8469415
	12.2119642	55.8471732
	12.2135641	55.8473664
	12.2140236	55.8473443
	12.2144931	55.8473374
	12.2153214	55.847281
	12.216017	55.8474325
	12.2182284	55.8472505
	12.2209788	55.846758
	12.2242897	55.8460679
	12.2251002	55.8458097
	12.2257215	55.8454031
	12.2264442	55.8452765
	12.2269151	55.8450876
	12.2269117	55.846264
	12.227863	55.8460057
	12.2295691	55.8459091
	12.2301285	55.8459283
	12.2312987	55.8458174
	12.2334148	55.8457326
	12.2349831	55.84865
	12.2348895	55.849964
	12.2346212	55.8508701
	12.2342435	55.8533592
	12.2360713	55.8535158
	12.2397767	55.8539841
	12.2425357	55.8552955
	12.2430369	55.8547748
	12.2436911	55.8544667
	12.2442757	55.8541276
	12.2448181	55.8538077
	12.245074	55.8536846
	12.2453981	55.85354
	12.2458334	55.8534756
	12.2468723	55.8533956
	12.2476833	55.8534095
	12.249504	55.8533352
	12.2497865	55.8533343
	12.2503393	55.8532994
	12.2505054	55.8532841
	12.2515647	55.8532283
	12.2552061	55.8531168
	12.2560542	55.8531523
	12.2587453	55.8537232
	12.258965	55.8539116
	12.2603472	55.8540163
	12.2619929	55.8541145
	12.2626982	55.8541957
	12.2626343	55.854419
	12.2629184	55.8547738
	12.263025	55.8550848
	12.2627622	55.8558024
	12.2628758	55.8561452
	12.2624317	55.8568822
	12.2615954	55.8570831
	12.2618978	55.8581231
	12.2643302	55.8590887
	12.2666805	55.8600084
	12.2676677	55.8602266
	12.2683835	55.8604631
	12.2690752	55.8606499
	12.2691139	55.8608696
	12.2710668	55.8612345
	12.2753868	55.8626
	12.2769855	55.8638763
	12.2785656	55.8647972
	12.2782676	55.865241
	12.2782267	55.8655934
	12.279257	55.8667488
	12.2793424	55.8670165
	12.2794077	55.8690004
	12.2787295	55.8709105
	12.2784921	55.8731654
	12.2786242	55.8744782
	12.2795345	55.8757597
	12.2795676	55.8758006
	12.2796504	55.8761868
	12.2796504	55.8765582
	12.2795511	55.8767996
	12.2793028	55.8771339
	12.2790379	55.8773196
	12.2747179	55.8822496
	12.2765023	55.8824629
	12.2767372	55.882491
	12.2783262	55.8833822
	12.2790432	55.8834033
	12.2805276	55.8835326
	12.2814274	55.8836023
	12.2818518	55.883605
	12.2823814	55.8836143
	12.2837883	55.88393
	12.2915346	55.8825467
	12.2932064	55.8823146
	12.2938353	55.8825746
	12.2958547	55.8834008
	12.295954	55.8834844
	12.2960202	55.8838
	12.2960851	55.8838314
	12.2969802	55.8842642
	12.2987248	55.8848077
	12.2997555	55.8846917
	12.2997322	55.8857986
	12.3006771	55.8862039
	12.3019796	55.8863585
	12.3037897	55.8846452
	12.3062353	55.8833204
	12.3070513	55.8814165
	12.3120989	55.8809074
	12.3156655	55.8806681
	12.3156965	55.8811914
	12.3182202	55.8816391
	12.3184654	55.8830551
	12.3171014	55.8837724
	12.315012	55.884101
	12.3114699	55.8874244
	12.3104201	55.8923466
	12.3130769	55.892445
	12.3159093	55.8922744
	12.3216442	55.8906467
	12.325132	55.8912177
	12.3252841	55.8912833
	12.3281048	55.8917296
	12.3293571	55.8919134
	12.3325398	55.8924817
	12.3365829	55.8931293
	12.3369145	55.8931872
	12.3374018	55.893278
	12.3377502	55.89333
	12.3383127	55.8934313
	12.3386788	55.8934609
	12.3392318	55.8935584
	12.3399187	55.8936281
	12.3447684	55.8944448
	12.3461505	55.8946815
	12.3476153	55.894946
	12.3489716	55.8951609
	12.3514057	55.8955492
	12.3524319	55.8956931
	12.354579	55.8961373
	12.3581725	55.8938821
	12.3608753	55.8921858
	12.3698187	55.8971711
	12.3731197	55.8991698
	12.3767175	55.9011684
	12.3779139	55.9019015
	12.378437	55.9021698
	12.3793384	55.9026907
	12.3796834	55.9028654
	12.3802788	55.903193
	12.3808353	55.9035299
	12.3819537	55.9041631
	12.3826159	55.904475
	12.3834395	55.9048993
	12.3842129	55.9053453
	12.3863442	55.9064838
	12.387318	55.9070266
	12.3889539	55.9078875
	12.3902783	55.9086079
	12.394691	55.9111
	12.3941568	55.9113744
	12.3936949	55.9116769
	12.3932275	55.9119108
	12.3875294	55.9153694
	12.3833616	55.9180605
	12.3803567	55.9201091
	12.3781744	55.921506
	12.3761221	55.9229527
	12.3712309	55.9267033
	12.3703016	55.9273549
	12.3743971	55.9288232
	12.3724662	55.9318189
	12.3712195	55.933842
	12.3673432	55.9398856
	12.3672077	55.9401189
	12.3670575	55.94039
	12.3666277	55.9404299
	12.3660853	55.9404974
	12.362617	55.9410164
	12.3594645	55.9414429
	12.3561788	55.941861
	12.3554443	55.9427086
	12.3555222	55.9427273
	12.3553664	55.9428769
	12.3547064	55.9437669
	12.3542312	55.9443914
	12.3535802	55.9452171
	12.3531127	55.9455599
	12.3529903	55.945697
	12.3522954	55.9461919
	12.3512931	55.9460148
	12.3505364	55.945831
	12.349774	55.9463763
	12.3489004	55.9469496
	12.3473479	55.9480744
	12.3460569	55.9489749
	12.3482271	55.9498037
	12.3493734	55.950352
	12.3498185	55.9504985
	12.3525006	55.9516512
	12.3531072	55.9521809
	12.3534431	55.9521323
	12.3536449	55.9521636
	12.3546207	55.9526139
	12.3553775	55.9524332
	12.3564837	55.952289
	12.3589221	55.9526015
	12.3593429	55.9526111
	12.3598625	55.952642
	12.3615653	55.9529286
	12.3627338	55.9532526
	12.3632704	55.9535248
	12.3635796	55.9538352
	12.3636186	55.9540159
	12.3639191	55.9545237
	12.3634572	55.9561093
	12.3628785	55.9570626
	12.3628117	55.9572557
	12.3611455	55.9594833
	12.3603633	55.960433
	12.3600462	55.9603925
	12.3599458	55.9604927
	12.3603522	55.9608597
	12.3604012	55.9609467
	12.3596241	55.9617653
	12.359217	55.9617882
	12.3590922	55.9618931
	12.3590844	55.9620416
	12.3587098	55.9629764
	12.3586272	55.9640367
	12.3586383	55.9644073
	12.3583545	55.9652949
	12.3580708	55.9661389
	12.3580874	55.9663196
	12.3579029	55.9681617
	12.3596288	55.9681881
	12.3606193	55.9683656
	12.3614762	55.968621
	12.3629954	55.9689168
	12.363834	55.9691313
	12.3645286	55.9693584
	12.3674903	55.9712648
	12.3676073	55.9714853
	12.3675371	55.9731667
	12.3676306	55.9743631
	12.3680249	55.9767388
	12.3680327	55.9791229
	12.3683448	55.9819565
	12.3676347	55.9830961
	12.3668149	55.9848764
	12.3684697	55.9869597
	12.3690823	55.989042
	12.3705105	55.9916807
	12.3754622	55.9971845
	12.3758212	55.9983716
	12.376444	55.9998459
	12.3775771	56.0016424
	12.3613977	56.0032289
	12.3458573	56.0030804
	12.3458573	56.003354
	12.3136322	56.0021423
	12.3011546	56.0030022
	12.2937832	56.0027986
	12.2822808	56.0027091
	12.2858459	55.9976666
	12.286475	55.9979207
	12.2875235	55.9963179
	12.2837139	55.995712
	12.2825738	55.9958617
	12.2792373	55.9915925
	12.2724707	55.9912639
	12.2734731	55.9899844
	12.2737504	55.98798
	12.2717178	55.9874967
	12.2699051	55.9878123
	12.2669456	55.9873243
	12.2670071	55.9896325
	12.2665877	55.9899648
	12.2666392	55.9910176
	12.2636995	55.990896
	12.2619435	55.9897991
	12.2609664	55.9896195
	12.2592988	55.9888937
	12.2581994	55.9891437
	12.2580596	55.9898475
	12.252747	55.9910009
	12.2510058	55.991829
	12.2493805	55.9885063
	12.2462621	55.9894657
	12.2445759	55.9901521
	12.2436197	55.9909754
	12.2427191	55.9911157
	12.2419515	55.9912121
	12.240559	55.9914891
	12.2404654	55.9915099
	12.2389342	55.9918124
	12.2371272	55.9924772
	12.2343825	55.9932387
	12.2345375	55.9927312
	12.2344215	55.992398
	12.2340742	55.9916831
	12.2333088	55.9913439
	12.2329582	55.9913943
	12.2318237	55.9919432
	12.2309541	55.9919035
	12.2297822	55.9918317
	12.2290887	55.9917702
	12.2287542	55.9916698
	12.2284623	55.9915938
	12.2282285	55.9914613
	12.2279956	55.9916452
	12.2269804	55.9923035
	12.226894	55.9922524
	12.226717	55.9918709
	12.2262223	55.9914712
	12.2256549	55.9913125
	12.2250867	55.9911929
	12.2243784	55.9912599
	12.2236203	55.9913806
	12.2230646	55.9913284
	12.2227475	55.9912408
	12.2227314	55.9911395
	12.2218894	55.9910826
	12.2215939	55.9909198
	12.2220532	55.9905453
	12.2223918	55.9900039
	12.2223044	55.9898329
	12.2223831	55.9895738
	12.2221996	55.989437
	12.2221297	55.989349
	12.2225054	55.9891486
	12.2226627	55.9889287
	12.2228145	55.9888965
	12.2227686	55.9886396
	12.2226672	55.9884977
	12.2224149	55.988307
	12.222206	55.9882226
	12.2218503	55.9881749
	12.2215906	55.9881222
	12.2210663	55.9878034
	12.220965	55.9874159
	12.2212548	55.9871158
	12.2213257	55.9868644
	12.2213591	55.9865292
	12.2215394	55.9862622
	12.2216734	55.9860347
	12.2220594	55.9853886
	12.222262	55.9851829
	12.221878	55.9846847
	12.2218708	55.9841277
	12.221224	55.9825299
	12.2199714	55.9818313
	12.2184269	55.9802765
	12.2174549	55.9800128
	12.2154452	55.9798759
	12.2135841	55.9794946
	12.2125681	55.9794175
	12.2122472	55.9792795
	12.2119151	55.9790155
	12.2118452	55.9787662
	12.2115569	55.9785999
	12.2110907	55.9785965
	12.210552	55.9784582
	12.2102812	55.9784484
	12.2102287	55.9785511
	12.2100715	55.9787613
	12.2099404	55.9788786
	12.2096714	55.9788953
	12.2087455	55.9786066
	12.207275	55.9787475
	12.2067665	55.9785644
	12.2064026	55.9784592
	12.2058245	55.97842
	12.2054863	55.9783914
	12.2050763	55.978248
	12.2042434	55.9775579
	12.2041785	55.9773974
	12.2045851	55.9769424
	12.2046602	55.9766361
	12.2044586	55.9762949
	12.2034108	55.9752728
	12.2031596	55.9751485
	12.2029615	55.9751674
	12.2027852	55.9750768
	12.2029663	55.9748619
	12.2031767	55.9743936
	12.2029307	55.9741479
	12.2028592	55.9738705
	12.2027259	55.9737823
	12.2016815	55.9737876
	12.2010543	55.9735781
	12.2009462	55.9734066
	12.2008218	55.9733039
	12.2006696	55.9732978
	12.2004413	55.9733863
	12.2002408	55.973458
	12.1997142	55.9734012
	12.1995754	55.9734133
	12.1993636	55.9734735
	12.1989877	55.9736635
	12.198161	55.9736807
	12.1979423	55.9733666
	12.1977447	55.9727646
	12.1976682	55.9726528
	12.1975999	55.9724855
	12.1975076	55.9723842
	12.1973847	55.972346
	12.1971182	55.9723613
	12.1968585	55.9723622
	12.1965876	55.9723312
	12.1964644	55.9723032
	12.1962651	55.9723326
	12.1959694	55.972523
	12.1958076	55.9725764
	12.1956493	55.9725893
	12.1955575	55.9725751
	12.19504	55.9719471
	12.1948943	55.971856
	12.1944365	55.9718006
	12.1942213	55.9718369
	12.1938489	55.9718464
	12.1923326	55.9717737
	12.1919485	55.9717899
	12.1917383	55.9718575
	12.1913057	55.9720702
	12.1907693	55.9721849
	12.1904106	55.9721964
	12.1894438	55.9721772
	12.1892046	55.9721409
	12.1886543	55.9717009
	12.1887329	55.9714868
	12.1886338	55.9714103
	12.1883723	55.9713014
	12.1882493	55.9711771
	12.1881417	55.9710003
	12.1880546	55.9709276
	12.1872542	55.9707488
	12.1869672	55.9707986
	12.1866871	55.9708674
	12.1862259	55.9708712
	12.1845322	55.9706428
	12.1702707	55.9684842
	12.1648336	55.9711259
	12.1512901	55.9702269
	12.1353411	55.9716645
	12.1258695	55.9725237
	12.1077216	55.9597627
	12.0950784	55.9572959
	12.0855212	55.9491308
	12.0862213	55.9362455
	12.0858631	55.9361786
	12.0853201	55.9358152
	12.085044	55.9356605
	12.0841234	55.9348822
	12.083767	55.9347755
	12.0837392	55.9348352
	12.082209	55.9344612
	12.0824399	55.9344152
	12.0820421	55.9343054
	12.081759	55.9341962
	12.0813082	55.9339309
	12.0797735	55.9329865
	12.0797149	55.9329354
END
END
