2621950
1
	9.5577329	55.577115
	9.5577424	55.5769125
	9.5580212	55.5768506
	9.5584078	55.5765584
	9.558655	55.5762771
	9.5588212	55.5761759
	9.558941	55.5759915
	9.5589968	55.575964
	9.5590196	55.5758816
	9.5591615	55.5757029
	9.5593619	55.5754606
	9.559371	55.5750521
	9.5594474	55.574993
	9.5592905	55.5748597
	9.5592736	55.5748103
	9.5591698	55.5747049
	9.5592203	55.5746618
	9.5591299	55.5745968
	9.5591672	55.5745167
	9.5591575	55.5744536
	9.5591929	55.5743843
	9.5592443	55.574222
	9.5608239	55.5740751
	9.5621773	55.5741851
	9.5622242	55.5738353
	9.5609593	55.5730667
	9.5603177	55.5724882
	9.5602713	55.5724612
	9.5600566	55.5723365
	9.5599147	55.5722153
	9.5599077	55.5720306
	9.5597878	55.5718588
	9.5597457	55.5717605
	9.5599497	55.5714132
	9.5602816	55.5715199
	9.5607877	55.5716187
	9.561767	55.5714691
	9.5618502	55.571422
	9.562061	55.5713729
	9.5623934	55.5711995
	9.5631341	55.5708417
	9.5632557	55.5708007
	9.5634872	55.5706415
	9.5639684	55.5704319
	9.5639174	55.5703494
	9.5643801	55.570168
	9.5643937	55.5701632
	9.5650251	55.5699394
	9.5661014	55.5697143
	9.5664206	55.5697293
	9.5669297	55.5694494
	9.5677056	55.5691308
	9.568205	55.5689979
	9.5682244	55.5688737
	9.5687014	55.5687439
	9.5692912	55.5684006
	9.5696272	55.5681144
	9.5700822	55.5677784
	9.5705532	55.5677153
	9.5717704	55.5677728
	9.5718165	55.5673789
	9.5720998	55.5670642
	9.572279	55.5667839
	9.5725346	55.5663486
	9.572846	55.5661668
	9.5738971	55.5659199
	9.574098	55.5659325
	9.5744328	55.5658613
	9.5746503	55.5657709
	9.5747898	55.5656516
	9.5749161	55.565462
	9.5748609	55.5652727
	9.5748458	55.5647067
	9.5749571	55.5643502
	9.5751355	55.5640031
	9.5753694	55.5636536
	9.5754933	55.563582
	9.5756108	55.5634643
	9.5757197	55.5630778
	9.5758112	55.5629098
	9.5760182	55.5627051
	9.5762773	55.5623175
	9.5765552	55.562153
	9.5768167	55.5619158
	9.5769296	55.5617373
	9.5768234	55.5615555
	9.5769578	55.5613094
	9.5775541	55.5608302
	9.5775884	55.5606943
	9.5774149	55.5603725
	9.5775471	55.5601391
	9.5777861	55.5599742
	9.5779221	55.5598293
	9.5777343	55.5596083
	9.5777123	55.5594829
	9.5778325	55.5593862
	9.5781905	55.5591469
	9.578172	55.5590487
	9.5781793	55.5586125
	9.5782903	55.5583359
	9.5784062	55.5582362
	9.5785129	55.5581029
	9.5783957	55.5579787
	9.5783796	55.557884
	9.5793415	55.5571983
	9.5795858	55.5567103
	9.5797883	55.5565958
	9.5802105	55.5562942
	9.58052	55.555983
	9.581016	55.5556484
	9.5811378	55.5554402
	9.5812925	55.5550016
	9.5813992	55.5548704
	9.5816379	55.554699
	9.5818497	55.5541038
	9.58151	55.5540444
	9.5813953	55.5534521
	9.5814755	55.5528786
	9.5813279	55.5523652
	9.5814047	55.5517789
	9.5820266	55.5513272
	9.5828686	55.5510207
	9.5830292	55.5505575
	9.5839426	55.5497371
	9.5849267	55.5490396
	9.5864046	55.5484987
	9.5879995	55.5480456
	9.5886011	55.5479726
	9.5902008	55.5470652
	9.5912197	55.5462184
	9.5912286	55.5458816
	9.5914869	55.5458015
	9.591407	55.5452865
	9.5915567	55.5452522
	9.5918314	55.5455545
	9.592428	55.5453352
	9.5928586	55.5452796
	9.5927479	55.5451856
	9.5929587	55.5450817
	9.5946362	55.544942
	9.5955189	55.5446414
	9.5966844	55.5444026
	9.597767	55.5440268
	9.5985972	55.5436917
	9.5981995	55.5432923
	9.5977177	55.5431359
	9.5972064	55.5430234
	9.5967398	55.5431081
	9.596057	55.543129
	9.5957892	55.5430073
	9.5956808	55.5427374
	9.5947653	55.5427148
	9.5935261	55.5428159
	9.5926355	55.5425655
	9.5910949	55.5414375
	9.5898384	55.5404468
	9.587901	55.5393982
	9.5872901	55.538941
	9.586182	55.5384012
	9.5848194	55.5393285
	9.5843704	55.5395026
	9.5842921	55.5398285
	9.583459	55.5400391
	9.5829341	55.5403049
	9.5823037	55.5406615
	9.5811697	55.5410453
	9.5810197	55.5411131
	9.5809786	55.5411317
	9.5807107	55.5413054
	9.5798763	55.5414119
	9.5797904	55.5414337
	9.579263	55.5415186
	9.5783506	55.5417699
	9.5779357	55.5418595
	9.5765208	55.5412565
	9.5764613	55.5412311
	9.5757793	55.5408288
	9.5755979	55.540709
	9.5751575	55.5405995
	9.5747981	55.5405667
	9.5744167	55.5403032
	9.5737554	55.5396628
	9.5736535	55.539366
	9.5735765	55.5392917
	9.5719765	55.5389805
	9.5715899	55.5387244
	9.5713264	55.5383723
	9.5705618	55.5378946
	9.5703834	55.5375988
	9.5701833	55.5375292
	9.5694362	55.537637
	9.5692238	55.5376228
	9.5693685	55.5366799
	9.5691286	55.5365511
	9.5696726	55.5356222
	9.5698913	55.5355243
	9.5701989	55.5355695
	9.5704757	55.5355313
	9.5711584	55.5355729
	9.5717243	55.535399
	9.5727443	55.5352145
	9.5734834	55.5347724
	9.5737856	55.5343171
	9.5758159	55.5333081
	9.5761726	55.5332535
	9.5762144	55.5330564
	9.5760944	55.5328449
	9.57619	55.5327908
	9.5764597	55.5328006
	9.5766757	55.5327744
	9.5767728	55.532712
	9.5766327	55.5325029
	9.5764336	55.5323625
	9.5764438	55.5322899
	9.5768076	55.5320917
	9.5767249	55.5319301
	9.5763553	55.5317767
	9.5764955	55.5314437
	9.5766204	55.5313402
	9.5766019	55.5312045
	9.5767557	55.53102
	9.5767173	55.5309345
	9.5759506	55.5306121
	9.5758006	55.5308241
	9.5756547	55.5307109
	9.5757464	55.5306395
	9.5751717	55.5301955
	9.5750703	55.5301149
	9.5751013	55.5299184
	9.5752487	55.5299338
	9.5753164	55.5297841
	9.575193	55.529602
	9.5752619	55.5294649
	9.5757972	55.5293107
	9.5758317	55.5292827
	9.5758295	55.5292434
	9.5757882	55.5291911
	9.5756944	55.5289056
	9.575835	55.5287369
	9.5758969	55.5287264
	9.5760155	55.5287572
	9.5762144	55.5288698
	9.5763612	55.5288975
	9.5764352	55.5288606
	9.5765939	55.5287086
	9.5767323	55.5286164
	9.5767364	55.528575
	9.5767037	55.5285559
	9.5763917	55.5285147
	9.5763308	55.528455
	9.5762906	55.5283332
	9.5763939	55.528215
	9.5766168	55.5281762
	9.576807	55.5281596
	9.5769071	55.5281276
	9.576956	55.5280962
	9.5770202	55.5280353
	9.5770484	55.5279565
	9.5770334	55.5278819
	9.576944	55.5278285
	9.5763047	55.5276814
	9.576196	55.5276494
	9.5762318	55.5276119
	9.5763993	55.5275756
	9.5765189	55.5274906
	9.5765314	55.5274564
	9.5764884	55.5273989
	9.5764221	55.5273885
	9.576084	55.5274396
	9.5757632	55.5274285
	9.5757469	55.52741
	9.5759187	55.5271318
	9.5761061	55.5269625
	9.5761101	55.5269109
	9.5760394	55.5268801
	9.5756224	55.5268388
	9.5754424	55.5267997
	9.575198	55.5268058
	9.5751595	55.5267936
	9.5751426	55.5267553
	9.5751272	55.5265716
	9.5751118	55.5264846
	9.5751841	55.5264663
	9.5755439	55.5264811
	9.57575	55.5264428
	9.5760538	55.5261327
	9.576118	55.5259838
	9.5761837	55.5259634
	9.5759063	55.5258969
	9.5761138	55.5257725
	9.5763462	55.5256128
	9.5765233	55.5255062
	9.5766702	55.5254498
	9.5768324	55.5253981
	9.5770097	55.5253233
	9.5771664	55.5252381
	9.5772918	55.5251984
	9.5773774	55.5251468
	9.5774465	55.5251202
	9.5774727	55.5251164
	9.5774927	55.525117
	9.5775162	55.5251225
	9.5775419	55.5251357
	9.577556	55.5251495
	9.5775615	55.525165
	9.5775612	55.5251824
	9.5775812	55.5252162
	9.5776344	55.525232
	9.5776532	55.5252412
	9.5776709	55.525254
	9.5777527	55.5253478
	9.5778794	55.5254566
	9.5778774	55.5254939
	9.5778895	55.525512
	9.5780036	55.5255553
	9.5780211	55.5255575
	9.5780444	55.5255571
	9.5781902	55.5255386
	9.578213	55.5255386
	9.5782418	55.5255434
	9.5782604	55.5255443
	9.5782768	55.5255405
	9.5782969	55.5255312
	9.5783151	55.5255156
	9.5783414	55.52547
	9.5783926	55.5254374
	9.5784567	55.5254145
	9.5784747	55.5254112
	9.5785018	55.5254142
	9.5785342	55.525427
	9.5785508	55.5254257
	9.5785672	55.5254104
	9.5787278	55.5253604
	9.5787515	55.5253627
	9.5787809	55.5253738
	9.5788072	55.5253789
	9.5788253	55.5253722
	9.5788282	55.5253606
	9.578824	55.5253419
	9.5788299	55.52533
	9.5789516	55.5252596
	9.578975	55.5252505
	9.5790046	55.5252443
	9.5790377	55.5252269
	9.5791467	55.5251947
	9.5792121	55.5251498
	9.5792271	55.525146
	9.5792566	55.5251464
	9.5792737	55.5251431
	9.579289	55.5251286
	9.579304	55.5251242
	9.5793491	55.5251169
	9.5793883	55.5251032
	9.5794045	55.5250938
	9.5794203	55.5250423
	9.5794325	55.5250344
	9.5794623	55.5250249
	9.5794858	55.5250211
	9.5795082	55.5250215
	9.5795307	55.5250349
	9.5795557	55.5250584
	9.5795782	55.5250518
	9.5796056	55.5250352
	9.5799181	55.5250242
	9.5801521	55.524994
	9.5802679	55.5249697
	9.5804531	55.5249647
	9.5804833	55.524969
	9.5805132	55.5249667
	9.580566	55.5249396
	9.5806649	55.5248585
	9.5808577	55.5246787
	9.5811588	55.5243502
	9.5814548	55.524052
	9.5815819	55.5239668
	9.581941	55.5238231
	9.5820234	55.523796
	9.5821858	55.5237243
	9.5824291	55.5235671
	9.5826585	55.523449
	9.5827894	55.5233638
	9.5828812	55.5233281
	9.5830055	55.5233056
	9.5831243	55.523309
	9.5832092	55.523327
	9.58351	55.5234425
	9.5838153	55.5235042
	9.5838936	55.5235271
	9.5839677	55.5235303
	9.584108	55.5235022
	9.5843056	55.5234456
	9.5844156	55.5234433
	9.5844974	55.5234319
	9.5847535	55.5233519
	9.5848772	55.5233362
	9.5850176	55.5233046
	9.5852481	55.5232827
	9.5854467	55.5232893
	9.5855964	55.5233162
	9.5856243	55.523325
	9.5856647	55.5233518
	9.5857103	55.5233995
	9.5858897	55.5235098
	9.5859551	55.5235391
	9.5859846	55.5235454
	9.5860212	55.5235476
	9.5860413	55.5235455
	9.5862713	55.5234707
	9.5862997	55.5234672
	9.5863309	55.5234678
	9.5865085	55.5234964
	9.5866956	55.5235058
	9.586891	55.5235467
	9.5869072	55.5235577
	9.5869147	55.523571
	9.5869012	55.5235825
	9.5868454	55.5236013
	9.5868313	55.523611
	9.5868314	55.5236209
	9.5868482	55.5236675
	9.5868722	55.5236831
	9.5868933	55.5236904
	9.5869266	55.5236957
	9.5869466	55.5236943
	9.5869702	55.523677
	9.5869932	55.5236753
	9.5870167	55.5236792
	9.5870727	55.523725
	9.5870948	55.5237361
	9.5871132	55.5237422
	9.5871321	55.5237456
	9.5871668	55.523745
	9.5871879	55.5237407
	9.5872495	55.5237096
	9.5872829	55.5236982
	9.5873309	55.523694
	9.5873735	55.5236716
	9.5873882	55.5236664
	9.5874044	55.5236633
	9.5874276	55.523667
	9.5874719	55.523693
	9.5874876	55.5236985
	9.5875043	55.5237014
	9.5875267	55.5237004
	9.5875461	55.5236934
	9.5875563	55.5236822
	9.5875573	55.5236725
	9.5875034	55.5236241
	9.5875161	55.523615
	9.5875323	55.5236104
	9.5875583	55.5236062
	9.5875932	55.5236065
	9.5876576	55.523626
	9.5876737	55.5236283
	9.5877146	55.523624
	9.5877319	55.5236277
	9.5877456	55.5236343
	9.5877542	55.5236477
	9.5877793	55.5236562
	9.5877821	55.5236762
	9.5877912	55.5236865
	9.5878127	55.5236987
	9.5878303	55.5237043
	9.5878709	55.5237097
	9.5879004	55.5237062
	9.5879708	55.5236726
	9.5880148	55.523663
	9.5882276	55.5236498
	9.588392	55.5236308
	9.5884246	55.5236327
	9.5884488	55.5236313
	9.5884797	55.5236247
	9.5885052	55.5236104
	9.5885188	55.5236051
	9.588537	55.5236039
	9.5885567	55.5236074
	9.5885694	55.5236138
	9.5885877	55.5236178
	9.5886079	55.523619
	9.5886455	55.523617
	9.5886967	55.5236084
	9.5887103	55.5236149
	9.5887364	55.5236332
	9.5889127	55.5236369
	9.5889424	55.5236441
	9.5890231	55.5236463
	9.5890371	55.5236412
	9.5890445	55.523629
	9.589133	55.5236157
	9.5891773	55.5235991
	9.5893703	55.5235678
	9.5893923	55.5235683
	9.5894185	55.5235737
	9.5894424	55.5235825
	9.5894895	55.5236082
	9.5895083	55.5236095
	9.5895241	55.5236079
	9.5895406	55.5236036
	9.589567	55.523591
	9.5897019	55.5234905
	9.5897353	55.5234498
	9.5897411	55.5234327
	9.5897374	55.5234114
	9.589639	55.5233358
	9.5895654	55.5232241
	9.5895246	55.5231343
	9.5895119	55.5230676
	9.5895151	55.5230557
	9.5895475	55.5230027
	9.5895798	55.5228951
	9.5895781	55.5228685
	9.5895832	55.5228541
	9.5896626	55.5227639
	9.5896804	55.5227504
	9.5897295	55.5227378
	9.5897818	55.5226922
	9.5898158	55.5226404
	9.5898545	55.5226209
	9.5898851	55.5225886
	9.5899218	55.5225763
	9.5899592	55.5225719
	9.5900024	55.5225596
	9.5900195	55.5225501
	9.5901249	55.5224533
	9.5901739	55.5224248
	9.5902242	55.5223813
	9.5902679	55.5223677
	9.590371	55.522355
	9.5903881	55.5223505
	9.5905729	55.5222565
	9.5906314	55.5222131
	9.5906908	55.5221896
	9.5907917	55.5221673
	9.5909552	55.5220658
	9.5911259	55.5219779
	9.5912932	55.5219089
	9.5914118	55.5218768
	9.5916017	55.5218442
	9.5916335	55.5218308
	9.5917284	55.5217617
	9.5917879	55.5217443
	9.5919723	55.5217631
	9.5921593	55.5217301
	9.5923758	55.5217138
	9.5925178	55.5216819
	9.5926195	55.5216345
	9.5926749	55.5215943
	9.5927093	55.5215628
	9.5928115	55.5214576
	9.5929711	55.5213703
	9.5932063	55.5212967
	9.5932743	55.5212579
	9.5933655	55.5212377
	9.5934264	55.5212162
	9.5934865	55.5211814
	9.5936137	55.5211383
	9.5936854	55.5211379
	9.5938623	55.5211145
	9.5940613	55.5210196
	9.5941921	55.5209094
	9.5943708	55.5208565
	9.5945466	55.5207828
	9.5946598	55.5207714
	9.5949499	55.5206987
	9.5951345	55.5206221
	9.5952395	55.520598
	9.5953175	55.5205662
	9.5953654	55.520532
	9.5955396	55.5204607
	9.5959589	55.5203198
	9.5965601	55.5201308
	9.5976668	55.5198917
	9.5983845	55.5199787
	9.5991085	55.5198407
	9.600475	55.519503
	9.6009687	55.5193516
	9.6012858	55.5192284
	9.601352	55.5191847
	9.6013876	55.5191391
	9.6014041	55.5190969
	9.6013161	55.5190474
	9.6011846	55.5189275
	9.6011361	55.5188666
	9.6011312	55.5188484
	9.6011337	55.5188351
	9.6011462	55.5188195
	9.6011719	55.5188102
	9.6012027	55.5188063
	9.6012382	55.5188082
	9.6012585	55.5188168
	9.6013534	55.5189082
	9.6013708	55.5189172
	9.6014046	55.5189237
	9.6014446	55.5189246
	9.6015101	55.5189184
	9.601672	55.5188839
	9.6018388	55.5188163
	9.6019086	55.5187991
	9.6021497	55.518773
	9.6022099	55.5187441
	9.6022562	55.5187294
	9.6023048	55.5187299
	9.6023612	55.5187467
	9.6025759	55.5188741
	9.6026852	55.5189031
	9.6029341	55.5190464
	9.6030036	55.5190959
	9.6030358	55.5191464
	9.603058	55.5193094
	9.6030508	55.5193369
	9.6030362	55.5193615
	9.6030084	55.5193838
	9.6029753	55.519391
	9.6029553	55.5193856
	9.6029434	55.5193727
	9.6029067	55.5191983
	9.6028934	55.5191758
	9.6028449	55.5191495
	9.6026104	55.5190703
	9.6025652	55.5190631
	9.6025095	55.5190604
	9.6024087	55.5190658
	9.602298	55.5190833
	9.6021297	55.5191231
	9.6020153	55.5191672
	9.6018411	55.5192646
	9.6017575	55.519336
	9.6016677	55.5194894
	9.6016831	55.5196373
	9.601723	55.5197187
	9.601831	55.5198583
	9.6018993	55.5199158
	9.6019419	55.5199873
	9.6019633	55.520007
	9.6019757	55.5200141
	9.602003	55.5200192
	9.6020689	55.5200159
	9.6023913	55.5200217
	9.6025652	55.5200194
	9.6031117	55.5199931
	9.6033659	55.5199653
	9.6036207	55.5199842
	9.6036532	55.5199909
	9.603737	55.5200538
	9.603771	55.5200569
	9.6037951	55.5200549
	9.6038201	55.5200482
	9.6038435	55.5200355
	9.6038857	55.519989
	9.6039004	55.5199436
	9.6038899	55.5198872
	9.6038947	55.5198695
	9.6039039	55.5198565
	9.6039169	55.5198453
	9.6039305	55.5198382
	9.603949	55.5198323
	9.6040111	55.5198227
	9.6040758	55.5198229
	9.6041145	55.5198271
	9.6041344	55.5198342
	9.6041498	55.5198552
	9.6041692	55.519858
	9.604192	55.5198559
	9.6042145	55.5198498
	9.6042264	55.5198414
	9.6042458	55.5198204
	9.6043028	55.5197946
	9.6043849	55.5197749
	9.6044173	55.5197726
	9.6044331	55.5197733
	9.6044588	55.5197836
	9.6044805	55.5197884
	9.6044995	55.5197862
	9.6045617	55.5197632
	9.6045912	55.5197574
	9.6046542	55.5197543
	9.6047429	55.519767
	9.6048067	55.5197572
	9.604959	55.519754
	9.6050092	55.5197605
	9.605081	55.5197868
	9.6051113	55.5197918
	9.6051871	55.5197959
	9.6052735	55.5197911
	9.6053048	55.5197823
	9.6054946	55.5196345
	9.6056651	55.5194496
	9.6056682	55.5194387
	9.6056374	55.5193973
	9.6055868	55.5193626
	9.6054815	55.519323
	9.6051115	55.519231
	9.6049504	55.5192099
	9.6049326	55.5192029
	9.6048287	55.5191334
	9.6047939	55.5191263
	9.604758	55.5191323
	9.6047178	55.5191508
	9.6045799	55.5192525
	9.6045608	55.5192837
	9.6045683	55.5193037
	9.6046351	55.5193271
	9.6046455	55.5193404
	9.604623	55.519359
	9.6045761	55.5193647
	9.6045229	55.5193644
	9.6044031	55.5193799
	9.6043561	55.5194014
	9.6043113	55.5194489
	9.6042774	55.5194654
	9.6042285	55.5194622
	9.6041656	55.5194383
	9.604151	55.5194053
	9.604152	55.5193628
	9.6041847	55.5193202
	9.604313	55.5192542
	9.6044041	55.5191944
	9.6044636	55.5191353
	9.604587	55.5189763
	9.6049013	55.5186747
	9.6050393	55.5184398
	9.6051789	55.5180552
	9.6052603	55.517881
	9.6053686	55.5176085
	9.6054174	55.5174608
	9.6055535	55.5171329
	9.6055885	55.5170161
	9.6055911	55.5169514
	9.6056578	55.5167338
	9.6056941	55.5165399
	9.6057012	55.5163883
	9.6056728	55.5162283
	9.6056557	55.5160569
	9.6055848	55.5157197
	9.6055051	55.515449
	9.6053941	55.5151623
	9.6052547	55.5148857
	9.6051851	55.514763
	9.6049539	55.5142692
	9.6049106	55.5140648
	9.6049157	55.5139552
	9.6049725	55.5138032
	9.6050051	55.5137482
	9.605138	55.5136294
	9.6052246	55.5135757
	9.6054922	55.5134823
	9.6056102	55.5134571
	9.6058684	55.5134173
	9.6060265	55.513404
	9.6064533	55.5133534
	9.6066737	55.5133379
	9.6071014	55.5132913
	9.6073403	55.5132606
	9.6075338	55.5132277
	9.6076648	55.5131979
	9.607889	55.5131234
	9.6079499	55.5130919
	9.6084513	55.5128392
	9.6087401	55.5127431
	9.6087915	55.5126214
	9.6080293	55.5121161
	9.6081687	55.5120688
	9.6088937	55.5125898
	9.6090889	55.5126635
	9.6092796	55.5126472
	9.6096373	55.5126056
	9.6100649	55.5125425
	9.6105203	55.5124846
	9.6113476	55.5124793
	9.6115335	55.5124688
	9.6119704	55.5123582
	9.6119611	55.5122793
	9.6117659	55.5122004
	9.6097488	55.5122214
	9.6089681	55.5122793
	9.6080943	55.5116951
	9.6080571	55.5105898
	9.608178	55.5104424
	9.6082616	55.5104108
	9.6085033	55.5104108
	9.6138318	55.5104225
	9.6138626	55.5104518
	9.6181515	55.5104876
	9.618133	55.5109845
	9.6181924	55.5109979
	9.6182115	55.5112825
	9.6183073	55.5113774
	9.6185252	55.5114376
	9.6187673	55.5114377
	9.6188944	55.5113827
	9.6189958	55.5113951
	9.6192223	55.5115576
	9.6196493	55.5116535
	9.6203798	55.5117091
	9.6208145	55.5118482
	9.6221416	55.5123229
	9.623323	55.512967
	9.6237321	55.513137
	9.6241921	55.5132661
	9.6244308	55.5132881
	9.62486	55.513291
	9.6253326	55.5132901
	9.6255431	55.5132551
	9.625582	55.5131625
	9.6256973	55.5126013
	9.6258006	55.5126074
	9.6257027	55.5130099
	9.6256584	55.5133159
	9.6259922	55.5134343
	9.6259978	55.5135261
	9.625982	55.5136422
	9.6260482	55.5136792
	9.6266113	55.513691
	9.6266649	55.5133413
	9.6266227	55.5132794
	9.6266519	55.5132358
	9.6266901	55.5131848
	9.6268458	55.513212
	9.6269259	55.513243
	9.6268996	55.5133107
	9.6275564	55.5134957
	9.6278548	55.5131727
	9.6274574	55.513051
	9.6274317	55.5126735
	9.6264385	55.5126626
	9.6263471	55.5126613
	9.6263338	55.5126274
	9.6263499	55.5125986
	9.6264197	55.5125864
	9.6274296	55.5126029
	9.627942	55.5126397
	9.6285721	55.5126915
	9.6289384	55.5124105
	9.6289884	55.5124086
	9.6290317	55.5124218
	9.629045	55.5124539
	9.6286679	55.5127602
	9.6286432	55.5133572
	9.6288034	55.5133457
	9.6290938	55.51332
	9.6293051	55.5132995
	9.62935	55.5132862
	9.6300789	55.5129965
	9.6294466	55.512497
	9.6291949	55.5124935
	9.6292028	55.5124335
	9.6296612	55.5124444
	9.63	55.5122105
	9.6300214	55.5122392
	9.6297676	55.5124231
	9.6301575	55.5127386
	9.63031	55.5127942
	9.6303409	55.5127822
	9.6304979	55.5127376
	9.6305026	55.5127068
	9.6306419	55.5126617
	9.6306968	55.512639
	9.6307574	55.5126443
	9.6309793	55.5125725
	9.6310104	55.5125652
	9.6307104	55.5122502
	9.6305006	55.5121389
	9.6304555	55.5121354
	9.6303907	55.5121366
	9.6302401	55.512164
	9.6301894	55.5121096
	9.6303627	55.5120688
	9.6304703	55.5120621
	9.6305932	55.512088
	9.6306968	55.5121344
	9.6313212	55.5127533
	9.6315978	55.51276
	9.6318133	55.5127331
	9.6327466	55.5124968
	9.6335046	55.5121867
	9.6342729	55.5117888
	9.6346913	55.5115705
	9.6352516	55.5111839
	9.6353884	55.5110561
	9.6356806	55.510822
	9.6357727	55.5106986
	9.635937	55.5106876
	9.6360703	55.5106583
	9.6362092	55.5105891
	9.6367015	55.5101993
	9.6368169	55.5102168
	9.6369419	55.5102208
	9.637107	55.510199
	9.6372563	55.5101468
	9.6376625	55.5099437
	9.6381547	55.509657
	9.6389402	55.5093365
	9.639066	55.5092675
	9.6392923	55.5092357
	9.6398165	55.5092004
	9.6401115	55.5091587
	9.6403746	55.5090714
	9.6406227	55.5091872
	9.6409112	55.5093052
	9.6411566	55.5093537
	9.6412435	55.5094376
	9.641413	55.5095119
	9.6422203	55.5098188
	9.6423067	55.5098832
	9.6424508	55.509977
	9.6431957	55.510354
	9.6437217	55.5106056
	9.6438584	55.5107044
	9.6439235	55.510866
	9.6440875	55.5109746
	9.6442848	55.511099
	9.6448632	55.5113454
	9.6453168	55.5115333
	9.6454474	55.5115623
	9.6454658	55.5116625
	9.6460684	55.5119939
	9.646432	55.5121812
	9.6467749	55.512343
	9.6470146	55.5124417
	9.647288	55.5125525
	9.6475581	55.5126555
	9.6478823	55.5127712
	9.6481662	55.5128706
	9.6485874	55.5130238
	9.649191	55.5132917
	9.6496187	55.5135032
	9.6498485	55.513607
	9.6499839	55.5136767
	9.6504736	55.5139137
	9.6509975	55.5140725
	9.6513942	55.5142204
	9.6518065	55.5143682
	9.6521991	55.5145034
	9.6525851	55.5146129
	9.6527741	55.514634
	9.6531536	55.5146203
	9.6532368	55.5146537
	9.6535586	55.515123
	9.6537477	55.5152992
	9.6539677	55.5154343
	9.6555421	55.5161595
	9.655809	55.5162551
	9.6564742	55.5166735
	9.6567089	55.5167737
	9.6572185	55.517306
	9.6575457	55.5176013
	9.6577804	55.5177213
	9.6581774	55.5180683
	9.6581372	55.5181723
	9.6581063	55.518268
	9.6581774	55.5186104
	9.6582806	55.5187524
	9.6584054	55.5188921
	9.6587232	55.519129
	9.6587232	55.5191889
	9.6589445	55.5193757
	9.659442	55.5196301
	9.6595896	55.5197606
	9.6596969	55.5198411
	9.6596593	55.5198783
	9.6596915	55.5199398
	9.6598658	55.5200636
	9.6599825	55.5201835
	9.6601555	55.5202898
	9.660578	55.5204819
	9.6606289	55.5205821
	9.6607174	55.5206876
	9.6608918	55.5208471
	9.6612659	55.5210559
	9.6612566	55.5211265
	9.661396	55.5212684
	9.6615556	55.5213755
	9.6617756	55.5214833
	9.6626626	55.52188
	9.6632328	55.5221557
	9.663866	55.5225645
	9.664278	55.5229336
	9.6647273	55.5232882
	9.6658646	55.5238056
	9.6663179	55.5240835
	9.6666827	55.5242626
	9.6670555	55.5243901
	9.6671977	55.524463
	9.6675383	55.5247819
	9.667608	55.524961
	9.6678575	55.5253603
	9.6680184	55.5255562
	9.6681257	55.5258188
	9.6682893	55.5260132
	9.6685978	55.5262545
	9.6688841	55.52641
	9.6694668	55.5266918
	9.6702326	55.5269931
	9.6706242	55.5271283
	9.6715896	55.5273839
	9.6725201	55.5275627
	9.67343	55.5276628
	9.6751442	55.5277457
	9.6759492	55.5278112
	9.6775217	55.527818
	9.6776632	55.5278886
	9.6777726	55.5278327
	9.6791153	55.52774
	9.6793639	55.5277682
	9.6798406	55.5277291
	9.68079	55.5275731
	9.6810231	55.5275112
	9.6812068	55.5275404
	9.6820079	55.5273731
	9.6827606	55.5272131
	9.6834998	55.5270867
	9.6838439	55.527116
	9.6857059	55.5267817
	9.6861584	55.5266762
	9.6866198	55.5265124
	9.6881633	55.5262782
	9.6891064	55.5261922
	9.6892798	55.5261879
	9.6897994	55.526025
	9.689878	55.5260444
	9.6902437	55.5259394
	9.6902786	55.525996
	9.6910415	55.5259373
	9.6919731	55.525901
	9.6924951	55.5258063
	9.692885	55.525788
	9.6933432	55.5257096
	9.6937117	55.5256338
	9.6939518	55.5256171
	9.6942377	55.5255495
	9.6944595	55.525458
	9.694734	55.5253521
	9.6947422	55.5253201
	9.6947639	55.5253165
	9.6948294	55.5253507
	9.6949127	55.5253386
	9.6951696	55.525246
	9.6954025	55.5252129
	9.6961464	55.5249614
	9.6966122	55.5248281
	9.6967255	55.5247328
	9.6969105	55.5246793
	9.6970484	55.5246022
	9.6971324	55.5245768
	9.6972078	55.5246131
	9.6973359	55.5245787
	9.6974209	55.5245334
	9.6973855	55.5244766
	9.6974641	55.5244464
	9.6975432	55.5244936
	9.6976624	55.5244558
	9.6977327	55.5244091
	9.6976892	55.5243748
	9.6977154	55.5243396
	9.6977855	55.5243365
	9.697835	55.5243687
	9.698001	55.5243242
	9.6982752	55.5242358
	9.6991609	55.5240737
	9.699592	55.5240016
	9.7002732	55.5238782
	9.7005452	55.5238157
	9.700818	55.5237228
	9.7008824	55.5237343
	9.7010027	55.5237092
	9.701081	55.5236789
	9.7011493	55.5237234
	9.7012434	55.5237298
	9.7013933	55.5236963
	9.7016316	55.523677
	9.7018699	55.5235906
	9.7019675	55.523627
	9.7021504	55.5236125
	9.7025091	55.5234901
	9.7026542	55.523486
	9.7029677	55.5233735
	9.7034211	55.5232671
	9.7043245	55.5231307
	9.7049439	55.5230031
	9.70547	55.5229308
	9.7060645	55.5228177
	9.7066967	55.5226793
	9.7073627	55.5225153
	9.7082099	55.5222737
	9.709247	55.521937
	9.7103426	55.5215539
	9.710597	55.5214642
	9.7110247	55.5212997
	9.7116228	55.5210937
	9.7118752	55.5209304
	9.7124906	55.5206463
	9.7129804	55.5205229
	9.7136127	55.5202939
	9.7142051	55.5200423
	9.7149226	55.5198133
	9.7154554	55.5195418
	9.7154281	55.5194813
	9.7155448	55.5194447
	9.7155796	55.5194701
	9.7155473	55.5194855
	9.715592	55.5196009
	9.7157336	55.5196009
	9.7157461	55.519463
	9.7156834	55.5194474
	9.7157501	55.5194142
	9.7159557	55.5194416
	9.7160459	55.5194965
	9.7159777	55.5196091
	9.7160642	55.5196639
	9.7162998	55.51975
	9.7165392	55.5197841
	9.7168519	55.5197915
	9.717169	55.5197774
	9.7175625	55.5197408
	9.7179853	55.519671
	9.7188082	55.5195109
	9.7195792	55.5193308
	9.7203121	55.5191557
	9.7209599	55.5189547
	9.7216742	55.5188183
	9.7228797	55.5184876
	9.7229814	55.5184371
	9.7231361	55.5183971
	9.7233303	55.5183636
	9.7237141	55.5182705
	9.7239508	55.5181888
	9.7242332	55.5181553
	9.7245384	55.5181036
	9.7249762	55.5180927
	9.7264089	55.5179421
	9.7265679	55.5178437
	9.7267865	55.5178099
	9.7276491	55.5178566
	9.7277759	55.5179303
	9.7294898	55.5178937
	9.7303209	55.5179595
	9.7314924	55.5181284
	9.7330184	55.5181251
	9.7330347	55.5181268
	9.7337614	55.5182039
	9.7346109	55.518294
	9.7369199	55.5185388
	9.7377567	55.5186058
	9.7382029	55.5186734
	9.7390227	55.5186938
	9.7400034	55.518679
	9.7400588	55.5186781
	9.7403764	55.5186798
	9.7406454	55.5186962
	9.7408235	55.5187401
	9.7409737	55.5188029
	9.7410997	55.5190957
	9.7411043	55.5191065
	9.7413252	55.5193076
	9.7417012	55.5195502
	9.7417937	55.5196555
	9.7416936	55.5200207
	9.7418087	55.5203675
	9.7418436	55.520713
	9.7417549	55.5210748
	9.7417715	55.5213005
	9.7417617	55.5214962
	9.7417248	55.5216553
	9.7417401	55.5218122
	9.7417161	55.5222251
	9.7416276	55.522468
	9.7416759	55.5226289
	9.7418558	55.5227384
	9.7419759	55.5227875
	9.7420661	55.5227694
	9.7421857	55.5226862
	9.742213	55.5227389
	9.7420983	55.5229136
	9.7420138	55.5231171
	9.7419374	55.5234147
	9.742086	55.5236049
	9.7424564	55.5236462
	9.7422727	55.5241366
	9.7418811	55.5240827
	9.741185	55.5246969
	9.7410134	55.5249223
	9.740611	55.5253444
	9.7403442	55.5257058
	9.7397675	55.5265681
	9.7395811	55.5269727
	9.739105	55.5278988
	9.7386651	55.5284984
	9.7383647	55.5288279
	9.7380857	55.5294412
	9.7378336	55.5298177
	9.7372972	55.5303976
	9.7373535	55.5304811
	9.736455	55.5316302
	9.7356127	55.5326746
	9.7346445	55.5337022
	9.734556	55.5341439
	9.7340919	55.5348725
	9.7338881	55.5352793
	9.7334951	55.5359274
	9.7332001	55.536335
	9.733015	55.5368191
	9.7326181	55.5375462
	9.7326368	55.5376661
	9.7326985	55.5377526
	9.7321433	55.5391064
	9.7314888	55.5402538
	9.7311267	55.5407591
	9.7309578	55.5410794
	9.7308849	55.5413914
	9.7307957	55.5415731
	9.730278	55.54219
	9.7298998	55.5428547
	9.7295056	55.5438654
	9.7294412	55.5441477
	9.7293875	55.5448928
	9.7292642	55.5454512
	9.7292481	55.5458882
	9.729198	55.5464162
	9.729122	55.5478942
	9.7290067	55.5491809
	9.7288296	55.5498319
	9.7285131	55.5504919
	9.7283924	55.5507999
	9.728371	55.5510654
	9.7283871	55.551428
	9.72844	55.5516495
	9.7283663	55.5516981
	9.7283495	55.5517557
	9.729376	55.5519872
	9.7297615	55.5521273
	9.7298701	55.5522429
	9.7299097	55.552373
	9.7296256	55.5527301
	9.7300933	55.5536239
	9.7300891	55.553641
	9.730137	55.5536465
	9.7301579	55.5536503
	9.7301744	55.5536613
	9.7301811	55.5536757
	9.7301789	55.5536892
	9.7301684	55.5536986
	9.7301505	55.5537079
	9.7301243	55.55371
	9.7299735	55.553694
	9.7291944	55.5523589
	9.7291344	55.5523744
	9.7290797	55.5523814
	9.7291229	55.5524572
	9.7288	55.5525141
	9.7287215	55.5523759
	9.7287119	55.5523544
	9.7272061	55.5526388
	9.727208	55.5526573
	9.727128	55.5531773
	9.7278571	55.5544299
	9.7282548	55.554352
	9.7286483	55.5550208
	9.7312824	55.5545191
	9.7309128	55.5538633
	9.7305851	55.5537841
	9.7305634	55.5537909
	9.7305238	55.5537922
	9.7304871	55.553785
	9.7304669	55.5537731
	9.7304512	55.553755
	9.7304542	55.5537262
	9.7304796	55.5537046
	9.7305208	55.5536928
	9.7305627	55.5536953
	9.7305911	55.5537004
	9.7306241	55.5537067
	9.7311407	55.5537775
	9.7334904	55.5534521
	9.7336068	55.5535101
	9.7365957	55.5562378
	9.736564	55.5563186
	9.7335271	55.5576395
	9.7338026	55.5578255
	9.7337564	55.5580943
	9.7344728	55.558531
	9.7350098	55.5588285
	9.735162	55.5588652
	9.7355623	55.5589616
	9.7369637	55.559221
	9.73742	55.559066
	9.7373466	55.5587036
	9.7406586	55.557463
	9.7435912	55.5577251
	9.7462449	55.5579646
	9.746866	55.558019
	9.7475141	55.5580671
	9.747665	55.5580979
	9.7476945	55.5581743
	9.747641	55.5582287
	9.7448782	55.5591179
	9.7451154	55.5593397
	9.7450698	55.5595163
	9.7520764	55.5601408
	9.7521318	55.5599899
	9.7512031	55.5593995
	9.7509764	55.5592596
	9.7510093	55.5592025
	9.7491823	55.5589422
	9.7492028	55.558868
	9.7493287	55.5588694
	9.7494282	55.5589211
	9.7529069	55.5594063
	9.7530223	55.5594817
	9.7530853	55.5594862
	9.7531063	55.5595025
	9.7535466	55.5596918
	9.7536798	55.5597749
	9.7531963	55.560156
	9.7532371	55.5601818
	9.7533704	55.5602245
	9.7535756	55.5602747
	9.7538265	55.5603186
	9.7539264	55.5603293
	9.7539959	55.5601994
	9.7539335	55.5599064
	9.7539818	55.5599064
	9.7540901	55.5601363
	9.7541456	55.5602066
	9.7542294	55.5601957
	9.7542286	55.5601583
	9.7542714	55.5601485
	9.7542567	55.560056
	9.7543113	55.5600359
	9.7544659	55.5601316
	9.7545808	55.5600729
	9.754252	55.5598724
	9.7542821	55.5598547
	9.7532981	55.5592531
	9.7532262	55.5592881
	9.7526884	55.5589568
	9.7527752	55.5588905
	9.7528517	55.5588548
	9.7544791	55.559848
	9.7548001	55.5596725
	9.7555272	55.5597691
	9.7567472	55.5603547
	9.7567828	55.56157
	9.7574802	55.5615672
	9.7574821	55.5612074
	9.7575438	55.5611662
	9.7593013	55.5611571
	9.7593724	55.5611875
	9.7598277	55.5611859
	9.7599913	55.5611946
	9.7602817	55.5611994
	9.7602813	55.5612183
	9.760855	55.561214
	9.7608536	55.5611894
	9.7612613	55.5611867
	9.7618917	55.5611617
	9.7619829	55.5610279
	9.7596869	55.5610441
	9.7595903	55.5609933
	9.7595786	55.5604531
	9.7593898	55.5604548
	9.7593972	55.5609971
	9.759306	55.5610486
	9.7584048	55.5610475
	9.7583961	55.5610756
	9.7575294	55.5610811
	9.757467	55.561049
	9.7574433	55.5601105
	9.7556375	55.5592466
	9.7556175	55.5592025
	9.7556586	55.5591557
	9.7584987	55.5582378
	9.7588769	55.558118
	9.7599499	55.5577717
	9.7630389	55.5567716
	9.7631885	55.5569482
	9.7648036	55.5565683
	9.7659229	55.5563184
	9.7656878	55.5560117
	9.765416	55.5560732
	9.7653384	55.5559546
	9.7657786	55.5558512
	9.7660761	55.5562709
	9.7669497	55.5560685
	9.7676476	55.5559069
	9.7678764	55.5559291
	9.7679749	55.5560712
	9.7677435	55.5568309
	9.7676572	55.5575944
	9.7676279	55.558091
	9.767678	55.5582196
	9.7677364	55.5582753
	9.7678531	55.5583302
	9.767876	55.5584268
	9.7679438	55.558577
	9.7679899	55.5586226
	9.7680528	55.5586661
	9.7681267	55.558687
	9.7682325	55.5586865
	9.7683573	55.5586772
	9.7683639	55.5587021
	9.7683053	55.5587788
	9.7682612	55.5589553
	9.7682766	55.5590465
	9.7683259	55.559101
	9.7683598	55.559119
	9.7684224	55.559115
	9.7684505	55.55913
	9.7684753	55.5591751
	9.7684103	55.5593196
	9.7684313	55.5594925
	9.7684944	55.5595733
	9.7686555	55.5596041
	9.7686529	55.5596363
	9.7686122	55.5597017
	9.7686165	55.5598736
	9.7686614	55.5599631
	9.7687128	55.559997
	9.7688476	55.5599934
	9.7689393	55.5600262
	9.7689354	55.5600805
	9.7688648	55.5602101
	9.7688406	55.5603232
	9.768857	55.5603802
	9.7689313	55.5605645
	9.769072	55.5607337
	9.7694817	55.5607433
	9.7695318	55.5607815
	9.7695529	55.5608315
	9.7695231	55.5609208
	9.7694073	55.5609483
	9.7692049	55.5613844
	9.7690717	55.5618306
	9.7690552	55.5622461
	9.7687657	55.5637701
	9.7686683	55.564167
	9.7687207	55.5644556
	9.7688472	55.5645553
	9.7688642	55.5649177
	9.7689974	55.5656463
	9.7690773	55.5657394
	9.7691665	55.5657875
	9.7693037	55.565807
	9.7693612	55.5661475
	9.7692168	55.566903
	9.7692834	55.5670888
	9.7692946	55.56726
	9.7693791	55.5674034
	9.769438	55.5676352
	9.7695841	55.5678829
	9.7696993	55.5679959
	9.7699034	55.5680434
	9.7699892	55.56816
	9.7699895	55.5682915
	9.7699185	55.5686966
	9.7699914	55.5688206
	9.7700005	55.5690432
	9.7700675	55.5691463
	9.7701797	55.5692128
	9.770225	55.5692543
	9.7702617	55.5693666
	9.7703017	55.5694252
	9.7704418	55.5694325
	9.7706882	55.5696608
	9.7707099	55.569681
	9.77081	55.5698113
	9.7708401	55.5698347
	9.7708611	55.5698595
	9.7707744	55.5699232
	9.770892	55.5700654
	9.7711262	55.5702186
	9.7713402	55.5704452
	9.7718208	55.5708357
	9.7719188	55.5710301
	9.7721055	55.5711981
	9.7722213	55.5712369
	9.7724456	55.5711923
	9.772503	55.5712792
	9.7726482	55.5713186
	9.7727884	55.571524
	9.7729085	55.5716263
	9.7731468	55.5716827
	9.7733344	55.5716062
	9.773402	55.5717887
	9.7735592	55.5719015
	9.7737442	55.5719921
	9.7739352	55.5720093
	9.7740687	55.5721938
	9.774182	55.5722922
	9.7743764	55.5723696
	9.7746029	55.5723963
	9.7747279	55.5725082
	9.7748716	55.5725865
	9.7750305	55.5726142
	9.775066	55.5727643
	9.7751522	55.5728426
	9.7753364	55.5729248
	9.7755241	55.5729066
	9.7756052	55.5732
	9.7757167	55.5733414
	9.7758672	55.5733873
	9.7760396	55.5733844
	9.7763272	55.5738592
	9.7764193	55.5739246
	9.7765375	55.5739401
	9.7767004	55.5742095
	9.7768622	55.5743657
	9.7770028	55.5743917
	9.7771352	55.5745427
	9.7772164	55.574646
	9.7773273	55.5746848
	9.777461	55.5746828
	9.7776018	55.5748021
	9.7777232	55.5748429
	9.7778376	55.574832
	9.778054	55.5750588
	9.7781437	55.5751026
	9.778251	55.5750966
	9.7784164	55.5752756
	9.778515	55.5753154
	9.7786277	55.575286
	9.7788159	55.5755034
	9.7789302	55.575574
	9.779078	55.5756099
	9.7791801	55.5755949
	9.7793525	55.575768
	9.7794704	55.5758237
	9.7795707	55.5758257
	9.7797364	55.5759725
	9.7798558	55.5760266
	9.7799701	55.5760286
	9.7802069	55.5762748
	9.7803854	55.5763917
	9.7805244	55.5764325
	9.7806581	55.5764315
	9.7808833	55.5766344
	9.781047	55.5767349
	9.7813454	55.576947
	9.7815641	55.5770537
	9.7824422	55.5776754
	9.7826453	55.5777403
	9.7829366	55.5779885
	9.7831705	55.5780685
	9.7834002	55.5782668
	9.7835685	55.5783561
	9.783747	55.5784071
	9.7840998	55.5786576
	9.7842475	55.5787029
	9.7845861	55.5789418
	9.7846948	55.5789858
	9.7848815	55.5790032
	9.7851482	55.5792294
	9.7853062	55.5792711
	9.7854457	55.5792966
	9.7857179	55.5794236
	9.786055	55.5795808
	9.7863155	55.5797941
	9.7864879	55.5798718
	9.7869392	55.5800145
	9.7871054	55.5801942
	9.787247	55.5802858
	9.7875014	55.5803461
	9.7877024	55.5806488
	9.7880491	55.5809422
	9.7884164	55.5812379
	9.7886749	55.581355
	9.7889703	55.5816588
	9.7892903	55.5819174
	9.7898441	55.5823286
	9.7902094	55.582801
	9.7902964	55.583105
	9.7905792	55.5847567
	9.7906264	55.5858224
	9.7907592	55.586377
	9.7909778	55.5867112
	9.7909949	55.587026
	9.7908921	55.5876218
	9.7908963	55.5880819
	9.7909949	55.5885735
	9.7913163	55.5893823
	9.7913404	55.5900795
	9.7914308	55.5905896
	9.7915519	55.5911354
	9.7917611	55.5914448
	9.7921118	55.5923925
	9.7922734	55.5926175
	9.7925742	55.5929557
	9.7927247	55.5930477
	9.7929216	55.5930791
	9.7930629	55.5931289
	9.7931297	55.5932183
	9.7933726	55.5935205
	9.7938612	55.5939863
	9.79429	55.5942962
	9.7947985	55.5945854
	9.7956195	55.595053
	9.7962809	55.5953178
	9.7966731	55.5954887
	9.7971152	55.5956202
	9.7974539	55.5956712
	9.7976192	55.5956858
	9.7979162	55.5959751
	9.7983849	55.5961986
	9.7991527	55.5964709
	9.7997077	55.5966268
	9.8001598	55.5967169
	9.8006101	55.5967735
	9.8013663	55.5969066
	9.8016209	55.5970423
	9.8018908	55.5973212
	9.8022546	55.5976456
	9.8026272	55.5979519
	9.8030405	55.5981433
	9.8036923	55.5983279
	9.8046869	55.5988227
	9.8051985	55.5991385
	9.8061146	55.5994477
	9.8068313	55.5998869
	9.8072006	55.5999826
	9.8074004	55.6000083
	9.8078983	55.600234
	9.8086392	55.6007221
	9.809024	55.6009503
	9.8092265	55.6010362
	9.8093748	55.6010917
	9.809521	55.6011365
	9.8098593	55.6011697
	9.8099411	55.6012147
	9.8100454	55.6012525
	9.8101388	55.6012601
	9.8102138	55.601266
	9.8102945	55.6013021
	9.8103897	55.6013361
	9.8105692	55.6014281
	9.8109661	55.6015746
	9.8114146	55.6017873
	9.8116088	55.6018442
	9.8117282	55.6018064
	9.8119868	55.6019284
	9.8124152	55.6021335
	9.8124902	55.6022077
	9.8126416	55.6022546
	9.81273	55.6023019
	9.8128852	55.602317
	9.8130456	55.6023491
	9.8131935	55.6024219
	9.8133659	55.6024639
	9.8135368	55.6024475
	9.8137096	55.6024386
	9.8137897	55.6024331
	9.8138774	55.6024436
	9.8139917	55.602481
	9.8140759	55.602517
	9.8142377	55.6025904
	9.8143369	55.6026158
	9.8144714	55.6026248
	9.8145674	55.6026212
	9.8146509	55.6025883
	9.8147888	55.6026438
	9.8150093	55.6026329
	9.8152832	55.6027227
	9.8155101	55.6029129
	9.815665	55.602905
	9.8158526	55.6029205
	9.8162675	55.6030644
	9.8164056	55.6030763
	9.8167088	55.6031471
	9.8169559	55.6032671
	9.8170812	55.6033506
	9.8172243	55.6034393
	9.8173554	55.6034728
	9.8175236	55.6035497
	9.8177937	55.6036822
	9.8179914	55.6037047
	9.8181126	55.6037313
	9.8181917	55.6037463
	9.8182567	55.6037649
	9.8183381	55.6038109
	9.8184446	55.6038551
	9.8184989	55.6039097
	9.8186	55.6040107
	9.8187657	55.6041066
	9.8188835	55.6041219
	9.8189747	55.6041002
	9.8192019	55.6042388
	9.819413	55.6042976
	9.8195426	55.6043199
	9.8196307	55.6043242
	9.8197046	55.6043025
	9.8197522	55.6043613
	9.8198437	55.6044137
	9.8199094	55.604451
	9.8199859	55.604482
	9.8201465	55.6045478
	9.8203276	55.6045543
	9.8205418	55.6046146
	9.8206798	55.6046579
	9.8207667	55.604691
	9.8209684	55.6047693
	9.8211564	55.6049089
	9.8214587	55.605084
	9.8216405	55.6051831
	9.821721	55.605169
	9.8216676	55.6052126
	9.8217835	55.605281
	9.8218661	55.6053414
	9.8219503	55.6053889
	9.8220278	55.6054249
	9.8222923	55.6055396
	9.8224669	55.6055801
	9.8225892	55.6055658
	9.822748	55.6056384
	9.8229174	55.6056699
	9.8230624	55.6057477
	9.8231669	55.6058236
	9.8233196	55.6059067
	9.8234451	55.6059649
	9.8236087	55.6060198
	9.8239317	55.6061042
	9.8241669	55.6062349
	9.8245982	55.6063211
	9.8248713	55.6066572
	9.8250595	55.6067769
	9.825295	55.606869
	9.8254538	55.6069699
	9.8255532	55.6069913
	9.8257687	55.6071655
	9.8259641	55.6072536
	9.8262	55.6074043
	9.8263898	55.6075175
	9.827281	55.6081403
	9.8276388	55.6084327
	9.8277957	55.6085227
	9.8279123	55.608581
	9.8280156	55.608651
	9.8280553	55.6087425
	9.8280976	55.6087809
	9.8284142	55.6092053
	9.8285038	55.6093985
	9.8285998	55.6095374
	9.8287167	55.6096642
	9.8291129	55.6100622
	9.8293329	55.610168
	9.8295005	55.6102339
	9.8296912	55.610417
	9.8298838	55.6106106
	9.8301582	55.6107763
	9.8305168	55.6109847
	9.830664	55.6109705
	9.8308102	55.6110266
	9.8311667	55.6112357
	9.8314196	55.6113966
	9.8316365	55.611409
	9.8318984	55.6115822
	9.831999	55.6115897
	9.8327095	55.6119924
	9.8328797	55.6120632
	9.8335149	55.612174
	9.8336179	55.6121974
	9.8337753	55.6121875
	9.833961	55.6121971
	9.8342732	55.6123451
	9.8344583	55.6123346
	9.8347072	55.6123439
	9.835071	55.612481
	9.8354823	55.6126167
	9.8358784	55.612858
	9.8363929	55.6130972
	9.8365292	55.6131019
	9.8365974	55.6131274
	9.8367234	55.6131746
	9.8369677	55.6133202
	9.8374076	55.6134459
	9.8377968	55.6136195
	9.837958	55.6136195
	9.8381629	55.6137239
	9.8387788	55.6139337
	9.8396398	55.6141602
	9.8397385	55.6141494
	9.8400675	55.6142958
	9.8409768	55.6146051
	9.8412939	55.6147667
	9.8415546	55.6147527
	9.8417016	55.6148179
	9.8418343	55.6147953
	9.8422742	55.6149416
	9.8427074	55.615151
	9.8429533	55.6152209
	9.8430816	55.6152463
	9.8431837	55.6152234
	9.843327	55.6152249
	9.843541	55.6153209
	9.8437511	55.6153982
	9.8441671	55.615526
	9.8447558	55.6158097
	9.8451659	55.6160253
	9.8456007	55.6160721
	9.8462404	55.6160211
	9.8464774	55.6162329
	9.8468183	55.6164698
	9.8470628	55.6165461
	9.8472566	55.6165563
	9.8475125	55.6165087
	9.847898	55.6170903
	9.848016	55.6171426
	9.8484409	55.6173364
	9.8488826	55.6175795
	9.8493793	55.6177232
	9.8499184	55.6178857
	9.8501854	55.6180801
	9.8504617	55.6185201
	9.8505733	55.6185692
	9.850691	55.6185839
	9.8508039	55.6187214
	9.8509721	55.6188408
	9.8511826	55.6191802
	9.851629	55.6196794
	9.8517765	55.61971
	9.8520772	55.6198339
	9.8523261	55.6200466
	9.8525801	55.620042
	9.8528019	55.6202351
	9.852988	55.6203521
	9.8531136	55.6203716
	9.8532134	55.6204781
	9.8534518	55.6205686
	9.8536913	55.6207421
	9.8539319	55.6208758
	9.8540561	55.6210277
	9.8542616	55.6211675
	9.854562	55.6212578
	9.8547492	55.6212947
	9.8550375	55.6214083
	9.8553014	55.62147
	9.8554952	55.6214659
	9.8556005	55.6215205
	9.8558156	55.6216325
	9.8560001	55.6216586
	9.8561166	55.6215661
	9.8560902	55.6216637
	9.8563705	55.6218088
	9.8565239	55.6218419
	9.8566455	55.621785
	9.8566717	55.6217934
	9.8566496	55.6218599
	9.8567262	55.6219566
	9.8568577	55.6220475
	9.8569405	55.6220733
	9.8570213	55.622043
	9.8571165	55.6220015
	9.8571568	55.6220161
	9.8570991	55.6220748
	9.857141	55.6221868
	9.8572661	55.6223365
	9.8574103	55.6223867
	9.8574895	55.6223933
	9.8576195	55.622361
	9.8576289	55.6223974
	9.8575791	55.6224247
	9.8575596	55.6225497
	9.857661	55.6228107
	9.857749	55.6228954
	9.8578702	55.6229071
	9.8579115	55.6231099
	9.8580365	55.623143
	9.8581695	55.6231988
	9.858229	55.62327
	9.858303	55.6234333
	9.8584573	55.6235912
	9.8587133	55.6236342
	9.8589924	55.6237438
	9.8592525	55.6239716
	9.8592253	55.6239928
	9.8591941	55.6240164
	9.8592797	55.6241972
	9.8592719	55.6244274
	9.8594154	55.6245357
	9.8594436	55.6245963
	9.8596042	55.6247311
	9.859658	55.6247222
	9.8597336	55.6246946
	9.8597703	55.6247256
	9.8596796	55.6247787
	9.8596555	55.624884
	9.8596716	55.624968
	9.8598559	55.6250242
	9.8598075	55.6250645
	9.8597196	55.6250462
	9.8596337	55.6250659
	9.8595262	55.6251579
	9.8594204	55.6253052
	9.8595331	55.62537
	9.8595233	55.6254058
	9.8594726	55.6254169
	9.8593749	55.6253747
	9.8592289	55.6253886
	9.8590882	55.6254542
	9.858993	55.6255253
	9.8590641	55.625595
	9.8590095	55.6256325
	9.858943	55.6255913
	9.8587798	55.6256079
	9.8586121	55.6257404
	9.8586494	55.6258197
	9.8586027	55.6258252
	9.858419	55.625832
	9.8582192	55.626019
	9.8583008	55.6260859
	9.8582756	55.6261535
	9.8581973	55.6261464
	9.8581032	55.6261232
	9.858047	55.6260382
	9.8578731	55.6260042
	9.8576462	55.6259871
	9.8574313	55.6260009
	9.8571489	55.6261316
	9.8570652	55.6261576
	9.856576	55.6259208
	9.8560989	55.625726
	9.8557028	55.6256269
	9.8549429	55.6255102
	9.8543121	55.6253471
	9.8538202	55.6252159
	9.8532153	55.6251159
	9.8527054	55.6250908
	9.8522716	55.6250944
	9.851751	55.6250612
	9.851059	55.6249082
	9.8505816	55.6248931
	9.8500369	55.6248881
	9.8493236	55.6248885
	9.8487121	55.6249506
	9.8485927	55.6251326
	9.8484915	55.6251735
	9.8483844	55.6252168
	9.848359	55.6251984
	9.8483977	55.6251755
	9.8483758	55.6251607
	9.8485066	55.625103
	9.8484597	55.6250751
	9.8483885	55.6250334
	9.8482574	55.625019
	9.8481505	55.6250066
	9.848095	55.625018
	9.8480961	55.6250294
	9.8480944	55.6250733
	9.8480229	55.6250915
	9.847851	55.6250477
	9.8477599	55.6249194
	9.8477285	55.6247141
	9.8475396	55.6246169
	9.8472112	55.6245394
	9.8470302	55.6245019
	9.8467016	55.6245045
	9.8464607	55.6245174
	9.8463891	55.6246091
	9.846302	55.6245276
	9.8458479	55.6245569
	9.8454638	55.6246397
	9.8454068	55.6247269
	9.8453085	55.6246516
	9.8450163	55.6246965
	9.8447008	55.6247616
	9.8446057	55.6249466
	9.8445211	55.6247995
	9.8442257	55.6247839
	9.8437992	55.6248893
	9.8437529	55.6250387
	9.8436486	55.62488
	9.8434726	55.6248399
	9.8431411	55.6248525
	9.8430593	55.625029
	9.8429538	55.6248636
	9.8426885	55.6248446
	9.8422674	55.6249422
	9.8422671	55.6251321
	9.8421393	55.6249138
	9.8420092	55.624914
	9.8417512	55.624923
	9.8414737	55.6249701
	9.8414007	55.625158
	9.84134	55.6249623
	9.8409721	55.6249363
	9.8407228	55.6249501
	9.8406721	55.6250687
	9.8405942	55.6249569
	9.8403632	55.624953
	9.8399425	55.6250187
	9.8399547	55.6251232
	9.8398804	55.6250196
	9.8395026	55.6250641
	9.8392252	55.6251218
	9.8392202	55.6251975
	9.8391332	55.6251409
	9.8390365	55.6251501
	9.8385076	55.6253055
	9.8383975	55.6252831
	9.838215	55.6253265
	9.8378719	55.6254777
	9.8377748	55.6254157
	9.837685	55.6254358
	9.8375235	55.6254721
	9.8370563	55.6256598
	9.8370123	55.6256151
	9.8367057	55.6256994
	9.8364705	55.6258337
	9.8363854	55.6257794
	9.8362816	55.625807
	9.8357369	55.6260363
	9.8356496	55.6259881
	9.8353048	55.6261079
	9.835061	55.6262403
	9.8349554	55.6261698
	9.8346242	55.6262641
	9.8340608	55.6265266
	9.8340039	55.6265032
	9.8338647	55.6264986
	9.8336957	55.6265463
	9.8333653	55.6267099
	9.8332325	55.6266502
	9.8331432	55.6266681
	9.8326979	55.6269095
	9.8325771	55.6268733
	9.8323843	55.626924
	9.8317463	55.6272334
	9.831694	55.627206
	9.831393	55.6271929
	9.8311471	55.6272608
	9.830678	55.6274728
	9.8304607	55.6274065
	9.8302807	55.627433
	9.8299615	55.627572
	9.8297577	55.62752
	9.8294112	55.6274895
	9.8287344	55.6273754
	9.8273648	55.6273686
	9.8266074	55.627385
	9.8263508	55.627406
	9.8261168	55.6274758
	9.8259472	55.6275072
	9.8256384	55.6275255
	9.8254546	55.6275103
	9.8252473	55.6275175
	9.8247905	55.6275238
	9.824426	55.627563
	9.82422	55.6276076
	9.8230787	55.6276163
	9.8220476	55.6277971
	9.8204265	55.6279483
	9.8176461	55.6280328
	9.8163509	55.6279028
	9.8154596	55.627739
	9.8126958	55.6273734
	9.8113091	55.6273482
	9.8107367	55.6273572
	9.810086	55.6274189
	9.809589	55.6275448
	9.8088233	55.6277974
	9.8078045	55.6282763
	9.8073545	55.6283419
	9.8068776	55.6283589
	9.8055166	55.6281522
	9.8042874	55.6277844
	9.8033737	55.6274194
	9.802151	55.6268889
	9.8006122	55.6263186
	9.8000141	55.626125
	9.7990896	55.6258988
	9.7983654	55.6257439
	9.7978524	55.6256944
	9.797076	55.6256773
	9.7965301	55.6255875
	9.7954465	55.6254791
	9.7948978	55.6254729
	9.794105	55.6255906
	9.7934932	55.6255906
	9.7930076	55.6255147
	9.7919213	55.6252142
	9.791411	55.62505
	9.7907718	55.6249184
	9.7896834	55.6247449
	9.7887909	55.6246146
	9.7878974	55.6245938
	9.7877534	55.6245904
	9.7864433	55.6245838
	9.7849448	55.6245741
	9.7839408	55.6244375
	9.7834736	55.6243932
	9.7824769	55.6242979
	9.7809549	55.6241836
	9.7793505	55.623864
	9.7779784	55.6236963
	9.7761293	55.6234897
	9.7738842	55.6232121
	9.7723257	55.6230267
	9.7707691	55.6231192
	9.7705813	55.6231133
	9.7703227	55.6230559
	9.7699386	55.6229478
	9.7695608	55.6228298
	9.7687774	55.6227099
	9.768097	55.6227139
	9.7652171	55.6228292
	9.76221	55.6227524
	9.7609621	55.6227961
	9.7592107	55.6229188
	9.757275	55.6234172
	9.7555116	55.6238638
	9.7544339	55.6241773
	9.7539945	55.6243662
	9.753531	55.6246661
	9.7533864	55.6247867
	9.7532002	55.624923
	9.7529377	55.6251251
	9.7527021	55.6253332
	9.7524427	55.6254843
	9.752273	55.6256144
	9.7517076	55.6261068
	9.7513183	55.6263968
	9.7512205	55.6265515
	9.7510598	55.6266843
	9.7508668	55.6269039
	9.7505614	55.6271805
	9.7502127	55.6274297
	9.7498036	55.6275856
	9.749619	55.6275859
	9.749581	55.627618
	9.7483524	55.6271942
	9.7480245	55.6272055
	9.7473479	55.627446
	9.7464262	55.6278984
	9.7460235	55.6281741
	9.7458972	55.6282202
	9.7456865	55.628247
	9.7448338	55.6282958
	9.7441971	55.6283285
	9.7437183	55.6283278
	9.743383	55.6282776
	9.7430697	55.6281827
	9.74279	55.6280611
	9.742614	55.6279593
	9.7425132	55.627867
	9.7419808	55.6266416
	9.7406675	55.6229788
	9.7403859	55.6223749
	9.7401156	55.6217975
	9.7401662	55.6214521
	9.7396008	55.6209714
	9.7391562	55.6204323
	9.7373411	55.618135
	9.7370945	55.6179521
	9.7360165	55.6175655
	9.7342152	55.6170939
	9.7311718	55.6163854
	9.730996	55.6163429
	9.7276944	55.6154177
	9.7224115	55.6139747
	9.7201898	55.6133679
	9.718045	55.612782
	9.7158078	55.6121709
	9.7121837	55.611181
	9.708462	55.6101643
	9.7055222	55.6093613
	9.7017361	55.608327
	9.6959491	55.6067461
	9.6953841	55.6065951
	9.6945148	55.6064098
	9.6930232	55.6060269
	9.6914423	55.6055038
	9.6900585	55.6050172
	9.6886695	55.6047921
	9.6874366	55.6045875
	9.6871684	55.6045898
	9.6866521	55.6046788
	9.6862422	55.6048051
	9.6856876	55.6048893
	9.685319	55.6049114
	9.684907	55.6049054
	9.6845414	55.6049323
	9.6840903	55.6049937
	9.6837231	55.6049489
	9.6834667	55.6048561
	9.6832406	55.6048101
	9.6826092	55.6047442
	9.6819936	55.604632
	9.6817359	55.6045253
	9.6816059	55.6044397
	9.6815151	55.6043544
	9.6813499	55.6042079
	9.6811028	55.6040841
	9.6807301	55.6038823
	9.6805334	55.6037496
	9.6803738	55.6035182
	9.6802628	55.6034676
	9.6794247	55.6032428
	9.6792907	55.6032317
	9.6791751	55.6032735
	9.679122	55.6033374
	9.6790475	55.6034576
	9.6789834	55.6035674
	9.6788219	55.603652
	9.678568	55.6037094
	9.6782278	55.6037741
	9.6777832	55.6039411
	9.6776319	55.603994
	9.6771533	55.6040413
	9.6765187	55.6041419
	9.6763207	55.6041502
	9.6760815	55.6041146
	9.675714	55.6040319
	9.6752436	55.6039476
	9.6739306	55.603587
	9.6735654	55.6034848
	9.673256	55.6034027
	9.6730109	55.6032958
	9.6726732	55.6032139
	9.6720265	55.603093
	9.6716762	55.6029236
	9.6713877	55.6028484
	9.6712835	55.6027697
	9.6712672	55.6026953
	9.6713149	55.6025297
	9.6713495	55.6024162
	9.6715341	55.6022996
	9.6716218	55.6022213
	9.6716011	55.602131
	9.6713989	55.6019588
	9.671224	55.6019058
	9.6709324	55.6019258
	9.6705213	55.6019219
	9.6701226	55.6018397
	9.6697361	55.6017227
	9.6685568	55.6020363
	9.6683403	55.6021687
	9.6683707	55.602256
	9.6683516	55.6023276
	9.6682848	55.6024146
	9.6680861	55.6024736
	9.6679568	55.6025221
	9.6678678	55.6026119
	9.6676379	55.6029757
	9.6675376	55.6031268
	9.6673871	55.6033979
	9.6673828	55.6035844
	9.6673158	55.603707
	9.6673077	55.6038267
	9.667312	55.6039932
	9.6670137	55.6040991
	9.6670022	55.6041817
	9.6667992	55.6044193
	9.6666961	55.6044747
	9.6662438	55.6046446
	9.6659575	55.6047348
	9.6657442	55.6048411
	9.6655332	55.6048923
	9.6653343	55.6050615
	9.6651743	55.605214
	9.6657665	55.6057982
	9.6657208	55.6058108
	9.6656159	55.6058446
	9.6663789	55.606575
	9.6664314	55.6067088
	9.6664164	55.6067967
	9.6662579	55.6069682
	9.6657118	55.6069909
	9.6655562	55.6070711
	9.6655927	55.6071952
	9.6655053	55.6073024
	9.6654197	55.607274
	9.6651818	55.6073206
	9.6649707	55.6073755
	9.6646781	55.6075188
	9.6647314	55.6076429
	9.6646822	55.607793
	9.6647395	55.6080851
	9.6648157	55.6083004
	9.6647089	55.6084089
	9.6644927	55.6085949
	9.6643811	55.6087214
	9.6640684	55.6089464
	9.6639552	55.609024
	9.6638989	55.6091111
	9.6638385	55.609185
	9.6637327	55.6092211
	9.6635926	55.6092167
	9.6633767	55.6092915
	9.6631953	55.6093852
	9.6630363	55.6095479
	9.6629998	55.6095932
	9.6627498	55.6098033
	9.6626656	55.6098877
	9.6625471	55.6099384
	9.6620578	55.6103946
	9.6620101	55.6104817
	9.6616348	55.610664
	9.6616729	55.6110757
	9.6617156	55.6114573
	9.6617427	55.6116849
	9.6617247	55.6118244
	9.6617665	55.6119977
	9.6617673	55.6121095
	9.6616965	55.6121716
	9.6618258	55.6122463
	9.6619765	55.6123688
	9.6619256	55.6123982
	9.6617722	55.6124491
	9.661714	55.6125617
	9.6617414	55.6126077
	9.6618266	55.6126588
	9.6620747	55.6126639
	9.6622048	55.6126839
	9.6622804	55.6126688
	9.6624966	55.6126851
	9.6625406	55.6127451
	9.662524	55.6128122
	9.6626404	55.6128812
	9.6628319	55.6129734
	9.6628866	55.6130302
	9.662863	55.6130964
	9.662594	55.6132369
	9.6624921	55.6133291
	9.6623038	55.6134792
	9.6621938	55.6135468
	9.6619285	55.6135909
	9.6619028	55.6138661
	9.6619181	55.6140546
	9.6619468	55.6141515
	9.6618738	55.6142041
	9.661888	55.6142975
	9.6618746	55.6143469
	9.6620093	55.6144475
	9.661991	55.6146017
	9.6620404	55.6147546
	9.66199	55.6150789
	9.6619326	55.6151348
	9.6619014	55.6152544
	9.6618556	55.615382
	9.6617483	55.6154645
	9.6616166	55.6155019
	9.6615718	55.615561
	9.661645	55.6157286
	9.6617008	55.6160466
	9.6618966	55.6162592
	9.6618854	55.6164302
	9.6619567	55.616937
	9.6619934	55.6170524
	9.661994	55.6172078
	9.6619497	55.6173022
	9.6629183	55.6177059
	9.6631852	55.617831
	9.6634046	55.6179044
	9.6641124	55.6182919
	9.664379	55.6184599
	9.6647937	55.6186863
	9.6649503	55.6189798
	9.6649188	55.6190638
	9.664876	55.6191355
	9.6646024	55.6194617
	9.6645205	55.6194555
	9.6640703	55.6195467
	9.6635467	55.6195806
	9.663433	55.6195439
	9.6632307	55.6195576
	9.6611769	55.6200051
	9.6610315	55.6202059
	9.660918	55.6203307
	9.6607635	55.6204088
	9.6599496	55.6205468
	9.6596163	55.6205907
	9.6595001	55.6205883
	9.6589543	55.6205529
	9.657793	55.6206745
	9.6569347	55.6208408
	9.6561294	55.620796
	9.6547399	55.6206413
	9.6540986	55.6206323
	9.6530567	55.6204608
	9.6526196	55.6206008
	9.6523307	55.6206169
	9.650355	55.6206628
	9.6493567	55.6205306
	9.6490315	55.6206907
	9.6487007	55.6208974
	9.648655	55.6210921
	9.6484964	55.6210784
	9.6480882	55.6211734
	9.646415	55.6215883
	9.6457437	55.6216127
	9.6449666	55.6212289
	9.6430148	55.6205997
	9.6419773	55.6209163
	9.6406068	55.6211422
	9.6384958	55.6212447
	9.6383053	55.6213852
	9.6378994	55.6215779
	9.6364786	55.6217967
	9.6362295	55.6218644
	9.6360818	55.6220453
	9.6354822	55.6221041
	9.6334856	55.6221358
	9.6323361	55.621953
	9.6319025	55.6218019
	9.6313397	55.621307
	9.6311921	55.6211924
	9.6308138	55.6210517
	9.6303709	55.6210465
	9.6294945	55.6212028
	9.6292177	55.6211716
	9.6288948	55.6212862
	9.6269451	55.6212277
	9.6264751	55.6201744
	9.6258197	55.6196286
	9.624374	55.6190408
	9.6239127	55.6189678
	9.6233684	55.6186552
	9.6228701	55.6184729
	9.6220594	55.6184976
	9.6202315	55.6176497
	9.6199178	55.617285
	9.6185696	55.6168318
	9.6181833	55.6164983
	9.6178143	55.6158366
	9.6176645	55.6145984
	9.6181833	55.6138149
	9.6181372	55.6136846
	9.618233	55.6134726
	9.6186354	55.613445
	9.6194196	55.6128092
	9.6197517	55.6122309
	9.6198071	55.6121162
	9.6202223	55.6118557
	9.6204529	55.6115378
	9.6207389	55.6113919
	9.6208589	55.6111887
	9.6214955	55.6108239
	9.6216708	55.6106624
	9.6218553	55.610579
	9.6219987	55.6104088
	9.6219937	55.6101413
	9.6218553	55.6099016
	9.6216708	55.6096775
	9.6218461	55.6095733
	9.6213663	55.6075096
	9.6216485	55.6072632
	9.6202289	55.6066548
	9.6201392	55.6067052
	9.6158753	55.6065741
	9.6152685	55.6063862
	9.6130112	55.606137
	9.6129995	55.6058481
	9.6103931	55.6054171
	9.6086839	55.6056291
	9.606852	55.6059288
	9.6049884	55.6059132
	9.6034031	55.6055005
	9.6030582	55.6052762
	9.6018961	55.6053494
	9.6011133	55.6055852
	9.6005783	55.605869
	9.5993274	55.6061302
	9.5991822	55.6062928
	9.5987352	55.6062688
	9.5970632	55.605235
	9.5960324	55.60438
	9.5959532	55.6040844
	9.5935702	55.6035002
	9.5935669	55.6034374
	9.5932097	55.6032496
	9.5930243	55.6032448
	9.59236	55.6033334
	9.5918157	55.6031927
	9.5913267	55.6029529
	9.5899428	55.6027653
	9.589463	55.6022806
	9.5876639	55.6017541
	9.5865291	55.6012642
	9.5858007	55.6006092
	9.5850899	55.5990333
	9.5849884	55.5977353
	9.5843241	55.597433
	9.5841396	55.5969221
	9.5830536	55.5961298
	9.5828558	55.5944569
	9.5828883	55.5944442
	9.5820153	55.5929995
	9.5817754	55.591936
	9.5800283	55.5912842
	9.5795064	55.5916455
	9.5789649	55.5917782
	9.5791411	55.5920326
	9.5790628	55.5921395
	9.5787496	55.59211
	9.57858	55.5921137
	9.5784822	55.5918888
	9.5780973	55.5918741
	9.5774268	55.5921068
	9.5769621	55.5920658
	9.5756182	55.591793
	9.5751811	55.5917414
	9.5745287	55.5915017
	9.5736661	55.5913312
	9.5723728	55.590848
	9.5716554	55.5906155
	9.5715344	55.5905382
	9.5716189	55.5902068
	9.5715358	55.5899521
	9.5712258	55.5896731
	9.5708772	55.5896247
	9.5703272	55.5895529
	9.570122	55.5894426
	9.5700431	55.589356
	9.5698924	55.5891396
	9.5696875	55.5888016
	9.5688918	55.5879371
	9.5677731	55.5859482
	9.567609	55.5849699
	9.5674655	55.5845274
	9.5672772	55.5843778
	9.5668848	55.5843062
	9.5668783	55.5842601
	9.5666728	55.5842159
	9.5663597	55.5839578
	9.5661411	55.5838269
	9.5661215	55.5836941
	9.5660041	55.5835688
	9.5649995	55.5831189
	9.564321	55.5829677
	9.5640665	55.5829935
	9.5639442	55.583076
	9.563636	55.5830857
	9.5629151	55.5830415
	9.5625269	55.5830655
	9.5617343	55.5829106
	9.5617408	55.5828239
	9.5613561	55.5826565
	9.5607166	55.5824626
	9.5603675	55.5822395
	9.5602697	55.5820385
	9.5600364	55.5818676
	9.5596969	55.5812818
	9.5598783	55.5810724
	9.5599699	55.580774
	9.5599165	55.5803012
	9.5591579	55.5794429
	9.558978	55.5789917
	9.5589639	55.5787698
	9.5586322	55.5786164
	9.558298	55.5785362
	9.5583068	55.57853
	9.5583141	55.5784007
	9.5583603	55.5781973
	9.5582688	55.5779444
	9.5582434	55.5778446
	9.5581901	55.5778061
	9.5581046	55.5777364
	9.5580176	55.5776145
	9.5579715	55.5775148
	9.5578921	55.5774038
	9.5579068	55.5772985
	9.5577329	55.577115
END
2
	9.5930606	55.5132458
	9.5930819	55.5131569
	9.5931812	55.5129725
	9.5932948	55.5127762
	9.5933961	55.5126414
	9.5934584	55.5125571
	9.5935185	55.5124879
	9.5936385	55.5123702
	9.5937729	55.5122273
	9.5938304	55.5121685
	9.5938381	55.5121185
	9.5938174	55.5120601
	9.5938133	55.5120106
	9.5938155	55.5119531
	9.5938635	55.5118938
	9.5939221	55.5118446
	9.5940459	55.5116916
	9.5940774	55.5116265
	9.5941008	55.5115739
	9.5941105	55.5115368
	9.5941154	55.511488
	9.5941338	55.5114186
	9.5941906	55.5111542
	9.5941956	55.5109062
	9.5942124	55.5107694
	9.5942078	55.5107309
	9.5942063	55.5106955
	9.5941949	55.5106292
	9.5941558	55.5105329
	9.5941346	55.5104328
	9.5941014	55.5102272
	9.5940892	55.5101587
	9.5940786	55.5100481
	9.5940853	55.5100286
	9.5941028	55.5100058
	9.5941282	55.5099834
	9.5943058	55.5099622
	9.5943919	55.5099475
	9.5944744	55.5099264
	9.5945502	55.5099054
	9.5946705	55.509855
	9.5948128	55.5097921
	9.594901	55.5097369
	9.5949851	55.5096897
	9.5950438	55.509654
	9.5952169	55.5095602
	9.59543	55.5094667
	9.5955601	55.5094174
	9.5956492	55.5094086
	9.5957446	55.5094114
	9.595826	55.5094101
	9.5959083	55.5094298
	9.5961212	55.5094793
	9.5962693	55.5095197
	9.596341	55.5095432
	9.5964261	55.5095804
	9.5964914	55.5096312
	9.5965259	55.5096661
	9.5965667	55.509736
	9.5966124	55.5098258
	9.5966335	55.5098881
	9.5966613	55.5100136
	9.5966358	55.5101692
	9.5965751	55.5103441
	9.5965589	55.5104453
	9.5965647	55.5105658
	9.5965784	55.510688
	9.5965842	55.510712
	9.5965927	55.5107703
	9.5965842	55.5108071
	9.5965687	55.5108409
	9.5965331	55.5108637
	9.5962907	55.5109901
	9.5960773	55.511081
	9.5958745	55.5111655
	9.595671	55.5112496
	9.5954801	55.5113078
	9.5954233	55.5113203
	9.5953577	55.5113278
	9.5953077	55.5113271
	9.5952255	55.5113278
	9.5951047	55.5113402
	9.5948657	55.5113551
	9.594731	55.5113619
	9.5945988	55.5113722
	9.5945199	55.5113801
	9.5944621	55.5114009
	9.5943991	55.5114373
	9.5943427	55.5114881
	9.5943402	55.5115632
	9.5943808	55.5116599
	9.5943668	55.5117425
	9.5943479	55.5117865
	9.5942913	55.5118659
	9.5942236	55.5119345
	9.5941525	55.5120205
	9.5941221	55.512118
	9.5940975	55.5122084
	9.5940454	55.512299
	9.5939643	55.5123929
	9.593889	55.512482
	9.5938869	55.5125345
	9.5939445	55.5126354
	9.5940512	55.5127573
	9.5941118	55.512871
	9.5941257	55.5129931
	9.5941071	55.5131899
	9.5940712	55.5133073
	9.5940415	55.5133442
	9.5940045	55.5133681
	9.5939184	55.5133967
	9.5938348	55.5134176
	9.5937218	55.5134283
	9.5935918	55.513418
	9.5935712	55.5134199
	9.5934733	55.5134399
	9.5934363	55.513462
	9.5933996	55.5136061
	9.5934338	55.5136692
	9.5935258	55.5137319
	9.5936196	55.5138066
	9.5936824	55.5138969
	9.5937346	55.5139566
	9.5938025	55.5140384
	9.5938601	55.5140771
	9.5939381	55.5141153
	9.5939968	55.5141634
	9.5939596	55.5141964
	9.5938788	55.5142043
	9.5937645	55.5142048
	9.5936511	55.5141758
	9.5936027	55.5141239
	9.5935871	55.5140575
	9.5935461	55.5140133
	9.5934788	55.5139718
	9.5934275	55.5139228
	9.5933826	55.5138705
	9.5933218	55.5137784
	9.5932796	55.5136921
	9.5932343	55.513606
	9.5931649	55.513466
	9.5930993	55.5133284
	9.5930719	55.5132755
	9.5930606	55.5132458
END
END
