2892916
1
	12.7275333	50.816595
	12.7276552	50.8162626
	12.727798	50.8160288
	12.7287238	50.8162497
	12.72958	50.8165706
	12.731785	50.8172034
	12.7336265	50.8176324
	12.7364506	50.8181553
	12.7373397	50.8183471
	12.7385018	50.8191938
	12.7392435	50.8196865
	12.7399646	50.8199666
	12.7387121	50.8212091
	12.741636	50.8224706
	12.7447328	50.8224207
	12.7476987	50.8214168
	12.7465826	50.8193548
	12.7477364	50.8191298
	12.7486977	50.8188836
	12.7501181	50.8185199
	12.750659	50.8183819
	12.7529304	50.8178763
	12.7542756	50.8166034
	12.7558086	50.8153777
	12.7572783	50.8147736
	12.7574209	50.814573
	12.7580571	50.814477
	12.7586064	50.8148157
	12.7597292	50.8130219
	12.7615255	50.8129466
	12.7626333	50.8133719
	12.7640004	50.8127031
	12.7657407	50.8123504
	12.7666716	50.812287
	12.7673841	50.8119716
	12.766615	50.8116153
	12.7674478	50.8109912
	12.7678402	50.8113951
	12.7682171	50.8115357
	12.7690959	50.8113427
	12.7685627	50.8098875
	12.7686748	50.8090666
	12.7685402	50.8084874
	12.7686031	50.8081705
	12.7685229	50.8070812
	12.7679687	50.8060886
	12.7675295	50.8054154
	12.7666365	50.8040925
	12.7669409	50.8039404
	12.7670368	50.8039022
	12.7686618	50.8036559
	12.7699486	50.8032812
	12.7707333	50.8029832
	12.7705511	50.8027715
	12.7713193	50.8024966
	12.7718263	50.8024494
	12.7721577	50.8023736
	12.772726	50.8022539
	12.7731735	50.8022078
	12.7737388	50.8020142
	12.7743827	50.8017704
	12.7750937	50.8016248
	12.7756626	50.8011843
	12.7760484	50.8001884
	12.7761337	50.7991032
	12.7769933	50.7975611
	12.7774959	50.7955755
	12.7778232	50.7923176
	12.778341	50.7916691
	12.7786247	50.7907166
	12.7786219	50.7900293
	12.778408	50.7866377
	12.7825995	50.7856458
	12.7895654	50.7851689
	12.7919113	50.7849199
	12.7930607	50.7849551
	12.7933759	50.784944
	12.7937328	50.784959
	12.7939308	50.784971
	12.7979492	50.78523
	12.8007598	50.7861649
	12.8037013	50.7871638
	12.8081777	50.7878278
	12.8140598	50.7885947
	12.8150096	50.7899146
	12.8155015	50.7905935
	12.8203252	50.7931681
	12.8217892	50.7939214
	12.8223775	50.7942212
	12.8226174	50.7944041
	12.8240952	50.7942632
	12.8248971	50.7942902
	12.825478	50.794316
	12.8257733	50.7943193
	12.8264559	50.7943402
	12.8287475	50.7951641
	12.8302493	50.7954951
	12.8309522	50.79593
	12.831833	50.796312
	12.832122	50.7968769
	12.8324439	50.7971819
	12.8340007	50.7978298
	12.8347096	50.7979353
	12.8352105	50.7980098
	12.8358594	50.7981848
	12.8365923	50.7986048
	12.8367343	50.7990737
	12.836736	50.7991886
	12.8367582	50.7994857
	12.8378181	50.7998896
	12.8379348	50.7999381
	12.8385241	50.800183
	12.8384542	50.8003721
	12.8393714	50.8010633
	12.8400719	50.8016145
	12.8407009	50.8022003
	12.8413655	50.8015835
	12.8419605	50.8010426
	12.8435862	50.7995197
	12.8459279	50.7975078
	12.8469582	50.7970952
	12.8486206	50.7968001
	12.8494936	50.7964065
	12.8502466	50.7961642
	12.8504783	50.7960792
	12.8506533	50.7960062
	12.8508746	50.7959751
	12.8510035	50.7961042
	12.8534751	50.7950965
	12.8553458	50.7947336
	12.8558631	50.7946472
	12.8561688	50.7945962
	12.8569626	50.7944636
	12.8571526	50.7944326
	12.8577485	50.7942647
	12.8579105	50.7940937
	12.8579815	50.7940241
	12.8589153	50.7931088
	12.8595662	50.7932848
	12.8617239	50.7922549
	12.8628378	50.791873
	12.8631857	50.791762
	12.8656414	50.7909991
	12.8667622	50.7909501
	12.8703327	50.7907864
	12.8716443	50.790563
	12.8722832	50.790349
	12.8726282	50.790231
	12.873792	50.7893191
	12.8754568	50.7885142
	12.8755218	50.7884422
	12.8751439	50.7878243
	12.8733792	50.7861955
	12.87197	50.785042
	12.8722222	50.7849859
	12.8724034	50.7848958
	12.8727673	50.7847122
	12.873206	50.7845831
	12.8725859	50.7840501
	12.8723633	50.7839717
	12.8714795	50.7834988
	12.8692948	50.7826938
	12.8693858	50.7823579
	12.8690899	50.7820559
	12.8689759	50.7819379
	12.8689809	50.781473
	12.8693539	50.7798782
	12.8703917	50.7797712
	12.8709836	50.7796992
	12.8714596	50.7796642
	12.8736962	50.7795042
	12.8741053	50.7794839
	12.8745143	50.7794951
	12.875581	50.7794702
	12.875553	50.7801302
	12.8755302	50.7804178
	12.8759499	50.7804568
	12.8761937	50.7804568
	12.8766775	50.7804779
	12.8767578	50.7802102
	12.8767584	50.7794166
	12.8773617	50.7793863
	12.8777996	50.7800462
	12.8781606	50.7810261
	12.8783195	50.781461
	12.8806322	50.7815491
	12.8812955	50.7816435
	12.8821762	50.781647
	12.8821331	50.7810341
	12.8829509	50.7811141
	12.8835428	50.7812741
	12.8838977	50.7813621
	12.8841947	50.7815761
	12.8842357	50.7817131
	12.8843276	50.782014
	12.8844236	50.782327
	12.8835497	50.782453
	12.8844436	50.7829379
	12.8848205	50.7831469
	12.8851275	50.7833109
	12.8855084	50.7839298
	12.8857994	50.7845508
	12.8868332	50.7850167
	12.887957	50.7852647
	12.8924314	50.7834949
	12.8935603	50.782903
	12.8937661	50.7809983
	12.8925995	50.7788325
	12.8901149	50.7769257
	12.8888281	50.7759418
	12.8917926	50.7751312
	12.8946422	50.7739404
	12.895992	50.7730097
	12.8947085	50.7712652
	12.8944948	50.7707006
	12.8942694	50.770404
	12.8942753	50.7697526
	12.8938852	50.769736
	12.893853	50.7703863
	12.8931069	50.770596
	12.8925105	50.7708336
	12.890132	50.7705367
	12.8896035	50.7704542
	12.8895034	50.7696369
	12.8890584	50.7696482
	12.8883655	50.7697592
	12.8862384	50.7697291
	12.8855631	50.7698158
	12.8846898	50.7698154
	12.883323	50.7691355
	12.8821792	50.7686055
	12.8818839	50.7684722
	12.8795194	50.7670364
	12.8805202	50.7639226
	12.8813399	50.7616853
	12.884109	50.761973
	12.8869504	50.7622707
	12.8890573	50.762653
	12.8894843	50.7618273
	12.8895143	50.7615214
	12.8897763	50.7593126
	12.89178	50.7575388
	12.8928039	50.756628
	12.8931259	50.7541292
	12.8942158	50.7536023
	12.8966694	50.7523855
	12.9002749	50.7512986
	12.9018807	50.7505887
	12.9054632	50.7490779
	12.9060811	50.748292
	12.907405	50.7466792
	12.9079159	50.7464572
	12.9154739	50.7431277
	12.9173916	50.7442715
	12.9186064	50.7442226
	12.9252524	50.7428028
	12.9270822	50.7431048
	12.9325434	50.7440047
	12.9344631	50.7443557
	12.9387045	50.7467589
	12.9361707	50.7492611
	12.9361961	50.7508299
	12.9361967	50.750864
	12.9361977	50.7509699
	12.9362087	50.7522898
	12.936343	50.7533492
	12.9442894	50.7567724
	12.9443682	50.7567925
	12.947075	50.7574823
	12.952203	50.7587713
	12.9559743	50.7570945
	12.9575917	50.7561926
	12.958386	50.7554527
	12.9590948	50.7545461
	12.9597368	50.7540402
	12.9609598	50.7528154
	12.9620606	50.7516092
	12.9638037	50.7502947
	12.9647368	50.7506178
	12.9631204	50.751791
	12.9642848	50.7520399
	12.9636354	50.7525377
	12.9648131	50.7529835
	12.964589	50.7532191
	12.9649823	50.753745
	12.965416	50.7541045
	12.9657753	50.7537167
	12.966372	50.7532104
	12.9684985	50.7542043
	12.9679687	50.7546431
	12.9683597	50.7551695
	12.9712889	50.7560828
	12.9716326	50.7564286
	12.9717807	50.7568644
	12.971692	50.7577262
	12.9726699	50.7588717
	12.9732626	50.7590026
	12.9736453	50.7590132
	12.974038	50.7589563
	12.9743006	50.7588596
	12.9745489	50.7586584
	12.9747253	50.7584353
	12.9749961	50.7584106
	12.9752661	50.7586426
	12.97697	50.7605879
	12.9772639	50.7607217
	12.9780285	50.76081
	12.9781084	50.7605068
	12.9778422	50.7598332
	12.9777207	50.7596099
	12.9775324	50.7589758
	12.9776783	50.7586483
	12.9776689	50.758483
	12.9776289	50.7580275
	12.9776713	50.7578756
	12.9776619	50.7576836
	12.9777466	50.7575437
	12.9783137	50.7573546
	12.978429	50.7572429
	12.9787773	50.7573695
	12.9785985	50.7579039
	12.9785726	50.7587197
	12.9785491	50.7591455
	12.9786855	50.7596367
	12.9788273	50.7598668
	12.9790536	50.7608521
	12.9792062	50.7614955
	12.9794529	50.7621573
	12.9796576	50.7624278
	12.9802226	50.7622616
	12.980688	50.7622877
	12.981454	50.7624529
	12.9833326	50.7630177
	12.984345	50.7630915
	12.9858483	50.7635923
	12.9864809	50.7640176
	12.9872079	50.7648017
	12.9872503	50.7650101
	12.9871938	50.7651828
	12.9870624	50.765363
	12.9863325	50.7654209
	12.9857489	50.7653852
	12.9855815	50.7654073
	12.985608	50.765578
	12.9861536	50.7663129
	12.9867611	50.7666497
	12.9876366	50.7668851
	12.9880687	50.7669318
	12.9894236	50.7669822
	12.9897564	50.7671843
	12.9896765	50.7675295
	12.9893171	50.7677568
	12.9900011	50.7685875
	12.9900876	50.7689916
	12.9910261	50.7696188
	12.9912355	50.7705363
	12.9903206	50.7706712
	12.9895393	50.771292
	12.9895169	50.7718198
	12.9904337	50.7723845
	12.9906866	50.7728685
	12.990487	50.7732221
	12.9901275	50.7734115
	12.9897814	50.7735083
	12.9896563	50.773717
	12.9895351	50.7749352
	12.9905269	50.7748005
	12.9912457	50.7746069
	12.9914721	50.7747542
	12.9910328	50.7751289
	12.9904603	50.7752509
	12.9897881	50.7754908
	12.9900676	50.7759412
	12.9901874	50.7762863
	12.9902074	50.7765473
	12.9900809	50.7768209
	12.9899212	50.7769429
	12.9895019	50.7770187
	12.9889228	50.7769556
	12.9886858	50.7768088
	12.9880617	50.7771698
	12.9884935	50.7773172
	12.9893402	50.7784026
	12.9901325	50.7791223
	12.9916525	50.7797613
	12.9930895	50.7793834
	12.9945289	50.7786002
	12.9954664	50.7784432
	12.9958345	50.7779652
	12.9968499	50.7774995
	12.9981238	50.7772773
	12.9984205	50.7769327
	12.9995014	50.776309
	13.0008428	50.7759098
	13.0021368	50.7756604
	13.0030256	50.7751935
	13.0049067	50.7750309
	13.005514	50.7744032
	13.0059045	50.7736834
	13.0068622	50.7729524
	13.0081813	50.7724281
	13.0086269	50.7721818
	13.0088599	50.7718442
	13.0094956	50.7714352
	13.0102672	50.7713645
	13.0106344	50.7714403
	13.0110735	50.7715181
	13.0118022	50.7715458
	13.0129009	50.771178
	13.0145833	50.7701608
	13.0168823	50.7691601
	13.0169809	50.7693822
	13.0176437	50.7688857
	13.017857	50.7690437
	13.0180031	50.7691451
	13.0183258	50.7692313
	13.0188537	50.7693705
	13.0206171	50.7702141
	13.0199367	50.7707393
	13.0197677	50.7710268
	13.0210893	50.7714678
	13.0219485	50.7718415
	13.0220824	50.7726812
	13.0228094	50.7730091
	13.0221354	50.7738084
	13.0217201	50.775299
	13.0220452	50.7758791
	13.021671	50.7767594
	13.0228374	50.7772762
	13.0249799	50.7796187
	13.0256594	50.7805121
	13.0279484	50.7822261
	13.0293433	50.7851419
	13.0312213	50.7859962
	13.0306071	50.7873586
	13.0295582	50.7893304
	13.0287943	50.7907613
	13.0295432	50.7911012
	13.0315539	50.7919671
	13.0318808	50.7921121
	13.0346684	50.793333
	13.0376789	50.7954988
	13.0385208	50.7967387
	13.0399245	50.7988064
	13.0404314	50.7995504
	13.0411573	50.8006602
	13.0417998	50.8013998
	13.0429126	50.802402
	13.0424774	50.8035916
	13.0438582	50.8039506
	13.0447893	50.8045889
	13.0452154	50.8063633
	13.0467382	50.8063901
	13.0482477	50.8065916
	13.0489308	50.8067038
	13.0514426	50.8075456
	13.0530353	50.8105212
	13.0498664	50.8115118
	13.0499836	50.8120793
	13.0498811	50.812217
	13.0497721	50.8130279
	13.0495468	50.8132438
	13.0488617	50.8143085
	13.0479383	50.8144986
	13.0469542	50.8146758
	13.045278	50.8152399
	13.0422963	50.8166288
	13.0410358	50.8176966
	13.039587	50.8183753
	13.0393549	50.8189134
	13.041248	50.8213953
	13.0415716	50.8221257
	13.0423386	50.8225652
	13.0426573	50.822261
	13.0433241	50.821992
	13.0437888	50.8228212
	13.0443545	50.8246468
	13.044572	50.8249407
	13.0455136	50.826284
	13.0465609	50.8279627
	13.0476863	50.8298295
	13.0477558	50.8304705
	13.0479317	50.8316491
	13.0487179	50.832884
	13.0495877	50.8340227
	13.0494972	50.8361053
	13.0494542	50.8385269
	13.0490332	50.8407742
	13.0487949	50.8411431
	13.0487273	50.8423751
	13.0472463	50.8420215
	13.0461354	50.8419975
	13.0453485	50.8419558
	13.0437843	50.8421768
	13.043213	50.8423971
	13.0429177	50.8426218
	13.0416535	50.84278
	13.0397806	50.8431246
	13.037337	50.8436404
	13.0361981	50.8439193
	13.0356708	50.8440824
	13.0332262	50.8452405
	13.0333657	50.8457363
	13.0331104	50.8464502
	13.0324206	50.8471141
	13.0330221	50.8480668
	13.0311107	50.8480591
	13.0282749	50.8484383
	13.0261787	50.8472548
	13.0259301	50.8472648
	13.0255928	50.8471813
	13.0244166	50.8466776
	13.0239515	50.8465193
	13.023553	50.8462273
	13.022014	50.8463494
	13.0183698	50.8472991
	13.0163062	50.8480765
	13.014355	50.8486752
	13.0117871	50.8498775
	13.0112881	50.8493596
	13.0099898	50.8503854
	13.0090729	50.8512933
	13.008458	50.8518502
	13.0079191	50.8519762
	13.0069752	50.8520672
	13.0063093	50.8519952
	13.0053555	50.8517852
	13.0044736	50.8515942
	13.003827	50.8515278
	13.0022687	50.8512992
	13.0013143	50.851138
	12.9998494	50.8509426
	12.9988523	50.850846
	12.9979183	50.8508294
	12.9948822	50.8509139
	12.9937051	50.8509821
	12.992703	50.8510769
	12.9911298	50.8512596
	12.9896537	50.8514873
	12.987093	50.8521827
	12.9866801	50.8522567
	12.9866747	50.8518256
	12.9865509	50.8513699
	12.9860024	50.85009
	12.9853415	50.849404
	12.9851117	50.8491233
	12.9848135	50.8487762
	12.9846229	50.8484516
	12.9844991	50.8482441
	12.9844405	50.8480915
	12.9842259	50.8476183
	12.9840544	50.8473356
	12.9834026	50.8475116
	12.9830752	50.8476177
	12.9827231	50.8477026
	12.9822898	50.847761
	12.9815427	50.8479132
	12.9810163	50.8480927
	12.9812203	50.8483073
	12.981779	50.8487966
	12.982509	50.8494651
	12.982628	50.8496006
	12.9835671	50.8506452
	12.9837551	50.8509279
	12.9840644	50.8513176
	12.9841875	50.8516195
	12.9842885	50.8519792
	12.9842888	50.8524333
	12.984313	50.8528479
	12.9844545	50.853433
	12.9844545	50.8538326
	12.9844683	50.8542051
	12.9844605	50.854705
	12.9844297	50.8549959
	12.984193	50.8549523
	12.9838801	50.8549127
	12.9832664	50.8548374
	12.9831526	50.8552298
	12.9830982	50.8554053
	12.9832048	50.8556954
	12.9842518	50.8561547
	12.9846064	50.856392
	12.9850177	50.8566274
	12.985561	50.856984
	12.986061	50.8574014
	12.9863385	50.8576129
	12.9870124	50.8581465
	12.9871838	50.8590457
	12.9871885	50.8594839
	12.9870739	50.8598044
	12.9869756	50.8599904
	12.98679	50.8602816
	12.9867198	50.8604799
	12.9866925	50.8606866
	12.9877064	50.8605223
	12.987853	50.861076
	12.9878955	50.8615067
	12.987822	50.8617422
	12.9876471	50.8619443
	12.9873098	50.8621073
	12.9868677	50.8622512
	12.9867831	50.862436
	12.9867694	50.8628357
	12.9872118	50.8631208
	12.9882495	50.863945
	12.98758	50.8641171
	12.9866408	50.8644849
	12.9866931	50.8646948
	12.9866667	50.8648266
	12.9873539	50.8650251
	12.9884521	50.8652387
	12.9885514	50.865141
	12.9920863	50.8660342
	12.9919551	50.8662563
	12.9921601	50.866348
	12.9930466	50.8667645
	12.9931961	50.8668855
	12.993712	50.8671571
	12.9934987	50.8674649
	12.9930879	50.8683685
	12.9930291	50.86864
	12.9937127	50.8688214
	12.9947389	50.8689318
	12.996036	50.8689431
	12.9962647	50.8684385
	12.9972418	50.8692088
	12.9966174	50.8692592
	12.9957925	50.8692545
	12.9945905	50.8692623
	12.9934739	50.8691952
	12.9927659	50.8690414
	12.9925556	50.8692977
	12.993394	50.8703469
	12.9929509	50.8708124
	12.9931313	50.8712175
	12.9938858	50.8719232
	12.9943403	50.8713186
	12.9947252	50.8715091
	12.9951718	50.8716482
	12.9955979	50.8717149
	12.9953291	50.8721192
	12.9958534	50.8722744
	12.9956294	50.8732469
	12.9954642	50.8734714
	12.995642	50.8738755
	12.9959274	50.8740503
	12.9962608	50.8733503
	12.9995579	50.8741518
	12.9986679	50.875219
	12.9982418	50.8756413
	12.9967032	50.8768663
	12.9957403	50.8776522
	12.9949614	50.8782861
	12.9906693	50.8816186
	12.9903386	50.8818113
	12.9899102	50.8821441
	12.989496	50.882475
	12.987133	50.8840063
	12.9871695	50.8840994
	12.9874384	50.8845384
	12.9875424	50.8850073
	12.9877263	50.8858352
	12.9887852	50.8851563
	12.989872	50.8853083
	12.990202	50.8854233
	12.9906329	50.8855533
	12.9914808	50.8863352
	12.9916807	50.8874261
	12.9909458	50.8875521
	12.9904529	50.8873801
	12.989743	50.8873231
	12.9888332	50.8873571
	12.9888022	50.887651
	12.9881842	50.887727
	12.9880952	50.888132
	12.9885352	50.888097
	12.9901189	50.888254
	12.9905129	50.8886729
	12.9907618	50.8889399
	12.9910238	50.8894589
	12.9909348	50.8896608
	12.9903589	50.8892879
	12.989792	50.8889179
	12.989648	50.8890589
	12.989292	50.8894138
	12.9883482	50.8902757
	12.9898139	50.8914736
	12.9901319	50.8917256
	12.9897469	50.8917326
	12.989364	50.8918896
	12.9882211	50.8919736
	12.9879732	50.8917476
	12.9875793	50.8913966
	12.9870963	50.8911186
	12.9869644	50.8910037
	12.9864374	50.8917746
	12.9862544	50.8920725
	12.9860185	50.8922975
	12.9851956	50.8927134
	12.9841967	50.8930794
	12.9836568	50.8925565
	12.9833499	50.8922595
	12.9828789	50.8926064
	12.982321	50.8927324
	12.9814431	50.8926594
	12.9785945	50.8937123
	12.9756289	50.8947921
	12.9747051	50.8942242
	12.9738822	50.8936472
	12.9727494	50.8940822
	12.9713576	50.8944181
	12.9687949	50.8949291
	12.9674601	50.895231
	12.9667312	50.8947921
	12.9660044	50.8943571
	12.9653615	50.8937812
	12.9645756	50.8927973
	12.962115	50.8926523
	12.9601613	50.8925373
	12.9579634	50.8923743
	12.9578536	50.8923663
	12.9577076	50.8923543
	12.9573577	50.8918393
	12.9567408	50.8918203
	12.9563358	50.8918283
	12.9559549	50.8919193
	12.955048	50.8921183
	12.9537582	50.8925572
	12.9532653	50.8927212
	12.9531503	50.8919613
	12.9531543	50.8909314
	12.9536662	50.8908284
	12.9545841	50.8906494
	12.955434	50.8904814
	12.955262	50.8900965
	12.9540322	50.8901345
	12.9536313	50.8901535
	12.9530993	50.8901765
	12.9518536	50.8875667
	12.9509777	50.8872998
	12.9496639	50.8873158
	12.9478822	50.8872158
	12.9478631	50.8886086
	12.9478431	50.8899744
	12.9468513	50.8900654
	12.946763	50.8926707
	12.9449455	50.8928351
	12.9452795	50.8897494
	12.9453065	50.8895015
	12.9446646	50.8893715
	12.9443416	50.8898334
	12.9441666	50.8900884
	12.9439607	50.8906223
	12.9435817	50.8908933
	12.9430259	50.8910525
	12.9422379	50.8910883
	12.9401402	50.8904853
	12.9382465	50.8899784
	12.9381962	50.8898672
	12.938169	50.8898072
	12.9381051	50.8896661
	12.9380394	50.8895211
	12.9379286	50.8892764
	12.9366758	50.8889215
	12.9355727	50.8889538
	12.935243	50.8889635
	12.9345781	50.8889824
	12.9343661	50.8889864
	12.9341691	50.8889904
	12.9340981	50.8889904
	12.9337362	50.8890014
	12.9330333	50.8890094
	12.9317215	50.8888944
	12.9317485	50.8904393
	12.9307266	50.8908742
	12.9303807	50.8897683
	12.9291858	50.8899283
	12.9274921	50.8898903
	12.9262923	50.8898673
	12.9261763	50.8893863
	12.9254754	50.8893063
	12.9240706	50.8892073
	12.9240466	50.8883874
	12.9241933	50.8864714
	12.9239164	50.8864509
	12.9235378	50.8864212
	12.9228295	50.8863512
	12.9223121	50.8863088
	12.9218833	50.886211
	12.920919	50.8862276
	12.9206086	50.8866106
	12.9203898	50.8868871
	12.920007	50.8871795
	12.9188001	50.8882654
	12.9166376	50.8891251
	12.9150069	50.8895981
	12.9136401	50.8902238
	12.9128522	50.8905119
	12.9121559	50.890722
	12.9114006	50.8909683
	12.9108164	50.8911697
	12.9094386	50.8916038
	12.9077396	50.891954
	12.9067749	50.8921297
	12.9057756	50.8922863
	12.9043255	50.8923418
	12.9035985	50.8923948
	12.9020549	50.8923951
	12.9007925	50.8923473
	12.9005731	50.8923688
	12.8999147	50.8923095
	12.8982405	50.8922731
	12.8970484	50.89224
	12.8966686	50.8921718
	12.8957512	50.8919706
	12.8953146	50.891896
	12.8947218	50.8917738
	12.8940839	50.8915985
	12.8938794	50.8915532
	12.8937226	50.8915534
	12.8934834	50.8915695
	12.8935659	50.8916901
	12.8940321	50.892325
	12.8945926	50.8930461
	12.8956033	50.894124
	12.8955776	50.8942125
	12.895871	50.8944907
	12.8947491	50.8949466
	12.8968677	50.8954929
	12.8959996	50.8963618
	12.8957074	50.8977879
	12.8970774	50.8991794
	12.8982579	50.8993745
	12.8961122	50.9013479
	12.8920224	50.9024002
	12.8897568	50.9027431
	12.8886074	50.9034783
	12.8883172	50.9038205
	12.8861183	50.9035151
	12.8835016	50.9023646
	12.8818246	50.9019485
	12.8794847	50.9016338
	12.8743788	50.9015246
	12.8730989	50.9005969
	12.8720083	50.9005438
	12.8710694	50.9012646
	12.8710084	50.9013114
	12.8699473	50.9018493
	12.8687955	50.9019089
	12.8672399	50.9012167
	12.8656144	50.900602
	12.8635534	50.8992149
	12.8626543	50.8985664
	12.8621329	50.8981904
	12.8605695	50.8985059
	12.8592734	50.8985993
	12.8561267	50.898313
	12.855204	50.8979808
	12.8540732	50.8981682
	12.8514886	50.8978915
	12.8501368	50.8978028
	12.8491089	50.8979436
	12.8478307	50.897522
	12.8460808	50.8963283
	12.843758	50.895094
	12.8415071	50.8936593
	12.8394762	50.8923573
	12.8376448	50.8916968
	12.8371289	50.8916549
	12.8370549	50.8916441
	12.8377867	50.8901993
	12.8389644	50.8878725
	12.8397712	50.8858941
	12.837663	50.8870339
	12.8355454	50.8874717
	12.8337664	50.8874599
	12.8327559	50.88729
	12.8313391	50.8865104
	12.8283773	50.8847906
	12.8279635	50.8845278
	12.8275823	50.8842529
	12.8272133	50.8839913
	12.8273908	50.8831636
	12.8269007	50.882123
	12.8260605	50.8808878
	12.8250946	50.8792174
	12.8247309	50.8785134
	12.8247559	50.8781651
	12.8246701	50.8777015
	12.8248026	50.8772339
	12.8247417	50.8771159
	12.8237619	50.8766982
	12.8208195	50.8785312
	12.8187163	50.8776638
	12.8135541	50.8739981
	12.8078121	50.8700805
	12.8032308	50.8671508
	12.8040389	50.8655898
	12.804651	50.8644632
	12.8048028	50.8623317
	12.805789	50.8610785
	12.8037591	50.8588939
	12.8033179	50.8585638
	12.8021012	50.8540243
	12.8022742	50.8526324
	12.80437	50.8495308
	12.8051633	50.8473597
	12.8043678	50.8471518
	12.8030427	50.8464645
	12.8008406	50.8451107
	12.7990398	50.8441138
	12.7964123	50.8435126
	12.7936792	50.8423528
	12.7924861	50.8415862
	12.7922007	50.8402285
	12.7889649	50.8382735
	12.7878963	50.8391611
	12.7858449	50.8386819
	12.783291	50.8370481
	12.7828559	50.8365014
	12.7905222	50.8321834
	12.7895083	50.8315312
	12.7879148	50.8306805
	12.7867191	50.8301255
	12.7856183	50.8296841
	12.7841997	50.8292073
	12.7824107	50.8286714
	12.7797376	50.8313672
	12.7785059	50.8322644
	12.7760173	50.8304246
	12.7774255	50.8293701
	12.7747873	50.8274028
	12.7754922	50.8267072
	12.7712548	50.8246601
	12.7658951	50.8302275
	12.76249	50.8293948
	12.764927	50.8264758
	12.7649752	50.8252602
	12.7654532	50.8244585
	12.7651034	50.8242047
	12.7665115	50.8232045
	12.76179	50.8218618
	12.7548859	50.8216513
	12.7545222	50.8228075
	12.7536589	50.824317
	12.7507229	50.8242005
	12.7497026	50.8249791
	12.7491054	50.8253526
	12.7483935	50.8256026
	12.7485516	50.825979
	12.7470218	50.8265889
	12.7435623	50.8279667
	12.7382021	50.8294125
	12.7379411	50.8287326
	12.7373823	50.8266688
	12.7373823	50.825288
	12.7372653	50.8240521
	12.7319572	50.8202605
	12.7275907	50.8170908
	12.7275333	50.816595
END
END
