3247907
1
	8.0551003	49.0697393
	8.0558368	49.0697323
	8.0556174	49.0679364
	8.0554538	49.0659654
	8.0555836	49.065972
	8.0558202	49.0641507
	8.056185	49.0641096
	8.0566334	49.0617771
	8.0567724	49.0617166
	8.0570111	49.0607408
	8.0572182	49.0607306
	8.0575035	49.0607116
	8.0591297	49.0608774
	8.0605625	49.0612853
	8.0619453	49.0617663
	8.0630022	49.0621052
	8.0637491	49.0623042
	8.0643	49.0623342
	8.0649159	49.0622662
	8.0654688	49.0620943
	8.0661278	49.0621822
	8.0667867	49.0622962
	8.0673376	49.0623422
	8.0680855	49.0624722
	8.0686344	49.0624752
	8.0692168	49.0627482
	8.0694813	49.0628722
	8.0696233	49.0629522
	8.0697642	49.0617433
	8.0697832	49.0609614
	8.0697932	49.0607894
	8.0700922	49.0590886
	8.0702648	49.0579077
	8.0702802	49.0578027
	8.0703182	49.0575088
	8.0702292	49.0572568
	8.0702256	49.0572467
	8.0701712	49.0570928
	8.0701342	49.0569748
	8.0700582	49.0567729
	8.0700842	49.0566999
	8.0706971	49.0542361
	8.0699103	49.0537172
	8.0701542	49.0532823
	8.0705282	49.0534002
	8.0706871	49.0529393
	8.0710601	49.0529123
	8.0712631	49.0522904
	8.0709341	49.0521874
	8.0711601	49.0513785
	8.0713601	49.0511345
	8.071711	49.0509847
	8.07172	49.0508255
	8.071762	49.0499976
	8.0713681	49.0498066
	8.0718706	49.046648
	8.0726629	49.0442223
	8.0731528	49.0432004
	8.0738877	49.0421205
	8.0742897	49.0414106
	8.0744007	49.0410826
	8.0743397	49.0404877
	8.0743487	49.0391029
	8.0745317	49.03821
	8.0746237	49.037631
	8.0748926	49.0367801
	8.0756695	49.0351773
	8.0757655	49.0349793
	8.0759475	49.0340404
	8.0764604	49.0331485
	8.0746407	49.0322636
	8.0742348	49.0302838
	8.0742378	49.0298519
	8.0750457	49.0277581
	8.0750687	49.0270642
	8.0740938	49.0251414
	8.0738518	49.0246225
	8.0737739	49.0242185
	8.0737799	49.0230237
	8.0738928	49.0224177
	8.0741198	49.0217688
	8.0743238	49.0209149
	8.0743518	49.020022
	8.0743378	49.0188511
	8.0739779	49.0168863
	8.0724661	49.0155545
	8.0718132	49.0148186
	8.0712253	49.0139947
	8.0716432	49.0138387
	8.0697355	49.0126788
	8.0687946	49.0119269
	8.0665569	49.010695
	8.066126	49.0092342
	8.066198	49.0085393
	8.066405	49.0071704
	8.066368	49.0063045
	8.066306	49.0057546
	8.06666	49.0054116
	8.0670359	49.0050946
	8.0678138	49.0041718
	8.0687486	49.0028502
	8.0688334	49.0017468
	8.0686779	49.0009402
	8.0690786	49.0007321
	8.0685826	49.0000835
	8.068397	48.999405
	8.0684315	48.9993987
	8.068456	48.9993524
	8.0685334	48.9989006
	8.068569	48.998677
	8.068621	48.9985374
	8.0686039	48.9984114
	8.0685642	48.9982861
	8.0686208	48.9981926
	8.0687107	48.9981237
	8.0687654	48.9980552
	8.0688105	48.9979336
	8.0688267	48.9977543
	8.0688811	48.9976073
	8.0689634	48.9975042
	8.0690551	48.9974282
	8.0691677	48.9973953
	8.0692507	48.9974145
	8.0692986	48.9974537
	8.0693242	48.9975043
	8.0693309	48.9976129
	8.0693938	48.9976773
	8.0694813	48.9977034
	8.0696427	48.9976942
	8.0697792	48.9976384
	8.0700016	48.9974179
	8.0700012	48.997238
	8.0700801	48.9969787
	8.0701546	48.9968832
	8.0701619	48.996833
	8.0701181	48.9967647
	8.0700058	48.9966615
	8.0699796	48.9965486
	8.0699904	48.9964676
	8.070051	48.9963809
	8.0701005	48.9963552
	8.070191	48.9963779
	8.0705136	48.996557
	8.0706087	48.9965761
	8.0706892	48.9965648
	8.0707599	48.9964609
	8.0707312	48.9963787
	8.0707755	48.9962728
	8.070756	48.9961834
	8.0706325	48.996076
	8.0705156	48.9959205
	8.0705161	48.9958545
	8.0705659	48.9958113
	8.0706528	48.9958113
	8.070829	48.9959108
	8.0709097	48.996016
	8.0713067	48.9961677
	8.0714035	48.9961958
	8.0714863	48.9962514
	8.0715126	48.9964209
	8.0718859	48.9967663
	8.0720489	48.9967746
	8.0721559	48.9967432
	8.0725829	48.9964432
	8.0729392	48.9962983
	8.0733801	48.9961619
	8.0737054	48.9960821
	8.0738727	48.9960098
	8.0740965	48.9958497
	8.0742537	48.9956944
	8.0744002	48.9955154
	8.0745186	48.9954341
	8.0746635	48.9953774
	8.0748333	48.9953533
	8.0751475	48.9953479
	8.0755005	48.9953813
	8.0757672	48.9953748
	8.0759805	48.9953399
	8.0769798	48.9952888
	8.0773942	48.9953408
	8.0775461	48.9953445
	8.0776685	48.9953314
	8.0777605	48.9952505
	8.0778014	48.9951487
	8.0778035	48.994951
	8.0778497	48.9948039
	8.0781918	48.9946073
	8.0782794	48.9944997
	8.0783901	48.9942843
	8.0785572	48.9941121
	8.0787389	48.9939981
	8.0790176	48.9939477
	8.0796934	48.9937993
	8.0799518	48.9937334
	8.0802407	48.9936799
	8.0804409	48.9936681
	8.0810136	48.9937442
	8.0812565	48.9937719
	8.0814633	48.9937598
	8.0817074	48.9936955
	8.082135	48.9936567
	8.0823889	48.9936872
	8.0824946	48.9937244
	8.0826944	48.9938453
	8.0828932	48.9939011
	8.0830133	48.9938916
	8.083149	48.9938233
	8.0832572	48.9937911
	8.0833056	48.993735
	8.0832804	48.9936461
	8.0830281	48.9933563
	8.0830082	48.9932645
	8.0831349	48.9931983
	8.083275	48.9931819
	8.0834053	48.9931928
	8.0835951	48.99331
	8.0838757	48.9933783
	8.0840055	48.9933847
	8.0840935	48.9933708
	8.084294	48.993162
	8.0844414	48.9929406
	8.0845217	48.9928837
	8.0846045	48.9928822
	8.0848275	48.9930322
	8.0851873	48.9932039
	8.085483	48.9932662
	8.0857042	48.9932534
	8.0859731	48.9931644
	8.0860615	48.9930975
	8.086091	48.9930336
	8.086075	48.9928845
	8.0854233	48.992593
	8.085373	48.9925349
	8.0854494	48.9924548
	8.0865705	48.9921608
	8.0868485	48.9920706
	8.0870554	48.9919691
	8.0872835	48.9918346
	8.0876694	48.9916296
	8.0876854	48.9915638
	8.0875705	48.991391
	8.0874343	48.9911091
	8.0873884	48.9908046
	8.0872401	48.9906057
	8.087213	48.990497
	8.0872544	48.9904519
	8.0873935	48.9903613
	8.0875165	48.9902182
	8.0875375	48.9899908
	8.0876696	48.9898126
	8.0880057	48.9897003
	8.0881105	48.9897184
	8.0881929	48.9898148
	8.088184	48.9899314
	8.0880532	48.990166
	8.0878858	48.9904033
	8.087956	48.9905081
	8.0883017	48.9905245
	8.0888795	48.9904755
	8.0890476	48.9903916
	8.0891585	48.9902352
	8.0892347	48.9900294
	8.0893831	48.9898893
	8.0894839	48.9898383
	8.0896143	48.989804
	8.0897199	48.9898177
	8.0898992	48.9899205
	8.0901737	48.9900047
	8.0903595	48.9899485
	8.0906493	48.98979
	8.0909298	48.9896077
	8.0913291	48.9892807
	8.0914311	48.9892401
	8.0915694	48.9892288
	8.0918644	48.9892963
	8.0920414	48.9893454
	8.0922369	48.9893731
	8.0925362	48.9893439
	8.0928011	48.9892791
	8.0929137	48.9892675
	8.0930535	48.989291
	8.0932443	48.9893856
	8.093372	48.9894272
	8.0934748	48.9894385
	8.0935765	48.9894251
	8.0939613	48.9893355
	8.0940674	48.9893289
	8.0942156	48.9893484
	8.0943033	48.9894284
	8.0943404	48.9895331
	8.0944258	48.9896097
	8.0946792	48.9895992
	8.094927	48.9895563
	8.0951643	48.9894834
	8.0953989	48.9893884
	8.0955648	48.9893449
	8.0960948	48.9892947
	8.096415	48.9893223
	8.0964894	48.9893977
	8.0964934	48.9894717
	8.096541	48.9895577
	8.0966778	48.9896558
	8.0968161	48.9896991
	8.0970175	48.9896372
	8.097264	48.9895041
	8.097328	48.9894371
	8.0973532	48.9893593
	8.0973101	48.9892048
	8.0973469	48.9891294
	8.0974405	48.989043
	8.0975567	48.9889741
	8.0976159	48.9888954
	8.0976305	48.9887762
	8.0976131	48.9886069
	8.0976908	48.9885797
	8.0978162	48.9885899
	8.0978786	48.9886655
	8.0979313	48.9887955
	8.0981452	48.9889985
	8.0982877	48.9891608
	8.0984411	48.9892398
	8.0985832	48.9892525
	8.098719	48.9892258
	8.0987992	48.9891655
	8.0988257	48.9890716
	8.098714	48.9888616
	8.0987056	48.9887894
	8.0987488	48.9887169
	8.0989763	48.9886832
	8.0991707	48.9886863
	8.0993183	48.9887304
	8.0994289	48.9889158
	8.0995338	48.9889761
	8.0997893	48.9889679
	8.0999672	48.9889367
	8.1000621	48.988987
	8.1001047	48.9891078
	8.1002136	48.9892642
	8.100283	48.9895159
	8.1004584	48.9899067
	8.1005162	48.9899435
	8.1006019	48.9899452
	8.1009473	48.9898588
	8.1010921	48.9898395
	8.1013384	48.9898316
	8.101557	48.9898003
	8.1016518	48.989773
	8.1018953	48.9895943
	8.1019796	48.9894865
	8.1020586	48.9894308
	8.1021673	48.9893953
	8.1026759	48.9893794
	8.1028085	48.989354
	8.1031535	48.9892695
	8.1034117	48.9891672
	8.1035182	48.9891575
	8.1040597	48.9890153
	8.1046713	48.9888757
	8.1049834	48.9888186
	8.1051883	48.9888122
	8.1052964	48.9888304
	8.1056565	48.989002
	8.1058133	48.9891042
	8.106022	48.9891686
	8.1063564	48.9891658
	8.1065502	48.989163
	8.1067315	48.9891305
	8.1068632	48.989084
	8.1069577	48.9890089
	8.106923	48.9888642
	8.1068211	48.9886467
	8.1067708	48.9886118
	8.1066806	48.9886022
	8.1064831	48.9887247
	8.1063939	48.9887258
	8.1062869	48.9886877
	8.1061457	48.9885223
	8.1060658	48.9883359
	8.1061147	48.9882862
	8.1062308	48.9882458
	8.1062948	48.9881983
	8.1063941	48.9880141
	8.1064461	48.9879815
	8.1067123	48.9878796
	8.1069052	48.9877948
	8.1070749	48.987745
	8.107487	48.9877617
	8.1077037	48.9876653
	8.1079015	48.9876223
	8.1080505	48.9876208
	8.108217	48.9876408
	8.1082727	48.9876005
	8.1082498	48.9875222
	8.1081641	48.9874515
	8.1078002	48.9874084
	8.1076643	48.987372
	8.1075667	48.9873318
	8.1074312	48.9872539
	8.1074302	48.9871751
	8.1075106	48.987122
	8.1075236	48.9870771
	8.1074538	48.986899
	8.107444	48.9868398
	8.1075848	48.9865412
	8.1077263	48.9863536
	8.1081307	48.9862091
	8.1083495	48.9861606
	8.1085352	48.9862487
	8.1086388	48.9864331
	8.1086494	48.9865631
	8.1086057	48.9867258
	8.1086859	48.9869639
	8.1087672	48.9870851
	8.1088791	48.9871357
	8.1089552	48.9871536
	8.1091231	48.9872643
	8.1092831	48.9873267
	8.1094227	48.9873122
	8.1094939	48.9872758
	8.1097038	48.987085
	8.1099299	48.9870301
	8.1101423	48.9870051
	8.110333	48.9870187
	8.1103847	48.9871293
	8.1104876	48.9871811
	8.1105873	48.9871866
	8.1107079	48.987131
	8.1108155	48.9870618
	8.1107976	48.986987
	8.1105529	48.9868036
	8.1104131	48.9865722
	8.1104002	48.9865301
	8.1104124	48.9863998
	8.1104654	48.9863566
	8.1105483	48.9863539
	8.1106793	48.9864028
	8.1109732	48.9865874
	8.111034	48.9868056
	8.111095	48.9868797
	8.1112057	48.9869791
	8.1112664	48.9872355
	8.1113336	48.9872936
	8.1117017	48.9873822
	8.1118797	48.9873747
	8.1119879	48.9873348
	8.1120235	48.9872692
	8.1119965	48.9871273
	8.11196	48.9870099
	8.111861	48.9868836
	8.1117179	48.9867701
	8.1117629	48.9867071
	8.1118475	48.9866803
	8.1119679	48.9866773
	8.1120887	48.9867064
	8.1123554	48.9867267
	8.1125084	48.9867684
	8.1126487	48.9868378
	8.1129054	48.9869973
	8.1130258	48.9870422
	8.1131298	48.9870472
	8.1132757	48.986977
	8.1133716	48.9867932
	8.1134105	48.9867306
	8.1135302	48.9866533
	8.1136969	48.9865976
	8.1138345	48.9865952
	8.1139368	48.9865248
	8.1139463	48.9864793
	8.113933	48.986405
	8.1139725	48.986304
	8.1141171	48.9861662
	8.1142475	48.9860831
	8.1145941	48.9859284
	8.1146466	48.9859197
	8.1147323	48.9859409
	8.114907	48.9861593
	8.1149214	48.9862335
	8.1148889	48.9862967
	8.114779	48.986429
	8.1146666	48.9864909
	8.1145483	48.9865119
	8.1144927	48.9865732
	8.1144825	48.9866412
	8.1145624	48.9867406
	8.1148264	48.9870107
	8.1149313	48.9870504
	8.1150518	48.9870286
	8.1154633	48.9868833
	8.1157783	48.9868494
	8.116126	48.9867043
	8.1163072	48.9865579
	8.1163553	48.9864527
	8.1164357	48.9863822
	8.116659	48.9863034
	8.1167987	48.9862806
	8.1169111	48.9862967
	8.1172006	48.986453
	8.1173189	48.9864515
	8.1173989	48.986395
	8.1174275	48.9862885
	8.1174068	48.9862288
	8.1173554	48.9861887
	8.1169836	48.9859908
	8.1169169	48.9859364
	8.1168878	48.9858824
	8.1168879	48.9858149
	8.1169865	48.9857619
	8.1170941	48.9857362
	8.117241	48.9857258
	8.1175536	48.9856515
	8.1177371	48.9856325
	8.117832	48.9856547
	8.1179223	48.9857063
	8.1182137	48.9859765
	8.1183307	48.9860126
	8.1185422	48.9860087
	8.1186366	48.9860369
	8.118689	48.986095
	8.1186819	48.9861711
	8.118764	48.9862787
	8.1188746	48.9863188
	8.1189652	48.9863045
	8.1190603	48.9862599
	8.119105	48.9862037
	8.1190931	48.9861405
	8.1189836	48.9859646
	8.1189554	48.9859083
	8.1189469	48.9858352
	8.1189892	48.9857678
	8.1190664	48.9856972
	8.1192214	48.9856099
	8.1194473	48.9854079
	8.1194934	48.9853441
	8.1194716	48.9852455
	8.1192553	48.98512
	8.1192135	48.9850741
	8.1192086	48.9850031
	8.1193623	48.9848168
	8.1194602	48.9847676
	8.119694	48.9847303
	8.1201229	48.9848908
	8.1203704	48.9849413
	8.1206459	48.9849783
	8.1207645	48.9850181
	8.1210564	48.9851668
	8.1212622	48.9853288
	8.121438	48.9855164
	8.1215386	48.985773
	8.1216165	48.9858351
	8.1217188	48.9858329
	8.1219868	48.9857278
	8.1221838	48.9856684
	8.1224124	48.9856456
	8.1227638	48.9856788
	8.1228002	48.9858831
	8.1228835	48.9860986
	8.1229749	48.9862158
	8.1231601	48.9864176
	8.1232485	48.9865398
	8.1234821	48.9865888
	8.1235762	48.9865757
	8.1236781	48.9864821
	8.1239082	48.9861697
	8.1240142	48.9860924
	8.1241435	48.9860386
	8.1244284	48.9859409
	8.1245537	48.9858723
	8.1246169	48.9857994
	8.1245847	48.9857478
	8.1244705	48.9856778
	8.1243229	48.9856238
	8.1238942	48.985563
	8.1238129	48.9855889
	8.1238035	48.9857716
	8.1237136	48.9858496
	8.1236188	48.9858246
	8.1235739	48.9857708
	8.1235618	48.9855955
	8.1235759	48.9855213
	8.1237067	48.9851592
	8.1238135	48.9850789
	8.1241617	48.9849184
	8.1244094	48.9848391
	8.1246528	48.9848374
	8.1248159	48.98487
	8.1251179	48.9849126
	8.1251954	48.9849024
	8.1252424	48.9848741
	8.125334	48.9847194
	8.1254032	48.9846409
	8.1255234	48.9845635
	8.1256895	48.9844698
	8.1257317	48.9844017
	8.1256158	48.984128
	8.1256019	48.9840171
	8.1256639	48.983939
	8.1258364	48.9838864
	8.1259474	48.9838772
	8.1261344	48.9838779
	8.1265035	48.9838622
	8.1267512	48.9838605
	8.1268901	48.9838318
	8.126991	48.9837595
	8.1270266	48.9836666
	8.1270565	48.9835019
	8.1271995	48.98329
	8.1272489	48.9832605
	8.1273688	48.9832413
	8.127493	48.9832512
	8.127612	48.9833027
	8.1277443	48.9833266
	8.1278772	48.9833175
	8.1279561	48.9832907
	8.127997	48.9832664
	8.1280715	48.9831709
	8.128084	48.9830748
	8.1280057	48.9829666
	8.1277632	48.9827713
	8.127732	48.9827231
	8.1277169	48.9826561
	8.127752	48.9826057
	8.1279982	48.9825129
	8.1281841	48.9823961
	8.1282852	48.9823561
	8.1283572	48.9823645
	8.1284061	48.982416
	8.1284488	48.9824924
	8.1286153	48.9826304
	8.1287307	48.9826949
	8.1288689	48.9827154
	8.1291399	48.9827323
	8.1293189	48.9827665
	8.1293998	48.9827969
	8.1296247	48.9829684
	8.1297768	48.9830403
	8.1299222	48.9830555
	8.1304337	48.983102
	8.1307404	48.9831085
	8.1309198	48.9831306
	8.1310871	48.9831737
	8.1311899	48.9831721
	8.1312737	48.983157
	8.1316007	48.9830685
	8.1316377	48.983027
	8.1316346	48.9829839
	8.1315959	48.9829321
	8.1313239	48.9828065
	8.1312584	48.9826908
	8.1312862	48.9826241
	8.1314638	48.9823848
	8.1315811	48.9822427
	8.1316283	48.9821479
	8.1316579	48.9820342
	8.1317427	48.9819105
	8.1318299	48.9818761
	8.1319183	48.9818686
	8.1321623	48.9818815
	8.132347	48.9819027
	8.1325251	48.9819056
	8.1326014	48.9818646
	8.1326473	48.9818069
	8.1326954	48.981717
	8.1326968	48.9816479
	8.1326726	48.9814842
	8.1326546	48.9813365
	8.1326459	48.9812368
	8.1326515	48.9811793
	8.1326696	48.9811506
	8.1326904	48.9811309
	8.1327432	48.9811124
	8.1328447	48.9811032
	8.1331304	48.9811766
	8.1333358	48.9812047
	8.1334528	48.9812113
	8.1335151	48.9812387
	8.1336118	48.9813066
	8.1337105	48.9813854
	8.133805	48.9814349
	8.1339207	48.9815023
	8.1340225	48.9815284
	8.1341683	48.9815522
	8.134301	48.9815476
	8.1344315	48.9815292
	8.1345211	48.9815023
	8.1346449	48.9814413
	8.1347409	48.9813936
	8.1348047	48.9813755
	8.1348944	48.9813621
	8.1350018	48.981352
	8.1351732	48.9813513
	8.1353014	48.9813295
	8.1354535	48.9812857
	8.135569	48.9812312
	8.1356808	48.9811481
	8.1357489	48.9810754
	8.1357758	48.9809683
	8.1357422	48.9808737
	8.1356657	48.9807733
	8.1355858	48.9806329
	8.1355568	48.9805787
	8.1355541	48.9805196
	8.1355569	48.9804862
	8.1355734	48.9804353
	8.1356442	48.9803434
	8.135681	48.9802938
	8.1357654	48.9802189
	8.1358883	48.9801306
	8.1360412	48.9800092
	8.1363955	48.9796753
	8.13645	48.9796331
	8.1365768	48.9795273
	8.1366471	48.9794548
	8.1366935	48.9794103
	8.136781	48.9793456
	8.1368499	48.9793196
	8.1369103	48.9793174
	8.1370252	48.9793364
	8.1372345	48.9793693
	8.1373078	48.9793781
	8.1374392	48.9793876
	8.1375337	48.9793915
	8.1375902	48.9793754
	8.1376494	48.9793354
	8.1376863	48.9793004
	8.1377224	48.9792392
	8.1378097	48.9791265
	8.1378618	48.9790768
	8.1379351	48.9790544
	8.13801	48.9790528
	8.1380934	48.979057
	8.1381544	48.9790458
	8.1382005	48.9790352
	8.1382726	48.9790321
	8.1384047	48.9790333
	8.1385028	48.9790229
	8.1386667	48.9789956
	8.1388496	48.9789718
	8.1392106	48.9789831
	8.1393436	48.9790303
	8.1395583	48.9791313
	8.1396485	48.979132
	8.1396992	48.9791221
	8.1397792	48.9790969
	8.1398349	48.9790697
	8.1398866	48.978992
	8.1398782	48.9789052
	8.1398626	48.9788491
	8.1397964	48.9787421
	8.1397392	48.9786684
	8.1396218	48.9785798
	8.139582	48.9785109
	8.1396462	48.9784274
	8.1397569	48.9783448
	8.1398229	48.9783192
	8.1399576	48.9783203
	8.1401188	48.9783441
	8.1404889	48.9784439
	8.1408181	48.9785788
	8.1409081	48.9786226
	8.1410596	48.9787417
	8.1411809	48.9788188
	8.1413288	48.9788605
	8.1414602	48.9788546
	8.1415296	48.9788272
	8.1416092	48.9787746
	8.1416481	48.9787306
	8.141716	48.9785026
	8.141692	48.978317
	8.1417011	48.9782723
	8.1417477	48.9782193
	8.141828	48.9781913
	8.141972	48.978213
	8.1422604	48.9782664
	8.1424202	48.978289
	8.1426093	48.9782959
	8.1428546	48.9782895
	8.1431199	48.9782582
	8.1432962	48.9782514
	8.1435755	48.9782115
	8.1439472	48.978551
	8.1445326	48.9785285
	8.1446863	48.9785489
	8.1448459	48.9785465
	8.1449235	48.9785335
	8.1451657	48.9784295
	8.1453543	48.9783803
	8.1455688	48.9783185
	8.1457256	48.9782483
	8.1459355	48.9781176
	8.1460472	48.9780293
	8.1461748	48.9779006
	8.1462769	48.9778479
	8.1464278	48.9777859
	8.1465723	48.9777571
	8.1467861	48.9777484
	8.1472492	48.9775476
	8.1473555	48.9775219
	8.1475348	48.977512
	8.1479344	48.9774106
	8.1482011	48.977405
	8.1482964	48.9773828
	8.1483735	48.977355
	8.1485171	48.977247
	8.148573	48.9772456
	8.1488189	48.9773606
	8.1490238	48.9774484
	8.1490942	48.9774967
	8.1491359	48.97754
	8.1492328	48.9776824
	8.1492675	48.9777845
	8.1493626	48.9779233
	8.1494682	48.9780246
	8.1495613	48.978043
	8.1500063	48.9778921
	8.1501325	48.9778162
	8.1502079	48.9777271
	8.150231	48.9776601
	8.1502197	48.9775634
	8.1501327	48.9774464
	8.1501352	48.9774194
	8.1501974	48.9773977
	8.1503169	48.9774324
	8.1503811	48.9774282
	8.1505113	48.9773503
	8.150637	48.9772456
	8.1507023	48.9772386
	8.1509654	48.9773809
	8.1510681	48.9774122
	8.1513471	48.9774428
	8.1515884	48.9774444
	8.1517929	48.9774055
	8.1518969	48.9773403
	8.1519343	48.9772673
	8.1519105	48.9771262
	8.1519761	48.9770789
	8.1521744	48.977041
	8.1522498	48.9770776
	8.152369	48.9772499
	8.1524576	48.9773205
	8.1525717	48.9773212
	8.1526617	48.9772851
	8.1528881	48.9770669
	8.1530002	48.9770149
	8.1531982	48.9769872
	8.153309	48.9770196
	8.1534193	48.9770834
	8.1537222	48.9771459
	8.1538048	48.9772019
	8.1537765	48.9774164
	8.153805	48.9776023
	8.1538923	48.9776862
	8.1539823	48.9777154
	8.1541247	48.9777236
	8.1543183	48.9777028
	8.1547403	48.9775686
	8.1548587	48.9775488
	8.1549309	48.9775576
	8.1551087	48.9776985
	8.1550795	48.97791
	8.1551409	48.9779722
	8.1553102	48.9780099
	8.1554515	48.9780086
	8.1555369	48.9779558
	8.1558479	48.9776021
	8.156	48.9775623
	8.1560613	48.9775781
	8.1561067	48.9778344
	8.1561522	48.9778843
	8.1562222	48.9781653
	8.1564381	48.9783239
	8.1565899	48.9784194
	8.1567826	48.9784031
	8.1570578	48.9783452
	8.1574362	48.9782479
	8.1580519	48.9783953
	8.1581772	48.9784494
	8.1582782	48.978465
	8.158374	48.9784525
	8.1584587	48.9784143
	8.1584791	48.9783736
	8.1585008	48.9781519
	8.1585432	48.9780222
	8.158617	48.9779449
	8.1586298	48.9778701
	8.158709	48.9777777
	8.1588756	48.9776773
	8.1589661	48.9776039
	8.1591412	48.9775149
	8.1592319	48.977505
	8.1592833	48.9775279
	8.1593772	48.9776375
	8.1595183	48.9777572
	8.1595225	48.9777926
	8.159464	48.9779385
	8.1593553	48.9780022
	8.1593335	48.9780472
	8.1593521	48.9780907
	8.1594309	48.9781477
	8.1596261	48.9782137
	8.1599922	48.9782549
	8.1600973	48.9782834
	8.1604193	48.9784929
	8.1604855	48.978566
	8.1604967	48.9786301
	8.160545	48.9786881
	8.160654	48.978711
	8.1608152	48.9787034
	8.1609573	48.978663
	8.161017	48.9785959
	8.1608362	48.9782463
	8.1608175	48.9781257
	8.1608783	48.9780835
	8.1610082	48.9780614
	8.1612025	48.9780669
	8.1614489	48.9780022
	8.1616269	48.9779374
	8.1617743	48.9778196
	8.1619081	48.9776781
	8.1620381	48.9775885
	8.1620709	48.9775758
	8.1621716	48.977536
	8.1622809	48.9775316
	8.1625142	48.9775772
	8.1628759	48.9776264
	8.1631067	48.9776923
	8.1631502	48.9776869
	8.1633186	48.9776816
	8.1635904	48.9777065
	8.163881	48.9777134
	8.1641805	48.9776683
	8.1643331	48.9776257
	8.1645449	48.977541
	8.1647293	48.9774968
	8.1648923	48.9774698
	8.1651037	48.9774622
	8.1651744	48.9774542
	8.1652091	48.977404
	8.1652112	48.9772939
	8.1652847	48.9770759
	8.165363	48.976988
	8.1654174	48.976961
	8.1654882	48.9769537
	8.1655607	48.976968
	8.165596	48.9769954
	8.1656234	48.9770754
	8.1655917	48.9771751
	8.165593	48.9772981
	8.1656618	48.9774619
	8.1656694	48.9775683
	8.1656638	48.9776358
	8.1656395	48.9776912
	8.1655895	48.9777607
	8.1655587	48.9778086
	8.1655538	48.9778652
	8.1655778	48.9779001
	8.1656157	48.9779256
	8.1656855	48.9779319
	8.1658436	48.9779272
	8.1660133	48.9779192
	8.1661719	48.9778882
	8.166233	48.977859
	8.1662663	48.977835
	8.1663084	48.9777965
	8.1663409	48.9777267
	8.1663505	48.9776652
	8.1663852	48.977606
	8.1664966	48.9775112
	8.1665635	48.9774724
	8.1666177	48.9774597
	8.166661	48.9774582
	8.1667039	48.9774796
	8.1667254	48.9775016
	8.1667682	48.9776547
	8.1668132	48.9777289
	8.1668819	48.9777736
	8.1669309	48.9777847
	8.1669611	48.977784
	8.1670567	48.9777666
	8.1671285	48.9777495
	8.1673354	48.9776684
	8.1674068	48.9776099
	8.167456	48.9775784
	8.1675141	48.9775662
	8.1676767	48.9775458
	8.1677251	48.9775321
	8.1677879	48.9774938
	8.1678891	48.9773768
	8.1679468	48.977318
	8.1680243	48.977205
	8.1680391	48.9771604
	8.1680312	48.9771127
	8.1680061	48.9770589
	8.1679458	48.9770152
	8.1679011	48.9769537
	8.1678839	48.9768954
	8.1679141	48.9768599
	8.167976	48.9768204
	8.168052	48.9767945
	8.1681394	48.9767797
	8.1682161	48.9767763
	8.1682737	48.9767652
	8.1686187	48.9766579
	8.1687206	48.976632
	8.1688853	48.9766037
	8.1689706	48.9765906
	8.1691489	48.9765332
	8.1693997	48.9764506
	8.1694959	48.9763878
	8.1695472	48.9763294
	8.1695693	48.9762848
	8.1696102	48.9762335
	8.1696528	48.9762111
	8.1697379	48.9762069
	8.1699385	48.9762196
	8.1701079	48.9762336
	8.1702637	48.9762529
	8.1703696	48.9762829
	8.1704662	48.9763551
	8.170607	48.9764375
	8.1707735	48.976584
	8.1706912	48.9771788
	8.1705926	48.9778344
	8.1705107	48.9783818
	8.1705494	48.9790744
	8.1712957	48.9791126
	8.1718505	48.9791185
	8.1720156	48.9791104
	8.1726205	48.979031
	8.1737836	48.9788508
	8.1766491	48.9786879
	8.1775474	48.9786388
	8.1788285	48.9784192
	8.1794642	48.9783297
	8.1802154	48.9782401
	8.1802734	48.9775402
	8.1804329	48.9775102
	8.1808581	48.9775643
	8.1810993	48.9776339
	8.181734	48.9778585
	8.1823188	48.9779421
	8.1824464	48.9779603
	8.1829593	48.9782631
	8.1839002	48.9784183
	8.1841938	48.9784143
	8.1845026	48.9784123
	8.184792	48.978428
	8.1848734	48.9783615
	8.1852148	48.9782259
	8.1856068	48.977988
	8.185725	48.9778469
	8.1858913	48.9777743
	8.185593	48.9775027
	8.1857091	48.9773562
	8.1864871	48.9771728
	8.1866651	48.9770918
	8.1868811	48.9768192
	8.187316	48.9768801
	8.1875565	48.9767537
	8.1876744	48.9763387
	8.1880905	48.9763786
	8.188251	48.9764038
	8.1887205	48.9765297
	8.1894755	48.9766222
	8.1897959	48.9766354
	8.1900015	48.9766345
	8.1900948	48.9766243
	8.1901947	48.9765308
	8.1903376	48.9764541
	8.1904417	48.9764307
	8.1905142	48.9764592
	8.1905526	48.9765059
	8.1905424	48.9767093
	8.1906385	48.976919
	8.1907421	48.9770074
	8.1908571	48.9770421
	8.1909389	48.9770388
	8.1910106	48.9770081
	8.1910763	48.9769037
	8.1912461	48.9768572
	8.1914131	48.9768441
	8.1915364	48.9768675
	8.1917383	48.9769419
	8.1920528	48.9769953
	8.1926846	48.9770801
	8.1930572	48.9770682
	8.1932895	48.9770527
	8.1935689	48.977123
	8.1936286	48.9771758
	8.1937595	48.9772286
	8.1938851	48.9772258
	8.1940054	48.977189
	8.1944792	48.9770835
	8.194847	48.9769393
	8.1949093	48.9768983
	8.1949394	48.9768517
	8.1949532	48.9767716
	8.194999	48.9767137
	8.1951159	48.9766081
	8.1952033	48.9765759
	8.1955095	48.9764812
	8.1956725	48.976414
	8.195828	48.9763281
	8.1959386	48.9762925
	8.1959999	48.9762922
	8.1960967	48.9763253
	8.1961744	48.9763744
	8.1962317	48.9763842
	8.1962962	48.9763875
	8.1963471	48.9763782
	8.1963658	48.9762829
	8.1963623	48.9762375
	8.1963216	48.9761776
	8.1962595	48.9761424
	8.1961268	48.9761023
	8.1960065	48.9760534
	8.1959033	48.9759928
	8.1957895	48.9759154
	8.1956458	48.9757757
	8.1955255	48.9756337
	8.1954801	48.9755555
	8.1954341	48.9754857
	8.1954132	48.9754367
	8.1953944	48.9753896
	8.1954033	48.975333
	8.1954252	48.9752789
	8.1954443	48.9752424
	8.1954509	48.9752298
	8.1954843	48.9751734
	8.1955134	48.9751519
	8.1955458	48.9751373
	8.195613	48.9751236
	8.195729	48.9750852
	8.1959893	48.9749817
	8.1960212	48.974962
	8.1961205	48.9748406
	8.1961619	48.9747736
	8.1961784	48.9747168
	8.1961651	48.974685
	8.1961328	48.9746326
	8.1960758	48.9745787
	8.1960184	48.9744059
	8.1960042	48.9741009
	8.19601	48.9740231
	8.1960106	48.9739582
	8.1959758	48.9738382
	8.1959562	48.9736724
	8.1959209	48.9735128
	8.1959345	48.9732922
	8.1959561	48.973255
	8.1960034	48.9732264
	8.1961512	48.9731792
	8.1962409	48.9731385
	8.1965234	48.9730032
	8.1966389	48.9729603
	8.196762	48.9729242
	8.1969431	48.9728347
	8.197297	48.9726876
	8.1974304	48.972621
	8.1974589	48.9725863
	8.1974228	48.9723796
	8.1974273	48.9722767
	8.1974554	48.9722037
	8.1974549	48.9720508
	8.1974453	48.9719844
	8.1974299	48.9719505
	8.1974004	48.9719163
	8.1973396	48.9718506
	8.1971985	48.9717539
	8.1969021	48.9714756
	8.1967577	48.9713145
	8.1967228	48.9712869
	8.1966707	48.9712613
	8.1966208	48.97123
	8.1964546	48.9710753
	8.1961377	48.9708407
	8.1960809	48.9707836
	8.1960475	48.970738
	8.1959305	48.970562
	8.195741	48.9702272
	8.1957206	48.9701509
	8.1956909	48.9700699
	8.1956174	48.9699156
	8.1955721	48.9698141
	8.1955226	48.9697295
	8.1954532	48.9695501
	8.1953519	48.9693014
	8.1953226	48.9692094
	8.1953122	48.9691361
	8.1953129	48.969098
	8.1953284	48.9690585
	8.1953694	48.969012
	8.1954174	48.9689738
	8.1954644	48.9689563
	8.195619	48.9689219
	8.1958368	48.9688218
	8.1960832	48.9686767
	8.1961505	48.9686467
	8.1962418	48.9685847
	8.196347	48.9685327
	8.1965801	48.9684256
	8.1966937	48.9683619
	8.1968469	48.9682696
	8.1970463	48.9681661
	8.1971742	48.9680869
	8.197369	48.9679895
	8.1975486	48.9678889
	8.1977053	48.967818
	8.1978631	48.9677198
	8.1979375	48.9676834
	8.198006	48.967652
	8.1981107	48.9675938
	8.1982456	48.9675131
	8.1984546	48.9674182
	8.1988456	48.9672116
	8.1989394	48.9671439
	8.1991783	48.9670253
	8.1992539	48.9669742
	8.1993201	48.9669271
	8.1993666	48.9669034
	8.1994093	48.9668924
	8.1994724	48.9668956
	8.1995552	48.9669127
	8.1997052	48.9669599
	8.1997502	48.9669836
	8.1997897	48.9670146
	8.1998646	48.9671017
	8.1999086	48.9671325
	8.2000302	48.9671844
	8.2002045	48.9672273
	8.2002796	48.9672456
	8.2003826	48.9672993
	8.2004503	48.9673503
	8.2004689	48.967377
	8.2004708	48.9674997
	8.2004962	48.9676192
	8.2005502	48.9677318
	8.2006074	48.9677889
	8.2007703	48.9678866
	8.2008219	48.967932
	8.2009487	48.9680675
	8.2010319	48.9681777
	8.2010918	48.9682226
	8.2011634	48.9682466
	8.2014455	48.9682857
	8.2015652	48.9683146
	8.2016591	48.9683974
	8.201826	48.9684691
	8.2020019	48.9684869
	8.2022212	48.9684922
	8.2023328	48.9685114
	8.2024498	48.9685524
	8.202586	48.9686257
	8.2026428	48.9686671
	8.2026997	48.9687454
	8.2027775	48.9688816
	8.2028466	48.9689754
	8.2030789	48.9692008
	8.2031973	48.9692769
	8.2033169	48.9693169
	8.2034366	48.9694279
	8.203601	48.9695025
	8.2037332	48.9695889
	8.2037913	48.9696293
	8.2038685	48.969642
	8.2041025	48.9696419
	8.2041738	48.9696521
	8.2046928	48.9698331
	8.2049747	48.9699524
	8.2050669	48.9699735
	8.2052259	48.9699792
	8.2053591	48.9699677
	8.2055452	48.9699766
	8.2056313	48.9699934
	8.2059677	48.9700793
	8.2061938	48.9701157
	8.2065255	48.9702124
	8.2066194	48.9702296
	8.2067687	48.9702264
	8.2068494	48.9702105
	8.2069396	48.9701775
	8.2070453	48.9701154
	8.2072455	48.9699728
	8.2072899	48.969954
	8.20736	48.9699551
	8.2075468	48.9700176
	8.2076204	48.970025
	8.2077725	48.9700373
	8.2079236	48.9700939
	8.2079776	48.9701324
	8.2080745	48.9702314
	8.2082325	48.970524
	8.2083489	48.9707795
	8.2086973	48.9713463
	8.2089047	48.9716243
	8.2089892	48.9716985
	8.2091722	48.9717896
	8.2094399	48.971899
	8.2097395	48.9719863
	8.2100127	48.9720448
	8.2105513	48.9722415
	8.2107595	48.9723426
	8.210887	48.9723912
	8.2110045	48.9724147
	8.2110966	48.9724658
	8.2111716	48.9725458
	8.211227	48.9726556
	8.2112827	48.9728348
	8.211431	48.9730788
	8.2116178	48.9732505
	8.2119121	48.9734378
	8.2122175	48.9735747
	8.2124632	48.9736724
	8.2128588	48.9738719
	8.2132015	48.9740473
	8.2134289	48.9741769
	8.2135651	48.9743342
	8.2137017	48.9744335
	8.2138166	48.9745049
	8.2143765	48.9747685
	8.214542	48.9748639
	8.2148212	48.9749438
	8.2150701	48.9750615
	8.2153747	48.975169
	8.2156905	48.975247
	8.2160203	48.9753509
	8.2164212	48.9753663
	8.2166906	48.9753851
	8.2169056	48.9754177
	8.2171126	48.9754916
	8.2172726	48.9755278
	8.2173779	48.9755378
	8.217489	48.9755386
	8.2175945	48.9755471
	8.2180048	48.9756282
	8.2182601	48.9756645
	8.2184228	48.9756694
	8.2186586	48.9756643
	8.2188344	48.9756784
	8.2191878	48.9757339
	8.2193936	48.975797
	8.2195908	48.9758173
	8.2197663	48.9758165
	8.2198825	48.9758199
	8.2200332	48.9758354
	8.2201797	48.9758717
	8.2202974	48.9758812
	8.2203922	48.9758795
	8.2205696	48.9758649
	8.2206974	48.9758552
	8.2208521	48.9758583
	8.2209682	48.9758658
	8.2212406	48.9758936
	8.2214916	48.975903
	8.2217371	48.9758893
	8.221845	48.9758711
	8.2219042	48.9758663
	8.2219667	48.9758757
	8.2220631	48.9758958
	8.222205	48.9759107
	8.2223959	48.9759133
	8.2226548	48.9759077
	8.2228787	48.9758829
	8.2231938	48.9758148
	8.2234434	48.9757458
	8.2241532	48.9754826
	8.2251982	48.9750521
	8.2254869	48.9748952
	8.2256151	48.9748065
	8.2261619	48.9743718
	8.22637	48.9742129
	8.2264915	48.9741064
	8.2267541	48.9738688
	8.2270073	48.9736064
	8.2274789	48.9730315
	8.2277097	48.9726756
	8.2277749	48.9725364
	8.2278223	48.9725056
	8.2278728	48.9724786
	8.2278956	48.9724412
	8.227894	48.9724058
	8.2279119	48.9723759
	8.2279511	48.9723437
	8.2280182	48.972289
	8.2280929	48.9721468
	8.2281924	48.9719958
	8.2283242	48.9717313
	8.2285182	48.9713869
	8.228639	48.9712179
	8.2288958	48.9706471
	8.2291308	48.9702652
	8.2293532	48.9698113
	8.2293835	48.9696868
	8.2294292	48.9694063
	8.2295216	48.9688913
	8.2295727	48.9687469
	8.2296382	48.9686123
	8.229695	48.9685553
	8.2297418	48.968503
	8.2298795	48.9683894
	8.230062	48.9682562
	8.2303257	48.9680772
	8.2308646	48.9678371
	8.231781	48.9674657
	8.2325219	48.9664472
	8.2354522	48.9674862
	8.2359651	48.9677496
	8.2426361	48.971124
	8.2484524	48.9742035
	8.2532507	48.9767531
	8.2558283	48.9781211
	8.2614899	48.9809901
	8.2640083	48.9823631
	8.2681705	48.9846674
	8.2694675	48.9853609
	8.2707531	48.9860482
	8.2732444	48.9874303
	8.2743306	48.988028
	8.2773142	48.9898548
	8.2797578	48.9914917
	8.2815906	48.9928225
	8.2829014	48.9938454
	8.2839882	48.9947413
	8.2861797	48.9967795
	8.2876592	48.9983804
	8.2881195	48.9989525
	8.2890872	49.0001659
	8.2906959	49.0023239
	8.2916379	49.0035574
	8.2931933	49.0059085
	8.2935368	49.006579
	8.2940777	49.0074219
	8.2948996	49.0088337
	8.2952015	49.0093637
	8.2953765	49.0096917
	8.2958604	49.0105956
	8.2963604	49.0115454
	8.2967473	49.0123814
	8.2973372	49.0137012
	8.2974883	49.0140485
	8.2975642	49.0142231
	8.2979351	49.0150891
	8.2987797	49.0172094
	8.298835	49.0174198
	8.2994362	49.0193003
	8.2994679	49.0193996
	8.2999678	49.0209644
	8.2999998	49.0210894
	8.3000678	49.0213684
	8.3006397	49.0236911
	8.3010356	49.0260218
	8.3014345	49.0283306
	8.3017075	49.0300014
	8.3019035	49.0312443
	8.3020184	49.0318782
	8.3022374	49.033064
	8.3024894	49.0342849
	8.3027043	49.0349258
	8.3030713	49.0360397
	8.3031363	49.0362607
	8.3032922	49.0367796
	8.3033972	49.0370886
	8.3044381	49.0402163
	8.304854	49.0416201
	8.3052039	49.04246
	8.3060818	49.0443098
	8.3103372	49.0520159
	8.311236	49.0533888
	8.3138476	49.0567574
	8.3151434	49.0583172
	8.3163233	49.0598891
	8.317859	49.0619568
	8.3193738	49.0635627
	8.3209556	49.0651685
	8.3222344	49.0663514
	8.3262518	49.069785
	8.3286894	49.0718068
	8.3296563	49.0725887
	8.3324359	49.0746065
	8.3337897	49.0755524
	8.338517	49.07876
	8.3406849	49.0804907
	8.3417635	49.0812327
	8.3437672	49.0828156
	8.3449381	49.0837995
	8.3460049	49.0846924
	8.3490964	49.0875081
	8.3506012	49.0888729
	8.3507426	49.0891877
	8.3557607	49.0945085
	8.358781	49.0989368
	8.3592209	49.0999927
	8.3596829	49.1012086
	8.3597667	49.1014277
	8.3624598	49.1109134
	8.3635542	49.114767
	8.3638442	49.1159309
	8.3654629	49.1224462
	8.3665147	49.1266387
	8.3673632	49.1295843
	8.3674496	49.1303463
	8.3679015	49.1322161
	8.3683694	49.1340849
	8.3688424	49.1359547
	8.3690043	49.1365956
	8.3693073	49.1378195
	8.3697082	49.1394063
	8.3697802	49.1396893
	8.3703071	49.14165
	8.3703781	49.141974
	8.3707271	49.1428779
	8.3708025	49.1433099
	8.370854	49.1435062
	8.371152	49.1446407
	8.371186	49.1447397
	8.3722788	49.1490162
	8.3725118	49.1503851
	8.3725727	49.151122
	8.3725207	49.1525058
	8.3722438	49.1540927
	8.3721088	49.1545546
	8.3717718	49.1553905
	8.3711259	49.1566724
	8.3705607	49.1575264
	8.370161	49.1581482
	8.3701051	49.1582242
	8.37005	49.1582996
	8.3699011	49.1585032
	8.3692102	49.159537
	8.3687422	49.1602999
	8.3682963	49.1612078
	8.3680913	49.1617718
	8.3679573	49.1622607
	8.3677494	49.1634886
	8.3676774	49.1644275
	8.3677144	49.1654914
	8.3678843	49.1665442
	8.3681413	49.1675551
	8.3685482	49.16852
	8.3691621	49.1696609
	8.3704059	49.1714617
	8.3730035	49.1748413
	8.3740504	49.1762262
	8.3752296	49.177938
	8.376608	49.1796138
	8.3774169	49.1806017
	8.3780868	49.1815056
	8.3788447	49.1824245
	8.3804694	49.1845113
	8.3812176	49.1856939
	8.3815843	49.1862851
	8.3816912	49.186671
	8.3821132	49.1878079
	8.3821452	49.1878949
	8.3828251	49.1902186
	8.383092	49.1912635
	8.3835221	49.1929261
	8.3842919	49.1959084
	8.3849157	49.1983246
	8.3864477	49.1984914
	8.3866911	49.1985603
	8.3886292	49.1997683
	8.3929352	49.2024623
	8.3956569	49.2048882
	8.3985899	49.2075071
	8.4016722	49.2124322
	8.4023752	49.2135384
	8.4030359	49.2145871
	8.4034326	49.2155621
	8.4034329	49.2156233
	8.4034675	49.2156241
	8.403841	49.2165677
	8.4038082	49.216574
	8.4043134	49.2177564
	8.4047943	49.2189428
	8.4052233	49.2200759
	8.4053451	49.2203977
	8.404841	49.2215013
	8.4045312	49.2220497
	8.4041664	49.2227737
	8.403386	49.2243233
	8.403128	49.2248059
	8.4027842	49.225232
	8.4027294	49.2252526
	8.4026947	49.225299
	8.4026707	49.2253312
	8.4024369	49.2256444
	8.4023668	49.2256238
	8.4024931	49.2253809
	8.4019739	49.2252504
	8.4010459	49.2251525
	8.3990299	49.225157
	8.3969434	49.2252504
	8.3958214	49.2252799
	8.3950386	49.2251748
	8.3941195	49.2249731
	8.3932342	49.2245622
	8.3926917	49.2241781
	8.3922186	49.2236432
	8.3912476	49.22212
	8.3909939	49.2219031
	8.3910839	49.2218349
	8.3909252	49.2217053
	8.3903199	49.2207332
	8.3899826	49.2202472
	8.3895675	49.2198308
	8.389035	49.2195084
	8.3886084	49.2193852
	8.388018	49.2192329
	8.3873483	49.2190936
	8.3871399	49.2190255
	8.3869817	49.2189188
	8.3851966	49.2188554
	8.3851695	49.2236659
	8.3854445	49.2254087
	8.3856254	49.2263056
	8.3857224	49.2267825
	8.3858764	49.2273625
	8.3859274	49.2275494
	8.3859604	49.2276634
	8.3860254	49.2277934
	8.3860884	49.2279264
	8.3865703	49.2291623
	8.3870252	49.2300402
	8.3874442	49.2307881
	8.3879091	49.231623
	8.388696	49.2330388
	8.3891349	49.2338318
	8.3892169	49.2339307
	8.3912486	49.2364025
	8.3913356	49.2365055
	8.3914935	49.2367194
	8.3924114	49.2376843
	8.3927434	49.2379823
	8.3936262	49.2387876
	8.394826	49.2398541
	8.395639	49.2405333
	8.3964725	49.241185
	8.3972257	49.2417019
	8.3984685	49.2426018
	8.4000003	49.2436237
	8.4002273	49.2437767
	8.4012391	49.2443716
	8.4035708	49.2455885
	8.4054195	49.2464734
	8.4068493	49.2471303
	8.4082591	49.2477402
	8.4130244	49.249842
	8.4122085	49.2505329
	8.4125235	49.2530047
	8.4116136	49.2536226
	8.4114136	49.2537526
	8.4106367	49.2542825
	8.4094009	49.2543355
	8.408913	49.2544235
	8.4067303	49.2543125
	8.4052945	49.2545575
	8.4046176	49.2536146
	8.4041936	49.2539165
	8.4029478	49.2525847
	8.4024139	49.2531186
	8.401969	49.2533176
	8.4005762	49.2537905
	8.4001122	49.2538625
	8.3958868	49.2523177
	8.3951169	49.2516238
	8.3939481	49.2516348
	8.3936202	49.2511998
	8.3932472	49.2509518
	8.3921044	49.2504749
	8.3917444	49.2511198
	8.3906946	49.2530236
	8.3903156	49.2534546
	8.3895157	49.2541485
	8.387851	49.2554003
	8.387341	49.2558163
	8.3859602	49.2575591
	8.3854053	49.258036
	8.3841785	49.2590009
	8.3835405	49.2595049
	8.3796351	49.2623355
	8.3819298	49.2629075
	8.3808629	49.2635674
	8.3807509	49.2638004
	8.3797971	49.2643763
	8.3793331	49.2645743
	8.3782233	49.2653222
	8.3766625	49.2646393
	8.3751657	49.2638424
	8.3741419	49.2645553
	8.3740289	49.2646353
	8.3717712	49.2663291
	8.3692883	49.2680519
	8.3687966	49.2682818
	8.3681137	49.2687398
	8.3680207	49.2691559
	8.3678489	49.2703945
	8.3676752	49.2711672
	8.36759	49.2719662
	8.3683959	49.2720867
	8.368261	49.2728558
	8.3679379	49.2748135
	8.367541	49.2770962
	8.3671991	49.2787559
	8.3671564	49.2790339
	8.3663807	49.2808835
	8.3668817	49.281153
	8.3672746	49.2813136
	8.3643067	49.2839285
	8.3640338	49.2837716
	8.3637556	49.2839972
	8.3615399	49.282786
	8.3601508	49.2821191
	8.3581459	49.2812131
	8.3564017	49.2836117
	8.3536514	49.2825569
	8.3533837	49.2829882
	8.3530167	49.2834664
	8.3515197	49.2851563
	8.3505652	49.2863131
	8.3494142	49.2877757
	8.3471698	49.2873899
	8.3457954	49.2872248
	8.3459135	49.2877099
	8.3459827	49.2881846
	8.3460432	49.2888492
	8.3453708	49.2887825
	8.3444429	49.2887945
	8.343847	49.2888625
	8.3420993	49.2892934
	8.339098	49.2904383
	8.3388497	49.2907522
	8.3389344	49.2914447
	8.3370757	49.2918127
	8.3334485	49.292357
	8.3318565	49.2927768
	8.3293767	49.292635
	8.329256	49.292822
	8.3289882	49.293814
	8.3293366	49.2940416
	8.3274638	49.297442
	8.3270586	49.297744
	8.3261455	49.2974035
	8.3246237	49.2971295
	8.3237619	49.2970415
	8.3230789	49.2970265
	8.3227495	49.2970557
	8.3217655	49.2970348
	8.3211241	49.2969122
	8.3210044	49.2969143
	8.3205095	49.2967744
	8.3202747	49.296674
	8.3199781	49.2964395
	8.3196942	49.2963894
	8.3195799	49.296209
	8.3195567	49.2961146
	8.3197644	49.2955387
	8.3197954	49.2953017
	8.3197984	49.2947257
	8.3197984	49.2945808
	8.3197194	49.2937419
	8.3197124	49.2936539
	8.3196655	49.2935819
	8.3196025	49.2934819
	8.3194375	49.2933339
	8.3193605	49.2932649
	8.3186886	49.292822
	8.3186126	49.292773
	8.3184126	49.292586
	8.3182387	49.292483
	8.3180617	49.292456
	8.3179517	49.292368
	8.3178857	49.292239
	8.3174658	49.2919341
	8.3173138	49.2918881
	8.3169609	49.2916431
	8.316166	49.2915141
	8.315879	49.2913691
	8.315592	49.2913121
	8.3153141	49.2913001
	8.3152401	49.2912961
	8.3148202	49.2911931
	8.3141603	49.2908462
	8.3132994	49.2906592
	8.3129914	49.2904842
	8.3116246	49.2901062
	8.3111837	49.2899193
	8.3108747	49.2898773
	8.3106548	49.2896603
	8.3105018	49.2895723
	8.3102138	49.2895153
	8.3097309	49.2891643
	8.3094209	49.2890654
	8.308782	49.2886034
	8.3084041	49.2884694
	8.3071283	49.2880235
	8.3063574	49.2878635
	8.3059824	49.2875735
	8.3057845	49.2874705
	8.3056455	49.2874555
	8.3055425	49.2874435
	8.3052096	49.2872606
	8.3050126	49.2871536
	8.3044627	49.2869056
	8.3035018	49.2864026
	8.301792	49.2855097
	8.3017291	49.2854757
	8.3012221	49.2851398
	8.3010432	49.2849148
	8.3009582	49.2848078
	8.3007582	49.2846208
	8.3006952	49.2845598
	8.3004742	49.2844149
	8.3001673	49.2840979
	8.2998683	49.2839379
	8.2996824	49.2838389
	8.2995074	49.2836669
	8.2987145	49.283248
	8.2986425	49.283221
	8.2985425	49.283183
	8.2974147	49.282778
	8.2970597	49.282652
	8.2968968	49.2826071
	8.2962878	49.2824351
	8.295229	49.2821721
	8.2948761	49.2820271
	8.2944141	49.2819121
	8.2940822	49.2817941
	8.2935552	49.2816492
	8.2927384	49.2813322
	8.2917255	49.2810732
	8.2913726	49.2809852
	8.2904897	49.2808972
	8.2901827	49.2808522
	8.288627	49.2806153
	8.2871446	49.2803625
	8.2867208	49.2802143
	8.286485	49.280154
	8.2863047	49.2801086
	8.286184	49.2800766
	8.285932	49.2802263
	8.2858406	49.2803603
	8.2853644	49.2813212
	8.285201	49.2816199
	8.2850475	49.2818021
	8.2847455	49.2817371
	8.2843516	49.2816761
	8.2842416	49.2816571
	8.2840026	49.2816491
	8.2835357	49.2816301
	8.2826218	49.2815611
	8.2802565	49.2815583
	8.279218	49.2815698
	8.2788027	49.2815459
	8.2782636	49.2815402
	8.2780528	49.2814313
	8.2779044	49.2813755
	8.2777255	49.2812399
	8.2776455	49.2812062
	8.2769336	49.2810462
	8.2750649	49.2806382
	8.274203	49.2805502
	8.2727052	49.2802303
	8.2715354	49.2801423
	8.2711175	49.2801653
	8.2709385	49.2801733
	8.2696201	49.2803354
	8.2694816	49.2803049
	8.2693078	49.2802776
	8.2690868	49.2801908
	8.2688879	49.2800034
	8.2687675	49.2798394
	8.2680948	49.27949
	8.2664417	49.2793056
	8.2648457	49.279182
	8.2646583	49.2791675
	8.2639545	49.2791005
	8.2640218	49.2778849
	8.2639285	49.2778685
	8.2631817	49.2778096
	8.2623222	49.2776569
	8.2617806	49.2775504
	8.2611279	49.2774605
	8.2562756	49.2766896
	8.2559216	49.2766176
	8.2556797	49.2766026
	8.2550168	49.2766476
	8.2545528	49.2766446
	8.2541789	49.2765866
	8.253605	49.2763996
	8.2529431	49.2762247
	8.2519082	49.2760377
	8.2501875	49.2758887
	8.2496135	49.2757747
	8.2491946	49.2756597
	8.2489736	49.2756297
	8.2489625	49.2756292
	8.2483107	49.2755987
	8.2475858	49.2754847
	8.2481216	49.273645
	8.2490306	49.2709752
	8.2494196	49.2690225
	8.2511694	49.2631251
	8.2486148	49.2627932
	8.2474669	49.2627052
	8.2464182	49.2625302
	8.246563	49.2621292
	8.2460581	49.2621412
	8.2456074	49.262092
	8.2455272	49.2620832
	8.2441164	49.2618203
	8.2438929	49.2617839
	8.2411987	49.2613538
	8.2399053	49.2612761
	8.2394015	49.2612156
	8.2389514	49.2611313
	8.2375978	49.2609189
	8.2371838	49.2614349
	8.235864	49.2612719
	8.2345092	49.2611211
	8.2347711	49.2608903
	8.2345709	49.260849
	8.2332402	49.2605798
	8.2326339	49.2604513
	8.2316521	49.2602189
	8.2322081	49.2588486
	8.2324971	49.2577557
	8.2337892	49.2541725
	8.2342702	49.2532781
	8.2348674	49.2520906
	8.2355035	49.2522113
	8.2361032	49.2508575
	8.2350928	49.2506356
	8.2357792	49.249024
	8.2345868	49.2489343
	8.2346298	49.2487231
	8.2348765	49.2479211
	8.2352126	49.2473438
	8.2364049	49.2458017
	8.2355462	49.2453924
	8.235546	49.2452055
	8.2360702	49.243222
	8.2351796	49.2431303
	8.2354652	49.2418576
	8.2333362	49.241744
	8.2335696	49.240536
	8.2328583	49.2403641
	8.233918	49.2363421
	8.234131	49.2354492
	8.2367315	49.2356315
	8.2371212	49.2348227
	8.2372514	49.2340594
	8.2376189	49.2334682
	8.2379312	49.2329622
	8.2383919	49.2324413
	8.2388403	49.2320325
	8.2386223	49.2317906
	8.2385382	49.2315537
	8.2383856	49.2312415
	8.237933	49.2303829
	8.2376124	49.2297188
	8.237526	49.2287603
	8.2374278	49.227544
	8.237346	49.2263743
	8.2372701	49.2255285
	8.2373556	49.2250354
	8.2376081	49.2242184
	8.2377817	49.2234255
	8.2379707	49.2225884
	8.2380926	49.2219648
	8.2381287	49.221007
	8.2382626	49.220233
	8.2384047	49.2190101
	8.2381811	49.2189825
	8.2381386	49.2174088
	8.2359662	49.2170861
	8.2358811	49.2150687
	8.2361677	49.2142192
	8.2362781	49.2129014
	8.2367202	49.2129175
	8.2374288	49.2129719
	8.2374801	49.2113857
	8.2375049	49.2104421
	8.2358428	49.2104248
	8.2351882	49.2103382
	8.2346629	49.2102772
	8.2341271	49.2104289
	8.2329917	49.2107623
	8.2318972	49.2110382
	8.2313622	49.211244
	8.2310153	49.2113957
	8.2307119	49.2114533
	8.2303838	49.2114547
	8.2296853	49.2114967
	8.2294347	49.2106596
	8.2286439	49.2109739
	8.2264792	49.2117948
	8.2260592	49.2119238
	8.2257503	49.2119658
	8.2245575	49.2119508
	8.2238746	49.2119658
	8.2231257	49.2118778
	8.2218658	49.2116458
	8.2214259	49.2115158
	8.2181654	49.209994
	8.2180004	49.209719
	8.2172615	49.2094021
	8.2167766	49.2093451
	8.2161357	49.2093871
	8.2158927	49.2092691
	8.2159617	49.2089521
	8.2160717	49.2086782
	8.2163166	49.2083042
	8.2171196	49.2053705
	8.2180984	49.2030508
	8.2181624	49.2028988
	8.2182764	49.2016439
	8.2169116	49.201396
	8.2172306	49.1999191
	8.2174435	49.1989352
	8.2178779	49.1962997
	8.2170736	49.1962481
	8.2151177	49.1959831
	8.2154789	49.1907142
	8.2156389	49.1882464
	8.2165048	49.1781636
	8.2166367	49.1757174
	8.2163754	49.1729524
	8.2166492	49.1711203
	8.2163788	49.1710495
	8.2166104	49.1707248
	8.2204513	49.1715073
	8.2207022	49.1711904
	8.2208182	49.1709924
	8.2209502	49.1709924
	8.2231309	49.1718393
	8.2240317	49.1719233
	8.2261374	49.1722053
	8.2282102	49.1721863
	8.2284551	49.1721333
	8.2289431	49.1711564
	8.229077	49.1710994
	8.2297469	49.1699355
	8.2316847	49.1707364
	8.2321466	49.1708474
	8.2335164	49.1714694
	8.2346102	49.1717663
	8.2351602	49.1718053
	8.2377388	49.1717593
	8.2380278	49.1716634
	8.2388546	49.1712514
	8.2396025	49.1712784
	8.2398905	49.1712064
	8.2401555	49.1711944
	8.2406604	49.1712594
	8.2408154	49.1712324
	8.2408834	49.1711184
	8.2409633	49.1706565
	8.2410553	49.1704545
	8.2411243	49.1703815
	8.2413283	49.1703935
	8.2416093	49.1704045
	8.2423991	49.1705005
	8.2442919	49.1705805
	8.2477434	49.1709085
	8.2478944	49.1709655
	8.2479354	49.1710954
	8.2477894	49.1715984
	8.2497281	49.1716064
	8.2499261	49.1716214
	8.2524078	49.1725689
	8.2524525	49.1722885
	8.2561942	49.1728988
	8.2570916	49.1702106
	8.2554137	49.1698867
	8.2569041	49.1627644
	8.257686	49.1591358
	8.257819	49.1591058
	8.2617774	49.1601317
	8.2619334	49.1601047
	8.2628103	49.157778
	8.2628185	49.1577124
	8.2632863	49.1556612
	8.2634672	49.1551003
	8.2637202	49.1543064
	8.2638522	49.1534865
	8.2635232	49.1534405
	8.2604577	49.1525635
	8.2596488	49.1519876
	8.2587939	49.1513767
	8.2562183	49.1506258
	8.2560673	49.1505108
	8.2560383	49.1500418
	8.2559743	49.1489929
	8.2559533	49.148757
	8.2557874	49.1469712
	8.2557344	49.1468642
	8.2556834	49.1467652
	8.2558174	49.1458723
	8.2558154	49.1457963
	8.2558154	49.1457083
	8.2552934	49.1456623
	8.2552085	49.1455753
	8.2552565	49.1454493
	8.2560823	49.1442285
	8.2566743	49.1442785
	8.2567882	49.1441785
	8.2571682	49.1423207
	8.2570412	49.1421607
	8.2568902	49.1420277
	8.2568492	49.1419277
	8.2572342	49.1406199
	8.2575602	49.13922
	8.2577041	49.1387621
	8.258919	49.1369953
	8.2594009	49.1363664
	8.2595859	49.1360234
	8.2599838	49.1347026
	8.2600678	49.1344246
	8.2600879	49.1341521
	8.2603508	49.1328948
	8.2614247	49.1312889
	8.2618546	49.1301411
	8.2622185	49.1296875
	8.2623845	49.1293972
	8.2632934	49.1283673
	8.2633344	49.1281953
	8.2636854	49.1269134
	8.2636831	49.1257206
	8.2558106	49.1245427
	8.2556566	49.1245737
	8.2555866	49.1246576
	8.2547087	49.1274728
	8.2545708	49.1275267
	8.2533139	49.1275717
	8.2525211	49.1275497
	8.2512742	49.1274348
	8.2509883	49.1273738
	8.2499304	49.1268996
	8.2496685	49.1268116
	8.2469901	49.1261736
	8.2446293	49.1258156
	8.2425383	49.1256166
	8.2411802	49.1255424
	8.2401273	49.1254165
	8.2391604	49.1253325
	8.2367394	49.1251881
	8.235295	49.1248715
	8.2344766	49.1247645
	8.2341696	49.1247295
	8.2339307	49.1246535
	8.2335177	49.1245748
	8.2330876	49.1244603
	8.2323414	49.1242242
	8.2319744	49.1240912
	8.2315745	49.1240682
	8.2313955	49.1241522
	8.2297501	49.1252738
	8.2290384	49.1257748
	8.2285978	49.1260729
	8.2283426	49.1262543
	8.2278518	49.1265722
	8.2271099	49.1271245
	8.2267693	49.127316
	8.2264808	49.1273297
	8.2263307	49.1272873
	8.2257627	49.1272223
	8.2245897	49.127106
	8.2237768	49.126965
	8.2235819	49.126877
	8.2235629	49.126789
	8.2240405	49.1248135
	8.22413	49.123933
	8.2242082	49.1230164
	8.2244739	49.1206193
	8.2246501	49.1195431
	8.2242604	49.1195621
	8.2226686	49.11976
	8.2224716	49.119703
	8.2224316	49.1195581
	8.2222816	49.1165359
	8.2221977	49.1163609
	8.2219547	49.1163569
	8.2207327	49.1165187
	8.2193776	49.1166957
	8.2180209	49.1168805
	8.2171298	49.1170673
	8.2163539	49.1172313
	8.2156055	49.1172277
	8.2147256	49.1172848
	8.2123173	49.1173422
	8.210317	49.1174304
	8.2094916	49.1175016
	8.2094524	49.1172559
	8.2097585	49.1155298
	8.2101546	49.1133317
	8.2101675	49.112076
	8.2102378	49.1109327
	8.2102848	49.1094646
	8.2106528	49.1089326
	8.2099585	49.1092598
	8.2094433	49.1094757
	8.209136	49.1097757
	8.2085553	49.1100019
	8.2083042	49.1099406
	8.2079772	49.1098446
	8.2074571	49.1099012
	8.2062962	49.1101301
	8.2054387	49.1103616
	8.2041299	49.1107201
	8.2020162	49.1106361
	8.2016863	49.1106471
	8.2007094	49.1109831
	8.1981697	49.111979
	8.1979908	49.1121239
	8.1979408	49.1122499
	8.1980438	49.1125859
	8.1979488	49.1128719
	8.1978138	49.1129588
	8.1973679	49.1130818
	8.1969019	49.1133258
	8.196252	49.1136608
	8.1960842	49.1137592
	8.1953351	49.1141987
	8.1947102	49.1144507
	8.1933584	49.1147716
	8.1929565	49.1148936
	8.1916836	49.1155455
	8.1906158	49.1159805
	8.189463	49.1164994
	8.189344	49.1165874
	8.1900609	49.1169834
	8.1905828	49.1172094
	8.1913907	49.1174343
	8.1914707	49.1186202
	8.1913317	49.1188342
	8.1911537	49.1189332
	8.1901349	49.1191241
	8.1874312	49.1197001
	8.1851456	49.120337
	8.182217	49.1211149
	8.181754	49.1211079
	8.1786935	49.1209589
	8.1786265	49.1210579
	8.1787474	49.1231367
	8.1788664	49.1236176
	8.1788404	49.1237316
	8.1785755	49.1237856
	8.1781775	49.1237816
	8.1765318	49.1235756
	8.1764208	49.1236326
	8.1765598	49.1242395
	8.1769777	49.1249834
	8.1770013	49.1251214
	8.1768397	49.1251964
	8.1762538	49.1257234
	8.1756919	49.1261353
	8.1738271	49.1266922
	8.1736212	49.1267872
	8.1735242	49.1270892
	8.1733732	49.1271232
	8.1730672	49.1270582
	8.1727183	49.1269552
	8.1716864	49.1269132
	8.1715285	49.1269132
	8.1712575	49.1269632
	8.1710995	49.1272952
	8.1710025	49.1276571
	8.1708665	49.1277561
	8.1705996	49.1277371
	8.1704866	49.1278061
	8.1692348	49.1311437
	8.1681269	49.1338184
	8.1682339	49.1339364
	8.1686288	49.1340434
	8.1688038	49.1340734
	8.1703556	49.1344934
	8.1697017	49.135763
	8.1685136	49.1355908
	8.167291	49.1353973
	8.1669211	49.1360572
	8.1668051	49.1360272
	8.1657572	49.1357292
	8.1657372	49.1358702
	8.1656632	49.1360882
	8.1653813	49.1359012
	8.1636605	49.1344934
	8.1630276	49.1341004
	8.1624867	49.1337954
	8.1618058	49.1334135
	8.160581	49.1328145
	8.160185	49.1327425
	8.1600111	49.1326815
	8.1599241	49.1325976
	8.1596601	49.1326965
	8.1594601	49.1326965
	8.1593292	49.1326356
	8.1593092	49.1325056
	8.1594201	49.1323916
	8.1592672	49.1323916
	8.1591332	49.1324446
	8.1591092	49.1326046
	8.1590432	49.1326885
	8.1587552	49.1327465
	8.1584253	49.1327575
	8.1582493	49.1326855
	8.1580743	49.1325706
	8.1575044	49.1324376
	8.1573074	49.1323496
	8.1572425	49.1322466
	8.1572685	49.1320786
	8.1572055	49.1318156
	8.1572955	49.1317007
	8.1578084	49.1316517
	8.1570135	49.1313077
	8.1547278	49.1307897
	8.1541789	49.1306408
	8.1538519	49.1304648
	8.1529951	49.1303468
	8.1519252	49.1300678
	8.1505864	49.1298008
	8.1503215	49.1298168
	8.1501245	49.1296559
	8.1493326	49.1296339
	8.1489178	49.1295956
	8.1484507	49.1294539
	8.1479228	49.1294239
	8.1475988	49.1294349
	8.1473269	49.1295649
	8.1468199	49.1296179
	8.146578	49.1295729
	8.1455961	49.1290039
	8.1453322	49.1289319
	8.1442353	49.1288549
	8.1440134	49.1287789
	8.1433594	49.128375
	8.1427065	49.128096
	8.1411268	49.1275391
	8.1400499	49.1272871
	8.139837	49.1271881
	8.139639	49.1270581
	8.139377	49.1270241
	8.1390231	49.1270391
	8.1384951	49.1270051
	8.1379462	49.1270051
	8.1365824	49.1268941
	8.1360275	49.1268751
	8.1355026	49.1269441
	8.1348617	49.1271001
	8.1345397	49.1265782
	8.1341648	49.1266082
	8.1336948	49.1268291
	8.1332099	49.1269021
	8.1331249	49.1270281
	8.1329419	49.1272031
	8.132657	49.1273601
	8.132436	49.1274321
	8.13228	49.1276341
	8.1319651	49.127818
	8.1317001	49.127928
	8.1314351	49.127902
	8.1313492	49.128058
	8.1310592	49.128275
	8.1307702	49.128226
	8.1305473	49.128428
	8.1303703	49.128485
	8.1301723	49.128455
	8.1299554	49.128279
	8.1297734	49.1286529
	8.1295064	49.1288549
	8.1289515	49.1291829
	8.1287065	49.1296978
	8.1283936	49.1297138
	8.1285016	49.1298848
	8.1283666	49.1301138
	8.1280796	49.1301708
	8.1279226	49.1302707
	8.1272617	49.1302397
	8.1272637	49.1304417
	8.1271117	49.1305147
	8.1269128	49.1304727
	8.1266488	49.1304647
	8.1264928	49.1303927
	8.1259629	49.1303777
	8.1258529	49.1304457
	8.125609	49.1305447
	8.125211	49.1306287
	8.1248791	49.1307927
	8.1247481	49.1306867
	8.1245501	49.1306867
	8.1244001	49.1307287
	8.1242222	49.1308467
	8.1237812	49.1309307
	8.1233833	49.1310406
	8.1230763	49.1309877
	8.1229643	49.1310986
	8.1231613	49.1311746
	8.1231593	49.1312696
	8.1228243	49.1316136
	8.1215915	49.1316666
	8.1216125	49.1317816
	8.1209526	49.1317506
	8.1203567	49.1318156
	8.1195888	49.1315946
	8.1193258	49.1315946
	8.1180543	49.131844
	8.118045	49.1302287
	8.1178991	49.1294768
	8.1178151	49.1290609
	8.1178141	49.127604
	8.1174001	49.127634
	8.1176436	49.1259105
	8.1171962	49.118578
	8.1177231	49.118628
	8.1183219	49.1174001
	8.1182991	49.1162553
	8.1183391	49.1160453
	8.118858	49.1131696
	8.1201289	49.1056505
	8.1203088	49.1037087
	8.1204458	49.1034337
	8.1204188	49.1028468
	8.1204108	49.1027128
	8.119169	49.1018699
	8.1183621	49.101275
	8.1181702	49.100886
	8.1172303	49.1004011
	8.1162464	49.0999361
	8.1159615	49.0998631
	8.1152096	49.1000161
	8.1139328	49.1000961
	8.112322	49.1003441
	8.1096264	49.0995511
	8.1092074	49.0993982
	8.1089915	49.0993182
	8.1074607	49.0992992
	8.1069438	49.0992912
	8.105339	49.0992072
	8.10524	49.0993372
	8.105115	49.0994971
	8.1047861	49.0994062
	8.1035563	49.0991542
	8.1018205	49.0989022
	8.101177	49.0987771
	8.1014486	49.0985972
	8.1019457	49.0983852
	8.1019339	49.0976946
	8.1015273	49.0963708
	8.1018792	49.0964034
	8.1014606	49.0944737
	8.1011086	49.0944577
	8.1012366	49.0922529
	8.1008817	49.092234
	8.1010906	49.0908951
	8.1011586	49.0904332
	8.1025684	49.0905821
	8.1030674	49.0886484
	8.1021651	49.0884504
	8.1019875	49.0884154
	8.1023315	49.0865086
	8.1026634	49.0864816
	8.1025635	49.0852987
	8.0987855	49.0854263
	8.0987553	49.0866908
	8.0986216	49.0873179
	8.0985029	49.0878991
	8.0971052	49.0877674
	8.0964013	49.0876795
	8.0958284	49.0875495
	8.0947316	49.0871875
	8.0938727	49.0869965
	8.0922239	49.0867595
	8.0906611	49.0866726
	8.0892953	49.0867255
	8.0849081	49.0869869
	8.0842056	49.0848393
	8.0837482	49.0831097
	8.0833349	49.0824112
	8.0829621	49.0817714
	8.082527	49.0813434
	8.0817604	49.0807753
	8.0810825	49.0804162
	8.0803806	49.0801263
	8.0798967	49.0798633
	8.0794449	49.0796437
	8.0790705	49.0791686
	8.0789042	49.078927
	8.0788418	49.0787298
	8.0787084	49.0784722
	8.0786314	49.0783146
	8.0786279	49.0782134
	8.0787773	49.0778629
	8.078714	49.0771397
	8.07867	49.0766766
	8.0785702	49.0758128
	8.0785665	49.0749712
	8.0784812	49.074956
	8.0783771	49.0749375
	8.0771647	49.0720703
	8.0732224	49.0722411
	8.0692785	49.0722815
	8.0679294	49.0722451
	8.0652838	49.0724131
	8.0632581	49.0725691
	8.0617458	49.0727717
	8.0600319	49.0730876
	8.0575358	49.0734623
	8.0555635	49.0738734
	8.0551003	49.0697393
END
END
