3249072
1
	9.9266614	54.0943466
	9.9279942	54.0929278
	9.9283392	54.091348
	9.9288111	54.090826
	9.929251	54.0903331
	9.9298369	54.0896772
	9.9315977	54.0879644
	9.9319246	54.0877054
	9.9332104	54.0866635
	9.9337434	54.0861446
	9.9341143	54.0855157
	9.9343243	54.0850197
	9.9344353	54.0842448
	9.9344883	54.0832949
	9.9341804	54.08214
	9.9341714	54.0819981
	9.9348613	54.0802782
	9.9348453	54.0798623
	9.9351962	54.0792824
	9.9352462	54.0785804
	9.9352582	54.0784897
	9.9352572	54.0777985
	9.9352642	54.0772416
	9.9354772	54.0764217
	9.9355622	54.0761237
	9.9355682	54.0755558
	9.9350443	54.0755518
	9.9348883	54.0750398
	9.9349764	54.0730221
	9.9350084	54.0720112
	9.9351553	54.0716342
	9.9355253	54.0711113
	9.9356753	54.0705274
	9.9354173	54.0701234
	9.9343335	54.0695934
	9.9340115	54.0695435
	9.9337716	54.0693185
	9.933549	54.0687106
	9.9335186	54.0686276
	9.9333427	54.0677697
	9.9335456	54.0677237
	9.9335067	54.0676057
	9.9332077	54.0672697
	9.9330917	54.0669727
	9.9325068	54.0668887
	9.9324068	54.0668158
	9.9319019	54.0668617
	9.931316	54.0667168
	9.931139	54.0664188
	9.9310581	54.0663238
	9.9307771	54.0661788
	9.9306801	54.0659388
	9.9305811	54.0657859
	9.9303392	54.0657479
	9.9301442	54.0652599
	9.9299443	54.0650119
	9.9300072	54.064832
	9.9300502	54.064748
	9.9299042	54.0645702
	9.929807	54.0644183
	9.9297393	54.0643378
	9.9296446	54.0642666
	9.9296356	54.0642097
	9.9296586	54.0641091
	9.9296854	54.0633981
	9.9296961	54.0632727
	9.9297226	54.0630717
	9.9305368	54.0621049
	9.9306109	54.0620381
	9.9307104	54.0619769
	9.9310631	54.0618806
	9.9312405	54.0616232
	9.9313217	54.0615233
	9.9314663	54.0613157
	9.9315214	54.061175
	9.9316095	54.060953
	9.9316496	54.0607634
	9.9313826	54.0595882
	9.9311631	54.0584155
	9.931253	54.0578885
	9.9320126	54.0561922
	9.9319979	54.0561357
	9.9315063	54.0551729
	9.9313274	54.0544948
	9.9311836	54.0543534
	9.9310001	54.0543115
	9.9303713	54.0541786
	9.9294607	54.0539128
	9.9286238	54.0533394
	9.9284892	54.0532872
	9.9274854	54.0531778
	9.927358	54.0531561
	9.9271052	54.0530424
	9.9269678	54.0529545
	9.9267538	54.0526931
	9.9298273	54.0525999
	9.9300634	54.0530443
	9.9303054	54.0531513
	9.9304063	54.0531283
	9.9305913	54.0527743
	9.9309563	54.0527743
	9.9314952	54.0532053
	9.9317591	54.0531933
	9.9318201	54.0531093
	9.9316411	54.0528003
	9.93227	54.0527323
	9.932635	54.0526024
	9.932878	54.0523924
	9.9330399	54.0524494
	9.9334809	54.0527963
	9.9335578	54.0530483
	9.9334938	54.0533803
	9.9335918	54.0536172
	9.9339328	54.0537732
	9.9344597	54.0536093
	9.9347866	54.0533383
	9.9352736	54.0531633
	9.9354775	54.0530223
	9.9358255	54.0528083
	9.9362684	54.0527014
	9.9364124	54.0524914
	9.9366364	54.0523964
	9.9364884	54.0528233
	9.9366453	54.0532163
	9.9371883	54.0534793
	9.9376312	54.0535293
	9.939048	54.0534303
	9.9391589	54.0534183
	9.9395529	54.0533733
	9.9406457	54.0531133
	9.9416965	54.0530833
	9.9425474	54.0528964
	9.9428704	54.0528774
	9.9429504	54.0529834
	9.9427664	54.0531593
	9.9428054	54.0532543
	9.9438382	54.0530444
	9.9439802	54.0529534
	9.9438402	54.0527854
	9.9441038	54.0522655
	9.9445294	54.0519697
	9.9447611	54.0519345
	9.945104	54.0519005
	9.9456099	54.0519235
	9.9459359	54.0520495
	9.9462468	54.0525984
	9.9464898	54.0526214
	9.9468127	54.0524684
	9.9470737	54.0526864
	9.9475196	54.0526134
	9.9482975	54.0523395
	9.9494243	54.0521135
	9.9494213	54.0523045
	9.9492334	54.0527774
	9.9495543	54.0529574
	9.9501402	54.0529224
	9.9504652	54.0528194
	9.9504972	54.0532924
	9.9510051	54.0533194
	9.951548	54.0534643
	9.951702	54.0533464
	9.9519059	54.0531704
	9.9525918	54.0531824
	9.9526338	54.0530184
	9.9531787	54.0530794
	9.9534847	54.0529494
	9.9536287	54.0526904
	9.9538716	54.0525835
	9.9540896	54.0528804
	9.9544735	54.0528964
	9.9546155	54.0528234
	9.9549795	54.0527544
	9.9553244	54.0527324
	9.9555202	54.0526502
	9.9559821	54.0513825
	9.9564263	54.0502677
	9.9570006	54.0490606
	9.9563903	54.0483489
	9.9561513	54.048048
	9.9561343	54.047822
	9.9562173	54.047647
	9.9560584	54.0473531
	9.9559854	54.0468881
	9.9559824	54.0459722
	9.9554885	54.0457132
	9.9548826	54.0453963
	9.9542897	54.0451983
	9.9536618	54.0450533
	9.9530009	54.0449626
	9.9527729	54.0449313
	9.9520961	54.0448954
	9.951905	54.0448853
	9.9516094	54.0449031
	9.9511422	54.0449313
	9.9506592	54.0450453
	9.9503843	54.0447863
	9.9504743	54.0446333
	9.9507402	54.0443934
	9.9508142	54.0440764
	9.9508192	54.0438434
	9.9510259	54.0435035
	9.9512559	54.0430663
	9.9511179	54.0426129
	9.9514498	54.0422019
	9.9517324	54.0417358
	9.9521689	54.0414997
	9.9518441	54.0410217
	9.9513873	54.0409631
	9.9502454	54.0403838
	9.9500609	54.0401583
	9.9499757	54.0399269
	9.9502712	54.0395195
	9.9503914	54.0392927
	9.9507006	54.0387089
	9.9510489	54.0380515
	9.9511005	54.0376523
	9.9509454	54.0374124
	9.9500381	54.0367331
	9.949727	54.0364896
	9.9465738	54.0360011
	9.946154	54.0341974
	9.9458881	54.0331436
	9.9451963	54.0301829
	9.9448564	54.029771
	9.9447764	54.029504
	9.9447674	54.0289551
	9.9450953	54.0289171
	9.9455373	54.0286501
	9.9456463	54.0276922
	9.9458342	54.0270433
	9.9457523	54.0268603
	9.9453243	54.0265283
	9.9452403	54.0263614
	9.9452453	54.0261434
	9.9455903	54.0253915
	9.9456123	54.0251785
	9.9450644	54.0246326
	9.9443345	54.0241676
	9.9448854	54.0238886
	9.9454843	54.0233927
	9.9456663	54.0230877
	9.9457813	54.0226688
	9.9457203	54.0225268
	9.9446465	54.0219549
	9.9444555	54.0217639
	9.9446745	54.0212189
	9.9451444	54.020727
	9.9453104	54.020383
	9.9453374	54.0199451
	9.9449335	54.0199181
	9.9447675	54.0186212
	9.9447535	54.0181403
	9.9448975	54.0179383
	9.9452445	54.0177013
	9.9459104	54.0175414
	9.9467412	54.0173964
	9.9473181	54.0180753
	9.9475161	54.0181823
	9.948324	54.0183463
	9.9484619	54.0185603
	9.9488639	54.0187772
	9.9489416	54.0189241
	9.9502067	54.0188758
	9.9508351	54.0189265
	9.9516483	54.0190616
	9.9521822	54.0192329
	9.9539607	54.0201016
	9.9542317	54.0202102
	9.9544946	54.0202609
	9.9563839	54.0202923
	9.9566427	54.0202464
	9.9569548	54.0201571
	9.9584047	54.0197591
	9.9603785	54.0192513
	9.9607394	54.019224
	9.9607775	54.0191253
	9.9612959	54.0186243
	9.9614179	54.0185753
	9.9617628	54.0185403
	9.9625467	54.0187013
	9.9631286	54.0188883
	9.9631056	54.0191243
	9.9639495	54.0194142
	9.9640864	54.0197802
	9.9639985	54.0203301
	9.9638515	54.0207801
	9.9637285	54.0209551
	9.9633991	54.0216411
	9.963786	54.0217835
	9.9639098	54.021826
	9.9647041	54.022123
	9.9649105	54.022226
	9.965258	54.0224179
	9.965382	54.0225144
	9.9654951	54.0226986
	9.9656337	54.0228058
	9.9657942	54.0228701
	9.9659255	54.0228936
	9.9661918	54.0228893
	9.9672277	54.0227844
	9.9673189	54.0227865
	9.9673991	54.0228079
	9.9680698	54.0211953
	9.9698223	54.0215734
	9.9692987	54.022384
	9.9684915	54.0233143
	9.9685457	54.0233636
	9.968899	54.0235242
	9.9690409	54.0235939
	9.9691234	54.023706
	9.9693581	54.0237984
	9.9693727	54.0238284
	9.9693417	54.023868
	9.9691994	54.0239462
	9.9690863	54.0240791
	9.9690991	54.0242333
	9.969141	54.024348
	9.9691921	54.0244444
	9.9691392	54.0245408
	9.9689696	54.0247036
	9.9688529	54.0249608
	9.9688492	54.02507
	9.9688985	54.0251954
	9.9689824	54.0252779
	9.9690736	54.0253593
	9.9691666	54.0254086
	9.9693398	54.0254932
	9.9694511	54.025535
	9.9694857	54.0255628
	9.9695988	54.0256871
	9.9697465	54.0260642
	9.9699471	54.0262088
	9.9702371	54.0263181
	9.9703903	54.026346
	9.9704924	54.0263374
	9.9707259	54.0262913
	9.9711021	54.0261266
	9.9713265	54.0260675
	9.9715483	54.02611
	9.9725232	54.0263887
	9.9731164	54.0266675
	9.9733264	54.0268523
	9.973672	54.0270129
	9.974193	54.0270796
	9.974714	54.0271796
	9.975235	54.0273917
	9.9753382	54.0274098
	9.9752189	54.027694
	9.9750193	54.0277601
	9.9748114	54.0278523
	9.9746983	54.0279208
	9.9745196	54.0281308
	9.9744201	54.028958
	9.9766389	54.0290001
	9.9766929	54.028695
	9.976848	54.0283819
	9.9770842	54.0279975
	9.9772731	54.027843
	9.9776374	54.0277598
	9.9780692	54.0277043
	9.978312	54.0275339
	9.9786089	54.0275458
	9.979142	54.0275033
	9.9793319	54.0268185
	9.9794529	54.0267115
	9.9795989	54.0265785
	9.9801748	54.0261476
	9.9806597	54.0258456
	9.9819136	54.0252507
	9.9824395	54.0250637
	9.9833133	54.0249037
	9.9848141	54.0248887
	9.9875447	54.0243968
	9.9883296	54.0243128
	9.9895264	54.0242288
	9.9906152	54.0241868
	9.9956624	54.0241179
	9.9988839	54.0240379
	9.9999207	54.0240529
	10.0000047	54.0240949
	10.0001501	54.0241692
	10.0005496	54.0243738
	10.0016064	54.0248958
	10.0035541	54.0256357
	10.0053918	54.0262197
	10.0082274	54.0283294
	10.0088083	54.0287034
	10.0089982	54.0289054
	10.0091252	54.0291114
	10.0113908	54.0336658
	10.0115844	54.0342013
	10.0101507	54.037703
	10.0106529	54.0378098
	10.0110079	54.0376929
	10.0115708	54.0373166
	10.0121683	54.0371894
	10.0137356	54.0374589
	10.0141058	54.0375599
	10.013577	54.0382923
	10.0165335	54.0388747
	10.0189863	54.0392016
	10.0196833	54.0393562
	10.0200789	54.0392882
	10.0235588	54.0393153
	10.0291558	54.036517
	10.0304477	54.0368136
	10.0309646	54.0375645
	10.0316075	54.0378055
	10.0326554	54.0379655
	10.0334042	54.0379085
	10.0341521	54.0377895
	10.0360518	54.0375495
	10.0361689	54.0375368
	10.0364768	54.0375035
	10.0366957	54.0376335
	10.0369827	54.0383584
	10.0373656	54.0383394
	10.0375486	54.0383005
	10.0377256	54.0386824
	10.0408411	54.0380645
	10.041144	54.0380415
	10.041483	54.0385294
	10.0369097	54.0395253
	10.0376945	54.0407166
	10.0391269	54.0435153
	10.0391826	54.0436289
	10.0407433	54.0468083
	10.0408369	54.0469989
	10.0417063	54.0473453
	10.0418813	54.0474066
	10.0447013	54.0460106
	10.0455922	54.0458116
	10.046676	54.0454227
	10.0499385	54.0444578
	10.0515583	54.0439429
	10.0521442	54.0440039
	10.0523442	54.0441109
	10.0522812	54.0443738
	10.0516943	54.0444388
	10.0513703	54.0445718
	10.0501345	54.0448738
	10.0490407	54.0453357
	10.0476029	54.0456097
	10.0464911	54.0457966
	10.0456202	54.0461206
	10.0450303	54.0463196
	10.0449503	54.0465106
	10.0434737	54.0470611
	10.0429887	54.0472466
	10.0421536	54.0474323
	10.0420291	54.0474467
	10.0419032	54.0474542
	10.0420366	54.0477343
	10.042294	54.0479184
	10.0424881	54.0480501
	10.0429337	54.0486829
	10.0429655	54.0488831
	10.042995	54.0491388
	10.0430687	54.0491903
	10.0432445	54.0492186
	10.0442684	54.0492834
	10.0449913	54.0493987
	10.0456751	54.0495435
	10.0472577	54.0499442
	10.0485376	54.0503791
	10.0490085	54.0504729
	10.0494503	54.0504999
	10.0498965	54.0504811
	10.0500405	54.0504466
	10.050419	54.0502488
	10.0510232	54.0501144
	10.051617	54.0501103
	10.0521526	54.0501404
	10.0532969	54.0505399
	10.0542207	54.0506442
	10.0555799	54.0506755
	10.0568833	54.0509467
	10.0581119	54.0514778
	10.0584699	54.0522724
	10.0584408	54.0523852
	10.0580624	54.052727
	10.0579197	54.0533387
	10.0578295	54.0536429
	10.0582521	54.0537998
	10.0579531	54.0543607
	10.0578681	54.0548837
	10.0577063	54.0556404
	10.0574427	54.0557213
	10.0563215	54.056908
	10.0560517	54.0569844
	10.0546809	54.0573843
	10.0542127	54.0573739
	10.0535484	54.0573143
	10.0525096	54.0571893
	10.0523393	54.0573643
	10.0520008	54.0575303
	10.051556	54.0576341
	10.0511899	54.0576242
	10.0508408	54.0575392
	10.0500465	54.0572853
	10.0492485	54.0570944
	10.0485929	54.0570294
	10.0480033	54.0570454
	10.047205	54.0572293
	10.046924	54.0572493
	10.0459601	54.057134
	10.0456028	54.0570959
	10.0451359	54.0570144
	10.0446188	54.0568316
	10.0440461	54.0565496
	10.0434401	54.0563083
	10.0429647	54.0561847
	10.042195	54.0561748
	10.04066	54.0562616
	10.040223	54.0563247
	10.0391571	54.0568714
	10.0389941	54.0570044
	10.0384442	54.0574773
	10.0377513	54.0580842
	10.0373653	54.0582402
	10.0365155	54.0584652
	10.0350787	54.0587861
	10.0349347	54.0587971
	10.0346348	54.0585232
	10.0342538	54.0584082
	10.0327601	54.0583012
	10.031964	54.0580956
	10.0318951	54.0580633
	10.0317888	54.0580134
	10.0305386	54.0579016
	10.0297391	54.0580774
	10.0290698	54.0579532
	10.0281635	54.0584524
	10.0270896	54.0586025
	10.0259069	54.0585562
	10.0256558	54.0586299
	10.0253376	54.0592982
	10.0246774	54.0595892
	10.024565	54.0599107
	10.022792	54.059981
	10.0228656	54.0600853
	10.0233883	54.0603348
	10.0229218	54.0615884
	10.0226341	54.0622242
	10.0226269	54.0623371
	10.0227332	54.0624337
	10.0230579	54.0625466
	10.0237663	54.0627795
	10.0240466	54.0628093
	10.0246387	54.062699
	10.0249019	54.062696
	10.0253355	54.0627924
	10.025544	54.0628713
	10.02568	54.0629832
	10.0264354	54.0644629
	10.0266002	54.0646423
	10.0269898	54.0648017
	10.0276695	54.0649928
	10.0289905	54.0662145
	10.0299163	54.0665926
	10.0304325	54.0674463
	10.031789	54.0676545
	10.0320844	54.0677063
	10.0334522	54.0682264
	10.0351076	54.0685356
	10.0352785	54.068979
	10.0358823	54.0697978
	10.0352274	54.0704981
	10.0346648	54.0714693
	10.0338498	54.0717105
	10.0337803	54.0717744
	10.0342026	54.0731905
	10.0344746	54.0743574
	10.0346085	54.0749136
	10.0346465	54.0750713
	10.0347015	54.0757842
	10.0344966	54.0759752
	10.0340706	54.0760552
	10.0338087	54.0759792
	10.0336287	54.0758642
	10.0334487	54.0756242
	10.0331678	54.0754602
	10.0324019	54.0753113
	10.0311671	54.0754982
	10.0306642	54.0757002
	10.0298883	54.0760402
	10.0296043	54.0760742
	10.0293214	54.0760742
	10.0287765	54.0760012
	10.0285325	54.0761771
	10.0280606	54.0767951
	10.0277986	54.0768291
	10.0269477	54.0769321
	10.0266448	54.0769321
	10.0261809	54.0768941
	10.0260579	54.077066
	10.0260159	54.077192
	10.0261529	54.077451
	10.0259499	54.07757
	10.025503	54.0778899
	10.025216	54.0783019
	10.0240212	54.0784849
	10.0232503	54.0786488
	10.0230083	54.0787708
	10.0228264	54.0788278
	10.0222595	54.0788358
	10.0215926	54.0789088
	10.0208168	54.0788051
	10.0195977	54.0788422
	10.0185073	54.0790393
	10.0181991	54.0788318
	10.0181268	54.0788757
	10.0177463	54.0791067
	10.0169413	54.0792192
	10.0169	54.0795373
	10.0163184	54.0800457
	10.0164544	54.0804606
	10.0166953	54.0805216
	10.0168783	54.0804996
	10.0169123	54.0810759
	10.0171712	54.0813915
	10.0178761	54.0816245
	10.0181933	54.0820077
	10.0182992	54.0823472
	10.0189652	54.0826388
	10.0190096	54.082853
	10.0185969	54.0832246
	10.0187039	54.08369
	10.0185188	54.0843988
	10.018062	54.0849241
	10.017799	54.0855077
	10.0179976	54.0858169
	10.0182676	54.0859089
	10.0193668	54.085714
	10.0197898	54.085775
	10.0199307	54.08587
	10.0204876	54.0866329
	10.0210325	54.0868959
	10.0211105	54.0870529
	10.0206006	54.0875368
	10.0203966	54.0880448
	10.0206766	54.0881098
	10.0209615	54.0880108
	10.0212025	54.0879838
	10.0223943	54.0882358
	10.023008	54.0885333
	10.024672	54.0886049
	10.0256917	54.0902973
	10.0263836	54.0914094
	10.0263596	54.0914964
	10.0254398	54.0917874
	10.0228532	54.0928552
	10.0229382	54.0929692
	10.0232391	54.0931752
	10.024111	54.0942131
	10.023585	54.0944801
	10.0234091	54.094568
	10.0229591	54.09538
	10.0224952	54.0957349
	10.0220722	54.0962159
	10.0220273	54.0963458
	10.0226062	54.0967308
	10.0232591	54.0967838
	10.02352	54.0967728
	10.0243849	54.0969328
	10.0247578	54.0969708
	10.0251218	54.0971538
	10.0253587	54.0973827
	10.0252697	54.0974367
	10.0246208	54.0975777
	10.0239599	54.0977187
	10.0221032	54.0983136
	10.0206414	54.0988096
	10.0206134	54.0995495
	10.0205214	54.1003124
	10.0206034	54.1011333
	10.0205584	54.1015263
	10.0200285	54.1027391
	10.0200485	54.1031741
	10.020059	54.1036001
	10.0202194	54.1042359
	10.0205456	54.1046756
	10.0213477	54.1056608
	10.0225717	54.1067676
	10.0227899	54.1071161
	10.022616	54.1081161
	10.0229109	54.1098022
	10.0231029	54.1101243
	10.0218821	54.1108452
	10.0214861	54.1109402
	10.0210882	54.1113182
	10.0211472	54.1114441
	10.022109	54.1122681
	10.0229109	54.112878
	10.0228889	54.113081
	10.0225179	54.1137059
	10.0224619	54.1148808
	10.0224389	54.1153467
	10.022213	54.1156787
	10.0207082	54.1164676
	10.0199753	54.1167505
	10.0193454	54.1171885
	10.0191734	54.1178874
	10.0190874	54.1184093
	10.0192064	54.1187183
	10.0202052	54.1196382
	10.0218885	54.12012
	10.0220816	54.1202941
	10.0222009	54.121404
	10.0229588	54.121812
	10.0235477	54.122045
	10.0242875	54.1221479
	10.0252014	54.122099
	10.0252584	54.1224109
	10.0258762	54.1257645
	10.0284528	54.1258745
	10.0304045	54.1259625
	10.033605	54.1259816
	10.03378	54.1260196
	10.0362316	54.1274654
	10.0344649	54.1278854
	10.0351567	54.1288692
	10.033475	54.1292772
	10.0316683	54.1297161
	10.0311744	54.1298351
	10.0252069	54.1312824
	10.0248653	54.1313639
	10.0163107	54.1334396
	10.0175854	54.1352404
	10.0167356	54.1353924
	10.0177064	54.1369792
	10.0179474	54.1368883
	10.0182973	54.1365983
	10.0185583	54.1365223
	10.0186242	54.1366173
	10.0203929	54.139345
	10.0207409	54.1398939
	10.0208448	54.1400619
	10.0222406	54.139768
	10.0229165	54.139604
	10.0230365	54.1401419
	10.0230645	54.1402679
	10.0152547	54.1422396
	10.0149318	54.1419727
	10.0144498	54.1415797
	10.0140567	54.1409796
	10.0132488	54.1411798
	10.0127502	54.1412924
	10.0121108	54.1412724
	10.0111257	54.1414142
	10.0110632	54.1414232
	10.0101484	54.1416632
	10.0098203	54.1417153
	10.0088678	54.1418386
	9.9998291	54.1463831
	9.9994511	54.1465925
	9.9982277	54.147159
	9.9973966	54.1477495
	9.9966877	54.1483365
	9.9964668	54.1490655
	9.9964537	54.1491088
	9.9960996	54.1490397
	9.996046	54.1496115
	9.9954022	54.1496618
	9.995016	54.1495801
	9.9947585	54.149511
	9.9942328	54.1491905
	9.9930741	54.1494356
	9.9928166	54.1496806
	9.9921339	54.1496323
	9.9918135	54.1495101
	9.9913274	54.1494645
	9.9908593	54.1495787
	9.9898061	54.1495523
	9.9894571	54.1490409
	9.9890483	54.1485972
	9.9869441	54.1486235
	9.9858827	54.1484478
	9.9852914	54.1482028
	9.9852004	54.1481638
	9.9839406	54.1479199
	9.9830677	54.1478169
	9.9823728	54.1477559
	9.9813505	54.1476183
	9.9807609	54.1476911
	9.9804215	54.1476791
	9.9804122	54.1473751
	9.9804522	54.1471551
	9.9806188	54.1469642
	9.9807266	54.1465758
	9.9806164	54.1464209
	9.9789214	54.1442433
	9.9783395	54.1433503
	9.9778586	54.1428394
	9.9775757	54.1419155
	9.9774007	54.1413476
	9.9783796	54.1394938
	9.9783146	54.1393368
	9.9783586	54.1389668
	9.9789235	54.1385969
	9.9789675	54.1383759
	9.9788795	54.137907
	9.9791195	54.1366551
	9.9789006	54.1357322
	9.9783776	54.1353243
	9.9780297	54.1351983
	9.9776808	54.1350073
	9.9772218	54.1347903
	9.9748472	54.1351713
	9.9732575	54.1352252
	9.9729525	54.1351872
	9.9726465	54.1358392
	9.9725646	54.1358645
	9.9721026	54.1357742
	9.9714937	54.1357892
	9.9709498	54.1359042
	9.9702959	54.1357092
	9.969774	54.1355072
	9.969555	54.1353162
	9.9695121	54.1349193
	9.969662	54.1345613
	9.9692711	54.1344773
	9.9685072	54.1343173
	9.9679633	54.1343053
	9.9675714	54.1342173
	9.9671344	54.1340503
	9.9667205	54.1340653
	9.9660236	54.1339084
	9.9646738	54.1336954
	9.9645659	54.1336154
	9.9646738	54.1334894
	9.9647388	54.1332454
	9.9643899	54.1329665
	9.963846	54.1327495
	9.964041	54.1322375
	9.964019	54.1321085
	9.963779	54.1320855
	9.9633211	54.1321085
	9.9632571	54.1321735
	9.9633441	54.1327875
	9.9632571	54.1330314
	9.9630841	54.1333254
	9.9629511	54.1333744
	9.9624732	54.1333364
	9.9621003	54.1332604
	9.9613394	54.1332334
	9.9611608	54.1336031
	9.960575	54.1310115
	9.9610469	54.13113
	9.9604637	54.1282237
	9.9603095	54.1275863
	9.9601095	54.1272754
	9.9604464	54.1271747
	9.9599725	54.1267647
	9.9587622	54.1265183
	9.9578592	54.1264937
	9.9574978	54.126482
	9.9567763	54.1263614
	9.956282	54.1262357
	9.9560247	54.1261132
	9.9554049	54.1262145
	9.9553402	54.1262283
	9.9549851	54.1256713
	9.9545113	54.1254791
	9.9539713	54.1251196
	9.9537631	54.1247957
	9.9536728	54.1244327
	9.9536012	54.1242738
	9.9534627	54.1238724
	9.9534638	54.1236585
	9.9534288	54.1232315
	9.9532688	54.1230635
	9.9530288	54.1228845
	9.9527279	54.1227436
	9.951742	54.1223086
	9.9512601	54.1218316
	9.9511621	54.1217004
	9.9510032	54.1214877
	9.9506842	54.1210687
	9.9505083	54.1206868
	9.9500663	54.1203548
	9.9500003	54.1202938
	9.9497714	54.1200808
	9.9494094	54.1199239
	9.9490935	54.1196719
	9.9486916	54.1193519
	9.9482336	54.118684
	9.9478697	54.118635
	9.9475668	54.118478
	9.9468889	54.1177881
	9.9470119	54.1176201
	9.945912	54.1165942
	9.9457883	54.1164712
	9.9452921	54.1160103
	9.9444593	54.1148044
	9.9444823	54.1145334
	9.9442223	54.1141755
	9.9438874	54.1136145
	9.9435055	54.1134126
	9.9433395	54.1122227
	9.9434245	54.1119747
	9.9430756	54.1107229
	9.9428836	54.1099259
	9.9427496	54.109384
	9.9426217	54.1083121
	9.9426337	54.1074122
	9.9427267	54.1064243
	9.9429587	54.1056764
	9.9436406	54.1045276
	9.9431396	54.1041926
	9.9399032	54.1027577
	9.9396772	54.1029987
	9.9392493	54.1032807
	9.9390553	54.1033187
	9.9384204	54.1031737
	9.9379805	54.1030407
	9.9377325	54.1029597
	9.9372036	54.1027697
	9.9369846	54.1025787
	9.9365057	54.1022198
	9.9358528	54.1020678
	9.9352409	54.1020558
	9.934676	54.1021208
	9.934458	54.1022468
	9.9320394	54.1023608
	9.9316915	54.1021708
	9.9307966	54.1018498
	9.9306876	54.1018498
	9.9297298	54.1024527
	9.9293529	54.1019268
	9.9288539	54.1013199
	9.9288549	54.1012019
	9.928841	54.1006559
	9.9294529	54.100431
	9.9297838	54.099801
	9.9304177	54.0992711
	9.9308447	54.0991421
	9.9308687	54.0988711
	9.9304057	54.0985812
	9.9300248	54.0982752
	9.9281651	54.0967884
	9.9278892	54.0963834
	9.9270293	54.0956775
	9.9269943	54.0953005
	9.9266614	54.0943466
END
END
