2760391
1
	9.6509233	47.281404
	9.6517219	47.2811222
	9.6520503	47.2809378
	9.652435	47.280742
	9.6528963	47.2804985
	9.6535119	47.2801849
	9.6540404	47.2799045
	9.6546196	47.2796034
	9.6550484	47.2793765
	9.6552946	47.279249
	9.6556964	47.2790633
	9.6563301	47.2787744
	9.6569464	47.2785152
	9.6573167	47.2783584
	9.657875	47.2779129
	9.6582127	47.2776314
	9.6583495	47.2773988
	9.6586055	47.2769488
	9.658828	47.2765476
	9.6590219	47.2761825
	9.659301	47.2756199
	9.659385	47.2754469
	9.6593706	47.275139
	9.6593635	47.2748299
	9.6593886	47.2744691
	9.6594247	47.2741115
	9.6597712	47.2738207
	9.6601491	47.2735052
	9.6603936	47.2732999
	9.661019	47.2732551
	9.6611331	47.2732681
	9.6614198	47.2732972
	9.6620451	47.2734865
	9.6621931	47.2734831
	9.6624251	47.2734775
	9.6628439	47.2733555
	9.6631655	47.2732164
	9.6635922	47.2730302
	9.6638954	47.2728049
	9.6639998	47.2727481
	9.6642103	47.2726711
	9.6643589	47.2725376
	9.6644373	47.2725176
	9.6648929	47.2725353
	9.6650157	47.2725089
	9.6656782	47.2721721
	9.6660721	47.2720354
	9.6665355	47.2718693
	9.6670596	47.2716842
	9.6679003	47.271346
	9.6685309	47.2710967
	9.6693263	47.2707746
	9.6703391	47.2705714
	9.6704268	47.2705165
	9.6708994	47.2699828
	9.6715743	47.2696256
	9.6720697	47.2693695
	9.6724676	47.2691565
	9.6726462	47.2690356
	9.6729545	47.2684986
	9.6733413	47.2679696
	9.6739479	47.2676895
	9.6741791	47.2675597
	9.6744709	47.2674013
	9.6752378	47.267285
	9.6758752	47.2673585
	9.6763616	47.2672124
	9.6766009	47.2670851
	9.6769408	47.2669089
	9.67755	47.2665964
	9.6781969	47.2662583
	9.6786989	47.2660031
	9.6791401	47.2659521
	9.6794751	47.2659127
	9.6801973	47.2659337
	9.6808264	47.2659505
	9.6813426	47.2659138
	9.6820435	47.2658514
	9.6830182	47.2664153
	9.683129	47.2664343
	9.6834275	47.266389
	9.6836419	47.2662997
	9.683807	47.2662368
	9.6842964	47.2658955
	9.6849606	47.2656314
	9.6858796	47.2652761
	9.6861042	47.2651252
	9.686448	47.264911
	9.686945	47.2647076
	9.6873817	47.2646898
	9.6880239	47.2646611
	9.688401	47.2646607
	9.6893159	47.2646214
	9.6896895	47.2646083
	9.6909413	47.2642078
	9.6912216	47.2641246
	9.6914327	47.2640415
	9.6919243	47.2637429
	9.6927821	47.2642506
	9.6933	47.2655063
	9.6932236	47.2662149
	9.6932579	47.2664828
	9.6933062	47.2670236
	9.6932842	47.2671841
	9.6936659	47.2676639
	9.6940741	47.2681912
	9.6942922	47.2684751
	9.6942905	47.2691552
	9.6943879	47.2694432
	9.6948471	47.2697573
	9.6954283	47.2701477
	9.695622	47.2703226
	9.6956832	47.2703734
	9.6957891	47.2706211
	9.6958248	47.2710328
	9.6960426	47.2712541
	9.6962378	47.2714588
	9.6967523	47.2717917
	9.6971871	47.2720619
	9.6976983	47.2722787
	9.6982312	47.272514
	9.6987406	47.2727435
	9.6989513	47.2731958
	9.6997707	47.2729825
	9.7000725	47.2728553
	9.7004224	47.273088
	9.7006258	47.2729452
	9.7007547	47.2729777
	9.7009959	47.2727053
	9.7016415	47.2728901
	9.7020985	47.2734458
	9.7022897	47.2735481
	9.7024187	47.2741166
	9.7028028	47.2748282
	9.7027602	47.2748869
	9.7025571	47.2749825
	9.7024034	47.2751233
	9.7027497	47.2751757
	9.7037022	47.2750636
	9.7043236	47.2749679
	9.7048984	47.2749714
	9.7056167	47.2750573
	9.7063726	47.2753206
	9.7067135	47.2753907
	9.7071045	47.2754498
	9.7076007	47.2755468
	9.7083193	47.275553
	9.70865	47.275512
	9.7093412	47.275318
	9.7095794	47.2752374
	9.7097036	47.2751273
	9.7106263	47.2746871
	9.7111584	47.2744858
	9.7113019	47.2745186
	9.7114215	47.2745856
	9.7111777	47.2748944
	9.711299	47.2749677
	9.7114988	47.2749763
	9.7118845	47.2750638
	9.7122337	47.2751171
	9.7131017	47.2750023
	9.7135947	47.2750258
	9.7138599	47.274812
	9.7141354	47.2745848
	9.7143863	47.2744253
	9.7146493	47.2741628
	9.7149723	47.2740886
	9.7153808	47.2739952
	9.7159172	47.2739979
	9.716477	47.2740154
	9.7170362	47.2740109
	9.7175641	47.2740229
	9.717973	47.274018
	9.7188207	47.2740136
	9.7190586	47.2740715
	9.7195175	47.2742323
	9.7198322	47.2744198
	9.7200076	47.2744955
	9.7201366	47.2745111
	9.7204086	47.27451
	9.7206435	47.2746132
	9.7210692	47.2746813
	9.7223529	47.274846
	9.7231833	47.2751039
	9.7241049	47.2752372
	9.7246065	47.2753257
	9.7255418	47.275474
	9.7262458	47.2756432
	9.7265876	47.275771
	9.7269776	47.2759331
	9.7282505	47.2764278
	9.7289871	47.2767741
	9.7295643	47.2771326
	9.7297188	47.2772023
	9.7307117	47.2776454
	9.7311055	47.277742
	9.7315266	47.277796
	9.7327046	47.2778042
	9.7331067	47.2777707
	9.7332338	47.278087
	9.7334393	47.2783751
	9.7336458	47.2784655
	9.7338411	47.2785123
	9.7342273	47.2783547
	9.734461	47.2781382
	9.7348027	47.2778935
	9.7351332	47.2778053
	9.7365467	47.2774113
	9.7377366	47.2768124
	9.7382539	47.2768518
	9.7388841	47.2767706
	9.7389418	47.2768622
	9.739086	47.2769274
	9.7392568	47.2769826
	9.7395543	47.2770169
	9.7399778	47.277217
	9.7402073	47.277394
	9.7405421	47.2774591
	9.7410419	47.2777033
	9.7417592	47.2779382
	9.7421584	47.2780903
	9.7432266	47.2784622
	9.7446366	47.2787087
	9.7463042	47.2786934
	9.7464452	47.2789253
	9.7471743	47.2791189
	9.7483347	47.2797176
	9.7490024	47.2800546
	9.7491321	47.2799501
	9.7493301	47.2799662
	9.7495127	47.2800262
	9.7496276	47.2799813
	9.7499297	47.2802288
	9.7500194	47.2801122
	9.7501687	47.2801196
	9.750291	47.2799969
	9.7506615	47.2800017
	9.7512996	47.2801503
	9.7515734	47.2802036
	9.7523137	47.2807659
	9.7529872	47.2812785
	9.7535703	47.2811024
	9.7538806	47.2814041
	9.7541065	47.2814048
	9.7543184	47.2815939
	9.754427	47.2816326
	9.7546255	47.2817109
	9.754754	47.2816406
	9.754887	47.2818211
	9.7550396	47.2818162
	9.7551676	47.2818662
	9.7552982	47.2818002
	9.755421	47.2818209
	9.7556134	47.2817856
	9.7557418	47.281941
	9.7558108	47.2820997
	9.7560267	47.2823137
	9.7558271	47.2824358
	9.7557939	47.2825995
	9.7551011	47.2832034
	9.7556775	47.2834473
	9.7562318	47.2836761
	9.7563802	47.2837357
	9.7565175	47.2838045
	9.7580096	47.2845521
	9.7581671	47.284631
	9.7603436	47.2857204
	9.7604746	47.2857933
	9.7618846	47.286528
	9.763321	47.2872718
	9.7626346	47.2886025
	9.7618267	47.2902215
	9.7638252	47.2906056
	9.7648721	47.2906409
	9.7654909	47.2910738
	9.7669205	47.2918994
	9.7692838	47.2929668
	9.7701297	47.2937827
	9.7707504	47.2943626
	9.771021	47.2948978
	9.7707091	47.2952171
	9.7708175	47.2958803
	9.771967	47.297113
	9.772408	47.2975857
	9.7727478	47.2981043
	9.774366	47.2989338
	9.7748743	47.299193
	9.7755508	47.2995728
	9.7783314	47.30113
	9.7786232	47.3021604
	9.7789834	47.3035595
	9.7783539	47.3038029
	9.7785301	47.3045757
	9.777652	47.3055624
	9.7776539	47.3069031
	9.7768334	47.3064927
	9.7748169	47.3055024
	9.7725847	47.3043962
	9.7718825	47.3041404
	9.7711374	47.3038487
	9.7691874	47.3030844
	9.7685917	47.3025004
	9.7672901	47.3021448
	9.7660436	47.3018036
	9.7653414	47.3016066
	9.764606	47.3012888
	9.7638563	47.3009691
	9.7622443	47.3003615
	9.7593432	47.2992692
	9.7560256	47.2995594
	9.754034	47.2991506
	9.7527536	47.2979028
	9.7516184	47.2967681
	9.7508452	47.2960846
	9.7499627	47.2953204
	9.7501427	47.2947649
	9.7488198	47.2944521
	9.7475935	47.294256
	9.7474508	47.2942599
	9.7464445	47.2947869
	9.745716	47.2951605
	9.7454936	47.2951638
	9.7440948	47.295061
	9.7437239	47.2951159
	9.7427454	47.2953037
	9.7426682	47.2952784
	9.7423616	47.2946133
	9.7420797	47.2939419
	9.7417895	47.2934087
	9.7416613	47.2933614
	9.7407842	47.2939582
	9.7401517	47.2943805
	9.7395962	47.2947694
	9.7389933	47.2952087
	9.7386046	47.2954625
	9.7381044	47.2960461
	9.7371651	47.296741
	9.7360946	47.2975097
	9.7341498	47.2980831
	9.7325133	47.2985735
	9.7324809	47.2986057
	9.7327443	47.2989838
	9.7327298	47.299049
	9.7318186	47.2996148
	9.7305459	47.3003657
	9.7306688	47.3005556
	9.7306339	47.3006164
	9.7298496	47.3008101
	9.7292974	47.3009314
	9.7283932	47.3011424
	9.7274061	47.3013738
	9.7273428	47.3014143
	9.7273453	47.3014864
	9.7272626	47.3015136
	9.7264993	47.3015755
	9.7254374	47.3016541
	9.7245689	47.302324
	9.723554	47.3030882
	9.7228029	47.303665
	9.722175	47.304151
	9.721729	47.3044858
	9.7215841	47.304502
	9.7208699	47.3045128
	9.7201451	47.3044018
	9.7194571	47.304292
	9.718807	47.3044644
	9.7177657	47.3047272
	9.7169965	47.3049194
	9.7161006	47.3048432
	9.7150674	47.3047601
	9.7144071	47.3046997
	9.7135957	47.30454
	9.7127653	47.3043654
	9.7118365	47.3041619
	9.7110927	47.3039969
	9.7101437	47.303792
	9.7093455	47.3038041
	9.7082485	47.3038183
	9.7071388	47.3038389
	9.7061394	47.3037916
	9.7052913	47.3037455
	9.7051215	47.3036931
	9.7047179	47.3035141
	9.7042898	47.3033185
	9.704194	47.303251
	9.7040967	47.3031411
	9.7037448	47.3027559
	9.7027414	47.3026747
	9.7019742	47.3024401
	9.7010029	47.3021413
	9.700292	47.3019244
	9.6995983	47.3017108
	9.6987821	47.3014593
	9.6986694	47.3014398
	9.6985554	47.3014517
	9.6976908	47.301895
	9.696885	47.3022988
	9.6968392	47.3023098
	9.6961112	47.3022808
	9.6949709	47.3022207
	9.6949019	47.3021994
	9.6948751	47.3021606
	9.69477	47.3017777
	9.6948516	47.3016632
	9.695315	47.301253
	9.6955462	47.3010562
	9.6955233	47.3009144
	9.6954919	47.3008384
	9.6948011	47.3006768
	9.6941457	47.300525
	9.6937836	47.300439
	9.693168	47.3002969
	9.6926336	47.3002743
	9.6918164	47.3002058
	9.6913573	47.3002988
	9.6909376	47.300332
	9.6904513	47.300311
	9.6898745	47.2999907
	9.6897961	47.2999021
	9.6896799	47.2997085
	9.6897246	47.2994314
	9.6896916	47.2993389
	9.6895257	47.2990859
	9.6894271	47.2989279
	9.689323	47.2987762
	9.6891397	47.2984987
	9.6890596	47.2984586
	9.6888189	47.2983841
	9.6883078	47.2982336
	9.6880175	47.2981969
	9.6877227	47.298162
	9.6873449	47.2981141
	9.6870024	47.2980275
	9.6865889	47.297924
	9.6861249	47.2979068
	9.685609	47.2978799
	9.6852152	47.2976374
	9.6849108	47.2974412
	9.6846313	47.2973648
	9.6842821	47.2972649
	9.6839335	47.2971699
	9.6828091	47.2972183
	9.6818596	47.2968275
	9.6811439	47.2965339
	9.6806522	47.2963323
	9.6804307	47.2963261
	9.6802722	47.2963325
	9.6799207	47.2966197
	9.6796445	47.2968108
	9.6792166	47.2970849
	9.6785658	47.2969161
	9.678056	47.2967817
	9.6776557	47.2966799
	9.6770447	47.2966028
	9.6765518	47.2965359
	9.6761515	47.2964271
	9.675747	47.2960443
	9.6751867	47.2958682
	9.6746642	47.2958652
	9.6741731	47.2961264
	9.6738872	47.2962781
	9.6732374	47.2963397
	9.6728583	47.2963767
	9.6725446	47.2964146
	9.6723884	47.2963929
	9.6721113	47.2961845
	9.6719699	47.2960351
	9.6716588	47.2956775
	9.6714099	47.2953997
	9.6712762	47.295295
	9.6706594	47.2949421
	9.670001	47.2945873
	9.6694884	47.2942333
	9.6693213	47.2940259
	9.6691928	47.293851
	9.6689231	47.2935268
	9.6687085	47.2932669
	9.6684471	47.2929336
	9.6681848	47.2926136
	9.6680787	47.2925237
	9.6678644	47.2923371
	9.6676765	47.2920702
	9.6674929	47.2918356
	9.6671731	47.2914849
	9.6670679	47.2913326
	9.6668582	47.290811
	9.6665937	47.2905318
	9.6663892	47.2902907
	9.6662062	47.2901378
	9.6652399	47.2895559
	9.6641341	47.2889341
	9.6635699	47.2886521
	9.6629459	47.2883405
	9.6624656	47.2881135
	9.6619173	47.2878544
	9.6615959	47.2876721
	9.6610403	47.2873433
	9.6607057	47.2871535
	9.6604195	47.2869389
	9.6597047	47.2863714
	9.6594032	47.2861051
	9.6589094	47.2856739
	9.6583599	47.285253
	9.6574809	47.2845343
	9.6567052	47.2838698
	9.6564528	47.2836628
	9.6562492	47.2835019
	9.6558241	47.2831628
	9.6555417	47.2829353
	9.6551396	47.2827066
	9.6545393	47.2823769
	9.6540978	47.2821669
	9.6539221	47.2820863
	9.653262	47.28177
	9.6528377	47.2816056
	9.6525888	47.281518
	9.6521528	47.281442
	9.6518804	47.2814653
	9.6509783	47.281675
	9.6509473	47.2815377
	9.6509233	47.281404
END
END
