7871897
1
	15.5486928	48.1033263
	15.5495498	48.102882
	15.55017	48.1025902
	15.5504237	48.1023887
	15.5507536	48.1020216
	15.5498627	48.1018371
	15.5488704	48.1015811
	15.5488366	48.1012667
	15.548871	48.1007539
	15.5492021	48.1005651
	15.5495714	48.1005187
	15.550418	48.1005487
	15.5510402	48.1005215
	15.55174	48.1004588
	15.5525356	48.1003648
	15.5531599	48.1002762
	15.5533312	48.100219
	15.5533537	48.1000882
	15.5533965	48.0994561
	15.5534761	48.0990718
	15.5536026	48.0986195
	15.5538739	48.0979901
	15.5542085	48.0970766
	15.5542921	48.0966855
	15.5542142	48.0961941
	15.5541046	48.0961402
	15.5541277	48.0957548
	15.5542344	48.0952692
	15.5543239	48.0950014
	15.5545056	48.0946584
	15.5552121	48.0933112
	15.5553125	48.0931712
	15.5557746	48.0928021
	15.5560138	48.0925966
	15.556232	48.0923526
	15.5563346	48.0921155
	15.5566001	48.0918012
	15.5568892	48.0913991
	15.5570207	48.0911954
	15.5571469	48.0909373
	15.5572547	48.0906862
	15.5574334	48.0904491
	15.5575149	48.0903877
	15.5577541	48.0902051
	15.557996	48.0900207
	15.5581511	48.0898627
	15.5582089	48.089731
	15.5582852	48.0894728
	15.5583772	48.0891304
	15.5584324	48.0888775
	15.5584297	48.0886896
	15.5583325	48.08814
	15.5582904	48.0880311
	15.5581695	48.0879012
	15.5579092	48.0876571
	15.5576516	48.0872146
	15.5572944	48.0865176
	15.5571793	48.0862727
	15.5568617	48.0857166
	15.5565012	48.0851662
	15.5561797	48.0847717
	15.5561142	48.0846965
	15.5560448	48.0845541
	15.5558214	48.0843276
	15.5555671	48.0840994
	15.5552139	48.0837778
	15.5551102	48.083738
	15.5549792	48.0837128
	15.5547286	48.0836836
	15.5538956	48.0835365
	15.552852	48.0833205
	15.5525986	48.0832596
	15.552553	48.0831531
	15.5520007	48.0825825
	15.5518213	48.0823029
	15.5512348	48.0821374
	15.5511038	48.0821222
	15.5510753	48.0818521
	15.5509785	48.0816486
	15.5506169	48.0810285
	15.5505628	48.0804445
	15.5506055	48.0804008
	15.5511123	48.0803989
	15.551827	48.0802847
	15.552385	48.0801345
	15.5529488	48.079891
	15.5534442	48.079773
	15.5536663	48.079676
	15.5544948	48.0794326
	15.5549788	48.0792671
	15.5555909	48.0792252
	15.5564992	48.0787668
	15.5567754	48.0786412
	15.5569063	48.0784929
	15.556596	48.0783749
	15.5560892	48.0782741
	15.555944	48.0781847
	15.5553774	48.0779831
	15.5549674	48.0777567
	15.5546201	48.0776616
	15.5540392	48.0773249
	15.5535865	48.0772279
	15.5531111	48.0772088
	15.5529829	48.0771366
	15.5523708	48.0771556
	15.5508447	48.0766762
	15.5506255	48.0764498
	15.5502411	48.0763357
	15.5498966	48.0763471
	15.5496717	48.0763338
	15.5495151	48.0761892
	15.5489656	48.0759172
	15.5496033	48.075337
	15.5502041	48.0748443
	15.5507223	48.074675
	15.5508533	48.074713
	15.5519039	48.0753807
	15.552348	48.0757441
	15.5527011	48.0761226
	15.5535638	48.0762805
	15.5542528	48.0765221
	15.5542471	48.0761968
	15.5541446	48.0759267
	15.5540193	48.0756946
	15.5542101	48.0756509
	15.5544891	48.0756604
	15.5548478	48.0756965
	15.5550016	48.0757003
	15.5555966	48.0756946
	15.5559212	48.0756737
	15.5562515	48.0755519
	15.5561746	48.0753864
	15.5562173	48.0752076
	15.5564195	48.075006
	15.5573192	48.0744143
	15.5574302	48.0742755
	15.5578431	48.0742051
	15.5583954	48.0743249
	15.5585719	48.073739
	15.5586687	48.0731625
	15.5586403	48.0727098
	15.558552	48.0721352
	15.5585932	48.0716347
	15.5587342	48.071612
	15.5593919	48.0716729
	15.5598645	48.0717395
	15.5603258	48.0717433
	15.5605792	48.0718461
	15.5607739	48.0717277
	15.5613833	48.071573
	15.5618857	48.0714284
	15.562538	48.0714153
	15.5629578	48.0713542
	15.5632292	48.0712795
	15.5639709	48.0710321
	15.5642568	48.0710086
	15.5644121	48.0712436
	15.5647608	48.0713115
	15.5652881	48.0712442
	15.5658999	48.0712122
	15.5662376	48.0712085
	15.5668768	48.0711687
	15.5673089	48.0711124
	15.5676787	48.0710162
	15.5680121	48.0709742
	15.5684971	48.0710189
	15.568691	48.0711124
	15.5690488	48.0711832
	15.5699136	48.0712416
	15.5699034	48.0705468
	15.5701238	48.0704425
	15.5706614	48.0701575
	15.5712788	48.0700903
	15.5717659	48.0699987
	15.5724187	48.0698492
	15.572639	48.0696752
	15.5728329	48.069625
	15.5730086	48.0696583
	15.5734332	48.0696322
	15.5736837	48.0695594
	15.5741898	48.0695985
	15.5747751	48.0697483
	15.5751766	48.0697867
	15.5755875	48.069703
	15.5756763	48.0696234
	15.5760569	48.0694429
	15.5763485	48.0693271
	15.5767017	48.0692423
	15.5769361	48.0692362
	15.5770512	48.0692561
	15.5772025	48.069192
	15.5776614	48.0690437
	15.5778829	48.0690228
	15.5780978	48.0690973
	15.5784049	48.0693945
	15.5789499	48.069395
	15.5792804	48.0694346
	15.5796049	48.0694624
	15.5800553	48.0693309
	15.5801564	48.0692662
	15.5803031	48.0686175
	15.5804375	48.0677378
	15.5812494	48.0676652
	15.5825277	48.0678086
	15.5832755	48.0681542
	15.5833823	48.0682727
	15.5838881	48.0690479
	15.5837873	48.0693938
	15.5839989	48.0697739
	15.584398	48.0702353
	15.5846091	48.0704328
	15.5848374	48.0706011
	15.5855715	48.0709122
	15.5867847	48.0714108
	15.5879517	48.0719175
	15.5888427	48.0722691
	15.5895843	48.0725333
	15.5900588	48.0727168
	15.5899199	48.0731097
	15.5897093	48.0735144
	15.5904172	48.0738061
	15.590639	48.0739608
	15.5909491	48.0740705
	15.5912041	48.0737681
	15.5916169	48.0732479
	15.5919769	48.0729984
	15.5923532	48.0728339
	15.5931587	48.0725606
	15.5936972	48.0724077
	15.5939845	48.0723136
	15.5943887	48.0723071
	15.5951145	48.0723503
	15.5958151	48.0724036
	15.5967976	48.072346
	15.597248	48.0722523
	15.5976776	48.072167
	15.5987063	48.0718974
	15.5998577	48.0715605
	15.6003247	48.0712339
	15.6007292	48.0708348
	15.6010385	48.0702199
	15.6014826	48.069523
	15.6016146	48.0691927
	15.6015516	48.0686607
	15.6014695	48.0682893
	15.6013397	48.0675872
	15.6017056	48.0676041
	15.6021481	48.0675783
	15.6023931	48.0675617
	15.6025565	48.0675677
	15.60264	48.067592
	15.6028175	48.0676253
	15.60294	48.0677042
	15.6030081	48.0677679
	15.603074	48.0678663
	15.6037047	48.0677467
	15.6043565	48.0675476
	15.6050261	48.0673161
	15.605512	48.067457
	15.6062277	48.0675991
	15.6069559	48.0677288
	15.6081273	48.0677936
	15.60866	48.0678065
	15.6092111	48.0678768
	15.610027	48.0680445
	15.6110787	48.0681875
	15.6118779	48.0681672
	15.6131662	48.0681643
	15.6143189	48.0682765
	15.6155623	48.0684524
	15.6161135	48.0685627
	15.6169964	48.0685889
	15.6172097	48.0686071
	15.6181264	48.0685949
	15.6189705	48.0685646
	15.619574	48.0684706
	15.6204304	48.0684879
	15.620678	48.068499
	15.6211706	48.0684834
	15.6217709	48.0684245
	15.6220294	48.0678413
	15.622859	48.0680566
	15.6240566	48.0682258
	15.6241449	48.0683749
	15.6244616	48.0686283
	15.6251832	48.0690589
	15.6252202	48.0691909
	15.626259	48.0694557
	15.6278842	48.0696335
	15.6288912	48.0696472
	15.6296505	48.0696145
	15.6296714	48.0697958
	15.62998	48.070493
	15.6301361	48.070872
	15.630257	48.07159
	15.6303178	48.0718948
	15.6299761	48.0721005
	15.629636	48.0722084
	15.6287365	48.0723491
	15.6280233	48.0724968
	15.6274646	48.0725048
	15.6269876	48.0725286
	15.6270474	48.0727217
	15.6269671	48.0729832
	15.6265947	48.0735312
	15.6264718	48.0740305
	15.6263222	48.0746233
	15.626049	48.074821
	15.625616	48.0751098
	15.6255145	48.0753359
	15.6253084	48.0759653
	15.6251771	48.0761966
	15.6255738	48.0765028
	15.6264687	48.0769371
	15.6269633	48.0770224
	15.6277508	48.077161
	15.6280882	48.0770312
	15.6282555	48.0768883
	15.6284488	48.0765605
	15.628614	48.0764244
	15.6296215	48.0758483
	15.6304384	48.0752985
	15.6306607	48.0751176
	15.6309012	48.0753177
	15.6312643	48.0751843
	15.631736	48.0750505
	15.6320514	48.0755515
	15.6324383	48.0754102
	15.6322676	48.075123
	15.6322797	48.0749635
	15.6326393	48.0747658
	15.6330478	48.0746718
	15.6345455	48.0744832
	15.6353377	48.0746252
	15.6356041	48.0747246
	15.6365058	48.0750963
	15.6364111	48.0755127
	15.6363082	48.0757227
	15.636591	48.0758698
	15.6370549	48.0761852
	15.6372617	48.0766494
	15.6372763	48.0769314
	15.6372382	48.0771255
	15.6372132	48.0774199
	15.6372268	48.0776277
	15.637363	48.0779798
	15.6376357	48.078162
	15.6379695	48.0785007
	15.638085	48.078922
	15.6380946	48.0792511
	15.6378186	48.0795427
	15.6376141	48.0798433
	15.6377249	48.0801131
	15.6381319	48.0803505
	15.6384486	48.0805744
	15.6389339	48.0809472
	15.6394072	48.0810994
	15.6397952	48.081173
	15.6409666	48.0811098
	15.6414255	48.0810841
	15.6423717	48.0810931
	15.6424134	48.0804114
	15.6431479	48.0804726
	15.6436764	48.0805627
	15.6442105	48.0806991
	15.644773	48.0809086
	15.6449072	48.0813499
	15.6450499	48.0817094
	15.645486	48.0822345
	15.6457857	48.0822465
	15.6462634	48.0822965
	15.6465603	48.0824392
	15.646757	48.0823456
	15.647837	48.082812
	15.6484082	48.0831786
	15.648774	48.0834058
	15.6489015	48.0834553
	15.6502242	48.0834213
	15.6511998	48.0833736
	15.653568	48.0832321
	15.6538633	48.0831378
	15.6541136	48.0829791
	15.6552657	48.0830815
	15.6563236	48.0832543
	15.6575299	48.0834581
	15.6592849	48.0838151
	15.6592738	48.0838822
	15.6592829	48.0841854
	15.6595552	48.0845492
	15.6599877	48.0848527
	15.6603856	48.0850221
	15.6604656	48.085206
	15.6608394	48.0855072
	15.6608667	48.085677
	15.6606635	48.0858709
	15.6601497	48.0861044
	15.6594553	48.086353
	15.659144	48.0865717
	15.6598375	48.0868785
	15.6599825	48.0870402
	15.6608872	48.0873537
	15.6622871	48.0877869
	15.6629462	48.0879113
	15.6639526	48.088032
	15.6643928	48.0876656
	15.6647642	48.0875563
	15.6657346	48.0876962
	15.668372	48.0880578
	15.6706425	48.0878263
	15.6707561	48.0879514
	15.6711653	48.0879011
	15.6720668	48.087796
	15.6738366	48.0876877
	15.6738491	48.0876062
	15.6746898	48.0876444
	15.6752253	48.0876984
	15.6762624	48.0879363
	15.6768593	48.0880095
	15.6779395	48.0880812
	15.6798426	48.088309
	15.679886	48.0884213
	15.6810965	48.0886288
	15.681915	48.0887984
	15.6828277	48.0890251
	15.6831466	48.0891267
	15.6836564	48.0892396
	15.6845779	48.0892358
	15.6851134	48.089117
	15.6860154	48.0889653
	15.6870901	48.0888393
	15.6876965	48.0887965
	15.6880719	48.0888544
	15.6884795	48.0888157
	15.6888141	48.088749
	15.6896829	48.0886528
	15.6898112	48.0886571
	15.6899355	48.0887878
	15.6900294	48.0891651
	15.6903391	48.0897536
	15.6905738	48.0902162
	15.6906367	48.0905981
	15.690645	48.0909394
	15.6898776	48.0911692
	15.6893556	48.0913719
	15.688698	48.0914586
	15.6881862	48.0917451
	15.6875693	48.092002
	15.6875527	48.0922048
	15.6875433	48.0925065
	15.687491	48.0927523
	15.6876677	48.0928787
	15.6878051	48.0931933
	15.6878716	48.0934526
	15.6876943	48.0937338
	15.6875291	48.0939053
	15.6872372	48.094057
	15.6871552	48.0940472
	15.6868287	48.0939479
	15.6864146	48.0939395
	15.6859982	48.0939719
	15.6856127	48.0940216
	15.685048	48.0941591
	15.6851584	48.0945913
	15.6850962	48.0949631
	15.6850013	48.0953767
	15.6849818	48.0954679
	15.6848472	48.0956955
	15.684766	48.0958225
	15.6844393	48.0964281
	15.6841334	48.0964704
	15.6837242	48.0965218
	15.6831702	48.0968319
	15.6826637	48.0971236
	15.6823488	48.0974464
	15.6821259	48.0980472
	15.6819458	48.0984851
	15.6818755	48.0988345
	15.681853	48.0993712
	15.681651	48.0998626
	15.681322	48.1001842
	15.6809591	48.1003742
	15.68053	48.1006628
	15.680219	48.1009207
	15.6799199	48.1012485
	15.6795161	48.1017308
	15.6791832	48.1020879
	15.6786701	48.1024828
	15.6783055	48.10271
	15.6781101	48.1027857
	15.6776583	48.1029787
	15.6771197	48.1032194
	15.6766058	48.1036171
	15.6762105	48.1039172
	15.6755707	48.1044778
	15.6754402	48.1044361
	15.6748859	48.1047163
	15.6743617	48.1048688
	15.6742099	48.1046956
	15.6741012	48.1046031
	15.6735222	48.1043775
	15.6731967	48.1042428
	15.6727552	48.1041133
	15.6720491	48.1038874
	15.6715065	48.1036347
	15.6701336	48.1030811
	15.6695479	48.1028465
	15.6693472	48.1033985
	15.6692831	48.103736
	15.6690414	48.104005
	15.668572	48.1043347
	15.6684205	48.1044388
	15.6677156	48.1047594
	15.667217	48.1050231
	15.6670735	48.1051459
	15.6673216	48.1054785
	15.6673784	48.1057678
	15.6677282	48.1064199
	15.6680393	48.1068018
	15.6683488	48.1072097
	15.6687045	48.1074777
	15.6688783	48.1077291
	15.6690666	48.107867
	15.6697034	48.108095
	15.6704605	48.1083587
	15.67075	48.1084334
	15.6709895	48.1085131
	15.6713966	48.1087024
	15.6717477	48.1089069
	15.6723121	48.1091553
	15.6723016	48.1092293
	15.6721806	48.1093022
	15.6719816	48.1093523
	15.6718096	48.1093635
	15.6713191	48.1097354
	15.6710398	48.109931
	15.6704111	48.1102433
	15.6708556	48.1104046
	15.6707242	48.1104519
	15.6701812	48.1105429
	15.6693858	48.110683
	15.669144	48.1108129
	15.6688656	48.110971
	15.6683192	48.1112582
	15.6673846	48.1116242
	15.6670143	48.1117781
	15.6666082	48.1119797
	15.666132	48.1122685
	15.6655698	48.1126346
	15.6650956	48.1129155
	15.6645267	48.1123474
	15.6644494	48.1127283
	15.6643611	48.1133048
	15.6643057	48.1136923
	15.6641559	48.1140389
	15.6639675	48.1142594
	15.6636056	48.1145792
	15.6633586	48.1149602
	15.6628934	48.1155594
	15.6628353	48.1158194
	15.6627762	48.1160718
	15.6627178	48.1163499
	15.6626249	48.1166545
	15.6623218	48.1171344
	15.6619622	48.1174674
	15.6617314	48.1176829
	15.6615473	48.1178468
	15.6611604	48.1180215
	15.6608675	48.1180683
	15.6604181	48.1181074
	15.6601379	48.1182645
	15.6597803	48.1182412
	15.6594706	48.1182847
	15.6591511	48.1184112
	15.6589771	48.1183629
	15.6586242	48.1185194
	15.6582527	48.1184726
	15.6580303	48.1186224
	15.657817	48.1186563
	15.6575288	48.1185732
	15.6572485	48.1187207
	15.6568486	48.1186213
	15.656579	48.1189072
	15.6560142	48.1190267
	15.6555139	48.1191001
	15.6552513	48.1191993
	15.6551737	48.1193567
	15.6551386	48.1195268
	15.654963	48.1197276
	15.6545234	48.1200331
	15.6541892	48.1200227
	15.6539482	48.1201698
	15.6538549	48.1202745
	15.6537564	48.1204377
	15.653268	48.1206052
	15.6531545	48.120427
	15.651986	48.1198378
	15.6516371	48.1197014
	15.6515231	48.1196595
	15.6518078	48.1193696
	15.6511629	48.1191169
	15.6508368	48.1189398
	15.6503027	48.1188499
	15.64995	48.1189879
	15.6495002	48.1192104
	15.6490833	48.1194424
	15.6485937	48.1195493
	15.648668	48.1197068
	15.6486255	48.1197749
	15.6483455	48.1198854
	15.6482765	48.1200256
	15.6482692	48.1201304
	15.6484285	48.120206
	15.6485413	48.1201708
	15.6486358	48.1201607
	15.6485635	48.120625
	15.6485045	48.1207701
	15.648503	48.1208917
	15.6485277	48.1212423
	15.6483747	48.1215973
	15.6481074	48.121837
	15.6478126	48.1219814
	15.6475412	48.1220855
	15.647403	48.1221084
	15.6472879	48.1221528
	15.6470516	48.1222127
	15.6468686	48.122292
	15.6466234	48.1223969
	15.6465023	48.1224787
	15.6459616	48.1224002
	15.6455464	48.1224699
	15.6452051	48.1224157
	15.6449801	48.1224867
	15.6444816	48.1224467
	15.6440141	48.122754
	15.6437856	48.1227691
	15.643417	48.122497
	15.6431989	48.1223274
	15.64299	48.1223934
	15.642858	48.1223353
	15.642785	48.1221758
	15.6426411	48.1221124
	15.6423879	48.1222886
	15.6419838	48.1222596
	15.6418551	48.1221629
	15.641763	48.121655
	15.641623	48.121253
	15.641682	48.120963
	15.64166	48.120416
	15.6415555	48.1202734
	15.641437	48.120005
	15.641477	48.1194647
	15.6415601	48.1193741
	15.6410925	48.1192479
	15.641011	48.118953
	15.641079	48.118654
	15.6408997	48.118489
	15.6407083	48.1185944
	15.640383	48.118534
	15.639066	48.118559
	15.6385781	48.1186821
	15.6380797	48.118897
	15.6376794	48.1190255
	15.6373816	48.1190716
	15.6370353	48.1190974
	15.6367143	48.1190274
	15.6364641	48.1192404
	15.6359959	48.1192652
	15.6359559	48.1192023
	15.6358715	48.1191384
	15.6351883	48.1191734
	15.6348225	48.1193904
	15.634489	48.119392
	15.6339052	48.1198146
	15.6333979	48.11995
	15.6333147	48.1199196
	15.6331152	48.119721
	15.6326917	48.1197192
	15.6319683	48.1198892
	15.6319963	48.1200056
	15.6321011	48.1202068
	15.631993	48.1202956
	15.6315769	48.120406
	15.6314007	48.1204917
	15.6313103	48.1205798
	15.6309929	48.1206279
	15.6306929	48.1206168
	15.6301879	48.1207901
	15.6296103	48.1209378
	15.6290209	48.12109
	15.6280358	48.1214628
	15.6274885	48.1218752
	15.6268455	48.122122
	15.6247372	48.1227308
	15.624623	48.122982
	15.624539	48.12316
	15.624516	48.123164
	15.6244818	48.1231478
	15.6236146	48.1227378
	15.6234266	48.1225325
	15.623332	48.1223632
	15.6232287	48.1221783
	15.6231956	48.1221071
	15.6231531	48.1220315
	15.619335	48.122152
	15.617159	48.122244
	15.617387	48.122652
	15.6176195	48.1231417
	15.6178023	48.1235802
	15.6161931	48.1236164
	15.6131199	48.1236752
	15.6131737	48.123807
	15.6135221	48.1241223
	15.6130795	48.1241856
	15.6129476	48.1241954
	15.612799	48.1236771
	15.6126819	48.1234032
	15.6124588	48.1230362
	15.6122843	48.1228644
	15.6121063	48.1228891
	15.6106947	48.1228791
	15.6094698	48.1228675
	15.6078672	48.1228724
	15.6074295	48.122298
	15.607395	48.122196
	15.607411	48.122096
	15.6075015	48.1216096
	15.6077523	48.1216302
	15.607836	48.121452
	15.607915	48.1212
	15.6079045	48.1209559
	15.6076091	48.120228
	15.6074714	48.1202426
	15.6072695	48.120294
	15.60738	48.120737
	15.607436	48.121002
	15.607403	48.1211562
	15.6062589	48.1212016
	15.6057404	48.121201
	15.605686	48.121636
	15.605571	48.12197
	15.605519	48.12219
	15.6055003	48.1222992
	15.6055831	48.122444
	15.6044221	48.1226988
	15.6040401	48.1227382
	15.6028584	48.1228126
	15.6020696	48.1228926
	15.602072	48.123145
	15.6019455	48.1233326
	15.6014374	48.123227
	15.601292	48.123835
	15.601137	48.124461
	15.601021	48.125001
	15.601001	48.12519
	15.6009603	48.1254462
	15.6006245	48.1255086
	15.600383	48.1255374
	15.599759	48.1255434
	15.5994224	48.1255272
	15.5992541	48.1254908
	15.5985076	48.1253816
	15.5982415	48.1253898
	15.5978963	48.1254473
	15.5973844	48.1252646
	15.5966161	48.1252425
	15.5960425	48.1250828
	15.5959176	48.1250238
	15.5954573	48.1250464
	15.5953684	48.1250976
	15.5949124	48.1255488
	15.5946494	48.126006
	15.5945921	48.126056
	15.5942914	48.1259487
	15.5935154	48.1256087
	15.5930653	48.1257718
	15.5929038	48.1258544
	15.5924465	48.1259832
	15.5919685	48.1260134
	15.5909586	48.1259806
	15.5904861	48.1258784
	15.590412	48.125813
	15.5903445	48.1258656
	15.5905065	48.1261748
	15.5906322	48.1264669
	15.590799	48.1272107
	15.5905606	48.1275904
	15.590465	48.1276604
	15.5903045	48.12749
	15.5902034	48.1274524
	15.5899418	48.1274325
	15.5892388	48.1275099
	15.5886423	48.127667
	15.5885021	48.1277452
	15.5883717	48.1278571
	15.5883249	48.1280954
	15.58842	48.1282311
	15.5884681	48.1283372
	15.5884061	48.1284519
	15.5882464	48.1285286
	15.5879538	48.1284937
	15.5876965	48.1284206
	15.5870557	48.1283876
	15.5858965	48.1285586
	15.5858793	48.1286392
	15.5856496	48.1287292
	15.5854434	48.1287736
	15.5852002	48.1287028
	15.5848814	48.1289788
	15.5846835	48.1289232
	15.5843352	48.1289239
	15.5840832	48.1287288
	15.5839334	48.128606
	15.5837691	48.1285165
	15.5836124	48.1284655
	15.5832217	48.1283778
	15.5820653	48.1284478
	15.582216	48.1281191
	15.5823756	48.1276397
	15.5824413	48.1272764
	15.5826524	48.1267789
	15.5828723	48.1264179
	15.5831373	48.126166
	15.5836344	48.1252775
	15.5819522	48.1252648
	15.5809717	48.1252206
	15.5805147	48.1257895
	15.5800753	48.1252197
	15.5794879	48.1252424
	15.5785942	48.1252961
	15.5781621	48.1252934
	15.5780559	48.1249204
	15.577932	48.1245953
	15.5777531	48.1242612
	15.5777763	48.1241612
	15.5778887	48.1241188
	15.5780293	48.1241286
	15.5784022	48.1239409
	15.5788063	48.1236932
	15.5789327	48.123359
	15.5790189	48.1229762
	15.579089	48.1226105
	15.5791072	48.1221545
	15.5790746	48.1216305
	15.5790411	48.1212365
	15.579013	48.120461
	15.5786979	48.1203945
	15.5785844	48.1204612
	15.578402	48.1204138
	15.5781899	48.1203422
	15.5779293	48.120372
	15.5770363	48.1202525
	15.5768606	48.12016
	15.5766363	48.1201746
	15.5765055	48.1202357
	15.5763457	48.1201713
	15.5760711	48.1200009
	15.5758218	48.1197288
	15.5758678	48.1196691
	15.5760524	48.1195662
	15.5760701	48.1195035
	15.5757809	48.1194685
	15.5756273	48.1195609
	15.575352	48.1195907
	15.5750931	48.1194905
	15.5749598	48.1194155
	15.5748016	48.1194501
	15.5746624	48.1195536
	15.5745307	48.1196948
	15.5746862	48.1197739
	15.5746465	48.1199114
	15.5738883	48.1199597
	15.5736005	48.1199087
	15.5734852	48.1199549
	15.5733382	48.1199881
	15.5731523	48.1199836
	15.5726946	48.1199107
	15.5723343	48.119783
	15.5719831	48.1196226
	15.5718624	48.1196807
	15.5715396	48.1197052
	15.5714742	48.1196589
	15.5711881	48.1196895
	15.5710706	48.1197666
	15.5707441	48.1198884
	15.5696905	48.1199674
	15.5691864	48.1199197
	15.5689064	48.1198273
	15.5683471	48.1196728
	15.5682088	48.1196643
	15.5679932	48.1197392
	15.5680789	48.1199009
	15.568016	48.1199465
	15.5677062	48.1198532
	15.5672211	48.1198497
	15.5670128	48.119891
	15.5663058	48.1201134
	15.5661684	48.1202968
	15.5657881	48.1200873
	15.5654973	48.1202851
	15.5652277	48.1202596
	15.5649741	48.1205039
	15.5649152	48.1205822
	15.5647639	48.120652
	15.5645342	48.1205896
	15.564141	48.1204972
	15.5637031	48.1205251
	15.5634627	48.1204687
	15.5632736	48.1204934
	15.5631556	48.1206783
	15.5628733	48.1207489
	15.5627788	48.1206721
	15.5626543	48.1206845
	15.562591	48.1198225
	15.5628334	48.1196606
	15.5628137	48.1186951
	15.5627883	48.1178087
	15.5616522	48.1185634
	15.5613534	48.118953
	15.5613591	48.1192767
	15.5610095	48.119288
	15.5609136	48.1193802
	15.5607896	48.1195778
	15.5604062	48.1195044
	15.5596084	48.119335
	15.5589797	48.1190923
	15.5586104	48.1189022
	15.5582411	48.1186029
	15.5582552	48.1184768
	15.5583793	48.1183187
	15.5587768	48.1180026
	15.5588923	48.1178746
	15.5590756	48.1175321
	15.5592165	48.1173965
	15.5588557	48.1171989
	15.5586104	48.1170917
	15.5583567	48.117214
	15.5582778	48.1173156
	15.5583003	48.1174078
	15.5581199	48.1174304
	15.5578239	48.1175321
	15.5575702	48.117709
	15.5574461	48.1178257
	15.5575899	48.1179273
	15.5572403	48.1181983
	15.557105	48.1181738
	15.5568964	48.1187384
	15.556919	48.1188608
	15.5570289	48.1190904
	15.5561155	48.1191318
	15.5556222	48.1191581
	15.5556391	48.1185484
	15.5556137	48.117852
	15.5556419	48.1170484
	15.5557744	48.1164216
	15.5558364	48.1163087
	15.5559999	48.1162974
	15.556919	48.1155502
	15.5573334	48.1151267
	15.5575082	48.1149348
	15.5575843	48.1147992
	15.5577337	48.1144435
	15.5578521	48.1141819
	15.5582101	48.1135909
	15.5583003	48.1133669
	15.5583482	48.1131448
	15.558368	48.1130451
	15.5591968	48.1130582
	15.5594956	48.1131655
	15.5598621	48.1131655
	15.56097	48.113318
	15.561111	48.1132389
	15.5609672	48.1127947
	15.5609362	48.1125745
	15.5608798	48.1125218
	15.5607135	48.1124522
	15.5605725	48.1123449
	15.5604541	48.1118611
	15.5603865	48.1117576
	15.5603695	48.1116146
	15.5605753	48.1113209
	15.5605725	48.1108842
	15.5605077	48.1107995
	15.5604767	48.1105831
	15.560581	48.1101953
	15.5608206	48.1101953
	15.5608347	48.1100861
	15.5607755	48.109704
	15.560784	48.1095685
	15.5608206	48.1093445
	15.5609052	48.1089511
	15.5609841	48.1087233
	15.5615141	48.1088005
	15.5620215	48.108936
	15.5625121	48.1090151
	15.562715	48.1090358
	15.5630195	48.1089981
	15.5634621	48.1087308
	15.5637835	48.1085068
	15.5635946	48.1084391
	15.5632732	48.1082282
	15.5627573	48.1080005
	15.5626558	48.1079139
	15.5623373	48.1074922
	15.5623232	48.1073473
	15.5624529	48.1072381
	15.5623852	48.1065491
	15.562419	48.1064023
	15.5624303	48.1062404
	15.5623739	48.1059957
	15.5626981	48.1055345
	15.5627038	48.1053274
	15.5625233	48.1052107
	15.5624021	48.1051674
	15.5616663	48.1050526
	15.5607473	48.1048718
	15.5601948	48.1046365
	15.5589064	48.1043673
	15.5585879	48.104356
	15.5580579	48.104405
	15.5570233	48.1045989
	15.556341	48.1049904
	15.5558308	48.1051467
	15.5557039	48.1051655
	15.5555996	48.1052577
	15.5553797	48.1052916
	15.5545227	48.1052201
	15.5540717	48.1052257
	15.5538405	48.1052879
	15.5534261	48.1052785
	15.553037	48.1052502
	15.5533302	48.1050036
	15.5537475	48.1045631
	15.5541506	48.1043937
	15.5543479	48.104388
	15.5546721	48.1041998
	15.5551147	48.1038195
	15.5554248	48.1033526
	15.5545706	48.1033225
	15.554004	48.1032848
	15.5535727	48.1032811
	15.5531808	48.1034016
	15.5525973	48.10349
	15.5524366	48.1034524
	15.5522336	48.1033489
	15.5523069	48.1029968
	15.5525579	48.1024637
	15.5523041	48.102496
	15.5518897	48.1025939
	15.5514358	48.1027502
	15.5511426	48.1028726
	15.5501559	48.1034336
	15.5500206	48.1035879
	15.549905	48.1036821
	15.5494004	48.1036105
	15.5489042	48.1034882
	15.5486928	48.1033263
END
END
