7872686
1
	16.447136	47.8062161
	16.4477895	47.8054611
	16.4476827	47.805412
	16.4482892	47.8047957
	16.4483565	47.8047423
	16.4485133	47.8046302
	16.4487515	47.8044369
	16.4489954	47.8042603
	16.4494489	47.8039557
	16.4522146	47.806554
	16.4524928	47.8068067
	16.4529617	47.8072845
	16.4534636	47.8077809
	16.4540952	47.8084329
	16.454724	47.8090812
	16.4551901	47.8095702
	16.455841	47.810237
	16.4563829	47.8106183
	16.4568008	47.8108723
	16.4576475	47.8113724
	16.4582101	47.8116947
	16.4590706	47.8114187
	16.4603089	47.8108723
	16.4615858	47.8103796
	16.4633371	47.8096258
	16.4657104	47.8085487
	16.4657393	47.8085663
	16.4671548	47.8079105
	16.4683756	47.8072949
	16.4700449	47.806433
	16.4709303	47.8061239
	16.4729351	47.8052201
	16.4743704	47.8046307
	16.4747917	47.804484
	16.4753494	47.8042902
	16.4763557	47.8041042
	16.4769017	47.8039941
	16.4778573	47.8039077
	16.4789494	47.8038134
	16.4808918	47.8044421
	16.48237	47.8050158
	16.4842032	47.8057126
	16.4853109	47.8062209
	16.4879124	47.8072111
	16.4884195	47.8073997
	16.4901539	47.8081704
	16.4916075	47.8088872
	16.4923859	47.8093134
	16.4933639	47.8098389
	16.494237	47.8102753
	16.4955993	47.8106994
	16.4977988	47.8113911
	16.4988606	47.8119299
	16.4994594	47.8122355
	16.5006769	47.812761
	16.5018066	47.8133909
	16.5022737	47.8138815
	16.50308	47.8145034
	16.5040865	47.8151919
	16.5041077	47.8152051
	16.5032905	47.8158117
	16.5029726	47.8163642
	16.5019361	47.8169754
	16.5015197	47.817222
	16.5010775	47.8175048
	16.5003288	47.817984
	16.4993204	47.8186941
	16.4984992	47.8193523
	16.4982302	47.8195754
	16.4974604	47.8201802
	16.4960941	47.8216396
	16.4953711	47.8224188
	16.4941545	47.8235263
	16.4937895	47.8238703
	16.4934129	47.8245536
	16.4933286	47.8249778
	16.493338	47.8253108
	16.494059	47.8267148
	16.4944098	47.8269747
	16.4944031	47.8271169
	16.4938361	47.82736
	16.4934875	47.8274479
	16.4932629	47.8274746
	16.4921586	47.8274731
	16.4921165	47.8275123
	16.4919995	47.8277008
	16.4919972	47.8278343
	16.4919995	47.8279019
	16.4919551	47.8280762
	16.4918685	47.8281579
	16.4917375	47.8282302
	16.4912428	47.8285492
	16.4908671	47.8288914
	16.4906068	47.8289628
	16.4896622	47.8292417
	16.4891639	47.8294522
	16.4889829	47.8295659
	16.4890024	47.8299893
	16.4890913	47.8307542
	16.4891779	47.8313181
	16.4892551	47.8316574
	16.4893122	47.8319683
	16.4893186	47.8320746
	16.4892692	47.8322723
	16.4891981	47.8325588
	16.4891294	47.8327469
	16.4888308	47.8335136
	16.488574	47.8339471
	16.4885562	47.8340832
	16.4885162	47.834178
	16.4883676	47.8344731
	16.4882584	47.8346597
	16.4880069	47.8351661
	16.4878349	47.8354859
	16.4877323	47.8357969
	16.4876562	47.8361344
	16.4875556	47.8364313
	16.4875506	47.8364774
	16.4875406	47.8365145
	16.4879603	47.8365234
	16.4883514	47.8365711
	16.4886773	47.8366883
	16.4889	47.8367688
	16.4895393	47.8369185
	16.4904971	47.8371644
	16.4910934	47.8374184
	16.4915292	47.837637
	16.4920368	47.8378877
	16.4924558	47.8381095
	16.4932891	47.8385322
	16.4932771	47.8385676
	16.4935286	47.8387122
	16.4936709	47.8388033
	16.4932269	47.8392699
	16.4940075	47.8396524
	16.4945366	47.8398742
	16.495095	47.8401297
	16.4953158	47.8402347
	16.495419	47.8403174
	16.4950301	47.8406913
	16.4950763	47.8407508
	16.4951994	47.840808
	16.4953044	47.8408588
	16.4954353	47.8409249
	16.4958273	47.8411294
	16.4961745	47.8412934
	16.4964091	47.8414252
	16.496536	47.8414846
	16.4967276	47.8415473
	16.4968685	47.8415913
	16.4968473	47.8417144
	16.4968473	47.8419298
	16.4969215	47.8420262
	16.4970365	47.8421323
	16.4970868	47.8422094
	16.4972448	47.8423396
	16.4972664	47.8424537
	16.4971849	47.8426723
	16.4971275	47.8429503
	16.4971107	47.8431207
	16.4969311	47.8436333
	16.4967156	47.8441412
	16.4965523	47.8442868
	16.4962966	47.8445622
	16.4961553	47.8447888
	16.4957554	47.8451954
	16.4954729	47.8453754
	16.4951565	47.8456301
	16.4949844	47.8457723
	16.4948168	47.8459555
	16.4944433	47.8464617
	16.4943774	47.8465807
	16.4942182	47.8468618
	16.4940482	47.8471864
	16.494017	47.8473005
	16.4938997	47.8475448
	16.4936427	47.8476925
	16.4934543	47.8478115
	16.4932072	47.8479657
	16.4930784	47.8480397
	16.4927887	47.848337
	16.4927171	47.8485425
	16.4926402	47.8487082
	16.492465	47.8489664
	16.4923074	47.8491839
	16.492044	47.8493285
	16.4916704	47.8496836
	16.4913568	47.8500355
	16.491407	47.8502546
	16.4912514	47.8508116
	16.4912455	47.8510274
	16.4912322	47.8512583
	16.4912658	47.8514431
	16.4912825	47.8516697
	16.4912753	47.8519926
	16.4916178	47.8527607
	16.4916702	47.852988
	16.4915675	47.853344
	16.4913256	47.8541506
	16.4913137	47.8544703
	16.4912275	47.854737
	16.4910862	47.8549009
	16.4915028	47.8554633
	16.4917662	47.8557428
	16.4919889	47.8559067
	16.49202	47.8562377
	16.4919865	47.8565654
	16.4919626	47.8569575
	16.4921302	47.8573768
	16.4920416	47.8578877
	16.4919913	47.8582396
	16.4919721	47.8587312
	16.4918812	47.8589208
	16.4915507	47.8592533
	16.491328	47.8594285
	16.4896854	47.8605177
	16.4892999	47.8606639
	16.4888018	47.8608952
	16.4881218	47.8611266
	16.487368	47.861732
	16.486642	47.8623524
	16.4859835	47.862754
	16.4852269	47.8631251
	16.4849324	47.8632231
	16.4841733	47.8635701
	16.484032	47.8636568
	16.4841972	47.8638046
	16.4842739	47.8640391
	16.4843313	47.8645002
	16.4844247	47.8650159
	16.4844175	47.8651893
	16.4843122	47.8655026
	16.4841853	47.8658769
	16.4840536	47.8661692
	16.4840296	47.8664664
	16.4840608	47.8668841
	16.484111	47.8672648
	16.4840701	47.8679081
	16.4839617	47.8680921
	16.4838963	47.8687777
	16.4838413	47.8689989
	16.4838621	47.8690407
	16.481709	47.8689913
	16.4805738	47.8688738
	16.4796761	47.8685421
	16.4781641	47.8682281
	16.4770255	47.8677427
	16.4764695	47.8670416
	16.4765702	47.8670993
	16.4770099	47.8669708
	16.4771204	47.8668455
	16.4774618	47.8666774
	16.4779773	47.8663582
	16.4780103	47.866308
	16.4781093	47.8662603
	16.4781423	47.8662684
	16.4782708	47.866202
	16.4783038	47.8661519
	16.4784133	47.8661263
	16.4784723	47.866054
	16.4785626	47.8659981
	16.4785956	47.8659142
	16.4786269	47.8659142
	16.4787103	47.8658652
	16.4787971	47.8657545
	16.478877	47.8657359
	16.4789517	47.865645
	16.4789911	47.8655107
	16.4789164	47.8654046
	16.4788684	47.8653771
	16.4788808	47.8653318
	16.4789342	47.8652925
	16.4789857	47.8652817
	16.4790266	47.8652281
	16.4790284	47.8652102
	16.4789768	47.8651923
	16.4789822	47.8651648
	16.4790302	47.8651446
	16.4790373	47.8651124
	16.479016	47.8650671
	16.4790462	47.8650265
	16.4790391	47.8649561
	16.4790643	47.86491
	16.4790698	47.864877
	16.4790225	47.8648514
	16.4790079	47.8648184
	16.4790334	47.8647904
	16.4790334	47.8647403
	16.4790807	47.8646488
	16.4790843	47.8645584
	16.4790661	47.8645267
	16.4790152	47.8645145
	16.4790134	47.86444
	16.4790498	47.8644168
	16.4791153	47.8644107
	16.4791353	47.8643448
	16.4790971	47.8642899
	16.4791116	47.8642569
	16.4790971	47.8642386
	16.4791207	47.8642032
	16.4790971	47.8641874
	16.4790716	47.8642032
	16.4790461	47.8641691
	16.4788878	47.8641508
	16.4789188	47.8641056
	16.4789042	47.8640848
	16.4789133	47.864025
	16.478937	47.8639909
	16.4788842	47.8639506
	16.4788878	47.8639262
	16.4789515	47.8638749
	16.4789333	47.8638163
	16.4788696	47.8637699
	16.4788569	47.8637309
	16.4788824	47.8637052
	16.4788624	47.8636613
	16.4787805	47.863621
	16.4787805	47.8635771
	16.478675	47.8635209
	16.4786004	47.8635197
	16.4785713	47.863505
	16.4785822	47.8634623
	16.4785676	47.8634526
	16.4785676	47.8634294
	16.4786258	47.863383
	16.4786186	47.8633207
	16.4785458	47.8632768
	16.4785403	47.8632463
	16.4784712	47.8632072
	16.478473	47.8631889
	16.478413	47.8631669
	16.4784057	47.8631474
	16.4784239	47.8631205
	16.4784694	47.8631205
	16.4784767	47.8630815
	16.4783966	47.86304
	16.4784039	47.8630021
	16.4784657	47.8629924
	16.4784676	47.862968
	16.478433	47.862946
	16.4783347	47.8629106
	16.478322	47.8628593
	16.478342	47.8628312
	16.4783293	47.8627873
	16.4783657	47.8627385
	16.4783438	47.8627019
	16.4783711	47.8626311
	16.4783493	47.8625908
	16.4782911	47.8625725
	16.4782692	47.8625358
	16.4782984	47.8625127
	16.4782984	47.8624272
	16.4782729	47.8624004
	16.478211	47.8624077
	16.4781692	47.8623686
	16.4781783	47.8623454
	16.4781273	47.8622832
	16.4780327	47.8622685
	16.4780527	47.8622295
	16.4780436	47.8621941
	16.4779927	47.862177
	16.478	47.8621391
	16.4777871	47.8620512
	16.4777762	47.8619731
	16.477798	47.8619304
	16.4777416	47.8618694
	16.4776834	47.861884
	16.4776452	47.861873
	16.4776161	47.861834
	16.4776488	47.8617815
	16.4776343	47.8617485
	16.4775833	47.8617143
	16.4775942	47.8616618
	16.4776325	47.8616191
	16.4776343	47.8615923
	16.4775124	47.8615312
	16.4775106	47.8614751
	16.4773432	47.8614531
	16.4773304	47.8614226
	16.4773468	47.8613945
	16.4773978	47.8613738
	16.4774542	47.8613848
	16.4774614	47.8613542
	16.4774178	47.8613176
	16.4773996	47.8612786
	16.4774287	47.8612395
	16.4774123	47.8612102
	16.4773432	47.8611699
	16.4772613	47.8610649
	16.4772868	47.8609831
	16.4773304	47.8609477
	16.4773122	47.8608867
	16.477254	47.8608696
	16.477254	47.8608428
	16.4772759	47.8608245
	16.477234	47.860772
	16.4771831	47.86075
	16.477194	47.860678
	16.477194	47.8606218
	16.4772267	47.8606084
	16.477274	47.8605486
	16.477254	47.8604753
	16.477194	47.8604265
	16.4771594	47.8603398
	16.477154	47.8602556
	16.4771867	47.8602385
	16.4771703	47.8600762
	16.4771358	47.8600493
	16.4771139	47.8600456
	16.4770994	47.8599639
	16.4771376	47.8598979
	16.4770957	47.8596147
	16.4770739	47.8596025
	16.4770721	47.8595622
	16.4771066	47.8595427
	16.4771012	47.8594548
	16.477063	47.8593535
	16.4769993	47.8593083
	16.4770102	47.8592668
	16.4769502	47.8592278
	16.4769465	47.8591899
	16.4770284	47.859146
	16.4770175	47.8591057
	16.4769866	47.859102
	16.4769629	47.859063
	16.4769538	47.8589909
	16.4769702	47.858958
	16.4769538	47.8588835
	16.477083	47.8587443
	16.4770302	47.858632
	16.4771831	47.8585649
	16.4771976	47.8585136
	16.4774869	47.8581816
	16.4775688	47.8581364
	16.4775488	47.8580668
	16.4774942	47.8580326
	16.4774596	47.8579826
	16.4774796	47.8579569
	16.4774505	47.8578629
	16.4773741	47.8578153
	16.4773959	47.857758
	16.4773504	47.8576933
	16.4773577	47.8576615
	16.477305	47.8575553
	16.4773577	47.8575065
	16.4773868	47.8574345
	16.4773814	47.8573966
	16.4773031	47.8573551
	16.4773341	47.8573246
	16.4773323	47.8572721
	16.4771721	47.8572172
	16.4771321	47.857161
	16.4771321	47.8570939
	16.4770703	47.8570621
	16.4770139	47.8570243
	16.4769374	47.8570157
	16.476892	47.8569986
	16.4768501	47.8569217
	16.4767773	47.8568656
	16.4767901	47.8567899
	16.4766318	47.8565518
	16.4766318	47.8565115
	16.4765808	47.8564444
	16.4766009	47.8563663
	16.4766409	47.8563309
	16.4766372	47.8563003
	16.4766791	47.8561368
	16.4766554	47.8561136
	16.4767228	47.8560269
	16.47671	47.8559182
	16.4767664	47.8559072
	16.4767555	47.8558901
	16.4768901	47.8557693
	16.4767628	47.855762
	16.476761	47.8557375
	16.4768046	47.8557327
	16.4768265	47.855696
	16.4768028	47.8556826
	16.4768064	47.855668
	16.4769083	47.8555813
	16.4768974	47.8555215
	16.4769356	47.8554824
	16.4769047	47.855436
	16.4769192	47.8553652
	16.4769684	47.8553005
	16.4770612	47.8552932
	16.4770921	47.8552639
	16.4770903	47.855237
	16.4771358	47.8552333
	16.4771376	47.8552065
	16.4772467	47.8551943
	16.4772922	47.8551723
	16.477254	47.8551113
	16.4772977	47.8550466
	16.4772777	47.8549794
	16.4773141	47.8549245
	16.4773832	47.8548915
	16.4776506	47.8548463
	16.4776816	47.8548634
	16.4777525	47.8548549
	16.4778289	47.8547182
	16.4778872	47.8547182
	16.4779072	47.8546962
	16.4779017	47.8546522
	16.4779545	47.8546412
	16.4779636	47.8546266
	16.4779345	47.8545472
	16.4779818	47.8544911
	16.4780673	47.8544679
	16.478111	47.8544056
	16.4780964	47.8543665
	16.4781255	47.8542994
	16.4781564	47.8542921
	16.4781928	47.8543006
	16.4782511	47.8542713
	16.4782438	47.8542127
	16.4782893	47.8541724
	16.4783238	47.8540882
	16.478413	47.8540271
	16.4783966	47.8539515
	16.4782656	47.8538709
	16.4782692	47.8538404
	16.4781346	47.8537586
	16.4780109	47.8537659
	16.4779217	47.853728
	16.4778763	47.8536951
	16.4778417	47.8536853
	16.4777689	47.8536841
	16.4777052	47.8535937
	16.4776143	47.8535962
	16.4775706	47.8535583
	16.4775942	47.8535168
	16.477536	47.8534802
	16.4774305	47.8534533
	16.4773705	47.8534717
	16.4773159	47.8534546
	16.4772849	47.8533386
	16.4773177	47.8532434
	16.4772304	47.8531481
	16.4772085	47.8531115
	16.4772395	47.8530798
	16.4773595	47.8530761
	16.4773941	47.8530321
	16.4773577	47.8530212
	16.477385	47.8529577
	16.4773159	47.8528344
	16.4772631	47.852799
	16.4771922	47.852799
	16.4771758	47.8528295
	16.4771139	47.8528246
	16.4770739	47.8527892
	16.4771321	47.8526256
	16.4771048	47.8525694
	16.4768774	47.8523912
	16.4768719	47.8523118
	16.4768847	47.8522447
	16.4768119	47.8522386
	16.4766955	47.8522117
	16.4766664	47.8521787
	16.4766827	47.8521568
	16.4767573	47.8521336
	16.4767992	47.8520994
	16.4767883	47.8520774
	16.47673	47.8520798
	16.4766864	47.8520139
	16.4766136	47.851959
	16.4766081	47.8519297
	16.4766718	47.8518393
	16.4766736	47.8517172
	16.4767409	47.8516452
	16.4767519	47.8515854
	16.4767937	47.8515304
	16.4768337	47.8515317
	16.4768301	47.8514938
	16.4767646	47.851456
	16.4766936	47.8514413
	16.4766536	47.8514059
	16.4766591	47.8513522
	16.4766827	47.851296
	16.4766809	47.8512081
	16.4767118	47.8511495
	16.4767883	47.8510787
	16.47675	47.8510421
	16.4767537	47.851014
	16.4768647	47.8510091
	16.4768847	47.8509383
	16.4769229	47.8508931
	16.4769011	47.8508321
	16.4768337	47.8507783
	16.4768137	47.8507356
	16.4768519	47.8506343
	16.4768992	47.8506367
	16.4769338	47.850572
	16.4769138	47.8505329
	16.4768665	47.8505219
	16.4768447	47.8504523
	16.4768956	47.8504304
	16.4769174	47.8503889
	16.476892	47.850362
	16.476892	47.8502936
	16.4767264	47.8501691
	16.4769083	47.8500971
	16.4768992	47.8500091
	16.4768283	47.8499921
	16.4767937	47.8500116
	16.4767118	47.8499518
	16.4766227	47.849931
	16.4766063	47.8499041
	16.4766281	47.8498932
	16.4766463	47.849837
	16.4766263	47.8497759
	16.4766463	47.8497515
	16.4766845	47.8497369
	16.47669	47.8497027
	16.4766609	47.8496856
	16.4765899	47.8496941
	16.476348	47.8496624
	16.4762679	47.8495891
	16.476166	47.8495769
	16.4760732	47.8494976
	16.4760132	47.8494829
	16.4759422	47.8494866
	16.4758822	47.8494377
	16.4758949	47.8493926
	16.4759313	47.8493645
	16.4758876	47.8493401
	16.4757694	47.8493278
	16.4756347	47.8493401
	16.4755656	47.8493108
	16.4754528	47.8492924
	16.4753982	47.8492961
	16.4753491	47.8492521
	16.4753091	47.849246
	16.4752781	47.8492216
	16.475209	47.8492228
	16.4751217	47.8492314
	16.4751271	47.8491801
	16.4749761	47.8491386
	16.4749234	47.8491838
	16.4748706	47.8491838
	16.4748251	47.8491703
	16.4748142	47.8490885
	16.4747432	47.8490482
	16.4746614	47.8490287
	16.4745813	47.8490324
	16.4743539	47.8488736
	16.4742629	47.8488517
	16.4741738	47.8488236
	16.4740537	47.8488321
	16.4740246	47.8488529
	16.4739682	47.8488443
	16.4739136	47.8488089
	16.473879	47.8487393
	16.4738263	47.848743
	16.4738153	47.8487857
	16.4737262	47.8487979
	16.4736898	47.8487796
	16.4736898	47.8487357
	16.4737171	47.848721
	16.4737135	47.8486783
	16.4736498	47.8486526
	16.4735133	47.8485464
	16.4734478	47.8485489
	16.4734405	47.848594
	16.4734023	47.8485989
	16.4733059	47.8485098
	16.4732604	47.8483901
	16.4732077	47.8483706
	16.4731494	47.848373
	16.4731349	47.8483132
	16.4730912	47.8482863
	16.4728929	47.8482461
	16.4728365	47.8482021
	16.4728383	47.8481569
	16.4728838	47.8481203
	16.4728784	47.8480898
	16.4728292	47.8480922
	16.4727728	47.8481227
	16.4727	47.8481081
	16.4726509	47.8480556
	16.4725691	47.8480458
	16.4725072	47.8479848
	16.4724526	47.8479701
	16.472429	47.8478724
	16.4723871	47.8478529
	16.4722743	47.8478517
	16.4722215	47.8478053
	16.4720978	47.8477686
	16.472036	47.8477674
	16.4719996	47.8477393
	16.4719868	47.8476893
	16.4718213	47.8476307
	16.4717812	47.8475757
	16.4716994	47.8475501
	16.4716903	47.8474854
	16.4715957	47.8474146
	16.4715556	47.8473987
	16.4715757	47.8473413
	16.4716139	47.8473254
	16.4715866	47.8472558
	16.4715138	47.8472143
	16.4714265	47.8471948
	16.4713373	47.847163
	16.4713228	47.8470385
	16.4712791	47.8469994
	16.4712063	47.8469762
	16.4711463	47.8469078
	16.4711426	47.8468224
	16.4710553	47.8467857
	16.4710408	47.846721
	16.4709934	47.8466844
	16.470897	47.8466624
	16.4708679	47.8466319
	16.470857	47.8465452
	16.4707478	47.8464915
	16.4706532	47.8464475
	16.4705586	47.8463547
	16.4704331	47.8463132
	16.4703621	47.8462643
	16.4703621	47.8461874
	16.470273	47.8461129
	16.4702147	47.8459994
	16.4701529	47.845931
	16.4700692	47.8458956
	16.4700364	47.8458126
	16.4696689	47.8455464
	16.4696744	47.8454633
	16.4701074	47.8450958
	16.4703548	47.8447246
	16.4704786	47.8446086
	16.4710408	47.8444083
	16.4708461	47.8441421
	16.4706641	47.8439333
	16.4703039	47.8436464
	16.4697404	47.843089
	16.4699891	47.8427464
	16.4697908	47.8424216
	16.4688502	47.8414703
	16.4681188	47.8407156
	16.4682935	47.840701
	16.4681097	47.8404665
	16.467835	47.8401087
	16.4677131	47.8397912
	16.4674292	47.8394554
	16.467245	47.839212
	16.467129	47.8390939
	16.4666396	47.8386909
	16.4664486	47.8385272
	16.466072	47.8385248
	16.4659051	47.83836
	16.4656159	47.8380997
	16.4652987	47.8377811
	16.464933	47.8371717
	16.4647056	47.8368212
	16.464611	47.8366941
	16.4643144	47.8363974
	16.4642271	47.8362557
	16.463805	47.8358173
	16.4636631	47.8356084
	16.4627188	47.8338644
	16.4622458	47.8329716
	16.461629	47.831705
	16.4611814	47.8308818
	16.4611086	47.8305361
	16.4611796	47.8301502
	16.4609376	47.8299096
	16.4603099	47.8291559
	16.4599133	47.8286906
	16.4596658	47.828351
	16.459009	47.8274068
	16.4585906	47.8267472
	16.4582212	47.8262451
	16.4578937	47.825803
	16.4570932	47.8257113
	16.4550482	47.8254683
	16.4542731	47.824193
	16.4533725	47.8226806
	16.4528867	47.8215763
	16.4526047	47.8209356
	16.4522518	47.8195405
	16.4516004	47.8171826
	16.4510582	47.8157434
	16.4504797	47.8143139
	16.450174	47.8135222
	16.4496427	47.8114499
	16.4495008	47.8108903
	16.4493262	47.8101987
	16.4491842	47.8096195
	16.4490896	47.809231
	16.4484747	47.8081386
	16.447136	47.8062161
END
END
