7872687
1
	16.44932	47.9201616
	16.449394	47.9199216
	16.4499313	47.9197572
	16.4513522	47.9193006
	16.4526175	47.9189197
	16.4526409	47.9188231
	16.4542565	47.9182883
	16.4549884	47.9178969
	16.4566624	47.9172942
	16.4585117	47.916548
	16.4586246	47.9163236
	16.4596796	47.9153242
	16.4607502	47.9143823
	16.4618325	47.9131872
	16.4635922	47.9120651
	16.4643085	47.9115954
	16.4647095	47.9113293
	16.4656897	47.9107003
	16.466063	47.9106358
	16.4686104	47.9105099
	16.4700586	47.9103116
	16.4709657	47.9101811
	16.471865	47.9102802
	16.4740452	47.9101994
	16.4745513	47.9101393
	16.4752092	47.9100245
	16.4760969	47.909881
	16.4780473	47.9094817
	16.4784872	47.9093747
	16.4796162	47.9091608
	16.4810528	47.9088685
	16.4829565	47.9085344
	16.48624	47.907732
	16.4874647	47.9074984
	16.488812	47.907252
	16.4889091	47.9072296
	16.4906182	47.9065067
	16.4922572	47.9058726
	16.4930046	47.9055072
	16.4930552	47.9054133
	16.4943361	47.9048156
	16.4948032	47.9045964
	16.4956091	47.9043432
	16.4963293	47.9040483
	16.4964851	47.9039204
	16.496925	47.9037012
	16.4975712	47.9032132
	16.4984161	47.9031766
	16.4985951	47.903114
	16.4989416	47.9030722
	16.4992219	47.9030827
	16.5002614	47.9035577
	16.5008765	47.9038682
	16.501515	47.9039022
	16.5020483	47.9036621
	16.5036756	47.9026103
	16.5040416	47.902331
	16.5048786	47.9019474
	16.5056222	47.9016211
	16.5060232	47.9015741
	16.5063502	47.9014697
	16.5082033	47.9006267
	16.5117736	47.899495
	16.5125665	47.8988103
	16.5134006	47.8978376
	16.514107	47.8970701
	16.5152283	47.8958574
	16.5161186	47.8957969
	16.5176512	47.8956874
	16.5181245	47.8962087
	16.5197699	47.8956383
	16.5221514	47.8958273
	16.5208943	47.8958737
	16.5199716	47.8959008
	16.5167249	47.8970336
	16.516177	47.8977799
	16.5160963	47.8983018
	16.5159521	47.8985725
	16.5136685	47.9012556
	16.5132014	47.9022453
	16.5131437	47.9031925
	16.5129332	47.9040803
	16.5126074	47.9045533
	16.5122729	47.9048935
	16.5116966	47.9053974
	16.5107311	47.906147
	16.5094889	47.9069278
	16.508491	47.907524
	16.5081843	47.9076691
	16.5074692	47.9082953
	16.50646	47.9092192
	16.5060621	47.909571
	16.5058257	47.9100232
	16.5059476	47.9100922
	16.5058454	47.9104993
	16.5055258	47.9115926
	16.5076768	47.9124004
	16.5092973	47.9129995
	16.5104218	47.9134209
	16.5115002	47.913819
	16.5122639	47.9141097
	16.5129523	47.9143731
	16.51309	47.9161996
	16.5130441	47.9166807
	16.5134114	47.9168485
	16.5138329	47.9170722
	16.5141542	47.9169072
	16.5143398	47.9169013
	16.5143963	47.9170527
	16.5146634	47.9174498
	16.5152469	47.9175824
	16.5161574	47.9177491
	16.5173009	47.9177882
	16.5178726	47.9178106
	16.5176546	47.9179926
	16.5176347	47.9181071
	16.5176598	47.9182078
	16.5179477	47.9183504
	16.5183598	47.9184875
	16.5183275	47.9188287
	16.5183901	47.9188762
	16.5189577	47.9182302
	16.5198174	47.9175393
	16.5204273	47.9175698
	16.520652	47.9175925
	16.5209024	47.9176987
	16.5211236	47.9177491
	16.523494	47.9176904
	16.5242443	47.917674
	16.5247949	47.9176721
	16.525276	47.9176848
	16.5258811	47.9177183
	16.5263011	47.9177246
	16.5267814	47.9177234
	16.5273877	47.9176876
	16.527684	47.9167953
	16.5291573	47.9167796
	16.530366	47.9167539
	16.5311348	47.9167424
	16.5324503	47.91696
	16.5331422	47.9171002
	16.5338982	47.9172548
	16.535581	47.9176985
	16.536085	47.917813
	16.536952	47.9180105
	16.5378447	47.9183368
	16.5383017	47.9185315
	16.5400272	47.9192929
	16.5403783	47.9194406
	16.5408057	47.9196087
	16.5410161	47.9196637
	16.5410074	47.9197214
	16.5409355	47.9199708
	16.5408137	47.9204305
	16.5406584	47.9207062
	16.5404114	47.920972
	16.5400523	47.9213452
	16.5399348	47.9214893
	16.5395978	47.9216514
	16.5392047	47.9218474
	16.5387667	47.922127
	16.5384589	47.9223342
	16.5375541	47.9230781
	16.5371654	47.9233432
	16.5364889	47.9237365
	16.5358608	47.9241268
	16.5355377	47.9243282
	16.5354208	47.9245041
	16.5352899	47.9247132
	16.5351924	47.9248773
	16.5350253	47.9250039
	16.5348241	47.9251051
	16.534618	47.9251825
	16.5342297	47.9252481
	16.5339296	47.9253264
	16.5338278	47.9253798
	16.5336675	47.9254503
	16.5334853	47.925586
	16.5333316	47.9257846
	16.533253	47.925985
	16.5332224	47.9264234
	16.5331812	47.9266343
	16.5330907	47.9268815
	16.5329643	47.9271265
	16.5326991	47.9274835
	16.532385	47.9278103
	16.5314518	47.9288338
	16.531093	47.9291629
	16.5307575	47.9293882
	16.5305185	47.9295414
	16.5290806	47.9301686
	16.5286944	47.9303504
	16.5284915	47.9305089
	16.5282877	47.9307128
	16.5281844	47.9309117
	16.5279947	47.9313642
	16.5278965	47.9315215
	16.5277201	47.9316788
	16.5275375	47.9317629
	16.5272607	47.9318193
	16.5269844	47.9318665
	16.5267343	47.9319489
	16.5265457	47.9320638
	16.5263936	47.9322249
	16.5257887	47.933237
	16.5255247	47.933689
	16.5253285	47.9339499
	16.5250972	47.934124
	16.5247418	47.9342612
	16.524433	47.9343106
	16.5240946	47.9343534
	16.5239267	47.9343996
	16.5236861	47.9344946
	16.523513	47.9346293
	16.5233792	47.9347931
	16.5232176	47.9350693
	16.5225199	47.9363585
	16.5223352	47.9366915
	16.5222533	47.9368855
	16.5222018	47.9371162
	16.5221881	47.9373659
	16.5222366	47.9375761
	16.522338	47.93786
	16.5223658	47.9380804
	16.5222782	47.9382712
	16.5221035	47.9384622
	16.521859	47.938629
	16.5214537	47.938987
	16.5213546	47.9391357
	16.521306	47.9393063
	16.5212769	47.939471
	16.521037	47.9408247
	16.5208528	47.9409812
	16.5201272	47.9418354
	16.5194414	47.9426677
	16.518963	47.9432516
	16.5186727	47.9435676
	16.5173614	47.9431649
	16.517012	47.9428767
	16.5165513	47.942749
	16.5159729	47.9427892
	16.5151315	47.943083
	16.5142963	47.9432158
	16.5133303	47.9432796
	16.5133052	47.9434122
	16.5135761	47.9438297
	16.5134701	47.9438498
	16.5131559	47.9436643
	16.5128417	47.9436894
	16.5126802	47.9435991
	16.5125835	47.943433
	16.5125679	47.9432663
	16.512929	47.9431066
	16.5132907	47.9428555
	16.5136474	47.9427463
	16.5137159	47.9424036
	16.5134738	47.942089
	16.513456	47.9416662
	16.5134431	47.941583
	16.5132834	47.941447
	16.5130464	47.9416318
	16.5128519	47.9418106
	16.5125163	47.9419131
	16.5120017	47.9419013
	16.5117631	47.9418613
	16.5115905	47.9418245
	16.5108568	47.9416763
	16.5119957	47.9409977
	16.511645	47.9410455
	16.511276	47.941103
	16.5110427	47.9411123
	16.5108049	47.9411233
	16.5105533	47.9412489
	16.5104714	47.9413449
	16.5103407	47.9414137
	16.5099529	47.9411715
	16.5097628	47.9411211
	16.5098857	47.9410128
	16.5100138	47.940849
	16.5099879	47.9407051
	16.5100759	47.9406684
	16.5102671	47.9406764
	16.5108344	47.9406732
	16.511102	47.9405397
	16.5110312	47.9403886
	16.5109553	47.9402917
	16.5106412	47.9400222
	16.5103896	47.9399738
	16.5100463	47.939912
	16.5096896	47.9398625
	16.5093913	47.9398407
	16.5091241	47.9399644
	16.5089241	47.9401407
	16.5087022	47.9406897
	16.5085812	47.9407285
	16.508371	47.940748
	16.5079762	47.9405868
	16.5078552	47.9404608
	16.5077026	47.9403959
	16.507576	47.9404055
	16.5073923	47.9405467
	16.5072571	47.9405361
	16.5063864	47.9403463
	16.5058885	47.940276
	16.5057259	47.9404332
	16.5048413	47.9398791
	16.5042804	47.9397216
	16.5040576	47.9396986
	16.5044365	47.939373
	16.5048672	47.9390233
	16.50535	47.9386034
	16.5051339	47.9383883
	16.504531	47.9386542
	16.504297	47.9386638
	16.5038281	47.9386678
	16.5035969	47.9387759
	16.5034433	47.9391272
	16.5034502	47.9393626
	16.5035583	47.9395676
	16.5036658	47.9397878
	16.5037423	47.9399608
	16.5036602	47.9401286
	16.5035023	47.9403498
	16.5031678	47.9406033
	16.5030089	47.9406391
	16.502892	47.9406308
	16.5027816	47.9405526
	16.5028019	47.940311
	16.5028309	47.9401251
	16.5027661	47.9395976
	16.5026193	47.9396855
	16.5025226	47.9397621
	16.5025206	47.9398801
	16.5025766	47.9400766
	16.5024697	47.9402244
	16.5021797	47.9402468
	16.5020683	47.9402287
	16.5018248	47.9401361
	16.5017429	47.9400191
	16.5012084	47.9400297
	16.5011472	47.9402142
	16.5009255	47.9405187
	16.500606	47.9405238
	16.5002984	47.9404023
	16.5000244	47.9402314
	16.499814	47.940231
	16.4997434	47.9402627
	16.4996788	47.9404075
	16.4997022	47.9405998
	16.4997853	47.9408831
	16.499826	47.9410867
	16.4997934	47.9413137
	16.4997467	47.9415033
	16.4995765	47.9415259
	16.499246	47.9414477
	16.4988148	47.941287
	16.498653	47.9412777
	16.4985137	47.9412842
	16.4982062	47.9413933
	16.4979543	47.9414232
	16.4976226	47.941354
	16.4972411	47.9411293
	16.497208	47.9409917
	16.4967334	47.9411198
	16.4959781	47.9413787
	16.4956305	47.9415788
	16.4952751	47.9416932
	16.4945702	47.941741
	16.4941371	47.9417281
	16.4932729	47.9416614
	16.4921026	47.941564
	16.4918306	47.9415949
	16.4913358	47.9417003
	16.4907567	47.9420747
	16.4904608	47.9425549
	16.4902028	47.9426931
	16.4899249	47.9428261
	16.4896387	47.9429768
	16.4893488	47.9429738
	16.4886374	47.9428826
	16.4882127	47.9428316
	16.4869858	47.9426318
	16.486191	47.9424031
	16.4857557	47.9422093
	16.4855023	47.9420095
	16.4853277	47.9418345
	16.4850377	47.9414241
	16.4850607	47.9409812
	16.4850738	47.940462
	16.4850419	47.9402075
	16.4848599	47.9399219
	16.484514	47.9395487
	16.4842547	47.9393315
	16.4841397	47.9392459
	16.4838617	47.9390407
	16.483456	47.9387515
	16.4829568	47.938501
	16.481819	47.9381831
	16.4807695	47.9378611
	16.4803853	47.9377316
	16.4796239	47.937457
	16.4792529	47.9373503
	16.4790903	47.9373709
	16.4788868	47.9374324
	16.4786696	47.9375173
	16.4781358	47.9377244
	16.4767786	47.9383346
	16.4765458	47.9383698
	16.4760953	47.9383226
	16.4756057	47.9382287
	16.475054	47.9380829
	16.4746551	47.9378816
	16.4741677	47.9376201
	16.473677	47.9374558
	16.4734006	47.9373779
	16.4727174	47.9374147
	16.4721569	47.9374347
	16.4717597	47.9373626
	16.4712656	47.9372359
	16.4708469	47.9371808
	16.4704242	47.9371508
	16.4700519	47.9372602
	16.469696	47.9374627
	16.4693698	47.9376988
	16.4690253	47.9380063
	16.468714	47.9383953
	16.4680896	47.9392082
	16.4678069	47.9393994
	16.4676245	47.9395311
	16.4670328	47.93978
	16.4667109	47.9398497
	16.4661233	47.9397796
	16.4657845	47.9396792
	16.4651461	47.9393892
	16.4645316	47.9390086
	16.4634027	47.9383464
	16.4627501	47.9380694
	16.4616641	47.9376433
	16.4608584	47.9373222
	16.4597101	47.9367502
	16.4583564	47.9362519
	16.4571985	47.9358415
	16.4565115	47.9355321
	16.4558719	47.9351189
	16.455535	47.9348537
	16.4552649	47.9346963
	16.4548475	47.9344605
	16.4539621	47.9342451
	16.4527787	47.9342571
	16.4523504	47.9342613
	16.4521737	47.9341169
	16.4522095	47.9340431
	16.4523086	47.9339694
	16.4524104	47.9335323
	16.4526251	47.9332611
	16.4527077	47.9332445
	16.4532087	47.9330066
	16.4536162	47.9326949
	16.45393	47.9324496
	16.453696	47.9323149
	16.4535941	47.9321563
	16.4537566	47.9314923
	16.4539493	47.9311917
	16.4544806	47.9307361
	16.4546898	47.9303358
	16.4549761	47.9297604
	16.4546898	47.9295925
	16.4543842	47.9294615
	16.4540566	47.9293416
	16.4535721	47.9292181
	16.4529004	47.9290318
	16.4526582	47.9289432
	16.4523939	47.9288473
	16.4522039	47.9288215
	16.4513368	47.9288178
	16.451078	47.9287846
	16.4500237	47.9284968
	16.4501283	47.9282995
	16.4508495	47.9277664
	16.4519535	47.9268339
	16.4525316	47.9262768
	16.452705	47.9263506
	16.4532749	47.926061
	16.4541613	47.9256072
	16.4538254	47.9253213
	16.4534758	47.9251405
	16.4530216	47.9248011
	16.452906	47.9246572
	16.4528867	47.924493
	16.4526692	47.9241148
	16.4524242	47.9238105
	16.4519948	47.9232589
	16.4518627	47.9231556
	16.4515488	47.9228235
	16.4514883	47.9228512
	16.4506865	47.9220322
	16.4499935	47.9214713
	16.4496977	47.9206312
	16.4496237	47.9206077
	16.44932	47.9201616
END
END
