252941
1
	19.9803798	39.6501724
	20.0231036	39.6179831
	20.0478229	39.591796
	20.0658473	39.5591144
	20.0847987	39.5364466
	20.1098871	39.5069772
	20.1279802	39.4887703
	20.14894	39.4650325
	20.159995	39.4435204
	20.1698913	39.4209011
	20.1745605	39.4062993
	20.1793756	39.3926099
	20.2008676	39.3543063
	20.2500594	39.276662
	20.2840385	39.3009888
	20.3009886	39.3154953
	20.3029465	39.317565
	20.30722	39.3208352
	20.3090784	39.3224345
	20.3105551	39.3238189
	20.3115737	39.3250266
	20.3131361	39.328026
	20.3147476	39.3306126
	20.3152123	39.3312398
	20.3164765	39.332739
	20.3169935	39.3333364
	20.3186481	39.3350686
	20.3189293	39.3353522
	20.3213613	39.3375234
	20.3216733	39.33779
	20.3300613	39.3444682
	20.3303933	39.3447218
	20.3307482	39.3449537
	20.3322236	39.3458199
	20.332607	39.3460212
	20.3402949	39.3499969
	20.3407027	39.3501674
	20.3415775	39.3504066
	20.3420312	39.3504794
	20.3456827	39.3509456
	20.3506341	39.3517001
	20.3510644	39.3518262
	20.3530984	39.3526872
	20.3537275	39.3529951
	20.3558132	39.3537766
	20.3577536	39.3547607
	20.3591883	39.3556703
	20.3608041	39.3563784
	20.3612174	39.3565355
	20.3621035	39.3567524
	20.3634573	39.3570019
	20.3643698	39.3571295
	20.3657566	39.3572134
	20.368068	39.357074
	20.3694468	39.3569324
	20.3707949	39.3566638
	20.3721204	39.3563359
	20.3734113	39.3559348
	20.3746739	39.3554788
	20.3765711	39.3544526
	20.3779036	39.3534493
	20.3782168	39.3531888
	20.3809674	39.3507615
	20.3822604	39.3488517
	20.3832923	39.3472445
	20.3848371	39.3450317
	20.3853357	39.3444257
	20.3856286	39.3441511
	20.3863729	39.3437239
	20.3876291	39.3432675
	20.3889106	39.342848
	20.3900714	39.3422535
	20.3915209	39.3413573
	20.3922002	39.3408649
	20.3925014	39.3405951
	20.3927491	39.340292
	20.3933709	39.3393205
	20.3937512	39.3379137
	20.3938407	39.3371958
	20.3938776	39.3357558
	20.3937412	39.3336529
	20.3937465	39.3329325
	20.394158	39.3315311
	20.3943265	39.3311941
	20.3953275	39.3295768
	20.3996272	39.3236572
	20.4001538	39.323061
	20.401018	39.3222185
	20.4042951	39.3196853
	20.405641	39.3186956
	20.4060127	39.3184819
	20.4101024	39.3161357
	20.4108536	39.315713
	20.4127943	39.3147371
	20.4140307	39.3142438
	20.4159376	39.3132262
	20.4169895	39.3125246
	20.4191499	39.3109743
	20.4260679	39.3130472
	20.4278696	39.3133862
	20.429236	39.3135858
	20.430624	39.3136465
	20.4320142	39.3136351
	20.4333063	39.313563
	20.4357118	39.3134287
	20.4389392	39.3131809
	20.440305	39.312975
	20.4412022	39.3127998
	20.4425005	39.3124026
	20.4433093	39.3120626
	20.4443929	39.3113752
	20.4446923	39.3111051
	20.4499384	39.3047575
	20.4517998	39.3024905
	20.4486547	39.3009667
	20.4475063	39.3003597
	20.4468109	39.2998836
	20.4463067	39.2992737
	20.4461607	39.2989405
	20.4461506	39.2985753
	20.4463094	39.2978686
	20.4464705	39.2975313
	20.4471255	39.2965785
	20.4484424	39.2953622
	20.4492911	39.2945054
	20.4572303	39.2852132
	20.4576997	39.2845924
	20.4580828	39.2839376
	20.4582168	39.2835949
	20.4587247	39.2818358
	20.4597927	39.2787068
	20.4603673	39.2773371
	20.4607652	39.2766872
	20.4622724	39.274873
	20.4625531	39.2745843
	20.4637228	39.273499
	20.4652466	39.2725117
	20.4688086	39.2720104
	20.4737873	39.2727624
	20.4780709	39.2750444
	20.4798488	39.2763701
	20.4804453	39.2769196
	20.4817573	39.2788193
	20.4822926	39.279403
	20.4829579	39.279905
	20.4833616	39.2800748
	20.4837872	39.2802183
	20.4855977	39.2805162
	20.4865169	39.2806116
	20.4883674	39.2806314
	20.4902131	39.2807547
	20.492497	39.2810488
	20.4929476	39.2811344
	20.5037525	39.2844773
	20.5062973	39.2853419
	20.5083203	39.2862043
	20.510776	39.2874265
	20.5114808	39.2878935
	20.5121204	39.2884126
	20.5123905	39.2887044
	20.5131489	39.2896099
	20.5136051	39.2902361
	20.5137879	39.2905703
	20.5140595	39.2912586
	20.5145605	39.293012
	20.5159716	39.2964411
	20.5177087	39.3005421
	20.5180834	39.3012018
	20.518324	39.3015063
	20.5189024	39.3020685
	20.5192538	39.3023043
	20.5236412	39.3043316
	20.5240372	39.3042263
	20.5243982	39.3040029
	20.5246695	39.3037093
	20.5270975	39.3006472
	20.5286542	39.2984328
	20.5292005	39.2978546
	20.5301146	39.2970397
	20.5314852	39.2960717
	20.532585	39.2954109
	20.5376444	39.2929314
	20.5380686	39.2927864
	20.5402807	39.2922398
	20.541243	39.2939213
	20.5415869	39.2941342
	20.5420291	39.2940077
	20.5427385	39.2935469
	20.5440536	39.2920682
	20.545084	39.2913331
	20.5454666	39.2911464
	20.5459341	39.2911647
	20.5463867	39.2912502
	20.5468168	39.2913891
	20.5496767	39.2925729
	20.5504753	39.2929344
	20.5507668	39.2932088
	20.5510494	39.2937981
	20.5508657	39.294117
	20.5505816	39.2944013
	20.5496173	39.2951789
	20.5490661	39.295757
	20.5478367	39.2972833
	20.5476276	39.2976014
	20.5473029	39.2982763
	20.5467432	39.2996514
	20.5445362	39.3062694
	20.5442697	39.3073289
	20.5442685	39.3076892
	20.544336	39.308047
	20.5445192	39.3083767
	20.5453805	39.3092265
	20.5457559	39.3094358
	20.5493639	39.3110292
	20.5506105	39.312057
	20.5539556	39.3145387
	20.5543202	39.3147567
	20.5547298	39.3149309
	20.5551646	39.3150564
	20.555623	39.315106
	20.556084	39.3150701
	20.5565357	39.3149889
	20.5569748	39.3148758
	20.559575	39.3141331
	20.5618888	39.3141565
	20.5632788	39.314139
	20.5651049	39.3138912
	20.5655202	39.3137323
	20.5681648	39.3122746
	20.5691299	39.3114969
	20.5697423	39.3109565
	20.5714892	39.3092786
	20.5730181	39.3074771
	20.5741143	39.3058925
	20.5749376	39.3050205
	20.5774684	39.3029152
	20.5778018	39.3026683
	20.5782107	39.3024957
	20.5786527	39.3024006
	20.5793658	39.3024621
	20.5802674	39.3026327
	20.5808907	39.3023969
	20.5820098	39.3030974
	20.5830071	39.3034862
	20.5839931	39.3035311
	20.5850371	39.3034952
	20.5860694	39.3037645
	20.5863942	39.3041145
	20.5864754	39.3044556
	20.5865102	39.3056673
	20.5867074	39.3062866
	20.587009	39.3066008
	20.5873918	39.3066367
	20.5881226	39.3064662
	20.5895146	39.3062956
	20.5904194	39.3063764
	20.5911966	39.3066187
	20.591349	39.3067734
	20.5912639	39.3068985
	20.5909373	39.3069904
	20.5908126	39.3071558
	20.5908898	39.307358
	20.5913114	39.3075602
	20.5916559	39.3075786
	20.5919647	39.3075143
	20.5924933	39.3072615
	20.5930932	39.3071834
	20.5935505	39.3073075
	20.5940494	39.3075143
	20.5944116	39.3078589
	20.5945839	39.3082771
	20.5946255	39.3086907
	20.5945304	39.3091089
	20.5943463	39.309527
	20.5942513	39.3098395
	20.5943701	39.310299
	20.594572	39.3108964
	20.5947917	39.3111767
	20.5951956	39.3113559
	20.5957182	39.3113743
	20.5965081	39.3113743
	20.5969417	39.3114754
	20.5974703	39.3117833
	20.5981117	39.312264
	20.5982323	39.3125369
	20.5981581	39.3128887
	20.5981395	39.3133123
	20.5980839	39.3139513
	20.5980931	39.3141667
	20.5983159	39.3143964
	20.5989005	39.3145687
	20.5992067	39.31482
	20.6001254	39.3154447
	20.6007565	39.31566
	20.6013132	39.3160334
	20.6018515	39.3165575
	20.6019907	39.316859
	20.6020835	39.3173616
	20.6024175	39.3175698
	20.6029836	39.3179646
	20.6031135	39.3183164
	20.6031228	39.318661
	20.6031878	39.3190989
	20.6034476	39.3194507
	20.6039302	39.3200681
	20.6045148	39.320384
	20.6057676	39.3209081
	20.6066863	39.3213819
	20.607373	39.3218341
	20.6083474	39.3224874
	20.6088601	39.3227591
	20.6091189	39.3230855
	20.6091354	39.3236177
	20.608877	39.3243406
	20.6083452	39.3250342
	20.6081324	39.3255749
	20.6080413	39.3260569
	20.60814	39.3264036
	20.6084667	39.3268209
	20.6091809	39.3271324
	20.6103662	39.3274674
	20.6109817	39.3274086
	20.6114603	39.3271677
	20.6115392	39.3271384
	20.611825	39.3270325
	20.6130711	39.3268268
	20.6142841	39.3268765
	20.6146944	39.3267707
	20.615477	39.3270763
	20.616024	39.3270705
	20.6163478	39.3270106
	20.6170577	39.3270883
	20.6174929	39.3269277
	20.6181559	39.3269121
	20.6187653	39.3270157
	20.6189796	39.327197
	20.6191738	39.3274871
	20.6194483	39.3278238
	20.6199294	39.3281989
	20.6205524	39.3285163
	20.6211982	39.3285515
	20.6220948	39.3284222
	20.6226798	39.328193
	20.6231129	39.3277934
	20.624214	39.3271783
	20.6246482	39.3269132
	20.6256037	39.3268625
	20.6263445	39.3268993
	20.6271612	39.326767
	20.6277216	39.3267597
	20.627997	39.3270829
	20.62813	39.3275384
	20.6284529	39.3277588
	20.6295356	39.328229
	20.6303999	39.3283759
	20.6308243	39.3287729
	20.6311559	39.3291804
	20.6316915	39.3296542
	20.6321569	39.329882
	20.6325109	39.3300887
	20.6327947	39.3303128
	20.6335951	39.3308613
	20.6340944	39.3311235
	20.6346832	39.3313732
	20.6351676	39.3313879
	20.6359843	39.3313439
	20.6366706	39.3316005
	20.6369381	39.33186
	20.6371125	39.3321514
	20.6371728	39.3323765
	20.6372551	39.3329344
	20.6373582	39.3332137
	20.6380712	39.3340148
	20.6383277	39.3342008
	20.6386411	39.3342375
	20.63904	39.33412
	20.6395339	39.3338629
	20.6400657	39.3337894
	20.6405311	39.3336645
	20.6409585	39.3333707
	20.6413574	39.3328859
	20.6415283	39.3325333
	20.6416993	39.3319896
	20.6420317	39.3314387
	20.6425541	39.331064
	20.64282	39.3306747
	20.6428865	39.330322
	20.6430954	39.3300502
	20.6434563	39.3297711
	20.6437602	39.3292348
	20.6443776	39.3281622
	20.6447575	39.327332
	20.6448714	39.3268251
	20.6450234	39.3265019
	20.6454508	39.326186
	20.646353	39.3256864
	20.6471603	39.3250325
	20.6474642	39.324599
	20.6475687	39.3242611
	20.6475687	39.3235337
	20.6476067	39.3230341
	20.6474452	39.3225933
	20.6474737	39.3221598
	20.6477112	39.321719
	20.6482525	39.3212341
	20.6491833	39.3206316
	20.6494397	39.3203818
	20.6495632	39.3200144
	20.6495157	39.3196544
	20.6492972	39.3192356
	20.6493257	39.3188462
	20.6495252	39.3183759
	20.6498576	39.3181555
	20.6503655	39.318027
	20.6509352	39.3180487
	20.6513715	39.3183152
	20.6516218	39.318265
	20.6527064	39.3176865
	20.6531924	39.3172729
	20.653484	39.3166525
	20.6533989	39.3163141
	20.6530344	39.3159945
	20.652998	39.3157595
	20.6532784	39.3155373
	20.6540599	39.3153862
	20.6549425	39.3153425
	20.6558989	39.315126
	20.6564899	39.3146928
	20.6566921	39.3142356
	20.6563422	39.314025
	20.6562178	39.3135497
	20.6563966	39.3130323
	20.6567699	39.312557
	20.6576719	39.3118832
	20.6589705	39.3111371
	20.6600047	39.3103189
	20.6602691	39.3099459
	20.6606579	39.3091878
	20.6607823	39.3085681
	20.6609223	39.3075272
	20.6609145	39.3065765
	20.6610001	39.3062215
	20.6611789	39.3059929
	20.6614822	39.3058665
	20.6616999	39.305674
	20.6622131	39.3050963
	20.6627575	39.3043983
	20.6628819	39.3040734
	20.6629052	39.3036643
	20.6629596	39.3031287
	20.6631229	39.3027316
	20.6634962	39.3022382
	20.663885	39.3019253
	20.6643671	39.3016304
	20.6646704	39.3016244
	20.6650436	39.3017147
	20.6652147	39.3019373
	20.6655024	39.3021058
	20.6658368	39.3021419
	20.6662878	39.3019915
	20.666661	39.3015462
	20.6668866	39.3011069
	20.6669799	39.3005834
	20.6671043	39.3003367
	20.6674309	39.3001261
	20.6678352	39.3001742
	20.6682085	39.3003006
	20.6684884	39.3002946
	20.6687995	39.3001141
	20.6689978	39.2997726
	20.669011	39.2994052
	20.6690693	39.2991043
	20.6694387	39.2985628
	20.670226	39.2978482
	20.6710231	39.2973517
	20.6713438	39.2970358
	20.6714702	39.2967424
	20.6715382	39.2961407
	20.6716646	39.2957119
	20.6719659	39.2953282
	20.6724714	39.2950574
	20.6730351	39.2948092
	20.6737544	39.2948092
	20.6748042	39.2949371
	20.675504	39.2949145
	20.6762622	39.2946964
	20.6765344	39.2945008
	20.6766802	39.294057
	20.6766218	39.2937786
	20.6763691	39.2934326
	20.676165	39.293222
	20.6761844	39.2929135
	20.6763205	39.2925901
	20.6763886	39.2918077
	20.6762914	39.291063
	20.6761456	39.2905665
	20.6762233	39.2901452
	20.676583	39.2897465
	20.6772925	39.2893854
	20.6783715	39.2887835
	20.679081	39.2886857
	20.6795184	39.2884676
	20.6798586	39.2880989
	20.6804141	39.2879108
	20.6803984	39.2891668
	20.6804594	39.2898847
	20.6805967	39.2905957
	20.6808949	39.2916491
	20.6817963	39.2948096
	20.6824498	39.2965352
	20.6826189	39.2972426
	20.6829291	39.3036786
	20.6827871	39.3047509
	20.6824394	39.3061642
	20.6822305	39.3068654
	20.6819493	39.307551
	20.6814578	39.3085638
	20.6812694	39.3088918
	20.6808018	39.3095135
	20.6800983	39.3108446
	20.6788679	39.3139351
	20.6787855	39.3146534
	20.6788643	39.3150069
	20.6792288	39.3156659
	20.6794571	39.3159832
	20.6803121	39.3168318
	20.6805426	39.3171447
	20.6813386	39.3188339
	20.6815672	39.3195295
	20.682008	39.3220282
	20.682268	39.3241795
	20.6823342	39.3259784
	20.6822269	39.3270518
	20.6820793	39.3273944
	20.681792	39.3284311
	20.6803783	39.3325794
	20.6802167	39.3329125
	20.6773673	39.336182
	20.6762524	39.3373257
	20.675949	39.3376008
	20.6753007	39.3381137
	20.6748814	39.3382683
	20.6744174	39.3382686
	20.6735209	39.3380808
	20.6722775	39.3376038
	20.6718129	39.3375725
	20.6713594	39.3376406
	20.670482	39.3378767
	20.6696855	39.3382412
	20.6693357	39.3384744
	20.6691136	39.3387879
	20.6681148	39.3419075
	20.6680077	39.3422602
	20.6679806	39.34298
	20.667959	39.3483616
	20.6684452	39.3527307
	20.6687279	39.3530225
	20.6687756	39.3533572
	20.6682593	39.3539595
	20.6662651	39.3558615
	20.665961	39.3561185
	20.6642939	39.3567597
	20.6639074	39.3569648
	20.6636864	39.3572738
	20.663615	39.3576275
	20.6637132	39.3579816
	20.6639068	39.358307
	20.6641919	39.3585899
	20.6653056	39.3589371
	20.6661574	39.3592228
	20.6665268	39.359445
	20.6666581	39.3597866
	20.6668245	39.3604985
	20.6668238	39.3608588
	20.6666471	39.3615653
	20.665951	39.3643062
	20.6658	39.3646442
	20.6655118	39.3649242
	20.6651604	39.3651618
	20.6639428	39.3656718
	20.6635387	39.3658539
	20.6620495	39.3675992
	20.6618082	39.367903
	20.6616451	39.3682406
	20.6600433	39.371604
	20.6599056	39.3719469
	20.6598507	39.3723011
	20.6615052	39.3749519
	20.6618702	39.3756109
	20.6620095	39.3759527
	20.6622851	39.3773793
	20.6623001	39.3784607
	20.6621907	39.3788043
	20.6620104	39.3791369
	20.6611773	39.3804236
	20.6609085	39.381114
	20.66086	39.3814684
	20.6609565	39.3818225
	20.6611355	39.3821564
	20.6621789	39.3833439
	20.6623788	39.3836694
	20.6631183	39.385357
	20.6633973	39.3867793
	20.6634283	39.3871405
	20.6634512	39.387605
	20.6634085	39.3883244
	20.6633743	39.3886837
	20.6632813	39.3890324
	20.6627256	39.3900253
	20.6620685	39.3909747
	20.6603184	39.3926449
	20.6592911	39.393372
	20.6578242	39.3942486
	20.6566518	39.3948274
	20.656238	39.3949912
	20.6558564	39.3951964
	20.6549746	39.3960313
	20.6544608	39.3966245
	20.6541155	39.3972946
	20.6538439	39.3983497
	20.6538036	39.3997898
	20.6538859	39.4012289
	20.6536519	39.4044604
	20.6534843	39.4051717
	20.6529386	39.4065476
	20.6527714	39.4068806
	20.6519084	39.4081574
	20.6507406	39.4097045
	20.6492001	39.4115022
	20.6489266	39.4117916
	20.6486058	39.4120526
	20.6478859	39.4125092
	20.6465607	39.4135114
	20.6457336	39.4143792
	20.6455231	39.4147019
	20.6454071	39.4150499
	20.6452755	39.4157622
	20.6453144	39.4161191
	20.6455146	39.4164402
	20.6463099	39.4167919
	20.6482467	39.4177801
	20.6486153	39.4179979
	20.6492753	39.4185078
	20.6506486	39.4203715
	20.6508615	39.4206929
	20.6510246	39.4210309
	20.6511016	39.4213844
	20.6499988	39.4260005
	20.6491494	39.427165
	20.6484182	39.4280852
	20.6481408	39.42837
	20.6471629	39.42913
	20.646089	39.4298151
	20.6431265	39.4313959
	20.6435962	39.4348954
	20.6436157	39.4352563
	20.6435659	39.4356152
	20.6434123	39.435953
	20.6426997	39.4368828
	20.6403187	39.4402233
	20.6384783	39.4433182
	20.6368188	39.446549
	20.6363045	39.4482951
	20.6360231	39.448985
	20.6357855	39.4492889
	20.6347213	39.4499877
	20.6343245	39.4501743
	20.6339633	39.4504026
	20.6336587	39.450673
	20.6335145	39.4510201
	20.6334427	39.4513693
	20.6338123	39.4520286
	20.634051	39.4523418
	20.6343698	39.4525942
	20.6351984	39.4529245
	20.6363765	39.45349
	20.6367024	39.4537382
	20.6373293	39.4547021
	20.6392545	39.4583338
	20.6402447	39.4603531
	20.6404086	39.4608398
	20.6408256	39.4629686
	20.6410297	39.4640329
	20.6408783	39.4647447
	20.6407438	39.4650921
	20.6405479	39.4654197
	20.6400145	39.4660032
	20.6393732	39.4665251
	20.6382699	39.4671868
	20.6374819	39.4675648
	20.6370746	39.4677422
	20.6357557	39.4680868
	20.6321072	39.4686252
	20.6284582	39.4691363
	20.6280206	39.4692542
	20.6272264	39.469623
	20.6262495	39.4703963
	20.625159	39.4715581
	20.6249505	39.4718809
	20.6240219	39.4733987
	20.6211675	39.4769818
	20.620278	39.4782439
	20.619673	39.4792127
	20.6194838	39.4795404
	20.6191146	39.4805791
	20.6191354	39.4816606
	20.6192714	39.4823716
	20.619492	39.4826888
	20.6197654	39.4829805
	20.6199725	39.4832973
	20.6198287	39.4836444
	20.6185353	39.4859532
	20.6171304	39.4897315
	20.6158489	39.4928423
	20.6150492	39.4949042
	20.6149766	39.4952579
	20.6148752	39.4963358
	20.6148879	39.4966965
	20.6149937	39.4970464
	20.6157558	39.4990187
	20.616767	39.5021873
	20.6175077	39.5060956
	20.6175563	39.5075337
	20.6176378	39.5104005
	20.6174524	39.5113807
	20.6171667	39.5128908
	20.6171188	39.5143306
	20.6170015	39.5157819
	20.6173101	39.5186508
	20.6176116	39.520434
	20.6192219	39.5245523
	20.6193774	39.5248946
	20.6195959	39.5252117
	20.6202982	39.5261419
	20.6210187	39.5270501
	20.6225138	39.5300616
	20.6230449	39.5314417
	20.6233803	39.5324873
	20.623474	39.5328413
	20.6235097	39.5335584
	20.6232123	39.5372474
	20.622929	39.5397297
	20.622574	39.5422325
	20.6224874	39.5425812
	20.6223559	39.5429287
	20.6219759	39.5435887
	20.6204597	39.5458054
	20.6195766	39.5470723
	20.6189446	39.5474998
	20.6166341	39.5472973
	20.6152604	39.5471312
	20.6140143	39.5466535
	20.6136036	39.5464839
	20.6076466	39.542617
	20.6048983	39.5402667
	20.6011764	39.5389283
	20.5966377	39.5361517
	20.5934693	39.5346131
	20.5873895	39.5329934
	20.5869419	39.5329172
	20.5864758	39.532944
	20.586018	39.5330071
	20.585578	39.5331248
	20.583941	39.5335946
	20.5807095	39.5349767
	20.5795503	39.5355775
	20.5781242	39.5364993
	20.5769753	39.5376274
	20.5764497	39.5382244
	20.5761153	39.5384712
	20.5740414	39.5392748
	20.5736031	39.539397
	20.5726907	39.5395277
	20.5720208	39.539589
	20.5715594	39.5395528
	20.5688097	39.5391968
	20.5674684	39.5389095
	20.5665789	39.538703
	20.5644253	39.5380223
	20.5630664	39.5377795
	20.5621481	39.5376757
	20.5612264	39.537779
	20.5607782	39.5378738
	20.5576158	39.5381585
	20.5548435	39.5381032
	20.5497657	39.5385064
	20.5484033	39.5387451
	20.5475288	39.5389803
	20.5458707	39.5396246
	20.5446836	39.5401838
	20.5428542	39.5407823
	20.5412715	39.5415368
	20.5404963	39.5419371
	20.5401663	39.542184
	20.5391712	39.5429289
	20.5388675	39.5432036
	20.5379073	39.544436
	20.5373522	39.5454238
	20.5366791	39.5467638
	20.5365328	39.5471062
	20.5364284	39.5474544
	20.5363996	39.5478138
	20.5364329	39.5481751
	20.5366322	39.5492439
	20.5369392	39.5502979
	20.5371787	39.5509896
	20.5379396	39.5523004
	20.5383737	39.5529393
	20.5390015	39.5542956
	20.5391278	39.5546462
	20.5391814	39.554999
	20.5387741	39.5550995
	20.5378357	39.555013
	20.5369199	39.5548821
	20.5359917	39.5549039
	20.5351043	39.5551161
	20.5347159	39.5553117
	20.5337115	39.5560608
	20.5334053	39.5563264
	20.5325364	39.5571697
	20.531027	39.5589846
	20.5304021	39.5599477
	20.5294514	39.5611803
	20.52872	39.5616313
	20.5283071	39.5617901
	20.5278638	39.5619074
	20.526944	39.5620015
	20.5260205	39.5619874
	20.5251043	39.5618699
	20.5229319	39.5612284
	20.5212374	39.5606372
	20.5207902	39.5605382
	20.5198644	39.560488
	20.5189612	39.5606545
	20.518549	39.5608223
	20.5181007	39.5609079
	20.5171746	39.5609928
	20.515315	39.5610225
	20.5092846	39.5609044
	20.5074245	39.5608755
	20.5064962	39.5609061
	20.5051201	39.5610808
	20.5028678	39.5615264
	20.5002346	39.5618118
	20.4993507	39.5618933
	20.4984873	39.565889
	20.4989031	39.5683065
	20.5009511	39.570566
	20.5027962	39.5723645
	20.5031346	39.5726088
	20.505349	39.5739185
	20.5076892	39.5750968
	20.5083425	39.5756074
	20.5088769	39.5761954
	20.5090899	39.5765171
	20.5091858	39.5768668
	20.5103851	39.5854282
	20.5105793	39.5872219
	20.5105785	39.5883028
	20.5100877	39.5900579
	20.5089849	39.5918803
	20.5080488	39.5926808
	20.507837	39.5930032
	20.5076942	39.5933456
	20.5073036	39.5947525
	20.5071707	39.5958249
	20.507155	39.5961847
	20.5072467	39.5965387
	20.5075204	39.597227
	20.5074946	39.5975775
	20.5069238	39.5985647
	20.5066195	39.5988347
	20.5054408	39.6005556
	20.5068364	39.6033043
	20.5081135	39.6056216
	20.5083674	39.6063137
	20.5084464	39.6066719
	20.5085105	39.6073899
	20.5084568	39.6081044
	20.5083227	39.6088209
	20.5081293	39.6095222
	20.5074044	39.6119773
	20.5069623	39.6129998
	20.5065533	39.6136496
	20.5062139	39.6143194
	20.5060254	39.6153856
	20.5060417	39.6161066
	20.5060973	39.6164641
	20.506402	39.6196708
	20.5064173	39.6253863
	20.5064657	39.6271847
	20.5054319	39.6285182
	20.5052362	39.6288411
	20.5051217	39.6291889
	20.5046759	39.6313237
	20.5023479	39.6343295
	20.5019099	39.6344514
	20.4987855	39.6366224
	20.4986643	39.6367088
	20.4985146	39.6368439
	20.4978025	39.6375655
	20.4976362	39.6377722
	20.4975173	39.6380703
	20.4974091	39.6384093
	20.4973785	39.6387597
	20.4974725	39.6392129
	20.4977008	39.63958
	20.4980506	39.640113
	20.4982803	39.6404532
	20.4985506	39.6407631
	20.5003708	39.6423898
	20.5013109	39.6431792
	20.5063147	39.6469464
	20.5072761	39.6481823
	20.5076056	39.6488542
	20.5078886	39.6499121
	20.5078219	39.6513512
	20.5078921	39.6517046
	20.5080748	39.6520344
	20.5083659	39.6523269
	20.5087653	39.6524695
	20.5091965	39.6523504
	20.5092847	39.6521834
	20.5094188	39.6520027
	20.5095515	39.6517907
	20.5096914	39.6515951
	20.5098566	39.6514056
	20.5100054	39.651258
	20.5102001	39.6510616
	20.5103429	39.6509076
	20.5104628	39.6507544
	20.5106215	39.6506271
	20.5108375	39.6505045
	20.5111217	39.6503847
	20.5113465	39.6503188
	20.5115388	39.6502261
	20.5116752	39.6501389
	20.5117955	39.6500114
	20.5118935	39.6498534
	20.511981	39.6496752
	20.5120078	39.6495761
	20.5120347	39.6494439
	20.512099	39.6492663
	20.5121398	39.6491003
	20.5121795	39.6488946
	20.5122149	39.6486253
	20.5122042	39.6484105
	20.5121774	39.6481751
	20.512113	39.648142
	20.5120347	39.6481015
	20.5119574	39.6480346
	20.5118469	39.647862
	20.5117289	39.6477133
	20.5116141	39.6475844
	20.5115411	39.6474613
	20.5114961	39.6473283
	20.5114821	39.6471515
	20.5115068	39.6470144
	20.5115411	39.6468583
	20.5115712	39.6466922
	20.5116538	39.6465402
	20.511775	39.6464402
	20.5119467	39.6463824
	20.5121023	39.6463742
	20.5123357	39.6463783
	20.512546	39.6463763
	20.512775	39.6464411
	20.5129659	39.646527
	20.5131236	39.6466311
	20.5132824	39.6467913
	20.5134594	39.646969
	20.5136472	39.6471837
	20.5138156	39.6473663
	20.5139959	39.6475142
	20.5141643	39.6476389
	20.5143392	39.6477496
	20.5145345	39.6478455
	20.5147255	39.6479314
	20.5149239	39.6479933
	20.5151331	39.6480346
	20.5153585	39.6480677
	20.5156074	39.6480685
	20.5159382	39.6480512
	20.5161899	39.6480388
	20.5164979	39.6480189
	20.5167639	39.648014
	20.5171056	39.6480491
	20.5172796	39.6480888
	20.5174129	39.6481294
	20.5174989	39.6481544
	20.5176705	39.6482205
	20.5178154	39.6483155
	20.5179656	39.6484064
	20.5181211	39.648489
	20.5182928	39.6485757
	20.5184484	39.6486377
	20.5186168	39.6486922
	20.5187917	39.6487533
	20.5189902	39.6488401
	20.5191726	39.6489557
	20.5193549	39.6490962
	20.5195266	39.6492159
	20.5197036	39.6493316
	20.519856	39.6494563
	20.5200362	39.6495794
	20.5202401	39.6497405
	20.5205083	39.6499594
	20.5207014	39.6501411
	20.5209128	39.6503402
	20.5210737	39.6504807
	20.5213291	39.6506987
	20.521637	39.6509556
	20.5219352	39.6512192
	20.5221766	39.6514298
	20.5224395	39.6516652
	20.5226219	39.6518015
	20.5228311	39.6519172
	20.5230424	39.652013
	20.5232388	39.65207
	20.5233675	39.6521402
	20.5234909	39.6522022
	20.5236197	39.6522476
	20.5237216	39.6522517
	20.5238396	39.6522228
	20.5239308	39.6521733
	20.524081	39.6521113
	20.524228	39.6520667
	20.524497	39.6520297
	20.5247569	39.6519874
	20.5250573	39.6519213
	20.5253685	39.6518717
	20.5256045	39.6518594
	20.5259264	39.6518717
	20.5262643	39.6519089
	20.5265486	39.6519585
	20.5268383	39.6520204
	20.5270743	39.6520906
	20.5272836	39.6521733
	20.527482	39.6522806
	20.5276805	39.6524335
	20.5278897	39.6525945
	20.5280507	39.6527226
	20.5282084	39.6528473
	20.5283371	39.6529671
	20.528453	39.6531026
	20.5285678	39.6532355
	20.5286729	39.6534082
	20.5287588	39.6535445
	20.5288392	39.6536849
	20.5289648	39.6538675
	20.5290721	39.6540203
	20.5291557	39.6541847
	20.5292362	39.6543168
	20.5293059	39.6544407
	20.5293757	39.6545646
	20.529424	39.6546761
	20.5294293	39.6548
	20.5293918	39.6549446
	20.5293081	39.655123
	20.5292008	39.6552717
	20.5290989	39.6553873
	20.5289875	39.6555045
	20.5288521	39.6556145
	20.5286965	39.6556806
	20.5285302	39.6557301
	20.5283371	39.6557673
	20.5280614	39.6557954
	20.527761	39.6558119
	20.5275486	39.6558375
	20.5273769	39.6558623
	20.5272482	39.6558623
	20.5271226	39.6558615
	20.5270121	39.6558871
	20.5269263	39.6559077
	20.5268136	39.6559201
	20.526613	39.6559317
	20.5264381	39.6559366
	20.5262911	39.6559523
	20.5261216	39.6559738
	20.5259532	39.6559977
	20.5257193	39.6560564
	20.5255047	39.6561101
	20.525347	39.6561629
	20.5251539	39.656229
	20.5249769	39.656291
	20.5248181	39.6563496
	20.5247054	39.6564157
	20.5245874	39.6564942
	20.5244458	39.6565801
	20.5242995	39.656666
	20.52411	39.6567626
	20.5239465	39.6568769
	20.5238149	39.6570104
	20.5236969	39.6571384
	20.5235574	39.65725
	20.5233944	39.6573524
	20.5232173	39.6574391
	20.5230049	39.6574978
	20.5227957	39.6575349
	20.5225253	39.6575671
	20.5222378	39.6575845
	20.5219138	39.657596
	20.5216357	39.6576083
	20.521455	39.6576356
	20.5212892	39.6576607
	20.5211434	39.6577001
	20.5210321	39.6577492
	20.520902	39.6578447
	20.5208021	39.6579419
	20.5206907	39.6580792
	20.5206102	39.6582114
	20.5205802	39.6583155
	20.5205856	39.6584471
	20.5206156	39.6586079
	20.5206263	39.6587648
	20.5206177	39.658935
	20.5205735	39.6590877
	20.5205244	39.6592108
	20.5204675	39.6594099
	20.5204493	39.659599
	20.5204707	39.6597642
	20.5204622	39.6599674
	20.5204246	39.6601532
	20.5203849	39.6603424
	20.5203688	39.66052
	20.5203688	39.6607306
	20.520401	39.6609371
	20.5204761	39.661189
	20.5205566	39.6614037
	20.5206531	39.661635
	20.5207604	39.6618662
	20.5208731	39.6620397
	20.5210233	39.6622875
	20.5211735	39.6625187
	20.5213022	39.66275
	20.5214363	39.6629606
	20.5215243	39.6630647
	20.5216295	39.6631258
	20.5217314	39.6631629
	20.5218333	39.6631795
	20.5219352	39.6631795
	20.5220318	39.6631753
	20.5221659	39.6631547
	20.5222737	39.6631263
	20.5225575	39.6630514
	20.5227614	39.6629895
	20.5230188	39.6629234
	20.5232763	39.662845
	20.5234609	39.6627797
	20.5236894	39.6627046
	20.5238825	39.6626344
	20.5240756	39.6625683
	20.5242419	39.662527
	20.5244441	39.662488
	20.5246901	39.6624218
	20.524832	39.6623699
	20.5250197	39.6623658
	20.525127	39.6623741
	20.5252772	39.6623988
	20.5254006	39.6624525
	20.5255401	39.6625145
	20.5256313	39.6625971
	20.5256903	39.6627168
	20.5257386	39.6628861
	20.5257493	39.6629935
	20.5257761	39.6631504
	20.5258083	39.6632908
	20.5258298	39.6633817
	20.5258727	39.6635716
	20.5259049	39.6636625
	20.5259639	39.6637988
	20.5260122	39.6639309
	20.5260712	39.6640631
	20.5261302	39.6642076
	20.5261677	39.6643191
	20.5261999	39.6644223
	20.5262214	39.6645214
	20.5262697	39.6646412
	20.5263555	39.6647775
	20.5264252	39.664889
	20.5265325	39.6650252
	20.5266344	39.6651161
	20.5267417	39.6651987
	20.5268705	39.6652854
	20.5269778	39.6653804
	20.5270636	39.6654506
	20.5271923	39.6655373
	20.5273104	39.6656116
	20.5274659	39.6656983
	20.5275786	39.6657685
	20.527718	39.6658387
	20.5278843	39.6658718
	20.5280399	39.6658842
	20.5282116	39.6658635
	20.5283779	39.6658057
	20.5285745	39.665768
	20.5286718	39.6657607
	20.5287319	39.6657561
	20.52888	39.665769
	20.5291225	39.6658098
	20.5292684	39.6658553
	20.5294132	39.6659255
	20.529558	39.6660287
	20.5297029	39.6661443
	20.5297512	39.6662475
	20.5297673	39.6663879
	20.529778	39.666582
	20.5297673	39.6667266
	20.529719	39.6668546
	20.5296471	39.6669921
	20.529529	39.6671366
	20.5293917	39.6672592
	20.5292469	39.6673873
	20.5291074	39.6675277
	20.5290001	39.6676515
	20.5288982	39.6678002
	20.528807	39.6679199
	20.5286997	39.6680397
	20.5286139	39.668209
	20.5285745	39.668344
	20.5285173	39.6684733
	20.5284691	39.6685724
	20.5284726	39.6686909
	20.5285013	39.6687995
	20.5285603	39.6689399
	20.5285978	39.6690968
	20.5286067	39.6692029
	20.5286496	39.6693144
	20.5286925	39.6694094
	20.5287373	39.6695345
	20.5287837	39.6696695
	20.5288481	39.6697645
	20.5289178	39.6698677
	20.5289875	39.6699709
	20.5290484	39.6701126
	20.5291109	39.6702063
	20.529186	39.670293
	20.529245	39.6703715
	20.5293435	39.6705007
	20.529406	39.6706109
	20.529465	39.6707059
	20.5295669	39.6707802
	20.5296956	39.6708504
	20.529837	39.670893
	20.5300121	39.6709371
	20.5301409	39.6709578
	20.5302482	39.6709702
	20.5303734	39.6709838
	20.5305183	39.6710581
	20.5305826	39.671087
	20.5306738	39.6711242
	20.5307543	39.6711448
	20.530808	39.6711696
	20.5308455	39.6712316
	20.530867	39.6712894
	20.5308723	39.6713843
	20.5309045	39.6714958
	20.5309099	39.6716032
	20.5308777	39.6717188
	20.5308114	39.6718084
	20.5307919	39.6719005
	20.5307758	39.6719665
	20.5307114	39.6720367
	20.5306417	39.6720904
	20.5305612	39.6720945
	20.5304593	39.6720821
	20.5303734	39.6720574
	20.5302501	39.6720037
	20.5301857	39.6719748
	20.5300891	39.6719211
	20.5300462	39.6718674
	20.5299818	39.6717931
	20.5299282	39.6717394
	20.529837	39.671694
	20.529778	39.6716569
	20.5296439	39.6716197
	20.5295849	39.6715949
	20.529499	39.6715743
	20.529322	39.6715536
	20.529204	39.6715206
	20.5291021	39.6715082
	20.5282383	39.6712754
	20.5273124	39.6711982
	20.5268639	39.6712928
	20.5264354	39.6714376
	20.5256204	39.6717825
	20.5246517	39.6725596
	20.5179908	39.6785658
	20.5162182	39.6802149
	20.5140376	39.6826219
	20.5119282	39.6849903
	20.5096115	39.6881047
	20.509148	39.6887302
	20.5085622	39.6897124
	20.507214	39.692392
	20.5060571	39.6955051
	20.505841	39.6962057
	20.5054731	39.698658
	20.5054004	39.6990116
	20.5046974	39.7003415
	20.5044852	39.7006548
	20.5033111	39.7017723
	20.5016961	39.7035251
	20.5009423	39.7044346
	20.500047	39.705583
	20.4994127	39.7062394
	20.499408	39.7152868
	20.4994195	39.7158276
	20.4997023	39.7161154
	20.5003853	39.7166043
	20.5010831	39.7170667
	20.5017976	39.7175386
	20.5022331	39.7177589
	20.5024944	39.7180551
	20.5026234	39.7184012
	20.5027184	39.7187508
	20.5026321	39.7194688
	20.5025291	39.7198215
	20.5022794	39.7201202
	20.501948	39.7203759
	20.5008334	39.7210178
	20.5007354	39.7213706
	20.5004974	39.7224893
	20.4993927	39.7222713
	20.499346	39.7222654
	20.4979435	39.722124
	20.4971817	39.7220515
	20.4969588	39.7220312
	20.4929883	39.7219337
	20.4924735	39.7219452
	20.4920581	39.7219551
	20.4909112	39.7220781
	20.486343	39.7227954
	20.4802932	39.7235126
	20.4813669	39.7244279
	20.4814408	39.7245445
	20.4815704	39.7247493
	20.4816646	39.7251035
	20.4817097	39.7254561
	20.4814784	39.7257688
	20.4811051	39.7259872
	20.4806889	39.7261502
	20.4789181	39.7266053
	20.4785577	39.7268241
	20.4780644	39.7274351
	20.478085	39.7277915
	20.478281	39.7281172
	20.4794219	39.7287373
	20.4802482	39.7290686
	20.4806173	39.729287
	20.4809457	39.7295446
	20.4831685	39.7325033
	20.4833977	39.732821
	20.4835657	39.7331549
	20.4841316	39.7352707
	20.4842037	39.7356241
	20.4840312	39.7394019
	20.4832235	39.7422101
	20.4831778	39.742569
	20.4832173	39.742926
	20.4837178	39.744684
	20.4838493	39.7450302
	20.4840643	39.7453475
	20.4843549	39.745631
	20.4851035	39.746059
	20.4858038	39.7465351
	20.4864119	39.7470759
	20.4865682	39.7474139
	20.486766	39.748118
	20.4870497	39.7492389
	20.4867013	39.7498949
	20.4868307	39.7504483
	20.4873375	39.7521119
	20.487456	39.7523317
	20.4876013	39.7525072
	20.4876177	39.7525257
	20.4878105	39.7527027
	20.4878634	39.7527313
	20.4912309	39.7555309
	20.4914205	39.7558564
	20.4918581	39.7570315
	20.4919013	39.757258
	20.4918231	39.757742
	20.4917156	39.7579729
	20.4915497	39.7581841
	20.4873201	39.7630099
	20.487095	39.7631472
	20.4869958	39.763188
	20.4868707	39.7632394
	20.4850653	39.7633559
	20.4840364	39.7634147
	20.4822619	39.7633789
	20.4755872	39.7628789
	20.4748414	39.7629463
	20.4745124	39.7629904
	20.4731242	39.7632544
	20.4727659	39.7633245
	20.4708678	39.7638342
	20.4698211	39.7641716
	20.4688478	39.7645833
	20.467202	39.7653168
	20.4661841	39.7657091
	20.4654517	39.765948
	20.4646144	39.7661837
	20.4616114	39.7669567
	20.4608935	39.7670969
	20.4598782	39.7672551
	20.4588187	39.7673848
	20.4579534	39.7674394
	20.4559994	39.7675328
	20.4551351	39.7675244
	20.4533765	39.7674256
	20.452304	39.7673117
	20.4511423	39.767114
	20.4499968	39.7668988
	20.4496241	39.7668154
	20.4484344	39.7664817
	20.4458174	39.765762
	20.4428274	39.7649677
	20.4421736	39.7648126
	20.4414441	39.7646551
	20.4406846	39.7645597
	20.4400109	39.7645255
	20.4399235	39.7646534
	20.4393199	39.7654275
	20.4378415	39.7673186
	20.4376304	39.7675643
	20.4371342	39.7680444
	20.4364128	39.7686347
	20.4361117	39.7688596
	20.4358422	39.7689684
	20.4353334	39.769286
	20.4329034	39.7708415
	20.4322577	39.771299
	20.4318077	39.7716274
	20.4311908	39.7721128
	20.4305895	39.7726348
	20.4302574	39.7730749
	20.4301211	39.7732958
	20.4296949	39.7742014
	20.4293896	39.7749846
	20.4292505	39.7755297
	20.4292574	39.7763856
	20.4294817	39.7779417
	20.4296102	39.7785041
	20.4297603	39.7788555
	20.4292766	39.7791063
	20.4290372	39.779243
	20.427956	39.7800383
	20.42746	39.7804644
	20.4268569	39.7810402
	20.4261941	39.7818034
	20.42556	39.7825945
	20.4252135	39.7829981
	20.424973	39.7831798
	20.4247787	39.7832999
	20.4245389	39.7834006
	20.4242845	39.7834649
	20.4222518	39.7839425
	20.4216101	39.7840488
	20.4171163	39.7845495
	20.4165933	39.7845964
	20.4160266	39.7846059
	20.4153412	39.7845847
	20.4148498	39.7845154
	20.4139713	39.7842811
	20.4135709	39.7841246
	20.4133188	39.7840087
	20.4126346	39.7837624
	20.4119358	39.7835966
	20.4113535	39.7835696
	20.4106975	39.7835673
	20.4101302	39.7836128
	20.4098313	39.7836576
	20.4095921	39.7837222
	20.4091732	39.7838534
	20.4087992	39.7839949
	20.4078397	39.7845326
	20.4075851	39.7847139
	20.4069377	39.7852432
	20.4059453	39.7860951
	20.4054789	39.786531
	20.4052527	39.7867491
	20.4033859	39.7885646
	20.4029337	39.789109
	20.4027675	39.789275
	20.4024377	39.7895079
	20.4020647	39.7894964
	20.4018265	39.7894529
	20.4014995	39.7893437
	20.4008914	39.7890276
	20.4003116	39.7887934
	20.3998652	39.7886444
	20.3984968	39.7882687
	20.3977677	39.78812
	20.397172	39.7880384
	20.3966057	39.7879937
	20.395816	39.7879602
	20.3943548	39.7879508
	20.3933987	39.7880381
	20.3926361	39.7881765
	20.3923101	39.7882564
	20.3910565	39.7885251
	20.3897706	39.7877905
	20.3869396	39.7875457
	20.3850793	39.7871337
	20.3842215	39.7864361
	20.3837299	39.7858206
	20.3825249	39.7847419
	20.3823739	39.7846068
	20.3815297	39.7845256
	20.3805341	39.7846927
	20.3787157	39.7851618
	20.3768001	39.7853814
	20.375381	39.785661
	20.3735709	39.786393
	20.3720828	39.7871679
	20.3702862	39.7877819
	20.3683854	39.7884883
	20.3668781	39.7894754
	20.3659414	39.7902135
	20.3649621	39.7908386
	20.3643353	39.7915784
	20.3637783	39.7922256
	20.3625844	39.7928295
	20.3617743	39.7928914
	20.3616039	39.7936169
	20.3610092	39.794609
	20.3597461	39.795239
	20.3584478	39.7959485
	20.3574593	39.796673
	20.3571761	39.7969861
	20.3569616	39.797821
	20.3569685	39.7989359
	20.3567399	39.7994389
	20.3557359	39.7999775
	20.3544742	39.8004349
	20.3531033	39.8010303
	20.3518402	39.8016337
	20.3507135	39.8023972
	20.349382	39.8029471
	20.3481121	39.8038389
	20.3465059	39.8042944
	20.3450398	39.8044985
	20.344037	39.804891
	20.3429341	39.8049511
	20.3414229	39.8051444
	20.3399033	39.8055339
	20.3384188	39.8058572
	20.3382216	39.805976
	20.3365983	39.8061073
	20.3349941	39.8063637
	20.3330841	39.8067901
	20.3313577	39.8070926
	20.3300632	39.8077012
	20.3293473	39.8083532
	20.328309	39.8087846
	20.3270285	39.8091052
	20.3259068	39.8097704
	20.3251951	39.8099693
	20.3246465	39.8100911
	20.3234601	39.8100358
	20.3228116	39.8100007
	20.320364	39.8094084
	20.3183377	39.8092716
	20.3169389	39.8092477
	20.3159409	39.8096949
	20.3150349	39.8101998
	20.3148074	39.8106514
	20.3146794	39.8112911
	20.3142087	39.8117257
	20.3135374	39.8119405
	20.3125796	39.8124191
	20.3112774	39.8128643
	20.3101738	39.8137326
	20.3093852	39.8147223
	20.3085911	39.8150456
	20.3075105	39.8156328
	20.3062268	39.8162499
	20.3047013	39.8167094
	20.3041458	39.8167061
	20.3039104	39.8167047
	20.3031643	39.8162941
	20.3032554	39.8151891
	20.3032478	39.8150713
	20.3032028	39.8143765
	20.3032129	39.8133769
	20.3027143	39.8125459
	20.3011553	39.8111832
	20.2995847	39.8100959
	20.2974856	39.8090382
	20.2970429	39.8088152
	20.2941508	39.8070103
	20.2929804	39.8064564
	20.290717	39.8057396
	20.2897097	39.8051086
	20.289655	39.8047551
	20.2898435	39.8041626
	20.2903175	39.8034157
	20.2905304	39.8024329
	20.2906876	39.8013162
	20.2911005	39.8005845
	20.2918596	39.7997144
	20.2934055	39.7980912
	20.2947136	39.7970525
	20.2964971	39.7951107
	20.2987911	39.7933481
	20.2994304	39.7922741
	20.2997617	39.7915888
	20.3003166	39.7908423
	20.3008496	39.7902519
	20.3020759	39.7894683
	20.3026702	39.7888314
	20.303669	39.788275
	20.3046466	39.7878123
	20.304838	39.786923
	20.3051011	39.7852427
	20.3052666	39.7849157
	20.3054982	39.7840579
	20.306566	39.782674
	20.3073715	39.7812479
	20.3075013	39.7804364
	20.3072874	39.7795291
	20.3063515	39.7777183
	20.3057903	39.7770901
	20.3041462	39.7753307
	20.3025536	39.7736397
	20.3005791	39.7725031
	20.299174	39.7711669
	20.2971328	39.769723
	20.2966326	39.7690951
	20.2957333	39.7678556
	20.2947057	39.767287
	20.2929465	39.766917
	20.2924849	39.7664768
	20.2928417	39.765611
	20.2938116	39.7638986
	20.2946441	39.7612373
	20.2946766	39.7600346
	20.2950257	39.7583568
	20.2950437	39.7565917
	20.2951557	39.7557498
	20.2951973	39.7554367
	20.2959671	39.7554414
	20.2970246	39.7550572
	20.2986758	39.7549181
	20.3004863	39.7541948
	20.3016475	39.7535613
	20.3030116	39.7528978
	20.3036869	39.7522302
	20.3045673	39.7513138
	20.3049997	39.7506134
	20.3050514	39.7495085
	20.3051343	39.745784
	20.3057219	39.7452774
	20.3069519	39.744217
	20.3106393	39.7419545
	20.3142086	39.7403326
	20.3182298	39.7382367
	20.3206585	39.7365788
	20.3218302	39.7354317
	20.3220807	39.7347973
	20.321956	39.732519
	20.3217755	39.7291266
	20.3193746	39.7279822
	20.3162077	39.7271157
	20.3122298	39.7265596
	20.3115579	39.7265792
	20.3089114	39.7225362
	20.3078123	39.72202
	20.3058589	39.7189232
	20.3054074	39.7182846
	20.3048584	39.7182342
	20.3030341	39.7174932
	20.3023389	39.716806
	20.3013806	39.7149633
	20.3000309	39.7143229
	20.2979905	39.7138396
	20.296463	39.7139481
	20.2952089	39.7141995
	20.2951128	39.7146464
	20.2936435	39.7150378
	20.2928496	39.7150566
	20.2915427	39.7144834
	20.2899661	39.7134375
	20.2892323	39.7135508
	20.2874967	39.7131162
	20.2871672	39.7125019
	20.285226	39.7122007
	20.2842826	39.7119123
	20.2836785	39.7112963
	20.2836252	39.7105423
	20.2836301	39.7100713
	20.2829347	39.7094312
	20.2811162	39.7081717
	20.2802694	39.7074128
	20.2796371	39.7065846
	20.2788826	39.7057557
	20.2779216	39.7042424
	20.2774956	39.7029267
	20.2781446	39.7021535
	20.2787005	39.7015211
	20.2761856	39.6997627
	20.273759	39.6983345
	20.2703539	39.6970885
	20.2669069	39.6958943
	20.2660569	39.695465
	20.2650668	39.6938573
	20.2644767	39.6919459
	20.2643444	39.6900374
	20.2641391	39.6882527
	20.2640386	39.6862267
	20.2634156	39.6845506
	20.2640763	39.6826708
	20.264409	39.6812399
	20.2648759	39.6803714
	20.2645217	39.6792387
	20.264591	39.678462
	20.264629	39.6777557
	20.263909	39.6765971
	20.263826	39.6757959
	20.2646059	39.6741758
	20.2644568	39.6728871
	20.2646853	39.6714755
	20.2634025	39.6716087
	20.2611673	39.6723717
	20.2592426	39.6726185
	20.2582506	39.6740959
	20.257296	39.6749141
	20.2560429	39.675118
	20.2544565	39.6751078
	20.2535108	39.6751018
	20.2522181	39.6761532
	20.250639	39.6775534
	20.2498956	39.6785848
	20.2491099	39.6806993
	20.2485739	39.681638
	20.2468225	39.6826268
	20.245576	39.6827986
	20.2412428	39.6841507
	20.2368188	39.6844569
	20.231394	39.685131
	20.2308251	39.6832014
	20.2302414	39.6828427
	20.2296317	39.6825231
	20.229818	39.6818539
	20.2296485	39.6810049
	20.2291987	39.6800949
	20.2294573	39.6798205
	20.2313325	39.6789259
	20.2315912	39.6786319
	20.2307479	39.6779018
	20.229888	39.6771074
	20.2294607	39.6764736
	20.2289902	39.6751296
	20.2289075	39.6733741
	20.2288126	39.6727228
	20.228258	39.6720487
	20.2270788	39.6711026
	20.2261371	39.6707809
	20.2242003	39.6703538
	20.2228263	39.6698517
	20.2219635	39.6693332
	20.2205253	39.6677264
	20.2199134	39.6661693
	20.2194249	39.6657526
	20.2190205	39.6654944
	20.2186301	39.66509
	20.2186152	39.6648267
	20.2187814	39.6644122
	20.2197247	39.663518
	20.220071	39.6630516
	20.2200916	39.6628162
	20.2202558	39.6625818
	20.2207268	39.662197
	20.2211258	39.6618256
	20.2213093	39.6614666
	20.2215533	39.6605124
	20.2218866	39.6596002
	20.2221609	39.6591449
	20.2224157	39.6588279
	20.2232701	39.6583365
	20.2240135	39.6576626
	20.2243786	39.6571109
	20.2247293	39.6562404
	20.22508	39.6553699
	20.2255278	39.6545731
	20.2257651	39.6542145
	20.2259941	39.652983
	20.2260865	39.6527481
	20.2263389	39.652639
	20.2267161	39.6526138
	20.2273087	39.6525761
	20.228011	39.6523591
	20.2286797	39.6519341
	20.228919	39.6513954
	20.228996	39.6509249
	20.2287308	39.6501219
	20.2282522	39.6495923
	20.227613	39.6489785
	20.2267774	39.6482802
	20.2259751	39.6478177
	20.2248131	39.647422
	20.2237923	39.647249
	20.2226704	39.6469919
	20.2217407	39.6466947
	20.2210276	39.6462743
	20.2207412	39.646217
	20.2204182	39.6462148
	20.2198609	39.646308
	20.2186366	39.6466739
	20.2170522	39.6471481
	20.2159557	39.6473208
	20.2152644	39.6472538
	20.2131019	39.646491
	20.2117587	39.6462602
	20.2108104	39.6460183
	20.20986	39.6459703
	20.208352	39.6460293
	20.2060003	39.646124
	20.2046769	39.6460613
	20.2025445	39.6458111
	20.2013978	39.6456647
	20.2003951	39.6454777
	20.1991798	39.6450537
	20.1985705	39.6449941
	20.1979955	39.6450594
	20.1971859	39.6452477
	20.1962045	39.6452585
	20.1935534	39.6448661
	20.1930331	39.6448625
	20.1922429	39.6449263
	20.1913972	39.6451282
	20.1905678	39.6454688
	20.1897008	39.6459615
	20.1886535	39.6465222
	20.1876254	39.6469722
	20.1867667	39.647203
	20.1859551	39.6475575
	20.1852508	39.6479405
	20.1843838	39.6484193
	20.1834635	39.6488562
	20.1822407	39.6490831
	20.1809657	39.6491572
	20.1800862	39.6491788
	20.1792793	39.6491315
	20.1787421	39.6490307
	20.1781521	39.6488464
	20.1775426	39.6488006
	20.1760931	39.6487539
	20.1754475	39.6487216
	20.1748913	39.6487177
	20.1741553	39.6487402
	20.172539	39.6488534
	20.1707404	39.6492007
	20.1689053	39.6496032
	20.1672029	39.6499294
	20.165225	39.6502615
	20.1626878	39.650839
	20.1612348	39.6510352
	20.1608717	39.6511313
	20.1605028	39.6512641
	20.1602808	39.6513799
	20.1596806	39.6517615
	20.1581331	39.6528234
	20.1579666	39.6529194
	20.157302	39.6532884
	20.1565072	39.6537121
	20.1555703	39.6540239
	20.1542382	39.6543606
	20.1528152	39.6547935
	20.1519926	39.6550239
	20.1511998	39.6552814
	20.15048	39.6554424
	20.1501027	39.6554812
	20.1498518	39.6554516
	20.1492991	39.6551566
	20.148852	39.6550287
	20.1479379	39.6549389
	20.1465748	39.6548734
	20.1448713	39.6547639
	20.1419345	39.654644
	20.1403741	39.654577
	20.1386347	39.6544672
	20.1367873	39.6543842
	20.1352812	39.654276
	20.134463	39.6543176
	20.1326268	39.654775
	20.1311695	39.6550688
	20.1290993	39.6555798
	20.1273883	39.6560657
	20.1259298	39.6564565
	20.1249553	39.6568786
	20.1242762	39.65728
	20.1235753	39.6576585
	20.1232404	39.6577275
	20.1227725	39.6578068
	20.1220752	39.6580081
	20.121352	39.6582766
	20.1207193	39.6586005
	20.1198099	39.6591571
	20.1192555	39.6597085
	20.1188531	39.6602279
	20.118719	39.6604069
	20.1182588	39.6607164
	20.1176247	39.6611499
	20.1167459	39.6616911
	20.1158679	39.6621618
	20.1148189	39.6628259
	20.1142663	39.6632208
	20.1136021	39.6636305
	20.1131823	39.6639482
	20.1129764	39.6641971
	20.112757	39.6646963
	20.1124704	39.665359
	20.1119953	39.6658239
	20.1112157	39.6661621
	20.1104215	39.6665372
	20.1101148	39.6666644
	20.1097486	39.6666616
	20.1092006	39.6665632
	20.1086072	39.6664409
	20.1075254	39.6663266
	20.1063813	39.6663178
	20.1055571	39.6663468
	20.1048509	39.6666828
	20.1044029	39.6671151
	20.1038067	39.6683823
	20.1035581	39.6687337
	20.1034194	39.6688386
	20.1028533	39.6689637
	20.1020342	39.6691071
	20.100979	39.6692991
	20.099818	39.6694079
	20.0992052	39.6696033
	20.0989119	39.6698601
	20.0982127	39.6708321
	20.0968063	39.6729862
	20.0956655	39.6750499
	20.0947441	39.6766679
	20.0944921	39.6770893
	20.0944427	39.6773716
	20.0942688	39.6778295
	20.0934523	39.6784237
	20.0925917	39.678888
	20.0921617	39.6790966
	20.0918638	39.6797066
	20.0915426	39.6802415
	20.0910317	39.6808028
	20.0903381	39.6813273
	20.0895378	39.6818391
	20.0886772	39.6823034
	20.0882476	39.6824767
	20.0878805	39.6825445
	20.0875452	39.6825065
	20.0862973	39.6822494
	20.0852016	39.682017
	20.0839224	39.6818185
	20.0831184	39.6817486
	20.0825996	39.6817446
	20.0815947	39.6815717
	20.0809713	39.6814019
	20.0805162	39.6811982
	20.079944	39.6806166
	20.0793373	39.6803409
	20.0784389	39.6801925
	20.0777676	39.6801872
	20.0772164	39.6803241
	20.076548	39.6807034
	20.0759579	39.6810496
	20.0755757	39.6814859
	20.0752068	39.6816832
	20.0731594	39.6827207
	20.0724634	39.6837103
	20.0709699	39.6846993
	20.0707403	39.68507
	20.0701554	39.685744
	20.0694115	39.6863546
	20.0689259	39.68663
	20.0681864	39.6870774
	20.0675028	39.6879787
	20.0667397	39.688582
	20.0655992	39.6894089
	20.0651374	39.6896996
	20.0646484	39.6897427
	20.0639259	39.6896634
	20.0631491	39.6895511
	20.0620979	39.6894131
	20.0612131	39.6893824
	20.0600664	39.689538
	20.0591617	39.6898486
	20.0586475	39.69011
	20.0583192	39.6906844
	20.0581252	39.6914836
	20.0580448	39.6917891
	20.0579516	39.6919061
	20.0575701	39.691903
	20.0570543	39.6916751
	20.0559129	39.6914303
	20.0548627	39.6912216
	20.0541915	39.6911926
	20.0532303	39.6911729
	20.0518411	39.6911969
	20.050606	39.6914469
	20.0496565	39.6916864
	20.0487396	39.6917731
	20.0481741	39.6918274
	20.0477733	39.6921185
	20.04737	39.6925862
	20.0469463	39.6934306
	20.0467228	39.6941471
	20.0464752	39.6943924
	20.0462143	39.6944962
	20.0459546	39.6945176
	20.0456204	39.6943971
	20.045198	39.6940404
	20.0448816	39.6937434
	20.0443739	39.6929266
	20.0441648	39.6925952
	20.0439226	39.6924519
	20.0425692	39.6920875
	20.041357	39.691629
	20.0408858	39.6914955
	20.0403226	39.6913849
	20.0389784	39.691468
	20.0381694	39.6914731
	20.0374328	39.6917614
	20.0363864	39.6923768
	20.0356201	39.692606
	20.0351308	39.6926726
	20.034838	39.6928703
	20.0345893	39.693198
	20.0342288	39.6937237
	20.0340214	39.6943697
	20.0337866	39.6958868
	20.0336323	39.6976242
	20.0335683	39.6983852
	20.0338715	39.699602
	20.0338683	39.6998284
	20.0336512	39.7000941
	20.032929	39.7002322
	20.0317516	39.7004899
	20.0307864	39.7008317
	20.0303327	39.7008485
	20.0299067	39.7007832
	20.0283172	39.6999879
	20.027896	39.6995933
	20.0278677	39.6990212
	20.0278726	39.6986713
	20.028074	39.6976234
	20.0282158	39.6970277
	20.0280064	39.6967379
	20.02737	39.696465
	20.0259346	39.6961031
	20.0248155	39.6960113
	20.0231108	39.6958324
	20.0224162	39.6959088
	20.021879	39.6961719
	20.021371	39.6962499
	20.0208912	39.6962253
	20.0201177	39.6962188
	20.0195286	39.6963784
	20.0185104	39.6966991
	20.0180833	39.6967161
	20.0177102	39.6966924
	20.0164413	39.695879
	20.0154629	39.6952738
	20.0143491	39.6948116
	20.0127845	39.6941603
	20.0119811	39.6936868
	20.0113205	39.693249
	20.0095447	39.6924518
	20.0091238	39.6914775
	20.0088183	39.6904473
	19.99928	39.6696092
	19.9803798	39.6501724
END
END
