3333127
1
	-3.0764221	53.7731791
	-3.067742	53.7746394
	-3.061245	53.7757731
	-3.0600234	53.7759901
	-3.0584169	53.7762728
	-3.0573988	53.7764563
	-3.056791	53.7765758
	-3.0565356	53.7766351
	-3.0549697	53.7769026
	-3.0534654	53.7771606
	-3.0496948	53.7778088
	-3.0460169	53.7784727
	-3.0421482	53.7791598
	-3.0346048	53.7805244
	-3.0328177	53.780846
	-3.0288114	53.7731016
	-3.021593	53.774246
	-3.0157983	53.7751358
	-3.0157978	53.7748241
	-3.0156219	53.7746519
	-3.0154688	53.7745655
	-3.0152798	53.7745348
	-3.0115683	53.7743979
	-3.0096724	53.7743727
	-3.005761	53.7744045
	-2.9998085	53.774455
	-2.9964812	53.7744897
	-2.9966596	53.7746561
	-2.9964203	53.7747677
	-2.9978974	53.7768042
	-2.9981812	53.7771254
	-2.9996897	53.7791994
	-3.0007031	53.7806042
	-3.0001555	53.7808287
	-3.0010244	53.7816798
	-3.0014457	53.7816151
	-3.0023548	53.7828935
	-3.004963	53.7863461
	-3.0061122	53.7879727
	-3.0039969	53.7878037
	-3.0041651	53.78951
	-3.0041368	53.7900515
	-3.0039733	53.7911333
	-3.0038931	53.791325
	-3.0037092	53.79137
	-3.0030821	53.7911066
	-3.0021254	53.7917043
	-3.0014526	53.7920055
	-3.001335	53.7920644
	-3.0022059	53.7927415
	-3.0009445	53.7931363
	-2.9995007	53.7935133
	-2.9993929	53.7941433
	-2.9993174	53.7943286
	-2.9978867	53.7942728
	-2.9959214	53.7941664
	-2.9948832	53.7940556
	-2.9938795	53.7939266
	-2.9925348	53.793784
	-2.9921878	53.7937641
	-2.9911766	53.7936913
	-2.9904446	53.7936466
	-2.9898456	53.7936431
	-2.9880126	53.7936696
	-2.9833444	53.7937847
	-2.9841548	53.794362
	-2.9843947	53.7945834
	-2.9848061	53.7950962
	-2.9859617	53.7971697
	-2.9862391	53.7978162
	-2.9864485	53.7981065
	-2.9868989	53.7986399
	-2.9876728	53.799271
	-2.988285	53.7996938
	-2.9895255	53.8004434
	-2.9881605	53.801379
	-2.986677	53.8021641
	-2.9920124	53.8081098
	-2.9923116	53.8081945
	-2.9927423	53.8092416
	-2.9929362	53.8097503
	-2.993195	53.8101654
	-2.9934936	53.8109162
	-2.9934374	53.8109846
	-2.9936271	53.8114678
	-2.9937863	53.8116912
	-2.9939806	53.8121663
	-2.9938061	53.8121971
	-2.9936377	53.8124143
	-2.9935311	53.81267
	-2.9935552	53.8129115
	-2.9938584	53.8135082
	-2.9945118	53.814492
	-2.9948237	53.814991
	-2.9946858	53.8152214
	-2.9945075	53.8154239
	-2.9943097	53.8155227
	-2.9940896	53.8156327
	-2.9933047	53.8158852
	-2.9938315	53.8164029
	-2.9939921	53.8166246
	-2.9940814	53.8167982
	-2.9942848	53.8170472
	-2.9941599	53.8171084
	-2.9944002	53.8175766
	-2.9945121	53.8176485
	-2.9946141	53.8177496
	-2.9950131	53.8184715
	-2.9953184	53.8184724
	-2.9956508	53.8186764
	-2.9956574	53.8187502
	-2.9957499	53.8187735
	-2.9965526	53.8189756
	-2.9975828	53.8189717
	-2.998232	53.8189897
	-2.9985512	53.8203881
	-2.9999857	53.8200437
	-3.000733	53.8206436
	-3.0010292	53.8208129
	-3.0017099	53.821451
	-3.0021177	53.8217994
	-3.002243	53.8219077
	-3.0027737	53.8231704
	-3.0045473	53.8236804
	-3.0056889	53.8241682
	-3.0061364	53.8243635
	-3.0066601	53.8244674
	-3.007293	53.8245003
	-3.0081554	53.8246042
	-3.0087861	53.8245963
	-3.009029	53.824616
	-3.0094769	53.8246844
	-3.0096665	53.8247225
	-3.0101031	53.8248449
	-3.0104586	53.8250082
	-3.0111349	53.825325
	-3.011672	53.8255756
	-3.0106581	53.8261791
	-3.0105249	53.8262569
	-3.0104628	53.826205
	-3.0100484	53.8264289
	-3.0102873	53.8266661
	-3.0106449	53.826975
	-3.0114474	53.8274872
	-3.0118941	53.8275781
	-3.0120667	53.8276906
	-3.0129307	53.8284826
	-3.0133244	53.8289867
	-3.0137724	53.8291889
	-3.0134704	53.8292925
	-3.0130735	53.8293933
	-3.0124974	53.8294059
	-3.012109	53.8294966
	-3.0119042	53.8296829
	-3.0118828	53.8298693
	-3.0113835	53.8302018
	-3.0108342	53.8305113
	-3.0098685	53.8302698
	-3.0094374	53.8302723
	-3.0091771	53.8303026
	-3.009096	53.8303051
	-3.0088058	53.8303605
	-3.0087418	53.8305217
	-3.0085839	53.8306527
	-3.0084857	53.8307081
	-3.0083492	53.8308214
	-3.0083022	53.8309902
	-3.0082467	53.8310531
	-3.0082425	53.831378
	-3.0081863	53.8315484
	-3.0080077	53.831776
	-3.0077261	53.8323074
	-3.0072054	53.8328816
	-3.0073889	53.8331285
	-3.0074743	53.8337933
	-3.0076535	53.8340326
	-3.0079864	53.8342416
	-3.0083833	53.8344683
	-3.0087589	53.8346144
	-3.0091174	53.8347151
	-3.0097554	53.834981
	-3.0098898	53.8350652
	-3.0099624	53.8351281
	-3.0100178	53.8353019
	-3.0100264	53.8354329
	-3.0099709	53.835589
	-3.009988	53.8357603
	-3.0099752	53.8360222
	-3.0100691	53.8362715
	-3.0101245	53.8363747
	-3.0102472	53.8365231
	-3.0104788	53.8366543
	-3.011136	53.8369716
	-3.0115359	53.8371798
	-3.0120253	53.8374346
	-3.0126083	53.8377674
	-3.012826	53.838057
	-3.0130693	53.8383138
	-3.0131802	53.8385883
	-3.0132843	53.8390118
	-3.0134491	53.8391196
	-3.0140722	53.8394243
	-3.014883	53.8400614
	-3.0155719	53.8406939
	-3.0169486	53.8404568
	-3.0173412	53.8403661
	-3.0174095	53.8401143
	-3.0174223	53.839787
	-3.0173583	53.8393161
	-3.0171193	53.8386034
	-3.0169059	53.8381753
	-3.0164921	53.8375023
	-3.0173258	53.837401
	-3.017287	53.837243
	-3.0178959	53.837237
	-3.0178933	53.8371781
	-3.019119	53.8370726
	-3.0193431	53.8379858
	-3.0193693	53.838924
	-3.0200034	53.8389903
	-3.0201532	53.8397266
	-3.0203644	53.8403934
	-3.0205405	53.8407183
	-3.0201652	53.8409076
	-3.0189076	53.8414588
	-3.0175648	53.8419441
	-3.0152352	53.8427584
	-3.0157785	53.8434003
	-3.0163869	53.8438264
	-3.0174571	53.8447384
	-3.0176478	53.8449479
	-3.0178186	53.8451887
	-3.0181115	53.8462718
	-3.0183606	53.8468017
	-3.018633	53.8470126
	-3.0184597	53.8470564
	-3.018071	53.8473112
	-3.0178855	53.8473747
	-3.0177824	53.8473968
	-3.0173778	53.8476068
	-3.0180195	53.8482557
	-3.0174485	53.8484479
	-3.0171862	53.8484877
	-3.0170663	53.8485529
	-3.0167216	53.8486932
	-3.0154626	53.8489972
	-3.0152307	53.8490034
	-3.0151539	53.8490721
	-3.0149658	53.8496754
	-3.0150876	53.8499271
	-3.0147432	53.8501756
	-3.0143484	53.8501912
	-3.014019	53.8503048
	-3.0145037	53.8507092
	-3.0145807	53.8506947
	-3.0150552	53.8515841
	-3.0151958	53.8519432
	-3.0162869	53.8534969
	-3.0177443	53.8555512
	-3.0195239	53.858177
	-3.0199197	53.858988
	-3.0199602	53.8591627
	-3.0200685	53.8593194
	-3.0201142	53.8593463
	-3.0201547	53.8593613
	-3.0202334	53.8593688
	-3.0203805	53.8593538
	-3.0204871	53.8593688
	-3.0205683	53.8593867
	-3.0206371	53.8594258
	-3.0214639	53.8601902
	-3.0220068	53.8607094
	-3.0223442	53.8611388
	-3.0224939	53.8613812
	-3.0225497	53.8615069
	-3.0226248	53.8617028
	-3.0227788	53.8623133
	-3.0228098	53.8624922
	-3.022873	53.8628974
	-3.0228889	53.8631001
	-3.0229088	53.8633069
	-3.0228667	53.8639281
	-3.0228281	53.8641434
	-3.0227894	53.8643007
	-3.0226911	53.8644498
	-3.0226034	53.8645409
	-3.0219271	53.8650443
	-3.0214256	53.8654912
	-3.0212161	53.8658288
	-3.0205678	53.8671195
	-3.020191	53.8678025
	-3.0197581	53.8685851
	-3.022641	53.8688504
	-3.0269049	53.8692255
	-3.0269002	53.8696247
	-3.0268321	53.8696994
	-3.0272585	53.8701033
	-3.0271445	53.8701513
	-3.0275678	53.8706053
	-3.0283255	53.8714231
	-3.029427	53.872624
	-3.0302697	53.8735877
	-3.031326	53.8747074
	-3.0332114	53.8748335
	-3.0353766	53.8749716
	-3.0408502	53.8753239
	-3.0429328	53.8754249
	-3.0473433	53.8756967
	-3.0476064	53.8757129
	-3.0479328	53.8757331
	-3.0549902	53.8759029
	-3.0550063	53.8756182
	-3.0550122	53.8752436
	-3.05501	53.8751594
	-3.054994	53.8746627
	-3.0549375	53.8742578
	-3.054768	53.8738749
	-3.05464	53.873643
	-3.0544805	53.8730741
	-3.0543336	53.8728461
	-3.054167	53.8726838
	-3.0539596	53.8725976
	-3.0537907	53.8725064
	-3.0539076	53.8724504
	-3.0542499	53.8723579
	-3.0544106	53.8722953
	-3.0545063	53.8722415
	-3.0545923	53.872177
	-3.0546624	53.8721045
	-3.0547129	53.8720316
	-3.0547408	53.8719707
	-3.0549665	53.8713022
	-3.0550862	53.8705948
	-3.0551814	53.8704505
	-3.0552436	53.8701523
	-3.055297	53.8699687
	-3.0554462	53.8697751
	-3.0557198	53.869166
	-3.0559901	53.8683816
	-3.0561016	53.8681538
	-3.0561688	53.8678377
	-3.0561823	53.8676736
	-3.0562253	53.8675576
	-3.0562811	53.8674477
	-3.0563461	53.867365
	-3.0566596	53.8671067
	-3.0567456	53.8670098
	-3.0568482	53.8668675
	-3.0569055	53.866775
	-3.0569206	53.8666843
	-3.0569055	53.8666042
	-3.0568919	53.866569
	-3.056844	53.8664809
	-3.0567906	53.8662627
	-3.0566701	53.8659508
	-3.0565389	53.8656242
	-3.0565665	53.8654159
	-3.0566009	53.8652869
	-3.0567467	53.8651212
	-3.0569056	53.8649627
	-3.0570186	53.8648696
	-3.0570933	53.8647897
	-3.0571519	53.8647036
	-3.0571861	53.8646162
	-3.0572021	53.8645439
	-3.0572031	53.8644609
	-3.0576056	53.8632922
	-3.0581295	53.8621086
	-3.0582024	53.8616802
	-3.0582115	53.8615348
	-3.0582959	53.8612137
	-3.0583412	53.8611363
	-3.0583826	53.8610879
	-3.0585161	53.8609616
	-3.0585614	53.8609077
	-3.0586058	53.8608326
	-3.0586443	53.8607503
	-3.0586669	53.8606598
	-3.0587831	53.8604326
	-3.0588879	53.8602761
	-3.0589663	53.8601871
	-3.059139	53.8600168
	-3.0594949	53.8597584
	-3.0595447	53.8597175
	-3.059599	53.8596517
	-3.0596404	53.8595907
	-3.0596781	53.8594836
	-3.0597359	53.8590765
	-3.0598575	53.858757
	-3.0599435	53.8584664
	-3.059985	53.8583508
	-3.0600544	53.8582356
	-3.0604637	53.8576102
	-3.0606258	53.8572605
	-3.0606855	53.8569964
	-3.060935	53.8562641
	-3.0609411	53.8561289
	-3.0609893	53.8560381
	-3.0610195	53.8559527
	-3.0609863	53.8558549
	-3.0608114	53.8556111
	-3.0608264	53.8555578
	-3.060929	53.855435
	-3.0610647	53.8553283
	-3.0611492	53.8552198
	-3.0611733	53.8551379
	-3.0611793	53.8550454
	-3.0611175	53.8545187
	-3.0611891	53.8538796
	-3.0614861	53.8532328
	-3.0617377	53.8528705
	-3.0620619	53.8520653
	-3.0622653	53.8515244
	-3.0622585	53.851331
	-3.0624743	53.8507656
	-3.062613	53.8505837
	-3.0626839	53.8504555
	-3.062744	53.8503237
	-3.0627671	53.8502264
	-3.0627902	53.8500919
	-3.0627902	53.8495109
	-3.0629734	53.8486611
	-3.0630867	53.8482496
	-3.0631172	53.8479925
	-3.0631129	53.8477816
	-3.0630824	53.8475424
	-3.0630475	53.8474061
	-3.0628906	53.8457757
	-3.0638583	53.8405161
	-3.0641547	53.8390963
	-3.0651312	53.8337356
	-3.0664215	53.8268511
	-3.0668051	53.825369
	-3.0680431	53.8182875
	-3.0747617	53.7816339
	-3.0762933	53.7737156
	-3.0764221	53.7731791
END
END
