3333168
1
	-0.5059486	51.9006044
	-0.5058395	51.9005087
	-0.5056018	51.9003668
	-0.5053149	51.9001543
	-0.5016378	51.8986281
	-0.4999217	51.8978647
	-0.4953034	51.8958525
	-0.4898009	51.8934712
	-0.4883771	51.8928496
	-0.4862946	51.8919407
	-0.4849214	51.8913341
	-0.4848689	51.8912975
	-0.4849313	51.8909971
	-0.4845192	51.890374
	-0.4843952	51.890216
	-0.4843427	51.8901335
	-0.4842535	51.8899345
	-0.4842202	51.8898433
	-0.4841639	51.8896186
	-0.4840579	51.8888818
	-0.4839706	51.888539
	-0.4839658	51.8882916
	-0.4814813	51.8884565
	-0.4804786	51.8884984
	-0.479788	51.8885102
	-0.4790557	51.888507
	-0.478819	51.8885022
	-0.4788162	51.8885012
	-0.4785824	51.8884964
	-0.4777392	51.888463
	-0.4773346	51.8884398
	-0.4765171	51.8883789
	-0.4760181	51.8883526
	-0.4757171	51.8883155
	-0.4757157	51.8883154
	-0.4751833	51.8882888
	-0.4747597	51.8882671
	-0.4738826	51.8882494
	-0.472465	51.8882742
	-0.4719416	51.8882836
	-0.4690955	51.8882664
	-0.4678793	51.888264
	-0.4676774	51.8882614
	-0.467172	51.888253
	-0.4667592	51.8882575
	-0.4666464	51.8881562
	-0.4665653	51.8881048
	-0.4663925	51.8881017
	-0.4649286	51.8871807
	-0.4640787	51.8867066
	-0.4631894	51.8863245
	-0.4621448	51.88581
	-0.4611345	51.885225
	-0.4607177	51.8849632
	-0.4605409	51.8848656
	-0.4602694	51.8847308
	-0.4592559	51.8842877
	-0.4590614	51.8841971
	-0.4586345	51.8839757
	-0.4583438	51.8838082
	-0.4573919	51.8833057
	-0.4564421	51.8828248
	-0.4556761	51.8824524
	-0.4555126	51.8823891
	-0.4554183	51.8823438
	-0.4553	51.8822784
	-0.4551719	51.8821994
	-0.4550187	51.8820922
	-0.4545876	51.8817817
	-0.4540101	51.8813362
	-0.4536697	51.8810934
	-0.4531076	51.8806679
	-0.4518724	51.8800394
	-0.4515914	51.8798882
	-0.4513175	51.8797398
	-0.4509228	51.8795152
	-0.4506113	51.8793214
	-0.4502331	51.8790404
	-0.4497014	51.8786171
	-0.4495789	51.8785022
	-0.4494276	51.8783392
	-0.4491178	51.8780969
	-0.4484752	51.8776028
	-0.4473398	51.876784
	-0.4447807	51.8748683
	-0.4442795	51.874448
	-0.443465	51.8737215
	-0.4425158	51.8728979
	-0.4416742	51.8721135
	-0.4400249	51.8704947
	-0.4393166	51.8698082
	-0.4382067	51.8686372
	-0.4378544	51.8681991
	-0.437379	51.8676263
	-0.4367699	51.8670122
	-0.4365114	51.8667615
	-0.4359662	51.8662309
	-0.4357651	51.8658748
	-0.4354871	51.8654306
	-0.4354247	51.8653443
	-0.4352064	51.8650663
	-0.4338416	51.8635051
	-0.4334688	51.8631171
	-0.4327249	51.8624148
	-0.4321119	51.8619175
	-0.4315574	51.8614911
	-0.4302429	51.8604539
	-0.42971	51.8601177
	-0.4295598	51.8600132
	-0.4294154	51.8599052
	-0.4293476	51.8598512
	-0.4290248	51.85957
	-0.4277302	51.8585492
	-0.4274035	51.8583389
	-0.4273723	51.8583178
	-0.4265468	51.8577547
	-0.4256904	51.8571192
	-0.4254318	51.8568748
	-0.4245516	51.8559647
	-0.4237089	51.8551073
	-0.4235132	51.8548889
	-0.4233865	51.8547757
	-0.4232459	51.8546866
	-0.4231902	51.8546589
	-0.4230742	51.8546133
	-0.4230096	51.8545926
	-0.4227993	51.8545439
	-0.4225264	51.854498
	-0.4222818	51.8544758
	-0.4220946	51.8544733
	-0.4219559	51.8544931
	-0.4218554	51.8545025
	-0.4217029	51.8545472
	-0.4215686	51.8546084
	-0.4214044	51.8546934
	-0.4213273	51.8547382
	-0.4210942	51.854887
	-0.4208334	51.8550777
	-0.4207138	51.8551741
	-0.4206165	51.8552601
	-0.4203381	51.8555369
	-0.4202337	51.8556578
	-0.4199424	51.8560576
	-0.4197468	51.8562501
	-0.4196712	51.856294
	-0.4196405	51.8563017
	-0.4196011	51.8563056
	-0.4193662	51.8562962
	-0.4193129	51.8563374
	-0.4192826	51.8563607
	-0.4192765	51.8563696
	-0.4195047	51.8564887
	-0.4187557	51.8571026
	-0.4185186	51.8572784
	-0.4183129	51.8574303
	-0.4173038	51.8582134
	-0.4160428	51.8593015
	-0.4154879	51.8590602
	-0.4153743	51.8591109
	-0.4150905	51.8591286
	-0.4148874	51.8589973
	-0.414442	51.8590273
	-0.4147319	51.8601983
	-0.4148167	51.8604719
	-0.4148931	51.8606527
	-0.4149502	51.8607641
	-0.4150148	51.8608702
	-0.4151409	51.8610409
	-0.4153831	51.8612978
	-0.4155632	51.861462
	-0.4160432	51.861856
	-0.4161504	51.861987
	-0.4150443	51.8623012
	-0.414656	51.8623993
	-0.4132123	51.8627324
	-0.4125674	51.8628603
	-0.4121621	51.8626975
	-0.411969	51.8625726
	-0.4118404	51.8625943
	-0.4113206	51.8622195
	-0.4110723	51.8619724
	-0.410844	51.8617751
	-0.4102178	51.8616588
	-0.4091463	51.8614869
	-0.4084097	51.8619472
	-0.4082594	51.8620495
	-0.4079563	51.8622855
	-0.4076131	51.8625839
	-0.4075534	51.8626298
	-0.4074372	51.8627146
	-0.4068003	51.8631456
	-0.4066422	51.8632649
	-0.4062135	51.8636017
	-0.4058031	51.8639935
	-0.4057177	51.8640679
	-0.4055025	51.8642403
	-0.4053179	51.8643664
	-0.405223	51.8644631
	-0.405177	51.8645317
	-0.4051417	51.8646257
	-0.4050206	51.8648488
	-0.4049961	51.8648845
	-0.4049131	51.8649724
	-0.4047577	51.8650943
	-0.4043362	51.8656362
	-0.4042971	51.8656762
	-0.4042417	51.8657213
	-0.4040516	51.8658401
	-0.4039754	51.8659011
	-0.4039289	51.8659427
	-0.4038481	51.8660495
	-0.4038436	51.8660548
	-0.4037591	51.8661436
	-0.4035805	51.8663894
	-0.4035307	51.8664417
	-0.4034066	51.8665417
	-0.4029398	51.8668446
	-0.4027286	51.8670252
	-0.4026847	51.8670768
	-0.4025916	51.8672436
	-0.4024939	51.8673367
	-0.4021158	51.8677191
	-0.4021143	51.8677191
	-0.4017286	51.8681095
	-0.4015901	51.8682884
	-0.4012654	51.8684341
	-0.4011238	51.8684547
	-0.4009464	51.8685431
	-0.4009181	51.8686434
	-0.4004196	51.8688569
	-0.3999024	51.8690225
	-0.3993714	51.8691709
	-0.3988014	51.8693106
	-0.3980019	51.8695326
	-0.3976211	51.8696596
	-0.3973689	51.8697694
	-0.3966028	51.8701933
	-0.396281	51.8703373
	-0.3961744	51.8703961
	-0.3958848	51.8705728
	-0.3957039	51.8705956
	-0.3955333	51.8705725
	-0.39534	51.8704953
	-0.395253	51.8704509
	-0.395059	51.8703494
	-0.3945978	51.8701246
	-0.3943101	51.8700056
	-0.3941279	51.8699419
	-0.3939397	51.8698827
	-0.3937815	51.8698392
	-0.3934589	51.8697629
	-0.3932091	51.869719
	-0.3931071	51.8697293
	-0.3928969	51.8697588
	-0.3926849	51.8697972
	-0.3924727	51.8698429
	-0.3922323	51.8699035
	-0.3919946	51.8699694
	-0.3917934	51.8700314
	-0.3914924	51.8701208
	-0.3912042	51.8702194
	-0.3910167	51.8703041
	-0.3908142	51.8704038
	-0.3905118	51.8705723
	-0.3901014	51.8708382
	-0.3899121	51.8709741
	-0.3897954	51.8710687
	-0.3896709	51.8711785
	-0.3895551	51.8712911
	-0.3894584	51.871395
	-0.3893219	51.8715559
	-0.388547	51.8718591
	-0.3880453	51.8716319
	-0.3877029	51.8714564
	-0.3875599	51.8713933
	-0.3874139	51.8713319
	-0.3870176	51.8712051
	-0.3867591	51.8711611
	-0.3858939	51.8710647
	-0.3854449	51.8709902
	-0.3846647	51.8708312
	-0.3842537	51.8707077
	-0.3841092	51.8706473
	-0.3836585	51.8705773
	-0.3834004	51.8705234
	-0.3829351	51.8704558
	-0.3826413	51.8704653
	-0.382248	51.8704167
	-0.3819539	51.8703938
	-0.3815749	51.8703499
	-0.3808529	51.8702321
	-0.3803508	51.8701775
	-0.3802345	51.8701795
	-0.3800823	51.870252
	-0.3786842	51.8701518
	-0.3776328	51.8707919
	-0.3774687	51.8708301
	-0.3767932	51.8703883
	-0.3760494	51.8698664
	-0.3756588	51.8701038
	-0.3757523	51.8701699
	-0.3753787	51.870421
	-0.3746077	51.8700488
	-0.3750221	51.8697956
	-0.3749028	51.8697211
	-0.3752048	51.8694816
	-0.3740848	51.8694041
	-0.3735698	51.8692252
	-0.3731434	51.8691267
	-0.3725247	51.8689635
	-0.3723072	51.8689146
	-0.3714521	51.8686196
	-0.3705627	51.8683528
	-0.3697799	51.8681073
	-0.3694459	51.8683481
	-0.3686403	51.8688953
	-0.3679175	51.8694014
	-0.3668161	51.8701325
	-0.3658088	51.8707542
	-0.3663423	51.8711438
	-0.3670163	51.8717457
	-0.3673066	51.8720311
	-0.367584	51.8723524
	-0.3677634	51.8725347
	-0.3683228	51.8730523
	-0.3663763	51.8734128
	-0.3632409	51.8739465
	-0.3631921	51.8739719
	-0.3631033	51.873977
	-0.3628956	51.8740164
	-0.3605845	51.8736938
	-0.3598197	51.8735932
	-0.3584091	51.8733136
	-0.358117	51.8731981
	-0.3580782	51.8731858
	-0.3580331	51.8731888
	-0.3576755	51.8732342
	-0.3568278	51.8736153
	-0.3565129	51.8736855
	-0.3552807	51.873894
	-0.3548583	51.8740068
	-0.3547961	51.8744357
	-0.3546391	51.8751564
	-0.3542962	51.8754358
	-0.3541503	51.8755327
	-0.3539442	51.8755657
	-0.3518957	51.87593
	-0.3508168	51.8761145
	-0.3508475	51.8763469
	-0.3506871	51.8765623
	-0.3505908	51.8767309
	-0.3504989	51.8769004
	-0.3504632	51.877042
	-0.3504304	51.8771845
	-0.3503791	51.8776352
	-0.3504358	51.877752
	-0.3503868	51.8778601
	-0.3503397	51.8778774
	-0.3502824	51.878132
	-0.350333	51.8781408
	-0.3502909	51.8782166
	-0.3502115	51.8782452
	-0.3499231	51.8787006
	-0.3508112	51.8787283
	-0.3526973	51.8788006
	-0.353019	51.8789022
	-0.3526344	51.8791702
	-0.3520029	51.8795939
	-0.3522208	51.8801112
	-0.3525011	51.8808282
	-0.3526143	51.8810699
	-0.3527289	51.8813125
	-0.3536079	51.8830629
	-0.3537464	51.8832905
	-0.3538892	51.8835164
	-0.3542446	51.8840096
	-0.3546699	51.8845398
	-0.3549752	51.8848534
	-0.3550228	51.884943
	-0.3551564	51.8851032
	-0.3559063	51.8854994
	-0.3560308	51.8856297
	-0.3569804	51.8860494
	-0.3577175	51.8864364
	-0.3578575	51.8865814
	-0.3580202	51.8867824
	-0.3583625	51.8873986
	-0.358185	51.8875633
	-0.3583101	51.8877602
	-0.3585371	51.8882696
	-0.3588796	51.8887986
	-0.3589633	51.8888951
	-0.3591143	51.8890995
	-0.3592721	51.8892357
	-0.3595318	51.8894065
	-0.3597805	51.8895997
	-0.3602413	51.8899955
	-0.3603558	51.8901239
	-0.3608184	51.8908281
	-0.3609384	51.8909251
	-0.3612514	51.8911488
	-0.3615876	51.8913369
	-0.3621547	51.891807
	-0.3625982	51.892198
	-0.3631905	51.8927754
	-0.3634506	51.8930164
	-0.3641101	51.8935453
	-0.3646558	51.894007
	-0.3651585	51.8943701
	-0.3653491	51.8944446
	-0.3657012	51.8943938
	-0.3667655	51.8943825
	-0.3670486	51.8943487
	-0.3675901	51.8943652
	-0.3681161	51.8944893
	-0.3684699	51.8945527
	-0.3696136	51.894716
	-0.3698547	51.8947185
	-0.3705301	51.8948114
	-0.371442	51.8947926
	-0.3715303	51.8947614
	-0.3719607	51.8947152
	-0.3726236	51.8948332
	-0.3727721	51.8948649
	-0.3728433	51.8948795
	-0.3731363	51.8949608
	-0.3734422	51.8950639
	-0.3736069	51.8951318
	-0.3737183	51.8951855
	-0.3739334	51.8953063
	-0.3742072	51.8955304
	-0.3746557	51.8958702
	-0.3750555	51.8961877
	-0.3752381	51.8963647
	-0.3754079	51.8965738
	-0.37571	51.8968603
	-0.3760242	51.8970966
	-0.3764125	51.8974113
	-0.3766466	51.8977319
	-0.3767992	51.8978518
	-0.3773258	51.8982431
	-0.377514	51.8984255
	-0.3776018	51.8985697
	-0.3776329	51.8994018
	-0.3776864	51.8996525
	-0.3778638	51.9002565
	-0.3776794	51.9004104
	-0.377624	51.9004978
	-0.3776828	51.9006002
	-0.3777502	51.900665
	-0.3778248	51.9007325
	-0.3782047	51.9010408
	-0.3784227	51.9016058
	-0.3784143	51.901638
	-0.3784025	51.9016846
	-0.3782568	51.9022572
	-0.3783818	51.902338
	-0.3783875	51.902705
	-0.3784996	51.9035095
	-0.3785599	51.9038106
	-0.3786212	51.903967
	-0.3786639	51.9040324
	-0.3787095	51.9040986
	-0.3789786	51.9043766
	-0.3790772	51.9045857
	-0.3791512	51.9046685
	-0.3793688	51.9047614
	-0.3794673	51.9048122
	-0.3795555	51.9048647
	-0.3797115	51.9049738
	-0.380233	51.9057516
	-0.3807063	51.9065377
	-0.380908	51.9068291
	-0.3818238	51.9076806
	-0.3820575	51.9079347
	-0.3822897	51.9081888
	-0.3839057	51.9101891
	-0.3849467	51.9112015
	-0.3849764	51.9112658
	-0.3850123	51.9113571
	-0.3850616	51.9116446
	-0.3850673	51.9117967
	-0.3850846	51.9122608
	-0.385187	51.9124466
	-0.3855168	51.9131021
	-0.3855362	51.9136544
	-0.3856879	51.9141286
	-0.3857712	51.9145604
	-0.3857598	51.9150431
	-0.3856412	51.9156727
	-0.3860993	51.91567
	-0.3866376	51.9156207
	-0.386832	51.9159174
	-0.3871533	51.9158778
	-0.3872443	51.9159366
	-0.3887563	51.9155751
	-0.3896089	51.9153962
	-0.3901435	51.9152479
	-0.3910374	51.9149724
	-0.3917824	51.9147533
	-0.3930336	51.9144044
	-0.3937595	51.9154547
	-0.3947003	51.9152086
	-0.3951039	51.915063
	-0.3965321	51.9146032
	-0.3979279	51.9141142
	-0.401246	51.9130452
	-0.4013452	51.9126671
	-0.4022871	51.910093
	-0.4024626	51.9096953
	-0.403372	51.9098776
	-0.4043684	51.9100682
	-0.404846	51.9101691
	-0.4066927	51.9105718
	-0.4071002	51.910642
	-0.4072261	51.910659
	-0.4074175	51.9106724
	-0.4075858	51.9106837
	-0.4106278	51.9110377
	-0.4147848	51.9115226
	-0.4153336	51.9116685
	-0.4161991	51.9119445
	-0.4168504	51.9121925
	-0.4183655	51.9127703
	-0.4188471	51.9123865
	-0.4189479	51.9123321
	-0.4190082	51.9123123
	-0.4190916	51.9122954
	-0.419387	51.9129108
	-0.419527	51.9131069
	-0.4198082	51.9135018
	-0.4199967	51.9136824
	-0.4201356	51.9138263
	-0.4202699	51.9139783
	-0.4203759	51.9141065
	-0.420448	51.9142046
	-0.420484	51.9142572
	-0.4207476	51.9147831
	-0.420951	51.9152444
	-0.4210205	51.915418
	-0.4210545	51.9155264
	-0.4210846	51.9156617
	-0.4211046	51.9157977
	-0.4211147	51.9159669
	-0.4211007	51.9161996
	-0.4210972	51.9163812
	-0.4211041	51.9166938
	-0.4211096	51.9169397
	-0.4211447	51.9172243
	-0.421193	51.9174586
	-0.4212031	51.9175074
	-0.4212681	51.9177277
	-0.4212862	51.91779
	-0.4213784	51.9181077
	-0.4215484	51.9185236
	-0.4216141	51.9186828
	-0.42183	51.9191613
	-0.4221229	51.9198468
	-0.4221262	51.9200869
	-0.4224857	51.920161
	-0.4223919	51.9205113
	-0.422381	51.9211963
	-0.4223447	51.9217335
	-0.4222534	51.9225146
	-0.4222199	51.9228873
	-0.4222225	51.9233126
	-0.42221	51.9234608
	-0.422157	51.9237289
	-0.4221157	51.9238696
	-0.4220657	51.9240101
	-0.4218462	51.9245466
	-0.4217402	51.9250802
	-0.4217092	51.9256723
	-0.423916	51.9262809
	-0.4242925	51.9262024
	-0.4246333	51.9263121
	-0.4250193	51.9263793
	-0.4258108	51.9266192
	-0.4260661	51.9266802
	-0.4263396	51.9267189
	-0.4268863	51.9267649
	-0.4279884	51.9268147
	-0.4292061	51.9268876
	-0.4302321	51.9269102
	-0.4308386	51.9269102
	-0.4311147	51.9269166
	-0.4311466	51.9269179
	-0.4313979	51.9269276
	-0.4315822	51.9269399
	-0.4317617	51.9269621
	-0.4319974	51.9270021
	-0.432237	51.9270538
	-0.4331247	51.9272068
	-0.4333069	51.9272353
	-0.4345235	51.9274233
	-0.4355286	51.9275877
	-0.4361341	51.9276578
	-0.4371255	51.9277159
	-0.4378431	51.9277389
	-0.4383089	51.9273935
	-0.4384918	51.9272782
	-0.4385486	51.9272339
	-0.4385997	51.927187
	-0.4386874	51.9270901
	-0.4387423	51.9270171
	-0.4387599	51.9269706
	-0.4387599	51.9269283
	-0.4385098	51.9260456
	-0.4394146	51.9259578
	-0.4397583	51.9261117
	-0.4398407	51.9262099
	-0.4404636	51.9261974
	-0.4405622	51.9262041
	-0.4406841	51.9261698
	-0.4413881	51.9261683
	-0.4418686	51.9261108
	-0.4427098	51.9259259
	-0.4448455	51.9256503
	-0.4459663	51.9256237
	-0.4462884	51.9256019
	-0.4465308	51.9255745
	-0.4472981	51.9254219
	-0.447962	51.9253182
	-0.4488138	51.9251182
	-0.449121	51.9250665
	-0.4493128	51.9250294
	-0.4495314	51.924973
	-0.449851	51.9248585
	-0.4501348	51.9247669
	-0.4503268	51.9247227
	-0.4504218	51.9247105
	-0.4505806	51.9247009
	-0.4510543	51.9247143
	-0.4511357	51.9247585
	-0.4518835	51.9247477
	-0.453132	51.924729
	-0.454814	51.9246603
	-0.4550689	51.9246492
	-0.4564879	51.924577
	-0.4564545	51.9244912
	-0.4567665	51.9244242
	-0.4570728	51.924315
	-0.4573755	51.9242218
	-0.4578139	51.9241188
	-0.4580366	51.9240722
	-0.4587172	51.9239427
	-0.4593986	51.9238356
	-0.4600954	51.9237449
	-0.4615329	51.9235965
	-0.4619599	51.9235706
	-0.4624144	51.9235891
	-0.4624667	51.9235907
	-0.463171	51.9236637
	-0.463485	51.9237101
	-0.463799	51.9237564
	-0.4646238	51.9239192
	-0.4658554	51.9240953
	-0.4662791	51.9240819
	-0.4669502	51.9241023
	-0.467951	51.9240965
	-0.4683535	51.9241053
	-0.4687473	51.9241149
	-0.469233	51.9241581
	-0.4697849	51.9241806
	-0.4704675	51.9241625
	-0.471132	51.9241226
	-0.4716705	51.9241107
	-0.4726796	51.9240734
	-0.4732424	51.9239027
	-0.4739827	51.9237298
	-0.4745165	51.923725
	-0.474518	51.923725
	-0.4753139	51.9236688
	-0.4757776	51.9236766
	-0.4779623	51.9231905
	-0.4792989	51.9229291
	-0.4793366	51.9228037
	-0.4795823	51.9227601
	-0.4809705	51.9225191
	-0.4821335	51.9223587
	-0.4823043	51.9223402
	-0.4825419	51.9223217
	-0.4827794	51.9223104
	-0.4829539	51.9223082
	-0.4832155	51.9223142
	-0.4834943	51.9223259
	-0.4837119	51.9223422
	-0.4840554	51.9223763
	-0.4844215	51.9224287
	-0.4851646	51.9226037
	-0.4857273	51.9226927
	-0.4865981	51.9221393
	-0.4852443	51.9213585
	-0.4837344	51.9204219
	-0.4818697	51.9193171
	-0.480598	51.9185634
	-0.4789176	51.9175589
	-0.4785228	51.9173227
	-0.4788315	51.9168807
	-0.479765	51.9155449
	-0.4810522	51.9137228
	-0.4813772	51.913183
	-0.4814738	51.913034
	-0.4815558	51.9129299
	-0.4815882	51.9128755
	-0.4816187	51.9127895
	-0.481749	51.911857
	-0.4820274	51.9096801
	-0.4820988	51.9089878
	-0.4821173	51.9088784
	-0.4823021	51.9077865
	-0.4849746	51.9069919
	-0.4865359	51.9065165
	-0.4890606	51.9057487
	-0.490773	51.9052276
	-0.4910897	51.9055383
	-0.4912323	51.9057091
	-0.4912891	51.9057908
	-0.4914101	51.9059973
	-0.4915462	51.9063183
	-0.4933911	51.9061405
	-0.4940724	51.9060665
	-0.4940958	51.9060641
	-0.4946252	51.9057652
	-0.495533	51.9052527
	-0.4963212	51.9048077
	-0.4972332	51.9042663
	-0.4973064	51.9042317
	-0.497696	51.9040195
	-0.4977558	51.9039904
	-0.4978155	51.9039612
	-0.4979882	51.9038893
	-0.4987111	51.9035811
	-0.5018306	51.9023126
	-0.503049	51.9018246
	-0.5049395	51.9010511
	-0.5059486	51.9006044
END
END
